44.51659780791023,46.57827480279886,48.583507926071825,50.55087589738301,52.49949493684608,54.44877542567329,56.41829295653616,58.4277182475532,60.496778120512374,62.62541405050537,64.73430705045666,66.72432580306281,68.49634737807179,69.99303830401018,71.324199675636,72.6414195919632,74.0962885929895,75.7742654043046,77.49627646146601,79.0427017947354,80.29627160794945,81.15757309855859,81.49627031385845,81.20463238357758,80.29627160794945,78.83031952798291,76.92664086811405,74.72028429725589,72.34629968149102,69.91819802524967,67.46333150609664,64.98751846125501,62.496589224623364,59.99639541967909,57.492826216499665,54.991836483410225,52.49949493684608
45.51584452205523,47.57910427664967,49.58530049020182,51.55326623384833,53.50226237533241,55.45178367877833,57.42145619279728,59.43098152721285,61.50010584523339,63.628782688753034,65.7377005692779,67.72773395206502,69.49976395991663,70.99645976495171,72.32762426695487,73.64484646661673,75.09971730205125,76.77769559072087,78.49970767324722,80.046133637765,81.29970382100714,82.16100551054737,82.4997027938862,82.20806480534023,81.29970382100714,79.8337512970454,77.9300717845766,75.72371362327476,73.34972610301237,70.92161928007684,68.46674359349319,65.99091423424017,63.49995591549417,60.99971024934733,58.49604865297255,55.99489470188418,53.50226237533241
46.51595205529267,48.58046981050785,50.58743109978505,52.555871558702336,54.50516711190916,56.45487959311214,58.424675135003966,60.43427988113501,62.50345535214625,64.63216466989539,66.74110229857068,68.73114729349595,70.5031839945571,71.99988367215666,73.3310506587525,74.64827467070396,76.10314696211256,77.78112642336112,79.50313931972106,81.0495657852614,82.30313626219518,83.16443810962721,83.5031354469686,83.21149741217755,82.30313626219518,80.83718338583401,78.93350319665569,76.72714377301618,74.3531539474474,71.92504302368789,69.47016006085971,66.99431775269261,64.5033363509606,62.00304952097639,59.49931458708568,56.99803028031138,54.50516711190916
47.516743882231566,49.582261226225995,51.58983017938371,53.55864758590084,55.50818084893726,57.45804509516586,59.427938295472615,61.437606075271276,63.50682214827245,65.63555724155403,67.74451054461511,69.73456475619864,71.50660676970026,73.00330952097067,74.3344784795957,75.65170392996595,77.10657737698403,78.7845577689103,80.50657131121093,82.05299817441332,83.30656888445047,84.16787085720131,84.50656823740461,84.2149301659088,83.30656888445047,81.84061572838954,79.93693500210614,77.73057457654755,75.3565829212526,72.92846874265683,70.473580004638,67.99772741881199,65.506727695789,63.0064081930541,60.50261504799579,58.001227267906444,55.50818084893726
48.51807950332421,50.58439092369595,52.59244244664494,54.561559141206004,56.51128111662301,58.46126583593309,60.43123655478615,62.44095436730484,64.51020266728246,66.63895821907084,68.74792396306927,70.73798548998118,72.51003171999255,74.00673691084623,75.33790743467605,76.6551340267223,78.11000839094956,79.78798952155594,81.51000357654038,83.05643075536756,84.31000165041897,85.17130372263549,85.51000113685829,85.21836303622989,84.31000165041897,82.84404827236014,80.94036711977594,78.73400589899298,76.36001279144133,73.93189602947396,71.47700270766342,69.00114196439176,66.5101276995534,64.00978226381451,61.505942914541976,59.004473001366335,56.51128111662301
49.51984715682919,51.58678927896004,53.59522398591261,55.564578291436504,57.51445007441288,59.464530424046075,61.434562673827315,63.444320199147114,65.5135940784209,67.64236586842242,69.75134148690589,71.74140882003672,73.51345839670859,75.01016552386648,76.34133729000283,77.65856478819933,79.11343988041682,80.7914215973145,82.51343605921659,84.05986348855537,85.31343453045278,86.17473668161522,86.51343412283934,86.22179599908839,85.31343453045278,83.84748097619405,81.94379948525454,79.73743763330113,77.36344337309131,74.93532456069653,72.48042760071559,70.0045603828357,67.51353457602669,65.01316855685548,62.50929253402646,60.00775742783196,57.51445007441288
50.521957981329564,52.58940097107077,54.598139917332844,56.56768285632367,58.51767355830117,60.46782981656099,62.43791090625524,64.44769995278324,66.51699413481651,68.6457788132762,70.75476226921076,72.74483421076513,74.5168864436923,76.01359510769952,77.34476785985683,78.66199607726617,80.11687174729045,81.7948539295281,83.51686871440103,85.0632963425711,86.31686750102025,87.17816971484217,87.51686717749723,87.22522903539391,86.31686750102025,84.85091380691154,82.94723204741916,80.7408696945052,78.36687451942916,75.93875407960651,73.48385423199994,71.00798187519536,68.51694690743994,66.01656455093979,63.51265941950393,61.01107256709062,58.51767355830117
51.62434134898103,53.69218205368631,55.70116254163369,57.67085522527074,59.62094032382072,61.57115683507463,63.541276690786816,65.55109075643071,67.62040105306379,69.7491959612128,71.8581856377787,73.84826123705673,75.6203155782609,77.11702546206845,78.44819899683222,79.7654277850817,81.22030391371183,82.89828646529025,84.62030150650546,86.16672929248806,87.4203005434444,88.28160280699917,88.62030028666399,88.32866212999437,87.4203005434444,85.95434673833665,84.05066476569368,81.84430201516687,79.47030611396052,77.04218438244592,74.5872822429244,72.11140580733701,69.62036356848435,67.11996824488148,64.616040009434,62.11441208445379,59.62094032382072
52.62694114029246,54.69509762256391,56.70426986436205,58.67408141689003,60.62424144466402,62.574505781445794,64.54465640687137,66.55449033065199,68.62381341763347,70.75261644516365,72.86161105907456,74.8516895614995,76.62374557604784,78.12045642801301,79.45163058393257,80.76885982525855,82.2237363178846,83.90171916260911,85.62373440728334,87.17016231852185,88.42373364290123,89.28503594592897,89.62373343909447,89.33209527086355,88.42373364290123,86.95777974969349,85.0540976078727,82.8477345417603,80.4737380642236,78.04561530749143,75.5907113488727,73.11483167594338,70.623783665986,68.1233780502885,65.61943147686299,63.117770951578336,60.62424144466402
53.629712774008,55.69811995905292,57.70744442250512,59.67735033172217,61.627569835028225,63.57787213265435,65.54804718071347,67.55789686619198,69.62723010499434,71.75603957692664,73.86503810962762,75.85511891628795,77.62717625897272,79.123887879366,80.45506252829765,81.77229212923092,83.22716891076082,84.90515198815564,86.62716739431544,88.17359540496963,89.42716678762491,90.2884691219824,90.62716662586338,90.33552844845627,89.42716678762491,87.96121282449214,86.05753054839485,83.8511672318019,81.4771702968313,79.04904672638278,76.59414132394363,74.11825908152818,71.62720649102235,69.12679270642198,66.62283157793718,64.12114517715231,61.627569835028225
54.632620841253384,56.70122705330613,58.71067235187695,60.680653158592605,62.630919870285396,64.5812522985232,66.55144673127782,68.56130892700332,70.63065022338355,72.75946481026946,74.86846645332679,76.85854908886381,78.63060748569261,80.12731971598824,81.45849475622411,82.77572464257801,84.23060165341118,85.90858491547652,87.63060044980755,89.17702853936802,90.43059996827694,91.29190232750085,91.63059983988673,91.33896165519647,90.43059996827694,88.96464594964462,87.06096356697199,84.85460005157248,82.48060275353622,80.0524785372402,77.59757198883881,75.12168770701692,72.6306314809151,70.13021121261316,67.62623853164638,65.12453159307186,62.630919870285396
55.63563722241037,57.70440143008392,59.71394264608165,61.68398290310488,63.63428708577325,65.5846434293672,67.554853248041,69.56472537326897,71.63407306499846,73.76289171164365,75.87189582339906,77.86197991051891,79.63403914402329,81.1307518583991,82.46192720921351,83.77915732210599,85.23403451493732,86.91201792357583,88.6340335596364,90.18046171182488,91.4340331774453,92.29533555640572,92.63403307554191,92.342394885071,91.4340331774453,89.96807911476299,88.06439664750143,85.85803297430898,83.48403538810726,81.05591065920149,78.60100320124849,76.12511730074618,73.63405818906213,71.13363277461828,68.6296509243625,66.12792768468688,63.63428708577325
56.73873958910515,58.807629215490635,60.81724656783487,62.787334013196386,64.73766793763991,66.68804326328912,68.65826529394906,70.66814530029943,72.73749806804965,74.86631993693914,76.97532600810574,78.96541124734917,80.73747114492394,82.23418424351468,83.56535984083553,84.88259013353188,86.33746747081528,88.01545099578901,89.73746671259241,91.28389491448873,92.53746640924712,93.3987688038724,93.73746632836634,93.44582813330733,92.53746640924712,91.07151231160228,89.16782977720243,86.96146597876967,84.58746816385079,82.15934302808623,79.70443484822113,77.22854766296979,74.73748626099272,72.23705676203781,69.73306763406345,67.23133145603994,64.73766793763991
57.741910213108056,59.81089939542046,61.82057718140284,63.79070208180998,65.74105961297262,67.69145000495647,69.66168172838582,71.67156799003197,73.74092478664065,75.86974921303417,77.9787568393891,79.9688429930746,81.74090341772278,83.23761682126523,84.56879261423848,85.88602304964525,87.34090050158034,89.01888411888939,90.74089989977841,92.28732814112789,93.54089965901308,94.4022020660716,94.74089959481799,94.44926139611741,93.54089965901308,92.07494553361849,90.17126294593095,87.96489904809488,85.59090105164303,83.16277559295432,80.70786684010692,78.23197863514865,75.74091541536171,73.24048267451846,70.73648777018406,68.23474132288915,65.74105961297262
58.84513501961449,60.914203226467535,62.923928981293656,64.89408361082133,66.84445987906297,68.79486222937302,70.76510164602763,72.77499287253352,74.84435286686058,76.9731793231509,79.0821881838613,81.07227506334056,82.84433590632739,84.34104955191029,85.67222550017291,86.98945604884909,88.4443335917833,90.12231728237896,91.8443331141328,93.39076138679627,94.64433292303721,95.50563533996399,95.84433287208553,95.55269467049463,94.64433292303721,93.1783787756176,91.2746961456356,89.06833216890303,86.69433402836839,84.26620831337458,81.8112991057506,79.33541009144976,76.84434542886424,74.34391011492642,71.8399106258725,69.3381560277898,66.84445987906297
59.948402834987434,62.01753376803815,64.02729759741986,65.9974758236157,67.94786696374734,69.89827880549336,71.86852432830835,73.87841949544384,75.94778202780884,78.07661009523213,80.18561993565216,82.17570739119468,83.94776856621726,85.44448240390784,86.77565847542381,88.09288911400195,89.54776672916223,91.22575047792553,92.94776635005076,94.49419464756816,95.74776619837809,96.6090686231373,96.94776615793772,96.65612795405278,95.74776619837809,94.28181203347722,92.37812936992609,90.17176533057332,87.79776707568007,85.3696411572567,82.9147315886762,80.43884193199936,77.94777612426265,75.44733876805437,72.94333564009389,70.44157457268781,67.94786696374734
61.05170478915707,63.120885510782216,65.13067956100392,67.10087651629695,69.05127946041966,71.00169883559022,72.97194920489537,74.98184749972181,77.05121204653338,79.18004139271552,81.28905201073226,83.27913992349673,85.05120136205636,86.54791535222294,87.87909152156514,89.19632223149856,90.6511999039847,92.32918369891567,94.05119960308372,95.59762792032771,96.85119948270106,97.71250191367686,98.05119945060349,97.75956124489778,96.85119948270106,95.38524530392529,93.48156261373029,91.27519852467587,88.9012001790161,86.47307409913057,84.01816424405862,81.54227407752737,79.05120736088276,76.55076838372094,74.04676236755068,71.54499616541474,69.05127946041966
62.15503384096883,64.22425408154945,66.23407211872622,68.20428393957135,70.1546962526314,72.1051216071271,74.07537582311127,76.08527660039472,78.15464274607646,80.28347310721128,82.39248434240734,84.38257261806928,86.15463426579845,87.65134837698534,88.9825246239723,90.29975539054041,91.75463310852614,93.43261694010042,95.15463286970088,96.70106120260185,97.95463277415307,98.81593521006302,99.15463274867724,98.86299454152633,97.95463277415307,96.48867858436482,94.58499587302258,92.37863174451991,90.00463332681872,87.57650711878058,85.12159703632015,82.64570646511702,80.15463902707125,77.65419876335622,75.15019045480747,72.64842017721833,70.1546962526314
63.358384401239945,65.42763600913112,67.43747308518158,69.40769670498565,71.35811645424133,73.30854655455711,75.27880382366331,77.28870657127864,79.35807398598624,81.48690515269024,83.59591687774213,85.58600544143607,87.35806725518327,88.85478146242403,90.18595777103768,91.50318858255679,92.95806633665556,94.63605019731366,96.3580661470998,97.90449449242777,99.15806607126349,100.01936851108965,100.3580660510433,100.06642784274538,99.15806607126349,97.69211187273459,95.78842914460778,93.58206498479501,91.20806650991452,88.77994020016155,86.32502993722275,83.84913904483125,81.3580710342087,78.85762974935471,76.35361962134087,73.85184610905269,71.35811645424133
65.05233190520998,67.14456274626146,69.189477379227,71.20635663283826,73.21382702041487,75.2290447668926,77.2669645286133,79.3399506007063,81.45807994581665,83.614738662707,85.74202181046614,87.75872306159269,89.58634207135559,91.18718580299392,92.66537547259091,94.15167665769604,95.76221319059641,97.5457773111373,99.33606733170137,100.95408949794756,102.36112373973694,103.50748825834205,104.0470388370939,103.61637649832073,102.36112373973694,100.53668757534369,98.3294806901558,95.89261025873091,93.3617611472456,90.8403729777556,88.33346187310275,85.82987198045001,83.32365295227999,80.81102806144114,78.28920062112006,75.7565354827343,73.21382702041487
64.13215711004955,66.2014134517607,68.21125340105712,70.18147880149031,72.13189967296981,74.08233048949369,76.05258821935662,78.06249126432105,80.13185887054132,82.26069015881626,84.3697019577938,86.35979056495555,88.131852403757,89.62856662549355,90.95974294340746,92.27697376171028,93.73185152125899,95.40983538630621,97.13185133913866,98.678279686342,99.93185126627705,100.7931537066942,101.13185124685,100.84021303837898,99.93185126627705,98.46589706642905,96.56221433576924,94.35585017123138,91.98185168772176,89.55372536261874,87.09881507244336,84.62292413158036,82.13185603454849,79.63141459559125,77.1274041929962,74.62563019254901,72.13189967296981
62.725470162464546,64.79465839804625,66.80445700906678,68.77465679085606,70.72506151636743,72.67548202843506,74.64573312914081,76.65563189597742,78.72499674679557,80.8538262859592,82.96283702132547,84.95292500309074,86.72498648142152,88.22170049459872,89.5528766787042,90.87010739940602,92.3249850805434,94.00296888244168,95.72498479144541,97.27141311166636,98.5249846757848,99.38628710769878,99.72498464494629,99.43334643896577,98.5249846757848,97.05903049491513,95.15534780069925,92.94898370414418,90.57498534478657,88.1468592405343,85.69194934222705,83.2160590987521,80.72499224494138,78.22455302315635,75.72054657111704,73.21877959408158,70.72506151636743
61.708911753541784,63.7855982744171,65.80676000357623,67.79210659621918,69.76114976839489,71.73291941909136,73.72568657703664,75.75678480716698,77.84267550256538,79.98099143869683,82.09625251113908,84.09547326414801,85.88671717697558,87.41981748745522,88.8033353488312,90.18217868065403,91.6951359576743,93.41325935778713,95.16155449525132,96.73581325194577,98.0499876100201,99.02731990453074,99.45049587655416,99.10014331940064,98.0499876100201,96.4444804226454,94.42809106727492,92.1394161082321,89.71100424788412,87.25113004045829,84.77871229404428,82.29355189211606,79.79742918187793,77.29293026479304,74.78299906245574,72.27099774803906,69.76114976839489
60.912474840217115,62.981383395265794,64.99101223808661,66.96110680498286,68.91144521792785,70.86182340824912,72.83204728187023,74.84192847759012,76.91128201138025,79.04010436654922,81.14911073341682,83.13919614653085,84.91125614432252,86.40796930089633,87.73914493541822,89.0563752552493,90.51125261433239,92.18923615686262,93.91125188585116,95.45768009524903,96.71125159440471,97.57255399139405,97.91125151669654,97.61961332094513,96.71125159440471,95.2452974914836,93.3416149469517,91.13525112961855,88.7612532801833,86.33312808301841,83.87821979420734,81.4023324150705,78.91127066745803,76.410840552096,73.90685032581527,71.40511219521456,68.91144521792785
44.475702577843855,46.537306702718205,48.54249547186569,50.509835908215564,52.458437575331146,54.407706969477516,56.3772173596999,58.386638041210304,60.455694944799916,62.58432898963804,64.6932208431688,66.68323892165789,68.45526010810443,69.95195080922696,71.28311203661312,72.60033184773013,74.05520076423159,75.73317750747391,77.45518851738909,79.00161382157214,80.25518361773621,81.1164850991791,81.45518231134389,81.16354438374773,80.25518361773621,78.78923155822788,76.88555293764466,74.67919644007014,72.30521195813711,69.87711053996364,67.42224444322133,64.94643215010186,62.45550425348489,59.95531283812255,57.451747892022894,54.95076572515639,52.458437575331146
45.47490966345552,47.538111490150136,49.544272465222704,51.51221634078256,53.461198688373,55.41071118374208,57.38037802931936,59.389899704794544,61.459021665874616,63.58769701308688,65.69661398367519,67.6866468314072,69.4586765308536,70.95537215745102,72.28653654497055,73.60375866112673,75.05862942947365,76.73660766411379,78.45861970914075,80.00504565057264,81.25861582028222,82.1199175025472,82.4586147833977,82.1669767969826,81.25861582028222,79.79266331255816,77.88898383127048,75.68262572813396,73.30863831409425,70.88053168011413,68.42565632880066,65.94982756619802,63.45887031104803,60.95862654159487,58.454968324324,55.95382037936494,53.461198688373
46.47498568879261,48.53945740919676,50.54639070785653,52.514813801503976,54.464098403053555,56.41380389188055,58.38359493415287,60.39319677594629,62.462370376157935,64.59107850625001,66.70001541269431,68.69005998294098,70.46209643921887,71.95879597519163,73.28996287092141,74.60718681659418,76.06205905475522,77.7400384731205,79.4620513397171,81.00847778693415,82.26204825312713,83.12335009478477,83.46204743015122,83.17040939705143,82.26204825312713,80.79609538965383,78.89241522522397,76.68605584775038,74.31206610649073,71.8839553327058,69.42907263598335,66.9532308013831,64.46225024384393,61.961964919317694,59.45823266758575,56.95695312839244,54.464098403053555
47.475752473346596,49.54123324326161,51.54877996649262,53.51758358479114,55.46710815332558,57.41696684881899,59.38685647741349,61.39652195188998,63.4657365399769,65.59447069059101,67.70342342040826,69.69347729492098,71.46551911413681,72.96222175299748,74.29339063950187,75.61061603726657,77.06548944202197,78.74346979991171,80.46548331858915,82.01191016724835,83.26548086876048,84.1267828369282,84.46548021556396,84.17384214541052,83.26548086876048,81.79952772292866,79.89584701628814,77.68948662737151,75.31549503899286,72.88738097943232,70.43249245262277,67.95664024267025,65.46564118969373,62.96532288187382,60.46153186574854,57.96014787001397,55.46710815332558
48.477068196480744,50.54335056513465,52.55138443550416,54.520490182948535,56.47020525616989,58.420185569302376,60.39015345305755,62.39986943574763,64.46911655711042,66.59787136068843,68.70683664969744,70.69689790907404,72.46894398487993,73.96564908651364,75.29681955310112,76.61404610339424,78.06892043407755,79.74690153766912,81.46891557390379,83.01534274118802,84.26891362947313,85.13021569805201,85.46891311103066,85.17727501146769,84.26891362947313,82.80296025953317,80.89927912253955,78.69291793083931,76.31892487639928,73.89080820891041,71.43591505473745,68.96005460979877,66.46904087678308,63.96869638946917,61.46485872999628,58.96339182066865,56.47020525616989
49.47882004320931,51.5457390925652,53.55415978318763,55.52350539783623,57.47337170167626,59.42344855377354,61.393478553192466,63.40323462611764,65.47250756990053,67.60127876603778,69.71025402339248,71.7003211441791,73.47237059845753,74.96907765480132,76.30024937550431,77.6174768405613,79.07235190615489,80.75033360161086,82.47234804863125,84.0187754688084,85.27234650533538,86.13364865361065,86.47234609384728,86.18070797094194,85.27234650533538,83.80639295752059,81.90271147895533,79.69634965008493,77.32235543202987,74.89423669462283,72.43933986769633,69.96347288660479,67.47244750190774,64.9720822355147,62.46820755392115,59.96667483201068,57.47337170167626
50.48091831318679,52.5483429809681,54.55707079901478,56.52660683870286,58.476593191345046,60.42674667338798,62.39682597687796,64.4066138706026,66.47590731012136,68.60469151722482,70.71367468652907,72.70374645954496,74.47579859532811,75.97250720313,77.30367991922678,78.62090811033323,80.07578375922608,81.75376592444543,83.47578069750676,85.02220831840523,86.27577947259186,87.13708168412222,87.47577914599353,87.18414100456138,86.27577947259186,84.80982578359772,82.90614403392681,80.69978169933384,78.32578655771607,75.89766617741134,73.44276643541039,70.96689426654565,68.47585963382328,65.97547787481162,63.47157380794059,60.96998884801562,58.476593191345046
51.583291710836114,53.65111786766431,55.66008952096898,57.62977672777487,59.579858373913666,61.530072681543686,63.50019111948758,65.51000427012755,67.57931397741709,69.70810851144671,71.81709796051263,73.80717342602105,75.57922769012177,77.07593752931905,78.4071110354615,79.72433980283438,81.17921591469249,82.85719845276347,84.57921348460377,86.1256412648149,87.3792125123881,88.24051477412404,88.5792122531668,88.28757409702989,87.3792125123881,85.91325871133978,84.00957674649209,81.80321401050671,79.4292181358562,77.00109645158106,74.54619439587896,72.07031810946,69.57927613652484,67.07888128715399,64.57495389666826,62.07332747380795,59.579858373913666
52.585883585502714,54.65402851750616,56.66319374587485,58.63300095090287,60.58315823828117,62.533420825957876,64.50357032606408,66.51340352359094,68.58272614280418,70.71152887339332,72.82052330673648,74.81060170298812,76.5826576563393,78.07936847289723,79.4105426061,80.7277718308562,82.18264831017026,83.86063114417394,85.5826463814073,87.12907428806496,88.38264560975914,89.24394791134331,89.58264540401504,89.29100723620695,88.38264560975914,86.91669171977337,85.01300958413972,82.80664652956884,80.43265007310956,78.0045273538714,75.54962346178027,73.07374390724635,70.58269610834881,68.08229086905273,65.57834496628395,63.076685633264745,60.58315823828117
53.58864893359913,55.65704694891497,57.66636584494192,59.63626830320811,61.58648563132515,63.53678654063043,65.50696069550037,67.51680980454162,69.58614267207241,71.71495190832093,73.82395029770467,75.81403102009497,77.58608831420747,79.08279990649797,80.4139745373993,81.73120412518111,83.1860808961453,84.86406396503094,86.58607936528492,88.13250737230331,89.3860787528273,90.24738108603901,90.58607858952814,90.29444041245661,89.3860787528273,87.92012479225184,86.01644252106527,83.81007921363286,81.43608229539142,79.00795875470193,76.55305340506585,74.07717125662109,71.58611883363422,69.08570534778585,66.58174475160804,64.08005929714508,61.58648563132515
54.591552010575185,56.66015094317527,58.66959182233421,60.63956988981553,62.58983487497426,64.54016620126632,66.51035992508193,68.52022166328308,70.58956266498248,72.71837706480517,74.82737859411117,76.8174611627629,78.58951952103979,80.08623172903023,81.41740675495541,82.73463663087098,84.18951363331811,85.86749688862977,87.58951241827333,89.13594050494807,90.38951193216539,91.25081429047992,91.58951180255474,91.29787361813084,90.38951193216539,88.92355791556281,87.0198755367878,84.813512028659,82.4395147439007,80.01139055122445,77.55648404473293,75.08059983749575,72.58954374435422,70.08912371317317,67.58515145470277,65.08344526723715,62.58983487497426
55.59456443008929,57.663322859153936,59.67286056711973,61.6428986498771,63.593201462140684,65.54355693109778,67.51376618707737,69.52363794916434,71.59298540700402,73.72180390517643,75.83080792664715,77.82089196068003,79.59295116358572,81.08966386025787,82.42083919971387,83.73806930432144,85.19294649049678,86.87092989377487,88.592945526115,90.13937367601304,91.39294514029088,92.2542475185295,92.59294503741883,92.30130684715932,91.39294514029088,89.92699107921953,88.02330861505155,85.81694494762988,83.44294737196688,81.01482266180813,78.55991523711901,76.08402939581475,73.59297038966159,71.0925451634215,68.58856364850385,66.08684100499183,63.593201462140684
56.69766365188195,58.7665486912132,60.77616325901488,62.74624897857596,64.69658181529459,66.64695644673027,68.61717803077384,70.6270577488967,72.69641033100756,74.82523208205376,76.9342380815612,78.92432327866945,80.696383151958,82.19309623649733,83.52427182480301,84.84150211092359,86.29637944292412,87.97436296364327,89.69637867749375,91.24280687757218,92.49637837126494,93.35768076531734,93.69637828961532,93.40474009472413,92.49637837126494,91.03042427489873,89.12674174295425,86.92037794910176,84.54638014254748,82.11825502166246,79.66334686819894,77.18745972993317,74.69639841171616,72.19596906213921,69.69198020032448,67.19024449548137,64.69658181529459
57.70083177943155,59.76981732063791,61.77949289639143,63.749616426976644,65.69997309479011,67.65036293576763,69.62059430471378,71.63048033759213,73.69983698685812,75.82866131971915,77.93766888919811,79.92775500944084,81.69981541481303,83.19652880720287,84.52770459302073,85.84493502320836,87.29981247095043,88.97779608488263,90.69981186342793,92.24624010333451,93.49981162037393,94.36111402697773,94.6998115555686,94.4081733570012,93.49981162037393,92.03385749599418,90.13017491025548,87.92381101605474,85.54981302624188,83.12168757936308,80.66677884747065,78.19089067980485,75.69982752649847,73.19939490421689,70.69540021113453,68.19365413940632,65.69997309479011
58.80405460428564,60.873119920964925,62.88284392144561,64.85299746371135,66.80337304669884,68.75377495966943,70.72401409496823,72.73390513990012,74.80326501728085,76.93209139933427,79.04110021490209,81.03118706783778,82.80324789552525,84.29996153225629,85.6311374748397,86.94836801937345,88.40324555897966,90.0812292468951,91.80324507678873,93.34967334830696,94.60324488387663,95.46454730044249,95.80324483244061,95.51160663095541,94.60324488387663,93.13729073726252,91.23360810882728,89.0272441349801,86.65324599971483,84.22512029409454,81.77021110310251,79.29432211840077,76.80325750858096,74.30282228874576,71.79882296736335,69.29706866737018,66.80337304669884
59.907320846684,61.976449485659884,63.986211922562745,65.95638928577712,67.90677988201371,69.85719137663969,71.82743667614105,73.83733169916056,75.90669413870498,78.03552214720627,80.14453195179658,82.13461938627145,83.90668054915093,85.40339437981578,86.73457044682415,88.05180108211442,89.50667869463328,91.18466244126927,92.90667831191804,94.4531066085265,95.70667815880363,96.56798058327638,96.90667811797883,96.61503991417777,95.70667815880363,94.24072399454207,92.3370413322186,90.13067729515599,87.75667904444502,85.32855313346144,82.87364357808175,80.39775394489773,77.9066881790412,75.40625089752238,72.90224790264327,70.40048707183226,67.90677988201371
61.010621552297124,63.07980045302415,65.08959339800069,67.05978966833156,69.01019218075915,70.96061128041816,72.93086147247827,74.94075965291941,77.01012412605908,79.13895342547477,81.24796401505341,83.23805191109649,85.01011334001811,86.50682732460837,87.8380034903729,89.15523419769671,90.61011186808636,92.28809566132892,94.0101115643251,95.55653988084764,96.81011144279809,97.67141387354654,98.01011141039541,97.71847320475628,96.81011144279809,95.34415726452976,93.44047457530917,91.23411048807243,88.86011214573215,86.43198607175158,83.97707622715711,81.50118607927212,79.01011939586787,76.50968047798719,74.00567456744395,71.50390855309442,69.01019218075915
62.11394961307488,64.18316840835121,66.19298556827289,68.16319684545479,70.11360881587485,72.06403395169556,74.03428802699966,76.04418871349523,78.11355480070344,80.24238512471965,82.35139633734437,84.34148459973454,86.11354623981401,87.61026034657498,88.9414365907223,90.25866735521919,91.71354507154095,93.39152890177513,95.11354483044545,96.65997316277382,97.91354473398941,98.7748471697189,99.1135447082714,98.82190650117336,97.91354473398941,96.44759054460388,94.54390783403504,92.33754370697508,89.96354529190856,87.53541908855718,85.08050901441274,82.60461845800916,80.1135510463463,77.61311082968278,75.10910260497039,72.60733247642793,70.11360881587485
63.31729938672778,65.38654984744456,67.3963862272037,69.36660941549673,71.31702889279673,73.26745881954915,75.23771597699718,77.24761865255397,79.31698602085105,81.44581715809396,83.55482886523095,85.54491741839108,87.31697922606669,88.81369342979461,90.14486973615446,91.46210054602963,92.91697829880772,94.59496215840215,96.31697810745008,97.86340645232355,99.11697803089285,99.9782804705758,100.31697801048047,100.0253398022245,99.11697803089285,97.65102383268363,95.74734110517065,93.54097694650298,91.16697847371358,88.73885216768052,86.28394191134213,83.80805103069706,81.31698304101464,78.8165417935055,76.31253173203274,73.81075833804329,71.31702889279673
65.0121629378059,67.1044634320791,69.14948401794605,71.16650303082429,73.1741423636335,75.18954932987427,77.22766373041516,79.30082855976671,81.41909430971496,83.57583018402254,85.70316372442579,87.71993799866831,89.5477080191279,91.14882962382427,92.62740040353377,94.1141241830722,95.72503547270824,97.50884622723544,99.29929256504111,100.91747602521089,102.32484715485441,103.47180665660561,104.01175356728416,103.58081886242348,102.32484715485441,100.49960500893914,98.29166158855043,95.85419629881815,93.32292392653054,90.80127672763211,88.29421875435584,85.79054990963738,83.28428748590099,80.77162759468226,78.24974879584268,75.71699411090664,73.1741423636335
64.06151682614029,66.13077126632814,68.14061006147392,70.1108347466486,72.06125516734363,74.01168569617495,75.98194324095721,77.99184616647995,80.06121369577178,82.1900449352131,84.29905670449554,86.28914529419677,88.06120712293423,89.557921338848,90.8890976530261,92.20632846860399,93.66120622596353,95.33919008924767,97.06120604085646,98.60763438730646,99.86120596679994,100.7225084069797,101.06120594705429,100.7695677386528,99.86120596679994,98.39525176748182,96.49156903783948,94.28520487519964,91.91120639515623,89.48308007621912,87.02816979698439,84.55227887559181,82.06121081326958,79.56076943621383,77.05675914391489,74.55498533955554,72.06125516734363
62.654832825148134,64.72401804245379,66.73381482145172,68.70401346786919,70.65441747781698,72.60483753320605,74.57508834011657,76.58498691735215,78.65435164605435,80.78318110769955,82.89219179592789,84.8822797499763,86.6543412123315,88.1510552162656,89.48223139444083,90.79946211081712,92.2543397884794,93.93232358757899,95.65433949464028,97.20076781366544,98.45433937708286,99.31564180862,99.65433934573863,99.36270113986848,98.45433937708286,96.98838519705431,95.08470250445356,92.87833841091143,90.50434005705608,88.07621396259165,85.62130408165149,83.14541386908394,80.65434707037126,78.15390794684856,75.64990166989278,73.14813500412558,70.65441747781698
61.63917554745686,63.71593447167892,65.73720733807923,67.72270240637158,69.6919279746019,71.66390579710142,73.65689150101548,75.6881945069172,77.77424415024683,79.91265104819243,82.02797194579927,84.02727998110963,85.81870664369032,87.35215138535453,88.73615963404644,90.11557262187046,91.6290594732743,93.34754471535838,95.09607492799503,96.67058107658801,97.98528864802991,98.96362112555008,99.3875085379932,99.03666299520151,97.98528864802991,96.37854224841213,94.36112232699344,92.07167749686991,89.6427485506217,87.1825696129419,84.70998286206081,82.22473270856986,79.7285609897514,77.22402271060923,74.71403401515923,72.20193320671947,69.6919279746019
60.841849602696,62.91075055427744,64.92037478149079,66.89046648774271,68.84080309770611,70.79118013732074,72.76140327064527,74.77128398860901,76.84063721468972,78.96945937452584,81.07846562261375,83.06855096588598,84.8406109234217,86.33732405670436,87.66849967628302,88.98572998521442,90.44060733554079,92.1185908710188,93.8406065951127,95.3870348014973,96.64060629888664,97.50190869492636,97.84060621990406,97.54896802443078,96.64060629888664,95.17465219808493,93.27096965762296,91.06460584788188,88.69060801231144,86.26248283981039,83.80757459476163,81.3316872935064,78.84062568473166,76.34019581697325,73.83620603186957,71.3344686855969,68.84080309770611
44.43393765467208,46.49546664695605,48.500609683551914,50.46792172873877,52.4165054831243,54.3657634374036,56.335266464789,58.34468239334494,60.41373623515278,62.542368336164344,64.65125900759375,66.64127639098442,68.4132971767747,69.90998764608406,71.24114872474118,72.55836842737338,74.01323725671915,75.69121392976999,77.41322489096842,78.95965016515976,80.2132199437432,81.07452141573455,81.41321862466668,81.12158069983883,80.2132199437432,78.74726790532984,76.84358932525505,74.63723290324509,72.26324855930939,69.83514738661357,67.38028172542928,64.90447020742877,62.413543692532755,59.913354741122916,57.40979418458855,54.90881981939356,52.4165054831243
45.433103881622614,47.49624598088796,49.502370622006495,51.47029194935556,53.41926007392685,55.368763487153416,57.33842448789417,59.34794239055908,61.41706192134488,63.54573572567966,65.65465175801056,67.64468405403423,69.41671343547645,70.91340887808242,72.24457314755504,73.56179517760646,75.0166658767777,76.6946440557067,78.41665606206709,79.96308197969458,81.21665213545037,82.07795381021367,82.41665108849841,82.12501310428047,81.21665213545037,79.75069964446939,77.84702019533329,75.64066215217252,73.26667484766162,70.83856840851811,68.38369340290998,65.90786525552812,63.41690909707745,60.91666728334923,58.41301255034671,55.91187079842602,53.41926007392685
46.43314742046755,48.49757167542245,50.50447611309205,52.472881301303914,54.422154610458165,56.37185288932565,58.3416392919502,60.35123813901777,62.42040981020503,64.54911671567574,66.65805287741023,68.6480970097604,70.42013321363628,71.91683260357414,73.24799940560968,74.56522328294086,76.020095466197,77.69807484034428,79.42008767625117,80.96651410457461,82.22008455969248,83.08138639539601,83.420083728726,83.12844569737013,82.22008455969248,80.75413170950816,78.85045157059704,76.6440922407263,74.27010258639993,71.84199196725743,69.38710954492319,66.9112681986293,64.42028851155779,61.92000473934472,59.41627525324728,56.915000630005835,54.422154610458165
47.433888384513345,49.499331443366614,51.506855245291604,53.47564464642045,55.42516024992011,57.37501322194598,59.34489916767288,61.35456226507992,63.42377532203707,65.55250850064422,67.6614606393758,69.65151416632654,71.42355578520949,72.92025830816172,74.25142712030069,75.56865246382253,77.02352582499981,78.70150614779365,80.42351964211264,81.96994647577597,83.22351716849778,84.0848191319397,84.42351650895915,84.13187844018984,83.22351716849778,81.75756403321344,79.85388334682719,77.64752299569295,75.27353147631342,72.84541753949301,70.3905292304666,67.91467740808643,65.42367904601113,62.9233619702966,60.41957314936326,57.918193055758735,55.42516024992011
48.435183591199035,50.50143600477519,52.50945167346147,54.47854613319099,56.42825408943867,58.37822985927298,60.34819481969683,62.35790891560866,64.42715482167381,66.55590885375403,68.6648736736123,70.65493465712669,72.4269805739275,73.92368558356429,75.25485599112781,76.57208249836825,78.02695679446353,79.70493787019942,81.42695188710078,82.97337904248278,84.22694992379101,85.08825198861902,85.42694940031478,85.13531130185042,84.22694992379101,82.76099656222257,80.85731544130479,78.6509542795925,76.27696127991715,73.84884470984741,71.39395172852971,68.91809159120953,66.42707840656917,63.92673489719908,61.42289898011822,58.92143516812524,56.42825408943867
49.436919139691696,51.50381439868467,53.512220636928745,55.48155729028127,57.43141794448019,59.38149119019454,61.3515188692143,63.36127344454147,65.43054542371735,67.55931600750675,69.66829089249262,71.65835779432598,73.4304071224015,74.9271141057271,76.2582857795826,77.57551321046861,79.03038824860968,80.70836992195655,82.43038435363206,83.9768117643624,85.23038279535183,86.09168494065003,86.43038237986845,86.13874425783509,85.23038279535183,83.76442925418154,81.86074778837568,79.65438598330675,77.28039180871846,74.8522731486332,72.39737645890244,69.92150972196919,67.43048477252214,64.93012028233693,62.426246983723075,59.92471672030233,57.43141794448019
50.43900446471906,52.506410240617996,54.515126584216205,56.484655509913026,58.43463737786797,60.384787997293,62.35486545898675,64.36465216402858,66.43394483792271,68.56272855899925,70.67171143275195,72.66178303198365,74.43383506759916,75.93054361744635,77.26171629636022,78.57894446034513,80.03382008744885,81.71180223512022,83.4338169960023,84.98024460940283,86.2338157591943,87.09511796836176,87.4338154294249,87.14217728868482,86.2338157591943,84.76786207547391,82.86418033593012,80.6578180202284,78.28382291311028,75.85570259417595,73.40080296106761,70.92493098599226,68.43389669873068,65.933515555804,63.42961258663128,60.92802957809502,58.43463737786797
51.54136758225966,53.6091787386281,55.61814128239564,57.587822841937026,59.537900928221774,61.48811296364565,63.458229939695556,65.4680421468531,67.53735124645615,69.66614539472216,71.77513460920719,73.7652099367825,75.53726412137993,77.03397391457847,78.3651473912088,79.68237613705523,81.13725223161929,82.81523475576242,84.53724977793607,86.08367755219606,87.33724879628082,88.19855105614131,88.53724853454264,88.24561037895504,87.33724879628082,85.87129499941827,83.96761304260849,81.7612503216171,79.38725447434902,76.95913283878366,74.5042308695098,72.02835473690214,69.53731303816106,67.03691867778245,64.53299215855722,62.03136728456819,59.537900928221774
52.54395129400824,54.612084316380546,56.62124231307973,58.59104503531279,60.5411994970091,62.49146028114336,64.46160862090613,66.4714410695752,68.54076320646126,70.66956563086717,72.77855987802243,74.76863816479619,76.54069405504542,78.03740483509407,79.36857894487304,80.6858081525437,82.14068461813144,83.81866744108055,85.5406826706415,87.08711057257574,88.34068189150115,89.20198419159676,89.5406816837594,89.2490435163873,88.34068189150115,86.87472800483762,84.97104587558367,82.76468283291354,80.39068639818768,77.96256371761055,75.5076598941177,73.0317804616642,70.54073288039572,68.04032802921634,65.53638281797804,63.03472471433217,60.5411994970091
53.54671016092922,55.615098721195906,57.624411876545025,59.594310776462805,61.54452586169347,63.49482533946869,65.46499857334987,67.4748470880127,69.54417957271622,71.67298856594545,73.78198680755122,75.77206744304863,77.544124687077,79.04083625039004,80.37201086269985,81.68924043692084,83.14411719699046,84.82210025710211,86.54411565126648,88.09054365453588,89.3441150328623,90.20541736489258,90.5441148679776,90.2524766912521,89.3441150328623,87.87816107492372,85.97447880880071,83.76811551081391,81.39411860982234,78.96599509981814,76.51108980462863,74.03520775307933,71.54415550282543,69.04374232502761,66.53978227772456,64.0380977990369,61.54452586169347
54.5496080923666,56.61819951899653,58.62763584121066,60.59761108420739,62.54787428909714,64.4982044791468,66.46839747195834,68.47825873839494,70.5475994362417,72.67641364317889,74.78541505519306,76.77549755487773,78.5475558734028,80.04426805839378,81.37544306956286,82.6926729347152,84.1475499285153,85.82553317686302,87.54754870167321,89.09397678537243,90.3475482108455,91.20885056822232,91.54754807997642,91.25590989582717,90.3475482108455,88.88159419633581,86.97791182157978,84.77154832094797,82.3975510498809,79.9694268815596,77.51452041828236,75.03863628795133,72.54758033190845,70.04716054522862,67.54318872240457,65.04148330942562,62.54787428909714
55.55261642696507,57.62136889759671,59.63090298835647,61.60093882917934,63.55124022838649,65.50159479548464,67.4718034712565,69.4816748588999,71.55102207557005,73.6798404206485,75.78884434902443,77.77892832831805,79.55098749967264,81.04770017809011,82.37887550583417,83.69610560189898,85.15098278121116,86.82896617896193,88.55098180746587,90.09740995500222,91.35098141789564,92.21228379539,92.55098131402477,92.25934312398326,91.35098141789564,89.88502735848544,87.98134489750728,85.77498123603601,83.40098367123973,80.97285898041152,78.51795159002165,76.04206580975791,73.55100691242029,71.05058188024177,68.5466007110995,66.04487868230626,63.55124022838649
56.65571240599162,58.72459271551881,60.73420441211756,62.7042883521661,64.6546200673058,66.60499398292119,68.5752151064477,70.58509452737209,72.65444691806557,74.78326854760067,76.89227447321858,78.88235962688017,80.6544194751266,82.15113254517716,83.48230812418707,84.79953840352724,86.2544157300805,87.93239924641264,89.65441495721832,91.20084315542226,92.45441464801621,93.31571704147788,93.65441456557383,93.36277637085566,92.45441464801621,90.98846055296845,89.08477802355576,86.87841423442607,84.50441643649671,82.07629133095436,79.62138320471418,77.14549611489636,74.65443488304646,72.15400568749683,69.65001710012585,67.14828188319063,64.6546200673058
57.65887795939916,59.72785974618412,61.73753304292087,63.70765516105061,65.65801093864407,67.6084002114656,69.57863121489541,71.58851701188567,73.65787350922297,75.78669774564034,77.89570525647304,79.88579134223212,81.65785172772831,83.15456510861843,84.48574088705824,85.80297131186424,87.2578487552828,88.93583236573303,90.65784814186162,92.20427638028048,93.45784789644776,94.3191503025827,94.65784783101321,94.36620963258315,93.45784789644776,91.99189377311444,90.08821118938522,87.88184729893301,85.50784931596579,83.07972388126446,80.62481517097919,78.1489270417666,75.65786395700994,73.15743145698023,70.6534369817251,68.15169129725294,65.65801093864407
58.762098740930455,60.83116107748823,62.84088326902295,64.81103569018714,66.76141056659255,68.71181202861169,70.68205087379768,72.69194173150409,74.76130148829856,76.89012779380441,78.99913656282463,80.98922338839061,82.7612842003025,84.2579978279062,85.58917376463367,86.90640430489597,88.36128184107062,90.03926552622244,91.7612813541979,93.3077096245353,94.5612811594128,95.42258357560652,95.76128110747734,95.46964290610114,94.5612811594128,93.09532701362923,91.19164438678892,88.98528041591695,86.61128228608503,84.18315659013003,81.72824741628766,79.25235846210624,76.76129390669445,74.26085878389085,71.75685963539865,69.2551056427729,66.76141056659255
59.86536336140074,61.934489634904395,63.94425063598972,65.9144271093632,67.8648171447764,69.8152282814784,71.78547335071559,73.79536822513353,75.86473056896833,77.9935585167137,80.10256828435912,82.09265569711063,83.864716847469,85.36143067088946,86.69260673324997,88.00983736515005,89.46471497494525,91.14269871938774,92.8647145885141,94.41114288418531,95.66471443391305,96.52601685809043,96.86471439269185,96.57307618897732,95.66471443391305,94.19876027031069,92.29507760925314,90.08871357455192,87.71471532815343,85.28658942484117,82.83167988307318,80.35579027411318,77.86472455144036,75.3642873469357,72.86028448928006,70.35852390242806,67.8648171447764
60.96866277959944,63.03783980275654,65.04763160808855,67.01782717213838,68.9682292394346,70.91864805500691,72.8888980643053,74.89879612680092,76.96816052397567,79.09698977516928,81.20600033542472,83.19608821422592,84.96814963320955,86.46486361204992,87.79603977412543,89.11327047875844,90.56814814698633,92.24613193848788,93.96814784027572,95.51457615605437,96.76814771756878,97.6294501480828,97.9681476848515,97.67650947928102,96.76814771756878,95.30219353982368,93.39851085160781,91.19214676624534,88.81814842732786,86.39002235943605,83.9351125256452,81.45922239698683,78.96815574785754,76.46771689110312,73.96371108947446,71.46194526875618,68.9682292394346
62.071989818499446,64.1412071234887,66.15102337885163,68.12123409544921,70.07164571256473,72.02207062290424,73.9923245531497,76.00222514603158,78.0715911729463,80.2004214586886,82.30943264803946,84.29952089674474,86.07158252893642,87.56829663113368,88.89947287235304,90.21670363471426,91.6715813493202,93.34956517817254,95.07158110588384,96.61800943762177,97.87158100849125,98.73288344403466,99.07158098252354,98.77994277548,97.87158100849125,96.40562681952103,94.50194410974962,92.29557998417725,89.92158157182743,87.49345537330869,85.03854530773908,82.5626547665957,80.07158738213693,77.57114721398938,75.06713907572275,72.56536910086602,70.07164571256473
63.275338781052014,65.3445880588901,67.35442372068644,69.32464646403785,71.27506566091769,73.22549540870467,75.19575245101919,77.20565505227462,79.27502237271665,81.40385347958151,83.51286516824604,85.50295371054445,87.27501551195954,88.77172971206525,90.10290601610114,91.42013682428123,92.87501457569746,94.55299843419516,96.27501438248188,97.82144272688674,99.07501430518136,99.9363167447166,100.27501428457074,99.98337607635804,99.07501430518136,97.60906010730173,95.7053773804217,93.49901322293474,91.12501475230158,88.69688845010418,86.24197820057164,83.76608733203855,81.27501936394806,78.77457815494611,76.2705681620855,73.7687948900768,71.27506566091769
64.97114169766982,67.06351360305572,69.10864281138987,71.12580509667038,73.13361760903166,75.14921852130526,77.18753240443942,79.26088042364817,81.3792859505613,83.53610088579431,85.66348606051571,87.68033515501034,89.50825989453728,91.10966616756437,92.58862731731968,94.07578387811328,95.68707888685623,97.47114213710276,99.26174849230749,100.8800970521431,102.28781297851586,103.43538129923314,103.97573366456456,103.54452033236785,102.28781297851586,100.46174583946768,98.25304823937552,95.81497365184704,93.28326764171194,90.76135502059778,88.2541465397625,85.75039678253896,83.24408988442303,80.73139412205992,78.20946268590818,75.67661622175629,73.13361760903166
63.989933801558834,66.05918628303391,68.06902388931644,70.03924783771998,71.98966779407228,73.940098026558,75.91035538069286,77.92025818318139,79.98962563323101,82.11845682236986,84.22746856106409,86.21755713277965,87.98961895115039,89.48633316106623,90.81750947139616,92.13474028416715,93.58961803927167,95.26760190073973,96.98961785108806,98.53604619676207,99.78961777580068,100.6509202157359,100.98961775572687,100.697979547397,99.78961777580068,98.32366357702837,96.4199808484341,94.21361668774937,91.83961821127642,89.41149189869074,86.95658163072567,84.48069072938918,81.98962270282053,79.48918138952811,76.98517121084268,74.483397608469,71.98966779407228
62.58325283577656,64.65243494403325,66.66222983590936,68.63242731280724,70.58283058566957,72.53325017064455,74.5035006749233,76.51339905685512,78.58276365976847,80.71159304156367,82.82060368123626,84.81069160673425,86.58275305263328,88.07946704704626,89.41064321911291,90.72787393103356,92.18275160511621,93.86073540133295,95.58275130639336,97.12917962418673,98.3827511868821,99.24405361803103,99.5827511550169,99.29111294926047,98.3827511868821,96.91679700771994,95.01311431678292,92.80675022634432,90.43275187815674,88.00462579377454,85.54971593072388,83.07382574999332,80.58275900803591,78.08231998573099,75.57831388912487,73.07654754398796,70.58283058566957
61.5685135454174,63.645346217712216,65.66673228064451,67.65237856660681,69.62178988506545,71.5939796883057,73.58718791487857,75.61869940217059,77.704910856076,79.84341034867722,81.95879214322757,83.95818902148176,85.74980168978522,87.28359695627914,88.66810417140908,90.04809663844213,91.56212205876574,93.28097521235044,95.0297444101811,96.60450203738868,97.91975153224294,98.89910016903488,99.32371009891372,98.97236392015522,97.91975153224294,96.31174547138113,94.29327742568393,92.00304928036688,89.57359406114564,87.11310491984716,84.6403461100154,82.15500457735325,79.65878295959482,77.15420460246526,74.64415736688147,72.13195524881328,69.62178988506545
60.770282076970275,62.83917519645037,64.84879466925267,66.81888342882792,68.769218181584,70.71959403588302,72.68981640664524,74.69969663248337,76.76904954159963,78.89787150022772,81.0068776259634,82.99696289729314,84.7690228133621,86.2657359226531,87.59691152683911,88.91414182454291,90.36901916584924,92.04700269406287,93.76901841311494,95.3154466163956,96.56901811196546,97.43032050702702,97.76901803167016,97.47737983648338,96.56901811196546,95.10306401334694,93.19938147707731,90.99301767515664,88.61901985386807,86.19089470677264,83.73598650680248,81.26009928577128,78.76903782001017,76.26860820730269,73.76461887664544,71.26288233829092,68.769218181584
44.393898111994986,46.45535439275215,48.46045316926475,50.4277377369482,52.37630415487368,54.325551037243955,56.29504693858428,58.30445826703013,60.37350914551101,62.502139365199696,64.61102889253723,66.6010456031796,68.37306600119621,69.86975624614601,71.20091718085624,72.51813677849174,73.97300552348418,75.65098212860038,77.37299304264843,78.91941828781249,80.17298804938054,81.03428951222425,81.37298671802768,81.08134879587908,80.17298804938054,78.70703603138384,76.80335749051501,74.59700114163999,72.22301693126454,69.79491599615343,67.34005075652249,64.86423998871791,62.373314811114625,59.873128244428614,57.369571936306045,54.868605121886446,52.37630415487368
45.39302479721604,47.456109092833245,49.4621985695252,51.43009807416044,53.37905243322879,55.32854705641451,57.29820240028238,59.30771665145855,61.37683383009731,63.50550614116516,65.61442126540742,67.6044530274622,69.37648210112522,70.87317736565568,72.20434152087702,73.52156346759223,74.976434099812,76.65441222482116,78.37642419375823,79.92285008834668,81.17642023059736,82.03772189810016,82.37641917390165,82.08478119181024,81.17642023059736,79.71046775582113,77.80678833780283,75.60043035268939,73.2264431541856,70.79833690361406,68.34346223259564,65.86763468065296,63.37667958363828,60.87643966274926,58.37278830197529,55.87165254393713,53.37905243322879
46.393036896131335,48.457415213919276,50.46429171937562,52.43267957818398,54.381941958155934,56.33163325893862,58.30141517111602,60.311011119756316,62.38018092394691,64.50888664417312,66.61782208514308,68.60786579367671,70.37990175326615,71.87660100186463,73.20776771321853,74.52499152440552,75.97986365452215,77.65784298587312,79.37985579207708,80.92628220211444,82.1798526465133,83.04115447645415,83.37985180781318,83.08821377814513,82.1798526465133,80.71389980919068,78.8102196949778,76.60386041117931,74.22987084099103,71.8017603715187,69.34687821475015,66.87103734106185,64.38005849646906,61.87977622665552,59.376049417262664,56.874779551890725,54.381941958155934
47.39375287115463,49.45915943281243,51.46666105093145,53.4354366922166,55.384943619015615,57.33479105163414,59.30467343292267,61.314334229696044,63.383545804756295,65.51227804261046,67.62122960926197,69.61128279982606,71.38332422481753,72.88002663558814,74.21119537575282,75.52842066677586,76.98329398577621,78.66127427460256,80.38328774534631,81.92971456449595,83.18328524871006,84.04458720757816,84.38328458303326,84.09164651560359,83.18328524871006,81.7173321236341,79.81365145685083,77.60729114228423,75.23329968968523,72.80518587165847,70.35029777341272,67.87444632614313,65.383448632754,62.88313274952753,60.37934605319998,57.877969736247735,55.384943619015615
48.39502822186495,50.46125164435679,52.46924969692155,54.43833323199742,56.38803430015501,58.3380056727931,60.30796780388842,62.31768007369135,64.38692480353592,66.51567808892503,68.62464245471745,70.61470317123951,72.3867489341478,73.88345385474568,75.21462420518301,76.53185067075509,77.98672493337446,79.66470598215032,81.38671998033999,82.93314712420243,84.1867179987581,85.04802005995587,85.38671747041002,85.09507937300893,84.1867179987581,82.72076464529206,80.8170835399332,78.61072240724468,76.23672946057312,73.80861298479019,71.35372017076986,68.87786033117722,66.38684767727993,63.88650511440892,61.382670883694274,58.881210069439334,56.38803430015501
49.396747996669006,51.463620230766054,53.47201248152322,55.44134046179276,57.3911956480362,59.34126540333716,61.311290836571274,63.321043962455136,65.39031500804005,67.51908499917087,69.62805952376092,71.61812621368102,73.3901754196115,74.88688233226668,76.21805396078102,77.53528135859477,78.99015637016595,80.66813802211465,82.39015243893863,83.93657984052594,85.19015086615583,86.05145300857271,86.39015044680563,86.09851232561618,85.19015086615583,83.7241973314164,81.82051587795968,79.61415409592695,77.24015996340785,74.8120413781582,72.35714482121188,69.8812783205864,67.3902537923945,64.88989005345917,62.38601809335631,59.8844902093723,57.3911956480362
50.39882079328738,52.466208285072895,54.47491352328964,56.44443556378235,58.394413091266955,60.34456094012451,62.314636619244936,64.32442217382524,66.39371410671255,68.52249735738972,70.63147994509382,72.62155137612908,74.3936033147977,75.8903118085536,77.22148445148015,78.53871258921552,79.9935881952307,81.67157032591831,83.39358507501277,84.94001268115642,86.19358382669407,87.05488603357459,87.39358349385556,87.10194535378531,86.19358382669407,84.72763014807782,82.82394841833556,80.61758612091768,78.24359104718994,75.81547078765274,73.36057125993575,70.88469947241884,68.3936655195103,65.89328497285919,63.38938306608935,60.88780194619551,58.394413091266955
51.50117396145906,53.56897059989129,55.577924327102295,57.54760042098805,59.4976750618919,61.44788489817344,63.41800045933596,65.42781175334788,67.4971202648039,69.62591403970993,71.73490302715663,73.72497822123381,75.49703232888425,76.99374207756304,78.32491552563016,79.64214425064236,81.09702032846839,82.7750028391315,84.49701785194927,86.04344562044949,87.29701686115796,88.15831911920336,88.49701659698385,88.20537844192788,87.29701686115796,85.83106306834662,83.92738111931632,81.72101841283683,79.34702259207069,76.91890100364894,74.46399911802442,71.98812313428249,69.49708170091922,66.99668781381003,64.49276213783091,61.99113876291014,59.4976750618919
52.50374977288048,54.571871268687175,56.58102226628847,58.55082064988241,60.50097237675928,62.451231415343955,64.42137863207336,66.43121035596334,68.50053202603073,70.62933415409827,72.73832822105227,74.72840640186811,76.5004622310444,77.99717297575765,79.32834706286596,80.64557625400043,82.10045270630323,83.77843551855321,85.50045074068836,87.04687863805113,88.30044995429674,89.16175225295171,89.50044974462162,89.20881157767144,88.30044995429674,86.83449607084866,84.9308139477693,82.72445091661726,80.35045450292606,77.92233185976684,75.46742810266659,72.99154878836825,70.5005014177313,68.00009694218937,65.49615240024625,62.99449548644428,60.50097237675928
53.506502367096545,55.57488177640781,57.58418937569189,59.5540848316859,61.50429774615108,63.45459583842651,65.42476818093249,67.43461612032837,69.5039482345139,71.63275699253774,73.74175509111706,75.73183564251545,77.5038928380701,79.00060437333738,80.33177896765349,81.64900852874968,83.10388527827502,84.78186832989476,86.5038837181653,88.05031171780628,89.30388309400581,90.16518542489258,90.50388292758652,90.21224475119594,89.30388309400581,87.83792913861929,85.93424687739706,83.72788358855219,81.35388670425581,78.92576322395027,76.47085798145665,73.99497602368739,71.50392394061248,69.00351106096034,66.49955154488373,63.99786801059636,61.50429774615108
54.509395318491144,56.577979480544556,58.58741139235413,60.557383901690244,62.50764538355544,64.45797447389783,66.42816675920989,68.43802756905089,70.50736797281493,72.63618199306853,74.7451832915622,76.73526572449731,78.5073240045487,80.00403616727974,81.33521116416719,82.6524410189024,84.10731800433348,85.78530124594116,87.50731676607344,89.05374484689274,90.30731627067769,91.16861862714694,91.50731613859064,91.21567795470722,90.30731627067769,88.8413622581936,86.9376798873273,84.73131639395146,82.35731913613537,79.92919499138591,77.47428856993349,74.99840451403585,72.50734869068341,70.00692914064328,67.50295773945803,65.00125307606302,62.50764538355544
55.51239969954881,57.58114640336326,59.5906769932343,61.56071066421292,63.511010695799854,65.46136439003745,67.43157250425749,69.44144352949698,71.51079051275201,73.63960870965904,75.74861254793345,77.73869647424783,79.51075561506582,81.00746827581554,82.33864359222426,83.65587368002096,85.11075085269064,86.78873424509189,88.51074986988293,90.0571780151335,91.31074947668705,92.17205185346106,92.51074937184947,92.21911118201895,91.31074947668705,89.84479541888459,87.9411129609937,85.73474930528148,83.36075175100251,80.93262707888331,78.47771972168985,76.00183400050399,73.51077520848312,71.01035036412645,68.50636952964172,66.00464809580181,63.511010695799854
56.61549254009455,58.68436827191685,60.693977189638915,62.66405940739499,64.61439003701936,66.56476325983083,68.5349839376476,70.54486307092947,72.61421527636031,74.74303678829128,76.85204264239543,78.8421277540073,80.61418757801681,82.11090063404447,83.44207620405751,84.75930647683529,86.21418379811637,87.89216731020258,89.61418301806133,91.16061121445102,92.41418270598153,93.27548509887148,93.61418262277189,93.32254442822116,92.41418270598153,90.94822861220983,89.04454608524752,86.83818230068881,84.46418451110705,82.03605942041405,79.58115132052188,77.10526427759427,74.61420312933453,72.11377408285966,69.60978576110816,67.10805101639286,64.61439003701936
57.61865560213947,59.687633755232824,61.69730484623544,63.66742559732661,65.61778051332426,67.5681692362581,69.53839988592424,71.54828545461099,73.61764180490465,75.74646594797929,77.85547340205142,79.84555945443559,81.61761982069491,83.11433319045504,84.44550896175403,85.76273938135144,87.21761682058548,88.8956004276657,90.61761620145535,92.16404443843423,93.41761595375745,94.27891835943865,94.61761588771392,94.32597768941675,93.41761595375745,91.95166183143695,90.04797924965258,87.84161536282836,85.46761738648661,83.03949196357125,80.58458327419844,78.10869518220264,75.6176321637916,73.11719978208299,70.61320551765118,68.11146020798347,65.61778051332426
58.721874406055235,60.7909338583202,62.800654299075475,64.77080563518633,66.72117982772899,68.67158085329643,70.64181941769772,72.65171009419859,74.72106973428407,76.84989596570362,78.95890468967288,80.94899148874914,82.72105228539272,84.21776590416255,85.54894183522234,86.86617237135059,88.32104990420397,89.99903358668101,91.72104941280004,93.26747768199456,94.52104921620207,95.38235163203566,95.7210491637833,95.42941096251258,94.52104921620207,93.0550950712224,91.15141244592573,88.9450484779333,86.57105035336004,84.14292466675953,81.6880155095154,79.212126584873,76.72106208211983,74.22062705322793,71.71662807206698,69.21487437692575,66.72117982772899
59.825137456752614,61.89426144084673,63.9040210522826,65.8741966644272,67.82458615704957,69.77499694733609,71.74524179371286,73.75513652430729,75.82449877550987,77.95332666445283,80.06233639634124,82.05242378806781,83.82448492630772,85.32119874271672,86.6523748005788,87.96960542919766,89.42448303635675,91.10246677867629,92.8244826463292,94.37091094109331,95.62448249028931,96.48578491418081,96.82448244868448,96.53284424505367,95.62448249028931,94.158528327325,92.2548456674926,90.0484816350769,87.67448339285221,85.2463574969646,82.79144796837065,80.31555838285578,77.82449270197822,75.32405557201145,72.82005284716712,70.31829249642999,67.82458615704957
60.92843562893452,62.9976108348948,65.00740153722674,66.97759641770523,68.92799805418264,70.87841659480262,72.84866642721565,74.85856437555812,76.92792869921047,79.0567579037325,81.16576843560753,83.15585629772127,84.92791770708646,86.42463168036184,87.75580783886693,89.07303854089565,90.52791620703127,92.20589999684782,93.92791589746619,95.47434421252487,96.72791577361723,97.58921820390438,97.92791574059547,97.63627753509142,96.72791577361723,95.26196159637851,93.3582789091351,91.1519148255866,88.77791648998189,86.34979042798304,83.8948806046484,81.41899049459849,78.9279238786421,76.42748508104853,73.92347938483255,71.42171375151958,68.92799805418264
62.03176167881537,64.10097754143709,66.1107929213265,68.0810030953646,70.0314143705356,71.98183906264387,73.95209285249479,75.96199335477303,78.03135932333288,80.16018957203188,82.26920073885721,84.2592889743176,86.03135059887514,87.52806469665546,88.859240935041,90.17647169533517,91.63134940828047,93.30933323579542,95.0313491625785,96.577777493745,97.83134906427952,98.69265149964285,99.03134903807012,98.73971083107931,97.83134906427952,96.3653948757112,94.46171216671164,92.25534804257904,89.88134963285853,87.45322343901705,84.99831338174656,82.52242285537271,80.03135549724331,77.53091537605184,75.02690732145142,72.5251374953389,70.0314143705356
63.2351098563483,65.30435798934231,67.31419295626112,69.28441526897744,71.23483419445355,73.18526376902943,75.15552069991236,77.16542322925547,79.23479050338116,81.36362158084474,83.47263325163071,85.46272178341665,87.23478357877248,88.73149777537247,90.06267407715916,91.37990488369864,92.83478263379683,94.51276649123304,96.23478243878303,97.78121078273432,99.03478236076307,99.89608480015539,100.23478233996066,99.94314413178981,99.03478236076307,97.56882816320245,95.66514543693503,93.45878128059081,91.08478281204455,88.65665651355951,86.20174627061397,83.72585541380349,81.23478746661064,78.73434629487777,76.2303363684232,73.72856321447317,71.23483419445355
64.93180055507479,67.02423994022938,69.06947178697936,71.08676944409768,73.09474557466342,75.11052971003087,77.14903203011353,79.22255308086285,81.3410906242276,83.49798022721106,85.62541416566192,87.64233391880737,89.47040476421515,91.07207983169296,92.55140952771002,94.03897459969288,95.65063174266955,97.43493325138489,99.22569058729363,100.84419491175649,102.25223610230796,103.40037863020504,103.94111331305086,103.50963726075048,102.25223610230796,100.42539062192108,98.21598123807905,95.77733142872012,93.24521593705788,90.72305264016916,88.21570200050218,85.71187581506987,83.20552690623413,80.69279725920035,78.17081609970236,75.63788293436656,73.09474557466342
63.92001500854471,65.98926554542241,67.99910197140835,69.96932518834939,71.91974468370455,73.87017462197987,75.84043178684087,77.85033446718163,79.9197018385599,82.04853297775877,84.15754468608512,86.14763323994455,87.9196950480233,89.41640925198442,90.74758555849391,92.06481636847825,93.51969412134396,95.19767798100904,96.91969393010598,98.46612227500962,99.71969385359662,100.58099629328906,100.91969383319699,100.62805562493823,99.71969385359662,98.25373965536616,96.35005692781243,94.14369276906874,91.7696942961405,89.3415679898605,86.8866577330839,84.41076685165896,81.91969886058632,79.4192576105979,76.91524754470746,74.41347414286412,71.91974468370455
62.51333705609572,64.58251607771216,66.59230909606593,68.56250541187148,70.5129079529593,72.46332707090956,74.43357727473695,76.44347546277214,78.5128399408029,80.64166924332342,82.75067983479006,84.74076773194327,86.51282916150475,88.00954314646523,89.34071931246731,90.65795001996437,92.1128276904932,93.79081148384783,95.51282738692181,97.05925570349225,98.31282726547079,99.17412969623433,99.51282723308837,99.22118902744481,98.31282726547079,96.84687308716876,94.94319039788348,92.73682631052608,90.3628279679654,87.9347018935928,85.47979204830273,83.00390189917982,80.51283521356876,78.0123962917524,75.50839037419652,73.00662434737987,70.5129079529593
61.49950869631812,63.576414533300806,65.59791289250802,67.5837091844027,69.55330475039707,71.52570480030721,73.51913370724296,75.55085192944657,77.63722382479436,79.77581512322169,81.89125729379937,83.89074225200547,85.6825393169766,87.21668203332197,88.60168374140427,89.98225035038243,91.49680924245027,93.2160267498179,94.96503258893642,96.54003920033875,97.85582514573977,98.836179320697,99.26150393145328,98.90966257188238,97.85582514573977,96.2465719398271,94.22706563528288,91.9360612219221,89.50608430778723,87.04528760236032,84.57235817874502,82.08692602895513,79.59065492677874,77.0860368237789,74.5759315318571,72.06362893773515,69.55330475039707
60.7003786710582,62.769264014923564,64.77887876759091,66.74896460172788,68.69929751066056,70.64967218818511,72.61989380187954,74.62977353913784,76.69912613357329,78.82794789244313,80.93695389670802,82.92703909661361,84.69909897151454,86.19581205698677,87.52698764589096,88.8442179324481,90.29909526479935,91.97707878580097,93.69909449984749,95.2455227000466,96.49909419381011,97.36039658790054,97.69909411221153,97.40745591730919,96.49909419381011,95.03314009735902,93.12945756525153,90.92309377109495,88.54909596398531,86.12097084211246,83.66606268689614,81.190175545511,78.69911422173317,76.198684862239,73.6946959827539,71.19296024649634,68.69929751066056
44.35472025929633,46.41610474032291,48.42115981060006,50.38841724417401,52.33696654212237,54.2862024907691,56.255691354973266,58.26509814069064,60.334146092803934,62.46277445463198,64.57166285214512,66.56167889842837,68.33369891350677,69.8303889368947,71.16154972945297,72.47876922340109,73.93363788509203,75.6116144231207,77.33362529060634,78.88005050710501,80.13362025186987,80.99492170568,81.33361890839375,81.041980988891,80.13362025186987,78.66766825403528,76.76398975188351,74.55763347523146,72.18364939675084,69.75554869626188,67.30068387292758,64.824873845964,62.33394998897674,59.83376577727395,57.330213664573506,54.82925430672974,52.33696654212237
45.353807898934065,47.4168351149177,49.42288986689334,51.39076782141387,53.33970858682075,55.28919452965117,57.25884428721636,59.268354932448915,61.33746978827584,63.466140624698966,65.57505485217669,67.56508608692116,69.33711485664288,70.83380994531836,72.1649739877131,73.48219585213124,74.9370664182344,76.61504448999607,78.33705642197646,79.88348229381319,81.13705242272715,81.99835408305998,82.33705135640919,82.04541337641783,81.13705242272715,79.6710999639536,77.76742057666507,75.56106264887515,73.18707555505662,70.75896949070565,68.3040951501047,65.82826818617613,63.33731413736109,60.83707608570582,58.333428055101606,55.83229821617692,53.33970858682075
46.35378895190514,48.41812190737859,50.42497082969602,52.39334157549254,54.342593162684764,56.292277572445,58.26205505018876,60.27164813655179,62.3408160970294,64.4695206467917,66.57845537598513,68.56849866598716,70.34053438433631,71.83723349335786,73.16840011516086,74.48562386102847,75.94049593866816,77.61847522775653,79.34048800462793,80.88691439660721,82.14048483042066,83.00178665467075,83.3404839840834,83.04884595608213,82.14048483042066,80.67453200579942,78.77085191597683,76.56449267767607,74.19050319057669,71.76239286890828,69.30751097439389,66.83167056741789,64.34069255479808,61.840411768648224,59.336687602577285,56.835422435728844,54.342593162684764
47.354480250733985,49.41985077158377,51.427330483005065,53.396092536215434,55.34559089458406,57.29543285689968,59.26531171820909,61.27497024304158,63.34418035468539,65.47291166351802,67.58186266522328,69.57191552359535,71.3439567571131,72.84065905710095,74.17182772618884,75.4890529653677,76.94392624271703,78.62190649799949,80.34391994546195,81.89034675027887,83.14391742609135,84.00521938044267,84.34391675435293,84.05227868824616,83.14391742609135,81.67796431109647,79.7742836636718,77.5679233852168,75.19393199856563,72.76581829785123,70.3109304077578,67.83507933092126,65.34408229787982,62.843767592270694,60.33998299405275,57.83861040664871,55.34559089458406
48.35573599383714,50.42193078755929,52.429911443973566,54.39898419074059,56.34867845674697,58.298645487038996,60.2686048240939,62.27831529056169,64.3475588588538,66.47631140686306,68.58527532425178,70.57533577711084,72.34738138804558,73.84408622071483,75.17525651473831,76.49248293916156,77.94735716872246,79.62533819087449,81.34735217058576,82.89377930307236,84.14735017095964,85.00865222857243,85.3473496378004,85.05571154144933,84.14735017095964,82.68139682549494,80.77771573550098,78.5713546314743,76.19736173714566,73.76924535447381,71.31435270566473,68.83849316008707,66.34748103031458,63.847139402139646,61.34330683676097,58.841848982856845,56.34867845674697
49.357440192130575,51.42428968895109,53.4326681268314,55.401987542242296,57.35183732874292,59.30190363716632,61.27192685262345,63.28167854713978,65.35094867077589,67.47971807663853,69.5886922453268,71.57875872597617,73.35080781128465,74.84751465415064,76.17868623788922,77.49591360304308,78.9507885883757,80.62877021919303,82.35078462135073,83.89721201390896,85.15078303424616,86.01208517381762,86.35078261107738,86.05914449072132,85.15078303424616,83.68482950585742,81.78114806459587,79.57478630531202,77.20079221433758,74.77267370299037,72.31777727717272,69.84191100990839,67.35088689771871,64.85052390066511,62.34665326238141,59.84512772815944,57.35183732874292
50.35950061687039,52.42687005285765,54.435564324292955,56.40507956548393,58.355052806640515,60.30519791948572,62.27527183826368,64.2850562567293,66.35434745785024,68.48313024399383,70.5921125492163,72.58218381415244,74.35423565708304,75.85094409544712,77.18211670283503,78.49934481464823,79.95422039983782,81.63220251375343,83.35421725120722,84.90064485018452,86.15421599152134,87.01551819614349,87.35421565565203,87.06257751624322,86.15421599152134,84.68826231794566,82.7845805978827,80.57821831852067,78.20422327776691,75.77610307688624,73.32120365324639,70.84533205094914,68.35429842822435,65.85391847041336,63.350017612797984,60.848438357993444,58.355052806640515
51.46184395993045,53.52962626166017,55.53857128232903,57.50824197874283,59.45831321723976,61.408520881805856,63.378635045725815,65.38844543797933,67.45775336862246,69.5865467748242,71.6955355380637,73.68561060030743,75.45766463197035,76.95437433668454,78.28554775654459,79.60277646098231,81.05765252227908,82.73563501963022,84.4576500232088,86.00407778602107,87.25764902339537,88.11895127964824,88.45764875681569,88.1660106022847,87.25764902339537,85.7916952345847,83.88801329323687,81.68165060108831,79.30765480649369,76.87953326462767,74.42463146160941,71.94875562487695,69.45771445358234,66.95732103384097,64.45339619059263,61.95177429604584,59.45831321723976
52.464411969659736,54.53252208275856,56.54166616858517,58.51146026765926,60.4616092938259,62.41186660863005,64.38201271633088,66.39184372447987,68.46116493354977,70.58996676897416,72.6989606579739,74.68903873415313,76.46109450301796,77.95780521283643,79.28897927755678,80.60620845236127,82.06108489154475,83.73906769322903,85.46108290803105,87.00751080087925,88.26108211447853,89.12238441171081,89.46108190289411,89.16944373636063,88.26108211447853,86.79512823420579,84.891446117224,82.68508309744645,80.3110867045276,77.88296409831975,75.42806040678423,72.95218120916769,70.46113404653579,67.9607299419472,65.45678606095322,62.95513032215737,60.4616092938259
53.46715836946507,55.535528742008694,57.5448308545392,59.51472290956511,61.464933680337765,63.415230404391735,65.3854018666382,67.39524923794072,69.4645809862285,71.59338951197984,73.70238746931622,75.69246793766428,77.4645250853496,78.96123659292088,80.29241116946761,81.6096407176027,83.06451745671521,84.74250049994896,86.46451588239916,88.01094387845694,89.26451525255604,90.12581758231366,90.4645150846214,90.17287690856153,89.26451525255604,87.7985612996898,85.89487904330724,83.68851576349032,81.31451889568096,78.88639544470374,76.43149025424898,73.95560838909033,71.46455647110977,68.96414388588555,66.46018489441109,63.958502292747184,61.464933680337765
54.47004640296373,56.53862339107653,58.54805094749594,60.5180207572661,62.468280537594865,64.41860854194388,66.38880012857906,68.39866048751816,70.46800060086659,72.59681443676445,74.70581562315317,76.69589799017106,78.46795623222853,79.96466837297719,81.2958433557611,82.61307320020902,84.06795017737545,85.74593341232715,87.46794892783984,89.01437700581513,90.26794842793302,91.12925078350601,91.46794829464315,91.17631011102222,90.26794842793302,88.80199441744924,86.89831205042421,84.69194856421383,82.31795131948351,79.88982719801197,77.43492081786286,74.95903683547044,72.4679811431539,69.96756182680261,67.46359084199844,64.9618869188401,62.468280537594865
55.4730468798096,57.54178788874772,59.551315021396164,61.521346549591925,63.47164523061397,65.42199806287584,67.39220562254658,69.40207628990126,71.4714230426518,73.60024109323498,75.70924484253142,77.69932871652716,79.47138782718932,80.9681004704916,82.29927577570633,83.61650585533803,85.07138302144804,86.74936640856643,88.47138202969089,90.0178101726842,91.27138163291457,92.13268400897724,92.47138152712236,92.17974333750018,91.27138163291457,89.80542757669977,87.90174512185769,85.69538147183269,83.32138392793993,80.89325927429644,78.43835194988544,75.9624662870408,73.47140759902344,70.97098294014657,68.46700243614629,65.96528158984071,63.47164523061397
56.576136621028795,58.645007832247686,60.654614005751654,62.62469452269421,64.57502408034016,66.52539661898705,68.495616856652,70.50549570587818,72.57484772835652,74.70366912414977,76.81267490763193,78.80275997771848,80.57481977779325,82.07153281997286,83.4027083811012,84.71993864739844,86.17481596347311,87.8527994713663,89.5748151763149,91.121243370913,92.3748148613933,93.23611725371865,93.57481477742596,93.28317658304059,92.3748148613933,90.90886076888174,89.00517824433925,86.79881446429451,84.42481668295628,81.99669160692744,79.54178353305477,77.06589653643266,74.5748354707207,72.07440657146176,69.57041851201754,67.0686842336337,64.57502408034016
57.57929722278911,59.64827178751355,61.65794070029101,63.628060101391654,65.57841416653781,67.52880234644105,69.49903264675486,71.50891798998498,73.57827419506853,75.70709824596446,77.81610564398375,79.80619166340917,81.57825201067152,83.0749653694404,84.4061411336876,85.72337154814137,87.1782489832431,88.85623258699532,90.57824835847518,92.12467659403205,93.37824810852175,94.23955051375478,94.5782480418768,94.2866098437109,93.37824810852175,91.91229398720141,90.00861140733764,87.80224752409616,85.42824955429734,83.00012414302091,80.54521547429978,78.06932741905672,75.57826446616403,73.07783220130108,70.57383814506373,68.07209320552676,65.57841416653781
58.68251407375671,60.75157067770229,62.7612893895123,64.73143965410097,66.68181317130873,68.63221376586694,70.60245205298483,72.61234255053971,74.68170207537149,76.81052823362859,78.91953691310862,80.9096236860255,82.68168446759111,84.1783980776372,85.50957400309998,86.82680453514575,88.2816820647193,89.95966574455491,91.68168156884065,93.22810983690655,94.48168137045246,95.34298378593036,95.68168131755635,95.39004311638983,94.48168137045246,93.01572722626662,91.11204460249436,88.90568063734551,86.53168251796536,84.10355684060275,81.64864769974984,79.17275880427815,76.68169435352698,74.18125941737574,71.67726060145951,69.17550720009325,66.68181317130873
59.78577557426013,61.8548972974973,63.86465553661375,65.8348302982692,67.7852192548693,69.73562970306008,71.70587432935545,73.71576891791977,75.78513107764516,77.91395890851894,80.0229686050962,82.01305597606006,83.78511710233258,85.28183091181756,86.61300696523728,87.93023759061586,89.38511519517178,91.06309893539478,92.78511480159264,94.33154309546094,95.58511464413183,96.44641706774107,96.78511460214814,96.4934763986,95.58511464413183,94.11916048179759,92.21547782317512,90.00911379301638,87.63511555491345,85.20698966635794,82.75208015077374,80.27619058841168,77.78512494880815,75.28468789244984,72.78068529876072,70.27892518119424,67.7852192548693
60.88907251596534,62.958245927391374,64.96803554047818,66.9382297459095,68.88863095694035,70.83904922603654,72.80929888376994,74.81919671938266,76.88856097042941,79.01739012886182,81.12640063271039,83.1164884783447,84.88854987821139,86.38526384599115,87.71644000097035,89.03367070042722,90.48854836449671,92.16653215264924,93.8885480521127,95.4349763664604,96.688547927136,97.54985035719906,97.88854789381354,97.59690968837512,96.688547927136,95.22259375039737,93.31891106411426,91.11254698235714,88.73854865002387,86.31042259384449,83.85551278083571,81.3796226891622,78.88855610596511,76.38811736679466,73.8841117746769,71.3823463264324,68.88863095694035
61.99239758916147,64.06161202740309,66.07142654273638,68.04163618098067,69.9920471184711,71.94247159506943,73.91272524627644,75.9226256590808,77.99199157001343,80.12082178213106,82.22983292671174,84.21992114909241,85.99198276611097,87.48869685952943,88.81987309511646,90.13710385336937,91.59198156467475,93.269965390869,94.9919813167354,96.53840964733762,97.79198121754133,98.65328365272681,98.99198119109327,98.70034298415455,97.79198121754133,96.32602702936994,94.42234432113258,92.21598019842179,89.84198179129783,87.41385560207527,84.95894555300043,82.48305504121194,79.99198770908359,77.49154763426264,74.98753966228522,72.48576998306214,69.9920471184711
63.19574499146468,65.26499199389137,67.27482627459787,69.245048162049,71.19546681950574,73.14589622303035,75.11615304387122,77.1260555021987,79.19542273058556,81.32425377901447,83.43326543214485,85.42335395354941,87.19541574292154,88.69212993605953,90.02330623562503,91.34053704054438,92.79541478934095,94.47339864572893,96.19541459255137,97.74184293605475,98.99541451382098,99.85671695307215,100.19541449282914,99.9037762846996,98.99541451382098,97.52946031657541,95.6257775909129,93.41941343569718,91.0454149692118,88.6172886743928,86.16237843795216,83.68648759271808,81.19541966616228,78.69497853123379,76.1909686703572,73.68919563299373,71.19546681950574
64.89333256515982,66.98584010091339,69.03117560234844,71.04860996415297,73.05675131244985,75.07272044724769,77.11141301480308,79.18510874499131,81.30377955268588,83.46074452560862,85.58822768496627,87.60521875724217,89.43343706685656,91.03538340169283,92.51508497976809,94.00306218639062,95.61508461058402,97.39962641489274,99.19053600869488,100.80919740430183,102.2175665507932,103.36628791740344,103.9074079163093,103.47566709069159,102.2175665507932,100.38993620559131,98.17980882499424,95.74057860007967,93.20804983552716,90.68563350323362,88.17813935354133,85.67423600956221,83.16784468739553,80.65508083035546,78.13304946913328,75.60002876571646,73.05675131244985
63.85387133240275,65.92312000063497,67.9329552924234,69.90317780647052,71.85359685883353,73.80402651438916,75.77428349736866,77.78418606033227,79.85355335611183,81.98238444732112,84.09139612646568,86.0814846631664,87.85354646135508,89.35026065959406,90.68143696243231,91.9986677697388,93.4535455204532,95.13152937838568,96.85354532628011,98.39997367044346,99.6535452485965,100.51484768805564,100.85354522788377,100.56190701969335,99.6535452485965,98.18759105088675,96.28390832433291,94.07754416745442,91.7035456979325,89.27541939771186,86.82050915168675,84.34461828939573,81.8535503324328,79.35310914327586,76.84909918577506,74.34732597663017,71.85359685883353
62.44719627558939,64.5163723311265,66.52616354913371,68.49635874919596,70.44676058709007,72.39717925625595,74.36742917136654,76.37732717307799,78.44669153110358,80.57552075744556,82.68453130258902,84.67461917250449,86.44668058636651,87.94339456224363,89.27457072241796,90.59180142566426,92.04667909277805,93.72466288338236,95.44667878454749,96.99310709994278,98.24667866123244,99.10798109162565,99.44667862835304,99.15504042281793,98.24667866123244,96.78072448375698,94.87704179605893,92.67067771166238,90.29667937450887,87.86855330975492,85.41364348153178,82.93775336278203,80.44668673131665,77.94624790606414,75.44224216056554,72.94047643963668,70.44676058709007
61.43422766945744,63.51120255643255,65.53280689210675,67.51874473959316,69.48851416083352,71.46111258115849,73.4547496827564,75.48666292452901,77.57318615692219,79.71186404668288,81.82736316204222,83.82693119174664,85.61890215751407,87.1533725078591,88.53884041903449,89.91994819403396,91.43500979328556,93.15457057374557,94.90379933266183,96.47904046560885,97.79533161224205,98.77663242442006,99.20262959389754,98.85032226154397,97.79533161224205,96.18490372332474,94.16441898534734,91.87268273628582,89.44221384540604,86.98112704232244,84.50803667681095,82.02251904187172,79.52620125629701,77.02154565645648,74.51138559212993,71.99898820197905,69.48851416083352
60.63424978097278,62.70312765296457,64.71273786986818,66.68282089283136,68.63315202995652,70.58352557666811,72.55374646286343,74.56362573062414,76.6329780226691,78.76179958958245,80.87080547712075,82.86089060839174,84.63295044373253,86.1296635063162,87.46083908053546,88.77806935638131,90.23294668012721,91.91093019419847,93.63294590343497,95.17937410067287,96.43294559270058,97.29424798585781,97.63294550984963,97.3413073152206,96.43294559270058,94.96699149833228,93.06330897022436,90.85694518352864,88.48294739004419,86.0548222924088,83.59991418019843,81.12402711534867,78.63296592800877,76.13253681183835,73.62854836590424,71.12681340041635,68.63315202995652
44.31572333405184,46.377035699602715,48.3820468702726,50.3492770492406,52.297809151010284,54.24703411719604,56.216515912866456,58.22591813557486,60.294963148251085,62.423589643919016,64.5324769065598,66.52249228551537,68.29451191594435,69.79120171678032,71.12236236655137,72.4395817563487,73.8944503343659,75.57242680500724,77.29443762572237,78.84086281342759,80.09443254131415,80.95573398605032,81.29443118566057,81.00279326881548,80.09443254131415,78.62848056373174,76.72480210047007,74.51844589636374,72.1444619503674,69.71636148554907,67.2614970803717,64.7856877975595,62.29476526708869,59.79458342088898,57.291035522345524,54.79008365435516,52.297809151010284
45.31477175669659,47.37774164119594,49.383761514501586,51.3516178230828,53.30054493427201,55.2500221580336,57.21966630436329,59.229173327550455,61.2982858501902,63.426955205380494,65.53586853208682,67.52589923716471,69.29792770158691,70.79462261362158,72.12578654268543,73.44300832443878,74.89787882412986,76.57585684240607,78.29786873726464,79.84429458624797,81.09786470176559,81.95916635489641,82.29786362578238,82.0062256479004,81.09786470176559,79.63191225906624,77.72823290264483,75.52187503243456,73.14788804376916,70.71978216647094,68.26490815776401,65.78908178447712,63.29812878854523,60.79789261447445,58.29424792891341,55.793124035525864,53.30054493427201
46.3147216269277,48.37900901940627,50.38583023609209,52.35418379270314,54.30342453900485,56.25310202699637,58.22287505050943,60.23246526181195,62.3016313703404,64.43033474440924,66.5392687586457,68.52931162824589,70.30134710427673,71.7980460730976,73.12921260494947,74.44643628520578,75.9013083101341,77.57928755677096,79.30130030417871,80.8477266780192,82.1012971012,82.96259891973384,83.3012962471914,83.00965822086437,82.1012971012,80.63534428933684,78.73166422401351,76.52530503141381,74.15131562777472,71.72320545457069,69.26832382348246,66.7924838853043,64.30150670837499,61.801227412517505,59.297505901575775,56.79624545423036,54.30342453900485
47.315388140514294,49.38072246077907,51.388180168091125,53.35692857269339,55.306418324416285,57.25625479201355,59.22613011762587,61.23578636036939,63.30499500205886,65.43372537771896,67.54267581195353,69.53272833664917,71.30476937783752,72.80147156654752,74.13264016424094,75.44986535134393,76.90473858685614,78.58271880844481,80.3047322325219,81.85115902294208,83.1047296903154,83.96603164012974,84.30472901248822,84.01309094771034,83.1047296903154,81.63877658544662,79.73509595746705,77.52873571528504,75.15474439487645,72.72663081199865,70.27174313098772,67.79589242623962,65.30489605649662,62.80458253376645,60.30080004303096,57.799431201831055,55.306418324416285
48.31662418916005,50.382790226983715,52.39075340981266,54.359815320178754,56.309502753683574,58.25946542224331,60.229421952779305,62.239130607856154,64.30837300940613,66.4371248167407,68.54608828372199,70.53614847173982,72.30819393002182,73.8048986743695,75.13606891172702,76.45329529481756,77.90816949117227,79.58615048658146,81.3081644477318,82.85459156879165,84.10816242998078,84.96946448399254,85.3081618919889,85.01652379669252,84.10816242998078,82.64220909255317,80.73852801799282,78.53216694275605,76.15817410100422,73.73005781185955,71.27516532900006,68.79930607875124,66.30829447544566,63.80795378614326,61.30412289354068,58.80266801320997,56.309502753683574
49.318312741821,51.385139400264784,53.393503963732954,55.362814776084974,57.312659138741864,59.262721984896004,61.23274297267001,63.24249322942407,65.311762426992,67.44053124497123,69.54950505616735,71.53957132661078,73.31162029075824,74.80832706352315,76.13949860228584,77.45672593463382,78.91160089361067,80.58958250320218,82.31159689062804,83.85802427411687,85.11159528913772,85.97289742585107,86.31159486213329,86.01995674261434,85.11159528913772,83.64564176712804,81.74196033811612,79.53559860168286,77.16160455243873,74.73348611532424,72.27858982122126,69.80272378836091,67.31170009403246,64.81133784217562,62.30746853161685,59.8059453576535,57.312659138741864
50.320360739701044,52.387712039521844,54.39639529528765,56.36590370683879,58.31587264253096,60.266015007144404,62.23608715771607,64.24587043499106,66.31516090107587,68.44394322061007,70.55292524208858,72.54299634018335,74.31504808694808,75.81175646967276,77.14292904136322,78.46015712713836,79.91503269140935,81.593014788478,83.31502951423911,84.86145710601804,86.11502824313527,86.97633044548891,87.31502790422158,87.02338976547719,86.11502824313527,84.64907457462263,82.74539286428222,80.53903060305672,78.16503559542437,75.73691545346233,73.28201613436474,70.8061447181149,68.31511142704939,65.81473206070973,63.31083225693661,60.80925487555362,58.31587264253096
51.42269421393566,53.490462115095795,55.499398390390155,57.469063665240895,59.419131486137644,61.369336969287815,63.33944972972296,65.3492592161889,67.41856656342384,69.54735959927365,71.65634813730401,73.64642306712514,75.41847702246096,76.91518668301407,78.246360074541,79.56358875831228,81.01846480300591,82.69644728698563,84.41846228128371,85.9648900383826,87.21846127240782,88.07976352686023,88.41846100341185,88.12682284940821,87.21846127240782,85.7525074876157,83.84882555398468,81.6424628762311,79.26846710792496,76.84034561282274,74.38544389277992,71.90956820371389,69.41852729565906,66.91813434537403,64.41421033857736,61.91258993101856,59.419131486137644
52.4252543872297,54.493353066879635,56.50249021009145,58.47228000551718,60.42242631891173,62.37268190223487,64.34282689595216,66.352657185162,68.42197793117441,70.55077947264792,72.65977318289814,74.64985115397317,76.421906862257,77.91861753702477,79.24979157925706,80.5670207376586,82.02189716366416,83.69987995473554,85.42189516217162,86.96832305048511,88.22189436142622,89.08319665722942,89.42189414792396,89.13025598180906,88.22189436142622,86.75594048434303,84.85225837348605,82.64589536513378,80.27189899308013,77.84377642398877,75.38887279831098,72.9129937178977,70.42194676420041,67.92154303222284,65.41759981513141,62.915945256591684,60.42242631891173
53.427994565018736,55.4963558604903,57.5056524617775,59.47554110064833,61.4257497181531,63.37604506787295,65.34621564592685,67.35606244659748,69.42539382735245,71.5542021197933,73.66319993525556,75.65328032018216,77.42533741978426,78.9220488995357,80.25322345823366,81.57045299334969,83.0253297220029,84.70331275681315,86.425328133417,87.9717561258756,89.22532749786492,90.08662982648828,90.42532732840806,90.13368915268043,89.22532749786492,87.75937354753019,85.85569129600891,83.64932802526025,81.27533117401163,78.8472077524938,76.39230261431041,73.91642084217625,71.42536909002786,68.92495680054728,66.42099833601918,63.919316671145936,61.4257497181531
54.43087765869211,56.49944744085482,58.50887062243912,60.47883772058651,62.429095791777684,64.37942270528126,66.34961359011767,68.35947349613996,70.428813317775,72.55762696849325,74.66662804227605,76.65671034308215,78.42876854697587,79.92548066564393,81.25665563426122,82.57388546837592,84.02876243724079,85.70674566550676,87.4287611763792,88.97518925149784,90.22876067194116,91.09006302661388,91.42876053744315,91.13712235408588,90.22876067194116,88.76280666346666,86.85912430030001,84.65276082128713,82.27876358970107,79.8506394916115,77.39573315295024,74.91984924439154,72.42879368369645,69.92837460207838,67.42440403551596,64.92270085590192,62.429095791777684
55.433874213908894,57.502609502552346,59.512133162539996,61.48216253838157,63.43245986280493,65.38281182923969,67.35301883188315,69.36288913975375,71.43223566096967,73.56105356457513,75.67005722449596,77.6601410459393,79.43220012631085,80.92891275208771,82.26008804605839,83.57731811748857,85.03219527700963,86.71017865882158,88.43219427626308,89.978622416989,91.2321938758903,92.09349625123846,92.43219376913916,92.14055557972628,91.2321938758903,89.76623982127026,87.8625573694906,85.65619372517828,83.28219619171813,80.8540715566329,78.39916426515087,75.92327866090815,73.43222007735912,70.93179560479092,68.42781543275191,65.92609517660611,63.43245986280493
56.53696084197,58.60582751240308,60.61543092943266,62.58550973796376,64.53583821884179,66.48621007026706,68.45642986581338,70.46630842971446,72.5356602684227,74.66448154755929,76.77348726010385,78.76357228847945,80.53563206451255,82.03234509278221,83.36352064498615,84.68075090477383,86.13562821561884,87.81361171930028,89.5356274213257,91.08205561412422,92.33562710354963,93.19692949530787,93.53562701882119,93.24398882460193,92.33562710354963,90.86967301230382,88.96599049019198,86.75962671468136,84.38562894162351,81.9575038803244,79.50259583258749,77.02670888247782,74.53564789968257,72.03521914829744,69.53123135233272,67.02949754236418,64.53583821884179
57.54011897246285,59.609089932794646,61.61875665761728,63.588874702696145,65.53922791318912,67.48961554763527,69.45984549703559,71.46973061380154,73.53908667302608,75.66791063133127,77.77691797304728,79.76700395936672,81.5390642875471,83.03577763527569,84.36695339243957,85.68418380172673,87.13906123267768,88.81704483308702,90.53906060224675,92.0854888363753,93.33906035002771,94.20036275481064,94.5390602827787,94.24742208474463,93.33906035002771,91.873106229712,89.96942365177748,87.76305977213471,85.38906180890802,82.96093640932258,80.50602776134542,78.03013974301936,75.53907685593778,73.03864470844272,70.53465086133019,68.03290629357798,65.53922791318912
58.6433338617622,60.712387604667256,62.722104579808374,64.69225376808738,66.64262660694264,68.59302676856564,70.563264777161,72.57315509497022,74.64251450403324,76.77134058880087,78.88034922359293,80.87043597023352,82.64249673665378,84.13921033793716,85.4703862577779,86.78761678572293,88.24249431200201,89.92047798918438,91.64249381162864,93.18892207856084,94.44249361144223,95.30379602656285,95.64249355806668,95.35085535700478,94.44249361144223,92.97653946805376,91.07285684581271,88.86649288352021,86.49249476935637,84.06436910127286,81.6094599768845,79.13357111071385,76.64250671219706,74.14207186920098,71.6380732192679,69.13632011298944,66.64262660694264
59.74659380514865,61.815713257430176,63.82547011809616,65.79564402546237,67.74603244364505,69.69644254821137,71.6666869534418,73.6765813993413,75.74594346718074,77.8747712397258,79.98378090083413,81.97386825094249,83.74592936519414,85.24264316772414,86.57381921668164,87.89104983880546,89.34592744074652,91.02391117886368,92.74592704359992,94.29235533656843,95.54592688471188,96.40722930803754,96.74592684234766,96.45428863888257,95.54592688471188,94.07997272301048,92.17629006560335,89.96992603771169,87.59592780374895,85.16780192255834,82.71289242004201,80.23700288093625,77.74593728279122,75.24550030037031,72.7414978384225,70.23973795506868,67.74603244364505
60.849889510881226,62.91906111975638,64.92884963873142,66.89904316609926,68.8494439497824,70.79986194614145,72.7701114284146,74.7800091507938,76.84937332891042,78.97820244104727,81.08721291674411,83.0773007458254,84.84936213615109,86.34607609841069,87.67725224984822,88.99448294672182,90.44936060871589,92.127344395197,93.84936029350041,95.39578860713392,96.64936016739088,97.51066259722889,97.84936013376638,97.55772192839389,96.64936016739088,95.18340599115459,93.27972330583606,91.07335922587833,88.6993608968311,86.27123484649724,83.81632504386047,81.34043497064548,78.84936842035403,76.34892973986783,73.84492425231346,71.34315898996451,68.8494439497824
61.953213603029695,64.02242661052767,66.03224025744187,68.00244935749822,69.95285995579908,71.9032842159244,73.87353772786793,75.88343805079856,77.95280390384644,80.0816340792192,82.19064520145582,84.18073341069835,85.9527950201442,87.44950910918132,88.78068534195731,90.09791609815983,91.55279380781799,93.23077763268563,94.9527935576313,96.49922188766665,97.75279345753809,98.61409589254495,98.95279343085033,98.66115522396392,97.75279345753809,96.28683926976541,94.38315656229365,92.176792441011,89.80279403649521,87.37466785191224,84.91975781106966,82.44386731393172,79.95280000792063,77.45235997967742,74.94835209069221,72.44658255901504,69.95285995579908
63.1565602266399,65.22580609344803,67.23563968487598,69.20586114516162,71.15627953340125,73.10670876511026,75.07696547541724,77.08686786241175,79.15623504485539,81.28506606411986,83.39407769951572,85.38416621049252,87.15622799385422,88.65294218351471,89.9841184808491,91.30134928414105,92.75622703163023,94.43421088696525,96.1562268330569,97.70265517611043,98.95622675361288,99.81752919272228,100.15622673243078,99.86458852434279,98.95622675361288,97.49027255668375,95.58658983162893,93.38022567754672,91.00622721313147,88.57810092199489,86.1231906920882,83.64729985848228,81.15623195265577,78.65579085469608,76.15178105969053,73.65000813943469,71.15627953340125
64.85500298724538,66.94757550321874,68.99300983348385,71.01057452836417,73.01887338313452,75.03501886893831,77.0738927749021,79.14775499083535,81.26655280303133,83.42358960216987,85.55111966686505,87.56817870126193,89.3965375269932,90.99874232351621,92.47879817704882,93.96716793677686,95.57953822598095,97.36430883770839,99.15536339739026,100.77417433121285,102.18285567127157,103.332127943909,103.8736145854622,103.4416218249504,102.18285567127157,100.35447810707001,98.1436669372986,95.70388378825946,93.17096123756085,90.6483037649271,88.14067283934727,85.63669595379952,83.13026420543393,80.61746774061905,78.09538852797068,75.56228438216547,73.01887338313452
63.784867691839025,65.85411438005605,67.86394847004888,69.83417023930937,71.78458882227756,73.73501817826323,75.70527496852091,77.71517740711158,79.78454462278663,81.91337566314613,84.02238731136961,86.01247582988898,87.78453761759809,89.2812518097739,90.61242810872209,91.92965891319116,93.384536661626,95.06252051772263,96.78453646434289,98.33096480772181,99.58453638541502,100.44583882462697,100.78453636437055,100.49289815625252,99.58453638541502,98.11858218825702,96.21489946276267,94.00853530786054,91.63453684194795,89.20641054814783,86.75150031351504,84.27560947149831,81.784541550678,79.28410042597827,76.78009058332725,74.27831757836583,71.78458882227756
62.37819570323528,64.44736861592074,66.4571579262822,68.42735194410292,70.37775303689271,72.32817123052641,74.2984208397124,76.30831864399505,78.37768287486304,80.50651202048613,82.61552251654552,84.60561035759987,86.37767175482668,87.8743857210791,89.20556187507835,90.52279257382048,91.97767023731573,93.65565402500582,95.3776699241483,96.9240982382984,98.17766979885815,99.03897222885895,99.37766976545211,99.08603156003194,98.17766979885815,96.71171562225851,94.80803293624231,92.60166885498305,90.22767052355896,87.79954446899697,85.34463465885798,82.86874457229167,80.37767799819909,77.87723927526577,75.37323371207918,72.87146831526937,70.37775303689271
61.366145703832885,63.44319434554231,65.46491187370445,67.45100090650378,69.4209559960437,71.39376624681219,73.38762564818852,75.41974710205193,77.50643189569234,79.6452022215878,81.76076212335006,83.76041882578504,85.55257540654239,87.0873954190171,88.47336078397525,89.85504586222308,91.37064360455636,93.09057041610163,94.84003684172717,96.41552798342079,97.73235759873428,98.7146670357917,99.14138052860844,98.78857692615325,97.73235759873428,96.12067747465474,94.09914917303716,91.80663205533588,89.3756380723936,86.91424158732518,84.44097939637466,81.9553704900801,79.45900285969466,76.95430722291482,74.44408867452469,71.93159006087606,69.4209559960437
60.56526180764024,62.634131762486064,64.64373717331189,66.61381721756094,68.56414647728033,70.5145188257827,72.48473894111969,74.49461771140044,76.5639696830322,78.69279104654821,80.80179681040295,82.79188186894868,84.56394166237145,86.06065470070237,87.39183025936144,88.70906052385757,90.16393783848528,91.84192134521314,93.56393704935293,95.11036524345313,96.36393673364155,97.22523912580999,97.56393664946361,97.27229845512423,96.36393673364155,94.8979826414802,92.99430011761024,90.78793633882002,88.41393855977286,85.98581348781951,83.53090542117826,81.05501843742547,78.5639573946554,76.06352853631105,73.5595405497679,71.05780640098793,68.56414647728033
44.27705551197286,46.33829572720661,48.34326297588625,50.31046588590519,52.25898078227033,54.2081947600316,56.17766948330066,58.187067140491166,60.256109212108996,62.38473384058544,64.49361996772582,66.48363467898419,68.25565392455064,69.75234350271131,71.08350400961604,72.40072329520484,73.85559178950191,75.53356819271858,77.25557896663727,78.80200412553305,80.05557383653195,80.91687527218912,81.25557246869417,80.96393455450823,80.05557383653195,78.58962187921296,76.68594345486297,74.47958732334259,72.10560350990394,69.67750328088685,67.22263929409814,64.74683075584946,62.25590955262916,59.755730073239505,57.25218639117507,54.75124201714485,52.25898078227033
45.276064698974864,47.338977223450286,49.34496219998217,51.31279685110681,53.26171030070222,55.211178800639914,57.18081733265538,59.19032073180216,61.259430919966405,63.3880987931047,65.49701121854096,67.48704139365886,69.25906955261237,70.75576428790832,72.08692810357854,73.40414980262122,74.85902023586341,76.53699820062451,78.25901005834068,79.80543588445789,81.05900598657179,81.92030763249662,82.25900490091796,81.96736692514655,81.05900598657179,79.59305355995552,77.68937423441838,75.48301642181968,73.10902953836569,70.6809238482239,68.22605017159495,65.75022438927691,63.25927244681104,60.759038151362915,58.25539681269058,55.754278868107676,53.26171030070222
46.27598337113112,48.34022517740229,50.34701867387382,52.31535503207411,54.264584931597085,56.21425549403203,58.184024060865156,60.19361139552143,62.262775651077234,64.3914778488021,66.50041114768565,68.49045359665107,70.2624888302293,71.75918765877176,73.09035410062268,74.4075777152313,75.86244968741897,77.5404288915808,79.26244160950858,80.80886796520026,82.0624383777425,82.92374019055691,83.26243751605831,82.97079949140644,82.0624383777425,80.59648557864449,78.692805537834,76.48644639096075,74.11245707082813,71.68434704617083,69.22946567865473,66.7536262095342,64.26264986875816,61.762372064017555,59.25865320967142,56.75739748442753,54.264584931597085
47.27662508696703,49.341923187868645,51.34935887936223,53.31809362798133,55.26757476836369,57.217405738227484,59.1872775261952,61.19693148558967,63.26613865651193,65.3948680984829,67.50381796493244,69.49387015576674,71.26591100451907,72.76261308188957,74.09378160814896,75.41100674314723,76.8658799367991,78.54386012467526,80.2658735253541,81.8123003013695,83.06587096029901,83.92717290557384,84.2658702763797,83.97423221293138,83.06587096029901,81.59991786556193,79.69623725703823,77.48987705114934,75.11588579702001,72.68777233204415,70.23288486023165,67.75703452777816,65.26603882170102,62.76572648250452,60.26194610041637,57.76058100748621,55.26757476836369
48.27784143101431,50.343978697811366,52.351924397676214,54.320975465754344,56.270656063017924,58.2206143674468,60.190568089915914,62.20027493260078,64.26951616676303,66.39826723301279,68.50723024933711,70.49729017236692,72.2693354779116,73.76604013388872,75.09721031454887,76.41443665628378,77.86931081941388,79.54729178806545,81.2693057306445,82.8157328402713,84.06930369475853,84.93060574516731,85.26930315193138,84.97766505769027,84.06930369475853,82.6033503653725,80.6996693062543,78.49330825982341,76.11931547067755,73.69119927511193,71.236306958294,68.7604480035377,66.26943692699072,63.769097177080695,61.26526795817939,58.76381605306358,56.270656063017924
49.27951432985907,51.34631813777762,53.354668819335984,55.32397102393551,57.27380995977205,59.22386934174975,61.19388810061055,63.20363691880728,65.2729051897944,67.40167341956457,69.5106468730704,71.50071293319141,73.27276177611068,74.76946847873565,76.1006399724975,77.41786727202148,78.87274220462788,80.55072379298183,82.27273816566766,83.81916554008207,85.07273654978364,85.93403868363728,86.2727361189414,85.98109800026006,85.07273654978364,83.60678303415654,81.70310161740107,79.4967399038311,77.12274589634036,74.69462753349974,72.23973137118448,69.76386557285804,67.27284229662231,64.77248079037497,62.268612808275876,59.767091995875234,57.27380995977205
50.28154989429888,52.348883048221765,54.35755528233334,56.32705686050602,58.27702148836589,60.22716110323161,62.19723148461985,64.20701362007277,66.27630335071443,68.40508520338074,70.514066940958,72.50413787211892,74.27618952266445,75.77289784971893,77.10407038569215,78.42129844541483,79.87617398875557,81.55415606896794,83.2761707830299,84.82259836760642,86.07616950050173,86.93747170058563,87.27616915854199,86.98453102046241,86.07616950050173,84.61021583705497,82.70653413644251,80.50017189336359,78.12617691887098,75.69805683586023,73.24315762136291,70.76728639126355,68.27625343204113,65.77587465750048,63.271975908152996,60.77040040122742,58.27702148836589
51.383873494431455,53.451626987241895,55.460554512390274,57.43021436270226,59.380278764116085,61.33048206464575,63.30059342081992,65.31040200099692,67.37970876450048,69.50850142979318,71.61748974248957,73.60756453981469,75.37961841878109,76.87632803514865,78.20750139832674,79.52473006142014,80.97960608950143,82.65758856010231,84.37960354511475,85.92603129649714,87.17960252717137,88.04090477982227,88.37960225575773,88.08796410228172,87.17960252717137,85.71364874640005,83.8099668204901,81.60360415713947,79.2296084151364,76.80148696682392,74.34658532980251,71.87070978848476,69.37966914381562,66.87927666324705,64.37535349336527,61.87373457361713,59.380278764116085
52.38642582706834,54.454513067058855,56.463643263855275,58.43342875326556,60.38357235239155,62.333826203276786,64.3039700823941,66.31379965226671,68.38311993496511,70.51192118232481,72.62091471372645,74.610992579639,76.38304822730828,77.87975886700588,79.21093288673768,80.52816202872714,81.98303844154748,83.66102122200003,85.38303642206611,86.9294643058424,88.18303561412385,89.0443379084972,89.38303539870269,89.09139723300657,88.18303561412385,86.71708174023193,84.8133996355032,82.6070366385826,80.23304028740567,77.80491775545138,75.35001419566785,72.8741352325228,70.38308848787591,67.88268512871586,65.37874257589473,62.877089198264386,60.38357235239155
53.38915977946881,55.45751199291658,57.46680307993552,59.43668830076919,61.38689476381697,63.33718873844265,65.30735843181454,67.31720466153722,69.38653567455574,71.51534373355682,73.62434140706627,75.61442170852516,77.38647876001735,78.88319021193357,80.21436475277287,81.53159427486264,82.98647099305069,84.66445401943278,86.38646939018706,87.93289737904448,89.18646874892282,90.04777107641131,90.38646857794294,90.0948304025477,89.18646874892282,87.72051480112104,85.81683255446373,83.61046929278837,81.23647245810965,78.80834906606754,76.35344398018455,73.87756230112645,71.38651071490213,68.88609872132906,66.38214078403931,63.88046005647543,61.38689476381697
54.39203793062684,56.460600502895204,58.47001930723809,60.43998369226679,62.39024005337576,64.3405658754303,66.31075605807933,68.32061551093389,70.38995504069388,72.5187685061299,74.62776946724435,76.61785170180194,78.38990986751074,79.88662196408595,81.21779691852879,82.53502674230454,83.98990370286322,85.66788692443977,87.38990243066937,88.93633050292976,90.1899019216976,91.05120427546957,91.38990178599076,91.09826360289732,90.1899019216976,88.72394791523351,86.8202655559274,84.61390208411599,82.2399048656815,79.81178079098682,77.35687449383644,74.88099065915239,72.38993523015176,69.88951638339697,67.38554623530806,64.88384379965015,62.39024005337576
55.39503056207096,57.463760127280295,59.4732803126939,61.44330753499264,63.39360350206705,65.3439546021954,67.31416104750305,69.32403099569038,71.39337728524339,73.52219504178963,75.6311986122853,77.6212823811471,79.39334143121124,80.89005403945299,82.2212293221734,83.53845938539754,84.99333653832596,86.6713199148285,88.39333552858497,89.93976366704231,91.1933351246138,92.05463749924701,92.39333501690322,92.10169682769971,91.1933351246138,89.72738107158939,87.82369862287385,85.61733498427735,83.24333746125558,80.81521284473891,78.3603055862041,75.88442004059586,73.39336156157299,70.89293727541676,68.38895743552303,65.88723776986393,63.39360350206705
56.49811407526725,58.56697620241712,60.57657686145167,62.546653960627054,64.49698136414136,66.44735252796443,68.41757188114715,70.42745015956505,72.49680181440138,74.62562297681659,76.73462861838419,78.72471360502576,80.49677335700382,81.99348637135584,83.32466191463043,84.64189216790498,86.09676947351741,87.77475297298479,89.49676867208541,91.04319686308332,92.29676835145325,93.15807074264404,93.4967682659633,93.20513007191023,92.29676835145325,90.8308142614739,88.92713174179404,86.7207679708201,84.34677020604721,81.91864515948598,79.46373713789932,76.98785023432788,74.4967893344953,71.99636073106595,69.4923731987268,66.99063985743308,64.49698136414136
57.50126973313462,59.57023708708809,61.5799016227476,63.55001831105473,65.50037066642139,67.45075775510831,69.4209873534007,71.43087224357701,73.50022815686167,75.62905202252482,77.73805930790631,79.72814526110135,81.50020557018922,82.9969189068714,84.32809465694804,85.6453250610657,87.10020248786353,88.7781860849282,90.5002018517665,92.04663008446593,93.30020159728059,94.16150400161314,94.50020152942716,94.208563331525,93.30020159728059,91.83424747797008,89.93056490196582,87.7242010259238,85.35020306927288,82.92207768138495,80.46716905416326,77.99128107277465,75.50021825154069,72.9997862214785,70.49579258360679,67.99404838784534,65.50037066642139
58.60448265968577,60.67353353997201,62.68324877748438,64.65339688885817,66.60376904898526,68.5541687774332,70.52440650735167,72.53429664531564,74.6036559385457,76.73248194978314,78.84149053986238,80.83157726021213,82.60363801147868,84.10035160399448,85.43152751821009,86.74875804205207,88.20363556503483,89.8816192395625,91.60363506016427,93.15006332596218,94.40363485817866,95.26493727294181,95.60363480432336,95.31199660336614,94.40363485817866,92.93768071558799,91.033998094879,88.82763413544441,86.45363602649977,84.02551036770055,81.57060125978582,79.09471242293247,76.60364807667905,74.10321332688973,71.59921484303182,69.09746203200471,66.60376904898526
59.70774104509677,61.77685822516854,63.786613706621694,65.75678675922575,67.70717463869273,69.65758439944418,71.62782858348719,73.63772288664279,75.70708486254532,77.83591257672933,79.94492220234906,81.93500953159034,83.70707063381445,85.20378442938564,86.53496047387846,87.85219109274567,89.3070686920705,90.98505242808059,92.70706829135446,94.25349658342265,95.50706813103835,96.3683705540803,96.70706808829337,96.4154298849114,95.50706813103835,94.04111396997024,92.13743131377908,89.93106728815575,87.55706905833547,85.1289431845138,82.67403369507262,80.19814417923601,77.70707862257248,75.20664171412997,72.70263938399653,70.20087973498516,67.70717463869273
60.811035514174435,62.880205319502465,64.8899927437603,66.86018559268915,68.81058594878783,70.76100367225861,72.73125297897423,74.74115058805714,76.81051469320326,78.93934375901884,81.04835420654834,83.03844201906742,84.81050339984682,86.30721735658321,87.63839350447712,88.95562419876596,90.41050185868349,92.08848564349225,93.81050154063495,95.35692985355391,96.610501413392,97.4718038430048,97.81050137946528,97.51886317415874,96.610501413392,95.14454723765826,93.2408645533049,91.03450047514752,88.66050214938821,86.23237610490308,83.77746631264407,81.3015762578978,78.81050974053028,76.31007111876087,73.8060657358279,71.30430065947749,68.81058594878783
61.91435862473321,63.98357020069628,65.99338297871064,67.96359154028092,69.9140017992043,71.86442584273661,73.83467921533946,75.84457944834651,77.91394524347757,80.0427753820851,82.15178648196525,84.14187467806232,85.9139362799313,87.41065036458464,88.74182659454806,90.0590573486991,91.5139350567091,93.19191888024935,94.9139348042738,96.46036313374199,97.71393470328098,98.57523713810912,98.91393467635332,98.6222964695193,97.71393470328098,96.24798051590719,94.34429780920146,92.13793368934779,89.76393528744157,87.33580910750076,84.88089907489498,82.40500859241573,79.9139413125364,77.41350133089679,74.90949352494977,72.40772414090029,69.9140017992043
63.11770446921987,65.18694919978105,67.19678210154875,69.16700313443224,71.11742125330558,73.06785031310369,75.03810691281555,77.04800922843752,79.11737636491252,81.24620735499634,83.35521897264786,85.34530747319113,87.11736925053906,88.61408343672012,89.94525973182218,91.26249053348585,92.71736827966689,94.39535213394836,96.11736807930885,97.6637964219122,98.9173679991508,99.77867043811833,100.11736797777831,99.82572976973188,98.9173679991508,97.45141380253828,95.54773107809146,93.34136692514342,90.96736846279939,88.53924217534728,86.08433195197817,83.60844113000684,81.11737324492113,78.61693218395077,76.11292245485281,73.61114965176941,71.11742125330558
64.81699692128218,66.90963398781551,68.9551664897477,70.97286064424455,72.98131593958603,74.99763656954711,77.0366905581583,79.11071809373489,81.22964201237312,83.3867501265851,85.51432676155301,87.53145327081027,89.35995159854274,90.96241296792829,92.44282045846022,93.93157978102003,95.5442952267492,97.32929283436991,99.12049119987252,100.73945046524403,102.14844144690262,103.29826001416112,103.84011015286728,103.40786762542592,102.14844144690262,100.31932269775984,98.10783303801236,95.66750109421585,93.13418761336405,90.6112907144215,88.10352397338437,85.59947405914738,83.09300216546568,80.58017331889334,78.0580465856186,75.52485957177078,72.98131593958603
63.71612470770661,65.78536939185591,67.79520226545328,69.7654232808788,71.71584138874942,73.66627044152554,75.63652703671997,77.6464293494266,79.71579648402394,81.84462747291582,83.95363908984257,85.94372758995965,87.71578936706193,89.21250355310087,90.54367984811176,91.8609106497089,93.3157883958365,94.99377225007495,96.71578819540558,98.26221653799054,99.51578811521836,100.37709055418009,100.71578809383809,100.42414988579335,99.51578811521836,98.04983391861879,96.14615119419679,93.93978704129506,91.56578857903565,89.13766229173403,86.68275206863197,84.20686124713586,81.71579336289736,79.2153523034379,76.71134257703201,74.20956977873476,71.71584138874942
62.3094558245804,64.37862555623957,66.38841293578186,68.35860575699874,70.30900609563204,72.25942380795621,74.2296731075009,76.23957071195603,78.30893481412156,80.43776387804506,82.54677432442404,84.53686213626656,86.30892351665605,87.80563747316684,89.13681362091602,90.45404431509928,91.908921974932,93.58690575967245,95.30892165676772,96.85534996965748,98.10892152947847,98.97022395908208,99.30892149553941,99.01728329023557,98.10892152947847,96.64296735376527,94.73928466945134,92.53292059136751,90.15892226574249,87.73079622149626,85.27588642966111,82.79999637566928,80.30892985964655,77.80849124027552,75.304485861616,72.80272079286303,70.30900609563204
61.29833219955307,63.37545520488669,65.39728685507635,67.38352830540941,69.3536705619432,71.32669433340521,73.32077778586094,75.35310907124898,77.43995666881318,79.57882013636367,81.69444128631287,83.69418733202372,85.48653091954048,87.02170317238675,88.40816956102302,89.79043594106079,91.30657340107048,93.0268686073306,94.77657420103296,96.35231690246883,97.66968822833854,98.65301200030068,99.08044558485321,98.72714312688967,97.66968822833854,96.05674812224078,94.0341692440564,91.7408656786943,89.30934269246887,86.8476341585068,84.3741988095793,81.88849791850927,79.39208005206373,76.88734406324224,74.37706656915958,71.86446592926467,69.3536705619432
60.4965346809943,62.56539662256655,64.57499716894633,66.54507419830024,68.49540155780785,70.44577269354465,72.4159920286583,74.42587029541515,76.49522194274091,78.62404310038846,80.73304873905691,82.72313372399375,84.49519347498924,85.9919064887728,87.32308203168262,88.64031228469115,90.09518959008986,91.7731730893851,93.49518878836622,95.04161697929062,96.29518846761742,97.15649085878503,97.49518838209636,97.20355018805009,96.29518846761742,94.82923437768982,92.92555185810929,90.71918808732066,88.34519032288617,85.91706527692692,83.46215725640843,80.98627035473791,78.4952094582941,75.99478086090825,73.49079333933732,70.98906001718743,68.49540155780785
44.23621139130296,46.29737469326248,48.30229511917706,50.26946895880985,52.21796551295563,54.16716777617435,56.13663495966344,58.14602774961102,60.215066685796785,62.343689323677324,64.45257424027017,66.44258823970175,68.21460707496922,69.7112964157374,71.04245677033339,72.35967594482625,73.81454434986989,75.49252068120559,77.21453140523491,78.76095653341716,80.01452622641224,80.8758276523904,81.21452484558498,80.92288693423396,80.01452622641224,78.54857429069597,76.64489590782941,74.43853985369242,72.06455618157253,69.63645620394146,67.18159266319374,64.70578491871842,62.214865130468866,59.71468817431355,57.21114898739137,54.71021260256799,52.21796551295563
45.235178752873786,47.29803012981374,49.303977904503824,51.2717894673018,53.22068835258355,55.170147552201996,57.13978009887279,59.14927963447049,61.218387333872926,63.34705362700842,65.45596509160791,67.44599470173952,69.21802253503517,70.71471708191127,72.04588077669337,73.3631023875588,74.81797274996029,76.49595065766933,78.21796247578824,79.7643882775281,81.01795836535234,81.87926000359491,82.21795726938876,81.9263192958674,81.01795836535234,79.55200595588217,77.64832666327047,75.44196891209111,73.0679821408022,70.63987665018651,68.18500332758346,65.7091781752928,63.21822735591857,60.717995063253525,58.214357292665326,55.713245690028785,53.22068835258355
46.235064167137395,48.29925737653558,50.30602132154188,52.27433934497529,54.22355768095967,56.17322086016301,58.14298467578392,60.152568943677295,62.22173122379584,64.35043216743023,66.45936470368167,68.44940670421153,70.22144167931282,71.71814035830553,73.04930670420711,74.3665302488292,75.82140216479047,77.49938132366995,79.22139401016935,80.76782034651265,82.02139074771321,82.88269255443021,83.22138987784614,82.92975185498014,82.02139074771321,80.55543796222408,78.65175794754656,76.4453988494219,74.07140961831499,71.64329975202222,69.18841866549846,66.7125796964367,64.22160424707712,61.72132803200361,59.217612009828784,56.7163613187636,54.22355768095967
47.23567944762698,49.30093893674808,51.30835115787524,53.277071348159865,55.226543308138446,57.17636841694235,59.14623643346653,61.15588795860462,63.2250935615547,65.3538220081273,67.46277126926557,69.45282310417277,71.22486374777053,72.72156570644276,74.05273415654685,75.36995923599667,76.82483238502152,78.50281253695701,80.2248259126911,81.77125267334972,83.02482332327729,83.88612526371261,84.22482263286325,83.93318457083237,83.02482332327729,81.55887023934159,79.65518965155965,77.44882948436262,75.07483830089312,72.64672496161168,70.19183771282408,67.7159877772711,65.22499277872299,62.724681701282094,60.22090356720388,57.71954247026474,55.226543308138446
48.23687478559969,50.30298138070869,52.31090844245094,54.27994795177662,56.22962126102564,58.1795749129075,60.149525641725404,62.15923055223571,64.22847054185569,66.35722081804079,68.46618335392307,70.45624299445112,72.22828813716364,73.72499269892961,75.05616281914511,76.37338911679109,77.82826324450065,79.50624418462607,81.22825810740648,82.77468520484454,84.02825605218695,84.8895580987546,85.2282555042049,84.93661741108883,84.02825605218695,82.56230273137398,80.65862168871851,78.4522606729974,76.07826793993436,73.6501518441327,71.19525970433048,68.71940106459658,66.22839054962293,63.72805180119164,61.224224366608865,58.72277563334052,56.22962126102564
49.23853099656342,51.30531044426625,53.313646326634284,55.28293935465433,57.23277250503003,59.18282819388757,61.15284457652555,63.1625918610888,65.23185914425564,67.36062674694071,69.46959981911561,71.45966565501337,73.23171436869217,74.72842099654146,76.05959244232828,77.37681970685881,78.83169461135188,80.50967617706459,82.2316905340362,83.7781178987764,85.03168890280713,85.89299103361206,86.23168846787344,85.94005035008504,85.03168890280713,83.56573539398447,81.6620539902955,79.4556923010999,77.08169833812218,74.65358005446441,72.19868403264704,69.72281848435546,67.23179565384532,64.73143494248646,62.227568376647184,59.72605008188674,57.23277250503003
50.240553306142246,52.30786711520966,54.31652759934951,56.28602189255906,58.23598192789083,60.18611861127876,62.156187106556644,64.1659680247226,66.23525697131413,68.36403832625614,70.47301976116842,72.46309051436234,74.23514206232932,75.73185033003415,77.0630228279295,78.3802508598778,79.83512638090497,81.51310844314696,83.23512314473652,84.78155072163466,86.035121850029,86.89642404769313,87.23512150482188,86.94348336745102,86.035121850029,84.56916819198293,82.66548650174137,80.45912427800842,78.08512933884585,75.65700931868264,73.20211021569887,70.72623918405324,68.23520657860624,65.734828434978,63.23093080974522,60.729357301162196,58.23598192789083
51.34286637977996,53.410604512176434,55.419522708941784,57.389176776225014,59.33923753216578,61.28943850582472,63.25954836492848,65.26935597891817,67.33866212011026,69.46745439035482,71.57644246282428,73.56651711889634,75.33857091644589,76.83528048570751,78.16645381866317,79.48368245971203,80.93855847008298,82.61654092642075,84.33855590153385,85.88498364682188,87.13855487392371,87.99985712465403,88.33855459993262,88.04691644701916,87.13855487392371,85.67260109743891,83.76891917976036,81.56255653176464,79.18856081780304,76.76043941937274,74.3055378708599,71.82966248705551,69.33862212317993,66.83823014337254,64.33430786571914,61.83269053211336,59.33923753216578
52.34541035368362,54.413485398076446,56.42260818940264,58.392389088221535,60.34252979369356,62.29278179764245,64.26292448849411,66.27275329148696,68.3420730802498,70.47087401405702,72.57986735478944,74.569945108589,76.34200069163754,77.8387112939471,79.16988528969131,80.48711441418399,81.94199081294762,83.61997358207955,85.3419887742885,86.88841665322768,88.14198795867371,89.00329025152271,89.34198774120685,89.0503495759572,88.14198795867371,86.67603408818401,84.77235198998855,82.56598900525515,80.19199267633479,77.76387018397205,75.30896669443791,72.83308785631166,70.34204133453188,67.84163837282983,65.33769652818216,62.83604440950964,60.34252979369356
53.34813766932706,55.41648020058328,57.425765408913875,59.3956469858157,61.345851152017545,63.2961436606673,65.26631241088681,67.27615803192631,69.34548865290378,71.47429646303642,73.58329398521101,75.57337419768555,77.34543119788817,78.84214262012944,80.17331714192974,81.4905466501323,82.94542335716352,84.62340637456045,86.34542173907849,87.89184972409672,89.14542109172459,90.00672341800318,90.345420919121,90.05378274408014,89.14542109172459,87.67946714662315,85.7757849051513,83.56942165314892,81.19542483613523,78.767301475517,76.31239644539104,73.83651486556067,71.34546345622681,68.84505177811862,66.34109440291363,63.83941467460781,61.345851152017545
54.351010551358485,56.4195654372661,58.428979575084355,60.39894106768489,62.349195605690724,64.29952026416055,66.26970969821316,68.27956866794905,70.34890788654322,72.47772115445123,74.58672199545072,76.57680415938124,78.34886228438144,79.84557435740359,81.17674929673518,82.49397910948863,83.94885606119215,85.62683927563712,87.34885477691707,88.89528284613024,90.14885426311189,91.01015661592359,91.34885412611635,91.05721594330416,90.14885426311189,88.68290025879107,86.77921790360062,84.57285443946671,82.19885723505297,79.77073318529943,77.31582693240352,74.83994317647668,72.34888788787455,69.8484692915058,67.34449958954836,64.84279794701631,62.349195605690724
55.35399899973038,57.42272246326277,59.43223894447115,61.402263870898466,63.35255839091492,65.30290856748103,67.27311441861727,69.28298398334897,71.35233002592784,73.48114762569534,75.59015110085548,77.58023481366041,79.35229383141407,80.84900642096179,82.18018169168836,83.4974117461641,84.95228889206417,86.63027226290639,88.3522878727343,89.8987160087731,91.15228746492684,92.01358983879788,92.35228735619341,92.06064916721314,91.15228746492684,89.68633341360356,87.78265096815466,85.57628733565178,83.20228982375826,80.77416522703743,78.31925800362743,75.84337252052892,73.35231415294069,70.85189006551687,68.34791057972078,65.84619154357503,63.35255839091492
56.45707919221283,58.525936475823144,60.53553419458724,62.50560947143396,64.45593572637978,66.40630615715561,68.37652503873787,70.38640301280425,72.455754471616,74.58457550959548,76.69358107549506,78.68366601764421,80.4557257439774,81.95243874349191,83.28361427724703,84.60084452357793,86.05572182361198,87.73370531858673,89.45572101456924,91.00214920364758,92.25572069089225,93.1170230814781,93.45572060459045,93.16408241071457,92.25572069089225,90.78976660226306,88.88608408517595,86.6797203190385,84.30572256309813,81.87759753224884,79.4226895385408,76.94680268458343,74.45574187319676,71.95531342750202,69.4513261762121,66.94959333456912,64.45593572637978
57.460232214045234,59.52919572327848,61.53885792509206,63.508973166956565,65.45932461068,67.40971111753721,69.37994034151612,71.38982499012683,73.45918074782605,75.5880045147242,77.69701174004783,79.6870976579292,81.45915794666277,82.95587127156834,84.28704701408935,85.6042774126959,87.05915483506614,88.737138428565,90.45915419292848,92.0055824241043,93.25915393602585,94.12045633987827,94.45915386752809,94.16751566976656,93.25915393602585,91.79319981778701,89.88951724384057,87.6831533716373,85.30915542199676,82.8810300465794,80.426121441485,77.95023349947512,75.45917074844085,72.95873884357304,70.45474542877137,67.95300162958652,65.45932461068
58.56344304813295,60.632490876610504,62.64220426165254,64.61235122494664,66.56272266148702,68.51312192813029,70.48335936095344,72.49324930718561,74.56260847692704,76.69143440977449,78.80044295218575,80.79052964450698,82.56259037961824,84.05930396278703,85.39047987100571,86.7077103904735,88.16258790994206,89.84057158163957,91.56258740027707,93.10901566486567,94.3625871963733,95.22388961075538,95.56258714200658,95.27094894116101,94.3625871963733,92.89663305463321,90.99295043555753,88.78658647916976,86.41258837578924,83.98446272688794,81.52955363653564,79.05366483093727,76.56260054040143,74.06216588997918,71.55816758317278,69.05641508691097,66.56272266148702
59.666699772602726,61.73581453029341,63.7455685413797,65.71574068272871,67.66612798787506,69.61653738208808,71.58678133032478,73.59667548130213,75.66603735919139,77.79486501115714,79.9038745989427,81.89396190593772,83.66602299533939,85.16273678349182,86.49391282322486,87.81114343862029,89.26602103515589,90.94400476891968,92.66602063063448,94.21244892174289,95.46602046879597,96.32732289153545,96.66602042564507,96.37438222235168,95.46602046879597,94.00006630840294,92.09638365350813,89.89001963030306,87.51602140489905,85.08789553893337,82.6329860634315,80.157096572402,77.66603105996157,75.16559423038689,72.66159204077981,70.15983264159925,67.66612798787506
60.769992923294765,62.83916080587754,64.84894706306648,66.81913918871686,68.76953908897104,70.71995652151759,72.69020564107262,74.7001031293712,76.76946715672398,78.89829617315682,81.0073065906573,82.99739438551947,84.76945575612172,86.26616970696983,87.59734585108592,88.9145765426192,90.36945420032293,92.04743798334877,93.76945387925406,95.31588219141122,96.56945375080275,97.43075618017549,97.76945371655385,97.47781551131764,96.56945375080275,95.10349957560486,93.19981689228041,90.9934528160424,88.61945449378828,86.19132845553844,83.73641867434304,81.26052863928624,78.76946215701865,76.26902359784677,73.7650183264499,71.2632534483912,68.76953908897104
61.873314987389875,63.94252503720594,65.9523368888932,67.92254487638763,69.87295477350322,71.82337858612732,73.7936318101801,75.80353194732028,77.87289768070661,80.00172778011898,82.11073885616511,84.10082703824787,85.87288863203925,87.36960271201902,88.70077893898403,90.01800969094793,91.47288739720084,93.15087121932604,94.87288714236831,96.41931547123187,97.67288704041644,98.53418947505402,98.87288701323307,98.58124880645484,97.67288704041644,96.20693285346792,94.30325014757885,92.0968860292486,89.72288763012445,87.29476145513259,84.83985143130803,82.36396096445628,79.87289371243578,77.37245378047993,74.86844606305937,72.36667683639467,69.87295477350322
63.076660001259796,65.14590352047757,67.15573568700391,69.1259562642372,71.07637409594112,73.02680297246631,74.9970594542735,77.00696169380575,79.07632878127384,81.20515974024842,83.31417133898285,85.30425982840296,87.07632159933965,88.57303578181133,89.90421207453352,91.2214428744613,92.6763206192477,94.35430447240604,96.07632041698699,97.62274875911044,98.87632033606775,99.73762277488402,100.07632031449228,99.78468210649015,98.87632033606775,97.41036613979274,95.5066834159941,93.3003192642552,90.92632080411929,88.49819452059519,86.04328430419574,83.56739349462799,81.07632563165387,78.57588461011757,76.0718749512832,73.57010227311659,71.07637409594112
64.77690241296487,66.86961161945656,68.91525383103397,70.933092652326,72.9417227525941,74.95823907083962,76.99749424808074,79.07170646348591,81.19077124658202,83.34795901791222,85.47558766919258,87.49278954188793,89.32144367313089,90.92419156954789,92.40499169152423,93.89418591426644,95.50728661689041,97.29253755752796,99.08389639937747,100.70302117968464,102.11235763466236,103.26278558668864,103.80504111205687,103.37252004219309,102.11235763466236,100.28241184373425,98.07016483769338,95.62922013321338,93.0954700565532,90.57230572215644,88.06438726349577,85.5602557657378,83.05373902274248,80.54087399946485,78.01869417539721,75.4854145771233,72.9417227525941
63.648123039608265,65.71736570984356,67.72719736106825,69.69741761895422,71.64783524939237,73.59826399746873,75.56852039664113,77.57842258284506,79.64778963596615,81.7766205731375,83.88563215861365,85.87572064023797,87.64778240668129,89.1444965865532,90.47567287760744,91.79290367631857,93.24778142012755,94.92576527249874,96.64778121653333,98.19420955832045,99.44778113508059,100.30908357379087,100.64778111336288,100.35614290539178,99.44778113508059,97.98182693904218,96.07814421569782,93.87178006480633,91.49778160621804,89.0696553254469,86.6147451139322,84.1388543130576,81.64778646558065,79.14734547168214,76.64333586209281,74.14156327147543,71.64783524939237
62.2414572772135,64.31062381222134,66.32040925145803,68.2906008701911,70.24100045096174,72.19141767961094,74.16166666799245,76.17156407163799,78.24092804446846,80.36975702629086,82.47876742274515,84.46885520523236,86.24091656870178,87.73763051542305,89.06880665689141,90.3860373464934,91.84091500264556,93.51889878442186,95.24091467945988,96.78734299108314,98.04091455016169,98.90221697936617,99.240914515687,98.94927631050007,98.04091455016169,96.57496037533933,94.67127769273601,92.46491361784322,90.09091529804576,87.66278926416601,85.20787949072468,82.73198946946738,80.24092301179999,77.74048449650024,75.23647930327469,72.73471456419091,70.24100045096174
61.231237025492334,63.30843255127884,65.33037549010561,67.31676556478341,69.28709031622577,71.26032225948472,73.25462412859574,75.28715994849925,77.37416622670412,79.51312047165843,81.62880131301264,83.62863442812696,85.4211602514525,86.95667571617696,88.34363019176993,89.72646272476885,91.24312570342504,92.96377953857045,94.71371792807093,96.2897054595163,97.60760390908945,98.59191435378223,99.02004811642666,98.66626062283102,97.60760390908945,95.9934375489145,93.96983567972046,91.67576599711204,89.24372752873342,86.78171486359142,84.30811073166106,81.82232017447923,79.32585333669232,76.82107801090253,74.3107430526347,71.79804294712264,69.28709031622577
60.428548948226634,62.49740283720284,64.50699849525134,66.47707249490104,68.42739794486084,70.3777678618728,72.34798641292882,74.35786417368716,76.42721549511299,78.55603644588028,80.66504195874712,82.65512686971331,84.42718657807299,85.9238995671885,87.25507509427173,88.57230533573615,90.02718263186047,91.70516612368655,93.4271818174837,94.97361000521667,96.22718149167271,97.08848388183458,97.42718140480193,97.13554321105022,96.22718149167271,94.7612274039898,92.85754488871984,90.6511811259721,88.2771833762221,85.84905835638472,83.39415038221567,80.91826356303088,78.42720281363249,75.92677447848774,73.42278742417423,70.92105493271686,68.42739794486084
44.198234802133044,46.259325937536886,48.26420242914983,50.23134899126619,52.17982833423764,54.12901960519952,56.09847971375984,58.1078679365327,60.176903930582256,62.30552470058275,64.41440848125485,66.40442181274148,68.17644026300343,69.67312938101351,71.00428959268999,72.32150866293557,73.77637698422791,75.45435324811382,77.1763639253293,78.72278902469137,79.97635870079252,80.8376601176883,81.1763573077765,80.88471939908561,79.97635870079252,78.51040678534721,76.60672844140679,74.40037245988276,72.02638892036998,69.59828917862782,67.14342605642432,64.66761905678888,62.176700596281194,59.67652600780795,57.172991038905096,54.67206215073769,52.17982833423764
45.197162919845056,47.25995692211312,49.265869789585786,51.23365968786281,53.18254490686488,55.13199537957422,57.101622309906986,59.11111822014199,61.18022358421052,63.30888839474633,65.41779895774171,67.40782803771657,69.17985556542999,70.67654993550161,72.00771351684782,73.32493504497181,74.77980534089971,76.45778319507372,78.17979497603636,79.72622075490162,80.97979082931714,81.84109246035104,82.17978972367932,81.88815175226932,80.97979082931714,79.51383843593604,77.61015917422009,75.40380148067376,73.02981481463544,70.60170951124583,68.14683652084423,65.67101195974197,63.180062194224234,60.67983178087556,58.17619735840364,55.67509170672734,53.18254490686488
46.197017128455194,48.2611647389065,50.26790095498478,52.236201774233564,54.185409259652886,56.135065510823566,58.104824868147006,60.11440625834001,62.183566684802756,64.31226645165773,66.42119827229087,68.41123985202967,70.18327458458819,71.6799731232503,73.01113937911742,74.32836285806738,75.7832347212684,77.46121383765704,79.18322649466546,80.7296528128532,81.9832232034112,82.84452500440666,83.1832223258657,82.89158430467552,81.9832232034112,80.517270430692,78.61359044053646,76.40723138815524,74.03324224058593,71.60513252289518,69.1502517000416,66.67441320021179,64.18343858731572,61.68316386391069,59.179450499308956,56.67820453206622,54.185409259652886
47.197607604509464,49.262830863452194,51.27022106157669,53.23892759119012,55.18839093678069,57.13821054586856,59.10807502345722,61.117724264406746,63.1869283960462,65.31565590858364,67.42460460172606,69.4146561026478,71.18669655373796,72.68339840102925,74.01456677967269,75.33179180699841,76.78666491414734,78.4646450323578,80.18665838468486,81.73308513093338,82.98665577241394,83.84795770830807,84.18665507590553,83.89501701520473,82.98665577241394,81.52070269861376,79.61702213029494,77.41066199940451,75.036670882239,72.60855766090336,70.15367062139205,67.67782105827209,65.18682672363627,62.686516830167506,60.18274080551447,57.68138345821728,55.18839093678069
48.198783232154696,50.264861047208356,52.27277062011524,54.241799283365665,56.191465753928,58.14141504009456,60.11136295981652,62.12106605726669,64.1903048790669,66.31905441389222,68.42801649895011,70.4180758743916,72.19012086430996,73.68682533767249,75.01799540116949,76.33522165744446,77.79009575191705,79.46807666527485,81.19009056947706,82.73651765547783,83.99008849611587,84.85139053907916,85.1900879432967,84.89844985123631,83.99008849611587,82.52413518334745,80.62045415613989,78.41409316923534,76.04010048879789,73.61198448661013,71.15709251291125,68.68123416877981,66.19022418076045,63.68988637206995,61.18606061180709,58.68461485484676,56.191465753928
49.20042378448758,51.26718037421828,53.27550236990976,55.244786787129485,57.19461450872703,59.14466673214372,61.11468088504893,63.12442673052334,65.19369308676602,67.32246010102364,69.4314328153753,71.4214984408724,73.19354703327788,74.6902535909611,76.02142499173034,77.33865222342462,78.79352710153748,80.47150864600468,82.1935229882308,83.73995034389318,84.99352134260265,85.8548234705468,86.19352090382974,85.90188278687921,84.99352134260265,83.52756784016495,81.623886448737,79.41752478241315,77.04353086120442,74.61541265184817,72.16051676186754,69.68465144819717,67.19362903593519,64.69326907046259,62.18940383357479,59.68788790124718,57.19461450872703
50.20243365663581,52.26972931371752,54.27837877235244,56.247866229738094,58.19782195567305,60.14795588830539,62.11802261374757,64.12780238966889,66.19709060054446,68.32587148844509,70.43485263935057,72.42492322554853,74.1969746772605,75.69368288927438,77.02485535143919,78.34208335732532,79.79695885741447,81.47494090279392,83.19695559267996,84.743383162373,85.99695428654385,86.85825648193739,87.19695393828954,86.90531580158371,85.99695428654385,84.53100063356553,82.62731895305552,80.42095674747593,78.04696184146545,75.61884188027548,73.16394288193088,70.68807203650505,68.19703976302455,65.69666221141514,63.19276564099884,60.69119400756543,58.19782195567305
51.30473685289769,53.37246057200076,55.38137001552144,57.3510186563083,59.301075991517706,61.251274781753494,63.22138323607746,65.23118994344236,67.30049550068637,69.42928740023603,71.53827524728771,73.52834977081446,75.30040349196616,76.79711301702577,78.12828632162203,79.4455149419853,80.90039093573773,82.57837337869168,84.30038834451568,85.84681608408503,87.10038730783468,87.96168955676282,88.30038703142503,88.00874887903942,87.10038730783468,85.63443353537212,83.73075162541755,81.52438899183014,79.15039330418142,76.72227195255829,74.26737048709776,71.79149525109668,69.30045515070475,66.8000636407884,64.2961422003604,61.79452635511568,59.301075991517706
52.30727298347847,54.375336584217564,56.384452426642156,58.35422901788135,60.30436700808977,62.254617278961916,64.22475885480117,66.23458693818993,68.30390626346662,70.43270690305064,72.54170006486794,74.53177771346589,76.30383323587729,77.80054380310364,79.13171777633895,80.44894688441346,81.90382326998696,83.58180602849612,85.3038212133323,86.85024908773258,88.103820390518,88.96512268193659,89.30382017113149,89.0121820063008,88.103820390518,86.63786652322077,84.7341844311558,82.5278214578583,80.15382514982247,77.72570269461063,75.2707992709953,72.79492055018093,70.30387423752933,67.80347164878341,65.29953046865272,62.797879531327055,60.30436700808977
53.30999407157513,55.37832751759282,57.387607209664964,59.3574853672815,61.30768737823392,63.25797851128138,65.22814637649105,67.23799142637066,69.30732167947497,71.43612925608096,73.54512663624996,75.5352067652257,77.30726371730051,78.80397511169619,80.13514961563115,81.45237911080258,82.9072558073648,84.58523881633042,86.30725417499673,87.85368215641239,89.10725352192853,89.9685558470718,90.30725334780132,90.01561517309298,89.10725352192853,87.64129957936095,85.7376173427549,83.5312540998292,81.15725729939159,78.72913396826007,76.27422899045396,73.7983475037343,71.30729626038627,68.80688487829568,66.30292803052492,63.80124923987606,61.30768737823392
54.31286200935145,56.381409682785176,58.39081944177178,60.36077822025882,62.31103104755181,64.26135461416865,66.23154334577339,68.2414018621732,70.31074078878378,72.43955387134059,74.5485545996298,76.53863669728716,78.31069478408823,79.80740683500932,81.13858176016114,82.4558115625718,83.91068850596604,85.5886717137191,87.31068721035449,88.85711527670834,90.1106866920139,90.9719890439245,91.31068655380903,91.01904837126078,90.1106866920139,88.64473268970417,86.74105033837576,84.53468688144599,82.16068969018869,79.7325656638388,77.27765945246921,74.80177577044452,72.31072061358587,69.81030225216779,67.30633296883943,64.80463207053967,62.31103104755181
55.31584653255297,57.384564270586196,59.39407727595167,61.36410004804395,63.31439321020986,65.2647425201485,67.23494781374202,69.24481701865676,71.31416282948655,73.4429802821401,75.5519836678418,77.5420673280456,79.31412631548056,80.8108388874866,82.14201414695872,83.45924419322537,84.91412133253036,86.59210469806118,88.3141203042027,89.86054843797206,91.11411989279549,91.97542226595134,92.31411978310223,92.02248159433142,91.11411989279549,89.64816584306844,87.74448340068477,85.53811977389984,83.16412227244862,80.73599769430328,78.28109050385278,75.80520507941054,73.31414681638742,70.81372291544494,68.30974376191764,65.80802531647794,63.31439321020986
56.41892360905062,58.48777634772755,60.497371307485295,62.46744487434587,64.41777005152919,66.36813979444774,68.33835823350206,70.34823592197908,72.41758719685049,74.54640811806514,76.65541361296138,78.64549851336095,80.41755821563014,81.91427120122185,83.24544672604424,84.56267696585961,86.01755426065913,87.69553775141824,89.41755344447488,90.96398163175193,92.21755311794072,93.07885550795893,93.41755303087712,93.12591483716751,92.21755311794072,90.7515990305785,88.84791651592425,86.64155275432518,84.26755500667284,81.83942999056694,79.38452202301886,76.90863521561707,74.41757448722396,71.91714618954006,69.41315920197374,66.91142682917979,64.41777005152919
57.422074157361905,59.49103405890004,61.50069407074517,63.47080795533651,65.42115854361673,67.37154450451207,69.34177337725254,71.35165779918928,73.42101341089433,75.54983708511597,77.6588442540841,79.64893013882875,81.42099040846269,82.91770372231774,84.24887945774887,85.56610985118398,87.0209872693996,88.6989708595525,90.4209866215937,91.96741485133985,93.22098636242337,94.08228876582524,94.42098629332094,94.12934809569137,93.22098636242337,91.75503224519008,89.85134967317464,87.64498580457344,85.27098786151113,82.84286249779558,80.3879539134644,77.91206600840574,75.4210033232436,72.92057153585245,70.41657833036939,67.91483490331363,65.42115854361673
58.525283027986305,60.59432799279553,62.60403963956793,64.57418552555818,66.52455628311857,68.47495511642585,70.44519227046851,72.4550820367885,74.52444109065384,76.65326694994374,78.76227544762554,80.75236211364613,82.52442283359801,84.02113640799595,85.3523123105874,86.6695428259506,88.12442034212167,89.80240401116347,91.52441982795776,93.07084809141168,94.32441962225414,95.18572203627862,95.5244195674075,95.23278136666667,94.32441962225414,92.85846548131215,90.9547828637691,88.7484189102403,86.37442081208093,83.9462951724674,81.49138609859489,79.01549732232469,76.52443308407169,74.02399852689089,71.52000038622147,69.01824818532086,66.52455628311857
59.62853819391037,61.69765067855552,63.70740330991924,65.6775745961893,67.62796136241995,69.5783704126903,71.54861413965727,73.55850814783761,75.62786993375573,77.7566975273387,79.86570707962245,81.85579436574264,83.62785544311228,85.12456922430329,86.45574525957,87.77297587170764,89.22785346562598,90.90583719728195,92.62785305753381,94.17428134774158,95.42785289426674,96.28915531672237,96.62785285073494,96.33621464752467,95.42785289426674,93.96189873450716,92.05821608082883,89.85185205989289,87.47785383863291,85.04972798003892,82.59481851761706,80.11892904986537,77.62786357892193,75.12742682335318,72.62342476560951,70.12166560085859,67.62796136241995
60.73183010749325,62.80099618586377,64.81078134793026,66.78097279488998,68.73137226740081,70.68178942695761,72.65203837088981,74.66193574584992,76.731299700205,78.86012867029933,80.969139059622,82.95922683791579,84.7312881989682,86.22800214429103,87.55917828486217,88.87640897380973,90.33128662943614,92.00927041078901,93.73128630553317,95.27771461697552,96.53128617594801,97.39258860509548,97.7312861413968,97.43964793622655,96.53128617594801,95.0653320012529,93.16164931889395,90.95528524445697,88.58128692549198,86.15316089309306,83.6982511222793,81.2223611056981,78.73129465636669,76.23085615593342,73.72685098919692,71.22508629720599,68.73137226740081
61.835151189637074,63.9043598073892,65.91417078985458,67.88437823866299,69.8347877962749,71.78521139222542,73.75546447688566,75.76536452406883,77.83473019951674,79.9635602621502,82.07257131583154,84.062659484764,85.83472107097565,87.33143514657,88.66261137072135,89.979842120633,91.43471982523714,93.11270364603448,94.83471956815518,96.38114789645137,97.63471946530336,98.49602189976213,98.83471943788004,98.54308123115418,97.63471946530336,96.16876527875391,94.26508257363113,92.05871845673036,89.68472006021682,87.25659388986882,84.80168387428418,82.32579342209652,79.8347261962175,77.3342863108826,74.83027867653118,72.3285095975491,69.8347877962749
63.03849542409576,65.107737806646,67.1175692832562,69.08778943292853,71.03820699516601,72.98863569971633,74.95889207088722,76.96879423902035,79.03816128050266,81.16699221028576,83.27600379126923,85.26609227025192,87.03815403517261,88.53486821416357,89.86604450465259,91.18327530295146,92.63815304642927,94.3161368985337,96.03815284238317,97.5845811840563,98.83815276074962,99.699455199424,100.03815273898371,99.74651453102314,98.83815276074962,97.3721985647914,95.46851584160096,93.26215169099662,90.88815323293275,88.46002695309448,86.00511674323502,83.52922594530622,81.03815810308062,78.5377171185474,76.03370752564517,73.53193496469461,71.03820699516601
64.73956445538198,66.83233643801778,68.87807411511794,70.89603881353614,72.90482100418782,74.92150756896423,76.96093776301839,79.03531062065366,81.15449792495333,83.31175497722823,85.43942886786958,87.4566962834713,89.285485908888,90.88848295917289,92.36962444979318,93.85919672388385,95.47263226468522,97.25810335429664,99.04960163931054,100.66887023088978,102.07850682491755,103.2294640872745,103.77207165378803,103.33930870197054,102.07850682491755,100.24784244518843,98.03493718203842,95.59345973179919,93.05932998472159,90.53593304910137,88.02788262256354,85.52368015780414,83.0171244007052,80.5042279070163,77.98200189794686,75.44864175565094,72.90482100418782
63.579940506092015,65.64918112514663,67.65901153137813,69.62923101770562,71.57964816187585,73.53007659961358,75.50033279913632,77.51023485649637,79.57960182663336,81.70843271112696,83.8174442645705,85.80753272735988,87.57959448294696,89.0763086565377,90.40748494356205,91.72471573933376,93.17959348078125,94.85757733125057,96.5795932739652,98.12602161493967,99.37959319122345,100.24089562967767,100.57959316916208,100.287954961266,99.37959319122345,97.91363899575663,96.00995627350984,93.80359212466576,91.42959366981655,89.00146739569675,86.54655719598388,84.07066641611243,81.57959860607738,79.07915767895312,76.57514818834215,74.07337580924812,71.57964816187585
62.1732779221729,64.24244120138036,66.25222466440681,68.22241505840364,70.17281386728672,72.12323060331002,74.09347927476986,76.10337647388951,78.17274031499136,80.3015692131932,82.41057955879899,84.40066731138754,86.17272865762376,87.66944259437432,89.00061872944563,90.31784941438158,91.7727270667851,93.4507108455424,95.17272673848508,96.71915504881837,97.97272660714077,98.83402903593874,99.17272657212051,98.88108836705264,97.97272660714077,96.50677243322573,94.6030897523647,92.39672568072197,90.02272736685993,87.59460134353847,85.1396915888314,82.66380160091447,80.17273520268233,77.67229679337993,75.16829178902009,72.66652738570644,70.17281386728672
61.16399520130069,63.2412659592935,65.26332434319006,67.24986858366867,69.22038261963817,71.19383045982404,73.18835882823942,75.22110673055295,77.30827753114329,79.44732588991857,81.56306861438203,83.5629919927426,85.355706724644,86.89157792450285,88.27903819798348,89.66245728263519,91.17966457526448,92.90068978879825,94.65086921673776,96.2271102185605,97.54555429601604,98.5308856875185,98.95974366414987,98.60545450977334,97.54555429601604,95.930118427308,93.90545692408583,91.61059334943249,89.17802055009693,86.71569257251002,84.24191343292854,81.75602989715014,79.25951227725015,76.75469615911753,74.24430160927324,71.73149835201428,69.22038261963817
60.3603826448507,62.42922833226983,64.43881901154522,66.40888992543073,68.3592134305073,70.30958210624144,72.2797998587302,74.28967710412594,76.35902809362065,78.48784883367901,80.59685421841614,82.5869390540427,84.35899871897753,85.85571168296849,87.18688719393217,88.50411742363887,89.95899471031721,91.6369781945359,93.35899388305315,94.9054220675356,96.15899355208624,97.02029594122376,97.35899346384075,97.06735527038907,96.15899355208624,94.69303946668961,92.78935695580995,90.5829932012519,88.20899546645818,85.78087047322609,83.32596254626426,80.8500758110917,78.3590152114601,75.85858714340957,73.3546005650007,70.85286891960854,68.3592134305073
44.15657568011646,46.21758692048287,48.222414771399286,50.189531133415244,52.13799142095678,54.0871705217082,56.05662279714106,58.06600596327462,60.13503869987298,62.263657401806384,64.37253992481632,66.36255251677116,68.13457054076466,69.6312594121425,70.96241946558207,72.27963842040762,73.7345066489726,75.41248283817977,77.13449346356406,78.68091853101716,79.93448818841375,80.79578959525375,81.13448678190265,80.84284887615702,79.93448818841375,78.46853629541195,76.56485799456962,74.35850209344089,71.98451870074734,69.55641922017566,67.10155656137383,64.62575038640634,62.13483339594019,59.63466142890118,57.13113113006894,54.630210541961475,52.13799142095678
45.155460351601924,47.218190833831564,49.224065054330666,51.19183096674682,53.14070105500616,55.090141865588265,57.05976257768717,59.06925447402493,61.13835725247526,63.26702042151551,65.37592998627778,67.36595847927639,69.13798566865677,70.63467984297486,71.9658432987277,73.28306473524242,74.73793495757235,76.41591275247366,78.13792449229786,79.68435024583692,80.9379203054066,81.79922192845919,82.13791918905773,81.8462812199854,80.9379203054066,79.47196792983895,77.56828870233,75.36193107259358,72.98794452308607,70.55983942698856,68.10496680439218,65.62914289783889,63.138194299124166,60.637965966505135,58.1343352509748,55.633236188021954,53.14070105500616
46.15528001235919,48.21937713916779,50.226082655366085,52.19436442691995,54.14355989900281,56.093208479683824,58.062962900913476,60.07254110499696,62.14169947914134,64.27039794309658,66.37932897141522,68.36937008526465,70.14140454928585,71.63810293257743,72.9692690887606,74.286492495,75.74136429978614,77.41934336912996,79.14135599348674,80.68778229157303,81.94135267034788,82.80265446500862,83.14135178430104,82.84971376496621,81.94135267034788,80.47539991176723,78.57171994876184,76.36536094702663,73.99137189194809,71.5632623387858,69.10838180786135,66.63254382755342,64.1415701407686,61.64129706890023,59.13758664669156,56.636345909527904,54.14355989900281
47.15584302699125,49.22102617427875,51.22839198964798,53.197083394725865,55.14653720276738,57.09635072274122,59.06621128212228,61.07585799408034,63.145060496723175,65.27378697512077,67.38273503939246,69.3727861705338,71.14482640848433,72.64152813245738,73.9726964319814,75.28992140159656,76.74479446238149,78.4227745432524,80.14478786966379,81.69121459995779,82.94478523208608,83.80608716295231,84.14478452883012,83.85314646960194,82.94478523208608,81.47883216950765,79.57515162273793,77.3687915320453,74.99480048828988,72.56668739754099,70.11180058973517,67.6359514389638,65.14495783939499,62.64464925678982,60.140875567636385,57.639522371837444,55.14653720276738
48.15699683275406,50.22304278418845,52.23093299424701,54.19994964913042,56.14960854812327,58.09955300070003,60.06949781026927,62.07919890034756,64.14843642916793,66.2771851431785,68.38614672909486,70.37620581103909,72.14825063178753,73.64495500727195,74.97612500797163,76.29335121844164,77.74822527611505,79.42620615983641,81.14822004346934,82.69464711680698,83.9482179500221,84.80951998899474,85.1482173918474,84.85657930095583,83.9482179500221,82.4822646461604,80.57858363605638,78.37222268105691,75.99823005888516,73.57011416034437,71.11522237055104,68.63936435370329,66.14835494911458,63.64801818088117,61.14419427438162,58.64275181270811,56.14960854812327
49.15862004880816,51.225351331353025,53.233657952284474,55.20293283592639,57.15275454694961,59.10280293352969,61.07281461773542,63.0825588698884,65.15182419986431,67.28059056262987,69.38956288080857,71.37962827335522,73.15167673148989,74.64838321148703,75.97955456241388,77.29678175775265,78.75165660665797,80.4296381276027,82.15165245350293,83.6980797991146,84.95165079193248,85.81295291670928,86.1516503489089,85.86001223288606,84.95165079193248,83.48569729656407,81.5820159187112,79.37565427771042,77.00166040274729,74.57354227565587,72.11864653164167,69.642781477738,67.15175952855,64.65140038890385,62.14753662339689,59.64602330669166,57.15275454694961
50.160616150899706,52.227891710926414,54.23652896253611,56.20600885152129,58.155959806220295,60.106090693292686,62.07615545921989,64.08593397047747,66.15522136678696,68.2840017375911,70.39298257405129,72.38305297535541,74.15510432049624,75.65181247085047,76.98298489345531,78.30021287048606,79.75508834739313,81.43307037410273,83.15508505103091,84.70151261274668,85.95508373224138,86.816385925121,87.15508338061332,86.8634452446438,85.95508373224138,84.48913008487396,82.58544841513853,80.37908622965787,78.00509136035257,75.57697146445634,73.12207258196564,70.64620194271777,68.15517003678232,65.65479314064135,63.15089773809095,60.649328180773864,58.155959806220295
51.26290841140115,53.330616172697745,55.33951592493091,57.309158557669434,59.25921210554313,61.20940847835209,63.17951537734065,65.18932108091377,67.25862599162515,69.38741748075071,71.4964050782254,73.48647945500122,75.2585330915671,76.75524256768733,78.08641584088477,79.40364443834548,80.85852041369827,82.53650284183396,84.25851779737332,85.80494553061112,87.05851675064928,87.91981899758211,88.25851647156188,87.96687831976065,87.05851675064928,85.59256298264015,83.6888810812373,81.48251846360245,79.10852280508665,76.68040150528725,74.22550013178022,71.7496250594233,69.25858525075397,66.75819426108924,64.25427374761605,61.75265955024608,59.25921210554313
52.26543585819084,54.3334867889474,56.34259493777546,58.312366759790336,60.26250174373433,62.21275009579006,64.18289043711636,66.19271772377772,68.26203653589411,70.39083684972158,72.49982981344846,74.48990734556975,76.26196280084521,77.75867332922829,79.08984727754232,80.40707636743903,81.86195273840872,83.53993548515663,85.26195066182987,86.80837853120478,88.06194983104439,88.92325212087931,89.26194960953256,88.97031144516572,88.06194983104439,86.59599596728182,84.69231388200441,82.48595092136844,80.11195463645547,77.68383222237618,75.22892887174451,72.75305028081499,70.26200419970496,67.7616020238868,65.2576615794926,62.75601195012389,60.26250174373433
53.26815005139089,55.336473438549945,57.34574702319185,59.315621395073535,61.26582101979227,63.216110629808924,65.18627751515828,67.196121932664,69.26545177846833,71.39425909651945,73.50325631946332,75.49333635599123,77.26539325478012,78.76210461834586,80.09327910250076,81.41050858324448,82.86538526821565,84.54336826784633,86.2653836200337,87.81181159746072,89.06538296063877,89.92668528452512,90.26538278482474,89.97374461048452,89.06538296063877,87.59942902087667,85.69574678965786,83.48938355678166,81.11538677469667,78.68726347621212,76.23235855633325,73.75647717270348,71.26542611313087,68.76501505878366,66.26105879497487,63.75938104247601,61.26582101979227
54.27101251506622,56.33955220308535,58.3489571139595,60.31891288745544,62.269163820692654,64.21948617843805,66.1896741323103,68.19953214678776,70.26887075012135,72.39768362746193,74.50668423096107,76.49676625524239,78.26882429975035,79.76553632620164,81.09671123565406,82.4139410266134,83.8688179608078,85.54680116115176,87.26881665264479,88.81524471583288,90.06881612928268,90.9301184801956,91.26881598973895,90.9771778074829,90.06881612928268,88.60286212919968,86.69917978214713,84.49281633319362,82.11881915650281,79.69069515606486,77.23578899067219,74.75990539047017,72.26885037947463,69.76843227818813,67.26446345835546,64.76276338405091,62.269163820692654
55.27399269245129,57.34270409138976,59.352213248401426,61.3222336352723,63.27252529406161,65.2228736444925,67.19307832078873,69.20294712732309,71.272292681566,73.40110997133863,75.51011325799413,77.50019685995926,79.27225581382612,80.76896836641048,82.10014361342192,83.41737365059967,84.87225078260275,86.55023414225295,88.272249744313,89.81867787556965,91.07224932892018,91.93355170128419,92.27224921816426,91.9806110296254,91.07224932892018,89.60629528096047,87.70261284197059,85.4962492215164,83.12225173162665,80.6941271740476,78.23922002008906,75.76333466058958,73.27227651333841,70.77185281886344,68.2678740332159,65.76615624179111,63.27252529406161
56.377066319029566,58.445914025691366,60.455505930753844,62.42557760436317,64.37590158827565,66.32627056961611,68.29648851871457,70.30636589099414,72.37571696221131,74.50453775414687,76.61354317042994,78.60362802460531,80.37568770023151,81.8724006704082,83.20357618534058,84.52080641794204,85.97568370694603,87.65366719303769,89.37568288285487,90.92211106813758,92.17568255315734,93.03698494254706,93.37568246525032,93.08404427172476,92.17568255315734,90.70972846719783,88.80604595523724,86.59968219866289,84.22568446018687,81.79755946040447,79.34265152182009,76.86676476596348,74.37570412945877,71.87527599564886,69.3712893000708,66.86955744637481,64.37590158827565
57.38021412873317,59.44917003593464,61.458827623106004,63.42894000495998,65.37928964611528,67.32967500253541,69.29990348639343,71.30978765736239,73.3791431074263,75.50796667903874,77.61697378561146,79.60705963366794,81.37911988215528,82.87583318377541,84.20700891135682,85.52423929906627,86.97911671268199,88.6571002991303,90.37911605860035,91.9255442867636,93.17911579691925,94.04041819982228,94.3791157271474,94.08747752966391,93.17911579691925,91.71316168079929,89.80947911092181,87.60311524630876,85.22911731052969,82.80099195977014,80.34608339842745,77.87019553428027,75.37913292205013,72.87870126472623,70.37470829099559,67.8729652759519,65.37928964611528
58.483420825468116,60.55246261970332,62.56217234190974,64.53231703513694,66.48268704094794,68.43308539447645,70.40332223986026,72.41321180698588,74.48257073255613,76.61139651040487,78.72040495856336,80.7104915954645,82.48255229863231,83.97926586331937,85.31044175968049,86.62767227049926,88.08254978301935,89.76053344912086,91.48254926387439,93.02897752607196,94.28254905617797,95.14385146980652,95.48254900079999,95.19091080017512,94.28254905617797,92.81659491611964,90.91291230027349,88.70654834991007,86.33255025753142,83.90442462820106,81.44951557257454,78.97362682877583,76.48256264840909,73.98212819446297,71.47813023773634,68.97637836385226,66.48268704094794
59.58667426581424,61.65578423380498,63.665535337575946,65.6357056771244,67.58609184668114,69.53650051614676,71.50674399812937,73.51663784820835,75.58599953229832,77.7148270612413,79.82383657421832,81.81392383722635,83.58598490127447,85.08269867475796,86.41387470507965,87.73110531361036,89.18598290463093,90.86396663395318,92.58598249258529,94.13241078179588,95.38598232773651,96.24728474987793,96.58598228378301,96.29434408066479,95.38598232773651,93.92002816867831,92.01634551634677,89.80998149792326,87.43598328125144,85.0078574308192,82.5529479828792,80.07705854090017,77.5859931159011,75.0855564422699,72.5815545305222,70.07979562532599,67.58609184668114
60.689964809703724,62.759128890498374,64.76891284007355,66.73910353560412,68.68950253452826,70.63991939183754,72.6101681413245,74.62006539079903,76.68942926433287,78.81825818312237,80.92726854124722,82.91735630119692,84.68941765167601,86.18613159088136,87.51730772752764,88.83453841361238,90.28941606693884,91.96739984643943,93.689415739898,95.23584405054888,96.48941560905743,97.3507180379555,97.68941557417149,97.3977773690743,96.48941560905743,95.023461434919,93.11977875362902,90.91341468118613,88.53941636586273,86.11129033994183,83.65638058062233,81.18049058449688,78.6894241716316,76.18898573623233,73.68498068537318,71.1832161993919,68.68950253452826
61.79328480465739,63.86249183686576,65.87230185695084,67.84250870933964,69.79291789106158,71.74334124711649,73.71359417744478,75.7234941250297,77.79285973632965,79.92168975824237,82.03070078716198,84.0207889415347,85.79285051935427,87.28956459009322,88.6207408111294,89.9379715587688,91.39284926154747,93.07083308087468,94.79284900197497,96.33927732964301,97.59284889812676,98.4541513323876,98.7928488704378,98.50121066376988,97.59284889812676,96.12689471201915,94.22321200774483,92.01684789242674,89.64284949880354,87.21472333359715,84.7598133271355,82.28392289118364,79.7928556942478,77.29241586053047,74.78840831815114,72.28663940267961,69.79291789106158
62.996628176172464,65.06586930023374,67.07570001298629,69.0459196892738,70.99633695316469,72.94676546730875,74.91702171598587,76.92692380506767,78.9962907956356,81.12512169309863,83.2341332544287,85.2242217218553,86.99628348011518,88.4929976552524,89.8241739432689,91.14140473976431,92.59628248179322,94.27426633273078,95.9962822757704,97.54271061694493,98.79628219334599,99.65758463186326,99.99628217136923,99.70464396345469,98.79628219334599,97.33032799773844,95.42664527522143,93.2202811258733,90.84628267010348,88.41815639434611,85.9632461917276,83.48735540668511,80.99628758743177,78.49584664386747,75.99183712396365,73.49006469279192,70.99633695316469
64.69864255322851,66.79148630437713,68.83733311769747,70.85544171103291,72.86439775004696,74.88127890126734,76.92090911700959,78.99546555283263,81.11479286172134,83.27212907736535,85.39985465897419,87.41719696254043,89.24614139311115,90.84942308031108,92.33095449851896,93.82095852432569,95.43477639822996,97.22049882931938,99.01215630082916,100.63158905401383,102.04156822143719,103.19312950571023,103.73613871633216,103.30309980863558,102.04156822143719,100.21008357255386,97.99642665374296,95.55434068899939,93.01977717600147,90.49611445795986,87.9879132244057,85.48362965765551,82.97702931353372,80.46409685345776,77.94181806022041,75.4083658624532,72.86439775004696
63.50798604152669,65.57722446071593,67.58705353170693,69.55727219054666,71.50768881319988,73.45811691810276,75.42837290350334,77.43827482267972,79.50764170381717,81.63647253181443,83.74548405090334,85.73557249349238,87.50763423743624,89.00434840429054,90.33552468699285,91.65275547961204,93.10763321852687,94.78561706695646,96.50763300825544,98.05406134835837,99.3076329241313,100.16893536231083,100.50763290170133,100.21599469388568,99.3076329241313,97.84167872927746,95.93799600820782,93.7316318615596,91.35763341072048,88.92950714373416,86.47459695667862,83.99870619933282,81.50763842945383,79.00719757394427,76.50318821093636,74.00141605869888,71.50768881319988
62.10132686647823,64.17048665388526,66.18026799745117,68.15045707793286,70.10085505897524,72.05127126666264,74.02151959822743,76.03141657799523,78.10078027781952,80.22960908633922,82.33861937741047,84.32870709793305,86.10076842568685,87.59748235174392,88.92865847995446,90.2458891598861,91.70076680826925,93.37875058378872,95.10076647448416,96.64719478343397,97.90076634094541,98.7620687693074,99.10076630534006,98.80912810039989,97.90076634094541,96.43481216800345,94.53112948901101,92.32476542085396,89.95076711335756,87.52264110135982,85.06773136674502,82.5918414145853,80.10077508009684,77.60033678447545,75.09633198267207,72.59456793946836,70.10085505897524
61.09303135467684,63.170381325500045,65.19256125732237,67.1792678030373,69.1499811009457,71.12365619647991,73.11842295549313,75.15139405148615,77.23873797859419,79.37788536706913,81.49369320460303,83.49371155404563,85.28662503426732,86.82287045040277,88.21086269069465,89.59489851480728,91.11267798255504,92.83409349937119,94.58452621208414,96.16103353114737,97.480050782886,98.46645426789433,98.89607242653176,98.54125672409438,97.480050782886,95.86328108568,93.8375056493568,91.5418071356348,89.10867220219552,86.64601243873742,84.17204912693475,81.68606773738301,79.18949667087946,76.6846376191385,74.17418034815788,71.66126851777537,69.1499811009457
60.288445586829695,62.357282478237764,64.3668678178587,66.33693542230513,68.28725684151902,70.23762418599742,72.20784108203185,74.21771777470684,76.287068408209,78.41588892228428,80.52489416960364,82.51497892442926,84.28703854279138,85.78375147983651,87.11492697351215,88.43215719060882,89.88703446715641,91.56501794321628,93.28703362607084,94.83346180706718,96.08703328957432,96.94833567761322,97.28703319985445,96.99539500672455,96.08703328957432,94.6210792066297,92.71739670045858,90.51103295468388,88.13703523593061,85.7089102712324,83.25400239489986,80.77811574982957,78.28705531082119,75.78662752922641,73.28264146122008,70.78091072322346,68.28725684151902
44.116613085976354,46.17754695997995,48.182327708303845,50.14941482467694,52.09785665881894,54.04702397377781,56.0164686634721,58.02584693265284,60.094876514663,62.22349321383176,64.33237451889129,66.32238639466536,68.09440400584987,69.59109263838289,70.92225253858187,72.23947138163176,73.69433952039722,75.3723156372836,77.0943262124733,78.64075124902492,79.89432088830756,80.75562228540929,81.09431946872748,80.80268156583412,79.89432088830756,78.42836901704064,76.52469075793559,74.31833493466368,71.94435168415359,69.51625245650592,67.06139024647385,64.58558487013512,62.09466930329273,59.594499874911605,57.090974098676895,54.59006154850363,52.09785665881894
45.11545568665403,47.17812465826887,49.18396145350495,51.151704137973084,53.100559573465844,55.04999102709215,57.019605717334,59.02909372652765,61.09819400100612,63.22685558038299,65.33576417843199,67.32579210298823,69.09781896471844,70.59451294946393,71.92567628358901,73.242897631387,74.69776778244278,76.37574551994294,78.09775721992762,79.64418294894014,80.89775299413276,81.75905460945609,82.097751867411,81.8061139006025,80.89775299413276,79.43180063581609,77.52812144143405,75.32176387349276,72.94777743683665,70.51967254148602,68.06480027508141,65.58897700240956,63.098029533655364,60.59780321606421,58.09417609041918,55.5930834081189,53.100559573465844
46.11524189268155,48.17929013225036,50.185965918818894,52.1542292444602,54.1034130826674,56.05305423511058,58.022803876126034,60.03237899471017,62.10153538134148,64.23023258353716,66.33916284455896,68.32920350722958,70.10123771119248,71.59793594401931,72.92910200366606,74.24632533949074,75.70119708770645,77.37917611149086,79.10118870422693,80.6476149828465,81.90118535021026,82.76248713873626,83.10118445593045,82.80954643839245,81.90118535021026,80.43523260532172,78.53155266860922,76.32519371592088,73.95120475041276,71.52309535658398,69.06821510837102,66.592377631181,64.10140484126508,61.601133368784474,59.09742579605695,56.596190123812875,54.1034130826674
47.115778314420226,49.18092261807837,51.188264821144756,53.156941579464814,55.10638615119282,57.05619377435136,59.02605053925609,61.03569480208097,63.104895727164745,65.23362120407612,67.34256865933384,69.33261943237059,71.10465946391139,72.60136106845994,73.93252929136268,75.24975420508952,76.70462722097439,78.38260726568473,80.10462056699876,81.65104728184197,82.90461790491324,83.76591983091035,84.10461719512281,83.81297913732075,82.90461790491324,81.43866485320231,79.53498432730126,77.32862427553721,74.954633302874,72.52652033858854,70.07163375517217,67.59578500372949,65.10479211601776,62.60448480288471,60.10071337548396,57.59936420008749,55.10638615119282
48.11691098823041,50.18292608308363,52.19079754203196,54.15980256785073,56.10945413440105,58.059393906030294,60.02933570365845,62.03903484975089,64.1082711264184,66.23701904553182,68.34598014806713,70.33603894578124,72.1080836027013,73.60478788339807,74.93595782328329,76.25318398939459,77.70805801143072,79.38603886645141,81.10805273016453,82.65447979123888,83.90805061726545,84.76935265237347,85.10805005390432,84.81641196414466,83.90805061726545,82.44209732202927,80.53841632848874,78.33205540438692,75.95806283864118,73.52994704047474,71.07505542878016,68.59919772888216,66.10818888930216,63.6078531286729,61.104031017401994,58.60259174695915,56.10945413440105
49.11851741596776,51.18522419099506,53.193515922848036,55.16278157402135,57.11259746428817,59.06264213519319,61.03265142865382,63.042394137796435,65.11165847391065,67.24042420575519,69.34939614027004,71.33946130722168,73.11150963532513,74.60821604008906,75.93938734274732,77.25661450287856,78.71148932349851,80.38947082166347,82.11148513175331,83.65791246763163,84.91148345474394,85.77278557645337,86.11148300760388,85.81984489247947,84.91148345474394,83.44552996622159,81.54184860151518,79.33548698503792,76.96149315486016,74.53337510743607,72.07847950477941,69.6026147024404,67.11159320170478,64.61123486180936,62.10737252122314,59.6058617375475,57.11259746428817
50.120500183150185,52.18775628105951,54.19638171122091,56.16585427083187,58.11580060496783,60.065928542652046,62.03599141093915,64.04576869746589,66.1150553049296,68.24383517496464,70.35281570690815,72.34288592915647,74.11493717109109,75.61164526173255,76.94281764602651,78.26004559511296,79.71492104956991,81.3929030581992,83.11491772257867,84.66134527656907,85.91491639153529,86.77621858198029,87.11491603663993,86.82327790138348,85.91491639153529,84.44896274960158,82.54528109030049,80.33891892428414,77.96492409052507,75.53680425786095,73.0819054875661,70.60603504798614,68.11500349799053,65.6146272366214,63.11073296506086,60.609165418304,58.11580060496783
51.22278185341283,53.29047416100484,55.2993645280406,57.26900134246853,59.219051222604705,61.169245254322135,63.13935064708693,65.14915537856363,67.21845966315685,69.34725075481748,71.4562381105955,73.44631234525406,75.21836589990491,76.715075328631,78.04624857142105,79.36347714670231,80.81835310423644,82.49633551802177,84.21835046360118,85.76477819070733,87.01834940715123,87.87965165215172,88.21834912547061,87.92671097423535,87.01834940715123,85.55239564345484,83.64871375033377,81.44235114814776,79.06835551784503,76.64023426823303,74.1853329837761,71.7094580698963,69.21841854373847,66.71802805789835,64.214108442111,61.712495840582534,59.219051222604705
52.2253008907434,54.2933395517189,56.3024402499305,58.272207453330196,60.222339525940626,62.1725860197696,64.1427251655638,66.15255168065481,68.22186999581406,70.3506699941707,72.4596627660618,74.44974018538419,76.22179557564351,77.71850606640979,79.04967999058942,80.3669090628823,81.82178541970929,83.4997681550673,85.22178332383534,86.76821118834356,88.02178248533039,88.88308477363162,89.22178226176032,88.93014409784269,88.02178248533039,86.55582862499085,84.65214654628667,82.44578359791248,80.07178733539223,77.64366496114677,75.18876168119432,72.71288321604854,70.22183735916917,67.72143558324058,65.2174958513518,62.71584748864038,60.222339525940626
53.22800840684184,55.296322052842584,57.30558972293042,59.2754604286248,61.22565774246007,63.175945877537416,65.1461118139662,67.15595561906545,69.22528507043032,71.35409213809038,73.4630892087735,75.45316915577263,77.22522600295807,78.72193733666728,80.0531118016667,81.37034126843824,82.82521794218432,84.50320093277483,86.22521627868785,87.7716442522522,89.02521561316598,89.88651793583503,90.2252154357183,89.93357726173463,89.02521561316598,87.55926167612074,85.65557945011915,83.4492162269751,81.07521946266326,78.64709619579483,76.19219133201418,73.71631004821924,71.22525916661937,68.72484842966705,66.22089273138157,63.719215984252585,61.22565774246007
54.23086556931642,56.29939752411775,58.30879773997978,60.27875060337517,62.228999702364376,64.17932088940951,66.14950809010658,68.15936561850995,70.22870390877402,72.35751658737803,74.46651707002732,76.45659902324945,78.2286570267997,79.72536902955383,81.05654392380251,82.3737737036721,83.82865062895715,85.50663382212592,87.228649308639,88.77507736876125,90.02864878041392,90.88995113036071,91.22864863957359,90.93701045760054,90.02864878041392,88.56269478248731,86.65901243957562,84.45264899834656,82.07865183576229,79.65052786041811,77.19562173955066,74.71973821858776,72.22868334884976,69.72826549948121,67.22429712850933,64.72259785218209,62.228999702364376
55.23384153813885,57.30254679817523,59.31205222835793,61.28207030532565,63.23236050820924,65.1827079294294,67.15291200791971,69.1627804286526,71.23212573441037,73.36094286644499,75.46994605718166,77.46002960274697,79.23208852410565,80.72880105788153,82.05997629282575,83.37720632120158,84.8320834461333,86.51006680008851,88.23208239819598,89.77851052701931,91.03208197894345,91.89338435054061,92.2320818671584,91.94044367884415,91.03208197894345,89.56612793269525,87.66244549699198,85.4560818826687,83.0820844039753,80.65395986631322,78.1990527476944,75.72316745108714,73.23210941595244,70.73168592142578,68.22770749204223,65.72599033398171,63.23236050820924
56.33691182375061,58.40575465730535,60.415343604132616,62.385413444273055,64.33573627259328,66.28610451640274,68.2563219910158,70.26619905708186,72.33554993107518,74.46437059781358,76.57337593796566,78.56346074737645,80.33552039720081,81.83223335244921,83.1634088578038,84.4806390834192,85.93551636681065,87.6134998483822,89.3355155350622,90.88194371841357,92.13551520230124,92.99681759108228,93.33551511357737,93.0438769202301,92.13551520230124,90.66956111770014,88.76587860834815,86.55951485663988,84.18551712705042,81.75739214307613,79.30248423254092,76.82659752660194,74.33553697908435,71.83510900397411,69.33112259116481,66.82939124017618,64.33573627259328
57.34005698133153,59.40900902033124,61.41866425939283,63.388775185960114,65.3391239098966,67.28950868092797,69.25973678818255,71.26962071610802,73.33897600963452,75.46779948187765,77.57680652802509,79.56689234055187,81.33895256856025,82.83566585833182,84.1668415783113,85.4840719604759,86.9389493696369,88.61693295249765,90.3389487094777,91.88537693610806,93.13894844536514,94.00025084778508,94.33894837494498,94.04731017760298,93.13894844536514,91.67299433032338,89.76931176251634,87.56294790176548,85.18894997303971,82.76082463482706,80.30591609574702,77.83002827121955,75.33896572961862,72.83853419825508,70.3345414489593,67.83279883291843,65.3391239098966
58.443261572825904,60.51230029660641,62.522008155018014,64.49215169314469,66.44252097094308,68.39291885984188,70.36315540631277,72.37304478053358,74.44240358185962,76.57122928083872,78.68023768103753,80.67032428973872,82.44238497665238,83.93909853193519,85.27027442226269,86.58750492868049,88.0423824376649,89.72036610091891,91.44238191369615,92.98881017467704,94.24238170406987,95.103684117315,95.44238164817735,95.15074344766477,94.24238170406987,92.7764275648673,90.87274495066445,88.66638100336647,86.29238291658602,83.86425729721412,81.40934825925751,78.93345954690501,76.44239542259676,73.94196106862569,71.43796329003386,68.93621173284086,66.44252097094308
59.54651334208435,61.615620872889195,63.62537049730294,65.59553992002313,67.54592551174609,69.49633381243089,71.4665770571645,73.47647075413417,75.54583233961117,77.67465980595517,79.78366928086652,81.77375652149223,83.54581757263941,85.04253133865873,86.37370736419155,87.6909379692292,89.1458155574435,90.8237992845057,92.54581514156924,94.09224342981416,95.34581497518872,96.20711739702583,96.5458149308268,96.25417672779773,95.34581497518872,93.87986081680975,91.9761781657825,89.769814149792,87.39581593756348,84.9676900950353,82.51278066111992,80.03689124409976,77.54582586359442,75.04538926931362,72.54138749895205,70.03962884511515,67.54592551174609
60.649802559531665,62.718964705827034,64.72874748119636,66.69893744902446,68.64933598931546,70.59975255392075,72.57000111510197,74.57989824305318,76.64926203831767,78.77809090742225,80.88710123533434,82.87718897751915,84.64925031775877,86.14596425103983,87.47714038388517,88.79437106719746,90.24924871829657,91.92723249600337,93.64924838821693,95.19567669810137,96.44924825616064,97.31055068481717,97.64924822095055,97.35761001592411,96.44924825616064,94.98329408256129,93.07961140230654,90.87324733179474,88.499249019998,86.07112300035054,83.6162132521624,81.14032327584684,78.64925689829627,76.14881852587754,73.64481358723694,71.1430493007606,68.64933598931546
61.75312150162509,63.82232699835512,65.83213608644768,67.80234236124898,69.75275117894968,71.70317430268366,73.67342708355298,75.68332693468447,77.75269248386192,79.88152246633965,81.99053347127935,83.98062161155207,85.75268318124458,87.24939724728138,88.58057346530076,89.89780421073971,91.35268191175051,93.03066572965395,94.75268164976613,96.29910997682583,97.55268154495297,98.41398397902209,98.75268151700672,98.46104331039498,97.55268154495297,96.08672735927325,94.18304465582057,91.97668054203521,89.60268215121111,87.17455599098395,84.71964599335726,82.24375557312851,79.75268840422201,77.25224862049242,74.74824116718119,72.24647241005744,69.75275117894968
62.95646403744517,65.02570394275537,67.03553391576936,69.0057531336193,70.95617010858389,72.9065984383337,74.87685456838474,76.88675658091125,78.95612352217243,81.08495438833587,83.1939659306331,85.1840543868685,86.95611613867794,88.45283031008307,89.78400659570512,91.10123739045399,92.55611513107976,94.23409898088732,95.95611492314262,97.50254326383434,98.75611483995237,99.61741727831748,99.95611481777141,99.66447660990141,98.75611483995237,97.29016064468442,95.38647792281957,93.18011377468794,90.80611532113979,88.37798904933443,85.92307885372821,83.44718808116518,80.95612028415873,78.45567938026977,75.9516699310595,73.4498976255688,70.95617010858389
64.65937206651454,66.75228365200206,68.79823361478356,70.81647820185358,72.82559853163166,74.84266355641716,76.88248276503356,78.95721264199605,81.07667221494378,83.2340832135276,85.36185762440313,87.37927066800276,89.20836132178454,90.81191184001705,92.2938114775337,93.78422314333861,95.39840193270484,97.18436159191049,98.97616929745092,100.59575696877127,102.00605938360812,103.15819049372125,103.70157852454224,103.2682793498098,102.00605938360812,100.17380065760113,97.95943416173466,95.51677357296012,92.98180035652439,90.45788656060421,87.94954285021747,85.445182657359,82.9385401857115,80.4255737426036,77.90324507497363,75.36970589355573,72.82559853163166
63.43766510077022,65.50690133452999,67.5167290790415,69.4869469158225,71.43736302038019,73.38779079463171,75.35804656731483,77.36794834921403,79.43731514193578,81.56614591380736,83.67515739876696,85.66524582128822,87.43730755366526,88.93402171382729,90.26519799223594,91.5824287817233,93.03730651812205,94.71529036452534,96.43730630441792,97.98373464365504,99.23730621892042,100.09860865682712,100.4373061961243,100.14566798838855,99.23730621892042,97.77135202467556,95.86766930477535,93.66130516030856,91.28730671345325,88.8591804535536,86.40427027907239,83.92837954410444,81.43731181411809,78.93687102975343,76.43286179351148,73.93108986664231,71.43736302038019
62.03100931221849,64.10016563074329,66.10994486875686,68.08013264434183,70.03052980297491,71.9809454857926,73.95119347969215,75.96109024154713,78.0304538010207,80.15928252044658,82.26829275734102,84.25838044600798,86.0304417554006,87.52715567083436,88.85833179222915,90.17556246718931,91.63044011157842,93.30842388388132,95.03043977234425,96.57686807991968,97.83043963662547,98.69174206455433,99.03043960043885,98.73880139562556,97.83043963662547,96.3644854646502,94.46080278751408,92.25443872281988,89.88044042164736,87.45231442089903,84.99740470624468,82.52151478960758,80.03044851844464,77.5300103357585,75.02600573518279,72.52424204972658,70.03052980297491
61.023693965496534,63.10112256495887,65.12342314273957,67.11029077878689,69.08120183069556,71.05510243973188,73.05010573688341,75.08329826874268,77.17081394325896,79.31005956644074,81.42593199189761,83.42604454300664,85.21915514809575,86.75577167500325,88.1442913578768,89.52893851523349,91.04728498797246,92.76908719600621,94.51977081245519,96.09654191379587,97.4161267748099,98.40359154413031,98.83396190458188,98.47862520953026,97.4161267748099,95.79803596910307,93.77115660352058,91.47463027926442,89.04093783254181,86.57794894307636,84.1038029139063,81.61772443728961,79.12110034110961,76.61619868973577,74.10567918401097,71.59265961823893,69.08120183069556
60.218141938315014,62.286970091489536,64.29655012651291,66.26661444324147,68.21693379028048,70.16729981223801,72.13751585743722,74.14739200101766,76.21674228086272,78.34556257043744,80.45456768124048,82.44465235579523,84.21671192789017,85.71342483816622,87.04460031466725,88.3618305192366,89.81670778571993,91.49469125367446,93.21670693090351,94.7631351084366,96.01670658891364,96.87800897586112,97.21670649772906,96.92506830491882,96.01670658891364,94.55075250840491,92.64707000691146,90.44070626986255,88.06670856704444,85.63858363069298,83.18367580465754,80.70778924909843,78.21672896965957,75.71630147264132,73.21231591168909,70.71058607513477,68.21693379028048
44.07556737710077,46.1364210418191,48.14115295528231,50.108209749917506,52.05663245145213,54.0057875467362,55.975224371394816,57.984597563308384,60.05362387456668,62.182238497219075,64.29111853947629,66.28112967269534,68.05314685586856,69.54983524076096,70.88099498207596,72.19821370923384,73.65308175489275,75.33105779679502,77.05306831994157,78.59949332445373,79.85306294495531,80.71436433196016,81.05306151182498,80.76142361188889,79.85306294495531,78.38711109622369,76.48343288039297,74.27707713784514,71.90309403475467,69.47499506934541,67.02013332460974,64.54432877631032,62.05341468551768,59.55324788927996,57.0497268021787,54.548822585896474,52.05663245145213
45.074366361387916,47.1369715610834,49.142769554297544,51.11048815599125,53.05932839933671,55.00875015151516,56.97835859817269,58.98784257708655,61.05694025538597,63.18560018655947,65.294507782295,67.28453511747526,69.05656163948908,70.5532554276806,71.88441863569876,73.20163989151283,74.6565099686697,76.33448764665481,78.05649930533275,79.60292500891552,80.85649503920159,81.717796646511,82.05649390172499,81.76485593726369,80.85649503920159,79.39054269877121,77.48686353873609,75.28050603486562,72.90651971521686,70.47841502800597,68.02354313091051,65.54772051546368,63.05677421828193,60.55654998992253,58.05292658635631,55.551840519653496,53.05932839933671
46.074117883023206,48.1381154374735,50.144760400506236,52.11300460129888,54.06217637733896,56.011809828045415,57.98155451283074,59.991126432296085,62.06028075822428,64.18897665219522,66.29790611766356,68.28794631253999,70.05998024686758,71.5566783236885,72.88784428324371,74.2050675460605,75.65993923562245,77.33791821216965,79.05993077212057,80.60635703055647,81.8599273860889,82.72122916825424,83.05992648327296,82.76828846759793,81.8599273860889,80.39397465539676,78.49029474594539,76.28393584411018,73.90994697147107,71.48183774284354,69.02695778775339,66.55112083220942,64.06014897219066,61.55987915799625,59.05617453968064,56.554944118859595,54.06217637733896
47.074626734031504,49.139730765138324,51.14704848692887,53.1157100593292,55.06514505469207,57.014946563911664,58.98479939461663,60.99444111812056,63.063640407551105,65.19236484609554,67.30131166991151,69.29136207165595,71.06340188918557,72.56010336991162,73.89127151337138,75.20849636915167,76.66336933848294,78.34134934570105,80.06336262099342,81.60978931981687,82.86335993349763,83.72466185444625,84.06335921693201,83.77172116060862,82.86335993349763,81.39740689305432,79.49372638879052,77.28736637738865,74.91337547843574,72.48526264527102,70.0303762945076,67.55452795709954,65.06353580745998,62.563229810548506,60.05946072818955,57.55811572124085,55.06514505469207
48.075737498609044,50.141720601517704,52.14957261918529,54.118565587823554,56.068209551958745,58.01814447027945,59.98808314505567,61.99778027557514,64.06701525397844,66.19576234892168,68.30472295027465,70.29478145329144,72.06682594034984,73.56353012276827,74.89469999959937,76.21192611971837,77.66680010480485,79.34478093006788,81.06679477312761,82.61322182148706,83.86679264006034,84.72809467116139,85.06679207132179,84.77515398273573,83.86679264006034,82.40083935376731,80.49715837740027,78.29079748533395,75.9168049780922,73.4886892839966,71.03379785695961,68.55794048568353,66.06693223191955,63.5665975160006,61.062777266068395,58.561341304370785,56.068209551958745
49.0773265203634,51.14400788596038,53.15228418065223,55.12154025944592,57.071350114632736,59.02139093304076,60.99139774771862,63.00113885702899,65.0704021626816,67.19916724037061,69.30813877709264,71.29820371014128,73.07025190342488,74.566958230185,75.89812948279709,77.21535660642417,78.6702313977171,80.34821287226339,82.0702271659606,83.61665449174708,84.87022547294373,85.73152759147283,86.07022502153558,85.77858690734267,84.87022547294373,83.40427199151958,81.50059064044378,79.29422904939314,76.92023526565008,74.49211730082722,72.03722184473386,69.5613573032238,67.07033626745554,64.5699787567627,62.066117893570976,59.564609736203224,57.071350114632736
50.07929546192861,52.146531381383625,54.15514455489793,56.124609515274514,58.07455105870952,60.024675938398104,61.99473683916463,64.00451285585899,66.07379864542676,68.20257799625114,70.31155821246364,72.30162824906205,74.07367938398971,75.57038741271938,76.90155975729161,78.21878767740463,79.67366310858472,81.35164509846786,83.07365974983648,84.62008729581697,85.87365840608791,86.7349605940087,87.073658047805,86.78201991328788,85.87365840608791,84.40770476978804,82.50402312130561,80.2976609754704,77.92366617856658,75.49554641146318,73.04064775749603,70.56477752493713,68.07374634398943,65.57337074076857,63.0694776418477,60.56791217969047,58.07455105870952
51.18156615218325,53.24924243720582,55.25812307350982,57.22775385539326,59.17779993273501,61.127991537151615,63.09809536822537,65.10789909180733,67.17720272722474,69.30599340678316,71.41498051196362,73.40505459927115,75.17710806899032,76.6738174485769,78.00499065983973,79.32221921212476,80.77709515118401,82.4550775500905,84.1770924853432,85.72352020609188,86.97709141880914,87.83839366180617,88.1770911344398,87.88545298379134,86.97709141880914,85.51113765958432,83.60745577505,81.40109318888179,79.02709758783112,76.59897639025479,74.1440751981274,71.66820044856092,69.17716121531853,66.67677125185718,64.17285256681402,61.671241619894886,59.17779993273501
52.1840764705093,54.2521024100013,56.26119538327208,58.23095779799016,60.181086852060716,62.13133141923383,64.10146932546968,66.11129504057634,68.18061284047727,70.30941251174536,72.41840508473601,74.40848238710544,76.18053770995428,77.67724816171844,79.00842206087488,80.32565111491563,81.78052745707909,83.45851018062774,85.18052534119946,86.72695320066175,87.98052449469075,88.8418267814018,89.18052426898666,88.88888610553474,87.98052449469075,86.51457063790032,84.61088856601145,82.40452563035058,80.03052939104774,77.60240705810303,75.1475038514327,72.67162551670289,70.1805798923119,67.68017853099946,65.1762395378551,62.674592488446734,60.181086852060716
53.18677706370289,55.255080609906514,57.26434214766253,59.234209052169575,61.18440397002439,63.1346905758473,65.10485552841061,67.11469869855067,69.18402774095023,71.31283454899818,73.42183146181324,75.41191131598649,77.18396810966811,78.68067941242131,80.01185385755977,81.32908330984458,82.78395997195221,84.46194295316964,86.18395829257722,87.7303862621366,88.98395762070277,89.84525994210969,90.18395744156129,89.89231926794729,88.98395762070277,87.51800368647444,85.61432146588216,83.40795825282868,81.03396150694451,78.60583827285654,76.15093346724004,73.67505228695657,71.18400158988362,68.6835911820148,66.17963607007886,63.67796036534364,61.18440397002439
54.1896287298089,56.25815266666356,58.26754801463389,60.23749786076772,62.187745057962786,64.13806503119582,66.10825145098111,68.11810847541004,70.18744644107528,72.3162589136239,74.42525927097282,76.41534115051886,78.18739911160304,79.68411108978734,81.01528596827237,82.33251573664381,83.78739265269141,85.46537583842074,87.18739131977046,88.733819376714,89.98739078650334,90.8486931354484,91.18739064431864,90.89575246263897,89.98739078650334,88.5214367908125,86.6177544521942,84.41139101897403,82.03739387101584,79.60926992168953,77.15436384698705,74.6784804081814,72.18742568490296,69.6870080967297,67.18304019114862,64.68134174218525,62.187745057962786
55.19260033511749,57.26129923021371,59.27080079633441,61.24081647833802,63.19110517170162,65.141451629492,67.11165508816136,69.12152310888501,71.19086815700675,73.3196851254944,75.42868821677983,77.41877170386832,79.19083059152159,80.68754310579637,82.01871832822897,83.3359483474787,84.79082546507865,86.46880881312921,88.1908244071385,89.73725253343886,90.9908239838841,91.85212635468616,92.19082387103202,91.89918568295063,90.9908239838841,89.52486993941044,87.62118750711483,85.41482389914822,83.04082643206354,80.61270191505184,78.15779483307422,75.6819096016753,73.19085168278599,70.69042839557112,68.18645033557155,65.68473383419985,63.19110517170162
56.29566715674862,58.36450493775912,60.37409081741765,62.344158756571716,64.29448038674418,66.24484786586227,68.21506484851626,70.224941597092,72.2942922665983,74.42311280352894,76.53211806474637,78.522202827744,80.29426245081636,81.79097539058672,83.12215088601081,84.43938110438285,85.89425838195504,87.57224185884007,89.29425754226733,90.84068572361625,92.09425720633006,92.95555959448008,93.29425711675933,93.00261892359687,92.09425720633006,90.62830312313747,88.72462061649011,86.51825686982713,84.14425914945153,81.71613418186749,79.26122630041442,76.78533964623142,74.29427919097802,71.79385138041187,69.28986526078475,66.7881344310165,64.29448038674418
57.29880956455203,59.36775759291133,61.377410397395224,63.34751981508431,65.29786758802447,67.24825175210937,69.21847946889147,71.22836314482296,73.29771827604732,75.42654164526172,77.53554862875856,79.52563440444709,81.29769461122244,82.79440788870903,84.12558360080672,85.44281397722224,86.89769138176452,88.57567496090553,90.29769071530393,91.8441189403449,93.09769044867032,93.9589928505894,94.29769037757796,94.00605218038268,93.09769044867032,91.63173633474645,89.72805376908609,87.5216899123397,85.14769199092694,82.71956666572325,80.26465814972575,77.78877036627703,75.29770789790635,72.79727649714192,70.29328398054628,67.79154177820209,65.29786758802447
58.40201197328555,60.47104751354557,62.48075343952809,64.45089578001684,66.40126430299271,68.35166171015115,70.32189794670111,72.33178712091303,74.40114579341935,76.52997141062428,78.63897976109723,80.62906634055989,82.40112701062085,83.89784055615307,85.22901644022475,86.5462469420795,88.00112444739803,89.6791081076997,91.40112391842788,92.94755217814728,94.20112370680066,95.06242611964822,95.4011236503746,95.10948544997846,94.20112370680066,92.73516956848538,90.83148695598635,88.62512301186669,86.2511249308906,83.82299932184394,81.36809030220792,78.8922016224597,76.40113755627442,73.90070330596019,71.39670571206327,68.894954483224,66.40126430299271
59.5052620099211,61.574367013792,63.58411510437058,65.55428357649937,67.50466856910907,69.45507648743211,71.42531948617965,73.43521302440145,75.50457450763386,77.63340190907357,79.74241134451745,81.7324985619365,83.50455959970766,85.00127335798797,86.33244937855551,87.64967997997147,89.10455756527614,90.78254128999507,92.50455714543224,94.05098543267596,95.3045569774636,96.16585939898516,96.50455693267824,96.21291872974156,95.3045569774636,93.83860281978885,91.93492017011394,89.7285561566461,87.35455794902448,84.92643211469145,82.47152269531713,79.99563330417504,77.50456796980197,75.00413145779382,72.50012983402519,69.99837144080433,67.50466856910907
60.60854985208108,62.677709992639265,64.68749155056176,66.65768076388889,68.60807882865691,70.55849508977884,72.52874345571973,74.53864045767222,76.60800417178496,78.7368329893749,80.84584328596159,82.83593100972726,84.60799233935033,86.10470626648892,87.43588239539334,88.7531130758311,90.20799072462084,91.88597450046778,93.6079903913905,95.15441870048024,96.4079902580737,97.26929268647979,97.60799022252752,97.31635201757443,96.4079902580737,94.9420360850333,93.0383534058519,90.83198933734232,88.45799102920209,86.02986501605912,83.57495527941222,81.09906532363613,78.60799898270076,76.107560675582,73.60355585329258,71.10179177366831,68.60807882865691
61.711867702542975,63.781071607250055,65.79087972902853,67.76108540497188,69.71149384524568,71.66191672810312,73.63216935400939,75.64206910513536,77.7114345899025,79.84026453149298,81.94927551156971,83.93936363722315,85.71142519848928,87.2081392596508,88.53931547454225,89.85654621769966,91.31142391687753,92.98940773330483,94.71142365239244,96.2578519788214,97.51142354657884,98.37272598044916,98.7114235183658,98.41978531181228,97.51142354657884,96.04546936134273,94.14178665874198,91.93542254654577,89.56142415862386,87.13329800355933,84.67838801509295,82.20249761116634,79.71143047132142,77.21099073942045,74.70698337845744,72.20521478551288,69.71149384524568
62.9152093718934,64.98444801357111,66.99427721960483,68.9644959621345,70.91491263753261,72.86534077609755,74.83559678315389,76.8454987163058,78.91486560644441,81.0436964401556,83.15270796271903,85.1427964073511,86.9148581524725,88.41157232000813,89.74274860314756,91.0599793960856,92.51485713525656,94.19284098389247,95.9148569253346,97.46128526552569,98.71485684135027,99.5761592795576,99.91485681895759,99.62321861113381,98.71485684135027,97.24890264643443,95.34521992524574,93.13885577837544,90.76485732713074,88.33673105942297,85.88182087108731,83.40593011146332,80.91486233752305,78.41442147477055,75.9104120988572,73.40863992367603,70.91491263753261
64.61904219810484,66.71202396667795,68.75808064617016,70.77646592220687,72.78575620299213,74.80301142075392,76.8430261005262,78.91793534860287,81.037531697942,83.19502002701742,85.32284492911333,87.34033111840714,89.16957296034047,90.77340141062366,92.25568167638272,93.74651464305455,95.36106637580707,97.1472711347088,98.93923404519029,100.5589817491126,101.96961804568258,103.12233760498631,103.66611674997483,103.23254886913477,101.96961804568258,100.13655969228466,97.92145994346617,95.47820537908196,92.94280856403188,90.41863513470375,87.91014407897825,85.40570463759178,82.89901859545212,80.3860170046873,77.86363675241728,75.33000760170053,72.78575620299213
63.36618373104693,65.43541770674663,67.4452440806933,69.41546106809419,71.36587663733704,73.31630406994775,75.28655962284353,77.29646126290297,79.36582796427041,81.4946586781509,83.6036701278469,85.59375852963339,87.36582025005914,88.86253440330647,90.19371067727876,91.51094146353019,92.96581919732924,94.64380304163885,96.3658189800783,97.91224731842084,99.16581889316183,100.02712133078663,100.36581886998735,100.0741806623342,99.16581889316183,97.6998646995462,95.79618198085426,93.58981783864141,91.21581939590232,88.7876931433249,86.33278298183592,83.8568922699896,81.36582458122174,78.86538387036657,76.36137476510382,73.85960307109329,71.36587663733704
61.95953144153418,64.02868417589652,66.0384612383818,68.00864766570203,69.95904397459272,71.9094591150963,73.87970676010801,75.88960329680759,77.9589667112657,80.08779533863662,82.19680551955362,84.18689317530622,85.95895446572742,87.45566837018475,88.78684448453726,90.10407515436071,91.55895279462307,93.23693656360246,94.9589524497587,96.50538075591406,97.75895231178743,98.62025473926879,98.95895227500023,98.66731407031799,97.75895231178743,96.29299814081097,94.3893154655929,92.1829514044766,89.80895310983814,87.3808271207131,84.92591742668264,82.45002754674883,79.9589613410161,77.45852327501876,74.95451888235874,72.4527555665401,69.95904397459272
60.953217186127546,63.03072608161294,65.05314985803427,67.04018198205304,69.01129494203406,70.98542577909342,72.98067053342393,75.01408908204124,77.10178004090793,79.24112591553191,81.35706425239005,83.35727293191161,85.1505846801146,86.68757983257035,88.07663752598367,89.46190810027909,90.98083262710551,92.7030289743193,94.45396828919542,96.03100818144958,97.3511713176144,98.33971690449471,98.77085298852893,98.41498596385902,97.3511713176144,95.73173434285107,93.70372947287069,91.40635878019596,88.97209748554732,86.50877270944207,84.03444018747231,81.54826261126021,79.0515843842542,76.54663924770804,74.03605621198548,71.52292666424412,69.01129494203406
60.14667843544241,62.215497560036184,64.22507211418691,66.19513303393786,68.14545023993539,70.09581489541831,72.06603006150452,74.0759056377409,76.14525555217469,78.27407560978735,80.38308057953682,82.37316517115278,84.14522469544279,85.64193757806008,86.97311303681566,88.29034322844136,89.74522048452587,91.42320394410572,93.14521961552228,94.691647789477,95.94521926785646,96.8065216536763,97.14521917515856,96.85358098267858,95.94521926785646,94.47926518986463,92.5755826932043,90.36921896517114,87.99522127881788,85.56709637175527,83.11218859768864,80.63630213461568,78.14524202004988,75.64481481706633,73.14082978002055,70.63910087486843,68.14545023993539
44.03379201965461,46.094563265569874,48.099244997411375,50.066270633524255,52.014673674224866,53.963816212372734,55.93324495475514,57.94261292914632,60.01163587929446,62.14024836806166,64.24912711262749,66.23913748277573,68.01115422611215,69.50784235652176,70.83900193456299,72.15622054262684,73.61108849260671,75.28906445745307,77.01107492711859,78.55749989870606,79.81106949990769,80.67237087653666,81.01106805285269,80.71943015595559,79.81106949990769,78.345117674334,76.44143950297322,74.23508384337985,71.86110089178212,69.43300219585669,66.97814092927317,64.50233723189078,62.01142465792856,59.511260566553176,57.00774429812503,54.50684864593575,52.014673674224866
45.03254618643736,47.09508585641139,49.10084397711424,51.06853783126276,53.01736246296018,54.96677424574675,56.93637627635471,58.94585611365126,61.01495112404734,63.14360936148117,65.25251592721081,67.24254265673125,69.01456882964263,70.51126241584956,71.84242549427654,73.15964665556527,74.6145166567814,76.29249427360708,78.01450588983704,79.56093156728741,80.8145015822551,81.67580318132917,82.01450043372648,81.72286247167725,80.8145015822551,79.34854926020522,77.44487013546595,75.23851269743659,72.86452649802803,70.43642202470765,67.98155050712504,65.50572856706167,63.014783473821154,60.51456139241424,58.01094181375419,55.50986254539711,53.01736246296018
46.032262067885654,48.09620753945423,50.102820828315814,52.07104537624336,54.0202047570026,55.969830293241586,57.939569884884946,59.9491385168522,62.018290725145405,64.14698527474772,66.25591392268247,68.24595363684003,70.01798729408245,71.51468521058717,72.84585106728537,74.1630742550771,75.61794588436472,77.2959248123696,79.01793733862945,80.56436357632407,81.81793391969828,82.67923569532724,83.01793300811035,82.72629499434976,81.81793391969828,80.35198120359473,78.44830132215776,76.24194247258073,73.86795369537653,71.43984463651466,68.98496498264609,66.50912856316074,64.01815765873104,61.51788954863808,59.014187966355905,56.51296294202854,54.0202047570026
47.03274258798771,49.097805235499266,51.105097800241325,53.073743767390624,55.02316892189768,56.972964148293784,58.94281293611563,60.9524520501452,63.02164965873297,65.15037303022197,67.25931920515015,69.24936922534377,71.0214088229493,72.51811017643166,73.8492782382535,75.16650303448623,76.62137595597764,78.29935592466761,80.02136917321937,81.56779585558044,82.8213664596112,83.6826683753719,84.02136573608328,83.72972768127937,82.8213664596112,81.35541343074689,79.4517329487181,77.24537297879365,74.87138215558761,72.4432694571664,69.98838334548398,67.51253543354998,65.0215440423747,62.521239398049886,60.01747272552036,57.51613200217676,55.02316892189768
48.033830838994575,50.09978106708837,52.10761310672129,54.07659368520146,56.026229836933325,57.97615976787648,59.94609523352841,61.9557902927899,64.02502393706028,66.1537701850626,68.26273027138612,70.25278847156326,72.02483278406683,73.52153686549156,74.85270667752643,76.1699327503824,77.62480669749831,79.3027874921815,81.02480131401718,82.57122834931042,83.82479916022449,84.68610118720787,85.02479858595991,84.7331604985799,83.82479916022449,82.35884588312173,80.45516492440265,78.24880406525699,75.87481161813565,73.44669603098632,70.99180479370884,68.51594776013428,66.02494010837185,63.52460646602708,61.0207881288585,58.5193555673158,56.026229836933325
49.03540197448015,51.10205722925975,53.11031766052086,55.07956390255333,57.02936755595337,58.97940441543794,60.94940868285204,62.95914814813028,65.02841039485119,67.15717480031114,69.26614592824964,71.25621062093275,73.0282586756715,74.52496492227262,75.8561361234558,77.17336320957011,78.62823797072576,80.3062194210008,82.02823369785247,83.57466101326828,84.82823198838581,85.68953410364671,86.02823153259168,85.73659341935597,84.82823198838581,83.36227851425598,81.45859717718737,79.25223561226588,76.87824187624048,74.4501239963011,71.99522869082048,69.5193644173459,67.02834385939164,64.52798720081124,62.024127855831864,59.522622397329684,57.02936755595337
50.037356708832306,52.10457189273025,54.113172471110886,56.08262962235206,58.0325662427463,59.98268797995843,61.95274685884695,63.96252157062578,66.03180651970021,68.1605853369687,70.26956522872675,72.25963507454591,74.0316860995101,75.52839406461737,76.85956636837037,78.17679425870949,79.63166966596955,81.30965163658857,83.03166627458685,84.57809381233616,85.83166491778209,86.6929671031089,87.03166455601801,86.74002642226064,85.83166491778209,84.36571128727172,82.46202964990681,80.25566752481035,77.88167276578008,75.45355306604887,72.99865453162343,70.52278451180544,68.03175371010215,65.5313787832135,63.0274868893306,60.525923569365716,58.0325662427463
51.13961611595839,53.207275935979254,55.216146572796106,57.18577115549792,59.135813324991574,61.08600243504861,63.05610466128523,65.06590734912584,67.13521031743149,69.26400057350166,71.37298742116076,73.36306135704605,75.13511473948691,76.63182406857626,77.96299724744082,79.28022577609428,80.73510169616817,82.41308407978471,84.13509900442537,85.68152671864092,86.9350979275286,87.79640016846679,88.13509764039624,87.8434594903508,86.9350979275286,85.46914417289891,83.56546229718857,81.35909972748073,78.98510415649034,76.55698301238738,74.10208191514053,71.62620733442728,69.13516840219337,66.63477897554361,64.1308612469599,61.629252000363806,59.135813324991574
52.14211747453675,54.21013034122299,56.21921537617955,58.18897286993176,60.139098822071546,62.0893414093603,64.05947804179101,66.06930293481082,68.13862020521736,70.26741954035973,72.37641190895444,74.36648909113956,76.13854434471541,77.63525475639983,78.96642862984174,80.28365766512606,81.73853399222081,83.41651670363385,85.13853185578277,86.68495971005974,87.93853100104917,88.79983328612613,89.13853077315207,88.84689261017876,87.93853100104917,86.47257714790587,84.56889508302064,82.36253216042437,79.98853594498038,77.56041365447757,75.10551052311412,72.62963232240358,70.13858693692444,67.63818600168368,65.13424776769439,62.632602067873535,60.139098822071546
53.144810953649056,55.21310412110776,57.222359357138316,59.192222355448635,61.142414811129456,63.092699845447854,65.062863786963,67.07270630460073,69.14203492673565,71.27084146799858,73.37983821858379,75.36991797736644,77.14197471606599,78.63868598700782,79.96986041173663,81.28708984913442,82.74196649928203,84.41994947086738,86.14196480358981,87.68839276903357,88.94196412518724,89.80326644529718,90.14196394430516,89.85032577107106,88.94196412518724,87.47601019385368,85.57232797882011,83.36596477613605,80.9919680491887,78.56384484878691,76.10894010294157,73.63305902902954,71.14200852158186,68.64159845188885,66.1376439425027,63.63596930896114,61.142414811129456
54.147656971587566,56.21617266902953,58.22556301463567,60.19550976015228,62.145755003011516,64.096073728897,66.06625934619495,68.07611585272511,70.14545348482314,72.27426574562321,74.38326597420979,76.37334777804409,78.14540569548888,79.64211764842449,80.97329251071034,82.29052226726597,83.74539917382089,85.42338235190525,87.14539782794893,88.69182588162587,89.94539728950043,90.80669963741607,91.14539714593423,90.85375896455608,89.94539728950043,88.47944329610715,86.57576096190087,84.36939753691091,81.99540040398284,79.5672764813933,77.11237045413128,74.63648709975286,72.14543252698061,69.64501520721925,67.14104777988732,64.63935018114688,62.145755003011516
55.150624092860255,57.219316447197684,59.22881404251001,61.19882726338396,63.14911440552274,65.09945987326525,67.06966269498872,69.07953030465126,71.14887508801866,73.27769188844066,75.38669487752708,77.376778304523,79.14883715753966,80.64554965177452,81.97672486134982,83.29395487122133,84.74883198128691,86.42681532326964,88.14883091306754,89.69525903677524,90.94883048570068,91.81013285568571,92.14883037175211,91.85719218391002,90.94883048570068,89.4828764430506,87.5791940142568,85.3728304128225,82.99883295766726,80.57070846187656,78.11580141755249,75.63991625316362,73.14885845373142,70.64843537955625,68.14445769914644,65.64274187260719,63.14911440552274
56.253687354827676,58.32251994372082,60.332102671476164,62.30216865712441,64.25248905604643,66.20285574934567,68.1730722264483,70.18294864876171,72.25229910813121,74.38111951166759,76.49012469176941,78.48020940707147,80.25226900265274,81.74898192651739,83.08015741173665,84.39738762266516,85.85226489425735,87.53024836632632,89.252264046411,90.79869222570211,92.05226370720968,92.9135660947112,93.25226361676866,92.96062542379615,92.05226370720968,90.58630962546445,88.68262712159648,86.47626338011821,84.102265669211,81.67414071847008,79.2192328669027,76.74334626590563,74.25228590546564,71.7518582639898,69.2478724456453,66.74614215149826,64.25248905604643
57.25682693689434,59.32577084381768,61.33542114646393,63.30552901358773,65.25587580925698,67.20625934962617,69.17648666514744,71.18637008212248,73.2557250465604,75.38454830989942,77.49355522901465,79.48364096684719,81.25570115180278,82.752414416665,84.0835901206631,85.40082049117072,86.85569789096662,88.53368146628515,90.25569721803052,91.80212544143822,93.05569694880623,93.91699935021063,94.25569687702314,93.96405867997859,93.05569694880623,91.58974283603115,89.6860602725768,87.47969641994553,85.10569850604783,82.67757319421253,80.22266470193532,77.74677696070036,75.25571456758327,72.75528330102634,70.25129102356007,67.74954924634272,65.25587580925698
58.360027102568324,60.429059371359145,62.438763311524454,64.40890442128664,66.35927216858522,68.30966908069331,70.27990499875952,72.28979396743642,74.35915250756379,76.48797804073523,78.59698634010839,80.58707288952465,82.35913354226727,83.85584707777954,85.18702295542258,86.50425345258822,87.95913095413954,89.6371146114073,91.35913042002977,92.90555867845286,94.15913020634633,95.02043261878539,95.35913014937205,95.06749194909554,94.15913020634633,92.69317606894283,90.7894934581947,88.58312951734123,86.20913144232986,83.7810058438937,81.32609684308449,78.85020819684136,76.35914419038498,73.85871004659154,71.35471264249259,68.85296175107922,66.35927216858522
59.46327535871569,61.53237776584129,63.54212428020806,65.51229177548205,67.46267615242567,69.41308367782264,71.38332642378765,73.39321979887552,75.4625811770384,77.59140851178054,79.70041790666644,81.69050510023766,83.46256612426325,84.95927987459068,86.29045589005582,87.60768648775002,89.06256407006467,90.7405477923756,92.46256364614146,94.00899193235628,95.2625634765408,96.12386589773809,96.46256343132026,96.17092522847857,95.2625634765408,93.79660931958972,91.89292667130452,89.68656266042902,87.31256445754158,84.88443863163013,82.42952922719869,79.95363986264961,77.46257457568345,74.96213814822106,72.45813667509566,69.9563785496915,67.46267615242567
60.5665617875938,62.635719867001384,64.64550017384111,66.6156886118214,68.56608618792822,70.51650213718182,72.48675030248798,74.49664717496051,76.56601080567933,78.69483957033128,80.80384983472709,82.7939375395647,84.56599885827788,86.06271277910429,87.3938889039589,88.71111958144272,90.16599722785926,91.84398100179496,93.56599689139118,95.11242519966427,96.36599675677903,97.22729918492777,97.56599672088748,97.27435851600976,96.36599675677903,94.90004258431304,92.9963599062346,90.78999583978262,88.41599753539992,85.98787152894116,83.53296180415441,81.05707186948521,78.56600556617678,76.06556732616212,73.56156262343862,71.05979875638161,68.56608618792822
61.669878516265385,63.739080784965296,65.7488879137319,67.71909297427153,69.66950102669048,71.61992366201613,73.5901761286778,75.60007577703519,77.6694411956124,79.79827109518595,81.9072820497127,83.89737016034292,85.66943171294989,87.16614576910143,88.49732198077857,89.81455272159141,91.26943041888568,92.947414233796,94.66943015183078,96.21585847761156,97.46943004498905,98.33073247865512,98.6694300165019,98.3777918100082,97.46943004498905,96.00347586020885,94.09979315848354,91.89342904792043,89.51943066298087,87.09130451322156,84.63639453416862,82.1605041469946,79.66943703701418,77.16899735837387,74.66499009231059,72.16322166808138,69.66950102669048
62.87321929520756,64.94245663834091,66.95228505620366,68.92250331028049,70.8729196778353,72.82334761993305,74.79360350059642,76.80350535218066,78.87287218978426,81.00170299014653,83.11071449243093,85.10080292513906,86.87286466338773,88.36957882694688,89.70075510753512,91.01798589861225,92.47286363628822,94.1508474837201,95.8728634243266,97.41929176400325,98.67286333952626,99.53416577757146,99.872863316916,99.5812251091397,98.67286333952626,97.20690914497226,95.30322642447841,93.0968622789043,90.7228638300267,88.2947375665297,85.83982738566547,83.36393663933802,80.87286888910126,78.37242806862179,75.86841876803051,73.36664672675921,70.8729196778353
64.5780408924301,66.67109767076784,68.7172684013598,70.73580402672626,72.74527591471428,74.76273435252553,76.80295787286924,78.87805874319461,80.99780119981992,83.15537213066716,85.28325096410686,87.30081528043786,89.13021859806152,90.73434386184731,92.21703055029244,93.70831328271282,95.32326308123402,97.10972941186967,98.9018579421325,100.52177640464063,101.9327689190766,103.08611615607671,103.63031239133494,103.1964579664411,101.9327689190766,100.09885734997967,97.88297492260655,95.4390861447954,92.90323692561556,90.37878616220007,87.87013770051688,85.36561359500982,82.85888100354765,80.3458418614446,77.82340649562099,75.28968121755072,72.74527591471428
63.29692960163757,65.36616135389946,67.37598637829467,69.34620252933757,71.29661757147258,73.24704466768011,75.21730000415803,77.22720150455228,79.29656811596593,81.42539877274436,83.53441018771733,85.52449856908692,87.29656027774465,88.79327442418327,90.12445069378722,91.44168147685234,92.89655920809155,94.57454305033957,96.29655898734816,97.84298732480984,99.09655889903446,99.95786133638165,100.29655887548745,100.0049206679156,99.09655889903446,97.63060470603841,95.72692198853623,93.52055784854278,91.14655940985678,88.71843316448933,86.26352301579342,83.78763232671423,81.296564678533,78.79612404006036,76.29211506376876,73.79034359904702,71.29661757147258
61.890280757509515,63.95942996266892,65.96920488298262,67.9393899827096,69.88978545488564,71.84020006138938,73.81044736286202,75.82034367785802,77.88970694952386,80.0185354862511,82.12754561204882,84.11763323539162,85.88969450713222,87.38640840078145,88.71758450819962,90.03481517296514,91.48969280916397,93.1676765748708,94.88969245875573,96.43612076351278,97.68969231856647,98.55099474560718,98.88969228118793,98.59805407663474,97.68969231856647,96.22373814857353,94.3200554752441,92.11369141765087,89.73969312944631,87.3115671517664,84.85665747804362,82.38076763425039,79.8897014929448,77.3892635418473,74.88525935391547,72.38349640206756,69.88978545488564
60.88493018292665,62.962516371299216,64.98505873318027,66.97224917561675,68.94355645449042,70.91790884429125,72.91338593263151,74.94702193527019,77.03488152248148,79.17432383573544,81.29032557484027,83.29062671991619,85.08413193392494,86.62149121271955,88.0110662068254,89.39693604344572,90.9164160766392,92.63899110602046,94.39017605552662,95.96747412903471,97.28819260861066,98.2777757642454,98.7096466253093,98.35327073120438,97.28819260861066,95.66746262357643,93.6383760908189,91.34019355927907,88.90538515716077,86.44173726544317,83.96722532030242,81.48095239504292,78.98422208405674,76.47923510571795,73.96859093942795,71.45535555941879,68.94355645449042
60.077441898855454,62.14625213336002,64.15582129069263,66.12587886555514,68.07619396333916,70.02655727329821,71.99677157374947,74.00664659133973,76.0759961459644,78.20481597517114,80.31382080602945,82.30390531597817,84.07596479319614,85.57267764857868,86.90385308986092,88.22108326874132,89.6759605145865,91.35394396592002,93.07595963161317,94.62238780204439,95.87595927835844,96.7372616630679,97.07595918417036,96.78432099201564,95.87595927835844,94.4100052028449,92.5063227109436,90.29995899178803,87.92596132164716,85.49783644342438,83.04292872052986,80.5670423485252,78.07598239630481,75.57555548284817,73.07157096167684,70.56984297364733,68.07619396333916
43.992735435303246,46.05342490280249,48.05805684141481,50.02505155958729,51.97343509103216,53.922565168763015,55.89198589108352,57.901348688099034,59.97036830299285,62.09897867428742,64.20785613114194,66.19786574408745,67.96988205096937,69.46656992885309,70.79772934487605,72.11494783476168,73.56981568979822,75.2477915781812,76.96980199477692,78.51622693369285,79.76979651574294,80.6310978820758,80.96979505487035,80.67815716098889,79.76979651574294,78.30384471314912,76.40016658591637,74.19381100863956,71.81982820736964,69.39172977885585,66.93686898674758,64.46106613373861,61.970155064941466,59.469993657623746,56.96648217079729,54.46559501678887,51.97343509103216
44.991445133193295,47.05391978152129,49.05963833790224,51.02730763542453,52.9761167757691,54.925518665924656,56.89511432986046,58.90459005740334,60.97368242041756,63.10233897713819,65.21124452078305,67.20127064930121,68.97329647579465,70.46998986157018,71.80115281140249,73.1183738788927,74.57324380475208,76.25122136088862,77.97323293499699,79.51965858651593,80.773228586283,81.63453017718507,81.97322742678737,81.68158946713163,80.773228586283,79.30727628247226,77.40359719275746,75.1972398200629,72.82325373996997,70.39514947889538,67.94027833790726,65.46445706803371,62.97351316947571,60.473293218508815,57.96967743533193,55.46860491300802,52.9761167757691
45.991125651028185,48.05501944284672,50.06160130209772,52.02980634867295,53.97895342962177,55.928571112315154,57.89830565000611,59.90787101976488,61.97702112671078,64.10571434228352,66.21464217897164,68.20468141610701,69.97671479839497,71.47341255581625,72.80457831044835,74.12180142379194,75.57667299326869,77.2546518731045,78.97666436593241,80.52309058304519,81.77666091435466,82.6379626834975,82.9766599940622,82.68502198220135,81.77666091435466,80.31070821272756,78.40702835908955,76.20066956136884,73.82668087886573,71.39857198846411,68.94369263350086,66.46785674595193,63.97688678976266,61.47662037066533,58.972921801063876,56.4717021317109,53.97895342962177
46.9915780596639,49.056599643464445,51.06386724523439,53.03249772737597,54.98191311679712,56.931702108721396,58.90154688476403,60.911183409391285,62.98037935006366,65.10910166270332,67.21804719373365,69.2080968353105,70.980136214683,72.4768374419002,73.80800542271186,75.12523015985488,76.58010303387431,78.2580829643324,79.98009618634919,81.52652285237446,82.78009344682941,83.64139535744206,83.98009271639268,83.68845466309659,82.78009344682941,81.31414042945507,79.41045996949035,77.20410004072433,74.83010929268272,72.4019967279689,69.9471108535291,67.47126336379736,64.98027272525377,62.47996942311356,59.976205141878694,57.47486866918703,54.98191311679712
47.99264397122076,50.05856157834009,52.06637379395684,54.03534207770828,55.984970477172226,57.93489545911331,59.90482774032759,61.91452074426209,63.983753064659936,66.11249847223445,68.221458047489,70.2115159471553,71.98356008644629,73.48026406765388,74.81143381539076,76.12865984134713,77.58353375078444,79.26151451512295,80.98352831589779,82.52995533822528,83.78352614153903,84.6448281644364,84.98352556179094,84.69188747560767,83.78352614153903,82.31757287355586,80.41389193234903,78.20753110587088,75.83353871840768,73.40542323738222,70.95053218840516,68.4746754899353,65.98366843554508,63.48333585851846,60.979519419402564,58.47809023186032,55.984970477172226
48.994197358606016,51.060826704008534,53.0690713940709,55.03830787507948,56.988105374420286,58.93813830543917,60.90814004518302,62.917877879073416,64.98713907500628,67.11590281340655,69.22487353570503,71.21493798987089,72.98698590713013,74.48369207418864,75.81486322433835,77.13209027322836,78.58696500447846,80.26494643066889,81.98696069080455,83.53338799592944,84.7869589650146,85.64826107703242,85.98695850486817,85.69532039258233,84.7869589650146,83.32100549812297,81.41732417495389,79.21096263596063,76.83696894728598,74.40885115157734,71.95395599555134,69.47809198805116,66.98707190423661,64.48671609121585,61.98285825277284,59.48135547237774,56.988105374420286
49.99613799538972,52.063332603593,54.07192068384755,56.041370086062955,57.9913018212965,59.9414204402061,61.911477312767715,63.92125072966671,65.99053484471139,68.11931313252688,70.22829270232549,72.21836235883242,73.99041327467867,75.48712117665278,76.81829343990043,78.13552130069455,79.59039668421855,81.26837863572158,82.99039326045235,84.53682079003374,85.79039189069177,86.65169407344456,86.9903915254733,86.69875339246983,85.79039189069177,84.32443826592639,82.42075663959352,80.21439453507631,77.84039981362841,75.41228018075128,72.95738176494837,70.48151195623541,67.99048153086025,65.49010727510287,62.986216576990785,60.4846553827424,57.9913018212965
51.09838620639969,53.16602968828853,55.174890402608156,57.14450883383543,59.09454712554566,61.04473376042958,63.014834394171885,65.02463605423642,67.0939383605604,69.22272819639886,71.33171478851685,73.32178857414428,75.09384186997794,76.59055114895837,77.92172429567378,79.23895280087733,80.69382870211187,82.37181107055602,84.09382598466627,85.64025369239897,86.89382489748645,87.75512713638163,88.09382460761233,87.8021864581653,86.89382489748645,85.42787114741657,83.52418928046237,81.31782672708829,78.94383118592708,76.51571009488629,74.06080909179042,71.58493467863195,69.09389604509192,66.59350715112575,64.0895903716462,61.587982812296374,59.09454712554566
52.10087867428423,54.16887856885286,56.17795572659901,58.1477083372492,60.097831211320056,62.04807183395255,64.01820720237457,66.02803127962953,68.09734802461344,70.22614702621475,72.33513919198526,74.32521625491022,76.09727143974575,77.59398181165867,78.92515565958371,80.24238467625582,81.69726098839777,83.37524368776849,85.0972588315594,86.6436866806909,87.89725796866414,88.75856025211957,89.09725773859088,88.80561957609252,87.89725796866414,86.43130411913998,84.52762206120448,82.32125915157233,79.9472629598038,77.5191407114165,75.06423765478087,72.58835958705905,70.09731443865465,67.59691392620917,65.09297644553708,62.59133208492477,60.097831211320056
53.103565094118295,55.17184796274307,57.181096945544226,59.150956067709615,61.101146080155274,63.05142955505562,65.02159249329797,67.0314343634511,69.10076256855311,71.2295688450825,73.33856543468534,75.32864509881091,77.10070178295113,78.59741302232624,79.9285874268023,81.24581684942757,82.70069348770713,84.37867644973448,86.10069177582312,87.64711973718295,88.90069109094267,89.76199340976558,90.10069090833339,89.80905273547623,88.90069109094267,87.43473716248158,85.53105495296407,83.32469176056964,80.95069505241347,78.52257188543885,76.06766719890508,73.59178623054655,71.10073591126599,68.60032617714833,66.0963722656785,63.59469869509283,61.101146080155274
54.10640550738336,56.17491302883468,58.184298410566754,60.154242079317754,62.10448538287271,64.05480287100356,66.02498769198547,68.03484368459945,70.10418098569531,72.23299303637506,74.3419931371894,76.33207486589419,78.10413274003515,79.60084466791622,80.93201951412745,82.24924925895812,83.70412615609334,85.38210932659148,87.10412479736996,88.6505528478055,89.90412425377995,90.76542660067406,91.10412410884287,90.8124859277639,89.90412425377995,88.4381702626666,86.53448793283836,84.32812451601528,81.95412739800183,79.52600350194342,77.0710975217571,74.59521425115668,72.1041598277333,69.60374277431987,67.09977582155946,64.59807906650369,62.10448538287271
55.10936817913941,57.17805404305403,59.18754769810681,61.157558476781844,63.10784407962622,65.05818856493471,67.02839075461046,69.03825795637283,71.10760247702176,73.23641911067043,75.3454219983437,77.33550536570917,79.10756418435551,80.60427665870456,81.93545185552142,83.25268185608681,84.70755895867599,86.38554229463753,88.10755788025644,89.65398600139139,90.90755744880875,91.768859817983,92.1075573337721,91.81591914616747,90.90755744880875,89.44160340796824,87.53792098264931,85.33155738769707,82.95755994437955,80.52943546964667,78.07452846268662,75.5986433647925,73.10758568389889,70.60716282112523,68.1031855173863,65.60147036049005,63.10784407962622
56.212427908839786,58.28125534556594,60.290834945664216,62.2608989928318,64.21121816997247,66.16158408349597,68.13180005893487,70.14167615749483,72.21102640834334,74.3398466795112,76.44885177912118,78.43893644709448,80.21099601539596,81.70770892347721,83.03888439857008,84.35611460211233,85.81099186777047,87.48897533506045,89.21099101182824,90.75741918907738,92.01099066938797,92.87229305624598,93.21099057808334,92.91935238529929,92.01099066938797,90.54503658907898,88.64135408796903,86.43499035163558,84.06099265012399,81.63286771609665,79.17795989418511,76.70207334596506,74.2110130796094,71.71058560592371,69.20660008654507,66.70487032390038,64.21121816997247
57.21556468691368,59.28450450410885,61.29415232416132,63.26425865264511,65.21460447855905,67.16498740000891,69.13521431735492,71.14509747736484,73.21445227629883,75.34327543457661,77.4522822898053,79.44236799007292,81.21442815337656,82.71114140571146,84.04231710167225,85.35954746631734,86.81442486140344,88.49240843292887,90.21442418204161,91.7608524038286,93.01442391024658,93.8757263111402,94.21442383777803,93.92278564088312,93.01442391024658,91.54846979861145,89.64478723734612,87.43842338879828,85.0644254823579,82.63630018378821,80.18139171504887,77.70550401570307,75.21444169726092,72.71401056387947,70.21001852370382,67.7082771683442,65.21460447855905
58.318762626785784,60.38779164927337,62.3974936188951,64.36763350739581,66.3180004849822,68.2683969058468,70.23863250787828,72.24852127260071,74.31787968136702,76.4467051311511,78.55571337981742,80.5457998994184,82.31786053497581,83.81457406054517,85.14574993180898,86.46298042432153,87.91785792213463,89.59584157639182,91.31785738292479,92.86428564006151,94.11785716720092,94.9791595792346,95.31785710968262,95.02621890952486,94.11785716720092,92.65190303070221,90.74822042169153,88.54185648407909,86.16785841498657,83.73973282707934,81.28482384495217,78.80893523195653,76.31787128476972,73.81743724667803,71.31344003091755,68.81168947433537,66.3180004849822
59.42200911614211,61.49110894649628,63.50085389677383,65.47102042270541,67.42140418871737,69.37181132420983,71.34205381933614,73.35194703254447,75.42130830644575,77.55013557500317,79.659144929643,81.64923209954976,83.42129310993545,84.91800685237118,86.2491828627731,87.5664134567742,89.02129103612182,90.69927475604324,92.42129060815067,93.96771889334448,95.22129043693053,96.08259285780608,96.4212903912782,96.12965218853074,95.22129043693053,93.75533628069758,91.85165363379139,89.64528962548829,87.27129142729868,84.843165609744,82.3882562201405,79.91236688197999,77.42130164205616,74.92086529848947,72.41686397484892,69.91510611520206,67.42140418871737
60.525294142609525,62.59445017671962,64.60422924209821,66.5744169106942,68.5248140018976,70.47522964168098,72.44547760789521,74.45537435188344,76.52473789984955,78.65356661197063,80.76257684442305,82.75266453047817,84.52472583836536,86.0214397529281,87.35261587376408,88.66984654831661,90.12472419237825,91.8027079644174,93.52472385269732,95.07115216016004,96.32472371679978,97.18602614469316,97.52472368056551,97.2330854757626,96.32472371679978,94.85876954490377,92.95508686791987,90.74872280350958,88.37472450285554,85.94659850302958,83.4916887900118,81.01579887628719,78.52473261031636,76.02429443688982,73.52028985281285,71.01852619668854,68.5248140018976
61.628609758119154,63.697810403394385,65.70761654678574,67.67782099665412,69.62822866420072,71.578651053898,73.54890336253959,75.55880290891864,77.62816826181489,79.75699811969457,81.86600904886785,83.85609714459036,85.62815868860474,87.12487273978479,88.45604894827233,89.77327968675864,91.22815738218381,92.90614119558883,94.62815711257886,96.17458543771646,97.42815700471692,98.2894594381803,98.62815697595776,98.33651876952344,97.42815700471692,95.96220282038911,94.05852011953255,91.85215601058992,89.47815762860981,87.05003148411495,84.59512151440305,82.1192311438528,79.62816406350726,77.12772443771804,74.62371726582478,72.1219490090136,69.62822866420072
62.831949653501354,64.90118570807697,66.91101334382992,68.88123111321,70.83164717528877,72.7820749224301,74.7523306776724,76.76223244831618,78.8315992337887,80.96043000105851,83.06944148321982,85.0595299040957,86.83159163552439,88.32830579513771,89.65948207319434,90.9767128624249,92.43159059861736,94.1095744448545,95.83159038463177,97.37801872379791,98.63159029902167,99.49289273690601,99.83159027619553,99.53995206846635,98.63159029902167,97.16563610482675,95.26195338502241,93.05558924073449,90.68159079420579,88.2534645348872,85.79855436143696,83.3226636283038,80.83159590158826,78.33115512305679,75.82714589720844,73.32537398881729,70.83164717528877
64.53770226002878,66.63082966252249,68.6771077714313,70.69578494128024,72.70542778839658,74.72307751451527,76.76349759558573,78.83877880461354,80.95865875471885,83.11630741354878,85.24423699464896,87.2618748238405,89.09143007227814,90.69583457623526,92.17890356436955,93.67060928601867,95.2859333808155,97.07264562785092,98.8649298505261,100.48500882416758,101.89633613994917,103.05027318781472,103.59486125950171,103.1607376479738,101.89633613994917,100.06162256313851,97.84500416284402,95.40051882891402,92.86424396440307,90.3395322281045,87.83073563216911,85.32613184521372,82.81935544267571,80.3062809575138,77.78379371812176,75.24997796072168,72.70542778839658
63.225299547415034,65.29452896235054,67.30435256806662,69.27456783991062,71.22498232793737,73.17540907050991,75.14566417948424,77.15556553305902,79.2249320499111,81.35376264666246,83.46277402513377,85.45286238504062,87.22492408132749,88.72163822060867,90.05281448562047,91.37004526533607,92.8249229938843,94.50290683396514,96.2249227694696,97.77135110600528,99.02492267968712,99.88622511674248,100.22492265574846,99.93328444826207,99.02492267968712,97.55896848734236,95.65528577109089,93.4489216334305,91.07492319900521,88.64679696121706,86.1918868259695,83.71599616082375,81.22492855530811,78.72448799292573,76.22047915221177,73.71870792852388,71.22498232793737
61.818654325145644,63.887799820334834,65.897572488751,67.8677561928818,69.81815078548397,71.76856483063449,73.73881177097068,75.74870785290656,77.81807097446574,79.94689941590616,82.05590948376116,84.04599707303403,85.81805832513716,87.31477220742461,88.64594830755325,89.9631789670017,91.41805659892893,93.09604036119553,94.81805624269282,96.36448454597993,97.61805610017198,98.47935852674944,98.81805606217173,98.52641785775425,97.61805610017198,96.15210193121293,94.24841925986884,92.04205520597915,89.66805692453806,87.2399309588895,84.78502130651466,82.30913150071329,79.81806542713511,77.31762759682309,74.81362362410647,72.31186105487323,69.81815078548397
60.814327622403994,62.89199590255183,64.91466420665834,66.90202277816604,68.87353640018418,70.84812402895716,72.84384777696589,74.87771461714314,76.96575319476838,79.1052978662853,81.22136689686513,83.22176617589864,85.01547670178914,86.55322235156223,87.94334613370265,89.32985154048849,90.84992057545472,92.57289703147032,94.32434233039963,95.90191401886976,97.22322092597324,98.21390304753476,98.64655183847643,98.28963721830323,97.22322092597324,95.60112066097241,93.5708871799898,91.27184342300797,88.8364544440668,86.3724635992904,83.89776119270977,81.4113870458458,78.91460144108726,76.40957004137108,73.89886097417212,71.38551323004002,68.87353640018418
60.00583033850499,62.07463122761679,64.08419471171554,66.05424877036292,68.00456165194694,69.95492354746078,71.92513693793649,73.93501136826485,76.00436054464959,78.13318013375056,80.24218481860318,82.23226924270128,84.00432867043598,85.50104149718874,86.83221692010247,88.14944708558482,89.60432432066611,91.28230776333086,93.00432342300749,94.55075158973473,95.80432306387756,96.66562544741971,97.00432296812296,96.71268477631011,95.80432306387756,94.33836899096924,92.43468650407075,90.22832279424749,87.85432514114952,85.42620029324382,82.9712926241427,80.49540634787124,78.00434656631222,75.50391995721321,72.99993597834134,70.49820895441252,68.00456165194694
43.95082221849421,46.01142739838453,48.016008014392,49.982970864392726,51.9313342867477,53.88045152085587,55.84986397642726,57.85922143680094,59.92823761383465,62.056845802511845,64.16572193203717,66.15573076448341,67.92774662148243,69.42443423907079,70.7555934880906,72.07281185616198,73.52767961333407,75.20565542290112,76.9276657847942,78.47409069003336,79.72766025234264,80.58896160806268,80.92765877722738,80.63602088645432,79.72766025234264,78.26170847343576,76.35803039168871,74.15167489926111,71.77769225294426,69.34959410006957,66.89473379703477,64.4189318143778,61.92802229705387,59.4278636563692,56.92435709824247,54.42347870382005,51.9313342867477
44.94948608346004,47.01189371396322,49.017571490391816,50.98521547639572,52.934008649020214,54.88340034228068,56.85298944370193,58.86246093506243,60.9315505692488,63.06020539354785,65.16910988366207,67.15913539268702,68.93116086210428,70.42785404128169,71.7590168585628,73.0762378293686,74.53110767755268,76.20908517113281,77.93109670182363,79.4775223266133,80.73109231071209,81.5923938931907,81.93109113991201,81.6394531827234,80.73109231071209,79.26514002570167,77.36146097208896,75.15510366673936,72.78111770963308,70.3530136673345,67.89814291452761,65.42232233546352,62.93137966834411,60.43116191336151,57.927550042432756,55.42648447366105,52.934008649020214
45.94913015226359,48.01297067703783,50.0195201407182,51.987705086345755,53.93683948921563,55.886449076797234,57.8561784050662,59.86574041225799,61.93488835320805,64.0635801937083,66.17250719419049,68.16254593962717,69.93457903850108,71.43127663194437,72.76244228137006,74.07966531797496,75.53453682580067,77.21251565598533,78.93452811435264,80.4809543102504,81.73452462912394,82.59582639158106,82.93452369985911,82.64288568995642,81.73452462912394,80.26857194241865,78.36489211743489,76.158533373166,73.78454478827769,71.35643607151937,68.90155702465789,66.42572168541147,63.93475270663677,61.43448803056023,58.9307925663242,56.42957841667982,53.93683948921563
46.94955358617571,49.0145328445812,51.02177471599356,52.990389236952666,54.9397945609453,56.88957712662142,58.85941776747008,60.869051623032846,62.93824584447519,65.06696706568852,67.17591193301035,69.16596118432152,70.9380003387466,72.43470143581376,73.76586933312275,75.08309400935806,76.53796683444494,78.21594672549486,79.93795992016024,81.48438656934708,82.73795715393163,83.59925905923785,83.93795641637354,83.64631836463164,82.73795715393163,81.27200414840075,79.36832371117899,77.16196382483771,74.78797315427316,72.35986072738058,69.90497509748265,67.42912804294309,64.93813818018727,62.43783626152572,59.93407444515461,57.432742353881025,54.9397945609453
47.950596472002914,50.01648045558227,52.0242722376656,53.99322784857435,55.94284825731853,57.89276813801615,59.86269713682675,61.87238802220159,63.94161897799653,66.0703635192861,68.1793225677477,70.1693801576573,71.94142411840642,73.43812799631348,74.76929767777406,76.08652365538785,77.5413975259873,79.2193782590475,80.94139203811349,82.48781904707633,83.74138984255593,84.60269186124157,84.9413892571556,84.64975117220591,83.74138984255593,82.27543658397292,80.37175566081717,78.16539486801162,75.79140254204208,73.3632871704057,70.90839631552245,68.43253996246756,65.94153352382884,63.441202044896514,60.93738756222845,58.43596185248623,55.94284825731853
48.95213156588545,51.018734205438335,53.026962670248395,54.99618909001437,56.94598024599259,58.896009127693816,60.86600826200436,62.8757444143161,64.94500452713199,67.07376757794933,69.18273788212741,71.17280209043756,72.94484986598741,74.44155595105599,75.77272704860206,77.08995405912248,78.5448287595469,80.2228101609117,81.94482440381705,83.4912516983344,84.74482266120157,85.60612476987654,85.94482219656898,85.65318408526223,84.74482266120157,83.27886920177087,81.37518789292895,79.16882638066167,76.7948327407946,74.36671503190829,71.91182002993523,69.4359562965927,66.94493670150575,64.44458176005975,61.94072547450344,59.43922545460774,56.94598024599259
49.954057671771636,52.02123107165548,54.029806269414266,55.99924768425112,57.949174384046145,59.899289788721575,61.869344593231105,63.87911667541191,65.94839993076656,68.0771776728395,70.1861569107729,72.17622637214293,73.948277175514,75.4449850124125,76.77615723390855,78.09338506424865,79.54826042330629,81.22624235510517,82.94825696616024,84.49468448732242,85.74825558304522,86.6095577631448,86.94825521426607,86.65661708203972,85.74825558304522,84.2823019642016,82.37862034924021,80.17225826593543,77.79826358322617,75.37014401926007,72.91524572572939,70.43937613461657,67.94834609714809,65.44797253317057,62.94408306761888,60.44252406448598,57.949174384046145
51.05629434245258,53.12392098380218,55.13277147043914,57.10238356096761,59.052417855601334,61.00260193916412,62.97270093141786,64.98250153208541,67.05180315606069,69.18059255873816,71.28957888745275,73.2796525181993,75.05170572476109,76.54841495209087,77.87958806566795,79.19681654670012,80.6516924285157,82.32967478132068,84.05168968457647,85.59811738562684,86.85168858679724,87.71299082358655,88.051688294097,87.76005014526673,86.85168858679724,85.38573484142744,83.48205298349879,81.27569044696102,78.90169493654673,76.47357390020075,74.01867299415261,71.54279875370418,69.05176042804794,66.55137208315448,64.04745628197978,61.545850461786046,59.052417855601334
52.058777646265185,54.12676416977085,56.13583320801075,58.10558078534416,60.0557004866521,62.00593908418507,63.97607314970983,65.98589638610167,68.05521258949732,70.18401124729547,72.29300320400144,74.28308014399697,76.05513525797721,77.5518455888949,78.88301941051805,80.2002484080053,81.65512470473439,83.33310739169224,85.05512252686799,86.60155037069572,87.85512165555997,88.71642393734398,89.05512142324363,88.76348326123482,87.85512165555997,86.38916780976626,84.48548575899434,82.27912286272522,79.90512669536054,77.47700449038456,75.02210151077588,72.54622358013452,70.05517867609902,67.55477859945697,65.05084189527923,62.54919891507795,60.0557004866521
53.061456789729576,55.12972904276097,57.138971579978346,59.10882670675596,61.059014200800874,63.00929606830651,64.97945797240902,66.98929917515656,69.05862695039481,71.18743295404555,73.29642937771305,75.2865089442692,77.05856557217143,78.5552767790086,79.88645116260878,81.20368057000701,82.65855719605335,84.33654014822864,86.05855546747944,87.60498342462964,88.85855477592172,89.71985709341806,90.05855459153213,89.7669164190635,88.85855477592172,87.3926008504215,85.48891864658975,83.28255546480153,80.90855877601476,78.48043564349574,76.0255310180984,73.54965015854094,71.05860003321693,68.55819064499937,66.05423734984183,63.55256487491553,61.059014200800874
54.064291425945555,56.13279051992086,58.14217078507926,60.11211128241068,62.062352586998,64.0126687992934,65.98285279945934,67.99270826234553,70.0620452222552,72.19085705634981,74.29985702546075,76.28993867672446,78.06199650622926,79.5587084082849,80.88988323792691,82.20711297067186,83.6619898580976,85.33997302077614,87.0619884861274,88.60841653322176,89.8619879372377,90.72329028307888,91.06198779088756,90.77034961011694,89.8619879372377,88.39603394847435,86.49235162315891,84.28598821475398,81.91199111211402,79.4838672434031,77.02896131174083,74.55307812749606,72.0620238580166,69.56160707914592,67.05764061555817,64.55594473014446,62.062352586998
55.067249511326224,57.135928685167784,59.14541827874575,61.115426540088094,63.06571055628051,65.01605402892905,66.986255567111,68.99612234842336,71.06546659827072,73.19428306001487,75.30328584315478,77.29336914905515,79.0654279322737,80.56214038612508,81.89331556979096,83.2105455607639,84.66542265564664,86.34340598540177,88.0654215667131,89.61184968519615,90.865421131059,91.72672349939756,92.06542101490083,91.77378282754097,90.865421131059,89.39946709208371,87.4957846703466,85.28942108207585,82.91542365096029,80.48729919793311,78.03239222948665,75.55650720013317,73.06544964142526,70.56502699655735,68.06105008107833,65.55933561442794,63.06571055628051
56.170305600106914,58.23912772617443,60.24870410239599,62.218766151444854,64.16908406921473,66.11944917897146,68.08966463731198,70.09954040215752,72.16889043806947,74.29771057279615,76.40671558943781,78.39680020862613,80.16885974880853,81.66557264062077,82.99674810527566,84.31397830120439,85.76885556074592,87.44683902310987,89.16885469645874,90.71528287160305,91.96885435067983,92.83015673687456,93.16885425848503,92.87721606589527,91.96885435067983,90.50290027185129,88.59921777358421,86.39285404255386,84.01885635072699,81.59073143392749,79.13582364258426,76.65993714876495,74.16887697938839,71.66844967865526,69.16446446744081,66.66273525265123,64.16908406921473
57.17343948793278,59.24237508958659,61.252020350668715,63.222125093175066,65.17246991949784,67.12285220298621,69.09307870990632,71.10296160504502,73.172316233383,75.30113928336701,77.41014607274354,79.40023173429051,81.17229187527599,82.66900511469817,84.00018080237433,85.31741116097658,86.77228855120791,88.45027211882353,90.17228786522267,91.71871608533908,92.9722875907778,93.83358999114493,94.17228751760271,93.88064932086198,92.9722875907778,91.50633348031766,89.60265092130874,87.39628707696997,85.02228917821637,82.59416389332038,80.13925544884314,77.66336779267534,75.17230555120564,72.67187455509716,70.16788275951292,67.66614183899033,65.17246991949784
58.2766351335312,60.34566080984597,62.355360748299674,64.32549937796541,66.27586556215817,68.22626147666524,70.19649675293851,72.20638530743133,74.27574358079502,76.4045689446261,78.51357714102548,80.5036636298938,82.27572424773727,83.77243776305778,85.10361362774606,86.42084411546243,87.87572160942234,89.5537052605763,91.27572106495546,92.82214932076624,94.07572084712841,94.93702325874423,95.27572078904932,94.98408258901395,94.07572084712841,92.60976671156232,90.70608410434252,88.49972017007083,86.1257221070793,83.69759653002491,81.24268756715459,78.76679898842936,76.27573510233573,73.7753011731979,71.27130415157058,68.76955394012141,66.27586556215817
59.379879801743385,61.44897697605231,63.458720314120185,65.42888584088618,67.37926897717014,69.32967571076185,71.29991794733186,73.30981099368009,75.37917216011189,77.50799936044827,79.61700867360376,81.60709581911797,83.3791568154441,84.87587054974531,86.20704655492824,87.52427714512254,88.9791547214119,90.65713843887028,92.37915428926824,93.92558257340964,95.17915411637878,96.0404565369227,96.37915407028139,96.08751586763105,95.17915411637878,93.71319996088604,91.80951731540131,89.60315330974976,87.22915511640252,84.80102930746179,82.34611993314245,79.87023062218239,77.3791654307483,74.87872917365851,72.3747280041021,69.87297041838912,67.37926897717014
60.48316338265563,62.55231730854398,64.56209509426648,66.5322819698068,68.48267856118778,70.43309388197952,72.4033416429763,74.41323825452706,76.48260171719444,78.61143037516834,80.72044057469458,82.71052824138934,84.48258953811744,85.97930344622381,87.31047956291745,88.62771023444857,90.08258787608283,91.76057164616707,93.48258753309018,95.02901583971763,96.28258739586772,97.14388982349786,97.48258735928019,97.19094915455437,96.28258739586772,94.81663322455921,92.91295054870349,90.70658648639775,88.3325881895871,85.90446219659799,83.44955249571129,80.97366260357575,78.48259637609124,75.98215827130159,73.47815380952159,70.97639037081979,68.48267856118778
61.58647785075675,63.655676822661405,65.66548195036106,67.63568577076978,69.58609304160265,71.53651517811429,73.50676732387396,75.51666676513703,77.58603205033151,79.71486186523451,81.82387276827424,83.81396084863043,85.5860223837878,87.08273642984345,88.41391263504322,89.73114337113142,91.18602106463,92.86400487648339,94.58602079239654,96.13244911687117,97.38602068348301,98.24732311673748,98.58602065444346,98.29438244807034,97.38602068348301,95.9200664996215,94.01638379966036,91.81001969238814,89.43602131345853,87.00789517439011,84.5529852143066,82.07709486089158,79.5860278110927,77.08558823978068,74.5815811649548,72.07981308071263,69.58609304160265
62.789816835395754,64.8590515617697,66.86887839134998,68.8390956611207,70.78951140832484,72.73993895451142,74.71019458047381,76.72009626768681,78.78946299942429,80.91829373258346,83.02730519400258,85.01739360268218,86.78945532708104,88.28616948262712,89.61734575807424,90.93457654540143,92.38945428006473,94.06743812507037,95.78945406399288,97.33588240263285,98.58945397754816,99.45075641526668,99.78945395449946,99.49781574681884,98.58945397754816,97.12349978372333,95.21981706462972,93.01345292166756,90.63945447756007,88.21132822254842,85.75641805674027,83.28052733720736,80.78945963473673,78.28901889944389,75.78500975063807,73.28323797921549,70.78951140832484
64.49648997478181,66.58968720143965,68.63607146801597,70.65488856533109,72.6647004064331,74.68253920635607,76.72315355536335,78.79861298414922,80.91862880232803,83.07635426648012,85.20433399137217,87.22204445659676,89.05174981594189,90.65643018796106,92.1398768019502,93.63200026455131,95.24769394407781,97.0346489775248,98.827086896859,100.4473243126492,101.85898207674987,103.01350114375558,103.55847578869006,103.12408661371632,101.85898207674987,100.02347683516936,97.80613169761332,95.36105711404744,92.82436171904452,90.29939210536428,87.79044911854706,85.28576658379623,82.77894688230673,80.26583746659145,77.74329895804837,75.20939377264585,72.6647004064331
63.14968841656162,65.21891532208107,67.22873740466392,69.1989517325751,71.1493656256954,73.09979198859517,75.07004685331502,77.07994804926015,79.14931446458816,81.27814499689268,83.38715633617474,85.37724467303859,87.14930635604377,88.64602048764047,89.97719674772205,91.29442752384148,92.74930524950062,94.42728908725472,96.1493050211443,97.69573335668579,98.94930492978486,99.81060736652691,100.14930490542574,99.85766669803111,98.94930492978486,97.48335073813935,95.57966802323067,93.37330388807514,90.99930545822431,88.5711792285735,86.11626910776448,83.64037846831431,81.14931090860573,78.64887042791611,76.1448617327622,73.64309076785526,71.1493656256954
61.74304708281102,63.81218859488257,65.8219588456013,67.7921410513814,69.74253469964819,71.6929481421138,73.66319469472347,75.67309052643927,77.74245348683957,79.87128182597723,81.98029183162328,83.97037938431768,85.74244061533739,87.23915448542652,88.57033057772888,89.88756123146882,91.34243885880989,93.020422617383,94.7424384963168,96.28886679802575,97.54243835129272,98.40374077737283,98.74243831262504,98.4508001083532,97.54243835129272,96.07648418344367,94.17280151423115,91.96643746431764,89.59243919013804,87.16431323740673,84.70940360795167,82.23351384293946,79.74244784207534,77.24201014144217,74.73800639978684,72.23624424133982,69.74253469964819
60.739823184687836,62.81757985898456,64.84038376744465,66.8279233539457,68.79965911398469,70.77449996175211,72.7704891917849,74.80460445612863,76.8928356418933,79.03249045176017,81.14863188559607,83.14913674913558,84.94306815862319,86.48122942460023,87.87194340178543,89.25913214021665,90.77983425371062,92.50324207424742,94.25496709491281,95.83283272024673,97.15477162839531,98.14663361974043,98.58011723621576,98.22262452203654,97.15477162839531,95.53119933828907,93.49973300563725,91.19976307542338,88.76374952133946,86.2993896517757,83.82448227850321,81.3379991935573,78.84115407756191,76.33607486714286,73.82529594530746,71.31182725544912,68.79965911398469
59.930239063068356,61.99902991878845,64.00858731197339,65.97863759552341,67.9289480977359,69.87930847466225,71.84952088816249,73.85939468798965,75.92874345828506,78.05756278960149,80.16656731769817,82.15665164962456,83.92871102423256,85.42542382024749,86.75659922344032,88.07382937453806,89.52870659806297,91.20669003142076,92.9287056846378,94.47513384738835,95.72870531920009,96.59000770148904,96.92870522176366,96.63706703031785,95.72870531920009,94.26275124908884,92.35906876756152,90.15270506775767,87.77870743295743,85.3505826176011,82.89567500625408,80.4197888327646,77.92872923443258,75.42830295210078,72.92431955545723,70.42259356661431,67.9289480977359
43.90798785413361,45.9685060476787,47.97303369614424,49.93996365592861,51.88830632402242,53.83741030233652,55.80681422582407,57.81616617825023,59.88517880706158,62.013784743052014,64.12265950263527,66.11266752952449,67.88468292219713,69.38137027113328,70.71252934778826,72.02974759013452,73.48461524630014,75.16259097452081,76.88460127995504,78.43102615043625,79.68459569237095,80.54589703713734,80.88459420255566,80.59295631499083,79.68459569237095,78.21864393791142,76.31496590311046,74.1086104982562,71.73462801186719,69.30653014348113,66.85167034522155,64.37586926085908,61.8849613448172,59.38480555958334,56.88130408837412,54.38043473470316,51.88830632402242
44.90660441911368,46.968942884799105,48.974578573781365,50.94219643632065,52.89097312885124,54.84035429795318,56.80993662621324,58.81940374540537,60.88849056316104,63.017143599421104,65.12604700218162,67.11607187182459,68.88809697270165,70.38478993864811,71.71595261912239,73.03317349013969,74.48804325815468,76.16602068717003,77.88803217304934,79.43445777025156,80.688027738179,81.54932931196373,81.88802655571155,81.59638860106932,80.688027738179,79.22207547257251,77.31839645622095,75.11203922037848,72.7380533902074,70.30994957370868,67.85507922154571,65.37925935546949,62.8883179593234,60.38810247082428,57.8844946377354,55.38343624572204,52.89097312885124
45.90621087146836,47.969996421966684,49.97651245111447,51.94467665087981,53.893797968809594,55.84339920145291,57.81312315307781,59.8226816897575,61.891827395175994,64.02051781645818,66.12944395388828,68.11948219184023,69.89151499820107,71.3882124224018,72.71937796324339,74.03660092064581,75.49147236484112,77.1694511437806,78.89146356658097,80.43788974058253,81.69146004662085,82.55276180217764,82.89145910809563,82.599821100214,81.69146004662085,80.22550737531648,78.32182757990697,76.115468890806,73.74148040666643,71.31337186912631,68.85849314025832,66.38265836691772,63.89169039693721,61.39142751983951,58.88773526066015,56.386526807911494,53.893797968809594
46.90660440217454,48.97153997815749,50.978755293828456,52.94735334143823,54.896748276956814,56.84652421011158,58.816360583022,60.82599168383598,62.8951841308545,65.02390422560183,67.13284840790689,69.1228972564228,70.89493617867848,72.39163714141709,73.72280495254253,75.04002956591466,76.49490234049796,78.1728821908745,79.89489535731033,81.44132198911817,82.6948925635154,83.55619446334481,83.8948918186073,83.60325376846953,82.6948925635154,81.22893957020824,79.32525915645954,77.11889931390513,74.74490872330507,72.31679643865851,69.86191106115356,67.38606445577814,64.89507539371667,62.39477490294949,59.89101563057278,57.38968806136869,54.896748276956814
47.90762352413352,49.973472805839165,51.98124349880267,53.95018603017388,55.899798191721516,57.84971280742576,59.81963841846091,61.82932711726326,63.89855666464587,66.02730031183873,68.13625881659463,70.12631608680269,71.89835986327782,73.39506363456783,74.7262332476243,76.04345917534346,77.49833300585814,79.17631370663582,80.89832746329597,82.44475445846507,83.698325245859,84.5596272601977,84.89832465462499,84.60668657094845,83.698325245859,82.23237199697795,80.32869109245284,78.12233033440096,75.74833807189935,73.320222813164,70.8653321586061,68.38947616205574,65.89847035893732,63.39814001335317,60.89432754994252,58.392905429646646,55.899798191721516
48.909139737893824,50.9757148149279,52.98392653384444,54.95314256945552,56.90292717845787,58.85295188085371,60.822948326089374,62.832682742837434,64.90194173776345,67.03070407892308,69.13967395155694,71.12973790611812,72.90178553540895,74.39849153585527,75.72966257910885,77.0468895500278,78.50176421863691,80.17974559437901,81.90175981950082,83.44818710307007,84.70175805951965,85.56306016474443,85.90175759025682,85.61011947996062,84.70175805951965,83.23580460778942,81.3321233137346,79.12576182905136,76.75176823955891,74.32365062028236,71.86875577730818,69.39289232692528,66.90187323625659,64.40151919436705,61.89766451155168,59.39616734077623,56.90292717845787
49.91105084680365,51.978202357927756,53.986764259767256,55.95619743085527,57.90611893357388,59.85623102083163,61.82628369089771,63.83605439551033,65.90533676357488,68.03411394238417,70.1430928377977,72.13316209776599,73.90521278505076,75.40192055478437,76.73309273318836,78.05032053209672,79.50519586590248,81.18317777736465,82.9051923743049,84.45161988677755,85.70519097740672,86.56649315476787,86.90519060495255,86.61355247352824,85.70519097740672,84.23923736467495,82.33555576145011,80.1291937000388,77.75519905731194,75.32707956446927,72.87218139713644,70.39631203060989,67.90528239350193,65.40490954351384,62.90102135009329,60.399464608418754,57.90611893357388
51.013275606926655,53.08088486735494,55.08972479805479,57.05933034435624,59.009360513602516,60.959541963939614,62.929639262006816,64.93943876926602,67.00873968898587,69.13752864459565,71.2465147014502,73.23658817234335,75.00864128676716,76.50535046078804,77.83652354016289,79.15375199624765,80.60862785802078,82.28661019468444,84.00862508673733,85.55505278089079,86.80862397801837,87.66992621263424,88.0086236824013,87.71698553420761,86.80862397801837,85.34267023749959,83.43898838888623,81.23262586972535,78.8586303910451,76.43050941114991,73.97560860526528,71.49973454307178,69.0086965351841,66.50830875699134,64.00439396552972,61.50278994032605,59.009360513602516
52.015749452626,54.08372217596781,56.092782834090116,58.062525216536656,60.01264164322933,61.96287815065031,63.93301087144937,65.94283323998243,68.01214888440211,70.14094718735925,72.24993892828857,74.24001574140794,76.01207078225806,77.50878107086439,78.83995486534116,80.15718384302761,81.612060123849,83.29004279799551,85.01205792427947,86.55848576263313,87.8120570442886,88.67335932434753,89.01205680965715,88.72041864815361,87.8120570442886,86.34610320234513,84.4424211589668,82.23605827648967,79.86206213431234,77.43393997414145,74.97903707403276,72.50315928487285,70.01211463305177,67.51171500620475,65.00777910345063,62.50613754797763,60.01264164322933
53.018421086219945,55.086682382954706,57.09591826769325,59.065769270826195,61.01595416562259,62.966234374130025,64.93639521089221,66.94623572480717,69.01556305638083,71.14436877839208,73.2533650307968,75.243444496651,77.01550106650971,78.51221223976427,79.84338660181837,81.16061599350068,82.61549260692107,84.29347554892797,86.01549086112132,87.5619188139268,88.81549016267206,89.67679247879917,90.01548997644494,89.72385180437738,88.81549016267206,87.34953624022779,85.44585404226432,83.23949087142284,80.86549420262727,78.43737110567008,75.98246654337201,73.50658579610877,71.01553587096834,68.51512683975602,66.01117418069757,63.50950283660639,61.01595416562259
54.021249759981515,56.08974015598518,58.09911514032723,60.06905236442971,62.01929160587579,63.969606501376035,65.93978965437398,67.94964457052546,70.01898117829512,72.14779278885106,74.25679262203019,76.24687419336652,78.0189319768021,79.51564385220317,80.84681866474403,82.16404838501526,83.61892526241975,85.29690841702765,87.01892387677744,88.56535192042332,89.81892332241785,90.68022566717231,91.0189231746093,90.727284994157,89.81892332241785,88.35296933608004,86.44928701542224,84.24292361570576,81.86892652893285,79.44080268844738,76.98589680686707,74.51001371175045,72.01895960115735,69.51854310564366,67.01457714693356,64.51288215908161,62.01929160587579
55.024203111782754,57.09287538080885,59.10236078253355,61.07236644572967,63.02264882433249,64.9729912518102,66.94319211758221,68.95305846494595,71.02240243529758,73.15121871961819,75.26022139486864,77.25030463733052,79.02236338398384,80.51907581667948,81.85025098677214,83.16748096784468,84.62235805477357,86.300341378123,88.02235695498842,89.56878507073444,90.8223565149929,91.6836588824689,92.02235639767719,91.73071821056996,90.8223565149929,89.35640247794274,87.45272005990242,85.2463564785277,82.87235906000582,80.44423462938121,77.98932770068488,75.51344274207256,73.02238530947318,70.52196288950697,68.01798637475304,65.51627262050884,63.02264882433249
56.12725544277778,58.19607208771406,60.20564513656555,62.17570512334929,64.12602174131727,66.07638602150254,68.04660094614323,70.05647636656037,72.12582618063516,74.25464617454014,76.3636511055497,78.35373567438681,80.12579518554733,81.62250806056824,82.95368351445009,84.27091370252084,85.72579095574939,87.40377441302914,89.1257900828493,90.67221825582124,91.92578973362461,92.78709211913471,93.12578964051104,92.8341514481218,91.92578973362461,90.45983565632403,88.5561531609911,86.3497894354341,83.97579175360286,81.54766685458429,79.0927590947908,76.61687265711888,74.12581258783491,71.62538546560708,69.12140057245051,66.61967192310497,64.12602174131727
57.13038634758013,59.19931759836851,61.20896021833008,63.179063323943,65.12940711858325,67.07978874362844,69.05001482694588,71.0598974487096,73.12925190097448,75.25807483918794,77.36708156059817,79.35716718218124,81.12922730013203,82.62594052622691,83.9571162053525,85.27434655771786,86.7292239429386,88.40720750651889,90.12922325011729,91.67565146850947,92.92922297293745,93.79052537276124,94.1292228990332,93.83758470245158,92.92922297293745,91.4632688636901,89.55958630701002,87.35322246701546,84.97922457619536,82.55109930541215,80.09619088597591,77.62030327437238,75.12924111234636,72.62881025791806,70.12481871477792,67.62307824305289,65.12940711858325
58.23357962525691,60.30260184797963,62.312299690057884,64.28243702047475,66.23280238580222,68.18319777769516,70.15343271775171,72.1633210552654,74.23267918887927,76.3615044639978,78.47051260645217,80.46059906360114,82.23265966316197,83.72937316790458,85.06054902580628,86.3777795085724,87.83265699855536,89.51064064650649,91.23265644866272,92.77908470310496,94.03265622866496,94.8939586398495,95.23265617000706,94.94101797009802,94.03265622866496,92.56670209406141,90.66301948869,88.45665555786633,86.08265750117167,83.65453193531856,81.19962299232334,78.72373444896878,76.23267062592976,73.73223680924383,71.22823998798238,68.7264901327468,66.23280238580222
59.33682241386303,61.40591684686015,63.41565852096022,65.38582301648293,67.33620550282154,69.2866118216094,71.2568537913221,73.2667466654531,75.33610772096509,77.46493485089016,79.57394412122943,81.56403124156796,83.33609222338312,84.83280594928866,86.16398194908506,87.48121253535038,88.93609010848323,90.61407382339952,92.33608967203313,93.88251795508835,95.13608949742077,95.99739191762238,96.33608945086397,96.04445124831392,95.13608949742077,93.67013534269203,91.76645269867434,89.5600886957595,87.18609050741007,84.75796470735979,82.30305534881535,79.82716606592902,77.33610092454146,74.83566475670497,72.3316637461796,69.82990644319526,67.33620550282154
60.44010450281414,62.509256252799645,64.51903271778372,66.48921877480757,68.43961485031929,70.39002984187806,72.36027739106882,74.3701738659302,76.43953724056026,78.56836584264857,80.67737600819154,82.66746365490432,84.43952494011506,85.93623884155778,87.26741495397613,88.5846456223888,90.03952326151777,91.71750702958435,93.43952291510709,94.98595122087241,96.23952277651716,97.1008252038756,97.43952273956502,97.14788453491879,96.23952277651716,94.77356860581503,92.86988593112375,90.66352187099011,88.28952357814622,85.8613975922135,83.4064879038473,80.9305980339939,78.4395318462314,75.93909381228224,73.43508947672562,70.93332626242677,68.43961485031929
61.54341778667134,63.61261503148377,65.62241911088344,67.5926222816238,69.5430291430064,71.49345101820379,73.46370299585215,75.47360232862445,77.54296754394352,79.67179731449008,81.78080819055724,83.77089625505371,85.54295778106977,87.03967182183645,88.3708480236429,89.68807875725601,91.14295644876611,92.8209402590181,94.54295617381976,96.08938449761014,97.34295606382088,98.2042584968597,98.54295603449194,98.25131782818195,97.34295606382088,95.87700188044064,93.9733191814037,91.76695507585549,89.39295670007428,86.96483056660652,84.50992061646059,82.03403028073095,79.54296326245944,77.04252374737362,74.5385167727315,72.0367488665988,69.5430291430064
62.74675583132891,64.81598918686035,66.825815184386,68.79603193850741,70.74644736072773,72.6968746995079,74.66713019203978,76.67703179314341,78.74639846942067,80.87522916737406,82.984240607385,84.97432900347677,86.74639072062018,88.24310487196838,89.57428114472224,90.89151193008493,92.34638966317,94.0243735069046,95.74638944494492,97.29281778304178,98.54638935763874,99.4076917951861,99.74638933436037,99.45475112672987,98.54638935763874,97.08043516419592,95.17675244583583,92.97038830424202,90.59638986263343,88.16826361206705,85.71335345414633,83.23746274865029,80.74639507120297,78.24595438053694,75.74194531124719,73.24017368119058,70.74644736072773
64.4544546381578,66.54772962308586,68.59423210494225,70.61320501365105,72.62320501802054,74.64125432037827,76.68208493445701,78.75774274500714,80.87790979046258,83.03572073796983,85.1637562705465,87.181547573849,89.01141998554041,90.61640732813851,92.10027407631317,93.59286221395169,95.20896692313454,96.9961919286577,98.78880073814162,100.40921430706305,101.82123941399725,102.97640533900966,103.52180952159488,103.08712527668465,101.82123941399725,99.98485401967842,97.76670061577892,95.32097046778406,92.78380710040818,90.25855046971151,87.74944453410718,85.24467433979422,82.73780643784636,80.22465813664617,77.70206255292328,75.16805780874262,72.62320501802054
63.07917203661029,65.14839656209742,67.15821720007742,69.12843063272298,71.07884396160877,73.02926996441072,74.99952459746919,77.00942564391161,79.07879196294982,81.2076224341302,83.31663373624352,85.30672205125236,87.07878372166061,88.57549784596901,89.90667410137456,91.22390487408326,92.67878259700224,94.35676643254953,96.0787823649075,97.62521069950607,98.8787822720524,99.7400847084973,100.07878224729451,99.78714403998693,98.8787822720524,97.41282808107013,95.509145367435,93.3027812346552,90.92878280914294,88.50065658720996,86.04574648009509,83.56985586501568,81.07878834875251,78.57834794554378,76.0743393884453,73.57256866897728,71.07884396160877
61.67253439088384,63.7416721252099,65.75144008288592,67.72162086756795,69.67201362018733,71.62242649104104,73.59267267591437,75.6025682703107,77.67193107786102,79.80075931997038,81.90976926661476,83.89985678461653,85.67191799563989,87.16863185415959,88.49980793903921,89.81703858736492,91.27191621035627,92.94989996542633,94.67191584192881,96.21834414214098,97.47191569453054,98.33321812013898,98.67191565522984,98.38027745109616,97.47191569453054,96.00596152773427,94.10227886054342,91.89591481440112,89.5219165471086,87.09379060662854,84.63888099891159,82.16299127258557,79.6719253406866,77.17148776304643,74.6674842405395,72.16572247169965,69.67201362018733
60.670317661032456,62.7481550718085,64.77108283097617,66.75878773128099,68.73072634313706,70.70579840101064,72.70203001062919,74.73637205541979,76.82477905144611,78.96453438749677,81.08074190304225,83.08134312870115,84.87547611399107,86.4140166133306,87.80526900092985,89.19308093968347,90.71436025524599,92.4381612752995,94.19014122940519,95.76827470978104,97.09078942247139,98.08372594310771,98.51796951382653,98.159950581691,97.09078942247139,95.46587574939893,93.43328531165334,91.13247050205419,88.69588699966943,86.23119030742765,83.75609582976693,81.26951329352903,78.77261384677209,76.26749098655787,73.75664828779797,71.24306917047193,68.73072634313706
59.85974151470789,61.928522854419654,63.93807447075487,65.9081211738539,67.85842941937359,69.80878835600853,71.77899984290417,73.78887304473723,75.85822142988023,77.98704051670282,80.0960448961254,82.08612914063221,83.85818846485253,85.35490123171444,86.68607661620311,88.00330675365787,89.45818396622222,91.13616739075283,92.85818303784336,94.4046111968222,95.65818266642304,96.51948504752339,96.85818256739148,96.56654437629382,95.65818266642304,94.19222859896466,92.2885461225316,90.08218243223058,87.7081848147847,85.28006003029958,82.82515247372906,80.34926639772239,77.85820697317077,75.35778100075889,72.85379815632545,70.35207314920169,67.85842941937359
43.86523755102735,45.92566806752516,47.9301423261406,49.897039132818165,51.845360880503215,53.794451496799354,55.763846819788796,57.773193220084096,59.84220227220267,61.97080593742808,64.07967931607402,66.06968653094037,67.84170145555954,69.33838853368704,70.6695474365936,71.98676555220547,73.4416331065539,75.11960875277518,76.8416190012973,78.38804383674153,79.6416133581381,80.50291469186298,80.84161185350484,80.54997396917398,79.6416133581381,78.17566162832222,76.27198364084418,74.06562832426621,71.69164599908885,69.26354841747504,66.80868912804252,64.33288894918482,61.841982647276964,59.34182974040894,56.83833339693041,54.337473156516566,51.845360880503215
44.86380644088061,46.926075191318034,48.93166845682087,50.899259986906245,52.84802006733763,54.79739062791646,56.76696612869246,58.77642884063869,60.845512819362966,62.974164053233864,65.0830663599132,67.07309058504205,68.84511531442071,70.34180806542452,71.67297060799385,72.9901913784216,74.44506106562395,76.12303842955623,77.84504987026432,79.39147543965763,80.64504539128394,81.50634695630501,81.84504419705544,81.55340624498001,80.64504539128394,79.17909314523713,77.27541416644584,75.06905700066845,72.6950712984515,70.26696770956522,67.81209776126211,65.33627861389677,62.84533849892526,60.34512529509928,57.841521532250084,55.34047037456287,52.84802006733763
45.86337497770218,47.92710511564415,49.93358744301494,51.901730730833094,53.85083885896567,55.800431669676016,57.77015020152665,59.77970523984739,61.84884869179385,63.977537682467315,66.08646294991799,68.07650067631171,69.84853318781143,71.34523044141105,72.67639587279692,73.99361875036112,75.44849013041525,77.12646885769817,78.84848124464608,80.39490739657569,81.64847768967579,82.50977943827685,82.8484767418158,82.55683873597147,81.64847768967579,80.18252503389596,78.27884526829806,76.07248663480786,73.69849825222579,71.27038989534253,68.81551148702056,66.33967728412824,63.84871033103907,61.34844926735863,58.844760238955644,56.34355752880694,53.85083885896567
46.86373836697486,48.928629911784924,50.93581845926492,52.90439990157114,54.853784365337276,56.80355361277529,58.77338568350609,60.78301400746565,62.85220466581947,64.98092362505946,67.08986711684928,69.07991555933674,70.85195424755935,72.34865507489111,73.67982279914119,74.99704734914553,76.45192007281983,78.12989988219648,79.85191302017617,81.39833963446549,82.65191019859361,83.51321209290225,83.85190944627652,83.56027139775574,82.65191019859361,81.18595721760829,79.28227682752112,77.07591702910506,74.7019265191114,72.2738143778527,69.81892925476674,67.3430831021609,64.85209484722073,62.3517957958085,59.84803908784244,57.34671607699124,54.853784365337276
47.864733535450696,49.93054783791918,51.93829727292857,53.907226619946584,55.85683046816598,57.80673977664196,59.77666197271864,61.786348467400956,63.85557659506733,65.98431934098697,68.09327729767296,70.08333424561322,71.85537783633512,73.35208150015225,74.68325104425551,76.0004769216795,77.45535071178764,79.13333138002366,80.85534511409816,82.40177209536276,83.6553428746061,84.516644884563,84.85534227749156,84.56370419509847,83.6553428746061,82.18938963550494,80.28570874975998,78.07934802674075,75.7053558282166,73.27724068328854,70.82235023066403,68.34649459347993,65.855489430983,63.3551602278438,60.851349799896525,58.349931297850205,55.85683046816598
48.86623071825427,50.93277801227248,52.94097285115734,54.91017841936858,56.8599564288852,58.80997691844513,60.77997065302725,62.789703320282655,64.8589611883463,66.98772281415202,69.09669225177768,71.086755950553,72.85880343241075,74.35550934755553,75.68668033608078,77.0039072670804,78.45878190361874,80.13676325353251,81.85877746072805,83.4052047332613,84.65877568324174,85.52007778498869,85.85877520931157,85.56713710003399,84.65877568324174,83.1928222392738,81.28914096012483,79.08277950324702,76.70878596453355,74.28066843558612,71.82577375288714,69.3499105877352,66.85889200553372,64.3585388704211,61.854685803210344,59.353191504419414,56.8599564288852
49.86812671025752,51.93525615739024,53.94380465676022,55.913229517994665,57.8631457819464,59.813254525167864,61.78330504366126,63.793074359649324,65.86235583330196,67.99113244432635,70.10011099447064,72.09018005142042,73.86223062168708,75.35893832371664,76.69011045868265,78.00733822590698,79.46221353425814,81.14019542522031,82.86221000793248,84.40863751164585,85.66220859714048,86.52351077174124,86.8622082209818,86.57057009036598,85.66220859714048,84.19625499056963,82.29257339917555,80.08621135983347,77.71221675740992,75.28409733626165,72.82919929613968,70.35333015600222,67.86230092246848,65.36192879220087,62.858041881122006,60.35648741905521,57.8631457819464
50.97033946449963,53.03793120478447,55.04676049492487,57.016359444511,58.96638545527168,60.91656425125251,62.88665984153624,64.8964582466111,66.9657584564227,69.09454696137621,71.20353274418846,73.19360605394505,74.96565907549123,76.4623681957753,77.79354124067333,79.11076967161043,80.56564551318021,82.24362783357304,83.96564271433306,85.51207040153429,86.76564159458657,87.6269438270115,87.96564129602925,87.67400314847723,86.76564159458657,85.2996878589577,83.39600601973446,81.18964351808992,78.81564807139847,76.38752714840723,73.93262644349016,71.45675256098247,68.96571487341407,66.4653276664709,63.96141389282688,61.4598116770197,58.96638545527168
51.9728037763432,54.04076258893177,56.049814799738016,58.0195519456245,59.96966507142659,61.91989947196207,63.89003083724265,65.89985233095106,67.96916741190799,70.09796535717578,72.20695688059638,74.19703356582113,75.96908853295409,77.46579877890939,78.79697254602189,80.11420150374862,81.5690777685346,83.24706042976689,84.96907554708773,86.5155033799234,87.76907465834428,88.63037693666426,88.96907442137915,88.67743626038492,87.76907465834428,86.30312082028196,84.39943878435653,82.19307591578217,79.8190797989944,77.39095768398823,74.93605486401768,72.46017721747495,69.96913281989288,67.46873364645135,64.96479855155367,62.463158432244086,59.96966507142659
52.975467839896396,55.04371809250374,57.052947271406794,59.02279411781072,60.972976392500556,62.92325492869526,64.89341468955034,66.9032545091037,68.97258139345149,71.1013868315625,73.21038291132967,75.20046227567356,76.97251878702282,78.4692299264252,79.80040426676024,81.1176336426005,82.57251024329356,84.25049317505045,85.97250848012976,87.51893642855558,88.77250777473357,89.63381008948049,89.97250758665419,89.68086941499087,88.77250777473357,87.30655385536976,85.40287166332166,83.19650850351482,80.82251185487095,78.39438879376107,75.93948429506878,73.46360366100112,70.97255393765121,68.47214526630991,65.96819324845637,63.4665230442769,60.972976392500556
53.97829050341264,56.04677213169812,58.05614179286121,60.02607571747046,61.97631287921817,63.926626447354664,65.8968087463848,67.90666311141304,69.97599936421602,72.10481074943894,74.21381044559504,76.20389193636244,77.97594967335894,79.47266152189152,80.80383631719394,82.12106602489129,83.57594289219412,85.25392603866656,86.97594149276993,88.5223695329397,89.77594093289656,90.63724327655558,90.97594078361789,90.68430260348646,89.77594093289656,88.30998694900373,86.40630463304099,84.19994124208267,81.82594417130419,79.39782035927075,76.94291452817446,74.46703152290141,71.9759775724701,69.47556136258798,66.97159591280817,64.4699018297224,61.97631287921817
54.98123908368163,57.04990439251213,59.05938556875192,61.029388612952545,62.97966934082305,64.93001071474106,66.90021090270591,68.91007681263775,70.9794205012501,73.10823660672295,75.21723917321788,77.20732235173202,78.9793810615266,80.47609347289666,81.80726862930717,83.12449860039982,84.579375679311,86.25735899620335,87.97937456858718,89.5258026815742,90.77937412421537,91.64067649082192,91.97937400573281,91.68773581888024,90.77937412421537,89.31342008910579,87.4097376747919,85.20337410036856,82.8293766945415,80.40125228649927,77.94634539787218,75.47046051056884,72.97940320509034,70.47898101183114,67.97500490101896,65.47329186489928,62.97966934082305
56.084287626754374,58.1530987465902,60.16266844137286,62.1327263493413,64.08304165707517,66.03340510103043,68.00361948768737,70.01349456091137,72.08284415136825,74.21166400332115,76.32066884801122,78.3107533660929,80.08281284799861,81.57952570609338,82.91070114911568,84.2279313292654,85.68280857613027,87.360792028285,89.08280769454814,90.62923586533026,91.88280734185,92.74410972667,93.08280724781031,92.79116905562319,91.88280734185,90.41685326608965,88.51317077371442,86.30680705367475,83.93280938191936,81.50468450082445,79.04977677283392,76.57389039176009,74.0828304233722,71.58240348108254,69.078418908537,66.57669082917427,64.08304165707517
57.08741552460536,59.1563423896211,61.16598234726793,63.13608380285022,65.08642655752735,67.03680751884428,69.0070331751588,71.01691552135313,73.08626979613153,75.21509262167724,77.3240992745755,79.31418485587395,81.08624495060513,82.58295816326577,83.9141338337721,85.23136417985054,86.6862415600204,88.36422511953299,90.08624086030818,91.63266907696229,92.88624058037146,93.74754297964753,94.08624050573212,93.79460230931095,92.88624058037146,91.42028647234659,89.516603918014,87.31024008239856,84.93624219957569,82.50811694301848,80.05320854882434,77.57732098214274,75.08625890019816,72.58582818858733,70.0818368999177,67.58009688059275,65.08642655752735
58.19060641536363,60.25962515678286,62.26932088566171,64.23945690640191,66.18982144629146,68.14021631137533,70.1104509125163,72.12033903130914,74.18969702405138,76.31852220974528,78.4275302978216,80.4176167229966,82.18967730412801,83.68639079820782,85.01756664926843,86.3347971270446,87.78967461301873,89.46765825774129,91.18967405765675,92.73610231071949,93.98967383547081,94.85097624622064,95.18967377622954,94.8980355764478,93.98967383547081,92.52371970183756,90.62003709832939,88.41367317098141,86.03967512063413,83.61154956607224,81.15664064311167,78.68075213541172,76.18968837593346,73.6892546726021,71.1852580533149,68.68350855715232,66.18982144629146
59.29384730928254,61.362938978969765,63.37267897574752,65.34284243174986,67.2932242629262,69.24363016358065,71.2138718642939,73.22376456482525,75.29312550852705,77.42195256747559,79.53096179465493,81.52104888961568,83.2931098568034,84.78982357424586,86.12099956861249,87.43823015091728,88.8931077208683,90.57109143322208,92.29310728007718,93.83953556203748,95.0931071037281,95.95440952358466,96.29310705670825,96.00146885425926,95.0931071037281,93.62715294976948,91.72347030723063,89.51710630707441,87.14310812376294,84.71498233267451,82.26007299003157,79.78418373544436,77.29311864450506,74.79268256663835,72.2886817164206,69.7869246984344,67.2932242629262
60.39712789430045,62.46627745092101,64.47605258456636,66.44623781650388,68.39663337200555,70.34704803168857,72.31729536737313,74.32719170444787,76.39655499033393,78.52538353608807,80.63439366737492,82.62448129394531,84.39654256754628,85.89325646227184,87.22443257038054,88.54166323564979,89.99654087225332,91.67452463828603,93.39654052239716,94.94296882729346,96.1965403824288,97.05784280951337,97.39654034510913,97.10490214054309,96.1965403824288,94.7305862123379,92.82690353882039,90.62053948087629,88.246541192031,85.81841521321131,83.36350553746615,80.88761569007377,78.39654954235212,75.89611157981213,73.3921073714921,70.89034438339755,68.39663337200555
61.50043998441015,63.569635488269284,65.579438510955,67.54964102681228,69.50004747545799,71.4504690872435,73.42072089543109,75.43062011884174,77.49998526372453,79.62881498955855,81.73782583843662,83.7279138869461,85.49997540374744,86.99668943918272,88.32786563756862,89.64509636868675,91.09997405819242,92.77795786683014,94.4999737805114,96.04640210361202,97.29997366941843,98.1612761022399,98.49997363979779,98.20833543355148,97.29997366941843,95.83401948652336,93.93033678841803,91.72397268460767,89.34997431200016,86.92184818417802,84.4669382440494,81.99104792614708,79.49998093965604,76.99954148124777,74.49553460759363,71.99376688100006,69.50004747545799
62.70377708154251,64.77300905522902,66.78283421402155,68.75305044835459,70.70346554298247,72.6538926726913,74.62414803072159,76.63404954502461,78.70341616539648,80.8322468278615,82.94125824629245,84.93134662969527,86.70340833952494,88.20012248664162,89.5312987566806,90.84852954006303,92.30340727155718,93.9813911140105,95.70340705116159,97.24983538871098,98.50340696298704,99.36470940036187,99.70340693947712,99.41176873189717,98.50340696298704,97.03745276992927,95.13377005230862,92.92740591209412,90.55340747300451,88.12528122691904,85.67037107694908,83.19448038560262,80.70341273337948,78.20297208769851,75.69896309856311,73.19719161100724,70.70346554298247
64.41242455574742,66.50577146644372,68.55238329172468,70.57150030969564,72.58167433216539,74.59991829524665,76.64094888009726,78.71679010866131,80.83709696363124,82.99498693629752,85.12307405871987,87.14094008824932,88.97096691363166,90.57623797258347,92.06049296559058,93.55351042398672,95.16999481644461,96.9574691675362,98.75023579534758,100.37081203049746,101.78317631438478,102.9389393656918,103.48473996774845,103.04978341146833,101.78317631438478,99.94597816043004,97.72707809982572,95.28074216103732,92.74314624437787,90.21762427799058,87.70836768776579,85.20351644313234,82.69660397354004,80.18341971691596,77.6607713575643,75.1266745513085,72.58167433216539
63.00255797921602,65.07177987468381,67.08159891632545,69.05181135966956,71.00222406505523,72.9526496699356,74.9229040469995,76.93280492823583,79.00217114087019,81.13100154450609,83.24001280554653,85.23010109640478,87.00216275289291,88.49887686914752,89.83005311938585,91.14728388832553,92.60216160821656,94.28014544132526,96.00216137199071,97.54858970554733,98.80216127748287,99.66346371359944,100.00216125228431,99.7105230450729,98.80216127748287,97.33620708723348,95.43252437500568,93.22616024485113,90.8521618241332,88.42403561072868,85.96912551874635,83.49323493059762,81.00216746234322,78.5017271447538,75.99771874021175,73.49594829196303,71.00222406505523
61.59592440887985,63.665057968670425,65.67482339245365,67.64500260677094,69.59539436966702,71.54580660886833,73.5160523873792,75.52594771952866,77.59531035817395,79.72413849306338,81.83314837450871,83.82323585417384,85.5952970431004,87.09201088883547,88.42318696551266,89.74041760785545,91.19529522604019,92.87327897723925,94.59529485105503,96.1417231496132,97.39529470103321,98.25659712612038,98.59529466103298,98.30365645705197,97.39529470103321,95.92934053540031,94.02565787044345,91.81929382846849,89.44529556878646,87.0171696418445,84.56226005814898,82.08637037457268,79.59530451888281,77.0948670771545,74.59086379681483,72.08910245850552,69.59539436966702
60.594844521823575,62.672773020756395,64.69584050322231,66.68373189058056,68.65589931470005,70.63123214461436,72.62773709214096,74.66233485388611,76.7509400734902,78.89080874371686,81.0070907573704,83.00780061384437,84.80216082271652,86.3411287469072,87.73298782766238,89.12150180308433,90.64343114712328,92.36767487207021,94.11994181121882,95.69837678423723,97.0215394780027,98.01568473097927,98.45078278669715,98.09217221414654,97.0215394780027,95.39511599807528,93.36125954901532,91.05949274426908,88.62226681168667,86.15719037777541,83.68188492723232,81.19519024504909,78.69822953006705,76.19305744525919,73.68214282231722,71.1684391655234,68.65589931470005
59.78314826677618,61.851919091042205,63.86146432377909,65.83150707035959,67.78181282215449,69.7321701672154,71.70238063017888,73.71225317120627,75.78160113074146,77.91041994738913,80.01942416252123,82.00950831042607,83.7815675789662,85.27828031361284,86.6094556774327,87.92668579981151,89.38156300026395,91.05954641504024,92.78156205536072,94.32799021017173,95.58156167732946,96.44286405711634,96.78156157653521,96.48992338582224,95.58156167732946,94.11560761280255,92.21192514199882,90.00556146219881,87.63156386393018,85.20343911355891,82.74853161751847,80.272645649234,77.78158641671622,75.28116078677753,72.7771785525569,70.275454630269,67.78181282215449
43.8229232228793,45.88326610063636,47.88768699099488,49.85455065731395,51.8028514923744,53.75192875151896,55.72131547709908,57.730656327239416,59.79966180393059,61.92826319919128,64.03713519738544,66.02714160051403,67.79915605724392,69.29584286465769,70.62700159387676,71.94421958279867,73.39908703536551,75.07706259961617,76.79907279124613,78.34549759166566,79.59906709253127,80.46036841521851,80.79906557308524,80.5074276919872,79.59906709253127,78.13311538735039,76.2294374471787,74.02308221884616,71.64910005482395,69.22100275988186,66.76614397909792,64.29034470542717,61.799440017085814,59.299289987568656,56.79579877000319,54.29494763958621,51.8028514923744
44.82144445887407,46.88364352328094,48.88919438198917,50.856759589560355,52.805503063998884,54.754863019887694,56.72443169561916,58.73389000188287,60.80297114257809,62.931620574694264,65.0405217856775,67.03054536651837,68.8025697245289,70.29926226066542,71.63042466537814,72.9476453352516,74.40251494166961,76.08049224054162,77.80250363609429,79.34892917768849,80.60249911301936,81.46380066927982,81.80249790703392,81.51085995752439,80.60249911301936,79.13654688652537,77.23286794528119,75.02651084954434,72.65252527523668,70.22442191388308,67.76955236929822,65.2937339403916,62.802795106144586,60.30258418618723,57.79898449213846,55.29794056620048,52.805503063998884
45.82097509633029,47.88464984415456,49.891098482704365,51.859220866351734,53.80831580948836,55.75790020128957,57.72761331529459,59.73716485649413,61.80630605576286,63.934993616330644,66.04391801410733,68.03395522912228,69.80598744586428,71.30268452892258,72.6338498508911,73.95107264864504,75.40594396458046,77.08392264022493,78.80593499133292,80.35236112119833,81.60593140136473,82.46723314301248,82.80593044417324,82.51429244036545,81.60593140136473,80.13997876110398,78.23629902530726,76.02994044740836,73.65595216634819,71.22784399005845,68.77296590217017,66.29713226952609,63.80616633297123,61.30590708207018,58.80222128330334,56.30102431371613,53.80831580948836
46.82130835655017,48.88615588752175,50.8933176769129,52.861882520016536,54.8112565158124,56.76101907992201,58.73084684999918,60.740472398084734,62.809661268403545,64.93837909253513,67.04732189405203,69.0373699306534,70.80940838492498,72.30610907689739,73.63727671430254,74.95450120096126,76.40937387374441,78.08735364213555,79.80936675166907,81.35579334844596,82.60936390230864,83.47066579109844,83.80936314258514,83.51772509568077,82.60936390230864,81.14341093364084,79.23973056720689,77.03337081291369,74.65938038349819,72.23126838557715,69.776383516821,67.30053781682598,64.80955036872385,62.30925275616073,59.80549861170171,57.30418015758974,54.8112565158124
47.822279581083656,49.88805891777303,51.89578710273206,53.86470327019431,55.81429880806937,57.764202811205365,59.73412159353177,61.743805884870966,63.81303259332037,65.94177443828325,68.05073184709155,70.040788472877,71.81283187791081,73.30953543429271,74.64070490946693,75.95793073661338,77.4128044863291,79.09078512203486,80.81279883353159,82.35922580089661,83.61279657199222,84.47409857756878,84.81279596899921,84.52115788788905,83.61279657199222,82.14684334266747,80.24316247569612,78.03680178769727,75.66280965312811,73.23469462196752,70.77980437120561,68.30394909326182,65.81294457116164,63.312616510066164,60.80880811686595,58.30739323179108,55.81429880806937
48.82375774032239,50.890277261816735,52.89845522687101,54.86765033146186,56.817421743849664,58.767438022067836,60.737429046953395,62.74715996533202,64.81641670692926,66.94517761763213,69.05414662040215,71.04421006348122,72.8162573979576,74.31296322783069,75.64413416164683,76.96136105274105,78.41623565721989,80.09421698131435,81.8162311705899,83.36265843209104,84.61622937560463,85.4775314738749,85.8162288970087,85.52459078874939,84.61622937560463,83.15027593939621,81.24659467514788,79.04023324606581,76.6662397581135,74.23812231946354,71.7832277969836,69.30736491696264,66.81634684305007,64.31599461439606,61.8121431622219,59.31065173440277,56.817421743849664
49.82563862117188,51.89274601252101,53.90128111429779,55.87069766866057,57.82060869570894,59.770714096077086,61.7407624637562,63.750530391608066,65.81981097116281,67.94858701460151,70.05756521959756,72.04763407360002,73.81968452688955,75.31639216123881,76.64756425278208,77.96479198833342,79.41966727123895,81.09764914170827,82.81966371019735,84.36609120515453,85.61966228551637,86.48096445735773,86.8196619056545,86.52802377584689,85.61966228551637,84.15370868510429,82.25002710553684,80.04366508825625,77.66967052612195,75.24155117664293,72.78665326368724,70.31078434985955,67.81975551975852,65.31938410895889,62.81549847977119,60.313946296509386,57.82060869570894
50.92783937402708,52.99541360060746,55.00423225403003,56.97382460925634,58.923846463006015,60.87402260556763,62.84411648866907,64.8539137919469,66.92321329209939,69.05200134655468,71.16098685542067,73.15106000409713,74.92311293279829,76.4198219993643,77.75099500979766,79.06822341559587,80.52309923696941,82.20108154109707,83.92309641056819,85.46952409081962,86.72309527979804,87.5843975100328,87.92309497830145,87.63145683139093,86.72309527979804,85.25714154905737,83.35345971922094,81.14709723508662,78.77310182037277,76.34498095426552,73.89008035028064,71.41420664739583,68.92316928003446,66.42278264414048,63.91886988795672,61.41726948090957,58.923846463006015
51.93029415553625,53.99823906243455,56.007282828955795,57.97701474014468,59.92712456622374,61.877356860616274,63.84748687085508,65.85730749004605,67.92662200773788,70.05541959544175,72.16441090142986,74.1544874588048,75.9265423522464,77.42325255556563,78.75442629532344,80.0716552330974,81.52653148185362,83.20451413017624,84.92652923853709,86.47295706585668,87.72652834104413,88.58783061762578,88.92652810174613,88.63488994126104,87.72652834104413,86.26057450686159,84.35689247838647,82.15052962370999,79.77653353230286,77.3484114624456,74.8935087225851,72.41763121860961,69.92658707517742,67.42618835498244,64.92225406765769,62.42061538400682,59.92712456622374
52.932950651814934,55.00118986428332,57.010412339745216,58.980255030893886,60.93043468640204,62.880711550872675,64.85087023619872,66.86070936163416,68.93003579891293,71.05884095322318,73.16783686041333,75.15791612328246,76.92997257614277,78.42668368170484,79.75785800032841,81.07508736033216,82.52996394830237,84.20794686981284,85.9299621677806,87.4763901118283,88.72996145543993,89.59126376880715,89.92996126550895,89.63832309424973,88.72996145543993,87.2640075391555,85.36032535302073,83.15396220424464,80.77996557574542,78.35184255047028,75.89693811536148,73.42105759444978,70.93000807281965,68.42959976122319,65.92564838434967,63.42397931968158,60.93043468640204
53.935767307263376,56.00424017097734,58.01360451085469,59.983535137137636,61.933770219919865,63.88408246115941,65.8542639065216,67.86411772061993,69.93345361858073,72.06226477854953,74.17126433773069,76.16134574795734,77.93340343853106,79.43011526020453,80.76129003827455,82.07851973340246,83.53339659060711,85.211379728947,86.9333951774059,88.47982321410079,89.73339461202072,90.59469695458463,90.9333944612724,90.64175628146171,89.73339461202072,88.26744063057194,86.36375831930263,84.15739493709944,81.78339788230979,79.35527409871841,76.90036831808841,74.42448540262751,71.93343161230186,69.43301568795118,66.92905074692317,64.427357568286,61.933770219919865
54.938711117716934,57.00736946883744,59.01684642109046,60.98684684721998,62.93712592493921,64.8874662456677,66.85766575606328,68.86753122871664,70.93687463568844,73.0656905623762,75.17469302015374,77.16477613474254,78.9368348076913,80.43354719774325,81.76472234047637,83.08195230159264,84.53682937248891,86.21481268292641,87.93682825083025,89.48325636105923,90.73682780208371,91.59813016782108,91.9368276824347,91.64518949583669,90.73682780208371,89.270873768914,87.36719135832529,85.16082779085089,82.78683039771414,80.35870601224643,77.9037991636745,75.4279143476552,72.93685716925299,70.43643520262137,67.93245949560935,65.43074717736222,62.93712592493921
56.041755874222915,58.11056147092357,60.12012781282358,62.09018364270932,64.04049764066978,65.99086024868863,67.9610740975506,69.97094882370318,72.0402981906205,74.1691179006711,76.27812265907188,78.26820712641593,80.04026657907704,81.53697942025164,82.8681548524182,84.18538502464962,85.64026226515308,87.3182457121846,89.04026137489195,90.58668954348502,91.84026101872158,92.70156340285172,93.04026092375608,92.74862273177104,91.84026101872158,90.37430694450092,88.47062445508234,86.26426074055803,83.89026307887498,81.46213821569751,79.00723051949879,76.5313441950032,74.04028432747609,71.53985756506157,69.03587331301463,66.53414580343481,64.04049764066978
57.04488076619383,59.11380324699205,61.12344054326384,63.09354034939628,65.04388206447565,66.99426236229726,68.9644875917586,70.97436966248013,73.04372375983426,75.17254647275169,77.281553057162,79.27163859818992,81.04369866970967,82.5404118689407,83.87158753083082,85.18881787062452,86.64369524574532,88.3216788011916,90.04369453914455,91.59012275406124,92.84369425645193,93.70499665518042,94.04369418107777,93.75205598481698,92.84369425645193,91.3777401496491,89.47405759766323,87.26769376642534,84.89369589159688,82.46557064926077,80.01066228029981,77.53477475852443,75.04371275663323,72.54328218778983,70.03929115350152,67.53755158641802,65.04388206447565
58.14806927088108,60.217084532228114,62.22677814865227,64.1969128601763,66.14727657491773,68.09767091337731,70.06790517572156,72.0777930758702,74.14715092779022,76.2759760240908,78.3849840578081,80.37507045102032,82.14713101372878,83.64384449714954,84.97502034137143,86.29225081415942,87.74712829612609,89.42511193762122,91.14712773529668,92.69355598698041,93.9471275109234,94.80842992123861,95.14712745109887,94.85548925144442,93.9471275109234,92.48117337826008,90.5774907766145,88.37112685274096,85.99712880873884,83.56900326546423,81.11409436253128,78.63820589047347,76.14714219453369,73.64670860451722,71.1427121871335,68.64096304991796,66.14727657491773
59.25130827078357,61.32039717813629,63.3301354981821,65.30029791502928,67.25067909127327,69.20108457394093,71.17132600574908,73.18121853274158,75.25057936467236,77.37940635266925,79.48841553670377,81.47850260629565,83.25056355886105,84.7472772678434,86.07845325678215,87.39568383512778,88.8505614018981,90.52854511169029,92.25056095676749,93.79698923763327,95.0505607786823,95.91186319819391,96.25056073119953,95.95892252885156,95.0505607786823,93.5846066254935,91.680923984433,89.47455998703448,87.10056180875915,84.67243602662944,82.21752669988243,79.74163747358443,77.25057243307572,74.75013644514723,72.24613575518093,69.74437902209303,67.25067909127327
60.35458735239959,62.423734716428214,64.43350851920292,66.40369292634384,68.35408796201787,70.30450228994152,72.2747494121947,74.28464561153106,76.35400880870418,78.48283729814386,80.59184739518665,82.58193500162176,84.35399626361693,85.85071015162771,87.18188625542834,88.49911691755517,89.95399455163417,91.63197831563373,93.35399419833374,94.90042250236132,96.15399405698741,97.01529648379824,97.35399401930036,97.0623558148145,96.15399405698741,94.68803988750756,92.78435721516338,90.57799315940807,88.20399487456,85.77586890285083,83.3209592397223,80.8450694147831,78.35400330708825,75.85356541593241,73.34956133480439,70.84779857283485,68.35408796201787
61.457898249182776,63.5270920127014,65.53689397904441,67.50709584024844,69.45750187630196,71.40792322476798,73.37817486355416,75.38807397764151,77.45743905211268,79.58626873324982,81.69527955494831,83.68536758747638,85.45742909506623,86.95414312517198,88.28531932013853,89.60255004876257,91.05742773626449,92.7354115432885,94.45742745584977,96.0038557782609,97.25742734366312,98.11872977626727,98.45742731375086,98.16578910756819,97.25742734366312,95.79147316125301,93.88779046407898,91.68142636200584,89.30742799257092,86.87930187039241,84.42439194027762,81.94850164019638,79.45743468547468,76.95699528372413,74.45298851102257,71.95122096390523,69.45750187630196
62.661234399123586,64.73046499145107,66.74028931180494,68.71050502653193,70.66091979368225,72.61134671439306,74.58160193796887,76.59150336550171,78.66086992998773,80.7897005569768,82.89871195383527,84.88880032455367,86.66086202707217,88.15757616995879,89.48875243728381,90.80598321868669,92.26086094859045,93.93884478976301,95.66086072602513,97.20728906302728,98.46086063698253,99.32216307418491,99.66086061324117,99.36922240571172,98.46086063698253,96.99490644430969,95.0912237274282,92.88485958859255,90.51086115202102,88.0827349104149,85.62782476839291,83.15193409119107,80.66086646418329,78.1604258634716,75.65641695446247,73.15464560935744,70.66091979368225
64.37085545467336,66.46427615509711,68.51100015269934,70.53026499954028,72.54061751845192,74.55906113466723,76.60029680001118,78.6763261165322,80.79677632985297,82.95474732946832,85.08288734695014,87.10082999101004,88.93101512360079,90.53657702305928,92.02122994742996,93.51468735408262,95.13156075521238,96.91929053859361,98.71221882186074,100.33296166579264,101.74567330666486,102.90204775193334,103.44825415151175,103.01301884988288,101.74567330666486,99.90764269963321,97.68797761258026,95.24102078321644,92.70298142832982,90.17718740245681,87.66777632493167,85.16284196355267,82.65588378869901,80.14266265817409,77.61996017392659,75.08576894873819,72.54061751845192
62.929362301763845,64.99858164084716,67.00839913084297,68.97861061258249,70.92902271192355,72.87944793002245,74.84970205825854,76.85960277891377,78.92896888812311,81.05779922610549,83.16681044722287,85.15689871460665,86.92896035756436,88.42567446599061,89.7568507112064,91.0740814764826,92.52895919343044,94.20694302416882,95.92895895318912,97.47538728573295,98.72895885707482,99.59026129287221,99.92895883144791,99.63732062432999,98.72895885707482,97.26300466753777,95.35932195667792,93.15295782907513,90.7789594130173,88.35083320790248,85.89592313062909,83.42003256865706,80.92896514706743,78.4285249127004,75.9245166564439,73.42274647182145,70.92902271192355
61.52273269270978,63.59186219484897,65.60162515568287,67.57180284360079,69.5221936444822,71.47260526971482,73.44285065323972,75.452745730484,77.5221082049529,79.65093623562407,81.75994605369561,83.75003349609736,85.52209466354576,87.01880849685409,88.34998456555849,89.66721520208586,91.12209281559858,92.80007656303498,94.52209243423928,96.06852073118974,97.32209228166735,98.18339470624787,98.52209224098718,98.23045403715456,97.32209228166735,95.85613811716524,93.95245545437984,91.74609141645554,89.37209316417095,86.94396725038808,84.48905769004148,82.01316804801809,79.52210226640382,77.0216649567825,74.51766191183047,72.01590099199868,69.5221936444822
60.52273727960295,62.60075266227332,64.62395341181305,66.61202265612646,68.58440828333545,70.55998976687866,72.55675531864335,74.5915968555538,76.68039102255494,78.82036771574028,80.93672073327309,82.93753412112363,84.73211087070575,86.27148606450218,87.66392309537963,89.05310565067356,90.57565385684363,92.30031895721186,94.05285900971165,95.63158086450755,96.95536000553324,97.9506546887459,98.38656493079509,98.02739203837322,96.95536000553324,95.32749991490469,93.29243807973674,90.98976441583486,88.55192629255203,86.08648790841474,83.61098134265919,81.12417974676126,78.62716061977885,76.12194160398136,73.61095840627308,71.09713600440615,68.58440828333545
59.70997281605878,61.778733419367185,63.78827244725646,65.7583113480981,67.70861467598718,69.65897047403328,71.62917994173098,73.63905184045264,75.70839938629521,77.83721794033168,79.94622199577276,81.93630604978,83.70836526419868,85.20507796753199,86.53625331126167,87.85348341898653,89.30836060766622,90.98634401296123,92.70835964670121,94.25478779746103,95.50835926224401,96.3696616407542,96.70835915973643,96.4167209693974,95.50835926224401,94.04240520056655,92.13872273523457,89.9323590656416,87.55836148601331,85.13023676880084,82.67532933159598,80.19944346801795,77.70838442215793,75.20795912510471,72.70397748401344,70.20225461619013,67.70861467598718
43.778236165332046,45.838485556403754,47.84284951544629,49.80967782810822,51.75795635359496,53.70701936322311,55.67639691697012,57.6857318461098,59.75473350846528,61.883332482079965,63.99220300757791,65.98220854472643,67.75422250230139,69.25090902091156,70.58206756483676,71.8992854186029,73.35415276258679,75.03212823938927,76.75413837032536,78.30056313337974,79.55413261234244,80.41543392325445,80.75413107709377,80.4624931994446,79.55413261234244,78.08818093344274,76.18450304373857,73.97814790954826,71.6041659174501,69.17606892833604,66.7212106901901,64.2454123821932,61.75450941523994,59.25436245534044,56.75087670619513,54.250035294460645,51.75795635359496
44.77670656811253,46.838831295121736,48.84433691528197,50.81187404216924,52.76059980126357,54.709948443950424,56.67950983861785,58.688963444818086,60.7580415578463,62.88668906781183,64.99558910988213,66.98561200338203,68.75763596520848,70.25432827211964,71.5854905297637,72.90271109236352,74.35758061259892,76.03555784206313,77.75756918944299,79.30399470138039,80.55756461932691,81.41886616624136,81.75756340079892,81.46592545402675,80.55756461932691,79.09161241369233,77.18793351250427,74.98157649148831,72.60759105363726,70.17948793502077,67.7246188211319,65.24880115869334,62.75786369075166,60.25765520727401,57.75405985390168,55.25302364291554,52.76059980126357
45.77619677682192,47.83981243651289,49.84622513631004,51.81432521939715,53.76340609667179,55.712981507065365,57.68268884121943,59.69223665162198,61.761375447686916,63.89006148258669,65.99898495257565,67.98902162204006,69.7610535243277,71.2577504254486,72.58891563068815,73.90613834329866,75.36100959083073,77.03898821138608,78.76100052425926,80.30742663058604,81.56099689695444,82.42229863118425,82.76099592980793,82.4693579281728,81.56099689695444,80.09504427324984,78.19136456924574,75.98500605065288,73.61101787789869,71.18290989427031,68.7280321482281,66.25219912393781,63.761234271844586,61.260976954856005,58.75729460153113,56.256103756079256,53.76340609667179
46.77649789667343,48.84129847476039,50.84843171879719,52.81697885379728,54.766341682243734,56.71609711647366,58.68592029853407,60.695542885260934,62.76472984806561,64.89344646123841,67.00238852635653,68.99243612994934,70.76447433463657,72.26117488220441,73.59234242696141,74.90956684604157,76.36443946453286,78.04241918919968,79.76443226838614,81.31085884648044,82.56442938939162,83.4257312722938,83.7644286217668,83.47279057658685,82.56442938939162,81.09847643386445,79.19479609266432,76.98843638544245,74.61444604198957,72.18633419698446,69.73144959955326,67.25560438241385,64.76461779506482,62.264321717497694,59.760570307841974,57.25925671494714,54.766341682243734
47.7774435785178,49.84318561422589,51.85089112963904,53.8197932370409,55.76937990932572,57.719278252633345,59.689193393104375,61.69887533387103,63.768100528268775,65.89684141207076,68.00579823639067,69.99585451849397,71.76789772543142,73.26460116719892,74.59577056883802,75.91299634234721,77.36787004897141,79.04585064997309,80.76786433738336,82.31429128991996,83.56786205232339,84.42916405322693,84.76786144305908,84.47622336331762,83.56786205232339,82.10190883342835,80.19822798648508,77.99186733584682,75.61787526950637,73.18976035971552,70.73487032430535,68.25901542960736,65.76801159069706,63.26768474795935,60.763878525471114,58.26246749905411,55.76937990932572
48.77890144377302,50.84539133772796,52.853551301703405,54.82273524358405,56.77249961805066,58.722511403531314,60.692499537657596,62.70222859029701,64.77148413015492,66.90024427796988,69.00921281682594,70.99927598712239,72.77132316436885,74.26802890327217,75.59919977872329,76.91642662724554,78.37130119752257,80.0492824940724,81.77129666423048,83.31772391396227,84.57129485057686,85.43259694513819,85.7712943670034,85.47965625983042,84.57129485057686,83.10534142264655,81.20166017429452,78.99529877486556,76.62130534106649,74.19318799874799,71.7382936471934,69.26243107135679,66.77141353969847,64.27106227807496,61.76721254885726,59.265724183850494,56.77249961805066
49.78076620419513,51.84785006644725,53.856370875558895,55.82577856803533,57.77568400826431,59.72578584241121,61.695831915556596,63.705598362514465,65.77487798822557,67.90365342615091,70.01263126293492,72.00269990042844,73.77475022892409,75.27145779107039,76.60262983628925,77.91985753805116,79.37473279381064,81.05271464241778,82.77472919573327,84.32115668134912,85.57472775623525,86.43602992513279,86.7747273724227,86.48308924347732,85.57472775623525,84.10877416239347,82.20509259544298,79.99873060169807,77.62473608254524,75.19661680952467,72.74171903223294,70.26585035983771,67.77482196012801,65.27445131687315,62.77056705523549,60.26901730305144,57.77568400826431
50.88295415400844,52.95050969689265,54.95931700294234,56.92890232320093,58.878919742173935,60.82909305401397,62.79918511585676,64.80898124371308,66.8782799867852,69.00706756063866,71.11605277725246,73.10612575408493,74.87817858373681,76.37488759299522,77.70606056666081,79.0232889456403,80.478164745468,82.15614703224358,83.87816188967145,85.42458956250867,86.67816074714099,87.53946297503924,87.87816044250874,87.58652229628257,86.67816074714099,85.21220702161517,83.3085252017928,81.10216273633881,78.72816735573943,76.30004655031735,73.84514605400926,71.36927254275031,68.87823551699316,66.37784949030754,63.87393781957323,61.37233934215061,58.878919742173935
51.8853987685347,53.95332884072755,55.96236359876774,57.93208992549005,59.88219623135994,61.83242627887503,63.802554843525684,65.81237452976185,67.88168844654966,70.01048565279609,72.1194767268222,74.10955314780398,75.88160796262994,77.37831812046402,78.7094918310392,80.02672074752712,81.48159697918237,83.15957961373266,84.88159471253473,86.42802253396967,87.68159380570762,88.54289608043479,88.88159356392083,88.58995540397892,87.68159380570762,86.21563997566412,84.31195795513719,82.10559511528726,79.73159905095682,77.30347702926548,74.84857437486825,72.37269702298678,69.88165315068757,67.38125491402644,64.87732148823878,62.37568433618031,59.88219623135994
52.8880471919945,54.956274626716876,56.9654899508412,58.935328209086066,60.88550507039784,62.83578015143739,64.80593768936518,66.81577607429996,68.88510203463525,71.01390688618037,73.1229026092613,75.11298176387481,76.88503815433775,78.38174922379818,79.71292351925948,81.03015286236845,82.48502943676561,84.16301234734496,85.88502763772594,87.43145557710298,88.68502691797673,89.54632922987204,89.88502672607044,89.5933885552423,88.68502691797673,87.21907300497746,85.31539082515117,83.10902768814293,80.73503108113448,78.30690809408867,75.85200372681223,73.37612332661794,70.88507402018715,68.3846660923748,65.88071539931337,63.379047550301465,60.88550507039784
53.89085743797543,55.95932095152301,57.9686796145599,59.93860672212361,61.88883958702189,63.83915041269873,65.80933094734883,67.8191841737026,69.88851969310954,72.0173306127721,74.12633002582517,76.11641135012911,77.88846899117792,79.38518078419747,80.71635554388357,82.03358522560207,83.48846207203381,85.16644520169763,86.88846064413491,88.43488867712267,89.68846007286956,90.54976241426522,90.88845992055342,90.5968217410849,89.68846007286956,88.22250609402826,86.31882378776594,84.11246041490294,81.7384633771705,79.3103396239218,76.85543389713044,74.3795510774832,71.88849745796199,69.38808183822286,66.88411743994294,64.38242522619196,61.88883958702189
54.89379615992863,56.962447088453985,58.971919534479056,60.94191716759693,62.89219448489929,64.84253368206188,66.81273246961123,68.82259747576589,70.8919405822771,73.02075631823277,75.12975866002803,77.1198417064198,78.89190034006057,80.38861270736989,81.71978783551165,83.03701778598487,84.49189484833067,86.16987815188199,87.89189371500646,89.43832182229312,90.69189326159282,91.55319562640295,91.89189314069942,91.60025495437303,90.69189326159282,89.22593923049264,87.32225682387804,85.1158932638169,82.74189588421851,80.3137715228338,77.85886471699365,75.38297997702185,72.89192293418759,70.39150120932754,67.88752593309876,65.3858143806944,62.89219448489929
55.99683687686829,58.065636581392326,60.075199346371306,62.04525295931474,63.99556555998028,65.94592727620345,67.91614055133343,69.92601490722225,71.99536403566245,74.12418359432834,76.23318826067373,78.22327267388968,79.99533209535201,81.49204491847573,82.82322033906112,84.14045050284516,85.59532773656208,87.27331117812804,88.99532683704197,90.54175500329974,91.79532647716735,92.65662886056154,92.99532638121418,92.70368818944468,91.79532647716735,90.32937240458926,88.42568991832492,86.21932620968457,83.84532855874693,81.41720371468412,78.96229605240168,76.48640978826509,73.99535002833858,71.49492345781903,68.99093954768742,66.48921264596501,63.99556555998028
56.99995856211602,59.06887636574935,61.07851082281192,63.04860886927575,64.99894947528921,66.94932906527897,68.9195538393636,70.92943561620437,72.9987895242782,75.12761211704115,77.2366186283869,79.2267041264533,80.99876417321053,82.49547735811456,83.82665301081272,85.1438833439017,86.59876071363604,88.27674426474428,89.99875999968643,91.54518821274954,92.79875971405372,93.6600621121981,93.99875963789566,93.70712144180594,92.79875971405372,91.33280560855462,89.42912305907225,87.22275923250447,84.84876136620463,82.42063613903983,79.9657277969983,77.48984032312991,74.99877840664152,72.49834799010574,69.99435722719731,67.49261814257538,64.99894947528921
58.103144521299456,60.172156070037246,62.18184743285035,64.15198074767387,66.1023435821288,68.05273735877363,70.02297125968173,72.03285892657573,74.10221662826328,76.23104162919694,78.34004960492281,80.3301359640364,82.10219650709081,83.59890997914023,84.93008581606645,86.24731628353291,87.70219376122435,89.38017739927642,91.10219319456215,92.64862144477473,93.90219296785531,94.7634953777069,95.10219290740861,94.81055470788996,93.90219296785531,92.43623883622678,90.53255623656824,88.32619231640135,85.95219427916842,83.52406874793532,81.06915986636828,78.59327143233432,76.10220780417889,73.60177433504933,71.09777813306094,68.59602937877845,66.1023435821288
59.20638150062888,61.27546746106685,63.285203992338964,65.25536530059236,67.2057457781397,69.15615081488949,71.12639195982342,73.13628430168072,75.20564501437156,77.33447192667556,79.44348106468217,81.43356810720994,83.20562904417592,84.70234274413284,86.03351872728098,87.35074930140297,88.80562686478,90.48361057183938,92.20562641501988,93.75205469471797,95.00562623508256,95.86692865422619,96.20562618710596,95.91398798486577,95.00562623508256,93.53967208271501,91.63598944323167,89.42962544877514,87.05562727587248,84.62750150330012,82.17259219351129,79.69670299739285,77.20563801068467,74.70520211870439,72.20120159969808,69.69944517054623,67.2057457781397
60.30965897838561,62.3788040033111,64.38857638628386,66.35875991351324,68.30915439462332,70.2595683686184,72.22981526317804,74.23971131557194,76.30907441810405,78.43790284746618,80.54691290797655,82.53700049293084,84.30906174254474,85.80577562339201,87.13695172259663,88.45418238137113,89.9090600127569,91.58704377458744,93.30905965578205,94.85548795888285,96.1090595129657,96.97036193948443,97.30905947488665,97.01742127048635,96.1090595129657,94.64310534413768,92.73942267304527,90.53305861962501,88.15906033904126,85.73093437491775,83.27602472524893,80.80013492426329,78.30906885926998,75.8086310442684,73.30462709883179,70.80286457809765,68.30915439462332
61.41296860210329,63.48216050898925,65.49196134840241,67.46216251120754,69.41256810709828,71.36298917464897,73.33324063271384,75.34313963017252,77.4125046295269,79.5413342629804,81.65034505568312,83.6404330711618,85.41249456892461,86.9092085933447,88.24038478466342,89.55761551062668,91.012493195991,92.69047700129347,94.41249291265989,95.9589212343354,97.21249279930645,98.07379523167882,98.41249276908312,98.12085456296833,97.21249279930645,95.74653861741373,93.84285592123322,91.63649182101341,89.26249345496308,86.83436733880534,84.37945741937352,81.90356713830423,79.41250021747479,76.912060876168,74.40805421116502,71.90628685551712,69.41256810709828
62.61630374156002,64.68553286022345,66.69535628611216,68.6655714465116,70.6159858643013,72.56641256204814,74.5366676421848,76.54656897714916,78.6159354820149,80.7447660711574,82.85377744500188,84.84386580218819,86.61592749690698,88.11264163528087,89.44381789971061,90.76104867900162,92.21592640720877,93.8939102470149,95.6159261823287,97.16235451874701,98.41592609236002,99.2772285293784,99.61592606837175,99.32428786089619,98.41592609236002,96.94997190009784,95.04628918400488,92.83992504664025,90.46592661275504,88.03780037592762,85.58289024238474,83.10699958027269,80.61593198016523,78.11549142742783,75.61148260389926,73.10971141076409,70.6159858643013
64.326974100702,66.42047430699203,68.4673191609956,70.4867432713171,72.49728807842024,74.51594675476781,76.55740330504644,78.63363518539788,80.75423977816851,82.91229802923883,85.04049500336501,87.05852014230226,88.88887572298115,90.49475073443145,91.97983199173564,93.47376286342578,95.09105482631432,96.87905940491355,98.6721615805208,100.2930836310143,101.70616884767051,102.8632006848247,103.40984330588063,102.97430836955542,101.70616884767051,99.86724284950742,97.64675458156759,95.19912944250109,92.66061266132337,90.13452567339827,87.62494822221173,85.11992434394072,82.61291694291788,80.09965609712441,77.57689531604643,75.04260239052311,72.49728807842024
62.85370645066493,64.9229231017657,66.93273896023817,68.90294943086978,70.8533608929669,72.80378570437264,74.77403957097113,76.78394012277843,78.85330612323833,80.98213639218729,83.09114757132633,85.08123581402714,86.85329744275792,88.35001154295281,89.68118778288746,90.99841854431159,92.45329625816468,94.13128008641074,95.85329601370121,97.39972434518012,98.65329591589773,99.51459835135951,99.85329588982046,99.56165768280081,98.65329591589773,97.1873417271097,95.28365901768822,93.07729489276855,90.70329648161072,88.2751702852124,85.82026022340514,83.34436968895744,80.85330231643489,78.35286216957459,75.84885406923752,73.34708416181303,70.8533608929669
61.44708100680626,63.516206242419926,65.5259666135162,67.49614269645693,69.44653248579928,71.39694346545599,73.36718843366083,75.37708324287729,77.44644554471785,79.57527346580551,81.6842832172407,83.67437062046072,85.44643176532526,86.94314558556712,88.27432164588826,89.59155227630083,91.04642988490099,92.72441362838106,94.44642949683941,95.99285779209941,97.24642934158608,98.10773176563387,98.44642930019097,98.1547910965144,97.24642934158608,95.78047517827298,93.87679251777084,91.67042848410576,89.29643023959942,86.8683043396531,84.41339480385747,81.93750520552615,79.44643950180095,76.94600233108756,74.44199953364111,71.94023905383031,69.44653248579928
60.448208790270044,62.526314147444396,64.54965289772615,66.53790630307523,68.51051784654129,70.48635674510268,72.48339205138839,74.51848589303071,76.60747559877575,78.74756407547588,80.86399056563363,82.8649110801802,84.65971187345203,86.1995083868857,87.59254316812375,88.98241700662389,90.5056048971012,92.2307054443859,93.98352768475783,95.56254591447302,96.88696176684869,97.8834431743097,98.32019156983549,97.9604384130259,96.88696176684869,95.25761755580027,93.22130970115175,90.91769814423753,88.47922665501933,86.01341371559738,83.53769900325804,81.05078674775245,78.5537071598699,76.04843956569997,73.53738538417645,71.0234400602969,68.51051784654129
59.63433823281626,61.7030880890937,63.712620592746134,65.68265544988321,67.63295622908814,69.58331040048037,71.55351882167624,73.56339004502608,75.63273715587896,77.76155543378482,79.87055932131382,81.86064327658961,83.63270243410064,85.12941510450855,86.46059042711383,87.77782051943032,89.23269769573113,90.91068109105676,92.63269671787747,94.17912486437757,95.43269632666359,96.29399870383138,96.63269622235445,96.3410580324086,95.43269632666359,93.96674226798223,92.06305980840368,89.85669614954321,87.4826985895149,85.0545739071683,82.59966653182784,80.12378077834667,77.63272192875374,75.13229698172307,72.6283159642957,70.12659420522083,67.63295622908814
43.735996440429176,45.79615657407541,47.8004661754873,49.76726073201835,51.715517955758045,53.664567359474404,55.633936155604204,57.64326543112668,59.71226345138817,61.84086011270642,63.94972923200663,65.93973394227726,67.71174742323585,69.20843366608281,70.5395920330808,71.85680975779385,73.31167699809765,74.98965239140048,76.71166246438321,78.25808719175956,79.51165664980834,80.37295794947681,80.71165509947059,80.42001722511455,79.51165664980834,78.0457049960032,76.14202715448775,73.93567211018889,71.5616902822519,69.13359358515677,66.6787358651469,64.20293847922014,61.71203715592708,59.21189312703589,56.70841259937281,54.20758046742171,51.715517955758045
44.73441831011358,46.796472061369116,48.801934487571174,50.769444802459475,52.71815364641428,54.667491486847624,56.63704592926322,58.646495047642375,60.71557026971992,62.84421594432878,64.95311487026717,66.94313710746196,68.7151606909934,70.21185277902946,71.54301489624547,72.86023535641536,74.31510479435958,75.99308195754993,77.71509325893211,79.26151874255183,80.51508864389896,81.37639018188938,81.71508741339471,81.4234494692363,80.51508864389896,79.04913645818192,77.14545759524134,74.93910064557238,72.56511533801654,70.13701245117684,67.68214374853657,65.2063268179574,62.71539065462696,60.21518449761038,57.71159328890596,55.21056444447359,52.71815364641428
45.733869918616776,47.79742916139177,49.80380754639783,51.77188633633921,53.72095378305886,55.67052061765992,57.64022243297221,59.6497666810472,61.718903182425294,63.847587760547455,65.95651034464177,67.9465464931891,69.71857809522106,71.21527482261956,72.5464399164008,73.86366254771235,75.31853372992973,76.99651229788341,78.71852457424814,80.26495065809914,81.51852091129258,82.3798226384394,82.71851993464054,82.42688193507993,81.51852091129258,80.05256830339658,78.14888862974952,75.94253016778492,73.56854209844633,71.14043429878006,68.68555687914849,66.2097244357428,63.71876061914372,61.21850514874296,58.71482608527927,56.21364108741156,53.72095378305886
46.73414035126658,48.79889609855783,50.80600208691685,52.77453231368793,54.723884479144516,56.673633105478984,58.64345190670514,60.65307166579552,62.722256807219225,64.85097226411281,66.95991362608318,68.94996081621917,70.72199878259158,72.21869919227522,73.54986664856736,74.86709100312034,76.3219635697712,77.99994325268798,79.72195630289767,81.26838286315291,82.52195339560711,83.38325527288751,83.72195262043775,83.43031457690437,82.52195339560711,81.05600045262722,79.15232013552153,76.94596047324558,74.57197021187386,72.14385851288006,69.68897417452266,67.21312941843634,64.72214365297438,62.2218490410919,59.71810024274947,57.21679129155564,54.723884479144516
47.73506164497015,49.800768065225036,51.8084519351742,53.77734061755868,55.72691882463687,57.676811763704904,59.64672342677366,61.65640312310818,63.72562687182018,65.85436683786132,67.96332310408448,69.95337905802396,71.72542207580972,73.22212540813801,74.55329473956233,75.87052046185616,77.3253941273345,79.00337469519914,80.72538835961049,82.27181529798824,83.52538605209193,84.38668804853347,84.72538543683953,84.43374735840493,83.52538605209193,82.05943284315569,80.15575201533622,77.94939140037158,75.57539939917908,73.1472846052778,70.69239477549556,68.21654024673862,65.72553706016981,63.22521138077636,60.72140723098255,58.21999988898244,55.72691882463687
48.73650013334497,50.802961738337444,52.811104514341395,54.78027779766066,56.73003545203677,58.6800429476597,60.65002832156091,62.659755592707896,64.72900998508982,66.857769404464,68.96673750035333,70.95680041018414,72.72884743730012,74.22555308934122,75.55672390906273,76.87395071693523,78.32882525455474,80.00680652480362,81.72882067670747,83.27524791520135,84.52881884522846,85.39012093624825,85.72881835690222,85.43718025076652,84.52881884522846,83.06286542520243,81.15918419202897,78.95282282091421,76.57882943882316,74.15071218848644,71.69581800013947,69.21995571475233,66.72893870086368,64.22858836260573,61.724740278545724,59.223254838049286,56.73003545203677
49.73834950170995,51.805410897781215,53.81391805977614,55.78331729058176,57.7332173962828,59.68331582524604,61.6533597074676,63.66312474040021,65.7324034553373,67.8611783150903,69.97015580028821,71.96022423104887,73.73227444038542,75.22898193358898,76.56015393457511,77.87738160407326,79.33225683391242,81.01023866164448,82.73225320047158,84.27868067716788,85.53225174682551,86.39355391291217,86.7322513592407,86.44061323111859,85.53225174682551,84.0662981592574,82.16261660435413,79.95625463308222,77.58226015497014,75.1541409549557,72.69924330720228,70.22337486533812,67.73234687658618,65.23197696621878,62.72809401038083,60.2265465794998,57.7332173962828
50.840525226882406,52.90806293001452,54.916859401179835,56.88643800416756,58.83645118862603,60.78662179756756,62.756712120390006,64.7665071258998,66.83580514607644,68.96459226102884,71.07357719858658,73.06365001133432,74.83570274640931,76.3324117009477,77.66358463950573,78.9808129928774,80.43568877213212,82.11367104233915,83.83568588826756,85.38211355402532,86.63568473450779,87.49698696017504,87.8356844268815,87.54404628130877,86.63568473450779,85.16973101396138,83.26604920370093,81.05968675608375,78.68569140805843,76.25757066058144,73.80267026708822,71.32679693880263,68.83576023922521,66.33537479424015,63.83146415994321,61.32986752501411,58.83645118862603
51.84296013368781,53.91087604120747,55.91990219760234,57.88962319204296,59.83972613666339,61.78995403875898,63.76008122309598,65.76990001850378,67.83921336152042,69.96801020353348,72.07700105607137,74.06707734681856,75.83913208657864,77.33584220098132,78.66701588369156,79.98424477985455,81.43912099518101,83.1171036165808,84.83911870625576,86.38554652207175,87.63911779051595,88.50042006347235,88.83911754635277,88.5474793869295,87.63911779051595,86.17316396442459,84.26948195148694,82.06311912579415,79.68912308731777,77.26100111161749,74.80609853882464,72.3302213321697,69.83917771876096,67.33877994380052,64.83484734064851,62.33321165102484,59.83972613666339
52.84560084896172,54.91381703786496,56.92302553360368,58.89285955912213,60.84303375241117,62.79330713054978,64.76346357288898,66.77330125075935,68.84262675568675,70.97143131813749,73.08042686542234,75.07050591666831,76.84256224755126,78.33927328254015,79.670447555885,80.98767688286205,82.44255344429905,84.12053634444086,85.84255162757762,87.38897956249488,88.64255090075439,89.50385321124426,89.84255070696196,89.55091253654547,88.64255090075439,87.17659699089195,85.27291481708927,83.06655169131756,80.69255510482952,78.2644321542869,75.80952785177996,73.33364756685233,70.84259846590399,68.34219090454664,65.83824086442085,63.33657417617363,60.84303375241117
53.84840497495796,55.916859560606596,57.92621280315933,59.896136550896074,61.84636729805905,63.796676772091885,65.76685643715199,67.77670910229989,69.84604426024595,71.97485495045282,74.08385422397592,76.07393546623678,77.8459930599969,79.34270482565634,80.67387956778859,81.99110923670317,83.4459860728484,85.12396919422795,86.84598463091548,88.39241266036353,89.64598405403548,90.50728639431566,90.84598390022231,90.55434572108052,89.64598405403548,88.18003007768385,86.27634777620251,84.06998441225792,81.69598739081258,79.26786366653647,76.81295799115277,74.3370752629929,71.84602180656381,69.34560647768208,66.84164259764339,64.33995130521045,61.84636729805905
54.85133883821972,56.919982679352245,58.92945082263782,60.899445788864114,62.849721425240546,64.80005954957068,66.77025764691294,68.78012220763284,70.8494650272502,72.97828058108594,75.08728281213587,77.07736579340991,78.84942438951757,80.34613673511112,81.6773118493204,82.99454178963114,84.44941884381251,86.12740214078858,87.84941769934949,89.39584580382666,90.6494172414795,91.51071960540423,91.84941711939788,91.55777893333081,90.6494172414795,89.18346321235539,87.27978080953541,85.07341725655287,82.69941988988154,80.27129555149241,77.81638878645458,75.34050411909648,72.84944720570888,70.34902571170365,67.84505084680688,65.34334002566484,62.849721425240546
55.95437569802168,58.02316977644982,60.032729126028215,62.00278062213545,63.95309188859987,65.90345275329528,67.87366548059927,69.88353948294296,71.95288838367401,74.08170779779064,76.19071237623722,78.1807967377691,79.95285612944136,81.44956893532924,82.78074434485643,84.09797450057451,85.55285172781133,87.23083516415852,88.95285081945036,90.4992789834782,91.7528504560387,92.61415283873018,92.95285035914247,92.66121216757878,91.7528504560387,90.28689638502902,88.38321390177651,86.17685019875441,83.80285255807695,81.3747277322658,78.91982010236819,76.44393389586523,73.9528742386808,71.45244785139158,68.94846426773671,66.44673794642496,63.95309188859987
56.95749432135828,59.02640765903435,61.03603940509383,63.00613577134621,64.95647531837247,66.90685423249154,68.87707857176119,70.8869600679909,72.95631379533097,75.08513627336481,77.19414271494512,79.18422817198976,80.95628819510256,82.45300136632653,83.78417701024776,85.10140733693478,86.55628470152585,88.23426824849196,89.95628398055925,91.50271219185248,92.75628369211921,93.61758608970584,93.95628361521261,93.66464541928624,92.75628369211921,91.29032958786495,89.38664704077308,87.18028321866447,84.80628536050818,82.37816014782976,79.92325183149205,77.44736440336754,74.95630256842577,72.45587229732047,69.95188179353829,67.4501431695932,64.95647531837247
58.060677849986874,60.12968585376318,62.139375064727034,64.10950704591706,66.05986903983371,68.01026228003164,69.9804958358236,71.99038327999506,74.05974083823364,76.18856574810651,78.29757366845942,80.28765999501404,82.05972051930188,83.55643398049338,84.88760981045334,86.20484027283858,87.6597177464478,89.33770138121221,91.05971717421617,92.606145423024,93.85971694528116,94.7210193546901,95.05971688424037,94.76807868485137,93.85971694528116,92.39376281464064,90.49008021687945,88.28371630025185,85.90971826948245,83.48159274974716,81.02668388858132,78.55079549085431,76.05973192742256,73.55929857372158,71.05530257740271,68.55355418876259,66.05986903983371
59.163912899985576,61.232996046578535,63.24273086984826,65.21289111956528,67.16327092996461,69.11367554093118,71.08391641194422,73.0938085770257,75.16316917586066,77.29199601588954,79.40100510994657,81.39109212663222,83.16315304870312,84.65986674004213,85.99104271766116,87.30827328775014,88.76315084788713,90.44113455233713,92.16315039370659,93.70957867228974,94.96315021200074,95.82445263079305,96.16315016355261,95.87151196141534,94.96315021200074,93.49719606041745,91.59351342243995,89.38714943079255,87.01315126302005,84.5850254995735,82.13011620597709,79.65422703867553,77.1631621033386,74.66272630297424,72.15872594720852,69.65696980826905,67.16327092996461
60.26718884630671,62.33633163775137,64.34610266503229,66.31628535208141,68.26667930366798,70.21709293971557,72.18733961686274,74.19723552894905,76.26659854111347,78.3954269131107,80.50443693873822,82.49452450318162,84.26658574097331,85.76329961498054,87.0944757097967,88.41170636537018,89.86658399418432,91.54456775394381,93.26658363370098,94.81301193591685,96.06658348948096,96.92788591572082,97.26658345102766,96.97494524670903,96.06658348948096,94.60062932127536,92.69694665137818,90.49058260018752,88.11658432367554,85.68845836679522,83.23354872997834,80.75765895186467,78.26659292764484,75.76615518535891,73.26215136948684,70.7603890790956,68.26667930366798
61.370497254444544,63.43968738853334,65.44948715190202,67.41968764784343,69.3700928234462,71.32051362276577,73.29076490826942,75.30066379436555,77.37002872199491,79.49885830991784,81.60786907493397,83.59795707413318,85.37001856251268,86.8667325815038,88.19790876933938,89.51513949276202,90.97001717608524,92.64800097974388,94.3700168899694,95.91644521094256,97.17001677550189,98.03131920765293,98.37001674498151,98.07837853893155,97.17001677550189,95.70406259410318,93.80037989887134,91.59401580042118,89.2200174376026,86.79189132719375,84.33698141796256,81.86109115504678,79.37002426657929,76.86958498298705,74.3655784208197,71.86381124799581,69.3700928234462
62.57383142904534,64.64305914058693,66.65288171239892,68.62309634350058,70.57351042770442,72.52393691255483,74.49419185572906,76.50409310230472,78.57345955024218,80.70229010324697,82.81130145511662,84.80138979938187,86.57345148665311,88.07016562071806,89.4013418823832,90.71857265965774,92.17345038624487,93.8514342247463,95.57345015915458,97.1198784950154,98.37345006830165,99.23475250514434,99.57345004407759,99.2818118366535,98.37345006830165,96.90749587643154,95.00381316109156,92.79744902513147,90.42345059381134,87.99532436154684,85.54041423610016,83.06452358839657,80.5734560139748,78.07301550704553,75.5690067651378,73.06723571711062,70.57351042770442
64.2854726338448,66.37904639145741,68.42600304543055,70.44557447560183,72.45629713678949,74.47515471183127,76.51681552814739,78.59323471429548,80.71398204665981,82.8721209663067,85.00037059817502,87.01847200318817,88.84898515338834,90.45514958798096,91.94062670716676,93.43499506406576,95.05267370471739,96.84093210699189,98.63419488803987,100.25528243920041,101.66871261796666,102.82635135615396,103.37339659728474,102.93758511497995,101.66871261796666,99.8289597147319,97.60771093939171,95.15946816885845,92.62051005283968,90.09415220335109,87.58442091375255,85.07931425845268,82.57226133617435,80.05896376348248,77.53614907094035,75.00176209213294,72.45629713678949
62.780436371285404,64.84965037414943,66.85946462522142,68.82967409969432,70.78008493396885,72.73050934469411,74.70076295352303,76.71066333897869,78.7800292322969,80.908859433233,83.01787057101436,85.0079587893971,86.78002040411127,88.27673449619647,89.6079107309281,90.92514148855707,92.38001919936121,94.05800302515176,95.780018950738,97.3264472811677,98.58001885127031,99.44132128640146,99.78001882474929,99.48838061782651,98.58001885127031,97.11406466322023,95.21038195521585,93.00401783293965,90.63001942660935,88.20189323879862,85.74698319222888,83.27109268489856,80.78002536071776,78.27958530007047,75.77557735334767,73.27380771902307,70.78008493396885
61.37381503102712,63.44293606320862,65.45269388286036,67.42286838455425,69.3732571773131,71.32366752093846,73.29391207996343,75.30380662511463,77.37316875687898,79.50199657000323,81.61100625578727,83.60109362040478,85.37315474301931,86.8698685503879,88.20104460244974,89.51827522683787,90.97315283059811,92.65113657018031,94.37315243593338,95.91958072952785,97.17315227803826,98.0344547015612,98.37315223593879,98.08151403241592,97.17315227803826,95.7071981158966,93.80351545764395,91.5971514281751,89.22315319133203,86.79502730501768,84.34011779341004,81.86422823812492,79.37316261113727,76.8727255772782,74.36872302367817,71.86696297738297,69.3732571773131
60.376049928362875,62.454243946486116,64.47771867572463,66.46615353068924,68.43898764336458,70.41508011521645,72.41238111812558,74.44772343945243,76.5369056997844,78.67710424631849,80.79360307967747,82.79462906981234,84.58965043697359,86.12986168384617,87.52348473426235,88.91403869094104,90.43785574280507,92.16338446869217,93.91648414130077,95.49579371272289,96.82083533013433,97.81848257441328,98.25605399074465,97.89573107961978,96.82083533013433,95.1900322313644,93.15249877801446,90.84796423877448,88.40886922914575,85.9426874718884,83.46676777406958,80.97974653159466,78.48260739435995,75.97729195302452,73.4661678542316,70.95210144990153,68.43898764336458
59.5610891067017,61.629828374942335,63.6393544508537,65.60938532408441,67.55968359229128,69.51003616108062,71.4802435512471,73.49011410921023,75.55946079150443,77.68827879736206,79.79728251946139,81.78736637746537,83.55942547891003,85.05613811687934,86.38731341867245,87.70454349580842,89.15942065991342,90.83740404541703,92.55941966542076,94.10584780772412,95.35941926755004,96.2207216433953,96.55941916146602,96.26778097190754,95.35941926755004,93.89346521182051,91.98978275791035,89.78341910962374,87.40942156890561,84.98129692090943,82.52638960651878,80.05050396150678,77.55944530527928,75.05902070309642,72.55504030011245,70.05331963339341,67.55968359229128
43.69139301735058,45.75145794966105,47.75570957162921,49.72246812212582,51.67070262402312,53.61973751465983,55.58909696921269,57.59842021411288,59.66741434940286,61.796008544222886,63.90487616354784,65.89487999179673,67.66689296435361,69.16357891304682,70.49473709131829,71.81195467837172,73.26682180808099,74.9447971123156,76.66680712348003,78.213231812799,79.46680124853913,80.3281025362142,80.66679968210596,80.37516181126267,79.46680124853913,78.00084962150203,76.09717183138906,73.89081688297652,71.51683523014859,69.0887388445471,66.63388167722766,64.15808527486331,61.667185704843945,59.16704480242278,56.663569844438854,54.162747611063594,51.67070262402312
44.68976312248115,46.75174117008309,48.75715752380118,50.72463923941264,52.67333004048332,54.622656358393044,56.59220338496492,58.60164771625185,60.67071985458978,62.79936357144527,64.90826130681802,66.8982828439391,68.67030602394715,70.16699787851135,71.4981598459342,72.81538019684311,74.27024954700812,75.94822663950481,77.6702378918217,79.21666334523522,80.47023322887594,81.33153475734721,81.67023198559677,81.37859404422645,80.47023322887594,79.00428106440475,77.1006022422624,74.89424536869859,72.52026020012732,70.09215756052158,67.63728929655605,65.1614731466436,62.67053837492762,60.170334699519316,57.666747911875916,55.16572692522497,52.67333004048332
45.6891735598241,47.75267262669256,49.75901440976456,51.727070487032975,53.67612360771895,55.62568129469085,57.59537722314349,59.60491767133283,61.67405172499669,63.80273474919075,65.91165638831077,67.90169198120125,69.6737232629535,71.17041980504413,72.50158477993392,73.8188073245247,75.27367843707148,76.95165694891546,78.67366918633704,80.22009524621333,81.47366548535318,82.33496720494463,82.67366449856166,82.38202650121394,81.47366548535318,80.00771289432001,78.10403325305457,75.89767485149477,73.52368689246856,71.09557928903284,68.64070221758016,66.16487039379808,63.673907681749455,61.17365418108274,58.66997862687188,56.16879986653379,53.67612360771895
46.689411260821615,48.754119189729266,50.76119610555479,52.72970829680962,54.679049088290355,56.62879045276284,58.59860458101795,60.60822132390521,62.6774045224833,64.80611874598665,66.91505935791673,68.90510610702259,70.67714381918698,72.17384408179092,73.5050114437185,74.82223572944096,76.27710824079415,77.95508787917657,79.67710089847702,81.2235274397035,82.47709796100338,83.33839983228708,83.6770971777863,83.38545913600927,82.47709796100338,81.01114503140752,79.10746474000317,76.90110512567058,74.52711495185403,72.09900340860904,69.64411934660302,67.16827508231732,64.6772901935536,62.176997145100614,59.67325113221426,57.171947132257785,54.679049088290355
47.69030654125059,49.75597497223029,51.76363575369912,53.73251011595465,55.68207929336239,57.63196646781472,59.60187442158639,61.61155172381278,63.68077393042827,65.80951291750381,67.91846858841097,69.90852419230146,71.68056700832099,73.17727022391159,74.50843948043851,75.8256651481014,77.28053876968988,78.95851930220755,80.68053294208619,82.2269598653608,83.48053061061131,84.34183260229324,84.68052998897139,84.38889191193084,83.48053061061131,82.014577412298,80.11089660487767,77.90453602796573,75.53054409626591,73.10242942598288,70.64753981554189,68.17168567713054,65.68068318640763,63.18035874794086,60.67655680906597,58.17515339718486,55.68207929336239
48.69172436132747,50.7581557916312,52.7662802337248,54.73544214779062,56.68519263396412,58.63519555365906,60.60517798326396,62.614903354114034,64.68415652249601,66.81291516485012,68.92188278823141,70.91194542022617,72.68399228719946,74.18069784658547,75.51186860686074,76.82909537137257,78.28396987415661,79.96195111635059,81.68396524878278,83.2303924752893,84.4839633982896,85.34526548553173,85.68396290489363,85.39232479986438,84.4839633982896,83.01800998669503,81.11432876971239,78.9079674288001,76.53397410186551,74.10585694964485,71.6509629353898,69.17510095982212,66.68408449823308,64.18373514491935,61.679888815730465,59.17840649477273,56.68519263396412
49.69355731165986,51.76059474382501,53.76908734878258,55.73847755368854,57.6883719691337,59.63846676583428,61.608508311024394,63.618271835632356,65.68754957905668,67.81632382207926,69.92530093224386,71.91536914248461,73.6874192247154,75.18412664437838,76.51529859818194,77.83252623326464,79.28740143545484,80.96538324091968,82.68739776429211,84.23382523147407,85.4873962955545,86.3486984586428,86.68739590394583,86.39575777670191,85.4873962955545,84.02144271467841,82.11776117262582,79.91139922532567,77.5374047909913,75.10928566885173,72.65438815927558,70.17851996331659,67.68749241292912,65.18712328432511,62.68324172136934,60.181696766594584,57.6883719691337
50.79571999725815,52.86323867124756,54.872023585079205,56.84159502287142,58.79160369043544,60.74177141623008,62.711859884060004,64.72165369237523,66.79095094144691,68.91973756689427,71.02872220678572,73.01879484450593,74.79084747869669,76.28755637486577,77.61872927597489,78.93595760203101,80.39083335934075,82.06881561187423,83.79083044553626,85.33725810374247,86.5908292797983,87.45213150308578,87.7908289689783,87.49919082410258,86.5908292797983,85.12487556456338,83.22119376450249,81.01483133591174,78.64083602263285,76.21271533696529,73.75781505314367,71.28194192003393,68.79090556838912,66.29052074389804,63.78661121515768,61.28501654559528,58.79160369043544
51.79814454914117,53.86604534756094,55.87506232874783,57.8447776353283,59.794876994549895,61.74510260815288,63.71522832012501,65.72504616529581,67.79435889627678,69.9231553497658,72.03214596604442,74.02222211787165,75.7942767775597,77.29098684563456,78.62216049862158,79.93938937310418,81.39426557101285,83.07224817838514,84.79426325832428,86.34069106814655,87.59426233307735,88.45556460414493,88.79426208637935,88.50262392750926,87.59426233307735,86.12830851120172,84.2246265063595,82.01826369576798,79.64426768486987,77.21614575822784,74.76124327248155,72.2853662207383,69.79432288348545,67.2939256010164,64.78999387536115,62.28835974570033,59.794876994549895
52.80077704230011,54.86898123553581,56.87818244755472,58.84801195808586,60.79818330542943,62.748454867103646,64.71861014079062,66.72844706444289,68.79777208359141,70.92657633766814,73.035571697433,75.02565063841783,76.79770690574745,78.29441790396588,79.62559215371938,80.94282146348866,82.39769801110114,84.07568090010932,85.79769617551875,87.34412410567882,88.59769544114971,89.45899775014041,89.79769524534535,89.50605707536798,88.59769544114971,87.1317415346333,85.22805936725598,83.02169625347014,80.647699688871,78.21957677726596,75.76467254384804,73.2887923818742,70.79774350011192,68.29733632964843,65.79338698600228,63.29172153593011,60.79818330542943
53.80357464025147,55.87201970268451,57.88136716329279,59.85128732714797,61.80151581534864,63.75182384759819,65.72200258507604,67.73185465159152,69.80118942397092,71.92999986941973,74.0389989941076,76.02908014885394,77.80113769217165,79.29784942864634,80.62902415205409,81.94625380731085,83.40113063248359,85.07911374502633,86.80112917558066,88.34755720125294,89.60112859271158,90.46243093180183,90.80112843730151,90.50949025850825,89.60112859271158,88.1351746190157,86.23149232263414,84.02512896820278,81.65113196413066,79.22300827075937,76.76810265021172,74.29222001964052,71.80116673718015,69.30075171855307,66.79678839131694,64.29509808164417,61.80151581534864
54.80650332084687,56.87513960198159,58.884603155597844,60.85459527708517,62.80486912043769,64.75520610038932,66.72540346149498,68.73526754707424,70.80461006066483,72.93342542023507,75.04242753315407,77.03251044496761,78.80456900103908,80.30128132346866,81.63245642281632,82.94968635228682,84.40456339775929,86.08254668772162,87.8045622414146,89.35099034289493,90.60456177879107,91.46586414177139,91.80456165544203,91.51292346965155,90.60456177879107,89.13860775177481,87.23492535300254,85.02856180757064,82.65456445468845,80.22644014082852,77.77153341931411,75.29564882941233,72.8045920541042,70.30417080634949,67.8001963802164,65.29848633910417,62.80486912043769
55.909536066310764,57.97832414347205,59.98787984988918,61.95792908799311,63.908238931280366,65.85859888766029,67.82881103060406,69.83868465582474,71.9080333136607,74.03685257358815,76.14585705827392,78.13594136467489,79.90800072457037,81.40471351207302,82.73588890980449,84.05311905691866,85.50799627724322,87.18597970802358,88.90799535945177,90.45442352110102,91.7079949922672,92.5692973742091,92.90799489436503,92.61635670302087,91.7079949922672,90.24204092293056,88.3383584428907,86.13199474586156,83.75799711612856,81.32987230978621,78.87496471443322,76.39907856940745,73.90801902181704,71.40759282997777,68.90360959457237,66.40188389237862,63.908238931280366
56.912651423557534,58.9815599974625,60.99118885172983,62.96128342572034,64.91162184313663,66.86200003631161,68.83222391176861,70.84210510867334,72.91145864322655,75.04028099887992,77.1492873660421,79.1393727793293,80.91143277722085,82.40814593385241,83.73932156841137,85.05655188826948,86.51142924737428,88.18941278992199,89.91142851892266,91.45785672832803,92.71142822748808,93.57273062447976,93.91142814978308,93.61978995403098,92.71142822748808,91.2454741245617,89.3417915800197,87.13542776266776,84.76142991319807,82.33330471597205,79.87839642705242,77.4025090477225,74.91144729976568,72.4110171837896,69.90702695641477,67.40528882386899,64.91162184313663
58.0158323595502,60.08483658196448,62.0945234975771,64.06465405619535,66.01501515351889,67.96540782149451,69.93564100915464,71.94552821575027,74.01488562097319,76.14371043371247,78.25271829499957,80.24280458682382,82.01486509109351,83.51157854070303,84.84275436323217,86.15998482019728,87.61486228945202,89.29284592070958,91.01486171127958,92.56128995858899,93.81486147996779,94.67616388890451,95.01486141829326,94.7232232190426,93.81486147996779,92.34890735038123,90.44522475464387,88.23886084179159,85.86486281791677,83.43673731044606,80.98182847104198,78.50594011204325,76.01487661765164,73.5144433870771,71.01044761014391,68.50869961153079,66.01501515351889
59.11906535155896,61.188145496659644,63.197878498023286,65.16803761861121,67.11841671737083,69.06882087415886,71.03906145298322,73.0489534294997,75.11831390688573,77.24714066981946,79.35614971699587,81.346236706116,83.1182976122985,84.61501129444486,85.94618726616605,87.26341783195308,88.71829538863393,90.39627909030052,92.11829492973813,93.664723207132,94.91829474614583,95.77959716456334,96.11829469719474,95.82665649516724,94.91829474614583,93.45234059539905,91.5486579590279,89.342293970377,86.9682958080767,84.54017005436455,82.08526077804049,79.6093716414776,77.11830676093791,74.61787105829927,72.11387087666071,69.61211504728787,67.11841671737083
60.22233966431797,62.291480073335975,64.30124965451576,66.27143144535366,68.22182483210307,70.17223810766546,72.14248455290092,74.15238031532255,76.22174323109266,78.35057154189934,80.45958153031765,82.44966907288227,84.2217302980633,85.7184441647743,87.04962025490936,88.36685090706838,89.82172853313938,91.49971229068966,93.22172816891354,94.76815647018546,96.02172802319623,96.88303044913863,97.22172798434373,96.93008978011224,96.02172802319623,94.55577385565459,92.65209118703237,90.44572713822004,88.07172886605133,85.64360291689724,83.18869329378941,80.71280354007307,78.22173755934585,75.72129989462505,73.21729621695818,70.71553417227135,68.22182483210307
61.32564677581195,63.39483501887884,65.4046336344427,67.37483341904763,69.32523814633358,71.27565865953373,73.24590976096806,75.25580852827488,77.32517337939589,79.4540029187518,81.56301365423494,83.5531016360689,85.32516311443935,86.82187712763947,88.15305331175965,89.47028403247222,90.92516171361821,92.60314551552342,94.32516142453196,95.87158974475591,97.12516130887606,97.98646374079097,98.32516127803879,98.033523072058,97.12516130887606,95.65920712800431,93.7555244337844,91.5491603372219,89.17516197785062,86.74703587357408,84.29212597522377,81.81623573167214,79.32516887772479,76.8247296556961,74.32072320322257,71.81895622541518,69.32523814633358
62.528979921212496,64.59820613179315,66.6080277925707,68.57824185907597,70.52865558744715,72.4790818452031,74.44933664228085,76.45923779457314,78.52860418178578,80.65743469624287,82.76644602467215,84.75653435515461,86.52859603448165,88.02531016395028,89.35648642266653,90.67371719779007,92.12859492264911,93.80657875975885,95.5285946932012,97.07502302846737,98.32859460140504,99.18989703806035,99.5285945769295,99.23695636956029,98.32859460140504,96.8626404099532,94.95895769541639,92.75259356095458,90.37859513237052,87.9504689049732,85.49555878816271,83.01966815582847,80.52860060880536,78.02816015073917,75.52415149589564,73.02238060265366,70.52865558744715
64.24163754805143,66.33528829636838,68.38236197315182,70.40208759594343,72.41299639420801,74.43206211254545,76.47393666866532,78.55055182968819,80.67144849645425,82.8296718072593,84.9579765251161,86.97615771069741,88.80683568245645,90.41330282883476,91.89919391877586,93.39401968405312,95.01210253339778,96.80062622701632,98.5940568532261,100.21531735216081,101.62910797213092,102.78738070205566,103.33484643538827,102.89874613992083,101.62910797213092,99.78849096100342,97.56644716560157,95.11755852522231,92.57813878121513,90.05149756806313,87.54160532326293,85.03641205671995,82.52931150321176,80.0159755005332,77.49310439535674,74.95861899632318,72.41299639420801
62.70162309140753,64.77083419536108,66.78064668687938,68.75085507089848,70.70126521792133,72.65168919003797,74.621942516697,76.63184272005421,78.70120849608874,80.83003862257394,82.93904971508266,84.92913790684537,86.7011995062161,88.19791358942396,89.52908981846005,90.84632057193463,92.30119827940118,93.97918210250381,95.70119802622446,97.24762635550567,98.50119792493504,99.36250035970423,99.70119789792831,99.40955969111153,98.50119792493504,97.03524373769281,95.13156103123963,92.92519691185714,90.55119851081136,88.12307233240116,85.66816230251126,83.19227182486529,80.70120455360218,78.20076458732885,75.69675680876145,73.19498747338818,70.70126521792133
61.29500624317615,63.364122674049284,65.37387770074471,67.34405047151421,69.29443817335434,71.24484782074217,73.2150919318546,75.22498618794427,77.29434813353308,79.42317582847411,81.53218544239245,83.52227276475334,85.29433386301173,86.79104765628843,88.12222369930913,89.4394543171026,90.89433191556475,92.57231565088011,94.29433151367176,95.84075980544313,97.09433135288481,97.95563377583323,98.2943313100143,98.00269310665973,97.09433135288481,95.6283771920255,93.72469453623526,91.51833051135988,89.14433228290547,86.71620641151351,84.2612969263835,81.78540741821928,79.29434187523314,76.793904991183,74.28990270451179,71.78814313276851,69.29443817335434
60.29845408523154,62.37674521044997,64.40036886439714,66.38900242850627,68.36208025747362,70.33845036361981,72.33604223808274,74.37165654897976,76.4610495600204,78.60136856903296,80.71794657265781,82.71908798721688,84.5143507146129,86.05501570888657,87.44928221134265,88.84057985759725,90.36508466221186,92.09108132207942,93.84448413431555,95.4241120000949,96.74983712239845,97.74875722686164,98.18722678674513,97.8262821538411,96.74983712239845,95.11744020325338,93.0785669291397,90.77302286579541,88.33324561818166,85.86666021455795,83.3905161428467,80.90337559591094,78.40617126930394,75.90080344776024,73.38960280555844,70.87540383973928,68.36208025747362
59.48229876332799,61.5510264413967,63.56054548116613,65.5305719933934,67.4808675129191,69.4312183274065,71.4014245889478,73.41129441853934,75.48064063170777,77.60945833976523,79.71846188077535,81.70854563229979,83.48060467237089,84.97731727483091,86.30849255384189,87.62572261436028,89.08059976511497,90.75858313986686,92.4805987524083,94.02702689011763,95.28059834725062,96.14190072164811,96.48059823922368,96.18896005008922,95.28059834725062,93.81464429475233,91.91096184704712,89.70459821033526,87.33060069075526,84.90247608036108,82.44756883268975,79.97168330641459,77.48062486185644,74.9802006371645,72.47622090678668,69.97450143582454,67.4808675129191
43.49578620836709,45.55542187085877,47.559412033852695,49.526008205038956,51.474140232598,53.423109668447495,55.39242699133699,57.401723037122295,59.470699650430845,61.59928272081652,63.70814357491554,65.69814342504188,67.47015410458704,68.96683872657663,70.29799605364637,71.6152130198218,73.07007965072313,74.74805455323846,76.47006428558743,78.01648880325835,79.27005813838099,80.13135937196299,80.4700564993537,80.1784186443538,79.27005813838099,77.80410663207441,75.90042907379903,73.69407455785694,71.32009369481318,68.89199871412279,66.43714403956835,63.961352073299565,61.47046041093944,58.970333609558324,56.466883771865156,53.966106182473254,51.474140232598
44.49392290975097,46.55555958582188,48.560768168203275,50.528120904629446,52.47673033212676,54.42600468237448,56.39551826239381,58.404941003019374,60.473999233058294,62.60263412001564,64.71152648566502,66.7015448652896,68.47356622531129,69.97025702686156,71.30141831868119,72.61863817679676,74.0735071310564,75.75148390470758,77.47349493572818,79.0199202529044,80.27349005668489,81.13479154222247,81.47348875578771,81.18185082699227,80.27349005668489,78.80753798803767,76.90385934990513,74.69750281959399,72.32351827787679,69.89541675335575,67.44055046791789,64.96473783899584,62.47380934377961,59.97361686096505,57.4700500131824,54.96906446640584,52.47673033212676
45.49314769747865,47.55637540080026,49.562552117137514,51.53050576135358,53.47949427080505,55.42901070082992,57.39868007855898,59.40820338852183,61.4773264024727,63.60600241810185,65.71491979516881,67.70495288191584,69.47698271913028,70.97367842543778,72.30484286409842,73.62206501755752,75.0769358158732,76.75491407464891,78.47692613642727,80.02335208817188,81.27692226392661,82.13822394944152,82.4769212314036,82.18528324403658,81.27692226392661,79.81096974894899,77.90729025373237,75.70093212461276,73.32694466312219,70.89883794473359,68.4439624436512,65.96813341451826,63.47717568424824,60.97693106752129,58.47327134076831,55.97212071280822,53.47949427080505
46.49323779749849,48.55773008190576,50.56467588418716,52.5331067350551,54.482396228816185,56.43210484120894,58.40189789350869,60.411501032700954,62.48067546861914,64.60938412925066,66.7183213583235,68.70836611827876,70.48040268390409,71.9771022831431,73.3082692194638,74.62549319474397,76.08036545669125,77.75834489421298,79.48035777410522,81.02678422950746,82.28035470049848,83.14165654473561,83.48035388098427,83.18871584712898,82.28035470049848,80.81440183126801,78.91072165578274,76.70436225768637,74.33037247876487,71.9022616379846,69.4473788223898,66.97153677624198,64.48055584159258,61.98026984456176,59.47653639468042,56.97525472575802,54.482396228816185
47.49401576860852,49.55951287640812,51.56706952993247,53.53587930755718,55.48540776001252,57.43526893507705,59.40516015919347,61.414826663482316,63.48404191489668,65.61277648661073,67.72172947250232,69.71178349758829,71.48382540359373,72.98052809266909,74.31169701139058,75.62892243265478,77.08379585628936,78.7617762293836,80.48378975861377,82.03021661376958,83.28378731908992,84.14508928930499,84.48378666864099,84.1921485978879,83.28378731908992,81.81783416868866,79.91415345327346,77.70779304798847,75.33380142971754,72.90568731698264,70.45079869582355,67.97494631796418,65.48394696567051,62.98362812406894,60.47983615692608,57.97845047067963,55.48540776001252
48.49534038028365,50.56163572655987,52.569677482493745,54.53878812012148,56.48850627662418,58.438488558042664,60.40845770826655,62.41817450836098,64.48742215622393,66.61617729403577,68.72514278629356,70.71520416518115,72.48725030987234,73.98395545136161,75.31512594351992,76.6323525124646,78.08722685813235,79.76520797379173,81.48722201840215,83.03364919084274,84.28722008215044,85.14852215235427,85.48721956588871,85.19558146584981,84.28722008215044,82.82126670858366,80.91758556462557,78.71122435993377,76.33723128176817,73.90911457207471,71.45422134301619,68.97836076480885,66.48734679422209,63.9870018832363,61.48316346891143,58.98169521773242,56.48850627662418
49.49709928801296,51.564028644168936,53.572455596017164,55.54180509296671,57.491673844393944,59.44175225887781,61.411783263557936,63.42153998528366,65.49081334696064,67.61958480838362,69.72856022705852,71.71862744270165,73.49067695165459,74.98738403963185,76.3185557806304,77.63578326049117,79.09065833797797,80.76864004301217,82.49065449668038,84.03708192095013,85.29065295987616,86.15195510944116,86.49065255011891,86.19901442683584,85.29065295987616,83.82469940918278,81.9210179250898,79.71465608590799,77.3406618490219,74.91254307811701,72.45764619175362,69.9817791048861,67.49075353162695,64.9903879289596,62.48651264822145,59.984978861225386,57.491673844393944
50.599203166196276,52.66663601855976,54.6753688076884,56.64490792936559,58.59489622490176,60.54505094711064,62.5151310485175,64.52491945721204,66.59421322842022,68.72299764608373,70.8319809434289,72.8220527917328,74.59410497091127,76.09081360382066,77.42198633602612,78.73921453888238,80.19409019721485,81.87207237003646,83.59408714837417,85.14051477252096,86.3940859286117,87.25538814116572,87.59408560338714,87.30244746165516,86.3940859286117,84.92813223733282,83.02445048327455,80.8180881404974,78.44409298393343,76.0159725770414,73.56107278786524,71.08520053504569,68.59416575266033,66.09378372674396,63.589879184320125,61.088293378999936,58.59489622490176
51.60158101753172,53.66941367303248,55.67838927286044,57.64807892622383,59.59816211459153,61.5483774066042,63.51849647788069,65.52831003726297,67.59762000781878,69.7264147089717,71.83540425966436,73.82547978492914,75.59753408347284,77.09424394259801,78.42541746152594,79.74264623822464,81.19752235757497,82.87550490167988,84.59751993770806,86.14394772049735,87.39751896958185,88.25882123213029,88.59751871145093,88.30588055507604,87.39751896958185,85.93156516672013,84.02788319839021,81.82152045590902,79.44752456939571,77.01940286401819,74.56450077087302,72.08862441781886,69.59758232609542,67.09718726487986,64.59325949694042,62.09163240306668,59.59816211459153
52.60417642863601,54.67232652025626,56.681494881595654,58.65130402869781,60.601462540240334,62.55172590926132,64.52187591206004,66.53170943401244,68.60103226218294,70.72983512541896,72.8388296394237,74.82890808310412,76.60096406379276,78.09767489616749,79.42884903951814,80.74607827167623,82.20095475693691,83.87893759572968,85.60095283628696,87.14738074499095,88.40095206788465,89.26225437011367,89.60095186300597,89.309313695009,88.40095206788465,86.93499817645956,85.03131603806207,82.82495297833546,80.45095651246066,78.0228337764735,75.56792985466376,73.0920502472413,70.601002354061,68.10059694662222,65.59665074426367,63.094990878646385,60.601462540240334
53.60694458457854,55.675346696104015,57.6846680791578,59.65457207900057,61.6047903787981,63.5550919082815,65.52526646214885,67.535115828691,69.6044488620729,71.73325820360398,73.84225665700912,75.83233741704376,77.60439473285405,79.10110633769835,80.43228097665406,81.74951057031078,83.20438734599476,84.88237041868155,86.60438582157371,88.15081383021624,89.40438521169234,90.26568754541589,90.60438504908005,90.3127468718586,89.40438521169234,87.9384312499745,86.03474897659426,83.82838566506973,81.45438873935518,79.02626518537201,76.57135981214822,74.09547762172568,71.60442512390625,69.10401150460206,66.60005067063682,64.09836479344145,61.6047903787981
54.609849890757204,56.67845207516322,58.68789492852011,60.657874219646885,62.60813997606718,64.55847179461048,66.52866583511698,68.5385277776993,70.60786891103588,72.73668339442182,74.84568497454177,76.8357675730719,78.60782594857037,80.10453816652479,81.43571319884272,82.75294307942121,84.20782008561446,85.88580334394307,87.60781887568056,89.1542469636444,90.40781839161738,91.26912075033813,91.6078182625519,91.31618007800901,90.40781839161738,88.94186437410809,87.03818199359198,84.83181848221528,82.45782119152554,80.02969698829808,77.57479046308495,75.09890622252996,72.60785006999359,70.10742993288801,67.6034574856838,65.10175096268956,62.60813997606718
55.71286407997731,57.781625090406706,59.7911643654478,61.76120341947329,63.71150684391168,65.66186270357868,67.63207221091997,69.64194413522604,71.71129169754691,73.84011026204377,75.94911432384565,77.93919838159304,79.71125759816752,81.2079703027481,82.53914564727805,83.85637575558658,85.3112529447352,86.98923635040785,88.71125198440996,90.25768013533116,91.51125160020874,92.37255397876979,92.71125149776938,92.41961330741546,91.51125160020874,90.04529753841777,88.14161507286782,85.93525140286832,83.56125382249752,81.13312910396428,78.67822166441582,76.20233579666714,73.71127674337215,71.21085143305935,68.70686976834244,66.20514685851755,63.71150684391168
56.715964706630245,58.78485179504703,60.79446760673383,62.76455409722877,64.71488741984605,66.66526236139457,68.63548414494659,70.64536399182388,72.7147166568619,74.84353846055001,76.9525444920684,78.94262970799888,80.71468959213635,82.21140268295261,83.54257827528548,84.85980856434354,86.31468589870397,87.99266942132368,89.71468513649327,91.26111333738376,92.51468483155253,93.37598722586087,93.71468475024639,93.42304655528022,92.51468483155253,91.04873073461518,89.14504820157387,86.9386844056753,84.56468659538446,82.13656146785257,79.68165330259518,77.20576614334044,74.71470478770689,72.21427537140114,69.71028639068993,67.20855047447192,64.71488741984605
57.81913394937173,59.888121117099004,61.897797680185704,63.86792182268535,65.81827887616639,67.76866896328454,69.73890049058224,71.74878662565374,73.81814334073928,75.94696771538236,78.05597531026842,80.04606144545039,81.8181218594334,83.31483525680524,84.64601104581948,85.96324147833857,87.4181189279537,89.09610254339438,90.81811832298663,92.36454656353779,93.61811808095503,94.47942048776196,94.81811801642226,94.52647981779538,93.61811808095503,92.15216395612191,90.24848136951265,88.04211747368798,85.66811948090941,83.23999402875499,80.78508528750174,78.30919710317698,75.81813392017298,73.31770124492861,70.81370645747761,68.31196021797962,65.81827887616639
58.92235765945098,60.99142426720198,63.00114905136789,64.97130307932545,66.92167896842352,68.87208107675849,70.84232033774205,72.85221146378505,74.92157139340702,77.05039780862288,79.15940664435638,81.14949350914938,82.92155434367125,84.4182679843565,85.74944392947693,87.06667447586112,88.52155201695399,90.19953570606673,91.92155153679127,93.46797980882114,94.72155134469065,95.58285376141775,95.921551293471,95.6299130919386,94.72155134469065,93.25559719771672,91.35191456859053,89.14555059345444,86.77155245583523,84.34342674602772,81.88851754760603,79.41262854968201,76.92156391629119,74.42112865441928,71.91712925813616,69.41537482498308,66.92167896842352
60.025624604513936,62.09475426827788,64.10451732721629,66.07469507593397,68.0250859151345,69.97549756482283,71.94574296408086,73.95563805147859,76.02500053248698,78.1538285673094,80.26283838790522,82.25292583179125,84.0249870000952,85.52170083389852,86.8528769029205,88.17010753967949,89.62498515337829,91.30296890096457,93.0249847722729,94.57141306928739,95.82498461980252,96.68628704440324,97.02498457914945,96.73334637531093,95.82498461980252,94.35903045525538,92.45534779238349,90.24898375429787,87.87498550171861,85.44685958741158,82.99195002613496,80.51606038245643,78.02499459789155,75.52455728300814,73.02055422868011,70.51879329217942,68.0250859151345
61.12892586787075,63.198105582012786,65.20789902071448,67.17809559702549,69.12849830229607,71.07891752502915,73.04916779626657,75.0590660278049,77.12843053385463,79.25725985416142,81.36627045644366,83.35635835995635,85.1284197931834,86.62513378026466,87.95630994762739,89.27354065611694,90.7284183274431,92.40640212143988,94.12841802495954,95.67484634180437,96.92841790394374,97.78972033479376,98.12841787167739,97.83677966600847,96.92841790394374,95.46246372544873,93.55878103579286,91.35241694774416,88.97841860392103,86.55029252730262,84.09538267802776,81.61949252181327,79.12842582356018,76.62798687919796,74.12398092146995,71.62221482323415,69.12849830229607
62.33225437135415,64.40147381226372,66.41129136406491,68.38150288410719,70.33191500758832,72.28234024109356,74.252594379241,76.26249510629253,78.33186121962152,80.46069156021903,82.56970278292663,84.55979105124543,86.33185269474211,87.82856680348019,89.15974304889602,90.47697381431816,91.93185153138319,93.60983536221602,95.33185129130186,96.87827962388602,98.13185119525153,98.9931536310616,99.33185116964168,99.04021296252003,98.13185119525153,96.6658970056861,94.76221429477177,92.55585016706735,90.18185175082387,87.75372554537884,85.29881546751959,82.82292490450489,80.3318574810565,77.83141724337453,75.32740898121149,72.82563878608825,70.33191500758832
64.0497927655971,66.14381285846203,68.19144785159152,70.21191294709858,72.22371421374996,74.24377765088535,76.28667646400716,78.36423049465574,80.48584242282118,82.6444698758367,84.7730383713725,86.79160154958811,88.62306856512379,90.23098442046074,91.71885573383346,93.21586823700389,94.83588238431523,96.62567306834008,98.41990506624595,100.04199111210508,101.45750164822158,102.61879759678138,103.16826706305068,102.73079063299308,101.45750164822158,99.61275999546447,97.38691714594474,94.93493921422174,92.39330980582041,89.86531154866007,87.35464825231475,84.84904000846558,82.341711220746,79.82819106281744,77.3050496130289,74.77009250892957,72.22371421374996
62.355656976945795,64.42485471440202,66.4346590928237,68.40486244887855,70.35526942705471,72.3056913767906,74.27594340239183,76.28584276611056,78.35520800136123,80.48403778456026,82.59304866832119,84.58313673734155,86.35519826596513,87.85191230824046,89.18308851101486,90.50031924533397,91.95519693741124,93.63318074812005,95.35519666323876,96.9016249872243,98.15519655354944,99.0164989866498,99.35519652430304,99.06355831797507,98.15519655354944,96.68924237003193,94.78555967073137,92.57919556469142,90.20519718801212,87.77707105294681,85.32216109996625,82.84627075919191,80.3552037319274,77.85476420080337,75.35075719758436,72.8489892406468,70.35526942705471
60.949060840764616,63.018156055705944,65.02789820444389,66.99806299412327,68.94844566585539,70.8988521029639,72.86909414879625,74.8789870720513,76.9483481592026,79.07717530921215,81.18618459176449,83.17627171928424,84.94833270523858,86.44504643353895,87.77622243487185,89.09345302225789,90.54833059629111,92.22631431193251,93.9483301610694,95.49475844443444,96.7483299869485,97.60963240724774,97.94832994052274,97.65669173794407,96.7483299869485,95.28237583200182,93.37869318756566,91.17232918387019,88.79833099409515,86.37020519150892,83.91529582846476,81.43940653757056,78.94834138190748,76.44790518861197,73.94390413272379,71.44214674909261,68.94844566585539
59.958140810351125,62.03688241951585,64.061196831189,66.05075186031563,68.02495953949975,70.00261630188047,72.00155568180907,74.03842956482436,76.12879824806964,78.2696748194603,80.38661921644275,82.38829473822322,84.18467406164461,85.72743726619552,87.12467709514456,88.51940817311802,90.04708522624401,91.77523861334376,93.53003791335692,95.1111314929591,96.44000205389737,97.44477238468214,97.88736415886704,97.52356651383838,96.44000205389737,94.80026618160237,92.75521183064761,90.44500338770857,88.00207049110188,85.5336167327228,83.05643368053578,80.56874056206493,78.07123426769772,75.56562379402338,73.05406853364111,70.53925534002161,68.02495953949975
59.13643840432486,61.20511264290893,63.2145992403362,65.18460564463935,67.13488849035582,69.08523121596295,71.05543227353634,73.06529874468167,75.13464279475798,77.26345912968779,79.37246183571311,81.36254509627048,83.13460385335387,84.63131629208404,85.9624914660484,87.27972144994499,88.73459853914267,90.41258186431929,92.13459744245287,93.68102555897963,94.93459700369573,95.79589937141779,96.13459688671017,95.84295869953093,94.93459700369573,93.46864296609641,91.56496054700159,89.35859696365983,86.98459954154569,84.55647510453088,82.101568164496,79.62568318570513,77.13462571713396,74.63420323301571,72.13022660395706,69.62851264650271,67.13488849035582
43.45191191736467,45.51144860563265,47.5153784796653,49.48193720609429,51.4300456021285,53.37899994314293,55.34830754970409,57.3575973228169,59.42656989517235,61.555150400009154,63.66400969388846,65.65400862656506,67.42601877728667,68.92270309330641,70.25386022406846,71.57107704705436,73.02594356291846,74.70391837278754,76.42592804083492,77.97235251891959,79.2259218308374,80.08722305194424,80.42592017506814,80.13428232372209,79.2259218308374,77.75997035237422,75.85629284756622,73.64993843136236,71.275957750462,68.8478630937781,66.39300899411529,63.91721805091596,61.42632821224748,58.926204662886704,56.422760618471386,53.921993324837786,51.4300456021285
44.449994805709295,46.51155276952376,48.516713440988,50.48403643411084,52.4326270958592,54.38188946149717,56.35139532809019,58.360813089450005,60.429868111923184,62.5585009625014,64.66739208976566,66.65740974119605,68.42943068148506,69.92612124018484,71.25728237619398,72.57450212065947,74.0293709836137,75.70734768373137,77.42935866371566,78.97578394947224,80.22935373483503,81.09065521047103,81.42935242064972,81.13771449475436,80.22935373483503,78.76340168828713,76.85972309259174,74.65336664144301,72.27938224429357,69.8512809769381,67.39641514779649,64.9206033308992,62.42967628319218,59.92948638164793,57.425924132436876,54.92494675881275,52.4326270958592
45.449176787940885,47.512341918531874,49.518480570379204,51.48641059257557,53.43538420171956,55.384891117138764,57.35455437172712,59.36407372923941,61.43319419718041,63.56186859647036,65.6707849906065,67.66081749937666,69.4328470034458,70.92954251700148,72.26070683199467,73.5779288952493,75.03279962109565,76.71077782150766,78.43278984277843,79.97921576958521,81.2327859307218,82.09408760837783,82.43278488765199,82.1411469025868,81.2327859307218,79.76683343328446,77.86315397175025,75.65679590546199,73.28280855871523,70.85470204443996,68.39982690552296,65.9239985209033,63.43304193954994,60.932799371666846,58.429143295082255,55.927999155041974,53.43538420171956
46.44923285378634,48.51367541182758,50.52059097860382,52.489003071366085,54.43828073501221,56.38798179413581,58.357769985871656,60.36736998774687,62.436542402792824,64.56524978049472,66.6741862293998,68.66423053060902,70.4362668318147,71.93296627806569,73.26413311623106,74.58135701991574,76.03622922434397,77.71420861554232,79.4362214632836,80.98264789889268,82.23621835828126,83.0975201962808,83.43621753039608,83.1445794983677,82.23621835828126,80.77026550297253,78.86658535422103,76.66022600599396,74.28623631814489,71.85812563937006,69.40324311122785,66.92740157663614,64.43642155390003,61.93613718309325,59.4324066305287,56.93113011162893,54.43828073501221
47.4499837744274,49.515441375034186,51.52297401567644,53.491768899122604,55.44128795965676,57.39114313872875,59.36103050461993,61.370694518657956,63.439908166040155,65.56864171946685,67.6775940861294,69.66764774710495,71.4396894432391,72.93639201088726,74.2675608517026,75.58478621614125,77.03965959412287,78.71763993045016,80.43965343416212,81.98608027360808,83.23965096971958,84.10095293498384,84.43965031262653,84.14801224332349,83.23965096971958,81.77369783036796,79.87001713617138,77.66365677046772,75.28966522448115,72.86155124033041,70.40666284732373,67.9308108754902,65.43981224699365,62.93949469616196,60.435705028731974,57.934323430412306,55.44128795965676
48.45128689244625,50.517550857019984,52.52557354449344,54.49467235691013,56.44438305755743,58.39436057934934,60.36432666705012,62.37404149052995,64.44328786523093,66.57204219481157,68.68100719558097,70.6710682854717,72.44311426358715,73.93981930869926,75.27098973902326,76.58821626286542,78.04309057229833,79.72107165877576,81.44308568313232,82.98951284310398,84.24308372710259,85.10438579337699,85.44308320556746,85.15144510667946,84.24308372710259,82.77713036230597,80.87344923518913,78.66708806191309,76.29309504111967,73.86497843348374,71.4100853855106,68.93422512956839,66.44321173346674,63.94286784698777,61.43903125801614,58.93756625164798,56.44438305755743
49.4530287257065,51.519933158534386,53.528344969795256,55.49768507874069,57.44754791151732,59.397622547902415,61.36765112170032,63.377406274522215,65.44667862566413,67.5754494455835,69.68442447416004,71.67449146042486,73.44654083716603,74.94324784864847,76.27441954056904,77.59164698463184,79.046522033359,80.72450371523146,82.44651815282415,83.99294556719732,85.24651660032208,86.10781874676832,86.44651618637937,86.15487806400976,85.24651660032208,83.7805630565896,81.87688158586354,79.67051977161645,77.29652558026675,74.86840689036512,72.41351014772974,69.93764331664559,67.44661819935997,64.94625340985812,62.44237957794786,59.94084836649924,57.44754791151732
50.555119042450244,52.622532103285025,54.63125287157733,56.60078454052376,58.55076813783518,60.500919861125226,62.47099803304128,64.48078519645587,66.55007816558563,68.67886207408102,70.78784506180256,72.7779167280479,74.54996880228948,76.04667737448482,77.37785006773697,78.69507824218032,80.14995387768623,81.82793603212434,83.54995079770292,85.09637841399476,86.3499495654811,87.21125177555973,87.54994923693448,87.25831109592754,86.3499495654811,84.88399587972702,82.98031413627808,80.77395181329166,78.39995669286995,75.97183635027034,73.51693667517146,71.0410646253682,68.55003020489204,66.0496488243943,63.54574543193368,61.04416167091466,58.55076813783518
51.55748612412134,53.62530306485331,55.634269121377486,57.603952858580186,59.55403231759351,61.50424522921165,63.4743627689883,65.48417533996593,67.55348467390147,69.68227897092339,71.79126827586612,73.78134365663038,75.55339787188541,77.0501076828217,78.38128117083235,79.6985099249797,81.15338602621256,82.83136855572647,84.55338358162771,86.09981135818254,87.35338260361249,88.2146848641962,88.55338234284487,88.26174418704542,87.35338260361249,85.88742880513585,83.98374684522656,81.77738411845327,79.40338826062612,76.97526660627759,74.52036460367577,72.0444884117563,69.5534466072821,67.05305205834118,64.54912520314564,62.04749973189013,59.55403231759351
52.56007298359094,54.628210598469195,56.637371383796335,58.60717583465619,60.55733138597452,62.507592865579895,64.47774165278739,66.48757439022656,68.55689671310478,70.68569925557927,72.79469357453122,74.78477190352118,76.55682781810341,78.05353861223057,79.3847127310421,80.7019419453012,82.156818416182,83.83480124339388,85.55681647591342,87.10324437966909,88.35681569966215,89.2181180003318,89.55681549269076,89.26517732515052,88.35681569966215,86.89086181171754,84.9871796800035,82.78081663274428,80.4068201896377,77.97869749415233,75.52379364420699,73.04791416467756,70.55686649948824,68.05646149864558,65.55251602074337,63.05085744303388,60.55733138597452
53.56283434973503,55.6312265559922,57.64054192502408,59.61044219708987,61.56065814720867,63.510958177001925,65.4811317660293,67.49098050989284,69.56031314221995,71.68912222916086,73.7981205277519,75.78820119675643,77.56025846009797,79.0569700345851,80.38814465406409,81.70537423351433,83.16025099778503,84.83823406128005,86.56024945779265,88.10667746250772,89.3602488416816,90.22155117416743,90.56024867740828,90.26861050054936,89.3602488416816,87.89429488272616,85.99061261465059,83.78424931302143,81.41025240537806,78.98212888354118,76.52722356735629,74.05134147844274,71.56028916158056,69.05987586499408,66.55591560603719,64.05423075107683,61.56065814720867
54.56573426535874,56.63432858639054,58.64376666582467,60.61374299798169,62.56400688936799,64.51433751756865,66.48453079226564,68.49439224062132,70.56373305563795,72.69254733695453,74.80154879419808,76.79163132047742,78.56368965433137,80.06040184819125,81.39157686505052,82.70880673435332,84.16368373148782,85.84166698252093,87.56368250919495,89.11011059404157,90.36368202018724,91.22498437792564,91.5636818898034,91.27204370554824,90.36368202018724,88.8977280048705,86.9940456285647,84.78768212504195,82.41368484869534,79.98556067098242,77.53065419104115,75.054770031054,72.56371402214396,70.06329414118099,67.55932215036555,65.05761643873362,62.56400688936799
55.6687441751546,57.7374989434383,59.74703442904237,61.71707113438633,63.66737307848781,65.61772799335546,67.5879368928636,69.59780842489772,71.66715573456625,73.79597413867995,75.90497810295452,77.89506210335634,79.66712128687749,81.16383397233423,82.4950093045946,83.81223940395361,85.26711658591228,86.94509998579451,88.66711561577773,90.21354376422478,91.46711522765204,92.3284176054334,92.66711512416634,92.37547693404079,91.46711522765204,90.00116116760128,88.0974787053931,85.89111504162729,83.5171174726406,81.08899277435827,78.63408537074214,76.15819956694028,73.66714062764187,71.16671552063046,68.66273421815234,66.16101195231484,63.66737307848781
56.67184140463523,58.74072353803926,60.75033634181355,62.720420968066946,64.67075311570322,66.62112730734897,68.5913486084574,70.6012281439857,72.6705806084924,74.79940228488391,76.90840823899467,78.89849340940991,80.67055326731295,82.16726634295058,83.49844192554508,84.81567220749989,86.27054953615368,87.94853305417749,89.67054876615731,91.21697696508404,92.47054845810172,93.33185085179119,93.67054837596505,93.37891018118015,92.47054845810172,91.00459436254556,89.10091183215657,86.89454804120571,84.52055023995045,82.09242512849175,79.63751699175387,77.16162988325382,74.67056861809958,72.1701393631548,69.66615066995443,67.16441526487505,64.67075311570322
57.77500795066682,59.843991185208225,61.853665360765504,63.82378802355785,65.77414414443267,67.72453363634314,69.69476478072121,71.70465066867325,73.77400722459642,75.90283149820382,78.01183903165136,80.0019251307078,81.77398552386848,83.27069890919304,84.60187469047794,85.91910511735918,87.37398256244492,89.05196617423786,90.77398195129838,92.32041019029091,93.57398170679451,94.43528411311024,94.7739816416026,94.48234344311957,93.57398170679451,92.10802758305769,90.20434499855358,87.99798110665589,85.62398312104887,83.19585768165176,80.74094896303447,78.26506081899375,75.77399770780333,73.27356516063159,70.76957060137917,68.26782476757563,65.77414414443267
58.878229520131356,60.94729300586516,62.95701589495471,64.92716874843137,66.87754389730478,68.82794553321716,70.79818449027476,72.80807542017797,74.87743522347219,77.00626155849588,79.11527034546552,81.10535718158565,82.87741799958081,84.37413163070414,85.70530756968978,87.0225381115992,88.4774156490971,90.1553993353146,91.87741516402974,93.4238434348225,94.67741496996688,95.53871738630411,95.87741491822402,95.5857767168058,94.67741496996688,93.21146082386305,91.30777819640772,89.10141422438848,86.72741609246137,84.29929039277928,81.84438121232378,79.36849224637328,76.87742766998097,74.37699250976064,71.87299329459952,69.37123918344854,66.87754389730478
59.98149476603945,62.050621951702055,64.06038350645873,66.03056032296737,67.98095057464198,69.93136184936449,71.90160700739483,73.91150193911562,75.98086431985742,78.10969229103114,80.21870207292304,82.20878949405136,83.98085064923806,85.47756447545206,86.80874053960486,88.12597117281223,89.5808487836577,91.25883252894603,92.98084839865948,94.52727669469209,95.78084824463168,96.64215066892295,96.98084820356334,96.68920999981545,95.78084824463168,94.31489408077513,92.4112114192294,90.20484738361762,87.83084913555615,85.40272322928575,82.94781368226887,80.47192406396776,77.9808583246427,75.4804210904403,72.97641817986934,70.47465749894329,67.98095057464198
61.084794680683004,63.153972427857255,65.16376467265218,67.13396050905394,69.08436274799908,71.03478167311926,73.00503175289313,75.01492986087023,77.08429428733814,79.21312355712686,81.32213412868975,83.31222201413962,85.0842834369555,86.58099741801311,87.91217358151118,89.22940428718181,90.68428195624328,92.36226574841618,94.08428165066996,95.63070996673548,96.88428152841803,97.74558395902245,98.0842814958221,97.79264329022513,96.88428152841803,95.41832735047116,93.51464466186786,91.30828057578267,88.9342822355453,86.50615616530557,84.05124632734868,81.57535619127626,79.08428952893007,76.58385064860451,74.07984480497683,71.5780789095916,69.08436274799908
62.28812211363332,64.35733999329811,66.36715659747162,68.33736753023842,70.28777928359315,72.23820428088139,74.20845826706352,76.21835889604415,78.28772494620891,80.41655524671017,82.52556644503578,84.51565469901811,86.28771633425146,87.78443043820856,89.11560668055701,90.43283744374176,91.88771515900932,93.56569898839452,95.28771491647562,96.83414324844125,98.08771481944419,98.94901725505937,99.28771479357277,98.9960765865082,98.08771481944419,96.62176063031382,94.71807792023492,92.51171379408893,90.13771538069147,87.70958918030921,85.25467911143302,82.7787885644051,80.28772116945605,77.78728098260005,75.28327281099871,72.78150277687858,70.28777928359315
64.00666791925397,66.10076422324734,68.14851502429511,70.16913265647295,72.18111797765988,74.20138712121255,76.24449705302659,78.32224454967348,80.44400383267713,82.60271453225795,84.73133735656448,86.74997920455128,88.58160869390574,90.1898227635767,91.67810150866879,93.1755636738211,94.79597472971639,96.58602568233133,98.38042225292851,100.00267779792267,101.41854133801749,102.58045737850293,103.13033754360222,102.69257907612999,101.41854133801749,99.57295284111731,97.34632913674234,94.89371562690121,92.35163127668432,89.82335348302142,87.31253131139525,84.80683754733037,82.29946171997261,79.78590360501582,77.26270642982327,74.72765208441446,72.18111797765988
62.28021686857301,64.34941154725009,66.35921406907123,68.3294162745249,70.27982252754018,72.23024401447287,74.20049574233884,76.21039491391389,78.27976002541104,80.40858973005209,82.51760056604296,84.50768860697482,86.27975011940856,87.77646415231683,89.10764034908148,90.42487107901704,91.87974876757264,93.5577325754452,95.27974848859542,96.8261768113691,98.07974837698387,98.94105080970232,99.27974834722497,98.98811014100883,98.07974837698387,96.61379419431874,94.710111496655,92.50374739366835,90.12974902256511,87.7016228974189,85.24671296203833,82.77082265258585,80.27975568115824,77.77931624961423,75.2753094238267,72.7735417823317,70.27982252754018
60.87362547209888,62.94271583202547,64.95245503378116,66.9226179970684,68.87299951770882,70.82340522017498,72.79364679338698,74.80353941163497,76.87290030234058,79.00172732764744,81.11073653436966,83.10082361730176,84.87288457755633,86.36959829098744,87.70077428278046,89.01800486320802,90.4728824316509,92.1508661427901,93.8728819888022,95.41931027024353,96.67288181162994,97.53418423132295,97.87288176439061,97.58124356198951,96.67288181162994,95.20692765803634,93.30324501619843,91.09688101734982,88.72288283642621,86.29475704958554,83.83984771447967,81.36395847330576,78.8728934062781,76.37245737105556,73.86845659682096,71.36669971391919,68.87299951770882
59.883912140785625,61.96275024920274,63.98721260615001,65.97696494856041,67.95141449318693,69.92934659523999,71.92857423020911,73.96571745962687,76.05629471506867,78.1972904526055,80.31431314763921,82.31610279346708,84.11272064777712,85.65593187758047,87.05380614336167,88.44926917829977,89.97762188436238,91.70623428817782,93.46133065556046,95.04273590404867,96.37227487958651,97.3782868401349,97.82175228067273,97.45735007240155,96.37227487958651,94.73097854548288,92.68460744546189,90.3734038477823,87.92979695122023,85.46094385967601,82.98353865055951,80.49572735383163,77.99815647002515,75.4924940902864,72.98086296668953,70.46591835396056,67.95141449318693
59.0610224965434,61.129684506372826,63.13916367980889,65.10916548265136,67.05944542810302,69.00978630265155,70.97998616934716,72.98985187194359,75.05919542701618,77.18801144771815,79.29701396266478,81.28709711086871,83.05915580319291,84.55586820445498,85.88704335438037,87.20427332074271,88.65915039585362,90.3371337096854,92.05914927994506,93.60557739162434,94.85914883349895,95.72045119969339,96.05914871446332,95.76751052773147,94.85914883349895,93.39319479930919,91.48951238676159,89.28314881563308,86.9091514158231,84.48102701848458,82.02612014884961,79.55023529534559,77.05917805012024,74.55875596431642,72.05478004496595,69.55306734922527,67.05944542810302
43.68097694725901,45.741019506076384,47.74525750186033,49.71200759019547,51.66023675194609,53.609268231662924,55.57862549071493,57.58794731826714,59.65694054048976,61.78553415561929,63.89440142241129,65.88440504336222,67.6564178964315,69.1531037759909,70.48426190990676,71.80147946460662,73.25634656832328,74.93432185162453,76.65633184826007,78.20275652863455,79.45632595913156,80.31762724398787,80.65632438891555,80.36468651889788,79.45632595913156,77.99037433838566,76.0866965603536,73.88034163447685,71.5063600228041,69.0782637104117,66.6234066729889,64.1476105017872,61.656711343832484,59.156571176212026,56.6530975272441,54.15227762028036,51.66023675194609
44.67933488715339,46.741295143246475,48.74670066904331,50.7141756632024,52.66286222377458,54.61218583361121,56.58173111727487,58.59117432347378,60.66024573705394,62.78888899378691,64.89778644934594,66.8878078219315,68.65983090710105,70.15652270679331,71.4876846390109,72.80490496424062,74.25977429377524,75.93775136965706,77.65976261044236,79.20618805675662,80.45975793623586,81.32105946246989,81.65975668995428,81.36811874923922,80.45975793623586,78.99380577675801,77.0901269642043,74.88377010852719,72.5097849726209,70.0816823911216,67.62681423025603,65.15099826382051,62.66006381916995,60.159860727003505,57.656274978422275,55.155255838547305,52.66286222377458
45.67873564869562,47.742220573177356,49.74855375403861,51.71660449331459,53.66565424704052,55.61520978409396,57.584904328986426,59.59444388410576,61.66357736249387,63.792260021474675,65.90118143850124,67.89121690079796,69.66324810727616,71.15994460581462,72.4911095527618,73.80833207697093,75.26320317314331,76.94118167180007,78.66319390006895,80.2096199543106,81.46319019014749,82.32449190796322,82.66318920097291,82.3715512041453,81.46319019014749,79.99723760307751,78.09355796942258,75.88719958205948,73.51321164895955,71.08510409164313,68.63022710202156,66.15439542386713,63.66343297141648,61.1631799336881,58.65950520424161,56.158327909880825,53.66565424704052
46.678965657214455,48.743662347883756,50.75073243103097,52.719240383518425,54.66857850183814,56.618318159591865,58.58813118958031,60.597747223582616,62.6669299655419,64.79564389916662,66.90458433481777,68.89463098027011,70.66666863268901,72.16336886072537,73.49453620047484,74.81176047002035,76.26663296837714,77.94461259629281,79.66662560832879,81.21305214508303,82.46662266376134,83.32792453363564,83.66662187865282,83.37498383728862,82.46662266376134,81.0006697373111,79.09698945194718,76.89062984888254,74.51663969564376,72.08852818900377,69.63364419194752,67.15780004324776,64.66681536053088,62.16652267952425,59.66277732129171,57.161474485002074,54.66857850183814
47.679854824043346,49.74551432676036,51.75316968191328,53.722040678596215,55.671607733808514,57.62149355343101,59.5914006354233,61.60107737497276,63.67029921915574,65.79903797614898,67.90799350714144,69.8980490287613,71.67009179736056,73.16679498551473,74.49796422443882,75.81518987926202,77.27006349053525,78.94804401474545,80.67005764885826,82.21648456858321,83.47005531175299,84.33135730231632,84.67005468861188,84.37841661189896,83.47005531175299,82.00410211593635,80.10042131331036,77.89406074534182,75.52006882997459,73.09195418874506,70.63706462985496,68.161210583185,65.67020825600395,63.16988410918705,60.66608268993514,58.16468020173254,55.671607733808514
48.68126778665618,50.747692125252264,52.7558122584488,54.72497150046328,56.67472030193019,58.62472214616602,60.59470388378588,62.60442880801722,64.67368168872754,66.80244014846178,68.91140766079138,70.90147022748744,72.67351705682304,74.17022259443272,75.50139334073654,76.8186200950575,78.27349458965432,79.95147582525462,81.67348995311048,83.21991717679967,84.4734880981485,85.33479018450276,85.673487603561,85.3818494987918,84.4734880981485,83.00753468853551,81.10385347535814,78.89749214154422,76.52349882757284,74.095381698412,71.64048772507307,69.16462582232106,66.67360949053676,64.17326036871046,61.66941445196164,59.16793286417561,56.67472030193019
49.68309687840164,51.750128678506755,53.75861786221249,55.728005945809116,57.67789902390081,59.62799296692705,61.598033962854714,63.60779713296742,65.67707464806107,67.805848746136,69.914825768158,71.90489392657085,73.67694397892848,75.1736513813075,76.50482332402191,77.82205095101611,79.27692614670809,80.95490794693956,82.67692246667974,84.22334993162553,85.47692099439521,86.33822315677881,86.67692060184082,86.3852824748033,85.47692099439521,84.01096741509193,82.10728587605956,79.9009239343934,77.52692951034795,75.098810406511,72.64391292941012,70.16804479124522,67.67701734388481,65.17664839901548,62.67276716342309,60.17122279059706,57.67789902390081
50.78525649940979,52.852770701106735,54.86155289868354,56.83112265247584,58.78113025845509,60.73129730663638,62.70138533849527,64.71117886543877,66.78047593328078,68.90926244368175,71.01824701361389,73.00831961019807,74.7803722206784,76.2770811031292,77.60825399543684,78.92548231507308,80.38035806722516,82.05834031560492,83.78035514638404,85.32678280281542,86.58035397783088,87.44165620055907,87.78035366626025,87.48871552154837,86.58035397783088,85.11440026384429,83.2107184661806,81.00435604206152,78.63036073694894,76.20224006580821,73.74733980776227,71.27146672052393,68.78043045065237,66.28004577199349,63.77613650308754,61.27454229543707,58.78113025845509
51.78767861764749,53.855575865067834,55.864590689854225,57.83430465964423,59.78440317620564,61.734628251954035,63.7047536178824,65.71457123972289,67.78388382685958,69.91268018903534,72.0216707497869,74.01174686896434,75.78380150983337,77.28051156701997,78.61168521302126,79.92891408240837,81.38379027622344,83.06177288029889,84.78378795794984,86.3302157663635,87.58378703046856,88.44508930109217,88.78378678317475,88.49214862443472,87.58378703046856,86.1178332095837,84.21415120664409,82.00778839960176,79.63379239518528,77.2056704800732,74.75076801478514,72.27489099945015,69.78384772710112,67.28345056038036,64.7795190409596,62.27788527793044,59.78440317620564
52.79030917841487,54.8585105523768,56.86771005253959,58.83753850193416,60.787709180407646,62.73798031516591,64.70813531418935,66.71797206058082,68.78729696555867,70.91610114715948,73.02509646285228,75.01517537792287,76.7872316303158,78.2839426198922,79.61511686410114,80.93234616982613,82.3872227141895,84.06520560058097,85.7872208741743,87.33364880321629,88.58722013803181,89.44852244667015,89.78721994175459,89.4955817718804,88.58722013803181,87.12126623230179,85.21758406643458,83.01122095546575,80.63722439601108,78.20910149355737,75.75419727637716,73.27831714330067,70.78726831305283,68.28686123445955,65.78291205450421,63.28124689543523,60.787709180407646
53.79310524211802,55.861548066360285,57.8708941680659,59.84081348961749,61.79104144690393,63.74134914029719,65.71152765976916,67.72137958559048,69.79071426735169,71.91952465527599,74.02852374498372,76.01860487916184,77.7906624106243,79.28737414023979,80.6185488592468,81.93577851129363,83.39065533388751,85.06863844435341,86.79065387346628,88.33708189825116,89.5906532891896,90.4519556280002,90.79065313340425,90.49901495469287,89.5906532891896,88.12469931611788,86.22101702093491,84.01465366873941,81.64065666875044,79.21253298264259,76.75762737498283,74.28174476734753,71.79069152577435,69.29027658006517,66.78631338275201,64.28462330405335,61.79104144690393
54.79603270465964,56.864667209006086,58.8741296839336,60.844121136834374,62.79439455878004,64.74473126977311,66.71492845784407,68.72479243175295,70.79413487341927,72.92295018733205,75.03195227248722,77.02203516797576,78.79409371463768,80.29080603162312,81.62198112747788,82.93921105440066,84.39408809782631,86.07207138614022,87.79408693868913,89.34051503946512,90.59408647494837,91.45538883770672,91.79408635130147,91.502448165576,90.59408647494837,89.12813244842752,87.22445005060656,85.01808650694927,82.64408915730789,80.21596484921292,77.76105813792768,75.28517356623016,72.79411682337428,70.29369563349488,67.78972131048266,65.28801145269769,62.79439455878004
55.89906448315182,57.96785114986422,59.97740600004549,61.947454707460594,63.897764216264434,65.84812395916668,67.81833596477061,69.82820950135759,71.89755810210687,74.02637732579586,76.13538178844539,78.12546608188921,79.89752543431632,81.3942382174979,82.72541361245712,84.04264375754913,85.49752097624915,87.17550440572114,88.89752005624129,90.44394821733148,91.69751968816999,92.5588220699357,92.89751959003138,92.60588139873883,91.69751968816999,90.23156561922653,88.32788313994173,86.12151944432111,83.74752181716035,81.31939701539366,78.86448942815957,76.3886032975825,73.89754377574957,71.39711762984611,68.89313447628838,66.39140891960345,63.897764216264434
56.9021790727855,58.9710865270834,60.980714701705466,62.95080885446822,64.90114700639695,66.85152503013136,68.82174879658035,70.83162992313589,72.90098341237919,75.02980573927002,77.13881208894196,79.12889749194503,80.90095748390891,82.39767063711088,83.72884626946944,85.04607658772261,86.50095394553799,88.17893748704728,89.9009532153272,91.44738142428886,92.70095292318884,93.56225532004069,93.90095284529616,93.609314649585,92.70095292318884,91.23499882057453,89.33131627663184,87.1249524603978,84.75095461296972,82.32282941937541,79.86792113689975,77.3920337690378,74.90097204152471,72.40054196200805,69.89655179959615,67.39481378254196,64.90114700639695
58.00535939944312,60.07436273314089,62.08404910928695,64.05417933356406,66.004540220165,67.95493275365352,69.9251658547931,71.93505300555219,74.00441037481247,76.1332351647228,78.24224301212793,80.23232929578965,82.00438979535456,83.50110324224201,84.83227906302469,86.14950951871593,87.60438698694728,89.28237061738062,91.00438640737858,92.5508146543358,93.80438617550817,94.6656885843339,95.00438611368473,94.71274791446655,93.80438617550817,92.3384320461693,90.43474945090762,88.22838553894263,85.8543875166882,83.42626201210001,80.97135317781051,78.49546482791395,76.00440134974853,73.50396814811192,70.99997242274011,68.49822451579345,66.004540220165
59.10859190777188,61.177671347444985,63.187403920613704,65.15756277582707,67.10794170733291,69.05834575737715,71.02858626752959,73.03847819972842,75.10783864857078,77.23666539338512,79.34567442954338,81.3357614121849,83.10782231463321,84.60453599461903,85.9357119649541,87.25294252973003,88.7078200855986,90.38580378661102,92.10781962559463,93.65424790270896,94.90781944155897,95.76912185988834,96.10781939248965,95.81618119048795,94.90781944155897,93.44186529100878,91.53818265501515,89.33181866706849,86.95782050605432,84.52969475463001,82.07478548236539,79.59889635302687,77.107831485366,74.60739580569545,72.10339566498129,69.60163990836465,67.10794170733291
60.211865836602016,62.281005685688484,64.29077492699714,66.26095650720218,68.21134976120018,70.16176295203923,72.13200934276941,74.14190507001591,76.21126796313084,78.34009625955615,80.44910623922934,82.43919377665185,84.21125499886907,85.70796886386529,87.0391449529001,88.35637560425668,89.81125322968295,91.48923698671403,93.21125286457755,94.7576811656276,96.01125271850835,96.87255514438081,97.211252679562,96.91961447535098,96.01125271850835,94.54529855112273,92.64161588280015,90.43525183454678,88.06125356339888,85.63312761606065,83.1782179961748,80.70232824819246,78.21126227768715,75.71082463119618,73.20682098601111,70.70505899907121,68.21134976120018
61.3151726433514,63.384360441979396,65.39415878777942,67.36435840520184,69.31476302712167,71.26518347307632,73.23543453124957,75.2453332706378,77.31469810377735,79.44352763171872,81.55253836026085,83.54262633801355,85.3146878140316,86.81140182587069,88.14257800911764,89.45980872919327,90.91468640982755,92.59267021132067,94.31468612004318,95.86111444009104,97.11468600410798,97.9759884359674,98.31468597319626,98.02304776723173,97.11468600410798,95.64873182336008,93.745049129378,91.53868503325913,89.16468667469807,86.73656057186278,84.28165067606975,81.80576043706922,79.314693591235,76.81425438367535,74.3102479569827,71.80848102500929,69.31476302712167
62.518505546863366,64.58773140467942,66.59755285134027,68.56776678515074,70.518180429892,72.46860663427482,74.4388613970161,76.44876252714936,78.51812890009009,80.64695940548746,82.75597072840765,84.74605905565078,86.51812073311075,88.01483486149908,89.34601111952227,90.6632418941403,92.11811961859318,93.79610345537583,95.51811938859117,97.0645477237176,98.31811929657334,99.17942173318458,99.51811927203869,99.22648106468237,98.31811929657334,96.8521651052198,94.94848239087173,92.74211825676203,90.36811982882107,87.93999360256765,85.4850834877869,83.00919285906485,80.51812531848117,78.01768487189905,75.51367623751786,73.01190538065443,70.518180429892
64.23113043791187,66.32477878674105,68.37184881647737,70.39156963396016,72.40247263160873,74.4215318638325,76.46339975975502,78.54000881442022,80.66090082827274,82.81912150971364,84.94742451129025,86.965603211235,88.79627604796775,90.40273376383266,91.88861195819166,93.38342347614847,95.00149373644227,96.79000916819788,98.58343456752499,100.20468968088083,101.6184690774105,102.77672206825102,103.32417471126357,102.88808340669104,101.6184690774105,99.77787897443962,97.55585994039443,95.10699141923598,92.56758605698525,90.04095367260004,87.53106644293251,85.02587587514586,82.51877680582152,80.00544200062859,77.482572653299,74.94809032114368,72.40247263160873
62.69114881330198,64.7603595280149,66.77017178327539,68.74038002087764,70.69079007562216,72.64121398884613,74.61146727761778,76.62136745652433,78.69073321681101,80.81956333329956,82.92857441972944,84.91866260791784,86.69072420522839,88.1874382872443,89.51861451551562,90.83584526843241,92.29072297545082,93.96870679819251,95.69072272166268,97.23715105078968,98.49072262012865,99.35202505484925,99.69072259305669,99.39908438625415,98.49072262012865,97.02476843299486,95.12108572674998,92.91472160775601,90.54072320741982,88.11259703027184,85.65768700262157,83.18179652896137,80.6907292648036,78.19028931120201,75.6862815552131,73.1845122599805,70.69079007562216
61.2845325682206,63.3536483812704,65.36340303295177,67.33357557130756,69.2839631266684,71.23437268057137,73.20461673154188,75.2145109488188,77.28387286940955,79.41270054848195,81.52171015275073,83.5117974694378,85.28385856442581,86.78057235581036,88.11174839761712,89.42897901452513,90.88385661227588,92.56184034701833,94.28385620941235,95.83028450093892,97.08385604823711,97.94515847110837,98.28385600526306,97.99221780193109,97.08385604823711,95.61790188754998,93.71421923209039,91.50785520783175,89.1338569805037,86.7057311111154,84.25082162954058,81.77493212770335,79.28386659599624,76.78342973206117,74.2794274812309,71.77766797320645,69.2839631266684
60.28796711706575,62.36625731794197,64.38987955434564,66.37851122711189,68.3515867364687,70.32795420034122,72.3255433067296,74.3611550294083,76.45054603508225,78.5908638978955,80.7074411482332,82.70858146457934,84.50384189563178,86.04450257321525,87.43876295500684,88.83005352823325,90.35455179288716,92.08054400367536,93.83394393393728,95.41356877387952,96.73928739924662,97.7381954074584,98.17665643421233,97.81571770800912,96.73928739924662,95.10690563145573,93.06804509835817,90.76251063764856,88.32273988076253,85.85615831785591,83.38001638122735,80.8928769696058,78.39567326336098,75.8903059402902,73.37910602651962,70.86490832226207,68.3515867364687
59.47182756492768,61.54055368677581,63.55007178179518,65.52009770846512,67.47039285892167,69.42074343785643,71.39094954785556,73.4008192796475,75.47016542982573,77.59898309789706,79.7079866145921,81.69807035181933,83.4701293836497,84.96684198134187,86.29801725729378,87.61524731558096,89.07012446454306,90.74810783785128,92.47012344939077,94.01655158648327,95.27012304325467,96.13142541745776,96.47012293496685,96.17848474588934,95.27012304325467,93.80416899119027,91.90048654431817,89.69412290916048,87.32012539241873,84.89200078707343,82.4370935483606,79.96120803802845,77.47014962189144,74.96972544788578,72.46574580781984,69.96402649741378,67.47039285892167
44.07763097117587,46.138488686616384,48.14322306636818,50.110281392343936,52.05870506013902,54.007860772559525,55.9772979944309,57.986671442765186,60.05569791920867,62.18431264673295,64.29319275276644,66.28320392348735,68.05522112827677,69.55190952567594,70.8830692750152,72.20028800802609,73.65515605838722,75.33313210407647,77.0551426298514,78.60156763598168,79.85513725743178,80.71643864494658,81.05513582498577,80.76349792490035,79.85513725743178,78.38918540756205,76.48550718954579,74.27915144292109,71.90516833238539,69.47706935373208,67.02220758549717,64.54640299537863,62.05548883003988,59.55532190086903,57.05180057694909,54.55089593977496,52.05870506013902
45.076432158165275,47.1390405784895,49.14484053131703,51.11256034926829,53.061401359869336,55.010823602005516,56.98043236398692,58.989916546444874,61.05901435586105,63.18767437027506,65.29658201663122,67.2866093815772,69.058635920748,70.55532971886623,71.88649293325327,73.20371419371287,74.65858427460192,76.33656195559277,78.05857361635687,79.60499932122391,80.85856935226286,81.71987095997699,82.05856821532942,81.76693025074955,80.85856935226286,79.39261701092916,77.48893784915936,75.28258034205308,72.908594016495,70.48048931877227,68.02561740302528,65.54979475438611,63.058848398035494,60.55862406416202,58.055000472616896,55.55391407180204,53.061401359869336
46.07618543143665,48.140185545617854,50.14683206533355,52.1150772319949,54.064249617216745,56.013883456888806,57.98362839198202,59.99320047301481,62.06235490301626,64.19105086305751,66.29998036870433,68.29002058720616,70.06205453515133,71.55875261985116,72.88991858446136,74.20714185096531,75.66201354348951,77.33999252242239,79.06200508402905,80.60843134348431,81.86200169961427,82.72330348210087,83.06200079722944,82.7703627814603,81.86200169961427,80.39604896820515,78.492369057377,76.28601015297352,73.91202127564418,71.48391203867334,69.02903206877937,66.5531950868903,64.06222317990822,61.56195328196408,59.05824851443958,56.55701782840218,54.064249617216745
47.07669567483535,49.141801739821176,51.1491206979949,53.117783037336366,55.06721851633989,57.01702033433577,58.98687336373244,60.996515215481594,63.06571458751881,65.1944390785047,67.30338593421088,69.29343635470701,71.065476183045,72.56217767002455,73.89334581749648,75.2105706762033,76.6654436478857,78.34342365699729,80.06543693360386,81.61186363323637,82.86543424739139,83.72673616859501,84.06543353116797,83.77379547476988,82.86543424739139,81.39948120637905,79.49580070102246,77.28944068758216,74.9154497849066,72.48733694511978,70.03245058260649,67.55660222428813,65.06561003737312,62.56530397398747,60.06153477319506,57.56018955572421,55.06721851633989
48.077807545889556,50.14379226448918,52.15164526400639,54.12063884157462,56.07028318965932,58.02021835309,59.99015718558192,61.99985441789542,64.06908946186596,66.19783659843293,68.30679722509751,70.29685574299762,72.06890023863468,73.56560442601655,74.89677430603211,76.21400042847392,77.6688744154265,79.34685524219242,81.0688690862952,82.6152961352968,83.8688669542465,84.73016898554991,85.06886638577953,84.7772282971342,83.8688669542465,82.40291366750182,80.49923269026743,78.29287179658323,75.91887928638678,73.49076358703522,71.0358721506723,68.56001476279957,66.06900647944965,63.568671710768854,61.06485136683203,58.5634152380304,56.07028318965932
49.079397446697854,51.146080095552676,53.15435716987423,55.12361373210729,57.073423892087746,59.0234649050612,60.99347184492687,63.003213035034804,65.07247639272961,67.20124150345598,69.31021306026807,71.30027800512971,73.0723262052222,74.5690325359218,75.90020379106143,77.2174309165321,78.67230570930616,80.35028718504532,82.07230147957041,83.61872880586657,84.87229978736195,85.73360190605169,86.07229933616937,85.78066122192939,84.87229978736195,83.40634630557932,81.50266495381513,79.29630336148034,76.92230957539215,74.49419160639762,72.03929614290226,69.56343158821934,67.07241052896848,64.57205297639774,62.068192038592,59.56668374858583,57.073423892087746
50.08136708650025,52.148604025034516,54.15721781755258,56.126683161718034,58.076624947101124,60.0267499812299,61.99681098136364,64.00658706218934,66.07587289306394,68.20465227011044,70.31363250226855,72.30370254824301,74.07575368857493,75.57246172043136,76.90363406700969,78.220861988586,79.67573742094163,81.35371941177154,83.07573406379726,84.62216161018227,85.87573272069034,86.73703490873862,87.07573236257852,86.78409422802405,85.87573272069034,84.40977908410595,82.50609743507712,80.29973528822268,77.92574048945754,75.4976207190431,73.04272205920094,70.56685181618668,68.07582061660065,65.57544498014082,63.07155182199722,60.56998625455981,58.076624947101124
51.18363833128136,53.25131542549869,55.26019655323945,57.22982763978848,59.17987390918549,61.1300656361899,63.10016954613495,65.10997332061939,67.17927698882266,69.30806768919379,71.41705480703041,73.40712890177971,75.17918237578826,76.67589175785656,78.00706497071164,79.3242935241581,80.77916946415039,82.45715186380829,84.17916679958253,85.72559452065228,86.97916573355776,87.84046797665599,88.17916544932422,87.88752729864612,86.97916573355776,85.51321197410712,83.60953008913913,81.40316750216195,79.02917189963395,76.6010506994296,74.14614950263923,71.6702747447743,69.17923549673857,66.6788455068951,64.17492677484583,61.67331574436267,59.17987390918549
52.18614908994671,54.25417567191832,56.2632690353266,58.23303169189079,60.183160898408886,62.133405562885386,64.1035435317236,66.1133692872325,68.18268711315594,70.31148680094324,72.42047938397914,74.41055669225514,76.18261201850845,77.67932247224236,79.01049637266257,80.32772542762513,81.78260177052914,83.46058449467424,85.18259965565989,86.72902751537703,87.9825988095554,88.84390109634678,89.18259858395906,88.89096042048365,87.9825988095554,86.51664495258572,84.61296288035265,82.4065999440497,80.03260370357431,77.60448136854376,75.14957815817242,72.67369981685607,70.18265418072355,67.68225279847142,65.17831376801766,62.676666652282506,60.183160898408886
53.1888500327711,55.25715408905057,57.26641593651182,59.23628303299296,61.186478071853784,63.13676475490979,65.10692975716205,67.11677295936995,69.18610202242382,71.31490884358317,73.42390576437117,75.41398562323249,77.18604241961626,78.68275372393285,80.01392817007437,81.3311576230908,82.78603428578622,84.46401726747703,86.18603260721315,87.7324605769748,88.98603193565953,89.8473342571302,90.1860317566036,89.8943935829709,88.98603193565953,87.52007800128894,85.61639578042346,83.41003256686037,81.03603582004553,78.60791258430204,76.15300777574801,73.67712659023684,71.18607588384455,68.68566545935576,66.18171031780695,63.68003456042689,61.186478071853784
54.191701976463236,56.260226318253245,58.26962191207008,60.2395719105869,62.18981920382973,64.14013923836487,66.11032569758916,68.12018274747072,70.18952072952943,72.31833321248462,74.42733357616171,76.41741545942867,78.18947342265753,79.68618540208271,81.01736028136385,82.33459005031602,83.78946696683015,85.46745015293519,87.18946563454568,88.73589369164972,89.98946510153318,90.85076745052885,91.18946495941641,90.8978267777219,89.98946510153318,88.52351110572943,86.6198287668943,84.41346533326967,82.0394681845728,79.61134423393247,77.1564381568985,74.6805547139436,72.1894999832684,69.68908238190377,67.1851144528187,64.68341596207031,62.18981920382973
55.19467380214499,57.26337301869398,59.272874779964184,61.24289058292247,63.193179352522534,65.14352585896975,67.11372934894243,69.12359738986808,71.19294245100141,73.32175942774882,75.43076252405692,77.42084601409869,79.1929049034542,80.68961741871388,82.02079264177837,83.338022661489,84.79289977945925,86.47088312780798,88.1928987220243,89.73932684845204,90.99289829897195,91.85420066981419,92.19289818617378,91.90125999808063,90.99289829897195,89.52694425440869,87.62326182194099,85.41689821365333,83.04290074598237,80.61477622792776,78.1598691440996,75.68398390940743,73.19292598464725,70.69250268696237,68.18852460830752,65.68680807377052,63.193179352522534
56.29774079871977,58.36657883490241,60.37616486946443,62.34623290462547,64.29655459530893,66.24692211304681,68.21713912054662,70.22701588515685,72.29636656499052,74.42518710847693,76.53419237368087,78.52427713902253,80.29633676344596,81.79304970399801,83.12422519992366,84.4414554186615,85.8963326965276,87.5743161736493,89.29633185724084,90.8427600386909,92.09633152146398,92.95763390964588,93.29633143193603,93.00469323876425,92.09633152146398,90.63037743820026,88.72669493141632,86.5203311844985,84.1463334636576,81.71820849524578,79.26330061232395,76.78741395552707,74.29635349561397,71.79592567673772,69.2919395423038,66.79020868621193,64.29655459530893
57.300883345397054,59.36983157630861,61.379484503747804,63.34959399764095,65.29994181861002,67.25032601334802,69.2205537498505,71.2304374385086,73.29979257792986,75.42861595234757,77.53762293900851,79.52770871655756,81.29976892440523,82.79648220251225,84.12765791500802,85.44488829171388,86.89976569648942,88.57774927581829,90.29976503034705,91.84619325546831,93.09976476384078,93.96106716578514,94.29976469278238,94.00812649557969,93.09976476384078,91.63381064986046,89.73012808409167,87.52376422714305,85.14976630536096,82.72164097950026,80.266732462337,77.79084467681366,75.29978220474459,72.79935079738439,70.29535826903648,67.79361604579906,65.29994181861002
58.404085864368085,60.473121565407794,62.48282758898526,64.45296998995924,66.40333855105652,68.35373598254466,70.32397223474683,72.33386141905996,74.40322009807215,76.53204571940702,78.6410540723913,80.63114065333062,82.4032013242427,83.89991487026737,85.231090754655,86.54832125674021,88.00319876224387,89.68118242269466,91.4031982335263,92.94962649330942,94.20319802200012,95.0645004348678,95.40319796560101,95.11155976519902,94.20319802200012,92.73724388364005,90.83356127105496,88.62719732677479,86.25319924550556,83.82507363593744,81.37016461537615,78.89427593398128,76.4032118648606,73.90277760931129,71.3987800060866,68.8970287606642,66.40333855105652
59.50733598850755,61.57644111999812,63.586189288041155,65.55635780817842,67.50674283104561,69.45715076867938,71.42739377985015,73.43728732608932,75.50664881448547,77.63547621920308,79.74448565664022,81.7345728752313,83.506633913678,85.00334767234916,86.33452369316745,87.65175429476635,89.10663188021798,90.78461560505525,92.50663146057455,94.05305974786882,95.3066312926861,96.16793371422361,96.50663124792214,96.21499304498079,95.3066312926861,93.84067713497579,91.93699448523259,89.73063047163733,87.35663226378307,84.92850642903613,82.47359700892746,79.99770761647841,77.50664227977546,75.00620576361223,72.50220413244011,70.00044572605717,67.50674283104561
60.61062390012469,62.67978414198018,64.68956576138832,66.65975501282063,68.61015310160437,70.56056937805336,72.53081775385462,74.54071476217052,76.61007848038176,78.73890730057337,80.8479175987421,82.83800532343801,84.61006665359727,86.10678058104605,87.43795671014952,88.75518739073244,90.21006503963882,91.8880488155797,93.61006470656761,95.15649301569749,96.41006457331446,97.2713670017332,97.61006453778526,97.31842633282847,96.41006457331446,94.94411040024585,93.04042772101022,90.83406365239954,88.46006534407465,86.03193933060314,83.5770295933734,81.10113963655996,78.61007329377543,76.10963498335875,73.60563015519315,71.10386606512205,68.61015310160437
61.71394180571809,63.78314579082834,65.79295396140934,67.7631596675973,69.7135681269326,71.66399102195521,73.6342436556877,75.64414341186435,77.71350889988443,79.84233884353989,81.9513498248723,83.94143795126405,85.71349951295574,87.21021357436348,88.54138978941292,89.85862053268555,91.31349823195599,92.99148204845784,94.71349796759722,96.259926294058,97.5134978618341,98.3748002957145,98.71349783363456,98.42185962707809,97.5134978618341,96.04754367657561,94.14386097393184,91.93749686165538,89.56349847358688,87.1353723182616,84.68046232933261,82.20457192458268,79.71350478327004,77.21306504875156,74.7090576831246,72.20728908188833,69.7135681269326
62.9172835188285,64.98652222432445,66.99635146909358,68.96657023562874,70.91698692615607,72.86741507437657,74.83767108764461,76.84757302480523,78.91693991752577,81.04577075287591,83.15478227643597,85.14487072165406,86.91693246711324,88.41364663484428,89.7448229181091,91.06205371113856,92.51693145038301,94.1949152990781,95.9169312405613,97.46335958077768,98.71693115661706,99.57823359483237,99.91693113423509,99.62529292640896,98.71693115661706,97.25097696168345,95.34729424046061,93.1409300935266,90.76693164216557,88.33880537425085,85.883895185548,83.40800442527053,80.91693665016534,78.41649578533531,75.91248640572017,73.41071422395787,70.91698692615607
64.61990896977989,66.71279942358748,68.75871725379584,70.77691947762187,72.78598863060066,74.802996380098,76.8427567205384,78.9174325749869,81.03685095203467,83.19423865857704,85.32199786114221,87.33938887233671,89.16843398481095,90.7719007782105,92.2536857431652,93.74397046764264,95.35803687280557,97.14392266588078,98.93568359422719,100.55522303106736,101.96542480513801,103.11737851662019,103.66064862170771,103.22743046665866,101.96542480513801,100.13340709111193,97.91926155086304,95.47677991282187,92.94193429712672,90.418098702653,87.90979936989947,85.40546304439073,82.89883369466567,80.38587783668932,77.86356470418042,75.33005261715172,72.78598863060066
63.41055578437607,65.47979116613834,67.48961839351679,69.45983590981498,71.41025181239102,73.36067945773681,75.33093514749115,77.34083687587227,79.41020363412478,81.53903438411552,83.64804585576968,85.63813427046745,87.4101959983351,88.90691015588811,90.23808643262286,91.55531722088926,93.01019495630712,94.68817880192043,96.41019474126472,97.95662308016432,99.21019465523185,100.07149709303218,100.41019463229293,100.11855642458838,99.21019465523185,97.7442404612244,95.84055774178006,93.63419359816373,91.26019515286151,88.83206889572466,86.37715872614558,83.90126799990173,81.4102002854677,78.90975952883917,76.40575034201746,73.90397850300903,71.41025181239102
62.00390131606102,64.07305628223085,66.08283469938732,68.05302196625337,70.00341880426694,71.9538342824621,73.92408214472148,75.93397882162225,78.00334232637948,80.13217101107176,82.24118122684516,84.23126890309308,86.00333020532753,87.50004411661973,88.83122023535736,90.14845090837939,91.60332855121142,93.28131232226029,95.0033282098529,96.5497565168925,97.80332807328422,98.66463050104423,99.00332803687098,98.71168983210714,97.80332807328422,96.3373739016858,94.4336912252734,92.2273271619292,89.85332886322206,87.42520286685937,84.97029315998668,82.49440325719823,80.00333701072302,77.50289887206515,74.99889434993887,72.49713080395199,70.00341880426694
60.996212453219584,63.07361165234575,65.09586711958114,67.08267452381247,69.05351163724029,71.02732793133478,73.02224279460131,75.05535254155501,77.14280400926401,79.28201290866527,81.39786118904199,83.39793852488718,85.19097544063843,86.72745324437432,88.11577577918993,89.50019445050646,91.01832902291099,92.73998672716594,94.49057658697018,96.06724912292556,97.38662190269804,98.3736901808642,98.80377955877617,98.44863747557471,97.38662190269804,95.76902474212301,93.74255794265653,91.44634103509927,89.01285699494079,86.5499911454223,84.07591342554483,81.58987124587456,79.09326697557103,76.58838125076767,74.07788501269715,71.56490572636304,69.05351163724029
60.191039363342114,62.25986410990035,64.26944207691201,66.23950511191312,68.18982365110739,70.14018915747512,72.11040487097291,74.12028080048664,76.18963094245701,78.31845114450927,80.42745620209087,82.41754084535171,84.18960039940916,85.6863132992492,87.01748876905462,88.33471896874015,89.78959623129988,91.46757969609453,93.18959537113044,94.73602354731335,95.98959502699896,96.85089741352095,97.18959493524339,96.89795674255777,95.98959502699896,94.5236409474399,92.61995844777003,90.4135947141229,88.03959701751721,85.6114720922168,83.15656428578993,80.68067776512709,78.1896175478971,75.68919016182218,73.185204798547,70.68347531342357,68.18982365110739
38.240870268435884,40.277504758328874,42.267424353762586,44.22525855639262,46.1678517997517,48.113279605726845,50.08031571008422,52.08813841154408,54.156165609885846,56.28414580170586,58.39263997887747,60.38242419905018,62.15431058334973,63.65092328824353,64.98203447327813,66.29921778251705,67.75405737353758,69.43201049912818,71.15400511701914,72.70042032969994,73.95398421036887,74.81528251157425,75.15397863602479,74.86234163989204,73.95398421036887,72.48803924883822,70.58437425840091,68.37804318643921,66.00410513681811,63.57608631391207,61.12136676446207,58.64581525466696,56.15535218963002,53.655989561648056,51.1539007210889,48.65554083530641,46.1678517997517
39.22651610540814,41.26981774273774,43.263828221489135,45.2242146348635,47.16842311394856,49.11488450493633,51.082586673468995,53.0908396897908,55.1591442354173,57.287300565061884,59.3959018795297,61.385749106411424,63.15767181057828,64.65430553044436,65.98543019882263,67.30262334314989,68.75747083568969,70.43543032489838,72.15742935952537,73.70384729130905,74.95741276587961,75.81871192398529,76.1574083415155,75.86577109440415,74.95741276587961,73.49146589183334,71.58779722882576,69.38145930609056,67.0075087456469,64.5794676683349,62.124708634055025,59.64908686276101,57.15849856820495,54.65891268225859,52.1564262868653,49.65736039387734,47.16842311394856
40.21577944800694,42.26440453263341,44.261674150898585,46.22409107716351,48.16958351488489,50.1168660580091,52.0850972086827,54.093691899788325,56.162216630057614,58.290512781557354,60.39919913885575,62.38909637708552,64.16104790942472,65.65769830930961,66.9888336796208,68.30603463016821,69.76088839420967,71.43885293426018,73.1608554744692,74.70727556441318,75.96084230406717,76.82214214229631,77.16083879244438,76.86920134613086,75.96084230406717,74.49489391205265,72.59122233411391,70.38487897388521,68.01091848349895,65.58285974255529,63.12806936821703,60.65239182741881,58.16170412891802,55.661941013834564,53.159138986544804,50.659512443369195,48.16958351488489
41.207933046168236,43.26080350684309,45.260667633194046,47.224699226141865,49.17121197045611,51.11914676405448,53.087797974085774,55.096663936887566,57.165363461825876,59.29377060334539,61.40252446416187,63.3924613982456,65.16443581219735,66.6610994512892,67.99224331585363,69.30945046226844,70.76430920404292,72.44227775297114,74.16428307557275,75.71070487845402,76.96427262220725,77.82557300025147,78.16426983502868,77.87263223060816,76.96427262220725,75.49832302537826,73.59464913385065,71.38830145786105,69.0143330860135,66.58626032524842,64.13144507570462,61.655723268784755,59.164956667518354,56.66505286719331,54.16200026445958,51.661928548918496,49.17121197045611
42.202392743973064,44.25864554096178,46.26057381766971,48.225888897228515,50.1732122342613,52.121665035720994,54.09064977691591,56.0997311012965,58.16856938228136,60.29706462504285,62.40587206657386,64.39584050842483,66.16783308395094,67.66450723117671,68.99565783771216,70.31286990183202,71.76773259446026,73.44570432525063,75.16771185624522,76.71413501868844,77.96770355939691,78.82900436589313,79.16770134721077,78.87606361730043,77.96770355939691,76.50175300630464,74.59807727847624,72.39172617705266,70.01775154964696,67.58966766122404,65.13483266784813,62.65907572572705,60.16824649563844,57.66823102178097,55.164979500483696,52.664554335412305,50.1732122342613
43.19869047292346,45.257635924413876,47.26120560759878,49.22754060621635,51.17550779987576,53.12437194388184,55.093621490768584,57.10287378120398,59.171822206436275,61.30038738049534,63.40923735104383,65.39923080134882,67.17123779199476,68.667920279638,69.9990762373284,71.31629220465967,72.77115803309806,74.44913228934283,76.17114157314413,77.71756581467409,78.97113498792709,79.83243613448622,80.1711332321131,79.8794954026014,78.97113498792709,77.50518367584723,75.60150649054339,73.39515267034332,71.02117307787378,68.59308035734848,66.13822969305059,63.66244486337281,61.17156592245196,58.6714618059557,56.16805237976328,53.66734660851159,51.17550779987576
44.19645191298482,46.25753964481828,48.262414064341485,50.22955933994717,52.17803787117032,54.12722862369131,56.09668839856761,58.10607640593261,60.17511226121806,62.30373294312109,64.41261667021811,66.40262997020146,68.17464840230485,69.67133750980867,71.00249771474441,72.31971678007324,73.7745850974155,75.45256135812018,77.17457203312767,78.72099713113047,79.97456680643484,80.83586822290226,81.17456541284395,80.88292750427854,79.97456680643484,78.50861489194557,76.60493654984111,74.39858057174183,72.02459703848336,69.59649730786683,67.1416342054037,64.66582724089825,62.174908843012744,59.67473436620989,57.171199596247334,54.6702710616546,52.17803787117032
45.29537817985742,47.35816947615966,49.36408069728239,51.33186957377569,53.280754148219685,55.23020420933095,57.1998308747729,59.209326614019915,61.27843186794378,63.40709660855363,65.51600712902533,67.50603618399563,69.27806369729643,70.77475805902915,72.10592163502523,73.42314315924676,74.87801345203947,76.5559913036885,78.27800308289873,79.82442886068512,81.07799893446821,81.93930056516209,82.27799782837411,81.98635985706372,81.07799893446821,79.61204654184596,77.70836728158716,75.50200959075909,73.12802292968485,70.69991763512564,68.24504466039215,65.76922012717299,63.27827041135981,60.77804008664802,58.27440582208801,55.77330045108491,53.280754148219685
46.295230916717706,48.35937637656943,50.366111284846724,52.33441129267675,54.28361826633795,56.23327419075285,58.20303333780355,60.212614592271564,62.281774931307666,64.41047464266053,66.5194064295419,68.5094479894343,70.28148271055343,71.77818124259696,73.10934749421762,74.4265709700702,75.88144283078279,77.55942194516737,79.2814346007849,80.8278609181163,82.08143130817237,82.942733108898,83.28143043026475,82.98979240915357,82.08143130817237,80.61547853605546,78.7117985470565,76.50543949683274,74.13145035320343,71.7033406425214,69.24845983210372,66.77262135440495,64.28164678096023,61.781372127908924,59.27765888865008,56.776413144203474,54.28361826633795
47.29582022291438,49.36104177311185,51.3684309325452,53.33713681786503,55.28659975716445,57.236419106861916,59.206283417538856,61.21593255075595,63.28513661300187,65.41386408148605,67.52281274783925,69.51286423300874,71.2849046750194,72.78160651705747,74.11277489233052,75.42999991719782,76.88487302237169,78.56285313899151,80.2848664902146,81.83129323578348,83.08486387686565,83.9461658125456,84.2848631800698,83.99322511943171,83.08486387686565,81.61891080354349,79.71523023614265,77.50887010696461,75.13487899292626,72.70676577715349,70.25187874751256,67.77602920195821,65.28503489863547,62.7847250610081,60.28094913584491,57.779591965397316,55.28659975716445
48.29699492095167,50.36307137862938,52.37098012669223,54.340008278396255,56.289674426416724,58.23962350667712,60.20957129390975,62.21927430584799,64.28851307256863,66.41726257242814,68.52622463622312,70.51628399916194,72.28832898187386,73.78503345106688,75.11620351188878,76.4334297662125,77.88830385911749,79.56628477121279,81.28829867453882,82.83472576000014,84.08829660032197,84.94959864311525,85.28829604727466,84.99665795526406,84.08829660032197,82.62234328793295,80.718662261454,78.51230127590858,76.13830859795317,73.71019260018065,71.25530063431594,68.77944230412643,66.28843234096061,63.78809457659244,61.28426889529797,58.78282327871344,56.289674426416724
49.29863473476564,51.365390246424866,53.3737115871634,55.34299559826117,57.29282306381401,59.242875123785325,61.212889171526484,63.2226349491271,65.29190126165189,67.42066824815666,69.52964094563177,71.51970656120542,73.29175514789112,74.78846170226504,76.11963310091102,77.4368603310566,78.89173520792522,80.56971675139042,82.29173109292105,83.8381584481553,85.09172944661378,85.95303157442302,86.2917290076598,86.0000908907488,85.09172944661378,83.62577594447723,81.72209455362756,79.51573288838244,77.14173896914374,74.71362076329189,72.25872487952928,69.78285957692466,67.29183718438914,64.79147725409587,62.287612079887325,59.7860962589825,57.29282306381401
50.400644020316676,52.467938821277585,54.476587759903424,56.44607489488223,58.396030417567246,60.34616422046186,62.31623086243074,64.32601058447874,66.39529876065465,68.52407962652754,70.63306076403798,72.62313134235966,74.39518278953184,75.89189099891908,77.22306345939867,78.5402914640556,79.9951669631572,81.67314900774133,83.39516369707536,84.94159126642859,86.19516239040027,87.05646458568671,87.39516204200223,87.10352390532776,86.19516239040027,84.72920873766097,82.82552705760995,80.61916485288651,78.24516994843964,75.81704999003114,73.36215099662176,70.88628015997891,68.39524790215542,65.89487037846827,63.390973857801825,60.88940231280877,58.396030417567246
51.402946750722165,53.47066979003493,55.47957882071536,57.44922720556514,59.399284379437844,61.349483066693764,63.319591454762076,65.32939811936652,67.39870364906893,69.52749553113499,71.63648336755494,73.62655788483028,75.3986116023787,76.89532112535355,78.22649442861223,79.5437230479999,80.99859904096853,82.67658148329122,84.39859644867713,85.94502418797676,87.1985954115683,88.05989766041145,88.39859513504459,88.10695698268387,87.1985954115683,85.73264163929548,83.82895972970518,81.62259709679734,79.24860141038964,76.82048006097412,74.36557859943072,71.8897033704007,69.39866328243585,66.89827179468163,64.39435039374094,61.892734618693936,59.399284379437844
52.505482511379824,54.5735455723882,56.58266108707274,58.552437475147684,60.5025753372923,62.45282552642489,64.4229670496752,66.43279509912423,68.50211440254083,70.63091502824801,72.73990818162684,74.72998582526301,76.50204134481449,77.99875191038616,79.32992588255983,80.64715498986001,82.10203137481142,83.78001413281956,85.502029317308,87.04845719149421,88.30202849415411,89.16333078550525,89.50202827467709,89.21039010986615,88.30202849415411,86.83607462700749,84.93239253523168,82.72602956247351,80.3520332554227,77.92391080196307,75.46900738145675,72.99312866617534,70.50208236338716,68.00167979223151,65.49773864344242,62.99608776183432,60.5025753372923
53.608203305759446,55.67653632327867,57.68581575518016,59.65569375152819,61.60589566082953,63.5561867289975,65.52635455246616,67.5361995754073,69.60552981116108,71.73433737675293,73.8433347502243,75.83341487526187,77.60547182506673,79.1021832181491,80.43335772124146,81.75058721579829,83.20546391186676,84.8834469204347,86.605462278825,88.15189026007076,89.40546162548729,90.26676395057704,90.60546145128825,90.31382327659558,89.40546162548729,87.93950768303922,86.03582544666266,83.82946220416505,81.45546540450925,79.02734207476847,76.57243709942998,74.09655561710184,71.60550438158245,69.10509301345337,66.60113619055876,64.099457444134,61.60589566082953
54.71107101034377,56.779618343606245,58.78902789606806,60.75898654654556,62.70923929315376,64.65956280827393,66.62975150674812,68.63961000176658,70.7089489146059,72.83776198842074,74.946762711394,76.93684480592565,78.70890289092506,80.20561494080376,81.53678986528682,82.85401966720966,84.30889661021199,85.98687981764942,87.70889531406578,89.25532338028476,90.50889479551125,91.37019714737937,91.70889465724937,91.41725647471358,90.50889479551125,89.04294079329642,87.13925844215012,84.93289498556013,82.55889779492335,80.13077376967728,77.67586756026625,75.19998388172712,72.7089287310821,70.20851038074531,67.70454111716137,65.20284025396293,62.70923929315376
55.81405534841747,57.88277281641135,59.892285657840844,61.862308328325156,63.81260142644881,65.76295069551345,67.73315596281077,69.74302515075493,71.81237095065438,73.94118839636938,76.05019177785182,78.04027543557474,79.81233442157972,81.30904699275843,82.6402222516997,83.95745229757918,85.41232943657315,87.09031280185344,88.81232840782111,90.35875654148343,91.61232799624412,92.47363036936622,92.81232788650559,92.52068969774467,91.61232799624412,90.14637394659235,88.24269150435326,86.03632787783798,83.66233037687931,81.23420579961004,78.77929861071408,76.30341318903831,73.81235493094698,71.31193103879977,68.80795190094375,66.30623348336438,63.81260142644881
56.53811471986542,58.66933039929337,60.772884914060896,62.86592485203154,64.96371552271252,67.07791545833396,69.21535604415257,71.37777984377153,73.56294123513041,75.75706438837466,77.90864314701624,79.96031180694787,81.85936371396339,83.58866305622387,85.23708568899991,86.90467827124925,88.66990130645914,90.55234852390278,92.40416774911961,94.08477952436817,95.61971014849269,96.98316735153291,97.66154680254022,97.13595636684437,95.61971014849269,93.48279136575029,90.96898255267129,88.2676869498016,85.53840263053763,82.8909557487589,80.31091354048559,77.76749671878005,75.23923080174242,72.70874241437981,70.16056913781647,67.58158349937972,64.96371552271252
54.09329224492802,56.161547093807755,58.170779063504696,60.14062763983209,62.09081100494326,64.04109023711196,66.01125044573226,68.02109055426132,70.09041762473319,72.21922318099632,74.32821933261087,76.3182987392008,78.09035527490022,79.58706642839101,80.91824077776496,82.23547016019829,83.69034676618813,85.36832970221081,87.09034501025084,88.63677296049936,89.89034430774579,90.75164662306707,91.09034412043727,90.79870594860569,89.89034430774579,88.42439038709996,86.52070819259004,84.31434502819086,81.94034837116034,79.51222529513173,77.05732076996831,74.58144008879151,72.09039028146148,69.58998146035097,67.08602917564417,64.58435849706237,62.09081100494326
52.28815675135745,54.35575578304689,56.36458950150552,58.334191196472545,60.28421893788774,62.23439883854374,64.20449513956345,66.21429400333946,68.2835945085969,70.41238320110217,72.52136909796388,74.51144247478143,76.28349553498094,77.78020467762889,79.11137773687531,80.42860617827824,81.88348202825614,83.56146435542047,85.2834792408803,86.82990693097489,88.0834781257232,88.94478035905993,89.28347782838952,88.99183968057046,88.0834781257232,86.61752438805925,84.7138425449281,82.5074800359937,80.13348457598934,77.70536362931608,75.25046288237888,72.77458892509048,70.2835511042133,67.78316365953052,65.2792494622966,62.777646493464616,60.28421893788774
51.232735056081694,53.32987492604592,55.38224644819253,57.408942593656846,59.428250808293924,61.456689347242005,63.5081672670686,65.5935685741728,67.72114817540138,69.88314347053523,72.01390853048672,74.035650484001,75.87367533515237,77.49360276995705,78.99783256914796,80.5128296433625,82.1486583410059,83.94878885489689,85.74954655772049,87.37834367729171,88.80779853322369,89.99348412145578,90.55903414612186,90.11052102831728,88.80779853322369,86.92953142422724,84.67255037718056,82.19506577220318,79.63508876533788,77.09577931776309,74.5786744486376,72.06959493934747,69.56035565850894,67.04529329562584,64.5198867384522,61.98097424048974,59.428250808293924
49.82826136861354,51.90236667910366,53.91956324694111,55.89960670234204,57.862126069840954,59.826437657961264,61.81136089241966,63.835096193172234,65.91526289025401,68.05029963770045,70.16340261491331,72.15947282301494,73.94411257733024,75.46473780696958,76.83043037292992,78.18847221612646,79.68199938121268,81.38679524365,83.12640941400716,84.69151307815221,85.98588745481459,86.92582776350869,87.32220382025085,86.99044004747137,85.98588745481459,84.42625449824897,82.44764006983382,80.18696572938873,77.77725695194403,75.32836624760499,72.86202770557739,70.38009217551725,67.88572935882175,65.38264339892949,62.874775145144596,60.36634146379632,57.862126069840954
49.08156622818095,51.14386399176101,53.149474912622935,55.11707740152367,57.065844395456324,59.015219371020365,60.98479771321699,62.99426225934529,65.06334741960178,67.19199940358118,69.30090216642168,71.29092665978098,73.06295154376787,74.55964438422538,75.89080698418726,77.20802779647785,78.66289751731237,80.34087490833058,82.06288636783779,83.60931194880449,84.86288190721493,85.7241834758832,86.06288071788103,85.77124276473738,84.86288190721493,83.39692965302785,81.49325065860492,79.28689346366822,76.91290770819998,74.48480402458716,72.02993390820778,69.55411446173316,67.06317381356934,64.56295965892059,62.05935420214206,59.55830003371618,57.065844395456324
38.22743211582549,40.26396476535622,42.253821794116604,44.211616932475046,46.1541854409051,48.09959741416403,50.066623313554885,52.07443942118829,54.142462369313975,56.27043986176196,58.37893239696375,60.36871565148604,62.14060147913531,63.63721386194456,64.96832484032677,66.28550799882784,67.7403474687452,69.41830049680321,71.14029504700056,72.68671021800668,73.94027407424647,74.80157236231847,75.14026848227707,74.84863148999096,73.94027407424647,72.47432914202827,70.57066420787905,68.36433324091644,65.99039538304334,63.56237690121961,61.107657956929756,58.632107523976416,56.141646378188284,53.64228717168493,51.14020442330109,48.64185535505747,46.1541854409051
39.2130227152679,41.25624298117924,43.25020359243564,45.21055891808969,47.1547477317914,49.101196542743324,51.068890606000124,53.07713838651142,55.14543955781579,57.27359374460505,59.38219375570529,61.37204021610032,63.143962478435185,64.6405959426553,65.9717204470101,67.28891347169485,68.74376086811395,70.42172027991037,72.14371926080861,73.69013715951499,74.94370261469606,75.80500176237774,76.14369817634271,75.85206093228447,74.94370261469606,73.47775576391513,71.57408714558366,69.36774930618681,66.99379889793528,64.56575809134559,62.11099953739753,59.63537862084331,57.14479184975363,54.645208679935934,52.142727121486885,49.6436698193795,47.1547477317914
40.202241891504116,42.25080204786547,44.24803195430279,46.210424154138174,48.15590096243518,50.103173512197785,52.071398226185735,54.07998876018425,56.14851081167039,58.276805262156415,60.38549058488607,62.37538721472379,64.14733839636912,65.6439885933431,66.97512383346665,68.2923246890526,69.74717837680234,71.42514285541033,73.14714535297466,74.69356541666505,75.9471321409296,76.80843197088518,77.14712861820348,76.85549117431324,75.9471321409296,74.48118376738083,72.5775122249016,70.37116893081898,67.9972085612287,65.56915003516069,63.114360042072065,60.6386831797127,58.147996690487304,55.64823573151119,53.14543754430335,50.645817822862895,48.15590096243518
41.194360228452865,43.24717893741341,45.247011460949544,47.211023395608024,49.15752372158689,51.10545057803715,53.07409667704607,55.0829593394412,57.15165673786123,59.28006252914139,61.38881556876645,63.37875201994946,65.15072615554797,66.64738963358644,67.97853339481955,69.2957404658627,70.75059914708399,72.42856764724502,74.1505729359994,75.69699471804313,76.9505624495817,77.81186282105921,78.15055965359048,77.85892205109323,76.9505624495817,75.48461286740904,73.58093900402577,71.3745913805365,69.00062310456545,66.57255051434933,64.11773556740985,61.64201429898708,59.15124865758577,56.65134656876249,54.14829701453189,51.64823071539044,49.15752372158689
42.18879180838799,44.245003391811586,46.24690653254595,48.212205988531124,50.15951946076349,52.10796595909218,54.0769466422656,56.0860253465391,58.154861939474216,60.28335611045942,62.39216290017653,64.38213095873654,66.15412331332897,67.65079733272478,68.98194785724527,70.29915986154214,71.75402250610902,73.43199419819271,75.15400170232263,76.70042484822707,77.95399337924079,78.81529418052497,79.15399116005997,78.86235343167618,77.95399337924079,76.48804283778122,74.58436713229105,72.37801607253715,70.00404152122908,67.57595776817223,65.12112301497751,62.64536650027435,60.15453803207055,57.65452391675785,55.15127481545491,52.650853950633774,50.15951946076349
43.18506713710575,45.24397978990421,47.24752948929407,49.213852074359195,51.16181143304806,53.11067057210448,55.07991689725485,57.08916710774909,59.15811419302982,61.28667851636237,63.39552796954452,65.3855211156235,67.15752793091134,68.65421031709474,69.98536620968932,71.30258212953876,72.75744791983064,74.43542214535375,76.15743140783255,77.70385563623566,78.9574248017939,79.81872594421623,80.15742304042826,79.86578521212819,78.9574248017939,77.49147349894697,75.587796331373,73.38144254424626,71.00746301217572,68.57937039909133,66.12451992542788,63.64873543499979,61.15785709881217,58.65775406067229,56.15434655548006,53.65364419812764,51.16181143304806
44.18281074549968,46.24387238969345,48.24873092700469,50.21586634169414,52.16433865097201,54.11352542970582,56.082982646932095,58.092369003219346,60.161403794892834,62.29002380153777,64.39890711798745,66.38892017650156,68.1609384694213,69.65762749639566,70.98878764966446,72.30600667730675,73.76087496437202,75.43885120069288,77.16086185877666,78.70728694636064,79.96085661555767,80.82215802874171,81.1608552175604,80.86921730995667,79.96085661555767,78.49490470839658,76.59122638036435,74.38487042851546,72.01088694319586,69.58278729785575,67.12792434670087,64.65211765146299,62.16119973357023,59.66102611270895,57.157492867602386,54.656567043120134,52.16433865097201
45.28172282610568,47.344493381695905,49.35039198380545,51.3181730284666,53.26705266245321,55.21649956871289,57.18612420379614,59.19561863243864,61.26472304211532,63.39338724674984,65.50229744128205,67.49232630459498,69.2643537074245,70.76104800524051,72.0922115402283,73.40943303453793,74.86430330329968,76.54228113559523,78.26429290137305,79.81071867089003,81.06428873982573,81.92559036791359,82.26428763023429,81.97264965968716,81.06428873982573,79.59833635301983,77.69465710393021,75.4882994339371,73.11431281091205,70.68620758403713,68.23133472939804,65.75551040989984,63.26456107506698,60.76433142974773,58.26069837556574,55.75959515589179,53.26705266245321
46.28156428229783,48.34569325817468,50.352418142348284,52.320711930759046,54.26991498185535,56.2195684017243,58.18932593705739,60.19890615120765,62.26806582012793,64.3967651060626,66.50569663424031,68.49573804201222,70.26777267544952,71.76447115676199,73.09563737583424,74.41286082794564,75.86773266958483,77.5457117686085,79.26772441356471,80.81415072433268,82.06772111054136,82.92902290919858,83.26772022985787,82.97608220935254,82.06772111054136,80.6017683430409,78.6980883629069,76.49172932921988,74.11774021579035,71.68963055882955,69.23474984373149,66.75891153566512,64.26793726461091,61.76766315081346,59.263950872294686,56.762706835556415,54.26991498185535
47.282144621746546,49.347353074681465,51.3547342726894,53.32343521957881,55.27289504470369,57.222712406202334,59.192575437519025,61.20222374497851,63.27142727533018,65.40015440615075,67.50910286716737,69.4991542315975,71.27119460401457,72.76789640578721,74.09906475522646,75.41628976125034,76.87116285128562,78.54914295571348,80.27115629847466,81.81758303883413,83.07115367686264,83.9324556109009,84.27115297786361,83.97951491770635,83.07115367686264,81.60520060720458,79.70152004683987,77.49515993078705,75.12116884071831,72.69305566758425,70.23816871359895,67.76231930268315,65.27132523937183,62.771015829762945,60.26724066717891,57.76588485226462,55.27289504470369
48.283312194491316,50.34937824808112,52.35728067382148,54.32630490458337,56.2759685803571,58.225916082369196,60.19586285408525,62.2055652105834,64.27480355512486,66.4035527869749,68.51251468779199,70.50257395489916,72.27461888237436,73.77132331960854,75.10249335992613,76.41971959929377,77.87459368018321,79.55257458260175,81.27458847921154,82.82101556053816,84.07458639843628,84.93588843992657,85.2745858436403,84.98294775201134,84.07458639843628,82.60863308895546,80.70495206806109,78.4985910929332,76.12459843400248,73.6964824700724,71.24159056425586,68.76573234092984,66.27472256826366,63.7743851436218,61.27056006761157,58.769115526992834,56.2759685803571
49.284946347669425,51.35169359605881,53.36000991666424,55.329290814884246,57.27911631788287,59.22916712506293,61.199180366732804,63.208925624087726,65.27819160151958,67.40695837530151,69.51593094341966,71.50599648293121,73.27804502577528,74.77475155478339,76.10592293715504,77.42315015542997,78.87802502276185,80.55600655854656,82.27802089474653,83.82444824669906,85.07801924323385,85.93932137000888,86.27801880289195,85.98638068628387,85.07801924323385,83.61206574340554,81.70838435698835,79.50202270001164,77.12802879587286,74.6999106168818,72.24501478077963,69.76914956299308,67.2781273216588,64.77776766101138,62.27390296723287,59.77238800037199,57.27911631788287
50.38695113703571,52.454239375941924,54.462884328760296,56.432368992527145,58.38232295732347,60.33245576579212,62.30252176794701,64.31230107706149,66.38158898726823,68.51036968430064,70.61935071913958,72.6094212370904,74.38147264946534,75.87818083871969,77.20935328628231,78.52658128151748,79.98145677304977,81.65943881153791,83.38145349664097,84.9278810633895,86.18145218583433,87.04275438029993,87.3814518363347,87.08981369990067,86.18145218583433,84.71549853492706,82.81181685839414,80.60545466023333,78.2314597677713,75.80333983068226,73.34844087510109,70.87257010577869,68.38153796796469,65.8811606582987,63.377264518959635,60.875693651852785,58.38232295732347
51.38925029671391,53.456968125518316,55.46587399182606,57.435520414946424,59.38557635219078,61.335774250116785,63.30588213034247,65.31568846719242,67.38499378579134,69.51378553384721,71.6227732887762,73.61284775813493,75.38490144806472,76.88161095506007,78.21278424806653,79.53001285997614,80.98488884693697,82.66287128442129,84.38488624644906,85.93131398368132,87.18488520606101,88.04618745425267,88.38488492866297,88.09324677649306,87.18488520606101,85.7189314352423,83.81524952844428,81.60888690074522,79.2348912238499,76.80676989135566,74.3518684598366,71.87599328423907,69.38495329152641,66.88456197364287,64.38064087536812,61.87902563837932,59.38557635219078
52.49178322195753,54.55984214599465,56.568955148588586,58.53872997943171,60.488866859981016,62.439116422588356,64.40925754274987,66.41908533205437,68.48840446791571,70.61720498725803,72.72619807595714,74.71627568156178,76.48833117919227,77.98504173208099,79.31621569611747,80.63344479748227,82.08832117766528,83.76630393183319,85.48831911365632,87.03474698620164,88.28831828789971,89.14962057873375,89.48831806772873,89.19667990306922,88.28831828789971,86.8223644219072,84.91868233234761,82.71231936372367,80.33832306422285,77.91020062419365,75.45529722751769,72.97941855464583,70.48837232745974,67.98796989113175,65.48402898257267,62.982378528034005,60.488866859981016
53.59450176503174,55.662831498159875,57.67210893588208,59.64198569612449,61.59218682628102,63.54247739715433,65.51264490068252,67.52248971714323,69.5918198199069,71.72062730107635,73.82962462321115,75.81970471806298,77.59176165046915,79.08847303348503,80.41964753011885,81.7368770199648,83.19175371224858,84.86973671776855,86.59175207404338,88.13818005398676,89.39175141863987,90.25305374331923,90.59175124389006,90.30011306931758,89.39175141863987,87.92579747710786,86.02211524249032,83.81575200327403,81.44175520961068,79.01363189052964,76.55872693410535,74.08284548543774,71.59179430992401,69.09138304880852,66.58742641658705,64.08574800913527,61.59218682628102
54.697367682227,56.76591240811523,58.77532037758692,60.74527804688489,62.695530175052596,64.64585329545638,66.61604173998815,68.62590007112075,70.69523887840487,72.82405188521324,74.93305256744051,76.92313463801366,78.6951927092037,80.19190475109261,81.52307967044955,82.84030946863334,84.29518640863178,85.97316961365003,87.69518510838729,89.24161317357262,90.49518458819318,91.35648693973553,91.69518444949415,91.40354626705374,90.49518458819318,89.0292305867054,87.12554823695525,84.91918478296965,82.54518759708904,80.11706358030365,77.66215738590483,75.18627373408216,72.6952186310638,70.19480036566424,67.69083125341923,65.18913065926873,62.695530175052596
55.800350601317064,57.86906599948924,59.87857758436695,61.84859947603698,63.798892083283434,65.74924103905302,67.71944610479267,69.72931516265913,71.79866087877878,73.92747827131049,76.03648162045272,78.02656525915975,79.79862423420423,81.29533679904141,82.6265120539141,83.9437420968259,85.39861923343565,87.07660259679584,88.79861820143084,90.34504633427272,91.59861778855247,92.45992016141605,92.79861767846698,92.50697948978178,91.59861778855247,90.13266373947778,88.22898129834682,86.02261767389865,83.64862017671496,81.22049560616092,78.76558842918018,76.28970302870928,73.7986448084194,71.29822098368717,68.79424196594994,66.29252376191712,63.798892083283434
56.51417716643756,58.64561082863075,60.74948954339152,62.842944030535264,64.94121694193642,67.0559339151606,69.19388254662779,71.35675304221817,73.5422432156512,75.73654791693018,77.88824357071503,79.940079322529,81.83946839933779,83.56936022133242,85.21854138639823,86.88690960546009,88.65276922443002,90.53561160967658,92.38767220451157,94.06852601218738,95.60394045308513,96.96818685101968,97.64705062201881,97.12113070200489,95.60394045308513,93.46581387870243,90.95073210254321,88.24826377987893,85.51805107380149,82.8699918947879,80.28958619881008,77.74596882052575,75.21759108447391,72.6870116763807,70.13870346999167,67.55947859770569,64.94121694193642
54.0660781742332,56.134325997985044,58.14355370211827,60.113399634358984,62.06358133282477,64.01385950123772,65.9840190254749,67.99385869232135,70.06318547831333,72.19199085398782,74.30098689578782,76.29106623780712,78.06312273628873,79.55983386824619,80.89100820380467,82.20823757616085,83.66311417405487,85.34109710355753,87.06311240707231,88.60954035453494,89.86311170014832,90.72441401459172,91.06311151166162,90.77147334008717,89.86311170014832,88.39715778146198,86.49347559071484,84.28711243333478,81.91311578912276,79.48499273589658,77.03008825119271,74.55420764201953,72.06315796304823,69.56274937085128,67.05879749401423,64.55712754052887,62.06358133282477
52.26095356035849,54.32854144757923,56.337368397617766,58.306965896432146,60.25699099264335,62.20716920486781,64.17726441956891,66.18706258224688,68.2563626359325,70.38515104177579,72.49413676431948,74.48421003863821,76.25626303975838,77.75297214822439,79.08414518554017,80.40137361094666,81.85624944807327,83.53423176488772,85.25624664316416,86.80267432883642,88.05624552099246,88.91754775293555,89.25624522178848,88.96460707437761,88.05624552099246,86.59029178643898,84.68660994928086,82.4802474514886,80.10625201183228,77.67813110135558,75.22323041864371,72.7473565756533,70.2563189585309,67.75593187721931,65.25201832741797,62.75041650954063,60.25699099264335
51.206976425775004,53.30422620472274,55.35676443746134,57.38367960938089,59.403251267671976,61.43198316094865,63.48376097431165,65.56943605653383,67.69722351501875,69.85933598350118,71.99017741527567,74.01202982011746,75.8502822690035,77.47062565940911,78.975420034776,80.49103527239836,82.1274053623151,83.92788874725551,85.72886870837137,87.35789403979186,88.7878219117205,89.97433107415382,90.54042148775109,90.09153770350899,88.7878219117205,86.90841490343755,84.65036694431765,82.17200246985526,79.6113892363031,77.07168617050206,74.55435666645485,72.04515596177924,69.53584993540633,67.02073367143959,64.49524791134066,61.95619700445904,59.403251267671976
49.80127936750527,51.87540480001405,53.89263230168754,55.872717172844546,57.83528755798953,59.79965756309288,61.784642344362425,63.80843551827644,65.88864727370458,68.02370986092743,70.13682985434359,72.13292491900827,73.91761683563277,75.4383408134778,76.8041749672069,78.16238276889919,79.65606566525321,81.36096874748705,83.10065293180322,84.66583058438906,85.96036550806866,86.90061099479371,87.29720739025689,86.96529064432254,85.96036550806866,84.4003616874841,82.42144477667765,80.1605478998893,77.75069126968388,75.30171403184168,72.8353276880796,70.35336682728388,67.85899019483895,65.35589314678231,62.84800871046002,60.33954706126127,57.83528755798953
49.05445092141407,51.11670434042081,53.12228827621607,55.08987401525201,57.03863044231828,58.98799866984119,60.95757266909422,62.96703441178276,65.0361177661362,67.16476860361844,69.27367066924306,71.26369475262766,73.03571940030483,74.53241210403753,75.86357461627824,77.18079536458391,78.6356650340136,80.31364238363253,82.03565381440637,83.58207937768385,84.83564932572514,85.69695088881886,86.0356481289101,85.74401017739915,84.83564932572514,83.36969708397999,81.46601811344908,79.25966096308072,76.88567528900396,74.45757175017519,72.00270189069062,69.52688290138721,67.0359430681769,64.53573036680542,62.03212749909885,59.531077932409744,57.03863044231828
38.741460616517216,40.781671272824724,42.77378642188938,44.732990866749745,46.67645149772132,48.622434421072576,50.58982828728353,52.59788213649614,54.66605832020818,56.794133132003054,58.90268486342974,60.892502931171904,62.66440882681806,64.16103282117108,65.49215124960989,66.80933984237566,68.26418367819068,69.94214022239872,71.66413721301839,73.21055388643762,74.464118623372,75.32541738491585,75.66411366681278,75.37247653585091,74.464118623372,72.99817263441219,71.09450567102121,68.8881709187348,66.51422614814385,64.08619536991564,61.63145460883189,59.15586535409845,56.66533501564274,54.165852455493365,51.663550059122784,49.16481094747564,46.67645149772132
39.72904651802972,41.77520447732802,43.77096446426475,45.73244116572496,47.677339190865496,49.62424162857462,51.59222793766457,53.600664491690594,55.66908731761066,57.797318759157264,59.905965758938606,61.89583985228914,63.66777804323007,65.16442072378591,66.49555114136876,67.8127484792937,69.26759934096398,70.94556154355084,72.66756246142309,74.21398155259953,75.46754770679004,76.32884723026733,76.66754377276303,76.37590641863756,75.46754770679004,74.00160001727068,72.09792978832297,69.8915889444946,67.51763304955921,65.08958248313314,62.634806612643246,60.15915488152223,57.66851318680763,55.16883209413132,52.66617614709388,50.16680909720867,47.677339190865496
40.71986044021055,42.77076397386536,44.76942654555975,46.73271055729015,48.67875098258366,50.62638386845465,52.59484065814958,54.603581070886634,56.67219969952461,58.80055547492796,60.90927809550065,62.89919665869101,64.67116048327398,66.16781799541425,67.498957928942,68.81616220798765,70.27101864613172,71.9489853398043,73.67098937475191,75.21741038490896,76.47097766397874,77.33227779220391,77.67097454153728,77.37933701028652,76.47097766397874,75.00502862472149,73.10135580389158,70.89501012517869,68.52104540076922,66.09297912820456,63.638175390626714,61.16247406965877,58.6717439841411,56.17190529302563,53.668968659555674,51.16910298388866,48.67875098258366
41.71325156996235,43.76793765826115,45.768910135932124,47.7336310236037,49.68057914421324,51.62879218397237,53.59762255726319,55.60660420943725,57.67537827368247,59.80383274348104,61.91261538825216,63.90256924861731,65.6745534191707,67.17122270335867,68.50237018979449,69.81957997806376,71.27444084228873,72.95241110055572,74.67441760953582,76.22084014279224,77.4744083146807,78.33570892289521,78.67440583639593,78.38276816456057,77.4744083146807,76.00845820413403,74.10478332612072,71.89843380994205,69.52446207752647,67.09638333884295,64.64155748268043,62.16581680077262,59.67501655484027,57.17505276322581,54.67189330273112,52.17163172198518,49.68057914421324
42.70869783591962,44.76639627166941,46.769205994234014,48.73506885459666,50.68273802649841,52.63141178490565,54.600538774370236,56.609711940395144,58.67860939090535,60.807142201142966,62.915972489632054,64.90595436629033,66.67795468578831,68.17463331358987,69.50578679483428,70.8230009558103,72.27786533303734,73.95583842053574,75.67784689316184,77.22427063530517,78.47783951582521,79.33914050500789,79.67783754880844,79.3861997653909,78.47783951582521,77.01188855499441,75.1082120441904,72.9018594822034,70.52788218749947,68.09979355435738,65.6449501423713,63.16917821874989,60.67832228356913,58.1782591904649,55.67492284302196,53.174346940479424,50.68273802649841
43.70578135408451,45.765877103916566,47.770147494571674,49.73691770076712,51.685159558102654,53.63419914687823,55.60356162546927,57.61288682259382,59.68188221552212,61.81047720879441,63.919345313689945,65.90934942746615,67.68136256460241,69.17804860851882,70.50920684788468,71.82642447950118,73.28129164501205,74.95926697807974,76.68127700925594,78.22770171089482,79.48127115385671,80.34257244541425,80.68126959263392,80.38963172065348,79.48127115385671,78.01531951815426,76.11164171140132,73.90528673194854,71.53130502243442,69.10320853599646,66.64835118976055,64.17255446899821,61.681654331410726,59.18151241689199,56.67803565589861,54.177210218172874,51.685159558102654
44.70416821580622,46.76617076951645,48.77160203754755,50.7390930112022,52.68778965306417,54.63711970102116,56.606669128238025,58.61611500919619,60.685188145798904,62.81383249641638,64.922730617198,66.91275238094633,68.68477569158262,70.18146762172614,71.51262963763995,72.82985002391871,74.28471940249955,75.96269651788113,77.6847077860814,79.23113324927326,80.48470313864586,81.34600467019867,81.68470189950219,81.39306395722932,80.48470313864586,79.018750967297,77.11507213194747,74.90871523374696,72.5347300201837,70.10662730054361,67.65175889457066,65.17594249194141,62.68500726973326,60.184802790981195,57.6812145721571,55.18019104179679,52.68778965306417
45.803591980672365,47.86711052724732,49.873464158920285,51.84152758865926,53.79058534693432,55.74014599516009,57.70984382929848,59.719385507582246,61.7885203536176,63.91720388084782,66.0261258258741,68.01616159864133,69.7881929840743,71.28488958615266,72.61605459952989,73.93327717219384,75.38814830729433,77.06612683730211,78.78813908733031,80.33456515496768,81.58813539865696,82.44943712069423,82.78813441514777,82.4964964170837,81.58813539865696,80.12218280216496,78.21850315041695,76.01214472930297,73.63815673456651,71.2100490676072,68.75517188344233,66.27933985907623,63.788376789463484,61.28812265115634,58.78444596093398,56.28326518139113,53.79058534693432
46.80384027729949,48.86856368569026,50.875650012759984,52.84416804242136,54.793512515862005,56.74325623113279,58.71307187211602,60.722689591405214,62.79187341891935,64.92058804169469,67.02952889642717,69.01957578830294,70.79161358275934,72.2883138929758,73.61948128545103,74.93670559345524,76.39157812270935,78.06955777550839,79.79157080481474,81.3379973522012,82.59156787711194,83.4528697503369,83.79156709650006,83.4999290541545,82.59156787711194,81.12561494318344,79.22193464345904,77.01557501360628,74.64158481144645,72.21347321778256,69.75858906631629,67.2827446428253,64.79175947025757,62.291465915692626,59.787719001101294,57.28641339833629,54.793512515862005
47.804743978576916,49.870424707259545,51.87809296285417,53.846971960787585,55.79654406126393,57.74643310182941,59.7163422563703,61.72602033361488,63.795243039436414,65.92398234342181,68.0329382070442,70.02299392425223,71.7950368055874,73.2917400589682,74.62290933974087,75.94013502508884,77.39500866088534,79.07298920484547,80.79500285266585,82.3414297808296,83.59500052894606,84.45630252216878,84.79499990937391,84.5033618318821,83.59500052894606,82.12904732719392,80.22536651316999,78.01900592393966,75.64501396974373,73.2168992594431,70.76200957799713,68.28615531322342,65.79515259724187,63.29482775706339,60.79102510247199,58.28962041833719,55.79654406126393
48.80616848928541,50.872609687617725,52.88074006471331,54.849905659210435,56.79965846586306,58.749662866871475,60.7196462496007,62.729372235613056,64.79862580022717,66.92738469411755,69.03635247045875,71.02641519239435,72.79846211120892,74.29516770058919,75.62633848010833,76.94356525865685,78.39843977271781,80.07642102399367,81.79843516272923,83.34486239311629,84.5984333183913,85.45973540685634,85.79843282663649,85.50679472124905,84.5984333183913,83.13247990406731,81.22879868184339,79.02243733115398,76.64844398636419,74.22032680238146,71.7654327317695,69.28957065590734,66.79855401552831,64.29820434336929,61.79435744609515,59.29287411528364,56.79965846586306
49.80800675439142,51.87505194407174,53.883549261398656,55.852942388152655,57.80283864563934,59.75293461817168,61.72297691990319,63.732740932784594,65.80201899070616,67.9307934333762,70.03977066494627,72.02983894657356,73.80188906995093,75.29859651342039,76.62976848249787,77.94699612872151,79.40187133986223,81.07985315253538,82.80186768091079,84.3482951511727,85.6018662170586,86.46316838111751,86.8018658267525,86.51022769922433,85.6018662170586,84.13591263401617,82.23223108780357,80.0258691327433,77.65187468423724,75.22375553688806,72.7688579825813,70.29298970701805,67.8019620147236,65.30159263304782,62.79771061918947,60.296164862852066,57.80283864563934
50.91017366111327,52.977698495162954,54.98648715031089,56.956060907608844,58.90607103737611,60.856239696499884,62.82632876482616,64.83612296069613,66.90542045938925,69.03420724329878,71.14319197955052,73.13326467393051,74.90531734077942,76.40202625584378,77.73319916907583,79.05042750397453,80.50530326838826,82.183285526643,83.9053003642759,85.4517280249267,86.70529920241552,87.56660142647337,87.90529889262936,87.61366074752802,86.70529920241552,85.23934548546116,83.33566368209847,81.12930124734851,78.75530592282153,76.32718521714506,73.87228489782063,71.39641170152873,68.90537523725146,66.4049902118946,63.9010803252644,61.399485019475364,58.90607103737611
51.91260156506023,53.98050725456149,55.98952720593027,57.95924435377677,59.909344873659435,61.85957122809087,63.82969741669558,65.83951556947626,67.9088284985849,70.0376250778466,72.1466157706069,74.13669196740517,75.90874665301408,77.40545673608615,78.73663039869516,80.0538592801961,81.50873548374324,83.18671809565652,84.90873317874731,86.45516099050987,87.70873225657803,88.57003452825707,88.90873201070059,88.61709385165142,87.70873225657803,86.24277843333769,84.33909642587481,82.13273361039472,79.75873759056898,77.33061564804588,74.87571313412093,72.3998360322298,69.90879260558,67.40839516368203,64.90446315396427,62.402828519313715,59.909344873659435
53.01523671986102,55.08344479630942,57.09264836620257,59.062479338319605,61.01265160694953,62.96292375664781,64.9330794086498,66.94291657645691,69.01224175286139,71.14104610676469,73.25004152723336,75.24012050391185,77.01217679181494,78.50888780193665,79.84006205932714,81.1572913746669,82.61216792675467,84.29015081936696,86.01216609727788,87.55859402897796,88.8121653653516,89.67346767482759,90.01216517019853,89.72052700007899,88.8121653653516,87.34621145775199,85.44252928829465,83.23616617062879,80.86216959894375,78.43404667473388,75.97914241895052,73.50326221717417,71.01221326445716,68.51180596745382,66.00785639834386,63.50619054745077,61.01265160694953
54.11803643105668,56.18648457632793,58.19583390865907,60.16575523268418,62.11598445215378,64.06629295113608,66.03647198889003,68.0463242491943,70.11565914638902,72.2444696710707,74.3534688439394,76.34355002701585,78.11560758666278,79.61231933258512,80.94349406205436,82.26072372173243,83.71560055045714,85.39358366586055,87.11559909840034,88.66202712529488,89.91559851747002,90.77690085694545,91.1155983625769,90.8239601836708,89.91559851747002,88.44964454291443,86.54596224488196,84.339598887371,81.96560187767481,79.53747817429903,77.0825725359999,74.60668987383738,72.11563653505999,69.61522141599752,67.1112579098086,64.60956728199756,62.11598445215378
55.22096678937494,57.28960551782012,59.299070557198235,61.26906359958136,63.219338023369815,65.16967537377863,67.13987297321816,69.14973721260957,71.21907982526687,73.34789524772458,75.45689739888485,77.44698033318409,79.21903890221603,80.71575123214424,82.0469263363029,83.36415626928259,84.8190333175743,86.4970166098071,88.21903216507592,89.76546026752641,91.0190317039912,91.88033406727726,92.21903158105248,91.92739339517244,91.0190317039912,89.55307767629262,87.64939527620999,85.44303172833384,83.06903437098782,80.64091004918731,78.18600331358354,75.71011869860767,73.21906187860054,70.71864055112982,68.21466598296053,65.7129556893377,63.219338023369815
56.32400086672543,58.39279088660831,60.4023477723853,62.37239774144774,64.32270804544456,66.27306829586358,68.24328062797593,70.25315437527858,72.32250311174434,74.45132242158579,76.56032693662374,78.55041126087167,80.3224706310539,81.8191834245082,83.15035882605815,84.46758897595757,85.92246619851979,87.60044963110221,89.32246528378114,90.86889344620039,92.12246491781795,92.98376730000248,93.3224648202414,93.03082662882619,92.12246491781795,90.6565108479397,88.75282836685984,86.54646466789067,84.17246703461474,81.74434222196996,79.28943461543423,76.81354845050708,74.32248886743899,71.82206261232884,69.31807926418838,66.81635336157427,64.32270804544456
57.319580382157696,59.44487017728544,61.53959574685062,63.62131908288269,65.70590669212491,67.80590451059045,69.92934293204698,72.07941664906866,74.25546469211594,76.44454710106999,78.5928770146654,80.63989734484096,82.52955380206701,84.2422921448724,85.86941635378018,87.51511781676895,89.26228853132403,91.1334903282058,92.97842596165694,94.65212388454944,96.1731996514289,97.51395839367024,98.17834703066582,97.66227965596842,96.1731996514289,94.07078281887907,91.59303313507795,88.9246849420341,86.22130116938712,83.59084927394825,81.02086357041229,78.48298517485429,75.95780399635318,73.42982491239555,70.88536868405822,68.31296536816298,65.70590669212491
54.96279266804579,57.031250289259475,59.040605374827024,61.01053026493683,62.96076173215019,64.91107166575513,66.88125162648434,68.89110448244776,70.96043976329406,73.08925053151813,75.19824985248279,77.1883311226391,78.96038873247787,80.45710050743999,81.78827525554073,83.10550492880878,84.56038176845152,86.23836489264778,87.96038033129028,89.50680836194189,90.76037975631932,91.62168209697879,91.96037960301516,91.66874142376227,90.76037975631932,89.29442577912118,87.39074347601428,85.18438010903735,82.81038308205422,80.38225934792717,77.92735365506434,75.45147089579785,72.96041738391582,70.46000195613972,67.95603789989391,65.45434629420382,62.96076173215019
53.15734312508282,55.22526384870912,57.23429292973995,59.20401573720574,61.154119824682866,63.10434845624175,65.07447610989881,67.08429520819696,69.15360874630142,71.28240571215741,73.39139664000348,75.3814729750317,77.15352774031494,78.65023786948473,79.98141156166935,81.29864046474299,82.75351668562139,84.43149931149249,86.15351440427077,87.69994222199725,88.95351349156135,89.81481576511983,90.15351324820617,89.86187508860655,88.95351349156135,87.48755966412622,85.58387764860814,83.37751481810179,81.00351877083477,78.57539677949705,76.12049417895793,73.64461692292454,71.1535732214905,68.65317528954728,66.14924240669107,63.64760621982532,61.154119824682866
52.06338198352711,54.15756989740463,56.20545989903583,58.22626086711577,60.2384673870811,62.258983726459405,64.30234733118562,66.38032726604213,68.50226357207112,70.66107427310286,72.78976235855819,74.8084987035588,76.64032334223512,78.24889555903461,79.73766353081945,81.23566551373501,82.85655295493257,84.64691624015512,86.4415102832443,88.06396919481418,89.48025621619394,90.64291596678721,91.19328857687968,90.75519194582286,89.48025621619394,87.63365167549316,85.40609071495027,82.95271405007887,80.41008328853295,77.88146969293021,75.37045664621212,72.86466013054175,70.35722778367327,67.84362406124669,65.3203599273076,62.78518873377959,60.2384673870811
50.69162606227632,52.76519529368608,54.781567606389444,56.76050725389608,58.72166650481256,60.68442016911813,62.66770138281572,64.6898920851105,66.76885580840373,68.90320252602385,71.01585103750165,73.01125729224461,74.79450337629655,76.3124889845225,77.67439388564836,79.0279917472856,80.51734449773923,82.21926388623274,83.95699866724223,85.52011533755456,86.81017490410096,87.74190106712138,88.13233647333485,87.80469797226849,86.81017490410096,85.2605024505099,83.2899944529922,81.03527400925972,78.62951631376576,76.1829363228437,73.71787368896543,71.23661412094619,68.74261993772362,66.2398298100753,63.73239326889623,61.224705600050456,58.72166650481256
49.948214905388056,52.01179333011923,54.01818338235924,55.98626941212794,57.93534142534786,59.88491117579447,61.85461486756397,63.86416032686408,65.93329760845778,68.06198268189851,70.17090556720566,72.1609418928699,73.93297359699176,75.42967038345762,76.76083551513578,78.07805817408976,79.53292937851475,81.21090796435352,82.93292025313148,84.47934634462449,85.73291660229755,86.59421833185266,86.93291562887748,86.6412776286115,85.73291660229755,84.26696398902646,82.3632843050577,80.15692582383895,77.78293771933802,75.35482985712281,72.89995232650841,70.42411968559627,67.93315551691904,65.43289941866048,62.92921923661251,60.42803225051155,57.93534142534786
39.317456278049484,41.36129974345331,43.35564223660229,45.31623561513673,47.26057500980744,49.20712014571457,51.17487626984059,53.18316413974961,55.25149114729256,57.379661741254935,59.488271731806776,61.47812406092598,63.25004970621292,64.74668512782299,66.07781088804663,67.39500482879095,68.84985296117152,70.52781296568557,72.24981235796518,73.7962305099326,75.04979611357183,75.91109534106633,76.24979178232911,75.9581545148944,75.04979611357183,73.5838490846566,71.6801801242567,69.47384164676825,67.09989007323666,64.67184719382347,62.217084962145094,59.74145750114488,57.250859065380396,54.75125509900249,52.24873650534758,49.74961342445724,47.26057500980744
40.30701372096924,42.356071116199736,44.353605122562605,46.31618665979238,48.2617831433928,50.209132211334676,52.17740620976602,54.186028573662426,56.25457113579344,58.382878610391145,60.491571854462364,62.48147314254564,64.2534270093296,65.75007875991967,67.081214996843,68.39841657951452,69.8532708514023,71.53123580045343,73.25323862453267,74.79965888923707,76.05322573133316,76.91452562463633,77.25322229362098,76.96158483117676,76.05322573133316,74.58727721639882,72.68360540241889,70.47726160188006,68.10330030739854,65.67524013610512,63.22044722392417,60.7447651669964,58.254069418760054,55.754291951159615,53.251464361537955,50.75179240758672,48.2617831433928
41.29940210431698,43.352617125002396,45.35269164565956,47.3168541068626,49.26344951960768,51.211437149579496,53.180122382508756,55.18901031519414,57.25772399570194,59.386140125316246,61.494899452521025,63.48483960110471,65.25681586795449,66.75348057912072,68.0846251315244,69.40183277966116,70.8566919245163,72.53466079807006,74.25666634598036,75.80308828756938,77.05665611263107,77.91795653438766,78.25665338411548,77.96501576689198,77.05665611263107,75.59070641824039,73.68703233936631,71.48068431390095,69.10671530383826,66.67864140779054,64.22382414391816,61.74809875241368,59.25732576165646,56.75741056842753,54.25433767272682,51.754229901576196,49.26344951960768
42.29404901322157,44.35057619675981,46.35267181083877,48.31809089726203,50.265479903259674,52.21397466341814,54.18298641781428,56.19208518346841,58.26093470125571,60.3894370784688,62.49824885889751,64.48821985218011,66.26021389838262,67.7568888965263,69.08804004900567,70.40525251134545,71.86011552390079,73.5380875123476,75.26009522217026,76.80651849470608,78.06008709994921,78.92138794113998,79.26008493432391,78.9684471942519,78.06008709994921,76.59413646942207,74.6904605928964,72.48410921409285,70.11013408013277,67.68204929062699,65.22721269845134,62.75145291116149,60.26061860947142,57.760594092238804,55.25732646180006,52.75687267114537,50.265479903259674
43.290495878129306,45.349659685668485,47.3533624040209,49.319780039187776,51.26779938901901,53.2166968498139,55.18596784289677,57.19523397885294,59.26419132369861,61.39276216075119,63.501615575225216,65.49161105065407,67.26361920859568,68.76030237162047,70.09145876263031,71.4086750460308,72.86354112839658,74.54151558914401,76.26352501488154,77.8099493437922,79.06351856826643,79.92481974236264,80.26351684940785,79.9718790118308,79.06351856826643,77.59756719472641,75.69388989140128,73.48753585104403,71.11355585652032,68.68546242079981,66.23061048751724,63.75482339957583,61.26394043315892,58.76382913841357,56.260406924747,53.759678428170034,51.26779938901901
44.28837603340715,46.34963743828027,48.354617586416985,50.32182850510475,52.270348454575725,54.21956565956705,56.18904245995827,58.19844145801548,60.26748439340598,62.3961095702665,64.50499603089732,66.49501093825484,68.2670302968534,69.76371994041264,71.09488048927645,72.41209980547076,73.86696832435601,75.54494474737496,77.26695553503748,78.81338070239445,80.06695041835317,80.92825185667681,81.26694905409383,80.97531113912694,80.06695041835317,78.60099845508293,76.69732001930478,74.4909638664663,72.11698001409613,69.68887971582546,67.23401560615818,64.75820684923511,62.267285256208396,59.76710508169941,57.26356016127852,54.762613586315936,52.270348454575725
45.28739674339241,47.35032611387161,49.35632133927636,51.324162351033124,53.2730798129474,55.2225508750186,57.192191055925576,59.2016955194328,61.2708063932198,63.39947470162885,65.50838739176336,67.49841772252773,69.27044597119578,70.767140758399,72.09830460737234,73.41552633070668,74.8703967834646,76.54837476394277,78.27038663256747,79.81681246540035,81.07038257145086,81.93168421949204,82.27038148863724,81.97874351224596,81.07038257145086,79.60443014011106,77.70075080550339,75.49439297598447,73.1204060616304,70.69230031652174,68.23742654236327,65.76160058648077,63.270648334617505,60.77041348742796,58.266771165792775,55.76565147407989,53.2730798129474
46.38732457805824,48.45157977254878,50.4583814102223,52.42672281947472,54.37595590462749,56.325628501057196,58.29539837679192,60.30498655630339,62.37415135606727,64.50285389927811,66.61178740825704,68.60182998076068,70.37386528554597,71.87056415528747,73.20173062357122,74.5189542574602,75.97382624513753,77.65180546177406,79.37381818835996,80.92024454938183,82.17381496504856,83.03511677954276,83.37381410561868,83.0821760804748,82.17381496504856,80.70786216220151,78.80418211419172,76.59782295388885,74.22383360923081,71.79572354094611,69.34084209602025,66.86500248913995,64.37402590279011,61.87374766011642,59.37002802554258,56.86877091344391,54.37595590462749
47.387973576736556,49.4532823149426,51.46072447231666,53.429463231607016,55.37894690108732,57.328779485603576,59.29865231255778,61.30830694255944,63.37751454543816,65.5062442616287,67.61519429483371,69.60524658372134,71.37728748899113,72.87398959906145,74.20515814630063,75.52238329660182,76.97725650254785,78.65523670032518,80.37725010787595,81.92367688812199,83.17724754953139,84.03854949613945,84.37724686740131,84.08560880356251,83.17724754953139,81.71129445181867,79.8076138375809,77.6012536210329,75.22726234743769,72.79914884783466,70.34426131458167,67.8684108727872,65.37741497179488,62.87710228500083,60.373321283614274,57.87195508983798,55.37894690108732
48.389195707841175,50.45534142445451,52.463292258942886,54.43234651133203,56.382029116359064,58.331988702508426,60.301943249691334,62.31165062466596,64.38089220168376,66.50964348558625,68.61860663426613,70.60866663512155,72.38071198552439,73.87741666745549,75.20858686476735,76.52581321864818,77.98068739153618,79.65866836804634,81.38068231607969,82.9271094290643,84.18068028551986,85.0419823369868,85.3806797441128,85.08904164956175,84.18068028551986,82.71472695377206,80.81104589011855,78.60468483522754,76.23069203063159,73.80257580758229,71.34768344199881,68.87182440045791,66.38081316920469,63.88047314340008,61.37664343294165,58.87519065402144,56.382029116359064
49.39087320407941,51.45768372302504,53.46603848160788,55.43534321425162,57.3851837439139,59.3352441433009,61.3052635567814,63.31501279747472,65.38428134059372,67.51304974311779,69.6220233016754,71.612089423567,73.38413830209035,74.88084502531507,76.21201653229342,77.52924384145766,78.98411878180892,80.66210037640022,82.3841147534151,83.93054213049464,85.18411314175844,86.04541527645199,86.38411271204335,86.09247459311601,85.18411314175844,83.71815962425683,81.8144782039017,79.6081164836169,77.2341224638634,74.80600407920895,72.35110787818832,69.87524201098049,67.38421861195312,64.88385688672417,62.37998851446355,59.87846700848469,57.3851837439139
50.39291242012383,52.46025090336893,54.468926374470286,56.438429959565696,58.388395852611495,60.33853627506302,62.3086071760509,64.31838964685087,66.38767959348831,68.51646158327128,70.62544340422886,72.61551438441737,74.38756606322198,75.8842744066265,77.2154469530897,78.53267502046384,79.98755056995168,81.66553265511466,83.3875473726126,84.93397495930444,86.18754609343969,87.04884829419021,87.38754575237458,87.09590761409973,86.18754609343969,84.72159242850512,82.8179107250356,80.61154847662715,78.23755349240156,75.8094333920771,73.35453414685922,70.87866286208848,68.38762980540545,65.88725085705654,63.38335179802982,60.88177574058615,58.388395852611495
51.49523892020858,53.5629966446552,55.571926739667916,57.54158818313559,59.491653588832506,61.441857530385946,63.41196929898405,65.4217781453333,67.49108508027571,69.61987785439909,71.72886623327489,73.71894106951339,75.4909949709091,76.9877046002537,78.3188779717577,79.63610664092411,81.09098267388435,82.76896514841454,84.49098013615412,86.03740788921542,87.29097912087383,88.15228137405381,88.49097885017024,88.19934069653928,87.29097912087383,85.82502533892162,83.92134341074402,81.71498074316331,79.34098499343517,76.9128635313808,74.45796186997643,71.98208628526575,69.49104556324161,66.99065294471981,64.48672952904052,61.98511017233031,59.491653588832506
52.497793555592935,54.565884155338566,56.57501639225602,58.54480314631867,60.49494754261043,62.44520190230334,64.41534610877274,66.4251758899109,68.49449630868219,70.62329764242159,72.73229122635013,74.72236912314834,76.49442478861978,77.99113543861733,79.32230946495739,80.63953861176701,82.09441502845976,83.77239781203103,85.4944130142616,87.04084089937044,88.29441220843304,89.15571450322633,89.49441199357545,89.20277382775635,88.29441220843304,86.82845833360386,84.92477622707528,82.71841322679727,80.34441686948898,77.9162943266277,75.46139074749138,72.98551174990529,70.49446494386135,67.99406147520676,65.49011872729294,62.98846500283578,60.49494754261043
53.600529336349595,55.66888421713212,57.67817692365978,59.64806314835194,61.59827024415203,63.54856462263554,65.51873457583382,67.52858097324092,69.59791209426173,71.72672022182284,73.83571793702309,75.825798262996,77.59785532861784,79.09456678870912,80.4257413347934,81.74297086070892,83.19784758197054,84.87583061082793,86.59784598330019,88.14427397321526,89.39784534371358,90.25914767153539,90.59784517318101,90.30620699768815,89.39784534371358,87.9318913951679,86.02820914708207,83.82184588274193,81.4478490431967,79.01972564249773,76.56482054125436,74.08893883486033,71.59788719990499,69.09747511942543,66.59351702728854,64.09183602444185,61.59827024415203
54.70340893909362,56.77197362886517,58.78139371877907,60.751358900635864,62.70161576398675,64.65194190659408,66.62213229547183,68.63199188141937,70.70133149690153,72.83014501675399,74.93914601095855,76.92922826497298,78.7012864418965,80.19799854496026,81.52917350356606,82.84640333037831,84.30128029337646,85.97926351691767,87.70127902451087,89.24770709761069,90.50127851687063,91.36258087090712,91.70127838151882,91.40964019834789,90.50127851687063,89.03532450981608,87.13164214937613,84.9252786754497,82.55128145315265,80.12315737158703,77.6682510622451,75.19236720586446,72.70131173818586,70.20089282245294,67.69692255146056,65.19521989730663,62.70161576398675
55.80640272292618,57.87513396907501,59.88465517495169,61.85468302973426,63.80497939545481,65.75533075001277,67.725537359007,69.73540741283144,71.80475377042262,73.93357157015939,76.04257516691877,78.03265895122348,79.80471801018874,81.30143062358047,82.63260590960502,83.94983597523925,85.40471313010389,87.08269650816577,88.8047121230045,90.35114026212813,91.60471172009017,92.46601409493336,92.80471161266136,92.51307342339636,91.60471172009017,90.13875766659712,88.23507521698168,86.02871157670646,83.65471405061899,81.22658942864885,78.77168216043762,76.29579659760876,73.80473808788707,71.30431374698261,68.80033380953958,66.29861397045761,63.80497939545481
56.90948715094004,58.97835061242647,60.98795208146902,62.95802968267297,64.90835740260327,66.85872876837149,68.82894825147406,70.8388266137369,72.90817832257542,75.03699951927112,77.1460051816843,79.13609018058293,80.9081499396258,82.40486295806537,83.73603850396248,85.05326875914989,86.5081460662991,88.18612956700412,89.90814526696374,91.4545734584905,92.70814494717041,93.56944733852785,93.9081448619041,93.61650666780223,92.70814494717041,91.24219085681912,89.33850833642498,87.13214456411865,84.75814679691251,82.33002174602282,79.87511371675598,77.3992267995165,74.90816587531822,72.40773722843502,69.90374961867045,67.40201613972937,64.90835740260327
58.413459443629975,60.52930514897669,62.60989778592939,64.67339624539655,66.73656326708262,68.81332768752333,70.91366239054207,73.04319345265297,75.20398242622555,77.3845878904328,79.5274402595403,81.56660433829167,83.44031198342152,85.12470971229763,86.71495111500454,88.3222226576751,90.03729682373955,91.88831587465421,93.72082478133949,95.38198552573337,96.87776764781225,98.1765896963224,98.81481573246836,98.31658259563909,96.87776764781225,94.83791916921265,92.42409489508904,89.81289144838478,87.15360985860833,84.55171380810779,81.99848537815353,79.46979170301738,76.9497126656237,74.42587687149833,71.88754648172834,69.32595711952216,66.73656326708262
56.19336057811502,58.26204390704537,60.27153602313635,62.24154584795173,64.19183084958719,66.14217495118197,68.11237689399591,70.12224393644283,72.19158835448056,74.32040492299177,76.42940777105562,78.41949111513097,80.19154992035313,81.68826238693525,83.01943757876899,84.33666757569965,85.79154467536874,87.46952800897859,89.19154359296525,90.73797171309536,91.99154315992368,92.85284552878127,93.19154304446207,92.8999048569502,91.99154315992368,90.52558911978993,88.62190669582822,86.41554310340769,84.04154566471374,81.61342119820549,79.15851420583888,76.68262913391592,74.1915714993205,71.69114871911492,69.18717156249409,66.68545666714344,64.19183084958719
54.38756141997928,56.455840266167485,58.46508680662562,60.434944414870714,62.385133473051994,64.33541633888365,66.30557888527322,68.3154205025353,70.38474854475481,72.51355471788597,74.62255124461319,76.61263087176808,78.38468753459878,79.88139876164475,81.21257315821057,82.52980257506607,83.98467920871028,85.66266216700453,87.38467749050217,88.9311054502669,90.18467680309159,91.04597912141186,91.38467661980772,91.09303844709778,90.18467680309159,88.71872287575245,86.81504066838937,84.60867748001378,82.23468077919702,79.80655762527817,77.35165296191002,74.87577203477801,72.38472178899079,69.88431218594042,67.38035850800149,64.87868535257937,62.385133473051994
53.234372723655426,55.32399506806425,57.36493870298398,59.37657422511404,61.37769714126314,63.38579435305758,65.41637712960674,67.48261365093592,69.5955853433706,71.74932384686255,73.87469867171663,75.88863307674384,77.71052454493415,79.30080879249633,80.7644728701658,82.2346088279402,83.83075820225228,85.60482712961144,87.38908802666893,89.00088010546403,90.39487217637351,91.51810410939498,92.04217511326122,91.62215668233878,90.39487217637351,88.601571861007,86.4226191535075,84.00843115146623,81.4936476058628,78.98206132398158,76.48069777876992,73.98008708042669,71.47550465694866,68.96419929670213,66.44430735168365,63.915014744992604,61.37769714126314
51.87820979295307,53.94482901898573,55.953067561000864,57.9223002296263,59.87209532535738,61.82212672202098,63.79212747452233,65.8018646712345,67.87112545675633,69.99988893462,72.10885949848574,74.09892385949286,75.87097172305604,77.3676778590472,78.69884898926452,80.01607602361568,81.47095074318543,83.14893215996901,84.87094641357584,86.41737371468133,87.67094468141039,88.53224679216156,88.87094421956408,88.57930610764926,87.67094468141039,86.20499121734585,84.30130989960554,82.09494837073919,79.72095470055856,77.29283693774832,74.83794184009554,72.36207793647822,69.87105803785064,67.37070255508401,64.86684530505563,62.365343570660045,59.87209532535738
51.230168360516195,53.30488128543878,55.3230117864194,57.304305333941684,59.2683641386691,61.23443778839571,63.221216743628915,65.24669630049199,67.32822055544382,69.46403564155638,71.57765110254532,73.57446982059726,75.36067994210681,76.88427652352769,78.25422606535324,79.61725248467528,81.1154520259524,82.82346196184375,84.56517366491057,86.13249286870922,87.43167097592625,88.38072838741779,88.7836755175043,88.44735070765607,87.43167097592625,85.86093360854272,83.87324188668833,81.60587765019824,79.19171860262936,76.74022125046334,74.27244212844526,71.78974302975716,69.29496369698397,66.79154342408408,64.28318721505751,61.77391008860894,59.2683641386691
39.459638067671044,41.504306120574924,43.499153765612974,45.46006198737763,47.40460051625844,49.351273027674736,51.31911121464785,53.32745209316451,55.395813262330506,57.52400555021448,59.63262873572147,61.622488824507926,63.39441894274621,64.89105695242056,66.22218437315469,67.53937952511274,68.99422863058103,70.67218941878556,72.3941893549929,73.94060784182162,75.19417364175195,76.0554729747748,76.39416945213071,76.10253215378765,75.19417364175195,73.72822637730789,71.82455696462576,69.61821764345353,67.24426452918959,64.81621890908855,62.36145181470644,59.885815700600716,57.39520184165846,54.89557037757203,52.39300281432642,49.893792755422794,47.40460051625844
40.449643122854795,42.499358343691256,44.49729457495085,46.46012651068369,48.40588125166928,50.353331501153356,52.321670667213,54.33033511810129,56.398904799994625,58.527229495291536,60.635933213035,62.62584066027358,64.39779807735417,65.89445188213674,67.22558943702869,68.54279198105223,69.99764702528674,71.67561259635704,73.39761585215373,74.94403638263846,76.19760338053118,77.05890335759236,77.3976000552242,77.105962568248,76.19760338053118,74.73165467865712,72.82798250569945,70.62163803552511,68.24767551815343,65.81961317154334,63.36481639973448,60.889127474526305,58.39841948393904,55.89862018833065,53.3957537218173,50.89601270272064,48.40588125166928
41.442388787663646,43.496128050115516,45.49652263030485,47.46088415337661,49.40760530411984,51.355673294617226,53.324410272752715,55.3333316187494,57.402066827796006,59.53049662688852,61.639264267575,63.62920930487459,65.40118838966771,66.89785473127566,68.22900032976466,69.54620874093402,71.00106849880521,72.67903786605825,74.401043756624,75.94746590916344,77.2010338578812,78.06233434611664,78.40103121858179,78.1093935818872,77.2010338578812,75.73508401511614,73.83140965132057,71.62506109436309,69.25109111368549,66.82301549106808,64.36819516374564,61.89246432069059,59.401681612564005,56.90174909250425,54.3986453340803,51.89848272656694,49.40760530411984
42.437320547849865,44.49426516864449,46.49661532835334,48.46219261259968,50.409681498309524,52.35824007387697,54.3272929121014,56.336418203491505,58.40528481074034,60.53379803830765,62.64261641748038,64.63259129105974,66.40458757391013,67.90126386615394,69.23241584891996,70.54962891688348,72.00449241599256,73.68246479629019,75.40447277807931,76.95089621804689,78.20446492143603,79.06576581539116,79.40446282662174,79.11282507109549,78.20446492143603,76.7385141731439,74.83483807047548,72.62848626982506,70.2545103654834,67.82642420558597,65.37158518190971,62.89582106759988,60.404979052844965,57.90494078208192,55.40164865203097,52.90115132554931,50.409681498309524
43.43399430860367,45.49349028818585,47.4973953643691,49.463938688903994,51.41203736464938,53.36098549670858,55.33028910663842,57.3395762995971,59.40854720977441,61.53712665931462,63.645985311422635,65.63598386672093,67.40799379991932,68.9046779900832,70.23583504009713,71.55305180418426,73.00791827272963,74.68589304449014,76.40790268608808,77.95432714788957,79.20789645026241,80.06919766623778,80.40789478760661,80.11625693776352,79.20789645026241,77.74194498325218,75.83826750043715,73.63191312525902,71.25793251928052,68.8298379958716,66.37498413268139,63.89919361030542,61.40830452178315,58.90818231008757,56.40474064863844,53.90397758997864,51.41203736464938
44.43205506348819,46.49358065202471,48.498721616759106,50.46603237570497,52.414615318562795,54.36387275456252,56.33337544837616,58.34279116160019,60.411844864694345,62.540476877641,64.64936749551535,66.63938484741463,68.4114056150532,69.90809607386028,71.23925714577922,72.55647684349651,74.01134566889371,75.68932233876453,77.41133329775582,78.95775857058842,80.21132834837536,81.07262981993853,81.41132702872423,81.11968910402175,80.21132834837536,78.74537631091769,76.84169773267814,74.63534131409163,72.26135697640788,69.83325581483345,67.37839017338212,64.90257869049833,62.41165223820107,59.91146339842041,57.40790304075479,54.90692902901307,52.414615318562795
45.4312194394179,47.49435883281744,49.5004818278591,51.46840213367466,53.417369613877526,55.36687261563998,57.33653335158144,59.34605108331962,61.41517050400117,63.54384423843598,65.65276022825918,67.64279249928772,69.41482186632278,70.91151730059303,72.24268156471754,73.559903590868,75.01477428690524,76.69275246331023,78.41476446791884,79.96119038446787,81.21476053959148,82.07606221401491,82.4147594921834,82.12312150806503,81.21476053959148,79.74880804936905,77.84512860168957,75.63877056124599,73.26478326169732,70.83667683138086,68.38180184143488,65.90597372192559,63.41501761316081,60.91477588803657,58.41112131288847,55.90997984154245,53.417369613877526
46.53126150651357,48.59568361110051,50.602586741243904,52.57099111825843,54.52026391581421,56.46996186803601,58.43974806046201,60.44934677185384,62.51851835564679,64.6472252056361,66.75616133363155,68.74620544614285,70.51824163858365,72.0149410219054,73.34610781969614,74.66333169393113,76.11820387469979,77.79618324684375,79.51819608136026,81.06462250882774,82.31819296344383,83.17949479887761,83.51819213211536,83.22655410083848,82.31819296344383,80.85224011386158,78.9485599761066,76.7422006483925,74.36821099800463,71.94010038586819,69.4852179759651,67.00937665179391,64.51839700415889,62.01811330227328,59.51438394147267,57.013109540947795,54.52026391581421
47.53200130079379,49.59744265118185,51.60496541467046,53.57375417169581,55.52326936903685,57.47312208176203,59.44300786063707,61.4526708503512,63.52188383794061,65.65061697251102,67.75956908446351,69.74962259566796,71.52166420547485,73.01836672317584,74.34953553194569,75.66676087301005,77.12163423221304,78.79961455341684,80.52162804663226,82.06805487961623,83.32162557193976,84.18292753516764,84.52162491211384,84.22998684340723,83.32162557193976,81.85567243713331,79.95199175166468,77.74563140224217,75.37163988598864,72.94352595472898,70.48863765556922,68.012785850748,65.52178751997394,63.02147050007986,60.51768177859954,58.01630186178059,55.52326936903685
48.53329557800243,50.599546634485726,52.60756147855329,54.576655426896366,56.52636306071105,58.476338624711886,60.44630345269452,62.456017463126,64.52526331413219,66.65401731125974,68.76298210986315,70.75304308087962,72.5250889904767,74.02179399594559,75.352964400835,76.67019090612496,78.12506520065324,79.80304627512712,81.52506029115258,83.07148744599533,84.32505832698749,85.18636039164556,85.5250578032832,85.23341970486862,84.32505832698749,82.85910496579832,80.95542384560883,78.74906268525518,76.37506968806092,73.94695312240478,71.49206014891826,69.01620002553474,66.52518686573848,64.02484340067409,61.52100756253219,59.01954389086367,56.52636306071105
49.53503038811668,51.60192456930125,53.61033015278579,55.579666400149065,57.52952679839197,59.479599880719576,61.44962745461386,63.45938196209245,65.52865389756687,67.65742445361388,69.76639932172961,71.7564662136433,73.52851553600118,75.02522251601869,76.35639418775179,77.67362161708968,79.12849665398699,80.80647832633224,82.52849275731253,84.07492016761489,85.32849119835345,86.18979334351677,86.52849078268903,86.23685266069518,85.32849119835345,83.86253765748418,81.95885619225638,79.75249438826577,77.37850021564677,74.95038155906455,72.49548487554944,70.01961814967777,67.52859321994968,65.02822876493056,62.52435552897251,60.02282537693344,57.52952679839197
50.537115126681456,52.6045200466926,54.61323587044447,56.582764473843355,58.5327461386202,60.48289662835464,62.452974006605956,64.46276065779458,66.53205329700211,68.66083699605923,70.76981985642198,72.75989144778039,74.53194347885781,76.02865202607936,77.35982470330866,78.67705286606483,80.1319284921814,81.80991063905773,83.53192539938806,85.0783530124489,86.33192416204125,87.19322637110164,87.53192383212819,87.24028569141944,86.33192416204125,84.86597047855977,82.96228873947479,80.75592642462894,78.38193131907383,75.95381100291988,73.49891137474489,71.0230394084492,68.53200513683868,66.03162402182372,63.527721102382145,61.02613818225343,58.5327461386202
51.63947777848708,53.70728825526544,55.71625038632769,57.68593169002072,59.63600961502671,61.58622154750849,63.556338457327385,65.5661506217405,67.63545969381236,69.76425382460137,71.87324302845869,73.86331834978495,75.6353725307805,77.13208232189504,78.46325579718834,79.78048454205954,81.2353606358401,82.9133431593522,84.6353581810879,86.18178595507828,87.435357199005,88.29665945878054,88.6353569371528,88.34371878159007,87.435357199005,85.96940340233209,84.06572144588648,81.85935872557438,79.48536287954684,77.05724124618828,74.60233928083007,72.12646315519082,69.6354214688721,67.13502713064726,64.63110065089444,62.12947584707692,59.63600961502671
52.64206112041809,54.71019360322826,56.719351272298155,58.68915379143881,60.63930812511789,62.589568827542806,64.55971711473629,66.56954952947841,68.63887164451263,70.76767405504694,72.87666829376698,74.8667465755808,76.63880246297123,78.13551324136581,79.46668735008357,80.78391655698016,82.23879302194607,83.91677584439434,85.63879107360768,87.18521897532794,88.4387902941279,89.3000925941561,89.63879008629567,89.3471519189433,88.4387902941279,86.97283640761489,85.06915427864998,82.86279123651897,80.48879480277779,78.06067212395219,75.60576830356716,73.12988887664451,70.6388413052357,68.13843647163995,65.63449129173141,63.13283324378223,60.63930812511789
53.744819693711634,55.81320782561971,57.82252072088839,59.79241945959562,61.74263444321251,63.69293385613237,65.66310704828821,67.67295553602274,69.74228800338227,71.87109698560153,73.98009522051223,75.97017585207296,77.74223309383228,79.23894465583248,80.57011926730002,81.88734884090663,83.34222560048268,85.0202086601968,86.74222405408527,88.28865205718483,89.54222343541173,90.40352576738846,90.74222327045517,90.45058509374536,89.54222343541173,88.07626947759258,86.17258721169898,83.96622391414013,81.59222701393004,79.16410350531605,76.70919821259321,74.2333161654338,71.74226392300554,69.24185075916395,66.73789073672764,64.23620630224742,61.74263444321251
54.8477173920318,56.916308478605316,58.925744594367714,60.89571970940145,62.84598283363624,64.79631297220853,66.76650593190195,68.77636717696527,70.84570786104601,72.97452205924452,75.0835234659448,77.07360596250493,78.84566427922903,80.34237646317803,81.67355147367859,82.9907813383433,84.44565833175164,86.12364157978385,87.84565710437508,89.39208518793947,90.64565661333356,91.50695897066785,91.84565648240746,91.55401829827063,90.64565661333356,89.17970259891867,87.2760202243447,85.06965672405256,82.69565945360577,80.26753528638785,77.81262882506846,75.33674469822165,72.84568874838999,70.3452689727873,67.84129716970018,65.33959179180931,62.84598283363624
55.95072554156408,58.01947774224993,60.029011669132615,61.99904740838484,63.949348743573566,65.89970326981303,67.86991191929862,69.87978328997787,71.94913049572182,74.07794883386441,76.18695275802267,78.17703673483632,79.94909590476148,81.4458085823519,82.77698390956539,84.09421400524315,85.54909118424439,87.22707458174477,88.9490902100749,90.49551835750424,91.74908982033497,92.61039219779559,92.94908971641883,92.6574515263872,91.74908982033497,90.28313576100001,88.37945330016638,86.17308963896468,83.7990920746607,81.37096738470828,78.91605999587233,76.44017421837403,73.94911532596626,71.44869030257973,68.9447091491028,66.44298714815936,63.949348743573566
57.053821373677735,59.122701468921804,61.132313035441,63.10239689486886,65.05272855919551,67.00310244238068,68.9733235450435,70.9832029525033,73.05255533452464,75.18137695855467,77.29038288082504,79.28046803251829,81.05252787963016,82.54924094902432,83.88041652761308,85.19764680664608,86.65252413295252,88.3305076490859,90.05252335975364,91.59895155787265,92.85252305041682,93.71382544385173,94.05252296793854,93.76088477322818,92.85252305041682,91.3865689554288,89.4828864261308,87.2765226372151,84.9025248396765,82.47439973482923,80.01949160982242,77.54360452219953,75.0525432942625,72.55211410569105,70.04812553075374,67.54639033592318,65.05272855919551
58.70594279964648,60.81939142417583,62.896384631946276,64.9552197513316,67.01287419112285,69.08362070134983,71.17793072645698,73.30207088555385,75.45883460111078,77.63719615683272,79.77859563093999,81.81567182049649,83.68512614718031,85.36191681695018,86.9421634393928,88.53890540971007,90.24509378105286,92.09048219624887,93.91950757029062,95.57714085798386,97.06576650006815,98.35260454969867,98.98327845838998,98.49019973121668,97.06576650006815,95.04352397132925,92.64735562856394,90.05165751603691,87.40416654492428,84.80982437981064,82.26099961944183,79.73471052645672,77.21596447285862,74.69320970124711,72.1564752188742,69.59769620022317,67.01287419112285
56.51983145262034,58.588564678033705,60.59808708547949,62.56811568499526,64.5184125201111,66.46876417425315,68.43897097598399,70.44884115419325,72.51818759189759,74.64700544249004,76.75600907017423,78.74609287266256,80.51815194210867,82.01486456156437,83.34603985147947,84.66326991995146,86.11814707709597,87.79613045699392,89.518146073107,91.06457421301516,92.31814567143707,93.17944804652748,93.51814556434006,93.22650737500265,92.31814567143707,90.85219161739224,88.94850916671716,86.7421455244653,84.36814799476805,81.94002336637655,79.48511608677163,77.00923050366589,74.51817195779722,72.0177475524282,69.51376750012344,67.01204745684073,64.5184125201111
54.71395499992525,56.78231302143152,58.79160763489048,60.7614950416003,62.71170288244974,64.66199773646512,66.63216799560213,68.64201459045313,70.71134583864371,72.84015404693244,74.94915181122249,76.93923216606001,78.71128924831909,80.20800071803629,81.53917527029641,82.85640480071663,84.31128152559728,85.9892645573693,87.71127993186442,89.25770792302485,90.5112792942532,91.37258162246745,91.71127912424731,91.4196409486395,90.5112792942532,89.04532534483158,87.1416430950637,84.93527982758584,82.56128298231047,80.13315957141828,77.67825445208854,75.20237271350712,72.71132102117228,70.21090883836266,67.70695056389741,65.20526923691254,62.71170288244974
53.54618616834409,55.63467593993229,57.67389354843567,59.68324636766175,61.6816008010033,63.686585428342795,65.71395331997482,67.77722544719086,69.88792743042848,72.04037912394395,74.16491236079489,76.17762561424558,77.9969856567104,79.58259024099152,81.03979008167283,82.50269526896105,84.09237634077672,85.8621592812432,87.64369165218835,89.25265846898115,90.64071696912603,91.75336061953351,92.27030019139815,91.85518938920374,90.64071696912603,88.86153921376945,86.69527544162176,84.29118800205447,81.78351256398426,79.27624448323937,76.77731869155028,74.27801528655444,71.77415046893154,69.26342340315938,66.74437924688624,64.21656258454557,61.6816008010033
52.204286289032154,54.27110471008824,56.279464269279146,58.24877197863529,60.19861438498782,62.148675982348266,64.11869616662636,66.12844590479828,68.19771476834532,70.3264833742825,72.43545705653574,74.42552325116057,76.19757217160677,77.69427891908713,79.02545044162756,80.34267776214291,81.79755271161353,83.47553431354918,85.19754869566142,86.74397607587905,87.99754708898237,88.85884922466485,89.19754666059445,88.90590854137744,87.99754708898237,86.53159356927353,84.62791214467991,82.42155041648859,80.04755638229602,77.61943797195633,75.16454172536118,72.68867577704737,70.19765223343613,67.69729025036223,65.19342141869672,62.691899096047706,60.19861438498782
51.55288209057625,53.62728320297329,55.64493447423911,57.62558663971514,59.58885573224755,61.55402563356331,63.539852996393776,65.5644382992749,67.64526667576233,69.7806828365615,71.89403565103237,73.89047078695441,75.67587626132519,77.19795072732695,78.56572046041873,79.92619582426032,81.42200538879439,83.1283720165549,84.86901160273872,86.43519864738714,87.73192297846443,88.67632696716942,89.07592314873013,88.74192399656516,87.73192297846443,86.16685982759293,84.18381176045946,81.9198728963846,79.50799391009039,77.05783258277884,74.59079199083725,72.10848439289143,69.61391863247175,67.11066978878414,64.60256380526188,62.09371923331544,59.58885573224755
39.199700180268835,41.24283985517586,43.23675107571921,45.197075610310684,47.141244946061434,49.08768129678681,51.0553673319224,53.063609926447384,55.131907755533234,57.26005981985179,59.368658539982135,61.35850424118095,63.13042606588621,64.62705927689187,65.95818361878327,67.27537652496343,68.730223826176,70.40818316129642,72.13018208897697,73.67659995492059,74.93016539089659,75.79146452825341,76.13016093868703,75.83852369765285,74.93016539089659,73.46421856315973,71.56054998907942,69.35421223222832,66.98026197472144,64.55222143627918,62.09746335809443,59.62184328815013,57.13125802603557,54.63167754650797,52.12920077898096,49.63015198598811,47.141244946061434
40.188875614104504,42.23737146385294,44.23456203773803,46.196929746936846,48.14239107470964,50.08965372625838,52.057872064820984,54.066458481267105,56.13497787945444,58.26327064510751,60.37195494310902,62.36185097034134,64.13380180462832,65.63045180062132,66.96158691179548,68.27878767332315,69.73364128550674,71.41160570325658,73.13360815858178,74.68002819626832,75.93359490528975,76.79489472705046,77.13359137156598,76.8419539300759,75.93359490528975,74.4676465500311,72.5639750426742,70.35763181410849,67.98367156416533,65.5556132509293,63.100823635464195,60.62514744509082,58.134462153638424,55.63470333025958,53.13190894659941,50.63229598197619,48.14239107470964
41.18095902768472,43.2337264797514,45.23352770204295,47.19752016577287,49.144008191683554,51.09192718653921,53.060568223162335,55.06942761655122,57.13812290868225,59.26652736256668,61.37527958881111,63.3652155616864,65.13718942157917,66.63385274009606,67.96499639898063,69.28220339536895,70.73706201661294,72.41503046847058,74.13703572369965,75.68345748510407,76.93702520454417,77.79832556951739,78.13702239982402,77.84538479923185,76.93702520454417,75.4710756368884,73.56740180138175,71.36105422989354,68.98708604888712,66.55901362759786,64.10419898038464,61.62847824533716,59.13771355467108,56.63781316106946,54.134766626340735,51.634705692060805,49.144008191683554
42.17536275874806,44.231533522239715,46.233411766697145,48.19869574795055,50.14599944930488,52.09443970449131,54.063416368255076,56.072492477347694,58.14132739829057,60.26982050769401,62.37862665179691,64.3685943307115,66.14058646647158,67.6372603592532,68.96841080253878,70.28562274758164,71.74048534454425,73.41845699828937,75.14046447581018,76.68688760533313,77.94045612674424,78.80175692286599,79.1404539006353,78.84881617376357,77.94045612674424,76.4745055968068,74.57082991344237,72.36447889496185,69.99050441902767,67.56242080004941,65.10758628475152,62.631830193401015,60.141002479835464,57.64098971014515,55.13774300581572,52.63732640033098,50.14599944930488
43.17161590127476,45.23049606837262,47.234025974429414,49.20033626416217,51.14828786246055,53.097142044194214,55.06638517826008,57.075633328599395,59.14457908667434,61.27314256737216,63.3819915081088,65.37198435285526,67.14399099445288,68.64067328014141,69.97182910825926,71.28904498107846,72.74391073358666,74.42188492868034,76.1438941700394,77.69031838544052,78.94388754337714,79.80518868170206,80.14388577651266,79.85224794941269,78.94388754337714,77.47793624967534,75.57425909966263,73.36790534529469,70.99392587304868,68.56583336638336,66.11098308154122,63.63519892713616,61.14432118992997,58.64421921988949,56.140813617424186,53.64011464149266,51.14828786246055
44.1693418482259,46.23037765355768,48.23522045996207,50.202346107619675,52.150812254167846,54.09999509692466,56.069449780832855,58.07883450174816,60.14786823992657,62.27648757773616,64.3853704874442,66.37538330678566,68.14740146184556,69.64409040905637,70.97525051114968,72.29246950146387,73.74733775854008,75.42531397070901,77.14732461203002,78.6937496892943,79.94731935244207,80.80862076237395,81.14731795008035,80.85568004342912,79.94731935244207,78.48136745253947,76.5776891384456,74.37133321259742,71.99734977476078,69.56925021388602,67.11438741260028,64.63858098406902,62.14766354160366,59.64749076854271,57.14395903378764,54.64303589363456,52.150812254167846
45.168239877887075,47.2309898904451,49.236875993717774,51.20464928109632,53.15352402163842,55.102967803061915,57.07259042710105,59.08208355760564,61.15118713106531,63.27985080482233,65.38876067651509,67.3787893499935,69.15081664340244,70.64751087790964,71.97867437227916,73.29589583696135,74.7507660819207,76.42874389504684,78.15075564752004,79.69718140884623,80.95075147298061,81.81205309848724,82.15075035992511,81.859112390134,80.95075147298061,79.4847990919358,77.58111985390909,75.37476220455281,73.0007756192151,70.57267045938069,68.11779772369383,65.64197361588384,63.151024658407806,60.65079568601914,58.14716383070228,55.64606274189288,53.15352402163842
46.268070160951424,48.332182809893695,50.338897765401434,52.30718539358402,54.25638455943805,56.20603549858774,58.17579143753463,60.18537062126248,62.2545296264407,64.38322849100341,66.492159762938,68.4822010200362,70.25423556662562,71.75093399768957,73.08210018452297,74.39932361311898,75.85419543586613,77.53217451967502,79.25418715407133,80.80061345833828,82.05418384073613,82.91548563734464,83.25418295730324,82.96254493739794,82.05418384073613,80.58823107780826,78.68455110645492,76.47819208914737,74.10420300563034,71.67609340187985,69.22121278119482,66.7453746411475,64.25440066960773,61.754127089935224,59.250415763018296,56.749173417744316,54.25638455943805
47.26864161909232,49.333837099497096,51.341210411862534,53.30990646731486,55.259363207893486,57.20917860010674,59.179040364232605,61.18868785378879,63.257890857305256,65.38661765367374,67.4955659113067,69.48561715614582,71.25765745963125,72.75435922152143,74.0855275453726,75.40275253273225,76.85762560777289,78.53560570012473,80.25761903450453,81.80404576970412,83.057616404708,83.91891833712018,84.25761570352671,83.96597764384575,83.057616404708,81.59166333867917,79.68798278528367,77.48162268223128,75.10763161590415,72.67951848500326,70.22463160595404,67.74878232839626,65.25778850281361,62.75747951715226,60.253705109894184,57.752350637619486,55.259363207893486
48.26980213441228,50.33585788297073,52.343754046558914,54.31277439368566,56.26243562073199,58.21238155950877,60.182327325367666,62.192029032659946,64.26126695903767,66.39001592542729,68.49897766481659,70.48903683700354,72.26108170976732,73.75778611534669,75.08895613535495,76.40618235990877,77.86105642889694,79.53903732173073,81.2610512116882,82.80747828891941,84.06104912441688,84.92235116461654,85.26104856788888,84.96941047663793,84.06104912441688,82.5950958178166,80.69141480245369,78.48505383764426,76.1110611975573,73.68294526714779,71.22805342080831,68.75219530332939,66.261185719351,63.76084863120431,61.25702415472128,58.75558067983408,56.26243562073199
49.271430680855104,51.33816974463138,53.34648109287443,55.3157589078325,57.26558246694634,59.21563203325182,61.18564447651748,63.19538921857492,65.26465486410095,67.39342142718326,69.50239386717476,71.49245933134758,73.26450783076703,74.76121433465062,76.09238570090271,77.40961290741987,78.8644877653057,80.54246929348298,82.264483624403,83.810910973105,85.0644819677344,85.92578409348506,86.26448152601779,85.97284340970971,85.0644819677344,83.59852847019235,81.69484708816552,79.48848543937856,77.11449155019609,74.68637339781039,72.23147760891533,69.7556124751402,67.26459038356906,64.76423099000291,62.26036677208495,59.758852651144764,57.26558246694634
50.273431016838934,52.340712756142736,54.349353761077765,56.3188359771421,58.26878839886902,60.218920222370514,62.188985590796975,64.19876449090545,66.26805213767265,68.39683266747045,70.50581360061432,72.49588405876847,74.26793543667713,75.7646436059901,77.09581604075862,78.41304402666162,79.86791951069657,81.54590154314667,83.26791622405904,84.81434378822763,86.06791490916012,86.92921710281271,87.2679145585694,86.97627642237349,86.06791490916012,84.6019612600675,82.69827958701919,80.49191739535863,78.11792251476743,75.68980259879508,73.23490368068232,70.75903297804012,68.26800095909418,65.76762386141382,63.26372809977529,60.76215790410703,58.26878839886902
51.375726639775564,53.44343930765412,55.452342039694926,57.42198651974742,59.372041232126335,61.32223834823024,63.29234572544355,65.3021517376563,67.37145684715955,69.50024846247982,71.60923613669286,73.59931055859076,75.37136422116458,76.8680737123324,78.19924699518417,79.5164755996868,80.97135158069702,82.64933401338892,84.37134897209052,85.9177767072751,87.17134792845445,88.0326501760008,88.37134765019042,88.0797094982095,87.17134792845445,85.70539415907602,83.80171225504373,81.59534963250393,79.22135396503049,76.79323264929663,74.33833124751632,71.86245612484308,69.3714162264767,66.87102507684818,64.3671042783607,61.865489574312505,59.372041232126335
52.3782567565881,54.44631158301651,56.45542209741818,58.42519538584246,60.37533129413323,62.32558023617449,64.29572095708112,66.30554848871527,68.374867458615,70.50366787260413,72.6126608972386,74.60273846517342,76.37479394109143,77.8715044814178,79.2026784373945,80.51990753288041,81.97478390834037,83.65276665870456,85.37478183788767,86.92120970880777,88.17478100955313,89.036083299875,89.37478078869478,89.08314262418531,88.17478100955313,86.70882714470378,84.80514505733936,82.5987820928103,80.22478580078766,77.79666337406115,75.34176000098894,72.86588137012319,70.3748352178202,67.87443291503756,65.37049224442366,62.86884221289249,60.37533129413323
53.48097306977863,55.549299549763376,57.55857501227652,59.52845054817122,61.47865090659384,63.42894098490244,65.39910817153314,67.40895278347726,69.47828275451569,71.60709015206567,73.71608742335215,75.70616748830534,77.4782244034783,78.97493577652341,80.30611026676019,81.62333975194004,83.07821644047515,84.75619944297608,86.47821479715557,88.02464277580899,89.27821413970594,90.13951646397877,90.47821396441054,90.18657578995715,89.27821413970594,87.81226019908121,85.908577966206,83.70221473023983,81.32821794251187,78.90009463398924,76.44518969629925,73.96930828097204,71.47825716489328,68.97784600977357,66.47388956641174,63.97221149470897,61.47865090659384
54.58383721659064,56.65237935990949,58.66178576144907,60.63174245890029,62.58199397450977,64.53231670395138,66.50250489695603,68.51236306576148,70.58170176849427,72.71051470893349,74.8195153508023,76.80959739764484,78.58165545515683,80.07836748913195,81.40954240341154,82.72677219789185,84.18164913491495,85.85963233753701,87.58164783061119,89.12807589477265,90.38164730879305,91.24294966001275,91.58164716966101,91.2900089873151,90.38164730879305,88.91569330802541,87.01201095965814,84.80564750825215,82.43165032708251,80.0035263186773,77.54862013914794,75.07273651378759,72.58168145794295,70.08126327667279,67.57729431432732,65.07559398666584,62.58199397450977
55.686818730196734,57.75553207823705,59.76504241851541,61.73506353877893,63.685355659817034,65.63570430527137,67.60590917137037,69.61577810039628,71.68512373353293,73.8139410733872,75.92294439049681,77.9130280103688,79.68508697455698,81.18179953311301,82.51297478395578,83.83020482392811,85.28508195817635,86.96306531963467,88.68508092294968,90.23150905497893,91.48508050878233,92.34638288138981,92.68508039835316,92.39344220974297,91.48508050878233,90.01912646027921,88.11544402024583,85.90908039784512,83.5350829044005,81.10695834049785,78.652051175319,76.17616579585132,73.68510761300331,71.18468385504497,68.68070495628402,66.17898696376676,63.685355659817034
56.78989341753254,58.85874267140491,60.86833551570538,62.838407771439634,64.78873212225157,66.73910133775733,68.7093194375044,70.71919690700642,72.78854804084196,74.91736887252745,77.026374312982,79.01645918137012,80.78851886518834,82.28523184010473,83.61640735807804,84.93363759289761,86.38851488368357,88.06649837121032,89.78851406202355,91.33494224791949,92.58851373329873,93.44981612288167,93.788513645651,93.49687545206885,92.58851373329873,91.1225596469079,89.21887713411908,87.01251337599973,84.63851563470226,82.21039062990079,79.75548268241083,77.27959591070541,74.78853524594743,72.28810706175055,69.78412027639376,67.2823882630887,64.78873212225157
58.17275238087585,60.29068475226025,62.37440666099381,64.44195213521783,66.50989272289918,68.59185540894427,70.69738080108245,72.83154516641831,74.99578675235328,77.17831432126457,79.32241023966915,81.36336001523108,83.2407004495347,84.9315790049353,86.53030358556637,88.14647329984057,89.86902565986057,91.7247688417419,93.56019481680045,95.2243050349702,96.72605753920946,98.03483710429356,98.67931244105489,98.17681624044172,96.72605753920946,94.67148857343031,92.24279138362047,89.61843429593621,86.94909203552227,84.34072374554478,81.78371254911896,79.25295031742519,76.73172365414206,74.20695667742889,71.66725079912091,69.10323695463288,66.50989272289918
55.92283421400229,57.99147325783376,60.00093848868276,61.970931649742155,63.92120614833165,65.87154354648142,67.84174117663514,69.85160543584838,71.92094806127247,74.04976349183451,76.15876564792295,78.14884858511991,79.92090715582209,81.41761948671666,82.7487945914953,84.06602452492722,85.52090157358225,87.19888486610765,88.92090042157955,90.46732852415504,91.72089996069315,92.5822023240186,92.92089983780728,92.62926165191571,91.72089996069315,90.2549459329066,88.35126353265514,86.14489998446399,83.7709026265427,81.34277830371889,78.88787156629942,76.41198694809222,73.92093012232476,71.42050878458099,68.91653419810743,66.41482387194345,63.92120614833165
54.11710365594391,56.18531223282453,58.19451610657828,60.164347267050616,62.11451965440713,64.06479187988434,66.03494758063995,68.0447847799114,70.11410997658149,72.2429143433495,74.35190977164112,76.34198875291943,78.11404504347382,79.61075605512953,80.94193031350417,82.25915962956182,83.7140361822263,85.3920190753031,87.1140343535364,88.66046228543493,89.91403362192489,90.77533593146343,91.11403342685576,90.8223952567179,89.91403362192489,88.4480797141857,86.54439754446031,84.3380344262944,81.96403785369624,79.53591492786195,77.08101066919636,74.60513046229065,72.11408150042968,69.61367418711909,67.10972458895353,64.60805868640645,62.11451965440713
52.97675968713398,55.06737646985624,57.109834679730795,59.12347152166711,61.12701900978399,63.13783869085876,65.17122957906679,67.2400519676136,69.35500131542165,71.50986019050279,73.63596741503596,75.65096406657761,77.47505577538419,79.06940114436773,80.5386616197845,82.01503922494345,83.61675570642109,85.39450499126082,87.18110534797992,88.79531695413121,90.19438098043776,91.32663182668512,91.8567543705075,91.43257343034337,90.19438098043776,88.38898768684595,86.19910708130817,83.77617770063497,81.25521975772457,78.73987327114423,76.23638388624778,73.73463224382488,71.22942325423551,68.71761282425135,66.19698021129886,63.66639750392673,61.12701900978399
51.60803342147542,53.67447587862428,55.6826070205685,57.65177308936529,59.60152619505939,61.551530786965415,63.52151429252423,65.53124035781278,67.60049397348952,69.72925289979548,71.83822069584869,73.82828342937502,75.60033035487038,77.097035948116,78.42820673011514,79.74543351047257,81.20030802598677,82.87828927843304,84.60030341798091,86.14673064886804,87.40030157443621,88.26160366305884,88.60030108289291,88.3086629774593,87.40030157443621,85.93434815976048,84.03066693686111,81.82430558491171,79.45031223782092,77.02219504974501,74.56730097187031,72.09143888308313,69.60042221966339,67.10007250641463,64.59622553593113,62.094742074979294,59.60152619505939
50.96295953342582,53.037947584504764,55.056500858847556,57.038360092098486,59.003115190764234,60.96998538858229,62.95760272381153,64.98386982904138,67.06600671677664,69.20217292283745,71.3160195228982,73.31317576081561,75.10009372177763,76.62502861785325,77.99689321477145,79.3621585539407,80.86245340651206,82.57190278874545,84.31455305591405,85.88286291511088,87.18418645044848,88.13730629102156,88.54317374941589,88.20482259289632,87.18418645044848,85.60848445268137,83.61672072246712,81.34634754247374,78.93018315156296,76.47750982835137,74.0090803590638,71.52603642168674,69.03106894709758,66.52749764485363,64.01892096672282,61.50926266807133,59.003115190764234
39.202746983020674,41.245905110663756,43.23982764021504,45.200159225096485,47.14433302077177,49.090772224560475,51.05846009792748,53.06670387991012,55.135002474278764,57.263155024589196,59.37175404031896,61.3615999153545,63.133521840265885,64.63015510925128,65.96127948834267,67.2784724216574,68.73331974466987,70.41127909734715,72.1332780372132,73.6796959106587,74.93326135103217,75.7945604907531,76.13325690199531,75.84161966026869,74.93326135103217,73.4673145180188,71.56364593380607,69.35730815805408,66.98335786603047,64.55531726618923,62.1005590790667,59.62493881527011,57.13435320763848,54.63477211210284,52.13229424757715,49.633243506216914,47.14433302077177
40.191932432419975,42.24044300639804,44.237642586306514,46.2000159031886,48.14548077558892,50.09274569356998,52.06096549194049,54.06955285120077,56.138072856926,58.26636600836309,60.3750505410014,62.36494670621512,64.1368976200384,65.63354766205094,66.96468280275127,68.28188358581593,69.73673721530227,71.41470164698708,73.13670411198399,74.68312415562474,75.93669086813647,76.79799069177358,77.13668733693086,76.84504989489122,75.93669086813647,74.47074250868985,72.5670709932908,70.36072774972338,67.98676747238405,65.55870911041487,63.103919408483506,60.62824306424231,58.137557498530214,55.63779818615379,53.13500293157817,50.635388419817524,48.14548077558892
41.18402384235287,43.236803030725454,45.2366114201246,47.20060834217146,49.14709918447362,51.09501997943048,53.06366217520994,55.07252231711787,57.14121809153556,59.26962285164976,61.37837526413777,63.36831134653343,65.14028526955585,66.63694862459919,67.96809230691899,69.28529932040138,70.74015795537863,72.41812641829654,74.14013168120206,75.68655344733236,76.9401211695427,77.80142153600525,78.14011836682127,77.84848076579289,76.9401211695427,75.47417159856295,73.57049775667323,71.36415017327812,68.99018197052719,66.56210951055795,64.10729479471496,61.631573937538036,59.1408090291776,56.64090824741319,54.13786102129535,51.63779885859952,49.14709918447362
42.178433949967236,44.23461406004813,46.2364980050695,48.201785529624345,50.14909146825453,52.0975331529595,54.06651073706523,56.07558744038822,58.14442274417492,60.27291609665372,62.38172238858593,64.37169015442976,66.14368234029692,67.64035626207,68.97150672395634,70.28871868256687,71.74358129042963,73.4215529529533,75.14356043656693,76.68998356984085,77.9435520934507,78.80485289075452,79.14354986892815,78.85191214171019,77.9435520934507,76.477601560875,74.5739258724443,72.36757484451324,69.99360035132037,67.56551670164147,65.11068213187122,62.634925943583625,60.144098057224994,57.64408497942122,55.140837726245735,52.640420145481684,50.14909146825453
43.17469217248457,45.23357977789643,47.23711421609218,49.20342732113218,51.151380696358714,53.10023601319202,55.069479877934825,57.07872849999728,59.14767456196873,61.27623823560859,63.38508729368229,65.37508020742631,67.1470868887946,68.64376919749392,69.97492504037531,71.29214092396326,72.74700668512295,74.42498088718423,76.14699013337918,77.69341435175741,78.94698351143921,79.8082846507023,80.14698174583378,79.85534391845904,78.94698351143921,77.48103221564338,75.57735506160958,73.37100129974073,70.99702181379641,68.5689292827638,66.11407895468633,63.63829472334048,61.14741684898269,58.64731463437445,56.14390859623293,53.64320884604213,51.151380696358714
44.17242216340526,46.233463885126554,48.23831029348972,50.20543817754259,52.15390573519694,54.103089479191794,56.072544743165366,58.08192983853937,60.150963817941474,62.27958330889746,64.38846631173907,66.37847918584501,68.15049737247134,69.64718633794601,70.9783464517572,72.29556545061857,73.75043371456152,75.42840993226065,77.15042057741991,78.69684565704713,79.95041532158001,80.81171673225657,81.15041392021766,80.85877601334835,79.95041532158001,78.48446342001543,76.58078510273002,74.37442917092835,72.0004457222193,69.57234614200411,67.11748330640211,64.64167681680176,62.15075926547554,59.65058629828974,57.14705421770245,54.6461304629062,52.15390573519694
45.171323410343405,47.234078126700936,49.23996709187804,51.207742155473184,53.156618016488466,55.106062513419744,57.07568559793688,59.08517902568218,61.15428279061439,63.282946585928954,65.39185653154378,67.38188524848951,69.15391256695301,70.65060681595632,71.98177031962643,73.29899179109253,74.75386204150203,76.43183985901746,78.1538516145371,79.70027737773879,80.95384744297255,81.81514906907023,82.15384633071022,81.862208360746,80.95384744297255,79.4878950606086,77.58421582004874,75.37785816596715,73.00387157200001,70.575766396815,68.12089363389109,65.64506947760984,63.15412043372862,60.65389130725585,58.15025917742922,55.64915760070589,53.156618016488466
46.2711562517501,48.3352726391254,50.34198986803841,52.31027890675445,54.25947896222958,56.20913046940086,58.1788867738797,60.18846619354818,62.25762535070656,64.38632431175282,66.4952556423606,68.48529693395929,70.25733150043467,71.75402994300427,73.08519613721955,74.4024195712,75.85729139827295,77.53527048556563,79.2572831223799,80.80370942813542,82.05727981140586,82.91858160848346,83.25727892860252,82.9656409085598,82.05727981140586,80.59132704743098,78.68764707406709,76.48128805300907,74.1072989626428,71.6791893467085,69.22430870440527,66.74847052588584,64.25749648576482,61.75722278379118,59.25351123898149,56.75226850640507,54.25947896222958
47.271729743472534,49.3369281942449,51.34430331221802,53.31300048768392,55.262457934544955,57.212273777674554,59.18213583195501,61.191783508790365,63.26098663293877,65.38971350588834,67.49866181009105,69.4887130823135,71.26075340158252,72.75745517260478,74.08862350231499,75.40584849394827,76.8607215724223,78.53870166753924,80.26071500383816,81.80714174021924,83.06071237591567,83.92201430870018,84.26071167523406,83.96907361544405,83.06071237591567,81.59475930905585,79.69107875406458,77.48471864803543,75.11072757627205,72.68261443570083,70.22772753949315,67.75187823139974,65.26088435138323,62.76057526864861,60.25680068843997,57.755445908734785,55.262457934544955
48.27289187475597,50.33894998289747,52.346847580357064,54.31586881673694,56.26553060447955,58.21547690119756,60.18542289737229,62.19512475331631,64.26436277544296,66.39311180261632,68.5020735789685,70.49213277288979,72.26417765818111,73.76088207100864,75.09205209566721,76.40927832361302,77.8641523953263,79.54213329035474,81.26414718183543,82.81057426000439,84.06414509605153,84.92544713654672,85.26414453992012,84.97250644858262,84.06414509605153,82.5981917887917,80.6945107721622,78.48814980499012,76.11415716058842,73.68604122250353,71.23114936254532,68.75529122083006,66.26428159364696,63.76394442845134,61.260119814691734,58.75867609577898,56.26553060447955
49.274521704994214,51.34126264283465,53.34957512962109,55.31885365056752,57.268677654781584,59.218727505215924,61.18874013129596,63.19848499134349,65.26775071286758,67.39651732419478,69.50548979352405,71.49555527494752,73.26760378431013,74.7643102939466,76.09548166388967,77.41270887309906,78.8675837331478,80.54556526306699,82.26757959519597,83.81400694464227,85.06757793970795,85.92888006569318,86.2675774983061,85.97593938192932,85.06757793970795,83.60162444164243,81.69794305861029,79.4915814079481,77.117587515341,74.68946935686336,72.23457355715905,69.75870840414741,67.2676862782843,64.76732682356328,62.26346249668529,59.761948182050645,57.268677654781584
50.276523060686806,52.343806288231974,54.352448197131324,56.321930973657274,58.27188374870795,60.22201579774199,62.19208131127624,64.20186030503675,66.27114801212497,68.39992858021526,70.50890953664475,72.49898000849083,74.27103139429138,75.76773956817044,77.09891200586847,78.41613999390833,79.87101547965995,81.54899751349262,83.27101219536456,84.8174397601239,86.07101088140269,86.93231307524142,87.27101053106179,86.97937239481135,86.07101088140269,84.60505723189453,82.70137555804834,80.49501336489938,78.12101848159006,75.69289856078254,73.23799963409044,70.76212891618016,68.27109687001644,65.77071972379672,63.26682387567429,60.765253526263564,58.27188374870795
51.378819493445846,53.44653334304395,55.45543679275197,57.425081717717646,59.375136710559715,61.32533400568113,63.295441498071554,65.30524758461804,67.37455274199891,69.50334438771227,71.61233208040724,73.60240651317244,75.37446018201013,76.87116967680203,78.20234296197899,79.51957156817762,80.97444755055038,82.65242998433963,84.37444494380284,85.9208726794563,87.17444390091049,88.0357461486046,88.37444362284472,88.08280547082055,87.17444390091049,85.70849013120227,83.8048082265367,81.59844560281554,79.22444993318473,76.79632861361316,74.34142720502344,71.86555207023187,69.37451215026256,66.87412096210791,64.3702000949767,61.86858526889857,59.375136710559715
52.38135025331688,54.4494060179929,56.45851710212729,58.428290743726365,60.37842687463974,62.32867595877492,64.29881677110083,66.308644361735,68.37796336963578,70.5067638077481,72.61575684705177,74.60583442361201,76.37788990450164,77.87460044770448,79.20577440552665,80.5230035023587,81.97787987890011,83.65586263013527,85.37787780992288,86.9243056812151,88.17787698217862,89.03917927261774,89.37787676147765,89.08623859693384,88.17787698217862,86.71192311706749,84.80824102920045,82.60187806373378,80.22788176999879,77.79975934022633,75.34485596174945,72.86897732126536,70.37793115181601,67.87752881845486,65.37358809335753,62.87193796496831,60.37842687463974
53.484067077093655,55.55239430196528,57.561670216751125,59.53154603299045,61.48174656812061,63.4320367592141,65.40220401840632,67.41204867717958,69.48137867837974,71.61018609507649,73.71918337800595,75.70926344980519,77.48132036892412,78.97803174425228,80.30920623595381,81.62643572220207,83.08131241159555,84.75929541478776,86.48131076944702,88.02773874839582,89.28131011246592,90.14261243683181,90.48130993729544,90.18967176281478,89.28131011246592,87.81535617163345,85.91167393835926,83.7053107016489,81.33131391256188,78.90319060162165,76.44828565964198,73.97240423668065,71.48135310699277,68.9809419276027,66.4769854409968,63.97530729241599,61.48174656812061
54.58693162927824,56.65547436393976,58.66488112449602,60.63483804447557,62.58508970034541,64.53541251930747,66.50560076990547,68.51545897587974,70.58479770255215,72.71361065818823,74.82261130929811,76.81269336157436,78.58475142221829,80.08146345800546,81.41263837344763,82.72986816877594,84.18474510648034,85.86272830965103,87.58474380310605,89.13117186750196,90.38474328165977,91.24604563295335,91.58474314262688,91.29310496025934,90.38474328165977,88.91878928072722,87.0151069320433,84.80874348004664,82.43474629779834,80.00662228747427,77.55171610454016,75.07583247312063,72.58477740647439,70.0843592059407,67.58039020927204,65.0786898205913,62.58508970034541
55.68991346470435,57.75862728217281,59.76813790743287,61.738159204328994,63.688451436696525,65.63880015320521,67.60900506501687,69.61887402354404,71.6882196756817,73.81703702759776,75.92604035204205,77.91612397622679,79.68818294290077,81.18489550289502,82.51607075466057,83.83330079530597,85.28817793009492,86.96616129198873,88.68817689560598,90.23460502782129,91.48817648173377,92.34947885439988,92.68817637138328,92.39653818275593,91.48817648173377,90.02222243309976,88.11853999281509,85.91217636994556,83.53817887564477,81.11005431021914,78.65514714233794,76.17926175806105,73.68820356663977,71.18777979339191,68.68380086738841,66.18208282643941,63.688451436696525
56.79298840751656,58.861838034024146,60.871431104533656,62.841503500468676,64.7918279396458,66.74219721154867,68.7124153475784,70.72229284049575,72.79164398941248,74.92046483067148,77.02947027694759,79.01955514875873,80.79161483454993,82.28832781060785,83.61950332931355,84.93673356466732,86.39161085588245,88.06959434375487,89.79161003480799,91.33803822085159,92.59160970631739,93.45291209594689,93.79160961873214,93.49997142513637,92.59160970631739,91.12565561982271,89.22197310683443,87.01560934834298,84.64161160636594,82.21348660035571,79.75857865072088,77.2826918751984,74.79163120363582,72.29120300730358,69.7872162003242,67.28548414857842,64.7918279396458
58.17581534074195,60.29374541942799,62.377463891974855,64.44500492592412,66.51294028148847,68.59489727645028,70.70041699258553,72.83457629713915,74.99881411542123,77.18133958813765,79.32543415085502,81.36638198037173,83.24371845814242,84.93458996336832,86.53330533143154,88.14946540175944,89.87200967207272,91.72774775068469,93.56317057733156,95.22727761426137,96.72902368557487,98.03779254133721,98.68226116948432,98.17976954421783,96.72902368557487,94.67447059669891,92.24578950288321,89.62144669648886,86.95211538843635,84.34375415775015,81.78674709206776,79.25598712073767,76.73476171195813,74.20999575339135,71.67029137942878,69.10628018770953,66.51294028148847
55.925928808835906,57.99456837500993,60.004033922972795,61.97402728058367,63.92430190305855,65.87463938027686,67.84483706129937,69.85470135334151,71.9240439999099,74.05285944389432,76.16186160814476,78.15194455014097,79.9240031236094,81.4207154561044,82.75189056190989,84.06912049609078,85.52399754534754,87.20198083835754,88.92399639416578,90.47042449694831,91.7239959336078,92.58529829699852,92.92399581080952,92.63235762489884,91.7239959336078,90.25804190567563,88.35435950514452,86.14799595643163,83.77399859755766,81.34587427303902,78.8909675326124,76.41508290905351,73.92402607374571,71.42360471898776,68.9196301021987,66.41791972214013,63.92430190305855
54.12019744165032,56.18840684734661,58.197611224354034,60.167442696780256,62.117615280771616,64.06788763175378,66.03804341325507,68.0478806646377,70.1172058948717,72.2460102829462,74.35500572419414,76.34508471309073,78.1171410080362,79.61385202223249,80.94502628223717,82.26225559948374,83.71713215310336,85.39511504694943,87.11713032571663,88.66355825794385,89.91712959462649,90.7784319042686,91.11712939969637,90.82549122952815,89.91712959462649,88.45117568665611,86.54749351648678,84.34113039749272,81.9671338233822,79.5390108948576,77.08410663141842,74.60822641601749,72.11717743901227,69.61677009869368,67.11282045240623,64.61115446430995,62.117615280771616
52.97984126285655,55.07045694855739,57.112913488100276,59.12654812379614,61.13009294044254,63.14090962358917,65.17429742152753,67.24311696614483,69.35806414007425,71.51292178405909,73.63902820398206,75.65402368878638,77.47811298182617,79.07245389508765,80.54170823714583,82.01807901109268,83.61978940788222,85.39753467447284,87.1841324787155,88.79834144647654,90.19739994679716,91.32964098268707,91.85975695532309,91.4355805341213,90.19739994679716,88.39201983936721,86.20215118117781,83.77923137899727,81.25828021338742,78.74293785889756,76.239450811669,73.73770042435041,71.23249212416002,68.72068224996698,66.20005045218043,63.66946916500177,61.13009294044254
51.611123888332706,53.67756843033513,55.68570083902185,57.65486769335354,59.60462129431987,61.55462620239034,63.52460991137936,65.53433610796512,67.60358980821165,69.73234878820426,71.84131661690446,73.83137936962733,75.60342630618743,77.10013190583484,78.43130269194131,79.74852947529465,81.20340399321576,82.8813852476004,84.60339938849364,86.14982662020901,87.4033975462627,88.26469963514633,88.60339705506968,88.31175894955963,87.4033975462627,85.9374441310044,84.03376290698634,81.82740155295019,79.45340820204846,77.0252910071934,74.5703969172902,72.09453480709666,69.60351810551688,67.10316832421537,64.59932123248257,62.09783755599251,59.60462129431987
50.96605170771255,53.04103945458843,55.05959226151427,57.04145086941584,59.006205198460336,60.97307451599623,62.9606909248882,64.98695716010802,67.06909337117266,69.20525918945431,71.31910553426066,73.31626139946823,75.1031785788852,76.6281119976383,77.99997448137958,79.3652373511817,80.86552989392742,82.57497768999133,84.31762692321058,85.88593569131488,87.18725686456317,88.1403722356449,88.54623648366824,88.20788755452006,87.18725686456317,85.61156033456425,83.61980109369681,81.34943123373473,78.93326905677145,76.48059703233541,74.01216828146053,71.52912472505665,69.03415745833678,66.53058632296477,64.02200988844008,61.512352010991904,59.006205198460336
39.205893204926305,41.249070373766784,43.24300457289121,45.20334343281587,47.14752183057935,49.09396397837003,51.061653748558214,53.0698987558454,55.13819813988769,57.266351191679234,59.37495051242952,61.36479656684217,63.13671859515334,64.63335192396632,65.96447634144333,67.28166930275744,68.73651664826457,70.4144760190583,72.13647497149822,73.6828928526846,74.93645829759572,75.79775743975615,76.13645385183273,75.8448166093916,74.93645829759572,73.4705114591377,71.56684286446963,69.36050506921435,66.98655474157395,64.55851407837687,62.1037557788446,59.62813531501746,57.1375493508567,54.63796761967993,52.1354886231922,49.63643587136508,47.14752183057935
40.19508898930789,42.24361475701621,44.24082363006488,46.20320273338636,48.1486712633985,50.095938520050765,52.06415982475691,54.07274815688061,56.14126878950691,58.26956233902345,60.37824711377672,62.36814342136948,64.14009441726394,65.63674450676277,66.96787967793027,68.28508048321828,69.73993413055882,71.41789857662275,73.13990105159958,74.68632110138435,75.93988781749758,76.80118764307093,77.13988428889044,76.84824684628369,75.93988781749758,74.47393945372951,72.57026793003205,70.36392467098474,67.98996436537612,65.56190595312063,63.10711616196724,60.63143965895432,58.140753810241534,55.64099399328252,53.13819784003394,50.63858173182511,48.1486712633985
41.18718865058024,43.23997994944878,45.23979573443259,47.20379725690861,49.15029100537187,51.09821365780435,53.066857049684984,55.075717963968515,57.14441423604406,59.2728193121479,61.38157191681529,63.371508112221875,65.14348210038597,66.64014549311983,67.97128919962176,69.28849623074302,70.74335487989129,72.42132335422195,74.14332862504857,75.68975039605536,76.94331812112426,77.80461848912356,78.1433153204652,77.8516777189867,76.94331812112426,75.47736854671454,73.57369469823837,71.3673471025568,68.99337887736836,66.56530637748635,64.11049159082634,61.634770607627544,59.14400547463464,56.64410429233618,54.14105635279361,51.64099292252985,49.15029100537187
42.181605338058226,44.237795092703436,46.239684920005516,48.20497610080368,50.15228434801922,52.10072750780503,54.06970604158579,56.078783358078184,58.14761905691043,60.27611266021168,62.38491910468471,64.37488696022828,66.14687919779946,67.643553149488,68.97470363056786,70.2919156031785,71.74677822228887,73.42474989387088,75.14675738377152,76.6931805209159,77.9467490467946,78.80804984531818,79.14674682390896,78.85510909633373,77.9467490467946,76.48079851149652,74.57712281783816,72.37077178015531,69.99679726915366,67.56871358779571,65.11387896181698,62.63812267350286,60.147294608844035,57.647281213106865,55.14403339359282,52.64361480646562,50.15228434801922
43.177868802524664,45.23676408337377,47.24030319817377,49.206619208256,51.154574417046476,53.10343090515747,55.07267552386514,57.08192463268523,59.150871008238724,61.2794348809699,63.388284060120355,65.37827704506091,67.15028376746741,68.64696609991088,69.97812195802635,71.29533785272625,72.75020362281322,74.42817783206411,76.15018708324905,77.6966113046993,78.95018046618189,79.8114816064131,80.1501787018757,79.8585408742174,78.95018046618189,77.48422916822531,75.58055201004228,73.37419824043339,71.0002187403542,68.5721261841777,66.11727581148699,63.64149150074816,61.15061348486758,58.650511017896974,56.14710453019366,53.646403981066726,51.154574417046476
44.17560296633444,46.23665079304223,48.241500918175674,50.2086311099052,52.15710012364116,54.10628479759822,56.07574066012472,58.08512614189192,60.154160370205815,62.28278001918912,64.39166311813256,66.3816760487484,68.1536942679472,69.65038325226779,70.98154337817036,72.29876238585133,73.75363065687986,75.43160688028541,77.15361752940525,78.70004261147074,79.95361227743291,80.81491368887785,81.15361087710173,80.86197297000737,79.95361227743291,78.48766037415332,76.58398205357469,74.37762611562974,72.00364265570178,69.57554305552975,67.12068018451782,64.64487363190206,62.153955968245455,59.65378280074786,57.15025036330621,54.64932597427725,52.15710012364116
45.17450753310891,47.23726710320322,49.24315902150501,51.21093591792979,53.159812935130134,55.109258170373636,57.078881730044884,59.08837546450428,61.157479427011495,63.28614334775774,65.39505336965064,67.38508213144904,69.15710947576558,70.65380373972702,71.98496725299408,73.30218873146035,74.7570589874937,76.43503680953836,78.15704856820149,79.70347433333842,80.9570443997066,81.81834602641416,82.15704328826277,81.86540531811991,80.9570443997066,79.49109201598148,77.58741277280777,75.38105511385025,73.00706851097863,70.5789633199538,68.12409052892477,65.64826632262744,63.157317189587204,60.65708790411952,58.153455491034165,55.65235341084646,53.159812935130134
46.274343014408444,48.33846325937852,50.34518283415779,52.313473328364395,54.26267430181454,56.21232639511112,58.18208307677189,60.191662739900735,62.26082205388303,64.38952111448785,66.49845250563881,68.48849383283755,70.2605284198327,71.75722687427464,73.08839307610705,74.40561651564352,75.86048834718015,77.53846743806768,79.26048007737694,80.8069063846685,82.06047676883932,82.92177856640097,83.26047588668558,82.9688378665011,82.06047676883932,80.59452400378406,78.69084402834554,76.48448500341749,74.11049590598375,71.68238627747732,69.22750561286688,66.75166739464919,64.26069328376116,61.76041945558856,59.25670768594162,56.75546455371892,54.26267430181454
47.27491860453321,49.340120120350626,51.34749710148127,53.31619543265792,55.26565360831181,57.21546991672906,59.185332270411706,61.19498014049503,63.26418338912006,65.39291034109142,67.50185869334805,69.49190999382658,71.26395032938223,72.76065210982762,74.09182044558358,75.4090454416267,76.86391852364358,78.54189862161374,80.26391195989297,81.81033869749317,83.06390933390423,83.92521126707294,84.26390863373823,83.97227057383569,83.06390933390423,81.59795626618691,79.694275709549,77.4879156004482,75.11392452307538,72.68581137252559,70.2309244586126,67.75507511901037,65.26408118282512,62.76377199992339,60.25999724125208,57.75864214431826,55.26565360831181
48.276082403287845,50.342142946220214,52.3500420232522,54.319064177227375,56.26872654353649,58.21867320960379,60.18861944343479,62.198321452768226,64.26755957369545,66.39630866358976,68.5052704780829,70.4953296944312,72.26737459264932,73.76407901295602,75.0952490424131,76.41247527385902,77.86734934838424,79.5453302456773,81.26734413872974,82.81377121786633,84.06734205448069,84.92864409528082,85.26734149875851,84.9757034073317,84.06734205448069,82.60138874654027,80.69770772860383,78.49134675899376,76.11735411013981,73.68923816413493,71.23434629012394,68.75848812339994,66.2674784516351,63.767141206934994,61.26331645152365,58.76187248080795,56.26872654353649
49.27771355824071,51.34445642987707,53.352770091494676,55.32204934093049,57.27187380443078,59.22192394804948,61.19193676277038,63.20168174456849,65.27094754451277,67.39971420562247,69.50868670522453,71.4987522044485,73.27080072407114,74.76750723964383,76.09867861339549,77.41590582538291,78.87078068766351,80.54876221938014,82.27077655275662,83.81720390297093,85.0707748984868,85.93207702471406,86.27077445740977,85.97913634096213,85.0707748984868,83.60482139988108,81.70114001581163,79.49477836321441,77.12078446707358,74.69266630230979,72.23777049145176,69.76190531859055,67.27088315734254,64.77052363951759,62.266659200206874,59.76514468570451,57.27187380443078
50.27971596614329,52.347000729363714,54.35564357103843,56.32512692588874,58.275080065524065,60.22521234727864,62.19527801054542,64.20505710094277,66.27434487027448,68.4031254778777,70.51210645833491,72.5021769443093,74.2742283382533,75.77093651684395,77.10210895756487,78.41933694780965,79.87421243533271,81.55219447059199,83.27420915345408,84.82063671882298,86.07420784045908,86.93551003448991,87.27420749037599,86.9825693540693,86.07420784045908,84.6082541905222,82.70457251585267,80.49821032116789,78.12421543505383,75.69609550925699,73.24119657371216,70.76532584004718,68.27429376579822,65.77391656949213,63.2700206321295,60.76845012407637,58.275080065524065
51.382013234535904,53.449728303517475,55.45863249376596,57.42827787782484,59.37833316006878,61.328530639913154,63.29863825115153,65.30844441440082,67.37774962118522,69.50654129826034,71.61552901002625,73.60560345400518,75.37765712930629,76.87436662783782,78.20553991541404,79.52276852336271,80.97764450714145,82.65562694206302,84.37764190231212,85.92406963844937,87.17764086018718,88.03894310803375,88.37764058232605,88.0860024302572,87.17764086018718,85.71168709013867,83.80800518481963,81.60164255987948,79.22764688802253,76.79952556449098,74.34462414887479,71.86874900157868,69.37770905931797,66.87731783140926,64.3733968934466,61.87178194144933,59.37833316006878
52.38454465796117,54.4526013907885,56.46171306281384,58.43148706884388,60.381623429475084,62.33187266023292,64.30201356689173,66.31184121840629,68.38116026551918,70.5099607285236,72.61895378296394,74.60903136842458,76.38108685444425,77.87779740061521,79.20897136034169,80.52620045856274,81.9810768362201,83.65905958835395,85.38107476876533,86.92750264044156,88.18107394163016,89.0423762321903,89.38107372109161,89.08943555651234,88.18107394163016,86.71512007624895,84.81143798786323,82.60507502142903,80.23107872592719,77.80295629301166,75.34805290895787,72.8721742585489,70.38112807140675,67.88072570649251,65.37678492517529,62.87513469684109,60.381623429475084
53.48726200859758,55.55559000209688,57.564866383570006,59.534742489088856,61.48494320655844,63.43523351403135,65.4054008480977,67.4152455551926,69.48457558751582,71.61338302396953,73.72238031891303,75.71246039777651,77.48451732096714,78.98122869865114,80.3124031918641,81.62963267921485,83.08450936949401,84.76249237339955,86.4845077285539,88.03093570780749,89.28450707205624,90.14580939651819,90.48450689701465,90.19286872250586,89.28450707205624,87.81855313100937,85.91487089732355,83.70850765984527,81.33451086935591,78.90638755592099,76.45148260951493,73.97560117867619,71.48455003494547,68.98413883051151,66.48018229928327,63.978504071374246,61.48494320655844
54.59012697907467,56.65867032392586,58.66807745494114,60.63803460454122,62.588286405141645,64.5386093164773,66.50879762650423,68.51865587083194,70.5879946222069,72.7168075935242,74.82580825416969,76.81589031205283,78.58794837592848,80.08466041358547,81.41583533022727,82.73306512643062,84.18794206483798,85.86592526857487,87.5879407624228,89.13436882706063,90.38794024136023,91.24924259273004,91.58794010242964,91.29630192003975,90.38794024136023,88.92198624025755,87.01830389124692,84.81194043864073,82.43794325527935,80.00981924297528,77.55491305652795,75.07902941885607,72.587974341064,70.08755612065286,67.58358708856707,65.08188663692232,62.588286405141645
55.69310914657774,57.76182344843565,59.77133436776016,61.741355846918324,63.69164819416346,65.6419969839911,67.61220194297233,69.62207093194095,71.69141660368521,73.82023396804752,75.92923730006021,77.91932092869516,79.69137989793418,81.1880924594125,82.51926771213019,83.8364977534701,85.29137488881702,86.96935825116017,88.69137385508932,90.23780198749664,91.49137344152167,92.35267581424829,92.69137333125238,92.39973514260728,91.49137344152167,90.02541939275262,88.12173695220861,85.91537332885531,83.54137583367108,81.11325126667393,78.65834409600426,76.18245870676489,73.69140050649713,71.19097671747244,68.68699776335811,66.18527967243385,63.69164819416346
56.79618435300873,58.86503436402789,60.87462766795599,62.84470020856014,64.79502473891876,66.74539406901613,68.71561224248488,70.72548975956386,72.79484092404243,74.92366177518005,77.03266722746321,79.02275210280649,80.79481179063357,82.29152476786942,83.62270028733082,84.93993052323583,86.39480781489381,88.07279130312288,89.79480699442354,91.34123518061956,92.59480666617466,93.4561090558522,93.79480657865388,93.50316838504403,92.59480666617466,91.1288525795728,89.22517006637868,87.01880630750327,84.64480856482507,82.21668355756748,79.76177560571948,77.28588882625826,74.7948281476742,72.29439993881985,69.79041310952874,67.2886810181171,64.79502473891876
58.178969716159784,60.29689683741755,62.380610877505646,64.44814618377555,66.51607479021587,68.59802444399294,70.70353683837425,72.83768961475879,75.00192257293602,77.18444534164999,79.32853815558674,81.36948347478322,83.2468148487773,84.93767725952024,86.53638074363667,88.15252837349023,89.87506220821456,91.73079370366985,93.56621246889438,95.23031540204673,96.7320531749098,98.04080821562411,98.68526818960478,98.18278246657576,96.7320531749098,94.67752056712936,92.24886023685997,89.62453585292822,86.9552186730202,84.34686654851753,81.78986481130156,79.25910775573041,76.7378839651977,74.21311931998808,71.67341688655344,69.10940911676528,66.51607479021587
55.92912434658366,57.99776445174801,60.00723032693158,61.97722388735825,63.92749863766687,65.87783619647372,67.84803392998624,69.85789825590356,71.92724092429015,74.05605638212475,76.16505855479733,78.15514150174576,79.92720007806852,81.42391241221503,82.75508751908005,84.07231745403381,85.52719450391149,87.20517779742153,88.92719335357683,90.47362145657304,91.72719289335775,92.5884952568158,92.92719277064984,92.63555458471943,91.72719289335775,90.2612388652753,88.3575564644556,86.1511929152044,83.77719555534732,81.34907122907988,78.89416448555025,76.41827985646911,73.92722301131693,71.42680163900253,68.9228269909318,66.42111655526095,63.92749863766687
54.12339214448254,56.19160240541032,58.20080730171085,60.1706390960333,62.12081188292649,64.07108436341358,66.04124022823399,68.05107753338862,70.1204027982563,72.24920720831634,74.35820266293348,76.34828165969117,78.12033795916768,79.61704897598551,80.94822323767212,82.26545255614553,83.72032911075081,85.39831200539064,87.12032728470874,88.66675521727514,89.92032655415659,90.78162886390558,91.1203263593699,90.82868818917038,89.92032655415659,88.45437264594766,86.55069047532022,84.34432735547162,81.97033077980052,79.54220784849988,77.08730358013499,74.61142335596804,72.12037436333597,69.61996699514856,67.11601729920558,64.61435122283353,62.12081188292649
52.983019651357566,55.07363392198815,57.116088306934586,59.129720096751015,61.13326146740279,63.14407428344333,65.17745809515544,67.24627397130195,69.36121834107578,71.51607439702869,73.64217977905764,75.65717375884725,77.4812599357031,79.07559510135906,80.54484153174232,82.02120349379388,83.62290604163715,85.40064612487154,87.1872406365315,88.80144620088018,90.2004975728962,91.33272595375942,91.86283344975249,91.43866285788636,90.2004975728962,88.39513447506238,86.20528122834946,83.782373781871,81.26143135854957,78.74609433417933,76.24261030238048,73.740861534058,71.23565412314328,68.723844965881,66.20321421959977,63.6726347643673,61.13326146740279
51.61431516653488,53.680761859841525,55.68889557564471,57.65806324054766,59.60781735257132,61.557822586882764,63.52780650578555,65.53753283785306,67.60678662536475,69.73554566075504,71.84451352314272,73.83457629567394,75.60662324365141,77.1033288499047,78.43449964024936,79.75172642669409,81.20660094709882,82.88458220348366,84.6065963457651,86.15302357833514,87.40659450488977,88.26789659404272,88.6065940140582,88.31495590846927,87.40659450488977,85.94064108903035,84.03695986385799,81.83059850766853,79.45660515283444,77.0284879509842,74.57359384866908,72.09773171638696,69.60671497543092,67.10636512390779,64.60251790706135,62.10103400816362,59.60781735257132
50.9692437674751,53.044231121955534,55.062783325954086,57.04464112720909,59.00939446350834,60.97626264555551,62.96387785955096,64.9901429725311,67.07227831074727,69.2084436288261,71.32228964437547,73.31944502881836,75.1063612001066,76.63129271323449,78.00315247114767,79.36841215566118,80.86870171891044,82.57814746893632,84.32079536843858,85.88910272911468,87.19042085544072,88.14353046119551,88.54939056805948,88.21104451206905,87.19042085544072,85.61473137845654,83.62297792849786,81.35261235110951,78.93645302995654,76.48378268083262,74.01535485664971,71.53231179166902,69.03734479308295,66.53377387296155,64.02519775266809,61.51554041853633,59.00939446350834
39.20868502361033,41.25187907715335,43.245823624154184,45.20616893512354,47.15035141371502,49.096796172048016,51.06448762420749,53.072733718010184,55.141033802280276,57.26918729875037,59.377786889971546,61.36763310344328,63.13955522344216,64.63618860530605,65.96731305682076,67.28450604296272,68.73935340841656,70.41731279527465,72.13931175886422,73.68572964691474,74.9392950958495,75.80059424017308,76.1392906529895,75.84765340991481,74.9392950958495,73.47334825256351,71.56967964862439,69.36334183607497,66.98939147685209,64.56135075747545,62.10659235826611,59.63097171706586,57.140385436759956,54.640803141940864,52.138323141707616,49.63926860713647,47.15035141371502
40.19788997251179,42.246429213147934,44.24364632677603,46.20603056113574,48.15150233447355,50.09877166490041,52.06699430532146,54.07558350011311,56.144104688631685,58.27239859113733,60.38108358058125,62.370980014425754,64.14293108309519,65.63958121470152,66.97071641288517,68.28791723787936,69.74277090105173,71.42073535986603,73.14273784369237,74.6891578989252,75.94272461823202,76.80402444552229,77.14272109192902,76.8510836488194,75.94272461823202,74.476776250632,72.57310471957607,70.36676144680231,67.99280111612646,65.56474265928057,63.10995278901133,60.634276145210734,58.14359004555271,55.64382978116504,53.141032831035645,50.64141530720663,48.15150233447355
41.18999695060934,43.242798988339224,45.24262133125609,47.206626933088785,49.15312325853955,51.10104755805433,53.06969201055493,55.078553609727564,57.14725032309141,59.27565567939283,61.38440845447148,63.37434475008823,65.14631879601538,66.64298222217059,67.97412595011554,69.29133299687774,70.74619165859183,72.42416014304251,74.14616542089303,75.69258719622397,76.9461549238276,77.80745529318963,78.14615212499733,77.85451452311972,76.9461549238276,75.48020534637645,73.57653149205984,71.37018388548356,68.99621564039907,66.56814310512524,64.11332825566963,61.63760716072346,59.14684182854218,56.646940291078096,54.14389171892009,51.643827164664756,49.15312325853955
42.184419472722695,44.24061777956911,46.24251282289518,48.207807245805384,50.15511754011739,52.10356200790345,54.072541383790295,56.0816192439987,58.150455293129795,60.27894911884286,62.387755698578445,64.37772363366145,66.14971591708017,67.6463898952956,68.97754039339502,70.29475237841993,71.74961500750385,73.42758668711818,75.14959418259369,76.69601732317017,77.9495858510607,78.81088665066585,79.14958362962653,78.85794590173458,77.9495858510607,76.48363531334863,74.57995961505469,72.37360856872468,69.99963404193144,67.5715503324827,65.11671565666227,62.64095927965158,60.150131056888625,57.65011737923032,55.146869057526686,52.64644957802642,50.15511754011739
43.1806875854288,45.239589672366805,47.243132934070495,49.20945152014801,51.157408354817505,53.106265881536714,55.075511168808106,57.08476070925096,59.15370736286715,61.282271412138584,63.391120698651406,65.38111374672411,67.15312050552042,68.64980285901856,69.98095873064253,71.29817463519572,72.75304041319873,74.4310146288249,76.15302388443465,77.69944810860893,78.9530172716883,79.81431841277796,80.1530155085342,79.86137768062446,78.9530172716883,77.48706597181575,75.58338880995348,73.37703503348129,71.00305552086826,68.57496294239594,66.12011253014529,63.64432814900633,61.15345000763324,58.65334731688529,56.14994043054196,53.64923917297395,51.157408354817505
44.178425449493645,46.23947868970669,48.24433211062343,50.21146434864359,52.159934653532574,54.10912015211575,56.0785765453974,58.087962369791114,60.15699681882259,62.285616607933505,64.3944997920933,66.38451277281817,68.15653102089996,69.65322002193179,70.98438015855614,72.30159917405771,73.75646745136926,75.43444367983486,77.15645433246667,78.70287941669424,79.95644908392379,80.81775049605011,81.15644768450701,80.86480977721308,79.95644908392379,78.49049717912348,76.58681885562459,74.38046291223225,72.00647944235615,69.5783798244878,67.12351692207682,64.64771031358339,62.15679255032008,59.65661920519997,57.153086451324825,54.65216149990242,52.159934653532574
45.17733296008501,47.240096834152624,49.2459913710859,51.21376989273857,53.16264793516399,55.112093825091534,57.08171780609638,59.09121181252844,61.16031595023135,63.28897998220165,65.39789007173258,67.38791887330319,69.15994624054443,70.65664051776969,71.98780403954669,73.30502552422017,74.75989578524036,76.4378736113012,78.15988537275177,79.70631113960476,80.95988120697885,81.82118283422722,82.15988009626076,81.86824212595953,80.95988120697885,79.49392882204674,77.59024957655524,75.38389191327411,73.00990530250661,70.58180009743614,68.12692728148545,65.65110303083733,63.16015381873716,60.6599243922839,58.156291728024485,55.65518920139965,53.16264793516399
46.277170782268314,48.341294447895535,50.34801610282937,52.31630788766489,54.26550967511173,56.21516228814346,58.18491930426288,60.19449918327537,62.263658636318155,64.39235778520454,66.50128923004097,68.49133058880732,70.26336519399794,71.76006365896745,73.09122986755423,74.4084533120174,75.86332514751209,77.54130424158728,79.26331688310894,80.80974319176251,82.06331357673173,82.92461537472263,83.26331269515404,82.97167467484384,82.06331357673173,80.59736081071848,78.69368083344034,76.48732180508063,74.1133327013799,71.6852230617254,69.2303423773345,66.75450412391517,64.26352995027594,61.7632560101989,59.25954404118201,56.75830055458087,54.26550967511173
47.277748233116704,49.34295246680912,51.35033110006031,53.319030456041475,55.26848927793827,57.218305998940224,59.18816861811183,61.19781665955395,63.26702001855614,65.39574704059851,67.504695435466,69.49474676100002,71.26678711099754,72.7634888997987,74.09465724091561,75.41188224086908,76.86675532602746,78.54473542652767,80.26674876656287,81.81317550524412,83.06674614228889,83.92804807579827,84.26674544258009,83.97510738257776,83.06674614228889,81.60079307381122,79.69711251571319,77.49075240388865,75.11676132154173,72.68864816214369,70.23376123253084,67.7579118649888,65.26691787899705,62.76660860727415,60.262833690354626,57.76147831212458,55.26848927793827
48.27891351047267,50.34497621241195,52.352876601426956,54.32189956906208,56.271562448403756,58.22150944198427,60.191455886552234,62.20115803190069,64.27039624043732,66.3991453859482,68.50810723426204,70.4981664704971,72.27021138017777,73.76691580711648,75.09808584082856,76.41531207537813,77.87018615239677,79.54816705169793,81.27018094614411,82.81660802613871,84.07017886325603,84.93148090432655,85.27017830789673,84.97854021639071,84.07017886325603,82.6042255547121,80.70054453561679,78.4941835638449,76.12019091104301,73.69207495801524,71.2371830715432,68.7613248826432,66.2703151713464,63.76997785614725,61.266152975129046,58.7647087811321,56.271562448403756
49.280545840092614,51.34729042648683,53.355605129863605,55.32488502527325,57.27470989603657,59.22476029963072,61.19477328162516,63.20451837138316,65.27378424086496,67.40255094611832,69.51152347256418,71.50158898757233,73.27363751629285,74.77034403712938,76.10151541425824,77.41874262870905,78.87361749296869,80.55159902627913,82.27361336076183,83.82004071165716,85.07361170757221,85.93491383401411,86.2736112667832,85.9819731502727,85.07361170757221,83.60765820848749,81.70397682349824,79.4976151691852,77.12362126991084,74.695503099573,72.2406072788246,69.7647420883622,67.27371989573732,64.7733603219562,62.26949578294801,59.76798109121697,57.27470989603657
50.282549181023185,52.34983530597479,54.35847897477012,56.327962842438254,58.27791630536183,60.22804879347672,62.19811458951584,64.20789376560397,66.27718159012885,68.40596223276938,70.5149432345327,72.50501373303507,74.27706513420009,75.77377331696866,77.10494576037009,78.42217375257005,79.87704924166385,81.55503127818815,83.27704596192825,84.82347352783768,86.07704464979064,86.9383468439918,87.27704429993611,86.98540616357953,86.07704464979064,84.61109099947353,82.70740932407395,80.50104712802732,78.1270522394262,75.69893230920522,73.24403336581037,70.76816261817524,68.27713051902225,65.7767532783031,63.27285726180848,60.77128661308237,58.27791630536183
51.38484719039829,53.45256334064494,55.46146818755328,57.43111397870406,59.38116951756935,61.331367161213166,63.30147487783756,65.31128110910153,67.38058635969355,69.50937806457813,71.6183657932548,73.60844024717724,75.38049392820967,76.87720343005722,78.20837671976095,79.52560532926148,80.98048131428695,82.65846375021255,84.38047871115853,85.92690644772478,87.18047766971408,88.04177991769583,88.38047739203435,88.08883923992593,87.18047766971408,85.7145238993638,83.81084199346533,81.60447936744424,79.23048369361332,76.8023623665703,74.34746094472357,71.87158578633928,69.38054582431208,66.88015456115231,64.37623356038127,61.87461849672768,59.38116951756935
52.3873792022177,54.45543679353456,56.46454898686075,58.43432331604272,60.384459880371665,62.334709241144196,64.30485023145086,66.31467793694986,68.38399701883336,70.5127975039103,72.6217905717728,74.61186816512563,76.38392365569429,77.88063420449718,79.21180816591229,80.52903726536502,81.98391364401188,83.66189639694267,85.38391157790714,86.93033944992388,88.18391075131208,89.04521304197955,89.38391053091755,89.09227236630684,88.18391075131208,86.71795688569136,84.81427479684575,82.60791182955361,80.23391553248503,77.80579309678247,75.35088970778345,72.87501104857377,70.3839648457429,67.8835624528496,65.37962162168051,62.87797130472208,60.384459880371665
53.4900970200368,55.558425695101775,57.56770249040066,59.53757885243242,61.48777973158785,63.43807014225793,65.4082375427174,67.41808229266054,69.48741235258152,71.61621980655431,73.72521711215103,75.71529719727856,77.48735412407974,78.98406550385272,80.31523999840593,81.63246948673427,83.08734617779882,84.76532918233686,86.48734453793018,88.03377251745405,89.28734388186122,90.14864620640833,90.48734370693393,90.19570553240018,89.28734388186122,87.82138994062429,85.91770770657341,83.71134446841421,81.33734767668129,78.9092243610343,76.4543194107032,73.97843797287933,71.4873868166964,68.9869755900553,66.48301901925912,63.981340721007356,61.48777973158785
54.59296236142667,56.66150624735164,58.67091370686414,60.64087106007568,62.59112298901309,64.54144598225916,66.51163434498349,68.52149262332031,70.59083139659984,72.71964438182212,74.8286450509231,76.81872711377804,78.59078518051938,80.08749721983438,81.41867213753994,82.7359019345192,84.19077887354995,85.86876207778884,87.59077757198523,89.13720563683752,90.39077705126289,91.2520794027003,91.59077691242301,91.29913873001335,90.39077705126289,88.92482305000932,87.02114070070894,84.81477724756235,82.44078006321396,80.01265604915416,77.55774985959152,75.08186621637552,72.5908111287001,70.09039289066305,67.5864238271718,65.08472331969497,62.59112298901309
55.69594482339252,57.76465955477326,59.7741707348536,61.74419237562903,63.69448482473959,65.64483367958132,67.61503868038923,69.62490769635122,71.69425338548123,73.82307076087997,75.93207409960382,77.9221577321849,79.69421670369842,81.1909292664927,82.52210452005468,83.83933456201046,85.29421169785212,86.97219506059376,88.69421066479943,90.24063879737699,91.49421025150184,92.35551262428211,92.69421014130457,92.40257195264377,91.49421025150184,90.02825620261304,88.12457376183907,85.91821013805682,83.54421264208924,81.1160880736985,78.66118090055625,76.1852955069165,73.69423729880431,71.19381349578984,68.6898345167488,66.18811638150996,63.69448482473959
56.79902026358229,58.867870615559525,60.87746412646693,62.847536795353534,64.79786140656549,66.74823078826569,68.71844899493277,70.72832653343659,72.7976777117143,74.92649857161157,77.0355040292214,79.02558890769672,80.79764859732907,82.2943615756094,83.62553709574094,84.94276733213474,86.3976446241854,88.07562811273074,89.79764380425088,91.34407199058204,92.59764347621635,93.45894586593646,93.79764338875273,93.5060051951304,92.59764347621635,91.13168938951945,89.22800687614281,87.02164311692695,84.64764537362697,82.21952036526335,79.76461241145282,77.28872562849901,74.79766494368882,72.29723672373072,69.79324987465515,67.2915177480706,64.79786140656549
58.18543533440412,60.303321499524245,62.38697415564313,64.45443013939312,66.5222652753525,68.60411325658728,70.70952424499356,72.84358660437783,75.0077522474085,77.19023756370515,79.33430615556335,81.37521670446534,83.25247738543683,84.94321382434532,86.5417526925867,88.15772799040343,89.88011726016981,91.7357575560323,93.5711200554218,95.23516613516948,96.73678893952462,98.04535257636992,98.68969264453526,98.18728869898626,96.73678893952462,94.68254007531183,92.25416738137409,89.63009818576262,86.9609766983022,84.35275070080505,81.79582276475156,79.26510609291273,76.74390471518718,74.21915825995471,71.67948270265335,69.11552232586091,66.5222652753525
55.93617652068049,58.00481781393016,60.0142844103993,61.98427841788846,63.934553449978154,65.88489118862877,67.85508903784391,69.86495343843153,71.93429615491148,74.06311164327569,76.17211383451304,78.16219679237746,79.93425537499208,81.4309677127789,82.7621428219795,84.07937275863685,85.53424980988314,87.21223310449543,88.93424866141574,90.4806767648829,91.7342482019437,92.59555056555017,92.93424807943495,92.6426098934611,91.7342482019437,90.26829417353,88.36461177207417,86.15824822163634,83.78425085961224,81.35612652948996,78.90121977912044,76.42533513786672,73.93427827101479,71.43385686000113,68.92988214297687,66.42817158472114,63.934553449978154
54.130442478191355,56.19865462428923,58.20786066525683,60.177693169128275,62.12786640327354,64.07813916922548,66.04829521770439,68.05813264138752,70.12745798259729,72.25626244111957,74.36525792520627,76.35533693929193,78.1273932487561,79.62410427135259,80.95527853674668,82.27250785792434,83.72738441470219,85.40536731109171,87.12738259162421,88.6738105249382,89.9273818622579,90.78868417224251,91.1273816677874,90.83574349751888,89.9273818622579,88.46142795352313,86.55774578188596,84.3513826601537,81.97738608104268,79.54926314362282,77.09435886440033,74.6184786209107,72.12742959383263,69.62702216421465,67.12307235881704,64.6214060878607,62.12786640327354
52.98981780101407,55.08041247661254,57.12283702583659,59.13642940706839,61.13992305847076,63.150682323149,65.18401093319177,67.25277600731394,69.36768154391608,71.52251560794353,73.64860661659087,75.66357975393821,77.48762277547127,79.08187834263882,80.55101520181631,82.02725512174533,83.6288489609258,85.40651725257791,87.19306615997317,88.80722458445948,90.206177222231,91.33823031221749,91.86822038989895,91.44413054625515,90.206177222231,88.401049720565,86.21140992298542,83.78867359500454,81.26785224236696,78.75258903227473,76.24914675912406,73.74742041100686,71.24222531491927,68.73042608579831,66.20980990084206,63.67925581441324,61.13992305847076
51.62135795138661,53.6878093867809,55.695945983837575,57.66511543546699,59.61487067400368,61.56487662744124,63.53486100905232,65.54458763975933,67.61384161962764,69.74260077712982,71.85156871377409,73.84163152996837,75.61367850311292,77.11038412392733,78.4415549236142,79.75878171687326,81.2136562427525,82.89163750354629,84.61365164888778,86.16007888334168,87.41364981100061,88.27495190074725,88.61364932096576,88.32201121520296,87.41364981100061,85.94769639381616,84.04401516609934,81.83765380516343,79.46366044166128,77.03554322439169,74.58064909471733,72.10478691374578,69.61377008599364,67.11342007968247,64.60957258705082,62.10808819790472,59.61487067400368
50.97623122356242,53.05121314465282,55.069757000071874,57.051603631871515,59.01634322180625,60.98319568088827,62.97079434924113,64.99704392259086,67.07916717445023,69.215325566191,71.32916702249301,73.32631574973897,75.11321796133458,76.63812308688308,78.0099450994031,79.37516067578393,80.87540898016312,82.58482639723294,84.32745582769245,85.89574369849683,87.19701963114204,88.15004939763344,88.55585215602163,88.21754588878603,87.19701963114204,85.62142782340942,83.62975456345765,81.35944828828235,78.94332851199535,76.49068136100891,74.02226636872288,71.53923010845894,69.0442668227056,66.54069888314463,64.03212711398503,61.52247730309928,59.01634322180625
39.210845844856465,41.254052959383955,43.24800551083149,45.208355811893924,47.15254144713194,49.098988224797296,51.06668097801059,53.07492791226423,55.14322853818044,57.27138237862194,59.37998217905998,61.36982851556837,63.14175070649026,64.63838412939052,65.96950860723433,67.28670161258137,68.74154899346453,70.41950839274888,72.14150736496299,73.68792525832308,74.94149071037026,75.8027898563671,76.1414862697558,75.84984902619104,74.94149071037026,73.47554386334969,71.57187525223917,69.36553742631222,66.9915870426594,64.56354627982635,62.10878780351398,59.63316702511065,57.142580500257594,54.64299776944523,52.14051699278616,49.64146107921089,47.15254144713194
40.20005788288728,42.24860754533363,44.24583103332782,46.20821923670776,48.15369351885621,50.10096445340879,52.069188127043915,54.077777989133864,56.14629960765089,58.27459378320356,60.3832789387167,62.37317547022049,64.14512659518344,65.64177675936108,66.97291197844251,68.29011281867992,69.74496649409869,71.42293096277575,73.14493345344744,74.69135351289451,75.94492023467166,76.80622006328997,77.14491671015094,76.85327926665235,75.94492023467166,74.47897186410748,72.57530032735957,70.36895704396805,67.99499669390197,65.56693820256415,63.112148271096615,60.636471518392796,58.14578522462159,55.6460246141352,53.14322704759587,50.643608428743946,48.15369351885621
41.19217052082807,43.24498086544598,45.244808281137445,47.20881703847843,49.15531535730585,51.10324093088678,53.071886203807395,55.08074833276122,57.149445387474046,59.27785096051619,61.3866038674127,63.37654024054484,65.14851433115334,66.64517778316088,67.97632152769262,69.2935285865535,70.74838725798762,72.42635575026642,74.14836103355012,75.6947828122259,76.94835054179023,77.80965091220635,78.14834774437458,77.85671014218823,76.94835054179023,75.48240096198646,73.57872710315209,71.37237948814844,68.99841122767384,66.57033866502343,64.11552376699366,61.639802585607754,59.14903709934866,56.64913528715397,54.14608622565001,51.64602080195504,49.15531535730585
42.1865975562422,44.24280247850507,46.24470155659053,48.209998487372516,50.15731036517387,52.10575584473595,54.07473587201589,56.08381415280404,58.15265047290117,60.28114447065603,62.38995115502098,64.37991915162996,66.15191147051306,67.64858546924779,68.97973598051226,70.29694797513999,71.75181061193875,73.42978229776631,75.15178979755412,76.6982129407854,77.95178147023213,78.81308227067393,79.15177924992078,78.86014152178376,77.95178147023213,76.48583093065278,74.5821552287731,72.37580417575427,70.00182963674581,67.57374590556807,65.11891119119365,62.643154745573696,60.15232640051278,57.652312504780525,55.14906379461908,52.64864362484283,50.15731036517387
43.18286926452153,45.241776616191075,47.24532308565269,49.21164366433929,51.15960175667355,53.10846008678604,55.0777058912105,57.08695576552577,59.15590263423125,61.28446682006157,63.3933161896222,65.38330928652934,67.1553160734742,68.65199844325872,69.98315432533188,71.30037023750687,72.75523602163318,74.43321024219077,76.15521950122323,77.70164372750466,78.9552128918192,79.8165140335729,80.15521112955624,79.86357330145199,78.9552128918192,77.48926159046457,75.58558442575628,73.37923064397515,71.00525112166687,68.57715852594808,66.12230808309673,63.64652364750128,61.155645409056234,58.65554254521024,56.15213535050758,53.65143354494033,51.15960175667355
44.18060999085607,46.241667418586665,48.24652338889152,50.21365720977765,52.162128513410806,54.11131464986582,56.0807714537016,58.090157543126594,60.159192162889354,62.28781206039288,64.39669531046992,66.38670832995554,68.15872660037913,69.65541561433756,70.98657575925552,72.30379478080656,73.75866306297817,75.43663929535788,77.15864995070629,78.7050750366063,79.95864470481618,80.81994611746953,81.15864330610671,80.86700539865842,79.95864470481618,78.49269279883956,76.58901447308179,74.38265852547572,72.00867504790446,69.5805754163475,67.12571248964846,64.64990583793212,62.158987997620216,59.65881451510411,57.15528151645873,54.654356130009106,52.162128513410806
45.17951977858404,47.242286981907895,49.248183544430645,51.21596332324438,53.164842158710854,55.11428855505511,57.083912861973374,59.09340707878397,61.16251135200565,63.2911754700109,65.40008561186175,67.39011444419725,69.16214182917138,70.65883611665657,71.98999964501624,73.3072211344912,74.76209139936884,76.44006922853632,78.16208099214307,79.70850676032344,80.96207682847566,81.82337845614231,82.16207571831896,81.87043774789521,80.96207682847566,79.4961244426099,77.59244519532552,75.38608752869993,73.0121009118248,70.5839956958896,68.12912286066131,65.65329857570664,63.16234930245136,60.6621197669418,58.158486908392206,55.65738403643567,53.164842158710854
46.27935941151398,48.34348572312307,50.350208987117625,52.3185017702919,54.267704187388404,56.21735720245002,58.18711447728262,60.196694523287164,62.26585408389715,64.3945533010718,66.50348478743541,68.49352617062021,70.26556078988557,71.76225926299841,73.0934254768099,74.410648925084,75.86552076364038,77.54349986018129,79.26551250341431,80.81193881312146,82.06550919870827,82.92681099703117,83.26550831757613,82.9738702971687,82.06550919870827,80.59955643195397,78.69587645325281,76.4895174222386,74.11552831369022,71.68741866541237,69.23253796572072,66.75669968507194,64.26572546289287,61.76545143625464,59.26173931301949,56.760495552296646,54.267704187388404
47.27993830168886,49.34514463773861,51.35252454895314,53.321224697649996,55.27068401943404,57.22050105958192,59.19036388411672,61.20001205810968,63.26921550249169,65.39794257873592,67.50689100656413,69.49694235147928,71.26898271264798,72.76568450791257,74.09685285317633,75.41407785615453,76.86895094374296,78.54693104620024,80.26894438759376,81.8153711271112,83.06894176464617,83.93024369841908,84.26894106529102,83.9773030052115,83.06894176464617,81.60298869558032,79.69930813635285,77.49294802242147,75.11895693622692,72.6908437699845,70.23595682822739,67.76010743907311,65.26911341455467,62.76880407412608,60.265029034797124,57.763673438976554,55.27068401943404
48.28110472278732,50.34716909478196,52.3550704986537,54.32409409567805,56.27375737186493,58.223704618786144,60.19365122636509,62.203353476924974,64.27259175322995,66.40134094176182,68.51030281623692,70.5003620678549,72.27240698640219,73.76911141847091,75.10028145547437,76.41750769242469,77.87238177137206,79.55036267222656,81.27237656775083,82.81880364840913,84.07237448591552,84.93367652719519,85.27237393083689,84.98073583926964,84.07237448591552,82.60642117690475,80.702740156913,78.49637918346889,76.12238652761314,73.69427056915298,71.23937867304198,68.76352046698821,66.27251072511235,63.77217335538022,61.26834837720159,58.76690401049035,56.27375737186493
49.28273796104699,51.34948387385636,53.357799383063735,55.327079778152495,57.276904963945256,59.226955568637734,61.19696868002296,63.206713853290964,65.275979776562,67.4047465159617,69.51371906317199,71.50378459038964,73.27583312614766,74.77253965105592,76.10371103079716,77.42093824715342,78.87581311294389,80.55379464748722,82.2758089828256,83.8222363342477,85.07580733047156,85.93710945707943,86.27580688990534,85.98416877334617,85.07580733047156,83.60985383101632,81.70617244531556,79.49981078967525,77.12581688797707,74.69769871332753,72.24280288492865,69.76693768085121,67.27591546395546,64.77555584689071,62.271691230763736,59.770176401941285,57.276904963945256
50.284742023701995,52.352029201992025,54.36067351058874,56.330157774936,58.28011148793213,60.23024413567252,62.200310034414784,64.21008927678713,66.27937714400548,68.40815781374832,70.51713883199253,72.50720934018565,74.27926074693633,75.77596893293662,77.1071413784115,78.42436937212383,79.8792448624327,81.55722689993551,83.27924158435476,84.8256691506823,86.07924027288034,86.94054246721325,87.27923992320268,86.98760178680746,86.07924027288034,84.61328662226919,82.70960494630488,80.50324274920482,78.12924785867986,75.70112792503667,73.24622897556964,70.7703582171282,68.27932609871124,65.77894882363734,63.27505274593193,60.773481988391296,58.28011148793213
51.387040606248526,53.45475759288475,55.46366294773817,57.433309053786004,59.38336479115516,61.33356256150243,63.30367035964589,65.31347664352113,67.38278192799955,69.51157365439545,71.62056139615311,73.61063585776712,75.38268954323293,76.8793990476455,78.21057233899494,79.52780094969584,80.98267693568566,82.66065937238794,84.38267433387294,85.92910207077108,87.18267329295489,88.04397554104125,88.38267301541552,88.09103486327645,87.18267329295489,85.71671952237119,83.8130376160245,81.60667498916732,79.23267931380947,76.80455798405023,74.34965655738397,71.87378139042269,69.38274141310558,66.88235012267812,64.37842907332302,61.87681392330016,59.38336479115516
52.38957307320776,54.45763132859078,56.46674392515793,58.43651850430703,60.38665522620191,62.33690468754445,64.30704574255505,66.31687348981255,68.38619259859207,70.51499310074274,72.62398617898768,74.61406377844531,76.38611927253277,77.88282982337152,79.21400378609279,80.53123288649827,81.98610926591057,83.66409201945778,85.3861072008501,86.93253507313023,88.18610637467285,89.04740866542329,89.3861061543897,89.09446798975468,88.18610637467285,86.72015250886685,84.8164704196655,82.61010745170975,80.23611115342919,77.80798871557079,75.35308532274652,72.87720665672924,70.38616044176268,67.8857580272268,65.38181715749592,62.880166771984165,60.38665522620191
53.492291252406034,55.56062045468143,57.56989757008624,59.539774130537936,61.489975134761906,63.44026562525788,65.41043307707432,67.42027786016176,69.48960794143032,71.61841540895465,73.72741272279197,75.71749281276493,77.48954974235893,78.98626112374774,80.31743561933772,81.63466510842225,83.08954180009434,84.76752480512161,86.48954016105452,88.03596814078745,89.28953950531715,90.15084182993014,90.48953933047828,90.19790115592525,89.28953950531715,87.82358556393318,85.91990332959995,83.71354009091402,81.3395432982192,78.91141998086111,76.45651502749391,73.98063358426681,71.48958241845177,68.98917117463282,66.48521457322968,63.98353622056587,61.489975134761906
54.59515688070749,56.66370118516835,58.67310889878273,60.64306640949346,62.593318437703104,64.54364149430918,66.51382989779644,68.5236882024403,70.59302699266357,72.72183998864173,74.83084066428327,76.82092273098404,78.59298079994207,80.0896928405396,81.42086775906802,82.73809755664746,84.19297449616039,85.87095770078761,87.5929731952535,89.13940126027174,90.39297267479438,91.2542750262841,91.59297253602467,91.30133435359969,90.39297267479438,88.9270186734241,87.02333632389963,84.81697287033495,82.4429756852231,80.01485166980521,77.55994547783281,75.0840618303283,72.59300673500778,70.09258848333657,67.58861939555237,65.08691884488788,62.593318437703104
55.698139570448646,57.76685463407745,59.776366015859736,61.74638778165064,63.69668030955698,65.64702921468894,67.61723424785097,69.62710328469306,71.69644898727144,73.82526637120719,75.9342697151223,77.92435335075581,79.69641232402873,81.19312488784095,82.52430014205603,83.84153018448816,85.29640732071255,86.9743906837624,88.696406288182,90.24283442089127,91.4964058750933,92.35770824791508,92.69640576495172,92.40476757627876,91.4964058750933,90.03045182611187,88.12676938516003,85.92040576104596,83.5464082644724,81.11828369500375,78.66337651994886,76.1874911229053,73.6964329087252,71.19600909488926,68.6920300965667,66.19031192704928,63.69668030955698
56.80121519145747,58.870065807175365,60.87965947818708,62.849732246303745,64.80005692005807,66.75042634167448,68.72064457402138,70.73052212909789,72.79987331804966,74.92869418472279,77.03769964645291,79.02778452735097,80.79984421837975,82.296557197468,83.6277327181179,84.94496295488983,86.39984024724424,88.07782373603419,89.79983942772414,91.3462676141598,92.59983909985539,93.46114148960844,93.79983901243597,93.50820081880401,92.59983909985539,91.13388501308498,89.23020249956718,87.02383874008794,84.649840996307,82.22171598708783,79.76680803175924,77.29092124610382,74.79986055647754,72.29943232793039,69.79544546355098,67.29371330975918,64.80005692005807
58.187682238544866,60.30557196550063,62.38922996006143,64.4566928424355,66.52453610760489,68.60639293157156,70.71181273971393,72.84588296323206,75.01005446118046,77.19254303503875,79.33661373371493,81.3775273069294,83.25479413683243,84.94554153309109,86.5440947204768,88.16008500916067,89.88248685480272,91.73813508442164,93.57350247863945,95.2375535043897,96.73918631069296,98.04776659969158,98.69211710001468,98.18970603955648,96.73918631069296,94.68491276199786,92.25651504642676,89.63242365311788,86.96328514404823,84.35504817621465,81.79811382118247,79.2673936369436,76.74619030986318,74.2214422725634,71.68176437773025,69.11779987899922,66.52453610760489
55.93837116982603,58.007012832416464,60.016479653112,61.986473799579656,63.93674891926675,65.88708671382547,67.85728459900912,69.86714902280951,71.93649175424027,74.06530725209522,76.17430944910383,78.16439241036167,79.93645099493224,81.43316333385074,82.76433844377738,84.08156838096434,85.53644543263613,87.21442872759106,88.93644428474917,90.48287238836278,91.73644382550938,92.59774618916198,92.93644370306257,92.64480551707518,91.73644382550938,90.2704897969927,88.36680739533912,86.16044384453244,83.78644648183466,81.35832215051403,78.90341539801817,76.42753075298035,73.93647387938262,71.43605245633849,68.93207771787864,66.4303671215149,63.93674891926675
54.13263655521416,56.200849287356206,58.2100556841671,60.17988840861639,62.1300617817991,64.0803346364936,66.0504907420665,68.06032820259661,70.12965356753892,72.25845804112666,74.36745353437456,76.357532553847,78.12958886641604,79.62629989080892,80.95747415735553,82.27470347937387,83.72958003682712,85.4075629337606,87.12957821467059,88.676006148217,89.92957748567294,90.79087979573077,91.12957729130072,90.83793912101075,89.92957748567294,88.4636235767747,86.55994140482358,84.35357828250577,81.97958170232539,79.55145876300327,77.09655448040544,74.62067423090897,72.12962519312265,69.62921774440774,67.12526790498393,64.6236015735371,62.1300617817991
52.99203578700465,55.08263216660286,57.12505931037879,59.138655118655535,61.142152919851966,63.15291684155005,65.18625025218418,67.25501974433357,69.36992865811658,71.52476463471473,73.65085689337599,75.66583184334061,77.48987861801393,79.08414110780714,80.55328749650644,82.02953803082426,83.63114132496978,85.40881586083246,87.19536873479504,88.80953125945186,90.20849248514503,91.34056082240143,91.87056111375638,91.44646424617277,90.20849248514503,88.40334449157845,86.21368612929973,83.79093491892064,81.27010303693166,78.75483340744438,76.25138750271987,73.74965920482492,71.24446303777978,68.73266294526115,66.21204549398715,63.681489201383286,61.142152919851966
51.62354968168749,53.690002591260665,55.69814008401529,57.667310091085625,59.61706567982209,61.56707185681472,63.53705638226815,65.54678310581332,67.6160371454796,69.74479634094274,71.85376430067117,73.84382713043902,75.61587411140727,77.1125797367483,78.44375053933939,79.76097733471681,81.21585186229792,82.89383312446233,84.6158472707551,86.16227450579461,87.41584543379685,88.27714752372805,88.6158449440097,88.32420683819282,87.41584543379685,85.9498920162005,84.04621078769267,81.83984942528124,79.46585605908444,77.03773883702144,74.58284469884188,72.10698250273427,69.61596564799976,67.1156155935696,64.61176801520449,62.110283473654675,59.61706567982209
50.978432747675086,53.05341514123795,55.071959722627255,57.05380732569502,59.01854811098262,60.98540193730247,62.973002044436456,64.99925296909073,67.08137727196588,69.21753626601428,71.33137811878449,73.32852742493522,75.1154308504577,76.64033827066464,78.01216356553844,79.37738297761227,80.87763486994156,82.58705475091737,84.32968578749976,85.8979753532081,87.19925495517968,88.15229166489259,88.55809941066286,88.21978968314195,87.19925495517968,85.62365465379911,83.63197442038393,81.36166298825995,78.9455397731683,76.49289060489505,74.02447449676436,71.54143764477251,69.04647403615719,66.54290583741165,64.03433368988502,61.52468322479166,59.01854811098262
39.21305931411625,41.256279801079856,43.25024054780751,45.210595957916,47.154784825041986,49.10123367016979,51.06892775544604,53.077175550181394,55.14547673065276,57.27363092326348,59.38223093790458,61.3720774003819,63.143999663917086,64.64063312883172,65.97175763363214,67.28895065864194,68.74379805532215,70.42175746732886,72.14375644837307,73.69017434716932,74.94373980240306,75.80503895011306,76.14373536408772,75.85209812002117,74.94373980240306,73.47779295155891,71.57412433310608,69.36778649348284,66.99383608481783,64.56579527749267,62.1110367222397,59.6354158033634,57.14482902813495,54.64524585093838,52.14276427934885,49.64370695390276,47.154784825041986
40.202278610333565,42.25083894307943,44.24806895739944,46.21046122440809,48.155938075165125,50.10321065207648,52.07143538355086,54.08002592884296,56.148547987606506,58.27684244271366,60.38552776825392,62.37542439974443,64.1473755823425,65.64402577986773,66.97516102034498,68.29236187618892,69.7472155641459,71.42518004292083,73.14718254060098,74.69360260436272,75.94716932866905,76.80846915864709,77.14716580597312,76.85552836207629,75.94716932866905,74.48122095507014,72.57754941249459,70.37120611823225,67.9972457483138,65.56918722166205,63.11439722753768,60.63872036333521,58.14803387082458,55.64827290599098,53.14547470835083,50.64585496837787,48.155938075165125
41.19439704307281,43.2472158926233,45.247048502013214,47.211060490076704,49.157560849792155,51.10548772780512,53.07413384069909,55.082996512060404,57.15169391625753,59.28009971120588,61.388852753061855,63.37878920555673,65.15076334191147,66.6474268203875,67.97857058190132,69.29577765314923,70.75063633453499,72.42860483482849,74.15061012367485,75.69703190577519,76.95059963734695,77.81190000884229,78.15059684137964,77.85895923887719,76.95059963734695,75.48465005513447,73.5809761916747,71.37462856804285,69.00066029181133,66.57258770113188,64.1177727533703,61.64205148348461,59.151285839475634,56.651383746002736,54.148334183490306,51.648267869634175,49.157560849792155
42.18882869939341,44.24504039477934,46.246943603799565,48.21224310222887,50.15955660126073,52.108003116713036,54.07698381091083,56.08606252230234,58.1548991198234,60.28339329372028,62.39220008520816,64.38216814480944,66.15416050000209,67.65083451974517,68.98198504448848,70.29919704894787,71.75405969364532,73.43203138583416,75.15403889003707,76.70046203598645,77.95403056702646,78.81533136832482,79.15402834786465,78.86239061947674,77.95403056702646,76.48808002553534,74.58440431998443,72.37805326011735,70.00407870860258,67.57599495517795,65.12116020133074,62.64540368546639,60.15457521519281,57.654561096189354,55.151311988312045,52.65089111180846,50.15955660126073
43.18510408896436,45.24401683086536,47.247566584544515,49.21388920333325,51.16184858330725,53.110707735960546,55.07995406986336,57.08920428600817,59.15815137492912,61.28671570057284,63.39556515516051,65.38555830206596,67.15756511783022,68.65424750428926,69.98540339706068,71.30261931703912,72.75748510743463,74.43545933304122,76.15746859557791,77.70389282401669,78.95746198959583,79.8187631320294,80.15746022824527,79.86582239994192,78.95746198959583,77.49151068672381,75.58783351910168,73.38147973188512,71.00750019965048,68.57940758627421,66.12455711209286,63.64877262074312,61.15789428291262,58.657791241843185,56.154383731432176,53.653681364805266,51.16184858330725
44.1828477458006,46.24390946086558,48.24876804132357,50.21590348280198,52.164375808982896,54.11356259851226,56.083019822686865,58.09240618345959,60.16144097802257,62.290060986502,64.39894430406727,66.38895736323734,68.16097565653521,69.65766468372837,70.98882483713754,72.30604386488223,73.76091215202973,75.43888838841683,77.16089904654659,78.70732413415887,79.9608938033725,80.82219521656543,81.16089240538719,80.86925449778084,79.9608938033725,78.4949418961915,76.59126356812104,74.38490761620082,72.010924130751,69.5828244851792,67.12796153361326,64.65215483764388,62.161236918447116,59.66106329526053,57.1575300460114,54.656604214166606,52.164375808982896
45.181759864945775,47.244530476881586,49.2504291132729,51.21821017921066,53.16708982661896,55.11653674144938,57.08616138204849,59.09565581425149,61.164760226221745,63.29342443231235,65.40233462773001,67.39236349156361,69.16439089469327,70.66108519268292,71.99224872778214,73.309470222173,74.76434049100004,76.44231832334813,78.16433008916249,79.71075585870193,80.96432592765078,81.82562755574571,82.16432481806885,81.87268684751965,80.96432592765078,79.49837354082909,77.59469429170912,75.38833662165942,73.014349998531,70.5862447714722,68.13137191650685,65.65554759642802,63.16459826056018,60.664368613395226,58.160735555925,55.65963233040655,53.16708982661896
46.281601351783706,48.345730372442084,50.35245528384797,52.32074908915493,54.26995215090764,56.219605577580666,58.18936311729229,60.19894333426876,62.26810300500955,64.39680229209995,66.50573382098048,68.49577522916563,70.26780986284115,71.76450834429144,73.09567456345214,74.41289801562803,75.86776985731902,77.54574895638443,79.26776160136961,80.8141879121554,82.06775829837453,82.92906009703736,83.26775741769859,82.9761193971916,82.06775829837453,80.60180553086154,78.69812555070347,76.49176651697154,74.11777740345991,71.6896677463532,69.23478703099616,66.75894872246896,64.26797445059324,61.76770033533083,59.263988054202,56.76274401282441,54.26995215090764
47.28218171559212,49.34739020410804,51.35477142374463,53.323472384050234,55.27293221763534,57.22274958453531,59.19261261932763,61.202260929030444,63.271464460827104,65.400191592565,67.50914005413945,69.4991914188976,71.27123179150375,72.76793359338578,74.09910194289523,75.4163269489703,76.87120003904667,78.54918014350766,80.27119348629184,81.81762022666545,83.07119086470226,83.93249279874497,84.2711901657092,83.97955210555065,83.07119086470226,81.60523779503423,79.70155723465041,77.49519711856195,75.12120602842808,72.69309285517818,70.23820590098735,67.76235648970578,65.27136242574242,62.77105301497075,60.26727785031501,57.76592203171816,55.27293221763534
48.28334930769397,50.349415389548355,52.357317832464474,54.32634207387832,56.27600575636839,58.2259532626681,60.19590003714299,62.20560239542178,64.27484074111018,66.40358997368833,68.51255187494817,70.50261114231569,72.27465606994093,73.77136050726196,75.10253054763524,76.41975678704353,77.8746308679656,79.55261177041041,81.27462566703846,82.8210527483763,84.074623586281,84.93592562777482,85.27462303148978,84.98298493985979,84.074623586281,82.60867027679231,80.70498925588274,78.49862828072656,76.12463562174418,73.69651965772213,71.24162775174248,68.76576952812613,66.27475975494241,63.77442232937763,61.27059725172302,58.76915270818121,56.27600575636839
49.28498347625022,51.35173074708827,53.36004708133184,55.32932798800856,57.279153496338836,59.22920430692234,61.199217550782066,63.20896280955033,65.27822878789252,67.40699556225236,69.51596813072194,71.5060336704401,73.27808221340331,74.77478874248033,76.1059601248962,77.42318734320337,78.87806221056115,80.55604374636673,82.2780580825812,83.82448543454262,85.07805643108264,85.93935855786046,86.2780559907445,85.98641787413558,85.07805643108264,83.61210293124806,81.70842154481883,79.50205988781967,77.12806598363986,74.69994780457583,72.24505196834417,69.76918675032721,67.27816450858214,64.77780484720219,62.27394015211851,59.77242518293744,57.279153496338836
50.286988277831185,52.354276534564434,54.362921498210994,56.332406168691364,58.28236013771999,60.2324929488902,62.202558952783264,64.21233826301955,66.28162617394885,68.41040687143996,70.5193879065578,72.50945842467263,74.28150983714211,75.77821802645116,77.1093904740489,78.42661846930966,79.88149396086249,81.55947599936718,83.28149068448175,84.82791825123738,86.08148937368632,86.94279156815415,87.28148902418968,86.989850887755,86.08148937368632,84.61553572277408,82.71185404623161,80.505491848053,78.13149695555839,75.70337701841143,73.24847806272749,70.7726072932222,68.28157515508217,65.78119784483475,63.27730170445972,60.77573083551127,58.28236013771999
51.38928744720994,53.45700529016965,55.46591116507402,57.43555759352378,59.385613534127685,61.335811434198064,63.30591931580339,65.31572565354374,67.38503097271617,69.51382272113611,71.62281047628647,73.61288494577538,75.38493863578023,76.88164814281896,78.21282143585333,79.5300500477832,80.98492603476035,82.66290847225781,84.38492343429472,85.93135117153261,87.1849223939156,88.046224642109,88.38492211651993,88.09328396434948,87.1849223939156,85.7189686230929,83.81528671628732,81.6089240885741,79.23492841165293,76.80680707911276,74.35190564751211,71.87603047176941,69.38499047879799,66.88459916045295,64.38067806135595,61.87906282290541,59.385613534127685
52.39182038015649,54.459879315432474,56.46899232485096,58.43876715992461,60.38890404314061,62.33915360745003,64.30929472870662,66.31912251871783,68.38844165503438,70.51724217466568,72.62623526354048,74.61631286924843,76.38836836693848,77.88507891986164,79.21625288392025,80.5334819853012,81.98835836549713,83.6663411196755,85.38835630150585,86.93478417405564,88.18835547575631,89.04965776659176,89.38835525558721,89.09671709092733,88.18835547575631,86.72240160976065,84.81871952019506,82.61235655155988,80.23836025203855,77.81023781197288,75.35533441523216,72.87945574224509,70.38840951485362,67.88800707815936,65.38406616894764,62.88241571324876,60.38890404314061
53.494538929346774,55.562868671397595,57.57214611453735,59.54202287813787,61.49222401041111,63.44251458263541,65.41268208703278,67.42252690405444,69.49185700717939,71.6206644885782,73.72966181085246,75.7197419057863,77.49179883823973,78.98851022128297,80.31968471793435,81.63691420779313,83.09179090008715,84.76977390561541,86.49178926189597,88.03821724184291,89.2917886064981,90.15309093117853,90.49178843174974,90.20015025717697,89.2917886064981,87.8258346649636,85.92215243034126,83.71578919111606,81.34179239743642,78.91366907832642,76.45876412185073,73.9828826730917,71.49183149741495,68.99142023600872,66.48746360326926,63.98578519489659,61.49222401041111
54.597404851397826,56.665949584369486,58.67535755814167,60.6453152301052,62.59556735995302,64.54589048142913,66.51607892665078,68.5259372582286,70.59527606579947,72.72408907278988,74.83308975512786,76.82317182576608,78.59522989699366,80.09194193890426,81.42311685827516,82.74034665646909,84.19522359647567,85.8732068015005,87.59522229624235,89.14165036143046,90.39522177605267,91.25652412759592,91.59522163735481,91.30358345491416,90.39522177605267,88.92926777456293,87.02558542480898,84.8192219708163,82.44522478492279,80.0171007681144,77.5621945736748,75.08631092177953,72.5952558186318,70.0948375530015,67.59086844034533,65.08916784546392,62.59556735995302
55.70038777434283,57.76910317813807,59.778614766429456,61.74863666021528,63.6989292687953,65.649278225416,67.61948329170322,69.62935234992304,71.69869806627031,73.82751545894652,75.93651880817661,77.92660244693528,79.69866142200954,81.19537398686396,82.52654924174772,83.84377928466759,85.2986564212838,86.9766397846492,88.69865538928781,90.2450835221319,91.49865497641298,92.35995734927725,92.69865486632841,92.40701667764301,91.49865497641298,90.03270092733672,88.12901848620274,85.92265486174898,83.548657364555,81.12053279398275,78.66562561696963,76.18974021644112,73.69868199604853,71.1982581711332,68.6942791530696,66.19256094845666,63.6989292687953
56.80346358048013,58.87231446622434,60.88190830115607,62.851981170867745,64.80230590865493,66.7526753711389,68.72289362977764,70.73277120182182,72.80212240170198,74.93094327531242,77.0399487412611,79.0300336246396,80.8020933170981,82.29880629701356,83.62998181819418,84.94721205535319,86.4020893480186,88.08007283705903,89.80208852892281,91.3485167154655,92.60208820122384,93.46339059101061,93.80208811384966,93.51044992020782,92.60208820122384,91.13613411437814,89.23245160071576,87.02608784096694,84.65209009669354,82.22396508659843,79.7690571297156,77.2931703412942,74.802109646737,72.30168140939611,69.79769452934812,67.2959623477007,64.80230590865493
58.18621792548524,60.304142732269966,62.38785330352603,64.45538412731794,66.5233074518848,68.60525136042429,70.71075802475745,72.84490569214353,75.00913484675408,77.19165549928536,79.33574694460557,81.37669029919377,83.25401767890168,84.9448729721556,86.54356715566371,88.15970504931099,89.88223071686086,91.73795706014154,93.57337264676897,95.23747236817037,96.7392036463772,98.04794787490486,98.69240107577158,98.18991997208397,96.7392036463772,94.68468706777514,92.25604298760186,89.63173302145671,86.9624268984424,84.35408190053899,81.797084333427,79.26632955975015,76.74510703566813,74.22034341829992,71.68064250353336,69.11663741176471,66.5233074518848
55.93640264647733,58.00504397779069,60.01451059736824,61.9845046191803,63.934779660297664,65.88511740471007,67.85531525763207,69.86517966061197,71.9345223786327,74.06333786797502,76.17234005980717,78.16242301802127,79.9344816008375,81.43119393874095,82.76236904801637,84.07959898472828,85.53447603601842,87.21245933066604,88.93447488761086,90.48090299109313,91.73447442816276,92.59577679177397,92.93447430566039,92.64283611968514,91.73447442816276,90.26852039973843,88.36483799826223,86.1584744477864,83.78447708569286,81.35635275544709,78.90144600485843,76.42556136321473,73.93450449566758,71.43408308341405,68.9301083641807,66.42839780199762,63.934779660297664
54.13066854502617,56.19888075152082,58.20808682916106,60.177919355764885,62.12809260423916,64.07836537933676,66.04852143369968,68.0583588611802,70.12768420483582,72.25648866491072,74.36548414994155,76.35556316458235,78.12761947436653,79.62433049714815,80.95550476266101,82.27273408392533,83.72761064077278,85.40559353721835,87.12760881778975,88.6740367511277,89.92760808846143,90.78891039845358,91.12760789400107,90.83596972373033,89.92760808846143,88.46165417970981,86.55797200804028,84.3516088862477,81.97761230702646,79.54948936941057,77.0945850898402,74.61870484573151,72.12765581754986,69.6272483859638,67.1232985770595,64.6216322998691,62.12809260423916
52.99028665313401,55.080899816346815,57.12335251512957,59.1369820777894,61.14052075163701,63.15133054131087,65.18471123342876,67.25352423864982,69.36846641390372,71.5233212270686,73.64942579684511,75.66441859881442,77.48850233695123,79.08283300453488,80.55207324322924,82.02842830905439,83.63012471425813,85.4078607409514,87.19445267580204,88.80865557660132,90.20770136991266,91.33991984674579,91.87002070875117,91.44585467904038,90.20770136991266,88.40235158398487,86.21251039839092,83.78961262150793,81.26867703988805,78.75334418684929,76.24986251491025,73.74811501360463,71.24290829863142,68.7310997024345,66.2104697790542,63.67989175748947,61.14052075163701
51.62158377637206,53.68803536369282,55.69617205305869,57.665341561930944,59.61509683655868,61.565102813035466,63.53508720947072,65.54481384974547,67.61406783577647,69.74282699719086,71.85179493621413,73.84185775380726,75.61390472775813,77.11061034903904,78.44178114902525,79.75900794250262,81.21388246855724,82.89186372949229,84.61387787493182,86.16030510944606,87.41387603714037,88.27517812690604,88.61387554713106,88.32223744136269,87.41387603714037,85.94792261991347,84.04424139211511,81.83788003102717,79.4638866672473,77.0357694494837,74.58087531893281,72.10501313640137,69.61399630586845,67.11364629459823,64.60979879313102,62.108314388278444,59.61509683655868
50.97652146819112,53.05150851558916,55.07006024774638,57.05191741773238,59.01666997712442,60.98353727055512,62.97115154944204,64.99741578417341,67.0795504393105,69.21571536593748,71.32956112381484,73.32671613201767,75.11363151435773,76.63856153616757,78.0104191608804,79.3756763526222,80.87596358414746,82.58540773296292,84.32805458870986,85.89636084794424,87.19767658977192,88.15078168361721,88.55663854962869,88.21829474215902,87.19767658977192,85.62199263241938,83.6302437143665,81.35988148846951,78.94372440223651,76.49105536418884,74.02262826522193,71.53958558482196,69.04461879607351,66.5410480444041,64.03247217002342,61.52281526108301,59.01666997712442
39.217421549885955,41.26066837076361,43.25464525607737,45.21501072714819,47.159205958634594,49.105658875083066,51.07335558350208,53.08160507272541,55.149907345243946,57.278062231356955,59.38666266781311,61.37650937835221,63.14843178487962,64.64506533253021,65.97618989041433,67.29338295414459,68.74823038193283,70.42618981899287,72.14818881742559,73.69460672692679,74.94817218843565,75.80947133951922,76.14816775464772,75.85653050959306,74.94817218843565,73.48222533006205,71.57855669715045,69.372218830556,66.99826837263632,64.57022747769598,62.11546876699089,59.63984757149103,57.1492603032159,54.64967624698596,52.14719310999456,49.648133004246304,47.159205958634594
40.206655139449495,42.25523648479272,44.252479351071614,46.21487962034696,48.16036152930343,50.107637340404025,52.07586415500987,54.08445604568499,56.152978971395484,58.28127397700973,60.38995963737243,62.379856465759815,64.15180776185464,65.64845802504891,66.9795933076594,68.29679419423618,69.75164790688385,71.4296124055437,73.15161491702517,74.69803498928346,75.95160171857039,76.81290155122605,77.15159819946788,76.85996075478678,75.95160171857039,74.48565333899529,72.5819817849438,70.37563846927429,68.00167806026207,65.57361946406904,63.11882934655901,60.643152262790096,58.15246537891586,55.652703716291114,53.149904275867755,50.65028232814739,48.16036152930343
41.19878498367436,43.25162058159706,45.251463418650374,47.21548176877887,49.16198614748354,51.10991559422749,53.07856336122373,55.08742710071061,57.15612519312276,59.284531425055505,61.393284732677614,63.38322134145601,65.15519556789553,66.65185909849404,67.98300289344948,69.30020998909029,70.7550686900732,72.43303720614948,74.15504250594995,75.70146429479406,76.9550320303189,77.81633240393947,78.1550292372037,77.8633916340788,76.9550320303189,75.48908244336315,73.5854085707949,71.37906093017207,69.00509262291158,66.57701997703654,64.12220493134166,61.64648348717954,59.15571753252479,56.65581488515048,54.15276433603685,51.652696269247414,49.16198614748354
42.19322573974546,44.249450773096626,46.25136211692535,48.21666667166086,50.16398336327538,52.11243191863633,54.081413926149665,56.09049348549851,58.15933062933104,60.28782515009202,62.396632152529605,64.3866003361772,66.15859276287168,67.655266823985,68.9864173752712,70.30362939909139,71.75849205934318,73.43646376405886,75.1584712769561,76.704894428258,77.9584629624356,78.81976376542076,79.15846074553752,78.86682301665556,77.9584629624356,76.4925124171797,74.58883670439943,72.38248563104653,70.00851105490389,67.58042725767011,65.12559242609187,62.64983577190023,60.15900705505416,57.658992496378374,55.15574260530697,52.65532033709398,50.16398336327538
43.189508378703565,45.24843173529034,47.2519879563789,49.218314592609104,51.16627650824603,53.115137280672855,55.08438465724083,57.09363554652671,59.16258306910257,61.291147670070984,63.39999729209643,65.38999053746005,67.16199740997628,68.65867982927128,69.98983574310995,71.30705167845517,72.76191748119624,74.43989171674542,76.16190098618284,77.7083252188699,78.96189438693935,79.82319553071173,80.1618926273855,79.87025479869001,78.96189438693935,77.49594308107925,75.59226590771911,73.38591210979882,71.01193255801698,68.58383990986908,66.12898937399177,63.65320477284901,61.16232623930577,58.66222284924268,56.15881471712932,53.658111245646495,51.16627650824603
44.18725780642018,46.24832796428271,48.25319168475094,50.220330317555046,52.16880465737022,54.11799273295398,56.08745078487267,58.09683767999147,60.16587281877628,62.294493045792734,64.4033764962578,66.39338963357577,68.16540797191831,69.66209702517361,70.993257195304,72.31047623524535,73.76534453219153,75.44332077647012,77.16533144007698,78.71175653106116,79.9653262022513,80.82662761650688,81.16532480569208,80.87368689777449,79.9653262022513,78.49937429269869,76.59569596007394,74.38933999965818,72.01535649869368,69.58725682552344,67.1323938249889,64.65658704187513,62.16566896733599,59.66549506713689,57.16196132439134,54.66103461546089,52.16880465737022
45.18617451669236,47.24895184100025,49.254854561327065,51.22263816191213,53.17151940822208,55.12096734407143,57.09059264176503,59.10008749812519,61.16919218332322,63.2978565628741,65.40676686377718,67.39679578963779,69.16882322851978,70.66551754719512,71.99668109556603,73.31390259963743,74.76877287624174,76.44675071485335,78.16876248501484,79.71518825723055,80.9687583277482,81.83005995668654,82.16875721929813,81.87711924850191,80.9687583277482,79.50280593904412,77.59912668630943,75.3927690095168,73.01878237407435,70.59067712511055,68.13580423127846,65.65997984203207,63.169030382865714,60.668800515825666,58.16516706663501,55.66406314487179,53.17151940822208
46.286019654320405,48.350154009739185,50.356882165283785,52.32517798340753,54.274382314637364,56.22403655186815,58.19379461318755,60.20337516684704,62.27253505446066,64.40123447923119,66.51016609183723,68.50020754925393,70.27224221130632,71.76894070917496,73.10010693886943,74.41733039872881,75.87220224659262,77.55018135062937,79.27219399906491,80.81862031197487,82.07219069943915,82.93349249877139,83.27218981966156,82.98055179895852,82.07219069943915,80.60623793043212,78.702557947405,76.49619890832119,74.12220978503592,71.6941001105431,69.23921936433732,66.76338100091117,64.27240663117134,61.77213234138756,59.26841974932981,56.76717515527848,54.274382314637364
47.28660292006383,49.351815647292625,51.35919944351734,53.32790200206861,55.2773628435082,57.227180853858215,59.197044302695986,61.206692879642716,63.275896583578884,65.4046238245965,67.51357235262503,69.50362375645865,71.2756641515877,72.77236596650104,74.10353432437118,75.42075933654465,76.87563243152042,78.55361253992714,80.2756258854499,81.82205262750944,83.07562326653452,83.93692520110855,84.2756225682545,83.98398450794033,83.07562326653452,81.60967019568068,79.70598963301973,77.49962951268346,75.1256384147922,72.69752522774294,70.24263824906731,67.766788794212,65.27579465257257,62.77548510327921,60.27170969182629,57.770353434531714,55.2773628435082
48.28777281814796,50.35384226711669,52.361746756152584,54.33077226651842,56.28043674911312,58.23038476618876,60.200331869320166,62.21003443972218,64.27927292204248,66.40802224135781,68.51698419536302,70.50704349374499,72.27908843924678,73.77579288691078,75.10696293391999,76.42418917816855,77.87906326297929,79.55704416855585,81.27905806735751,82.8254851500335,84.07905598872259,84.94035803063811,85.27905543449731,84.98741734274378,84.07905598872259,82.61310267829268,80.70942165557577,78.5030606770481,76.12906801190866,73.70095203693403,71.24606011152068,68.77020185331958,66.27919201848353,63.77885448297148,61.275029209425796,58.77358431766402,56.28043674911312
49.28940881867653,51.35615876378977,53.36447672272084,55.33375863683233,57.283584780313205,59.23363599634351,61.20364950107596,63.21339492821386,65.28266101500381,67.41142785820819,69.52040046854216,71.5104660328767,73.28251459002857,74.77922112731486,76.11039251499764,77.42761973714659,78.88249460759081,80.56047614588203,82.28249048382169,83.82891783684522,85.08248883400779,85.94379096112034,86.28248839411884,85.99085027741191,85.08248883400779,83.61653533342619,81.71285394556244,79.50649228588733,77.13249837682068,74.70438018906356,72.24948433740732,69.77361909194028,67.28259680126122,64.78223705261445,62.27837220204685,59.77685695646744,57.283584780313205
50.2914150753754,52.35870545581392,54.36735170940514,56.33683717965525,58.28679165287076,60.23692478587179,62.20699099683095,64.21677044070691,66.28605843771311,68.41483918984687,70.52382025819281,72.51389079584577,74.28594221957682,75.7826504154016,77.11382286717969,78.43105086548967,79.8859263594922,81.56390839996976,83.28592308645364,84.83235065405222,86.08592177699533,86.9472239717288,87.28592142785519,86.99428329134271,86.08592177699533,84.61996812549017,82.71628644780913,80.50992424750659,78.13592935113329,75.7078094070866,73.25291043916013,70.77703964786758,68.28600747088831,65.78563009137619,63.28173382759033,60.78016273925428,58.28679165287076
51.393715400363334,53.461434929622484,55.47034182862717,57.439988891960596,59.39004523278042,61.34024338830545,63.31035143426634,65.32015787807948,67.38946326557235,69.51825505736267,71.62724283888635,73.61731732388276,75.38937102282591,76.88608053503617,78.21725383138852,79.53448244573856,80.98935843466008,82.66734087372339,84.38935583684709,85.93578357475405,87.18935479752923,88.05065704593349,88.38935452041652,88.09771636818434,87.18935479752923,85.72340102623596,83.81971911852668,81.61335648912771,79.23936080912799,76.81123947111149,74.35633802979395,71.88046283675862,69.38942281296025,66.88903143963917,64.38511024258891,61.88349483000398,59.39004523278042
52.396249250947065,54.46430952508949,56.47342334750748,58.44319868655542,60.393335887449794,62.3435856545246,64.31372690623478,66.32355478043783,68.39287397098111,70.52167452503579,72.63066763484319,74.62074525285949,76.39280075764393,77.88951131467175,79.22068528136381,80.53791438466564,81.99279076640482,83.67077352182602,85.39278870451896,86.9392165775998,88.19278787961176,89.05409017061456,89.39278765966725,89.10114949495834,88.19278787961176,86.72683401324261,84.82315192295974,82.6167889529866,80.24279265102182,77.81467020660958,75.35976680215656,72.88388811544425,70.3928418635853,67.8924393832561,65.38849839629756,62.88684780238414,60.393335887449794
53.49896852873725,55.567299333730475,57.57657742225582,59.54645458590308,61.4966559703347,63.4469467035009,65.41711431144215,67.42695919528806,69.49628934145326,71.6250968501741,73.73409418906266,75.72417429376569,77.49623123184992,78.99294261815102,80.32411711689261,81.64134660827597,83.09622330179486,84.77420630830954,86.49622166527476,88.0426496456432,89.29622101054545,90.15752333535872,90.49622083597535,90.20458266136366,89.29622101054545,87.83026706871448,85.92658483352288,83.7202215932357,81.34622479761671,78.91810147505683,76.46319651245987,73.9873150528071,71.49626385771043,68.99585256167089,66.49189586722294,63.99021734914682,61.4966559703347
54.60183502924909,56.67038060605731,58.679789092140055,60.64974708164743,62.59999941164412,64.55032266086421,66.52051118827049,68.5303695728875,70.5997084146197,72.72852144329575,74.83752213882056,76.82760421721258,78.59966229290934,80.09637433740573,81.42754925843559,82.74477905783962,84.1996559988184,85.87763920462613,87.59965469991137,89.14608276543404,90.39965418025236,91.26095653190103,91.59965404169598,91.30801585922444,90.39965418025236,88.93370017852729,87.03001782832149,84.82365437348597,82.44965718605317,80.02153316650663,77.56662696720855,75.09074330666692,72.59968818810552,70.09926989498658,67.59530073335186,65.09360005139713,62.59999941164412
55.704818411426274,57.773534485087595,59.7830464800428,61.75306862588005,63.703361393325025,65.65371045133892,67.62391558285724,69.63378468317475,71.7031304266361,73.83194783652425,75.94095119622077,77.93103484113365,79.70309381975511,81.19980638666186,82.53098164286234,83.84821168674264,85.3030888241305,86.9810721881173,88.70308779318722,90.24951592629685,91.50308738073356,92.36438975368151,92.70308727076129,92.4114490820514,91.50308738073356,90.03713333147054,88.13345088997794,85.92708726485519,83.55308976643951,81.12496519369395,78.67005801282465,76.19417260543351,73.70311437280705,71.20269052607387,68.69871146913565,66.19699319541158,63.703361393325025
56.80789458212418,58.87674599961237,60.88634015734027,62.85641322711581,64.80673809099842,66.75710763395995,68.72732594437335,70.73720354983078,72.8065547712315,74.93537565850315,77.04438113275901,79.03446602102213,80.80652571629602,82.30323869784044,83.63441422006613,84.95164445798747,86.40652175126532,88.08450524079896,89.80652093300505,91.35294911975849,92.60652060564036,93.46782299549353,93.80652051835531,93.51488232469401,92.60652060564036,91.14056651864642,89.23688400469942,87.03052024441958,84.65652249917656,82.2283974873565,79.77348952741302,77.29760273354472,74.8065420292775,72.3061137746197,69.8021268637167,67.30039462721511,64.80673809099842
58.194190329835166,60.31206801152254,62.39570795271736,64.46314750547477,66.53096327934554,68.61279019889174,70.71818018023652,72.85222380851424,75.01637550599462,77.1988530632326,79.34291663693301,81.38381998231382,83.26106601727335,84.95177635692407,86.55028111813112,88.16622070851719,89.88858002290979,91.74420142064196,93.57955226054,95.24358655885386,96.74518553831729,98.05370950890334,98.69802472688683,98.19563772960691,96.74518553831729,94.69099547282532,92.26268237955259,89.63866605711641,86.96958511317578,84.36138524547614,81.80447259842316,79.27376429253805,76.7525675578422,74.22782487081811,71.68815488110134,69.12420432200804,66.53096327934554
55.94504971315584,58.01369249854058,60.02316000088318,61.99315456984468,63.94342995582731,65.89376792034633,67.86396591487402,69.87383040924112,71.94317318612218,74.07198871282898,76.18099092738208,78.17107389895604,79.9431324894727,81.43984483183144,82.7710199439653,84.0882498827622,85.5431269357274,87.22111023172401,88.9431257896051,90.48955389366378,91.7431253310713,92.60442769486417,92.9431252088127,92.65148702278425,91.7431253310713,90.27717130224154,88.37348889998681,86.16712534805872,83.79312798331301,81.36500364834937,78.91009688938954,76.43421223284813,73.94315533874317,71.4427338791265,68.93875907550256,66.43704836329074,63.94342995582731
54.13931335929264,56.20752787300714,58.2167353515801,60.186568746584854,62.1367425424406,64.08701566691198,66.05717194605023,68.06700951859494,70.1363349556839,72.26513947507061,74.3741349961685,76.36421403201665,78.13627035402448,79.63298138387839,80.96415565392874,82.28138497850276,83.73626153800916,85.41424443659616,87.13625971865383,88.68268765290676,89.93625899077684,90.79756130105734,91.13625879670343,90.84462062634826,89.93625899077684,88.47030508138167,86.56662290847628,84.36025978437837,81.98626320094709,79.55814025584203,77.10323596298332,74.62735569522604,72.13630662488677,69.63589911811727,67.13194917525402,64.6302826599165,62.1367425424406
52.99864167162744,55.08923228880417,57.13165065856518,59.14523487756006,61.1487186453155,63.15946681823908,65.19278399453677,67.26153854604321,69.37643603903607,71.53126554778405,73.65735357919768,75.67232239931984,77.49635648174197,79.09059556074976,80.55970972257359,82.03592436102136,83.63749568007434,85.41514909898217,87.20168855858964,88.81583721703413,90.21476939945721,91.34678617202879,91.87675192155868,91.45267880839738,90.21476939945721,88.40969070669297,86.22009512701261,83.79739424586617,81.27659797174599,78.76135005109015,76.25791642743056,73.75619472318104,71.25100217783509,68.73920500510073,66.21859183617843,63.688043004267925,61.1487186453155
51.63021935172889,53.69667674280923,55.70481695848467,57.67398865409365,59.62374530743584,61.573752164034744,63.543737126768036,65.55346413254068,67.62271835399243,69.75147766485668,71.86044569476083,73.85050856579218,75.62255557054442,77.11926120964635,78.45043202106626,79.76765882288349,81.22253335563828,82.90051462196934,84.62252877115398,86.16895600797386,87.42252693701968,88.2838290275119,88.62252644798545,88.33088834200426,87.42252693701968,85.95657351817108,84.05289228725866,81.8465309203616,79.47253754597313,77.04442030933818,74.58952614530293,72.1136639031817,69.62264696642103,67.12229676570938,64.61844892671513,62.11696392185891,59.62374530743584
50.9850943012068,53.060075097022974,55.078617223418476,57.06046154197382,59.025198284964986,60.9920474877258,62.979642729360634,65.00588908433012,67.08800983299993,69.22416679023203,71.33800730227024,73.33515465074485,75.1220539711417,76.64695363151503,78.01876782645465,79.38397426734196,80.88421402625363,82.5936255749927,84.33625118011341,85.90453501412188,87.20580220742082,88.15881543696192,88.56460631664609,88.22630829095465,87.20580220742082,85.63023062923,83.63857397805705,81.36827998518834,78.9521683990762,76.49952605263618,74.0311137179401,71.54807886698433,69.05311635018552,66.54954902791961,64.04097815990961,61.53132990713699,59.025198284964986
39.21847105538973,41.26172420794453,43.25570497356628,45.216072863652386,47.16026962535514,49.10672352069099,51.074420859804334,53.08267075644099,55.15097329152522,57.279128344379984,59.38772888225492,61.37757565243659,63.14949809334422,64.64613166088736,65.97725623153462,67.29444930457461,68.74929673984228,70.42725618292602,72.14925518553952,73.69567309761453,74.94923856063215,75.81053771252685,76.14923412793277,75.85759688264055,74.94923856063215,73.4832917004482,71.57962306406023,69.373285190981,66.99933472121882,64.57129380521278,62.11653505713167,59.64091379512203,57.15032640830158,54.650742140721846,52.14825862735398,49.64919785312499,47.16026962535514
40.207708081624666,42.256294479180795,44.253540435535484,46.21594262883947,48.16142575396417,50.108702342676146,52.07692965813874,54.08552187229026,56.15404500644459,58.28234014441962,60.3910258852851,62.38092276101325,64.15287408439657,65.64952436337992,66.98065965612071,68.29786055008671,69.75271426867084,71.43067877211169,73.1526812869115,74.69910136121268,75.95266809169708,76.81396792499653,77.15266457345854,76.86102712858889,75.95266809169708,74.48671971068512,72.58304815387442,70.37670483305789,68.00274441464617,65.57468580173305,63.119895654556885,60.64421851799666,58.15353154002523,55.65376970962754,53.15096997039639,50.65134749185739,48.16142575396417
41.199840669600476,43.25268029444649,45.25252559059595,47.21654547038882,49.163050815398535,51.11098087975434,53.07962904445378,55.088493040754784,57.15719129863746,59.28559763563622,61.39435100715761,63.38428765351192,65.15626190161092,66.65292544474146,67.9840692477374,69.3012763492431,70.75613505493783,72.43410357480883,74.15610887724306,75.70253066770859,76.95609840418388,77.81739877831544,78.15609561175442,77.86445800847986,76.95609840418388,75.49014881608767,73.58647494132944,71.3801272966214,69.00615898190048,66.57808632275453,64.12327125351314,61.64754976744899,59.156783738104366,56.65688095755314,54.15383017122673,51.65376168297176,49.163050815398535
42.19428361358793,44.25051185386863,46.25242515359372,48.21773092404223,50.165048383264434,52.11349742908989,54.082479752369466,56.09155951559639,58.16039679078095,60.28889139493994,62.39769844809703,64.38766666156963,66.1596591054556,67.65633317651574,68.98748373418374,70.30469576265895,71.75955842665053,73.43753013437808,75.15953764936576,76.70596080195457,77.95952933688656,78.82083014027728,79.15952712053274,78.86788939153199,77.95952933688656,76.49357879072548,74.58990307620698,72.38355199961168,70.00957741754766,67.58149360978065,65.12665875951322,62.650902072062934,60.16007329593239,57.66005863154433,55.15680855216618,52.6563859493384,50.165048383264434
43.19056799556258,45.249493904299655,47.25305168038109,49.21937928254419,51.16734180784225,53.11620296971847,55.085450596979,57.094701648111084,59.16364927495245,61.292213942118366,63.4010636044016,65.39105687343792,67.16306375959927,68.65974618678914,69.99090210569312,71.30811804473304,72.7629838504424,74.4409580883821,76.1629673594787,77.70939159318722,78.96296076185538,79.82426190594967,80.16295900273352,79.87132117394378,78.96296076185538,77.49700945527685,75.5933322805371,73.3869784800433,71.01299892356164,68.58490626705344,66.13005571634231,63.65427108880155,61.163392508202264,58.66328903422914,56.15988075263721,53.65917701550906,51.16734180784225
44.188318810806294,46.24939099861678,48.25425595492335,50.22139535503294,52.169870178995325,54.11905856379083,56.088516814727626,58.09790383832154,60.166939059869094,62.29555933942933,64.40444282184806,66.39445597795545,68.16647432712827,69.66316338664979,70.99432356080055,72.31154260367438,73.76641090297653,75.44438714915248,77.16639781407622,78.7128229058711,79.96639257753651,80.82769399204757,81.16639118132014,80.87475327332771,79.96639257753651,78.50044066741364,76.5967623336939,74.39040637123553,72.01642286654075,69.58832318673494,67.13346017442663,64.65765337036038,62.16673525847162,59.66656129166921,57.16302743027023,54.66210051045826,52.169870178995325
45.187236624948845,47.2500155631473,49.25591926539448,51.22370347539649,53.17258510613752,55.122033287474935,57.091658743156586,59.101153701498674,61.170258452390016,63.29892287364669,65.40783319991206,67.3978621406861,69.16988958816418,70.66658391181306,71.99774746337495,73.31496896977387,74.7698392482481,76.44781708836564,78.16982885957236,79.71625463243154,80.9698247033264,81.8311263324675,82.16982359514844,81.87818562429283,80.9698247033264,79.50387231416971,77.60019306056591,75.39383538215205,73.01984874374888,70.5917434895184,68.13687058634142,65.66104618046478,63.170096691653214,60.669866771747664,58.166233228374,55.66512913920964,53.17258510613752
46.28708264035575,48.35121827843768,50.357947213985824,52.32624351606022,54.27544815251605,56.225102584632765,58.194860771364574,60.204441405974194,62.27360134573145,64.40230080360502,66.51123243634154,68.50127390559518,70.27330857447035,71.7700070762865,73.10117330851367,74.4183967702204,75.87326861956839,77.55124772480042,79.27326037406553,80.81968668748623,82.07325707524987,82.93455887474306,83.27325619568828,82.98161817493809,82.07325707524987,80.60730430588362,78.70362432216669,76.49726528179612,74.1232761561609,71.6951664774879,69.24028572386501,66.76444734723927,64.27347295396956,61.77319862222487,59.26948595540915,56.768241228476114,54.27544815251605
47.28766660382619,49.352880350189224,51.360264765914906,53.328967708739526,55.27842879250197,57.22824695755949,59.198110505947966,61.20775914714929,63.27696289247368,65.40569015976588,67.51463870377226,69.50469011700095,71.27673051754527,72.77343233559178,74.10460069547213,75.42182570911186,76.87669880526559,78.55467891462104,80.27669226080222,81.82311900326712,83.07668964252983,83.9379915772316,84.27668894442124,83.98505088406966,83.07668964252983,81.61073657139087,79.7070560081824,77.50069588682484,75.12670478706843,72.69859159670132,70.24370461213871,67.76785514680678,65.27686098649137,62.77655140389264,60.27277593310123,57.7714195703287,55.27842879250197
48.288837056348946,50.35490731488884,52.36281229588259,54.33183811134816,56.281502786315485,58.2314509261992,60.20139810835087,62.21110072975458,64.28033924492586,66.40908858509579,68.51805055178278,70.50810985762169,72.28015480742161,73.77685925757243,75.10802930617712,76.42525555158947,77.88012963733516,79.55811054366472,81.28012444298898,82.82655152598667,84.0801223648644,84.94142440688131,85.28012181077516,84.98848371899194,84.0801223648644,82.61416905420818,80.71048803105671,78.50412705171843,76.13013438509861,73.70201840749061,71.24712647740475,68.7712682108883,66.2802583612289,63.77992079928177,61.27609547863716,58.77465050315138,56.281502786315485
49.290473497347364,51.35722408544892,53.36554243501084,55.3348245913443,57.28465088753717,59.23470220105078,61.20471576850598,63.214461236125686,65.2837273489902,67.41249420874715,69.52146682914679,71.51153239939995,73.28358095996325,74.7802874992233,76.11145888817246,77.42868611124509,78.88356098243139,80.56154252132026,82.28355685967472,83.8299842129536,85.08355521026587,85.94485733745887,86.2835547704849,85.99191665375442,85.08355521026587,83.61760170950464,81.713920321296,79.50755866097751,77.13356475073587,74.70544656088863,72.2505507055238,69.77468545345681,67.28366315101235,64.78330338138366,62.27943849343242,59.777923181397355,57.28465088753717
50.292480103906996,52.359770994957614,54.36841755869591,56.337903221238136,58.287857815677455,60.23799102605764,62.208057286802585,64.2178367628101,66.28712478051213,68.41590554578387,70.52488662211897,72.51495716446956,74.2870085909083,75.78371678829966,77.11488924108286,78.43211724012598,79.8869927347175,81.56497477566941,83.2869894624825,84.83341703028375,86.08698815334566,86.94829034814303,87.28698780429127,86.99534966776007,86.08698815334566,84.62103450169798,82.71735282374317,80.51099062293,78.1369957256241,75.70887577991849,73.25397680904851,70.77810601251755,68.28707382619999,65.78669643003425,63.2828001365762,60.78122899549186,58.287857815677455
51.39478070674332,53.46250064144698,55.47140778668059,57.441055002661855,59.39111143970729,61.341309656652356,63.31141774212996,65.32122421144662,67.39052961536606,69.51932141758408,71.62830920544884,73.61838369417376,75.39043739526603,76.88714690871973,78.21832020586979,79.53554882080172,80.99042481019072,82.66840724963052,84.39042221301551,85.93684995108336,87.19042117395284,88.05172342240779,88.39042089690815,88.09878274466112,87.19042117395284,85.72446740254642,83.82078549461986,81.6144228648156,79.24042718407568,76.81230584474251,74.35740440108866,71.88152920389561,69.39048917268539,66.89009778614617,64.3861765655446,61.8845611110918,59.39111143970729
52.397314777958684,54.46537537401068,56.474489391901656,58.4442648521223,60.39440212939746,62.344651945224015,64.31479322829968,66.32462112274534,68.39394032632657,70.5227408886578,72.63173400349815,74.6218116244738,76.39386713096397,77.89057768897865,79.22175165630394,80.53898076006762,81.99385714217782,83.67183989789783,85.39385508079818,86.94028295400669,88.19385425609352,89.05515654713653,89.39385403620298,89.10221587148229,88.19385425609352,86.72790038963453,84.82421829917922,82.61785532888437,80.24385902633212,77.81573658087481,75.36083317456746,72.88495448455518,70.39390822681341,67.89350573599286,65.38956473034135,62.887914103196394,60.39440212939746
53.50003423092937,55.568365291490494,57.57764353518867,59.5475207950209,61.49772224008002,63.44801301194215,65.4181806447789,67.42802554469166,69.49735570120521,71.62616321649521,73.73516055937841,75.72524066643025,77.49729760586834,78.99400899295276,80.32518349219689,81.64241298394683,83.09728967776023,84.77527268451209,86.4972880416419,88.04371602211165,89.29728738707333,90.15858971191854,90.4972872125461,90.20564903792504,89.29728738707333,87.83133344517108,85.92765120984261,83.72128796930012,81.34729117321483,78.9191678498255,76.46426288575677,73.98838142348478,71.49733022371888,68.99691891935231,66.4929622100675,63.9912836656149,61.49772224008002
54.60290087052307,56.6714466502186,58.68085525947838,60.650813325334155,62.6010657034535,64.55138898338762,66.52157753055388,68.53143592792333,70.6007747778691,72.7295878117591,74.83858851045449,76.8286705907108,78.60072866748209,80.09744071260019,81.42861563402894,82.74584543372391,84.20072237493642,85.87870558093242,87.6007210763483,89.14714914195142,90.40072055681688,91.26202290849088,91.6007204182945,91.30908223581555,90.40072055681688,88.93476655503522,87.0310842047208,84.8247207496826,82.45072356187973,80.02259954167482,77.56769334120861,75.09180967858809,72.60075455632071,70.10033625659256,67.59636708318172,65.09466638029161,62.6010657034535
55.70588436311546,57.77460059783557,59.7841126905667,61.75413489700574,63.70442770264731,65.6547767850396,67.6249819322417,69.63485104268095,71.70419679266143,73.83301420668793,75.94201756890092,77.9321012152935,79.70416019476784,81.20087276216802,82.53204801868509,83.84927806279634,85.30415520036969,86.98213856450592,88.70415416967955,90.25058230285299,91.50415375732715,92.3654561302952,92.70415364738187,92.41251545866606,91.50415375732715,90.03819970801922,88.13451726644038,85.92815364115677,83.55415614244735,81.12603156917928,78.6711243873828,76.19523897834168,73.70418074277376,71.2037568907948,68.69977782450982,66.19805953416908,63.70442770264731
56.80896062146624,58.87781216680392,60.887406402143085,62.85747952002082,64.8078044142211,66.75817397653219,68.72839229939399,70.7382699128851,72.80762113946011,74.93644203001637,77.0454475062696,79.03553239570712,80.80759209165794,82.30430507359401,83.63548059607099,84.9527108341756,86.40758812760069,88.08557161725292,89.80758730954133,91.35401549634544,92.607586982257,93.46888937212614,93.80758689499338,93.51594870132742,92.607586982257,91.14163289522743,89.237950381212,87.03158662080448,84.65758887532832,82.22946386309353,79.77455590241416,77.29866910723624,74.80760840063438,72.30718014181303,69.80319322349143,67.30146097380101,64.8078044142211
58.19541352915901,60.31330210364014,62.396958370885244,64.46441902113044,66.53225965600386,68.61411361881042,70.71953057323718,72.85359825223782,75.01776785577232,77.20025537561652,79.34432539261263,81.38523798728373,83.26250282764636,84.95324667856359,86.55179523288064,88.16778067116587,89.8901784478052,91.745824110412,93.58118992088183,95.24523934632757,96.746868916453,98.05544381757949,98.69979094254253,98.19738218413677,96.746868916453,94.69260335454855,92.26421373488637,89.64012952381037,86.97099652222792,84.36276310394824,81.80583082583883,79.27511177807193,76.75390908172491,74.22916155631911,71.68948441781838,69.12552125278361,66.53225965600386
55.94611561738239,58.0147585818068,60.02422619284417,61.994220829176086,63.94449625762195,65.89483424924263,67.86503226120622,69.8748967668258,71.94423955095434,74.07305508226182,76.18205729961254,78.1721402728315,79.94419886429631,81.44091120720363,82.77208631968945,84.08931625874305,85.54419331191451,87.22217660807723,88.9441921660736,90.49062027020327,91.74419170765236,92.6054940714676,92.94419158542381,92.65255339938878,91.74419170765236,90.27823767877271,88.37455527642211,86.16819172431521,83.79419435924294,81.3660700236984,78.9111632637078,76.43527860533204,73.944221707957,71.44380024250853,68.9398254284936,66.43811469780879,63.94449625762195
54.14037898617977,56.20859378398217,58.217801435051854,60.187634936982704,62.137808800237465,64.08808196772718,66.05823827454198,68.06807586494841,70.13740131354183,72.26620584023155,74.37520136577038,76.36528040422976,78.1373367277427,79.63404775846743,80.9652220290765,82.28245135405803,83.73732791389185,85.41531081274252,87.1373260949832,88.68375402934876,89.93732536728488,90.79862767760089,91.13732517325913,90.84568700289356,89.93732536728488,88.47137145781046,86.5676892847529,84.36132616037116,81.9873295764215,79.55920663039433,77.10430233589938,74.62842206523024,72.13737298970014,69.63696547367331,67.13301551431572,64.63134896965518,62.137808800237465
52.99977643445672,55.090372262702815,57.132798566976746,59.14639326638775,61.14988972486418,63.160652139723766,65.19398399706617,67.26275205970828,69.37765988076336,71.53249523852625,73.65858709273058,75.67356145620137,77.49760701650214,79.09186726640056,80.56101057171784,82.03725767163834,83.6388579065351,85.4165304220233,87.20308201256583,88.81724321057489,90.21620165756998,91.34826506144637,91.87826204808954,91.45416745315455,90.21620165756998,88.41106029434539,86.22140793886328,83.7986615438475,81.27783306875251,78.76256551633784,76.25912078665371,73.75739311963363,71.25219729911021,68.74039748595476,66.21978044441383,63.689224865645926,61.14988972486418
51.63128384102763,53.6977419467261,55.70588259659627,57.67505456145807,59.624811384561255,61.574818349529465,63.54480338199099,65.55453043276734,67.62378468320638,69.75254401247236,71.86151205356666,73.85157493117785,75.62362193972265,77.1203275810189,78.45149839384663,79.76872519669075,81.22359973027052,82.90158099726598,84.62359514691175,86.17002238401552,87.42359331322777,88.28489540380946,88.62359282431359,88.3319547183062,87.42359331322777,85.9576398941795,84.05395866288362,81.84759729527133,79.47360391957659,77.04548668061801,74.59059251245986,72.11473026300133,69.62371331316086,67.12336308912333,64.61951520856942,62.11803012983485,59.624811384561255
50.98617872159746,53.06116096228507,55.07970530877631,57.06155259757638,59.02629299609056,60.993146380021244,62.98074602161732,65.00699650903807,67.08912047184239,69.22527927100576,71.33912099549318,73.33627011433124,75.12317314707089,76.64807982480959,78.01990405763318,79.38512222861706,80.88537296001763,82.59479204376444,84.33742256066493,85.90571157796523,87.20698999267947,88.16002445582635,88.56583058786836,88.22752197996479,87.20698999267947,85.63139243952807,83.6397144624695,81.36940469894628,78.95328259652732,76.50063408097526,74.03221833389179,71.54918167336179,69.05421816921303,66.55065005433029,64.04207802922966,61.53242777581441,59.02629299609056
39.22013110640876,41.26339427092536,43.25738117226385,45.21775288739806,47.16195206874005,49.108407511930594,51.076105848321816,53.084356389175724,55.1526593394386,57.28081465595159,59.38941535419366,61.37926221868432,63.151184713955246,64.64781831295322,65.97894290378204,67.29613599154293,68.75098343863733,70.4289428912459,72.15094190047023,73.69735981661512,74.9509252820184,75.81222443519567,76.15092085104027,75.85928360537241,74.9509252820184,73.48497841897188,71.58130977708694,69.3749718937537,67.0010214052657,64.57298045594982,62.1182216487684,59.64260028159106,57.152012707322356,54.652428105548495,52.1499439970401,49.6508821657841,47.16195206874005
40.209373566883556,42.25796795323592,44.25521879575171,46.21762403140822,48.16310907958588,50.110386897886826,52.07861500532303,54.08720773096749,56.155731194720914,58.28402654198973,60.39271241014919,62.38260936073425,64.15456072726718,65.65121103121682,66.98234633997598,68.2995472456261,69.7544009735972,71.432365484598,73.15436800464482,74.70078808217623,75.95435481455418,76.8156546488716,77.1543512976818,76.86271385251399,75.95435481455418,74.48840643127016,72.58473487009653,70.37839154114135,68.0044311078668,65.57637246851526,63.1215822744299,60.64590505439415,58.15521792763272,55.655455831946256,53.1526556202291,50.65303230233975,48.16310907958588
41.20151049341017,43.254356485807925,45.25420567038297,47.21822796894226,49.164734841910956,51.112665882858096,53.08131467642079,55.09017907880582,57.158877598336616,59.28728410146965,61.39603757403094,63.385974279801616,65.15794856214939,66.65461212509604,67.98575594080594,69.30296305158544,70.75782176473064,72.435790290602,74.1577955972008,75.70421739023018,76.9577851282084,77.81908550314793,78.15778233686325,77.86614473335203,76.9577851282084,75.49183553830886,73.58816166008774,71.38181400892003,69.00784568240239,66.57977300227199,64.12495789579796,61.649236343476815,59.15847019602981,56.658567204894354,54.15551604347826,51.65544688878622,49.164734841910956
42.19595689703097,44.252190208247114,46.25410660071524,48.219414293496854,50.16673296648978,52.11518278785621,54.08416561043718,56.09324569604367,58.162083178926906,60.29057791495791,62.399385048314585,64.3893533089475,66.16134578001733,67.65801986680573,68.98917043456494,70.30638247040079,71.76124514030587,73.43921685279591,75.16122437108903,76.70764752571279,77.96121606183762,78.82251686586963,79.16121384634442,78.86957611715586,77.96121606183762,76.49526551424526,74.59158979697824,72.38523871525588,70.01126412382875,67.58318029940621,65.12834541958674,62.652588679546696,60.161759809673384,57.66174497812912,55.15849460099341,52.65807146906022,50.16673296648978
43.19224403513984,45.25117397944377,47.25473421434201,49.22106334387561,51.16902683319303,53.11788861088125,55.08713663454617,57.09638794159548,59.1653357333053,61.29390050514513,63.402750231085435,65.39274353755388,67.16475044529143,68.661432884965,69.99258881187842,71.30980475676053,72.76467056716342,74.44264480888316,76.16465408260328,77.71107831792693,78.96464748754187,79.82594863214516,80.1646457291031,79.87300790016425,78.96464748754187,77.4986961798273,75.59501900290607,73.38866519834292,71.0146856344297,68.58659296470192,66.13174239053501,63.65595772125275,61.16507906624672,58.66497545959197,56.161566941638995,53.66086278446261,51.16902683319303
44.18999704440024,46.25107244204723,48.25593935250992,50.22307996591231,52.17155555542651,54.12074442915919,56.090202994790815,58.09959022153434,60.168625573949356,62.297245936593754,64.4061294695388,66.3961426553567,68.16816102165478,69.66485009108469,70.9960102715926,72.31322931910341,73.76809762213085,75.44607387130698,77.16808453831304,78.71450963138986,79.9680793038067,80.82938071872177,81.16807790813252,80.87644000002174,79.9680793038067,78.50212739278219,76.59844905733098,74.39209309164275,72.01810958104954,69.59000989075125,67.13514685982591,64.6593400226288,62.16842185168143,59.668247779563444,57.16471373054523,54.66378647727964,52.17155555542651
45.188916604028094,47.25169809417481,49.25760334907251,51.22538852270772,53.17427076132557,55.123719330837844,57.093345036336046,59.10284015593572,61.17194501070375,63.3006094979072,65.40951986427633,67.399548828632,69.17157628970256,70.66827062121578,71.99943417782336,73.3166556879027,74.77152596933368,76.44950381183249,78.17151558469195,79.7179413585686,80.97151143005986,81.83281305952163,82.17151032231223,81.8798723513627,80.97151143005986,79.50555904018755,77.60187978520949,75.39552210423209,73.0215354611473,70.59343019858888,68.13855728063542,65.66273284846243,63.17178331277481,60.67155330927639,58.16791961697706,55.66681526311186,53.17427076132557
46.28876400741432,48.35290167369359,50.35963184261321,52.327928909928644,54.27713402901924,56.2267887692968,58.19654715433532,60.206127916946286,62.27528793915501,64.4039874493723,66.51291911393989,68.50296060191049,70.27499528157409,71.77169378963222,73.1028600258642,74.42008349049206,75.87495534218684,77.55293444930888,79.27494709988576,80.82137341411402,82.07494380235106,82.93624560209875,83.27494292313102,82.98330490230629,82.07494380235106,80.60899103241678,78.70531104760914,76.49895200520388,74.12496287585284,71.69685319056995,69.24197242521888,66.76613402772145,64.27515959724542,61.77488519915062,59.27117241412486,56.76992747707433,54.27713402901924
47.289349074158295,49.354564432015934,51.36194982732003,53.33065337777208,55.28011484470444,57.229933254391156,59.19979696019291,61.209445702995964,63.27864951376495,65.40737682260348,67.5163253918746,69.50637681995913,71.2784172290663,72.77511905206708,74.10628741512605,75.42351243108428,76.87838552910068,78.55636563995623,80.27837898717857,81.82480573028445,83.07837636992286,83.93967830482663,84.27837567208536,83.98673761167461,83.07837636992286,81.61242329833308,79.70874273425889,77.50238261128638,75.12839150858073,72.70027831296733,70.245391319096,67.76954183719806,65.2785476473515,62.778238012089105,60.27446244746949,57.77310591791131,55.28011484470444
48.290520403381024,50.35659194204588,52.36449770094194,54.333523998842594,56.283188977996645,58.233137312069005,60.203084619170454,62.212787321219906,64.28202588833638,66.41077526148237,68.51973724822224,70.50979656585234,72.28184152244862,73.77854597653166,75.10971602765923,76.4269422749118,77.88181636213591,79.55979726965607,81.2818111698067,82.82823825331315,84.08180909248907,84.9431111346663,85.281808538615,84.99017044678483,84.08180909248907,82.61585578147503,80.71217475763643,78.50581377701639,76.13182110805576,73.70370512628375,71.24881318880952,68.77295490914452,66.28194503604595,63.78160743229866,61.277782037179506,58.776336929306225,56.283188977996645
49.2921575408673,51.35890914568642,53.367228112928515,55.33651065227235,57.28633718993909,59.236388657596905,61.206402324231604,63.21614785586266,65.28541400995722,67.41418089588771,69.52315353220354,71.51321911181537,73.28526767777299,74.7819742201541,76.11314561110567,77.43037283563886,78.88524770799856,80.56322924783245,82.28524358684277,83.83167094052544,85.0852419380744,85.94654406539468,86.28524149846425,85.99360338169645,85.0852419380744,83.61928843702918,81.71560704827516,79.50924538693934,77.13525147483978,74.70713328168756,72.25223742045857,69.7763721579555,67.28534983690716,64.78499003410107,62.281125087037424,59.77960966992026,57.28633718993909
50.29416470064013,52.36145639908983,54.37010345324428,56.339589419845936,58.289544205968824,60.2396775387038,62.20974387817185,64.21952340498697,66.288811455414,68.41759224145997,70.52657333042785,72.51664388020649,74.28869531092671,75.78540351079523,77.11657596516775,78.43380396537013,79.88867946089299,81.56666150259495,83.28867618992862,84.83510375805037,86.08867488130015,86.94997707619851,87.2886745323813,86.99703639582052,86.08867488130015,84.62272122942701,82.71903955103934,80.51267734941871,78.13868245063819,75.71056250230941,73.25566352678501,70.77979272197092,68.28876052088732,65.7883830983883,63.28448675801148,60.7829155335196,58.289544205968824
51.39646574282084,53.46418631862856,55.473093853208496,57.44274131056214,59.392797899763096,61.34299621382779,63.313104361790664,65.32291087143444,67.3922163013282,69.52100812003494,71.62999591792638,73.62007041254697,75.39212411703745,76.88883363245725,78.22000693086879,79.53723554672084,80.99211153684902,82.67009397688415,84.39210894068236,85.93853667900454,87.19210790202312,88.05341015055825,88.39210762508603,88.10046947281552,87.19210790202312,85.7261541304378,83.82247222216765,81.61610959172252,79.2421139098122,76.813992568397,74.35909112104896,71.88321591728153,69.39217587435144,66.8917844669112,64.38786320906944,61.88624768841363,59.392797899763096
52.39900016290723,54.46706126797466,56.476175594954796,58.44595124677819,60.39608864482945,62.346338537744046,64.31647987041602,66.32630779687003,68.39562702106736,70.52442759648578,72.63342071928436,74.6234983449394,76.39555385412677,77.89226441370201,79.22343838202848,80.54066748652245,81.99554386921935,83.67352662541185,85.39554180864015,86.94196968205055,88.1955409842557,89.05684327536237,89.3955407644506,89.10390259971125,88.1955409842557,86.72958711765473,84.82590502692675,82.61954205612324,80.24554575264202,77.81742330553222,75.36251989629278,72.88664120106236,70.3955949340185,67.89519242660867,65.39125139139911,62.88960071170726,60.39608864482945
53.50171989287989,55.570051357554476,57.579329846617696,59.54920725854112,61.49940879946669,63.44969963251627,65.4198673047187,67.42971223003694,69.49904240291366,71.62784992859103,73.73684727779076,75.72692738855663,77.49898433013553,78.99569571845848,80.32687021849728,81.64409971082684,83.09897640510592,84.77695941223277,86.49897476962292,88.04540275025292,89.29897411530851,90.16027644020423,90.49897394084905,90.20733576621322,89.29897411530851,87.83302017329355,85.92933793774864,83.72297469680245,81.3489778999798,78.92085457527891,76.46594960888295,73.99006814246934,71.49901693532031,68.99860561778672,66.4946488850414,63.99297029888133,61.49940879946669
54.60458675239502,56.67313285290345,58.682541656935314,60.652499843516026,62.60275229772867,64.55307562622893,66.52326420464044,68.5331226221745,70.60246148510785,72.73127452724236,74.84027523095116,76.83035731415532,78.60241539262574,80.09912743872691,81.43030236078638,82.74753216094142,84.20240910252352,85.88039230881718,87.60240780443965,89.14883587016993,90.40240728510994,91.26370963682405,91.60240714664138,91.31076896415068,90.40240728510994,88.93645328323886,87.03277093275264,84.82640747739401,82.45241028900593,80.02428626776002,77.5693800654467,75.09349639953896,72.60244127141158,70.10202296123268,67.59805376920102,65.09635303320707,62.60275229772867
55.70757041958001,57.77628690897225,59.78579915631029,61.75582145857511,63.706114324614504,65.65646344555483,67.6266686175567,69.63653774400079,71.70588350428959,73.83470092485982,75.94370429105197,77.93378793978422,79.70584692060717,81.20255948878764,82.53373474580533,83.85096479028171,85.3058419281484,86.98382529252089,88.70584089785848,90.2522690311329,91.50584048566617,92.36714285866606,92.70584037576361,92.4142021870385,91.50584048566617,90.03988643628728,88.1362039945721,85.92984036903415,83.55584286986024,81.12771829576593,78.67281111250338,76.1969257008532,73.70586746063418,71.20544360036044,68.70146451929597,66.19974620268032,63.706114324614504
56.81064681653079,58.87949856402881,60.88909292208976,62.85916611602846,64.80949105816816,66.75986065107547,68.7300789936211,70.7399566198154,72.80930785457218,74.93812875032219,77.04713422973367,79.03721912102824,80.80927881804948,82.30599180060483,83.63716732347913,84.95439756187358,86.4092748555315,88.08725834537125,89.80927403778979,91.35570222467402,92.60927371063255,93.47057610052696,93.80927362340285,93.51763542972945,92.60927371063255,91.14331962354662,89.23963710942297,87.03327334881362,84.65927560296876,82.23115059007819,79.7762426282352,77.30035583098646,74.80929512069301,72.30886685528804,69.8048799252359,67.30314765469083,64.80949105816816
58.19343923344903,60.31136652635743,62.395080823707886,64.46261646241584,66.53054546058,68.61249554044521,70.71800835978752,72.85216151507329,75.01639475533607,77.19891768099323,79.34301059643116,81.38395606132949,83.26128773155284,84.95215067015116,86.5508548440286,88.1670031959467,89.88953763637039,91.74526951392401,93.58068851488115,95.24479168622466,96.74652994074646,98.05528578331584,98.69974625960413,98.19726019399562,96.74652994074646,94.69199614420367,92.26333460878334,89.6390091555856,86.96969115566282,84.36133850262749,81.8043364561421,79.27357923133755,76.75235534688034,74.22759062544232,71.68788807937776,69.12388011097788,66.53054546058
55.94358496870494,58.01222750798517,60.021694860918075,61.991689337273456,63.94196466488701,65.89230259215253,67.8625005627132,69.87236504161285,71.94170780853169,74.07052332891448,76.179525539622,78.16960850893477,79.94166709814813,81.4383794397528,82.76955455140289,84.08678448984689,85.54166154252857,87.21964483829686,88.9416603960195,90.4880884999806,91.74165993733095,92.60296230109306,92.9416598150311,92.65002162901163,91.74165993733095,90.27570590856982,88.37202350644685,86.16565995476456,83.79166259046772,81.36353825630259,78.90863149875958,76.43274684473964,73.94168995512963,71.4412685035293,68.9372937141886,66.43558302736945,63.94196466488701
54.137848996067106,56.20606311927989,58.215270360742196,60.1851036087684,62.13527731197877,64.08555037731796,66.05570661841256,68.06554416640488,70.13486958768007,72.26367409702814,74.37266961202161,76.36274864428034,78.13480496421931,79.63151599287625,80.96269026215865,82.27991958617247,83.73479614522884,85.41277904345338,87.13479432525949,88.68122225935755,89.93479359713687,90.79609590736857,91.13479340299799,90.8431552326571,89.93479359713687,88.46883968785062,86.5651575151544,84.3587943914467,81.98479780872796,79.55667486489047,77.1017705742808,74.6258903105261,72.13484124732207,69.63443375327753,67.13048383308708,64.62881735805642,62.13527731197877
52.99748777491935,55.088102127680884,57.130556637680584,59.14418859267255,61.14773016333086,63.158543203819534,65.19192724689374,67.26074333595987,69.37568786848823,71.53054401661129,73.65664945888017,75.67164352602163,77.49572988374254,79.09006538299306,80.55931227257554,82.03567474607664,83.6373777494799,85.41511813356146,87.20171283632635,88.81591859821282,90.21497038396389,91.3471994993411,91.87730748733051,91.45313655712138,90.21497038396389,88.40960629887446,86.21975215766571,83.79684399405346,81.27590106332448,78.7605637295915,76.25707952277574,73.75533066048607,71.25012319795741,68.73831399908423,66.21768319177322,63.687103630213926,61.14773016333086
51.628756552209566,53.69521296099023,55.70335257983021,57.672523905329484,59.6222803253215,61.572287032958,63.542271899844266,65.55199884375568,67.62125302536202,69.7500123109316,71.85898032545398,73.8490431874408,75.62109018697987,77.11779582306556,78.4489666325503,79.76619343295599,81.22106796457675,82.89904922999452,84.6210633785453,86.16749061497494,87.421061543792,88.2823636341613,88.62106105459277,88.32942294864762,87.421061543792,85.95510812521792,84.05142689483253,81.8450655289187,79.47107215632573,77.0429549228848,74.58806076451685,72.1121985324813,69.62118161369987,67.12083144505155,64.61698366318439,62.115498759879955,59.6222803253215
50.9837110975555,53.05869847481057,55.07725071380304,57.059108561875846,59.02386195579406,60.99073020374506,62.9783454870924,65.00461066520742,67.08674605408378,69.22291140119447,71.33675743585397,73.33391284820046,75.12082907800063,76.64576070173126,78.017620617852,79.38288048724033,80.88317022342028,82.59261609219884,84.33526406911041,85.90357151147408,87.20488981464455,88.15799975502128,88.56386010224006,88.22551387949018,87.20488981464455,85.62919992830115,83.63744614223671,81.36708031628702,78.95092082938245,76.49825038302322,74.02982250505502,71.54677941155211,69.0518123974035,66.54824146478894,64.0396653262575,61.530007960591604,59.02386195579406
39.222848889981435,41.26612843745953,43.26012537886014,45.22050335301937,47.16470649367203,49.11116446964934,51.07886443790578,53.087116032904405,55.155419662531614,57.28357541047325,59.39217637112692,61.38202338993702,63.15394597416355,64.65057962463162,65.98170424848385,67.29889736033279,68.7537448267795,70.43170429497377,72.15370331501546,73.70012123781993,74.95368670712699,75.81498586240298,76.15368227896536,75.86204503268279,74.95368670712699,73.48773983939637,71.58407118851663,69.37773328840458,67.0037827692752,64.57574176545386,62.12098286156555,59.64536132230046,57.1547734413069,54.65518829268521,52.152703210337464,49.65363964944794,47.16470649367203
40.212100242726095,42.26070770142055,44.257966539298586,46.22037675322975,48.16586494814052,50.11314477844252,52.0813741818002,54.08996774440999,56.15849174749238,58.28678743723228,60.39547351368509,62.385370586759876,64.15732202389923,65.65397236870163,66.9851077036719,68.30230862844095,69.75716237177213,71.43512689514337,73.157129423776,74.70354950659313,75.9571162420695,76.81841607805268,77.15711272743258,76.8654752817769,75.9571162420695,74.49116785506772,72.58749628675487,70.3811529444823,68.00719248688745,65.57913380427425,63.12434353343056,60.64866617680234,58.15797880657324,55.65821627679007,53.155415291935526,50.65579060060144,48.16586494814052
41.204244268580474,43.25710068039988,45.256956227706084,47.220982484147655,49.1674918573473,51.11542449630987,53.084074318893215,55.09293938576093,57.16163833343117,59.29004510841264,61.39879874630729,63.38873554930208,65.16070988769168,66.65737348306375,67.98851731957772,69.30572444553205,70.76058317086864,72.43855170655846,74.16055701997186,75.70697881719653,76.96054655763396,77.82184693389556,78.16054376806309,77.86890616416466,76.96054655763396,75.49459696478363,73.59092308089609,71.3845754191583,69.01060707333752,66.5825343588699,64.1277191914715,61.65199753073284,59.16123119003282,56.66132785431469,54.15827607913262,51.65820583393733,49.1674918573473
42.198696333311204,44.25493794224157,46.25685939543949,48.2221702337762,50.169490892886444,52.11794198328529,54.08692562288235,56.0960062360043,58.16484405874856,60.293339010564054,62.40214627515272,64.39211461295494,66.1641071285061,67.66078124103097,68.99193182530254,70.30914387318276,71.76400655276419,73.4419782730472,75.16398579674905,76.71040895470264,77.96397749277935,78.8252782978607,79.16397527869441,78.87233754919848,77.96397749277935,76.4980269428449,74.59435122108047,72.38800013096862,70.01402552422049,67.58594167254421,65.13110674436822,62.65534991827464,60.16452089500838,57.66450578994352,55.16125492558177,52.66083092786383,50.169490892886444
43.19498798136313,45.253924529169566,47.25748878748544,49.22382041628697,51.171785483048,53.12064826840087,55.08989694070948,57.09914866652073,59.168096728007725,61.29666167112731,63.40551150123079,65.39550486895013,67.16751181199314,68.66419427209394,69.99535021211335,71.31256616655513,72.76743198463822,74.44540623254323,76.16741551055628,77.71383974852283,78.96740891968699,79.82871006512312,80.16740716236595,79.87576933318316,78.96740891968699,77.50145761011352,75.59778042962266,73.39142661840073,71.01744704232718,68.58935435096794,66.13450373841992,63.65871900083536,61.16784022407626,58.667736400312236,56.164327495597504,53.66362265108863,51.171785483048
44.19274458075185,46.25382523073168,48.25869533882211,50.225837937559774,52.17431477976096,54.12350445355051,56.0929635341229,58.102351093283744,60.17138665983951,62.30000715843599,64.40889077405811,66.39890400849184,68.17092240281225,69.66761148845544,70.99877167936563,72.31599073446401,73.77085904358722,75.44883529767262,77.17084596808601,78.71727106326048,79.97084073690694,80.83214215248304,81.17083934211988,80.87920143381552,79.97084073690694,78.504888824407,76.6012104861226,74.39485451514928,72.02087099490439,69.59277128743707,67.13790822604832,64.66210133463862,62.17118306705264,59.67100882260493,57.16747446658209,54.666546667680336,52.17431477976096
45.191666996560684,47.25445266251825,49.26036045805006,51.228147208497006,53.177030441795026,55.12647964648484,57.09610576076237,59.105601144230675,61.174706168973955,63.30337076408716,65.41228119607885,67.40231019902157,69.17433768233369,70.6710320267155,72.00219559157942,73.31941710768103,74.77428739395023,76.45226524034555,78.17427701590941,79.72070279145098,80.97427286391817,81.83557449390462,82.17427175687467,81.88263378577147,80.97427286391817,79.50832047287483,77.60464121564806,75.39828353047585,73.02429687973049,70.59619160354498,68.14131866141247,65.6654941862103,63.17454457381858,60.67431443353567,58.1706804975467,55.66957571054678,53.177030441795026
46.291516671129756,48.355657656192115,50.36238984330215,52.33068816279598,54.27989407163065,56.229549316157375,58.19930802568868,60.20888899775048,62.27804915487599,64.40674875074419,66.51568046739749,68.50572198599505,70.27775668331196,71.77445520158395,73.10562144436899,74.42284491377676,75.87771676931166,77.55569587952634,79.27770853224972,80.82413484779943,82.07770523681106,82.93900703697518,83.27770435814989,82.98606633720318,82.07770523681106,80.61175246594732,78.70807247935487,76.50171343362021,74.12772429818895,71.69961460209018,69.24473381754808,66.76889538589798,64.2779208945406,61.77764638787592,59.27393340942099,56.77268812855152,54.27989407163065
47.292103543184545,49.3573215379641,51.36470853617142,53.33341308089555,55.282875174815814,57.23269398479363,59.20255794817348,61.212206857229205,63.28141077508633,65.41013815190787,67.51908676252012,69.50913821491352,71.2811786380322,72.77788046913977,74.10904883739995,75.426273857152,76.8811469582163,78.55912707152649,80.28114042045249,81.82756716460719,83.08113780486042,83.94243974009473,84.28113710746649,83.98949904695895,83.08113780486042,81.61518473253294,79.71150416704214,77.50514404142709,75.13115293389558,72.70303972969755,70.24815272059422,67.77230321158903,65.28130897342014,62.780999251983275,60.27722353383092,57.77586673135845,55.282875174815814
48.29327630696989,50.359349940328826,52.36725697212117,54.336284059439194,56.28594953633949,58.235898188166146,60.20584569972512,62.21554853373664,64.28478718585191,66.41353661295719,68.52249863250996,70.51255796943417,72.28460293715146,73.78130739766888,75.11247745292468,76.42970370318841,77.8845777928316,79.56255870230007,81.28457260380287,82.83099968814179,84.08457052780565,84.94587257024523,85.28456997428367,84.99293188237667,84.08457052780565,82.61861721620613,80.71493619124314,78.50857520852571,76.13458253573476,73.70646654714915,71.2515745975852,68.77571629640502,66.28470638495249,63.78436871280692,61.28054319582375,58.779097871322506,56.28594953633949
49.294914584133394,51.3616678526272,53.36998783059087,55.3392709966615,57.28909792945623,59.23914964934292,61.20916347826679,63.21890911464075,65.28817533620074,67.41694226495946,69.52591492731915,71.51598052224486,73.28802909702927,74.78473564451734,76.11590703874549,77.43313426566864,78.8880091399484,80.56599068132863,82.2880050214122,83.8344323757556,85.08800337369186,85.94930550122035,86.28800293436112,85.99636481753235,85.08800337369186,83.6220498721819,81.71836848253548,79.51200681953495,77.13801290439525,74.70989470583507,72.25499883501044,69.77913355543066,67.28811120394043,64.78775134684561,62.28388630305528,59.782370713990474,57.28909792945623
50.29692264913984,52.36421566875201,54.372863525383394,56.34234998952293,58.29230508930107,60.242438622247306,62.21250509053135,64.22228470048381,66.29157280445936,68.42035362449857,70.52933473413768,72.51940529607097,74.29145673379705,75.78816493771899,77.11933739469214,78.43656539679142,79.89144089383825,81.56942293676755,83.29143762495303,84.83786519359919,86.09143631715638,86.95273851222001,87.29143596845931,86.99979783185012,86.09143631715638,84.6254826649144,82.72180098581842,80.51543878287652,78.14144388168305,75.71332392906194,73.25842494592146,70.78255412755351,68.29152190230798,65.79114443671932,63.28724801956852,60.78567665859545,58.29230508930107
51.399224410228186,53.46694603508642,55.475854206760815,57.44550205907639,59.3955588972521,61.34575737023535,63.31586562044397,65.3256721960757,67.39497766847165,69.52376951415913,71.63275732845744,73.62283183272524,75.39488554277628,76.89159506141331,78.22276836188894,79.5399969792466,80.99487297058432,82.67285541159359,84.39487037606789,85.9412981148063,87.19486933806888,88.05617158673516,88.39486906130782,88.10323090899888,87.19486933806888,85.7289155661908,83.82523365735848,81.61887102586464,79.24487534203917,76.81675399721713,74.3618525438242,71.88597732929904,69.39493726719147,66.8945458255506,64.39062450677203,61.88900887778705,59.3955588972521
52.40175940117881,54.46982133915752,56.4789361719058,58.44871213725217,60.39884973293145,62.349099751986586,64.31924116581382,66.32906914464365,68.39838840257545,70.5271889994087,72.63618213522948,74.62625976854154,76.39831528214233,77.89502584427109,79.22619981423583,80.54342891992478,81.99830530358172,83.6762880605474,85.3983032443123,86.94473111805308,88.19830242045188,89.05960471166266,89.39830220078647,89.10666403601665,88.19830242045188,86.73234855361855,84.82866646244435,82.62230349080849,80.24830718580719,77.8201847359934,75.36528132195612,72.88940261818726,70.39835633592213,67.897953801367,65.39401271779107,62.89236195211586,60.39884973293145
53.504479584414895,55.57281171034768,57.58209060090607,59.55196826169899,61.502169959492534,63.45246089266418,65.42262862928133,67.432473596171,69.5018037958231,71.63061133849753,73.739608698033,75.72968881487628,77.50174575995811,78.9984571503078,80.32963165164693,81.64686114492496,83.101737839966,84.77972084770654,86.50173620552258,88.0481641864148,89.30173555162409,90.16303787660242,90.50173537727552,90.21009720261549,89.30173555162409,87.8357816094247,85.93209937352562,83.72573613191878,81.35173933388968,78.92361600704261,76.46871103683861,73.99282956364799,71.5017783444178,69.0013670053388,66.4974102342046,63.995731579797905,61.502169959492534
54.60734680379147,56.67589342925183,58.68530255199268,60.65526093611771,62.60551351484315,64.55583692281306,66.52602555235167,68.53588400288145,70.60522288706659,72.73403594269176,74.84303665460408,76.83311874263188,78.60517682388262,80.1018888715924,81.43306379468392,82.75029359559173,84.2051705377786,85.88315374455934,87.60516924051987,89.15159730645827,90.40516872152028,91.26647107329998,91.60516858313972,91.31353040062982,90.40516872152028,88.93921471950281,87.03553236873552,84.82916891285254,82.45517172350685,80.02704770055755,77.57214149522173,75.0962578239351,72.60520268621886,70.10478435893927,67.60081513643802,65.0991143462757,62.60551351484315
55.7103307566655,57.77904766278226,59.7885601631063,61.758582622172526,63.708875587041945,65.65922477105906,67.62942998364126,69.63929913627436,71.70864491343082,73.83746234470861,75.94646571741193,77.93654936997274,79.7086083530024,81.20532092245963,82.53649618029644,83.85372622537032,85.30860336371704,86.98658672847611,88.70860233408202,90.2550304675216,91.50860192215174,92.36990429520367,92.70860181231903,92.41696362357868,91.50860192215174,90.04264787265663,88.13896543071836,85.93260180476423,83.55860430483028,81.13047972938396,78.67557254372251,76.19968712780306,73.70862887997335,71.20820500612669,68.7042259008783,66.20250754126859,63.708875587041945
56.8134073804099,58.88225945870647,60.89185401757922,62.86192733597784,64.81225235656159,66.76262199953405,68.73284037428874,70.74271802126944,72.8120692694142,74.94089017366281,77.04989565824224,79.03998055257551,80.81204025134821,82.30875323491694,83.63992875844144,84.95715899731007,86.412036291349,88.09001978149556,89.81203547412707,91.3584636611424,92.61203514717779,93.47333753711351,93.8120350600035,93.52039686631804,92.61203514717779,91.14608105999966,89.24239854569892,87.03603478475924,84.66203703831115,82.23391202434749,79.77900406060047,77.30311725996322,74.81205654362913,72.31162826745133,69.80764131820425,67.30590901353438,64.81225235656159
58.19619831659266,60.314125446044955,62.397839498414655,64.46537482055503,66.5333034456961,68.6152531198145,70.72076553448328,72.85491832895643,75.0191513006003,77.2016740768067,79.34576689558908,81.38671222174132,83.2640436098773,84.95490604581987,86.55360956286529,88.16975722718996,89.89229109083018,91.74802260452672,93.58344138100506,95.24754432552857,96.74928212138589,98.05803720038054,98.70249719834123,98.20001145895756,96.74928212138589,94.69474945685431,92.26608906905139,89.64176463407324,86.97244741501797,84.36409526528335,81.80709351330296,79.27633644965266,76.75511265463601,74.2303480057873,71.69064556697576,69.12663778770593,66.5333034456961
55.94634518179775,58.0149881847763,60.024455819219824,61.99445047005919,63.944725907649016,65.89506390510574,67.86526192082393,69.8751264288666,71.9444692145558,74.07328474685399,76.18228696480715,78.17236993838034,79.94442853004932,81.44114087307474,82.7723159856364,84.08954592474531,85.54442297796113,87.22240627415962,88.94442183218084,90.49084993632576,91.74442137378384,92.60572373760388,92.94442125156172,92.65278306552531,91.74442137378384,90.27846734489341,88.37478494252218,86.16842139037679,83.7944240252342,81.36629968956454,78.911392929352,76.43550827058122,73.94445137250202,71.44402990579775,68.94005508954524,66.43834435488246,63.944725907649016
54.14060849087328,56.208823349850746,58.21803103806562,60.187864563021776,62.13803844079011,64.08831161754333,66.05846793031796,68.06830552457072,70.13763097564146,72.26643550390384,74.37543103039897,76.36551006942064,78.13756639325769,79.63427742416994,80.96545169489931,82.2826810199686,83.73755757987291,85.41554047878036,87.13755576106041,88.68398369545028,89.93755503340063,90.79885734372426,91.13755483938513,90.84591666901731,89.93755503340063,88.47160112390912,86.56791895081881,84.36155582637595,81.98755924231465,79.55943629608889,77.10453200124164,74.62865172994546,72.13760265329753,69.63719513527727,67.13324517236782,64.6315786213929,62.13803844079011
53.00024818525441,55.09086245980588,57.13331685072232,59.14694864842416,61.150490028624176,63.16130285537979,65.19468667813705,67.26350256444825,69.37844694199192,71.53330300234498,73.65940838724978,75.67440237120951,77.49848855669981,79.09282373828145,80.56207019058674,82.03843217705472,83.64013474664624,85.41787484424299,87.20446936502623,88.81867493880529,90.21772633057287,91.34995474650155,91.88006226598236,91.45589165796383,90.21772633057287,88.4123631856078,86.22250989619201,83.7996024154778,81.27865996793292,78.76332292879384,76.25983888863973,73.7580901158313,71.25288270245252,68.74107354320378,66.22044279400902,63.68986333370054,61.150490028624176
51.63151310075455,53.697971360337846,55.70611210370684,57.67528412654913,59.625040986208404,61.5750479745127,63.545033021989354,65.55476008245674,67.62401433913789,69.75277367236646,71.86174171587044,73.85180459489848,75.62385160426001,77.12055724602875,78.45172805915965,79.76895486222492,81.22382939598232,82.90181066312086,84.62382481286593,86.17025205003083,87.4238229792789,88.2851250698799,88.62382249039061,88.33218438437757,87.4238229792789,85.95786956018765,84.0541883288092,81.8478269610429,79.47383358506686,77.04571634560791,74.59082217656191,72.11495992552341,69.62394297286635,67.12359274380586,64.61974485430255,62.11825975965914,59.625040986208404
50.98647226349145,53.06145961905912,55.08001182472829,57.06186962821836,59.026622967268295,60.99349115246169,62.981106369767986,65.00737148585763,67.0895068264923,69.22567214595713,71.33951816241878,73.33667354819376,75.12358972227534,76.64852124068335,78.02038100614935,79.38564069948869,80.88593027099361,82.5953760266887,84.33802392988645,85.90633129446226,87.2076494292308,88.16075905096031,88.56661916929873,88.22827310534727,87.2076494292308,85.63195993270396,83.64020646669972,81.36984087744516,78.95368154837928,76.50101119461337,74.03258336786278,71.54954030152042,69.05457330219139,66.5510023814736,64.04242626030948,61.53276892467227,59.026622967268295
39.228207565072026,41.27151938476196,43.26553610354432,45.22592640695373,47.17013734677016,49.11660031189244,51.084303494632124,53.09255716610578,55.16086213395745,57.28901873173493,59.39762020929149,61.387467532082695,63.15939029153543,64.65602404339013,65.98714873229244,67.30434189159041,68.75918939615767,70.43714889505284,72.15914793640283,73.70556587232545,74.95913134932218,75.82043050873222,76.15912692670854,75.86748967921515,74.95913134932218,73.49318447236473,71.58951580376693,69.3831778706037,67.00922729111645,64.58118617992932,62.126427085546155,59.65080520729967,57.16021672211417,54.66063049630188,52.158143495666934,49.6590765277094,47.17013734677016
40.217476434426956,42.266109643734666,44.26338423120036,46.225804251494644,48.171298644922786,50.11858243851016,52.08681439460055,54.09540960588062,56.16393467134293,58.2922310356884,60.40091752244106,62.39081483679814,64.16276641301921,65.65941683829408,66.99055222489545,68.30775318732528,69.76260696091302,71.44057150865174,73.16257405419682,74.70899414742587,75.96256088900554,76.82386072826992,77.16255737877208,76.87091993215535,75.96256088900554,74.49661249468042,72.5929409123047,70.38659754379921,68.0126370382979,65.58457827046715,63.12978784842363,60.65411022273324,58.16342237291737,55.66365898804284,53.16085648024797,50.661229083475156,48.171298644922786
41.20963444495339,43.26251138143746,45.26237946227752,47.226413515068714,49.17292781328384,51.12086360005147,53.089515449619995,55.09838182539799,57.167081616424994,59.29548892689823,61.404242890469334,63.39417988497782,65.16615433375952,66.66281799300377,67.99396187049791,69.31116902634388,70.76602777569528,72.4439963307257,74.16600165756256,75.7124234630512,76.96599120833284,77.82729158719874,78.165988422257,77.87435081759577,76.96599120833284,75.50004160966992,73.59636771462064,71.39002003206174,69.01605164821729,66.58797886611167,64.13316357870337,61.65744170440209,59.166674983029,56.66677096854589,54.16371798435654,51.66364559106698,49.17292781328384
42.2040976612217,44.260355615326645,46.26228703731024,48.2276040718435,50.1749286432526,52.12338223341749,54.09236748238834,56.101449134619884,58.170287626828326,60.29878300369981,62.407590526791466,64.39755901660308,66.16955161977435,67.66622578299533,68.99737639979318,70.31458847139862,71.76945117004072,73.44742290567442,75.16943044003054,76.71585360454321,77.96942214646478,78.83072295361319,79.16941993515387,78.87778220505254,77.96942214646478,76.50347159191693,74.59979586129339,72.39344475465572,70.01947011772802,67.59138621236693,65.13655118893746,62.66079419333417,60.16996486791189,57.66994922406144,55.16669739995319,52.666271696796244,50.1749286432526
43.200398193154186,45.259347748775596,47.26291993253433,49.2292564844542,51.177224658497394,53.12608942876791,55.09533937878692,57.104591929482865,59.173540522381614,61.30210580289098,63.41095583817686,65.40094932654924,67.1729563391375,68.66963883947628,70.00079480531201,71.31801077858464,72.77287661179625,74.45085087188517,76.1728601583545,77.71928440152703,78.97285357574287,79.83415472281962,80.17285182062355,79.88121399096025,78.97285357574287,77.50690226250771,75.60322507498537,73.39687125064685,71.02289165061968,68.59479891665043,66.1399482284987,63.66416335637108,61.173284339780736,58.673180088351145,56.16977042178635,53.669064223357395,51.177224658497394
44.19816186451308,46.25925286070503,48.26412926756599,50.23127577706191,52.179755086831506,54.12894633658827,56.098406431500365,58.10779464546269,60.176830633836545,62.30545140023372,64.41433517871452,66.40434850891259,68.17636695843183,69.67305607601219,71.00421628741299,72.32143535745746,73.77630367858822,75.45427994234403,77.17629061946917,78.72271571877565,79.97628539484423,80.83758681172247,81.17628400180467,80.88464609311893,79.97628539484423,78.510333479438,76.6066551355727,74.40029915418873,72.02631561493175,69.5982158736447,67.14335275224857,64.66754575405002,62.17662729610366,59.67645271219794,57.17291775143207,54.67198887772645,52.179755086831506
45.197089906522564,47.25988379811199,49.26579659824618,51.23358645473054,53.1824716473691,55.1319221032434,57.10154902274169,59.11104492598301,61.18015028554643,63.30881509322218,65.41772565447825,67.40775473343038,69.17978226055428,70.67647663028484,72.00764021141224,73.32486173937662,74.77973203517627,76.45770988924698,78.17972167013798,79.7261474489591,80.97971752334874,81.84101915436872,82.17971641769226,81.88807844628636,80.97971752334874,79.51376512999869,77.61008586834234,75.4037281749072,73.0297415090719,70.60163620604345,68.14676321628272,65.67093865632094,63.17998889283619,60.679758483112906,58.17612406709985,55.67501842690356,53.1824716473691
46.29694405493561,48.36109157742374,50.36782774001077,52.33612852607115,54.285335990558735,56.23499222836455,58.20475157708748,60.21433296172913,62.28349338461595,64.41219314920083,66.52112496845345,68.5111665473805,70.28320127947113,71.77989981786254,73.11106607355596,74.42828955237923,75.88316141547847,77.56114053178516,79.28315318873669,80.82957950688939,82.08314989742686,82.94445169841129,83.28314901986656,82.99151099867959,82.08314989742686,80.61719712473229,78.71351713462406,76.50715808233107,74.13316893492292,71.70505921751884,69.25017839517392,66.77433989624929,64.28336528496685,61.783090564439405,59.27937720496442,56.77813124683439,54.285335990558735
47.297534483140716,49.36275767219287,51.37014782783317,53.3388543310939,55.2883176600665,57.23813725854487,59.208001729306574,61.21765096584966,63.286855094650775,65.41558260538638,67.52453129743309,69.51458279771052,71.28662324842932,72.78332509550575,74.11449347401134,75.43171850123649,76.88659160830463,78.56457172645003,80.28658507873195,81.83301182495265,83.08658246641696,83.94788440230231,84.28658176989677,83.99494370919852,83.08658246641696,81.62062939263629,79.71694882435503,77.51058869353464,75.13659757649702,72.70848435538893,70.25359731628131,67.77774775387982,65.28675342052478,62.78644352934003,60.282667508756276,57.78131016869253,55.2883176600665
48.2987100727634,50.36478783229811,52.372697371467495,54.34172601379481,56.291392471164656,58.241341748909306,60.21128966321223,62.22099275716482,64.2902315767122,66.41898111010738,68.52794319429556,70.51800256922567,72.2900475588493,73.78675203204125,75.11792209542884,76.43514835162401,77.89002244603248,79.56800335933863,81.29001726350504,82.83644434948373,84.09001519010883,84.95131723306517,85.29001463728034,84.99837654522197,84.09001519010883,82.62406187735591,80.72038085017816,78.51401986332922,76.1400271829933,73.71191118098609,71.25701920760764,68.78116086404646,66.29015087704366,63.78981307016599,61.28598731313309,58.78454156191435,56.291392471164656
49.300350594889636,51.3671071405254,53.37542910942821,55.34471351003687,57.294541221161765,59.24459343789326,61.214607586497095,63.22435342919536,65.29361978364989,67.42238679677237,69.53135951043376,71.52142513552496,73.2934737276965,74.79018028524439,76.12135168592675,77.43857891755769,78.89345379561965,80.5714353400459,82.29344968224355,83.83987703788844,85.09344803658762,85.95475016452627,86.29344759780733,86.00180948085841,85.09344803658762,83.62749453416225,81.72381314275795,79.51745147647821,77.14345755535007,74.71533934613716,72.26044345641088,69.78457814319307,67.29355573173795,64.79319576770425,62.28933053338014,59.787814605609896,57.294541221161765
50.302360443045046,52.36965606510998,54.378305502475655,56.34779294667433,58.29774866429602,60.2478825916219,62.21794931364988,64.22772908736768,66.29701729682397,68.42579818382364,70.53477933418124,72.52484992005704,74.29690137158333,75.79360958348978,77.12478204558566,78.4420100514215,79.89688555147026,81.57486759681717,83.29688228668061,84.8433098563598,86.09688098052249,86.95818317591164,87.29688063226232,87.00524249555777,86.09688098052249,84.63092732755393,82.72724564706274,80.52088344151812,78.1468885355716,75.71876857449541,73.26386957635266,70.78799873128608,68.29696645844598,65.79658890797865,63.29269233959718,60.791120709781126,58.29774866429602
51.40466362025262,53.472387311551145,55.48129673818596,57.45094536850458,59.40100269711503,61.35120148313878,63.321309934752776,65.3311166403687,67.4004221964862,69.5292140953208,71.63820194193761,73.62827646520867,75.40033018621298,76.89703971118732,78.22821301572887,79.54544163605223,81.00031762977261,82.67830007270075,84.40031503850682,85.94674277806513,87.20031400180832,88.061616250733,88.400313725394,88.10867557300939,87.20031400180832,85.73436022935356,83.83067831941386,81.62431568585424,79.25031999825627,76.82219864672342,74.36729718142314,71.89142194570718,69.40038184582352,66.89999033681364,64.39606889800076,61.894453055627224,59.40100269711503
52.407199735702946,54.47526331436616,56.484379143385624,58.45415572631508,60.40429371128546,62.35454397881432,64.32468555250259,66.33451363450318,68.40383295888573,70.53263359790219,72.64162675937433,74.63170440776935,76.40375993006376,77.90047049722244,79.23164447041432,80.54887357845716,82.00374996400521,83.6817327224939,85.40374790731585,86.95017578170736,88.20374708448765,89.06504937590348,89.40374686509745,89.11210870026756,88.20374708448765,86.73779321719658,84.83411112514345,82.62774815186799,80.25375184387246,77.8256293887323,75.37072596524412,72.89484724465606,70.40380093240788,67.90339834438144,65.39945716553268,62.897806230485955,60.40429371128546
53.509920811786074,55.578254240277474,57.5875339217082,59.55741207272858,61.50761407952331,63.457905209917115,65.42807307341948,67.43791812219725,69.5072483745919,71.6360559507474,73.74505333064246,75.73513345945712,77.50719041143908,79.00390180578103,80.33507630968154,81.65230580482783,83.10718250136985,84.78516551031919,86.50718086897422,88.05360885038294,89.307180215895,90.1684825410361,90.50718004176487,90.21554186705717,89.307180215895,87.84122627333232,85.93754403673564,83.73118079382746,81.35718399342183,78.92906066234718,76.474155684642,73.99827419810197,71.50722295507414,69.00681157355461,66.50285472680132,64.0011759379613,61.50761407952331
54.612788740024456,56.68133639954462,58.69074615008401,60.66070492333526,62.610957747328115,64.56128131183863,66.53147004208827,68.54132855761357,70.61066748366086,72.73948056586013,74.84848129393191,76.8385633914614,78.61062147818879,80.10733352906723,81.43850845419173,82.75573825658242,84.21061519996061,85.88859840770078,87.61061390432721,89.15704197067555,90.41061338597785,91.27191573788676,91.61061324777069,91.31897506522294,90.41061338597785,88.94465938367206,87.04097703235107,84.83461357543518,82.46061638420326,80.03249235789852,77.57758614660904,75.10170246472694,72.61064730812242,70.11022894715758,67.6062596646368,65.10455876777274,62.610957747328115
55.71577325565394,57.78449098264211,59.79400398130234,61.76402674923867,63.71431990878516,65.66466921705198,67.63487450956994,69.64474371379056,71.71408952417326,73.84290697654302,75.95191036207214,77.94199402217447,79.71405300955095,81.21076558152313,82.54194084097355,83.85917088722437,85.31404802651664,86.9920313920372,88.71404699817164,90.2604751319366,91.51404658675747,92.37534895991192,92.71404647706235,92.42240828829198,91.51404658675747,90.04809253703351,88.14441009465577,85.93804646788185,83.56404896645077,81.13592438834127,78.68101719795436,76.20513177362525,73.71407351080387,71.21364961022113,68.70967045733481,66.20795201303463,63.71431990878516
56.818850326140534,58.887703056049844,60.89729801048516,62.867371574046985,64.8176967491512,66.76806649074281,68.73828492894344,70.74816261686954,72.81751389138608,74.94633481237551,77.05534030713477,79.04542520745377,80.81748490967657,82.31419789524142,83.64537342004658,84.96260365984936,86.41748095463879,88.09546444538978,89.81748013844076,91.36390832571433,92.6174798119011,93.4787822019182,93.81747972483603,93.52584153112674,92.6174798119011,91.15152572454133,89.24784320989178,87.04147944830142,84.66748170066509,82.23935668458763,79.78444871709002,77.30856190977802,74.81750118154503,72.31707288414665,69.81308589708911,67.31135352519962,64.8176967491512
58.20508810224622,60.32296151660171,62.406595061918594,64.47402634949471,66.54183238371262,68.6236487085872,70.72902812266253,72.86306232848908,75.02720701079343,77.2096806648963,79.35374171424526,81.39464143593418,83.27188010326977,84.96257731368954,86.56106491717512,88.17698654453491,89.89933078936727,91.75494267999319,93.59028765430511,95.25431602566286,96.75590301932209,98.0644070344244,98.70870975052478,98.2063312797647,96.75590301932209,94.70174253405642,92.27345942383454,89.64946969956213,86.98040915094943,84.37222242763494,81.81531747153598,79.28461337402938,76.76341897494086,74.23867818345543,71.69901099442102,69.1350653739475,66.54183238371262
55.956004070162265,58.02464869345435,60.03411731158772,62.00411257213081,63.954388394013435,65.9047266367409,67.87492481025414,69.88478942013204,71.9541322714109,74.08294784534532,76.19195008861706,78.18203307707746,79.95409167732728,81.45080402531735,82.78197914106426,84.09920908249649,85.55408613757889,87.23206943528058,88.95408499434512,90.50051309913236,91.75408453696693,92.61538690098942,92.95408441501648,92.66244622892077,91.75408453696693,90.28813050762477,88.384448104386,86.17808455062229,83.80408718252428,81.3759628415974,78.92105607205664,76.44517139668493,73.95411446901163,71.45369294952937,68.94971803923818,66.4480071373943,63.954388394013435
54.15026486930773,56.21848229928921,58.22769154860366,60.19752604124329,62.14770052897396,64.09797409504391,66.06813065829178,68.07796841419349,70.14729396937953,72.27609856373462,74.38509413042024,76.3751731930738,78.14722953053203,79.64394056932517,80.9751148451108,82.29234417386814,83.74722073673541,85.4252036380291,87.14721892196533,88.69364685737479,89.9472181959228,90.80852050656776,91.1472180023385,90.85557983187658,89.9472181959228,88.48126428571418,86.57758211124673,84.37121898423496,81.9972223954823,79.5690994409112,77.11419513125631,74.6383148336079,72.1472657099826,69.64685810818344,67.14290799599992,64.64124117965119,62.14770052897396
53.00957408913297,55.100162664894725,57.14257792633643,59.156158039650705,61.1596368358249,63.17037942945572,65.20369085441268,67.27244011286969,69.38733355978127,71.5421607771361,73.66824731094201,75.68321395941135,77.50724354526699,79.10147433033669,80.57057707477219,82.04677899583933,83.64833898646582,85.42598492380498,87.21251963078782,88.82666337649653,90.22558526895264,91.35758377203972,91.88753728315857,91.46347258636996,90.22558526895264,88.42053112915673,86.23095779261574,83.80827474221257,81.28749108315178,78.77225085337327,76.2688215805542,73.7671022122434,71.26191094995914,68.75011481161758,66.22950315980354,63.69895697098717,61.1596368358249
51.64115918396285,53.70762391087581,55.71576858372312,57.68494304331142,59.63470143931187,61.584709408360936,63.55469508687915,65.56442255463082,67.6336770736477,69.76243657341232,71.87140471818725,73.86146765676295,75.63351470044728,77.13022036207445,78.46139118794626,79.77861800030485,81.23349254152843,82.91147381467988,84.63348796859826,86.17991520833236,87.43348613908645,88.29478823049709,88.63348565128473,88.34184754503455,87.43348613908645,85.96753271818811,84.06385148333955,81.85749010910004,79.48349672130252,77.05537946081472,74.60048525445623,72.12462293701518,69.63360586598567,67.1332554258255,64.62940716020663,62.12792139696268,59.63470143931187
50.996046439979736,53.07102666978295,55.089567926479134,57.07141108147117,59.03614639244667,61.00299395727269,62.99058747526088,65.01683221137623,67.09895170093348,69.23510793660257,71.34894797367252,73.3460946286196,75.13299249473077,76.65788940609306,78.02969966874075,79.39490151440407,80.89513697486626,82.60454557177313,84.3471692527049,85.91545105615634,87.21671385344892,88.16971876464973,88.57550366913375,88.23720978908874,87.21671385344892,85.64115245096396,83.64950415415578,81.37921633936654,78.96310887295061,76.51046894321452,74.04205794529386,71.55902380322362,69.0640616732108,66.5604946614457,64.05192424671581,61.54227677767703,59.03614639244667
39.22923413870173,41.272552136282044,43.26657264103439,45.22696530461289,47.17117773740691,49.11764165758912,51.08534545566883,53.09359952463632,55.16190474866045,57.29006150911951,59.39866308562527,61.388510466606675,63.16043325960243,64.65706703086528,65.98819173221992,67.30538490060093,68.76023241246546,70.43819191723765,72.1601909626666,73.70660890110038,74.96017437956911,75.82147353977052,76.16016995801752,75.86853271029236,74.96017437956911,73.49422750084543,71.5905588288559,69.38422088936578,67.01027029832441,64.58222916658457,62.12747003573554,59.651848092598854,57.16125949175469,54.661673059738945,52.159185691891736,49.66011807172839,47.17117773740691
40.218506361279495,42.26714450002447,44.264422102414976,46.22684399992308,48.17233957991924,50.11962413218824,52.087856576941306,54.09645210382166,56.16497737265226,58.29327386613551,60.40196043143064,62.39185779197567,64.16380939482075,65.66045983550019,66.99159523198517,68.30879620162429,69.76364998100394,71.44161453340726,73.16361708218984,74.710037177412,75.96360392016001,76.8249037600525,77.1636004107695,76.8719629639688,75.96360392016001,74.49765552443301,72.59398393936524,70.38764056583813,68.0136800511662,65.5856212670225,63.13083081603526,60.655153138839125,58.16446519721737,55.66470164865521,53.16189884932827,50.662270934660796,48.17233957991924
41.210667048894585,43.263547914400874,45.26341839451568,47.2274539397457,49.17396918074455,51.121905570088174,53.09055780767683,55.09942443401576,57.16812438648408,59.29653179946493,61.40528582537931,63.395222856548656,65.1671973264624,66.66386099793351,67.99500488327234,69.31221204484041,70.7670707987889,72.44503935752161,74.16704468692811,75.71346649399868,76.96703424020761,77.82833461957205,78.16703145480082,77.8753938499936,76.96703424020761,75.50108464043204,73.5974107432461,71.39106305670147,69.01709466557826,66.5890218705249,64.13420656014347,61.65848464496054,59.16771785071634,56.667813706299256,54.16476049067313,51.66468768617997,49.17396918074455
42.2051323998967,44.2613934829392,46.26332681322884,48.22864503388581,50.17597035421629,52.12442442290458,54.09340997995331,56.10249183109856,58.17133045146056,60.299825909699265,62.40863348227536,64.39860200118571,66.17059462112981,67.66726879405539,68.99841941707965,70.31563149322673,71.77049419551756,73.44846593408981,75.17047347048543,76.7168966362537,77.97046517891127,78.83176598645537,79.17046296813139,78.87882523791416,77.97046517891127,76.50451462348029,74.60083889116089,72.39448778135973,70.02051313865485,67.59242922301704,65.13759418135348,62.661837153301434,60.17100777003833,57.67099202304978,55.167740015220076,52.6673139855958,50.17597035421629
43.20143463246174,45.26038667814895,47.26396037905856,49.230297873398925,51.17826664226094,53.12713179249869,55.09638198710614,57.10563469570735,59.17458339033266,61.30314873542757,63.41199880999088,65.4019923214595,67.1739993473606,68.67068185540202,70.00183782617972,71.31905380305707,72.77391963916469,74.4518939015859,76.17390318967404,77.72032743384312,78.97389660864312,79.83519775603395,80.17389485394528,79.88225702419,78.97389660864312,77.50794529470701,75.60426810583866,73.3979142789893,71.02393467437673,68.59584193225078,66.14099122962645,63.66520633174366,61.174327269243165,58.674222935946815,56.170813123543326,53.67010666593734,51.17826664226094
44.199199657598,46.26029263434614,48.265170246966306,50.23231750508866,52.18079728721814,54.12998883865785,56.09944912774205,58.108837467051075,60.17787353617234,62.3064943538338,64.41537816349015,66.40539151202009,68.17740997210589,69.67409909579987,71.0052593111231,72.32247838402867,73.77734670745802,75.455322973065,77.17733365147495,78.7237587515724,79.97732842810464,80.83862984523215,81.1773270353996,80.88568912664087,79.97732842810464,78.51137651214208,76.60769816720844,74.40134218383159,72.02735864093518,69.5992588931741,67.14439576029096,64.66858874165013,62.17767024726368,59.67749559837651,57.17396052184648,54.67303144239429,52.18079728721814
45.19812877662133,47.260924242826235,49.266838000979234,51.23462845204408,53.183514019753744,55.1329647151387,57.10259178877806,59.112087791517965,61.181193215175,63.30985806354096,65.41876864954173,67.4087977430441,69.18082527855478,70.67751965313776,72.00868323737842,73.32590476761365,74.78077506523769,76.4587529207777,78.18076470268844,79.72719048213736,80.98076055689502,81.84206218811283,82.18075945150404,81.88912148004019,80.98076055689502,79.51480816310338,77.61112890059908,75.40477120558221,73.03078453685828,70.60267922869141,68.14780622981333,65.67198165362626,63.18103186121823,60.68080139991679,58.17716689201416,55.676061088492986,53.183514019753744
46.2979837814534,48.36213255538601,50.368869478988415,52.337170737216894,54.28637849949868,56.23603492744505,58.205794398526535,60.21537586214711,62.28453633590786,64.41323613278965,66.52216797168253,68.51220956215828,70.28424430090554,71.78094284314835,73.1121091013128,74.42933258193844,75.8842044464857,77.56218356395854,79.28419622171947,80.83062254037046,82.08419293120001,82.94549473234147,83.28419205385045,82.99255403261748,82.08419293120001,80.61824015815498,78.71456016737372,76.50820111382531,74.13421196412445,71.70610224264195,69.25122141306056,66.77538290125776,64.28440826701842,61.784133505551864,59.28042007313934,56.77917398536336,54.28637849949868
47.298574890404495,49.36379907378361,51.37118983384291,53.339896712020845,55.28936027741595,57.23918002683469,59.20904459472297,61.21869389395599,63.287898063137504,65.41662559950787,67.52557430714333,69.51562581658706,71.28766627258926,72.78436812272255,74.11553650318939,75.4327615318451,76.88763464006254,78.56561475913354,80.28762811205786,81.83405485867405,83.08762550037017,83.94892743638017,84.28762480401724,83.99598674328251,83.08762550037017,81.62167242631136,79.71799185749592,77.51163172567908,75.13764060682175,72.70952738247661,70.25464033762537,67.77879076500237,65.28779641342614,62.78748648974705,60.283710411269766,57.78235296829652,55.28936027741595
48.29975102097053,50.365829570368504,52.37373958951824,54.342768529516576,56.29243517457485,58.24238457213713,60.21233256353614,62.222035707248466,64.29127455884687,66.42002411258879,68.52898620914996,70.5190455913554,72.2910905851725,73.78779506079071,75.11896512573495,76.43619138306553,77.8910654783862,79.56904639242701,81.29106029710329,82.83748738339588,84.09105822420497,84.95236026726025,85.29105767150924,84.99941957942191,84.09105822420497,82.62510491123129,80.72142388362957,78.51506289598974,76.14107021420949,73.71295420963304,71.25806223169587,68.78220388002183,66.29119387855664,63.79085604588764,61.287030242902716,58.78558440999872,56.29243517457485
49.301391972844335,51.3681491458147,53.37647149583742,55.34575613277015,57.29558399288851,59.245636304729544,61.21565051452873,63.225396396723056,65.2946627766172,67.42342980588919,69.53240252937108,71.52246816023677,73.29451675573668,74.79122331521029,76.1223947171282,77.43962194966032,78.8944968284463,80.5724783734556,82.29449271605796,83.840920071952,85.09449107079723,85.95579319881438,86.29449063212228,86.00285251515038,85.09449107079723,83.6285375681966,81.7248561764558,79.51849450954836,77.14450058727385,74.71638237602173,72.26148648267713,69.78562116302012,67.2945987400861,64.7942387555814,62.290373484783984,59.788857492176376,57.29558399288851
50.303402162343296,52.37069828258865,54.379348022549806,56.34883565435835,58.29879149025203,60.24892549307282,62.21899226367424,64.22877206874114,66.2980602983893,68.42684119820701,70.53582235635923,72.52589294681826,74.2979444009863,75.79465261442118,77.1258250774977,78.44305308404884,79.89792858467223,81.57591063048196,83.29792532066661,84.84435289054352,86.09792401482213,86.95922621027361,87.29792366664557,87.00628552992278,86.09792401482213,84.6319703617145,82.72828868095621,80.52192647491339,78.147931568057,75.71981160536228,73.26491260434767,70.78904175417024,68.29800947221926,65.79763190550386,63.29373530817277,60.7921636268929,58.29879149025203
51.405705610634755,53.47342969750618,55.482339364374454,57.45198814362392,59.402045566116854,61.35224441206502,63.32235290223342,65.33215963273183,67.40146520487589,69.53025711388428,71.63924496668773,73.62931949359651,75.40137321669758,76.89808274288507,78.22925604820495,79.54648466909602,81.0013606632725,82.67934310656796,84.40135807262897,85.94778581234424,87.20135703617942,88.06265928515356,88.40135675983149,88.10971860743238,87.20135703617942,85.73540326361426,83.83172135346257,81.62535871950753,79.25136303118737,76.82324167836993,74.36834021079022,71.89246497101779,69.40142486390279,66.90103334199665,64.39711188020596,61.895495996984096,59.402045566116854
52.40824194134494,54.476305834079724,56.4854218538125,58.45519855496407,60.40533661445528,62.355586929548735,64.32572853383873,66.33555663558897,68.404875972692,70.53367661978345,72.64266978616595,74.63274743744824,76.40480296140687,77.9015135295284,79.23268750333806,80.5499166118315,82.00479299774156,83.68277575652175,85.40479094154607,86.95121881606215,88.20479011891547,89.06609241037057,89.40478989957795,89.11315173473656,88.20479011891547,86.73883625153678,84.83515415931538,82.6287911857261,80.25479487715737,77.8266724209976,75.37176899570026,72.89589027189254,70.40484395390482,67.90444135564252,65.40050015855597,62.89884919108697,60.40533661445528
53.51096318834327,55.57929686617972,57.58857669900482,59.558454943867986,61.50865700981389,63.45894817796133,65.42911606575296,67.43896113020632,69.50829139269732,71.63709897526202,73.74609635905445,75.73617649016073,77.50823344346357,79.00494483856976,80.33611934296059,81.65334883846452,83.10822553529388,84.78620854447463,86.50822390329023,88.05465188479783,89.30822325036785,90.16952557554009,90.50822307627953,90.21658490156268,89.30822325036785,87.84226930773563,85.9385870710054,83.7322238278481,81.35822702698754,78.93010369510364,76.47519871596252,73.99931722686703,71.5082659792837,69.00785458963992,66.50389772841109,64.0022189138369,61.50865700981389
54.61383125227704,56.68237910974426,58.6917889804613,60.66174782820181,62.612000699145455,64.56232429362208,66.53251304315056,68.54237157111771,70.61171050517856,72.74052359246483,74.84952432362996,76.83960642297835,78.61166451075412,80.10837656223913,81.4395514877528,82.75678129042733,84.21165823403359,85.88964144195741,87.61165693871132,89.15808500513812,90.41165642048642,91.27295877242004,91.61165628231245,91.32001809975746,90.41165642048642,88.94570241812544,87.04202006669846,84.83565660958485,82.46165941799185,80.0335353910448,77.57862917861561,75.10274549470525,72.61169033448499,70.1112719670719,67.60730267306177,65.10560175577211,62.612000699145455
55.71681587563319,57.78553375975835,59.7950468538136,61.765069680876024,63.71536287768893,65.66571220974052,67.63591751756036,69.64578673165622,71.71513254839931,73.84395000480664,75.95295339279096,77.94303705433694,79.71509604254553,81.21180861499916,82.54298387475845,83.86021392123456,85.31509106070784,86.99307442637418,88.7150900326098,90.26151816643703,91.51508962129441,92.37639199446849,92.71508951162562,92.4234513228495,91.51508962129441,90.04913557152663,88.14545312906476,85.93908950213391,83.56509200041626,81.13696742179692,78.68206023050544,76.2061748045665,73.71511653887532,71.21469263317454,68.71071347116904,66.20899501065684,63.71536287768893
56.819893031638316,58.88874588628393,60.89834091644062,62.86841452693332,64.8187397316169,66.76910949208688,68.73932794243277,70.74920563819691,72.81855691776175,74.94737784195581,77.05638333866378,79.0464682401286,80.81852794301183,82.31524092895879,83.64641645400911,84.96364669399074,86.41852398892381,88.0965074797905,89.81852317292179,91.3649513602448,92.61852284646055,93.47982523649323,93.8185227594164,93.52688456570252,92.61852284646055,91.15256875906599,89.24888624434968,87.04252248263475,84.66852473477097,82.24039971828888,79.7854917500733,77.30960494148357,74.8185442109728,72.31811590951224,69.81412891521674,67.3123965304596,64.8187397316169
58.206228920856304,60.32410912737238,62.407752852773555,64.47519729572244,66.54301883215406,68.62485202011794,70.73024825364345,72.86429745674371,75.02845330476232,77.21093317129073,79.35499823852231,81.39590372785602,83.27315412185254,84.9638722293519,86.56238714178906,88.17833735978897,89.90070558985629,91.75633261229706,93.59168692245393,95.25572472732745,96.75733079791796,98.06586657464078,98.71018918899037,98.20779714725307,96.75733079791796,94.70312323190477,92.27479239959447,89.650760340577,86.98166732980712,84.37345968522708,81.81654248780093,79.28583169201211,76.76463357544338,74.2398897669142,71.70021812015804,69.13626463909851,66.54301883215406
55.95704664383457,58.02569144180674,60.03516016598809,62.00515549226107,63.955431355572884,65.90576962474209,67.8759678152666,69.885832436123,71.95517529447281,74.08399087289588,76.19299311889716,78.18307610896247,79.95513471013734,81.45184705866268,82.78302217475289,84.10025211643564,85.55512917171926,87.23311246958303,88.95512802876002,90.50155613361653,91.75512757149167,92.61642993553596,92.95512744957051,92.66348926346839,91.75512757149167,90.2891735421008,88.38549113876851,86.17912758483033,83.80513021641376,81.37700587492009,78.9220991043737,76.44621442721228,73.95515749634856,71.45473597117649,68.95076105074735,66.44905013088031,63.955431355572884
54.15130717239347,56.219524879545645,58.228734297156564,60.198568894118594,62.14874344760703,64.09901705564778,66.06917364589825,68.07901141922673,70.14833698563706,72.27714158711734,74.38613715813574,76.37621622333698,78.14827256226363,79.64498360190639,80.97615787823712,82.29338720739207,83.74826377057877,85.4262466721297,87.14826195624447,88.69468989176384,89.94826123037629,90.8095635410559,91.1482610368385,90.85662286636642,89.94826123037629,88.48230732009034,86.57862514547446,84.37226201818574,81.99826542892731,79.57014247345651,77.11523816220529,74.63935786171595,72.14830873302618,69.64790112219512,67.14395099391893,64.64228414896125,62.14874344760703
53.010659764230795,55.101251589256066,57.143671798121545,59.157258446328115,61.160745155618585,63.17149662963541,65.20481720881463,67.27357489204024,69.38847477895906,71.54330564344333,73.66939456093789,75.68436466594846,77.50840140882306,79.10264539503649,80.57176631206752,82.04798847484207,83.64956649640794,85.42722434180321,87.21376661330574,88.82791817837006,90.22685644883455,91.35888403045888,91.88885702074543,91.46477892810896,90.22685644883455,88.42176322931051,86.23215448936747,83.80944305849668,81.28863932051817,78.77338684944124,76.26995065153696,73.76822756519006,71.26303426069862,68.75123647594774,66.23062240940146,63.700072013656296,61.160745155618585
51.64220037715541,53.70866580128944,55.71681089776004,57.68598562004519,59.635744181672976,61.58575225645251,63.55573800300098,65.56546551466046,67.63472006195877,69.76347957967701,71.8724477353696,73.86251068036492,75.63455772774945,77.1312633915175,78.46243421876284,79.77966103212331,81.2345355741518,82.91251684795148,84.63453100231976,86.18095824233083,87.43452917324728,88.2958312647452,88.63452868556269,88.34289057928697,87.43452917324728,85.96857575215415,84.06489451693147,81.85853314199412,79.48453975292217,77.05642249016732,74.6015282797863,72.12566595518665,69.63464887139585,67.13429840847782,64.63045010231131,62.12896426698802,59.635744181672976
50.99710072523738,53.072081855950216,55.09062449692637,57.07246950393454,59.03720709421502,61.00405726610201,62.99165352757602,65.01790084038095,67.10002233403569,69.23617971819817,71.35002051126291,73.34716827007983,75.1340684509396,76.65896973782985,78.03078625939946,79.39599541915132,80.89623772133032,82.60565101658015,84.34827776018489,85.91656279561124,87.21783258988835,88.17085074111725,88.57664515612117,88.23834467759461,87.21783258988835,85.64225499104731,83.65059339683854,81.38029574856927,78.96418172494097,76.51153794859901,74.04312482296649,71.56008955258076,69.06512680693034,66.56155930094879,64.0529881647441,61.54333944825537,59.03720709421502
39.23235800268395,41.275694790552805,43.26972681042331,45.23012665249203,47.17434362619203,49.120810451195,51.088516120833916,53.09677139877998,55.16507740195311,57.293234657208416,59.40183653466818,61.39168409263509,63.163606987651974,64.66024081794471,65.99136555717315,67.30855875318017,68.76340628723945,70.44136580988648,72.16336486772165,73.70978281379315,74.96334829673901,75.82464745934736,76.1633438784176,75.87170662998744,74.96334829673901,73.49740141264323,71.59373273033779,69.38739477160445,67.01344414542119,64.58540295117028,62.13064370941035,59.65502156891009,57.16443261629,54.66484555710619,52.16235707238212,49.663287468532516,47.17434362619203
40.22164042422985,42.27029355600764,44.26758032834938,46.2300079354261,48.17550712437816,50.12279398418114,52.09102791520334,54.09962440198261,56.16815028935822,58.29644717561408,60.405133979796204,62.3950314808219,64.16698316464387,65.6636336521764,66.99476907872233,68.31197007028848,69.76682386728426,71.44478843387495,73.16679099250439,74.71321109378864,75.96677784009015,76.82807768189305,77.16677433326342,76.8751368859032,75.96677784009015,74.50082944009932,72.59715784684377,70.39081445804322,68.01685391547893,65.58879508171941,63.13400454269981,60.658326708848875,58.16763848799951,55.66787444158126,53.16507075555904,50.66544126571354,48.17550712437816
41.21380925429976,43.26670207002194,45.266579847567314,47.23061993206446,49.17713804054587,51.125076262626806,53.09372968037971,55.10259706880019,57.171297512292426,59.29970523705025,61.408459452581724,63.39839659525518,65.170371129442,66.6670348381011,67.99817874729963,69.31538592627136,70.77024469420186,72.44821326419515,74.17021860141713,75.71664041329919,76.97020816232856,77.8315085432093,78.17020537895667,77.87856777370533,76.97020816232856,75.50425855916876,73.60058465548418,71.39423695681697,69.0202685435554,66.59219570912148,64.13738032886728,61.661658289342796,59.17089127346108,56.6709867338497,54.167932814308415,51.66785875913848,49.17713804054587
42.208281098151645,44.26455169791791,46.26649083234345,48.23181266060486,50.179140258783406,52.12759578290219,54.09658227697042,56.105664733112064,58.17450374325324,60.302999448970354,62.41180717205343,64.40177577946747,66.17376845042624,67.67044265286833,69.00159329483029,70.31880538479074,71.77366809817917,73.45163984568897,75.17364738828775,76.72007055787492,77.97363910277107,78.83493991151865,79.17363689360627,78.88199916303654,77.97363910277107,76.50768854465403,74.60401280717662,72.39766168775375,70.02368702747756,67.59560308058307,65.14076798346053,62.66501085671567,60.174181297529685,57.67416523684645,55.17091267022772,52.67048564765254,50.179140258783406
43.204588503226745,45.26354812248725,47.26712643782582,49.233466798544036,51.18143737654975,53.130303682458916,55.0995546209825,57.10880780985276,59.17775681387954,61.306322355411325,63.41517254943702,65.40516613115288,67.17717319754499,68.67385572901398,70.00501171482261,71.32222770266372,72.77709354757957,74.45506781709454,76.17707711010615,77.7235013573063,78.97707053388304,79.83837168222905,80.17706878046711,79.88543095043205,78.97707053388304,77.51111921781502,75.60744202485274,73.40108819036658,71.02710857180764,68.59901580487306,66.14416505823033,63.66838008201316,61.177500879876845,58.67739629758276,56.17398604161069,53.673278795717465,51.18143737654975
44.20235764589978,46.26345664653374,48.268337926479816,50.23548746155317,52.18396868036676,54.133161149375766,56.10262202903469,58.11201074958589,60.18104706430037,62.309668037882176,64.41855194235897,66.40856534664532,68.18058383886927,69.6772729811579,71.00843320841125,72.32565229001881,73.78052062043928,75.45849689167659,77.18050757399433,78.72693267649751,79.98050235443996,80.84180377232563,81.1805009627524,80.88886305377159,79.98050235443996,78.5145504367853,76.6108720886023,74.40451609916414,72.03053254519841,69.6024327777466,67.14756960992568,64.67176252910969,62.18084392389059,59.68066907736238,57.17713364873555,54.67620394350493,52.18396868036676
45.20129004067526,47.26409029608845,49.27000696806154,51.23779922754531,53.186685936034664,55.136137359891706,57.10576490235124,59.115261207716244,61.18436682631406,63.31303179843931,65.42194245970106,67.41197159745803,69.18399915847704,70.68069354781869,72.01185714152837,73.32907867867038,74.78394898184331,76.46192684185212,78.18393862686446,79.73036440822284,80.98393448409979,81.84523611591933,82.18393337951636,81.89229540787625,80.98393448409979,79.51798208896511,77.61430282388181,75.40794512405404,73.03395844654437,70.60585312274887,68.15098009614044,65.67515547060418,63.18420559022597,60.68397497204951,58.18034018466466,55.67923388439074,53.186685936034664
46.30114765031499,48.36530023052566,50.372039468760065,52.34034216308933,54.28955083111288,56.239207837371936,58.20896768060712,60.21854938444217,62.287710012935904,64.41640990804879,66.5253418066776,68.5153834322787,70.28741819127211,71.78411674522894,73.11528301090897,74.43250649701656,75.88737836596795,77.5653574869877,79.2873701472104,80.8337964673769,82.08736685909483,82.9486686607139,83.28736598238623,82.99572796101339,82.08736685909483,80.62141408498384,78.71773409215564,76.5113750347888,74.13738587811469,71.70927614422769,69.25439529263654,66.77855674166483,64.28758203760208,61.78730715161922,59.28359349736715,56.78234701527279,54.28955083111288
47.3017408297609,49.366968037391565,51.37436063579366,53.3430686542832,55.29253293875779,57.24235314726178,59.21221801056072,61.22186750046518,63.291071792463626,65.41979940680214,67.52874816185079,69.51879969917383,71.29084017124549,72.78754203067628,74.11871041710825,75.43593545011501,76.89080856182801,78.56878868371419,80.2908020385924,81.83722878641147,83.0907994288127,83.95210136520178,84.29079873296851,83.99916067212274,83.0907994288127,81.62484635390783,79.72116578346774,77.51480564862021,75.14081452422818,72.71270129003756,70.25781422771709,67.78196462400541,65.29097021700939,62.790660194498784,60.28688393993828,57.78552618396574,55.29253293875779
48.302918605609754,50.3689995573808,52.37691103639223,54.3459408817576,56.29560809767048,58.24555785965825,60.215506085545,62.22520938060164,64.29444832968323,66.42319794530982,68.53216007950334,70.52221948383678,72.2942644904083,73.79096897340595,75.12213904308474,76.43936530386875,77.89423940196386,79.57222031823906,81.29423422446615,82.84066131171349,84.09423215308223,84.95553419643835,85.29423160079027,85.00259350861481,84.09423215308223,82.62827883943702,80.72459781054579,78.51823682050052,76.14424413432737,73.71612812193655,71.26123613013397,68.78537775378462,66.29436770833217,63.79402979721874,61.290203854470775,58.788757773121034,56.29560809767048
49.30456086456318,51.3713199455742,53.37964345477414,55.34892881048691,57.298757123769036,59.248809724885774,61.218824120810766,63.22857012313233,65.29783658040103,67.42660365879172,69.53557641214276,71.52564206057158,73.29769066619471,74.7943972315254,76.12556863720113,77.44279587247422,78.89767075346228,80.57565230024505,82.29766664407828,83.84409400073008,85.0976650000195,85.95896712827546,86.29766456166504,86.0060264446232,85.0976650000195,83.63171149688591,81.72803010412161,79.52166843530497,77.1476745095438,74.71955629208938,72.26466038773981,69.78879504849789,67.2977725906508,64.79741254388357,62.29354716215255,59.79203097234206,57.298757123769036
50.30657209226004,52.37386972772276,54.382520388028695,56.35200859045291,58.30196478607091,60.252099018509526,62.222165936847105,64.23194583726234,66.30123412832404,68.43001506712781,70.53899624898739,72.52906685338633,74.30111831558919,75.79782653367288,77.12899899973198,78.44622700845864,79.90110251082984,81.57908455804713,83.30109924920873,84.84752681968709,86.10109794431827,86.9624001399593,87.30109759639606,87.00945945961777,86.10109794431827,84.6351442907876,82.73146260921698,80.52510040165879,78.15110549203507,75.72298552441758,73.26808651466827,70.79221564894623,68.30118333928448,65.80080572315057,63.29690903776918,60.79533719996212,58.30196478607091
51.40887636505408,53.4766016550615,55.48551205260026,57.455161284823035,59.40521899285959,61.35541802106788,63.32552662849959,65.33533343467808,67.40463905556695,69.5334309955189,71.64241886713899,73.63249340511194,75.4045471345903,76.9012566644675,78.23242997215468,79.5496585947725,81.00453459033619,82.68251703474886,84.40453200158527,85.95095974177792,87.20453096589293,88.06583321501748,88.40453068974685,88.11289253730371,87.20453096589293,85.73857719299198,83.83489528219555,81.62853264703779,79.25453695652118,76.8264155997965,74.37151412528405,71.8956388731738,69.4045987440646,66.90420718293454,64.40028565125685,61.89866964379475,59.40521899285959
52.41141335047779,54.479478198461905,56.48859479824945,58.45837185897365,60.40851014512005,62.35876060488121,64.32890230224633,66.3387304640652,68.40804983985751,70.5368505115091,72.64584369282647,74.63592135289045,76.40797688191071,77.9046874529608,79.23586142864937,80.55309053851332,82.00796692552441,83.68594968519136,85.40796487083111,86.95439274572607,88.20796404880147,89.06926634037598,89.4079638296242,89.11632566474782,88.20796404880147,86.7420101811563,84.83832808842317,82.63196511387925,80.25796880356722,77.82984634430626,75.37494291350642,72.89906417990615,70.40801784446153,67.90761521506687,65.40367396251007,62.90202289642869,60.40851014512005
53.514135117315064,55.58246955353489,57.59174984682615,59.56162837711223,61.51183062296646,63.46212190594163,65.43228986760906,67.44213497973972,69.51146527293875,71.640272874997,73.74927027064328,75.73935040871959,77.51140736603988,79.00811876347048,80.33929326935258,81.65652276594429,83.11139946364754,84.7893824735321,86.51139783283617,88.05782581464449,89.31139718039078,90.17269950565779,90.51139700642965,90.21975883168506,89.31139718039078,87.84544323754704,85.94176100041065,83.73539775649567,81.36140095425145,78.93327761990616,76.47837263639765,74.0024911395298,71.51143987809085,69.01102846373715,66.50707155848097,64.00539266563631,61.51183062296646
54.61700359396659,56.68555205349007,58.69496228972747,60.66492136402715,62.615174377771694,64.56549806339024,66.53568687155521,68.54554543736441,70.61488439579846,72.74369749855683,74.8526982391304,76.84278034401092,78.61483843497533,80.11155048830523,81.44272541500251,82.75995521854043,84.21483216284031,85.89281537132273,87.61483086846432,89.16125893512982,90.41483035061805,91.27613270262688,91.614830212545,91.323192029968,90.41483035061805,88.94887634808917,87.0451939963398,84.83883053862485,82.46483334593361,80.03670931703294,77.58180310113737,75.10591941105804,72.61486423984059,70.11444585281507,67.61047652386007,65.10877554444598,62.615174377771694
55.7199885449735,57.78870690703107,59.798220291230336,61.76824329812476,63.7185366082836,65.6688860126765,67.63909136703694,69.64896061116835,71.71830644725662,73.84712391594422,75.95612731139605,77.94621097733291,79.71826996807232,81.21498254199022,82.54615780268895,83.86338784985034,85.31826498987414,86.99624835598384,88.71826396252716,90.26469209654385,91.51826355151228,92.37956592474606,92.71826344192363,92.42662525313001,91.51826355151228,90.05230950161126,88.14862705889351,85.94226343148536,83.56826592889605,81.14014134872613,78.68523415468337,76.20934872384811,73.71829044942842,71.21786652816118,68.71388733841971,66.21216882859858,63.7185366082836
56.823065961083415,58.891919195114625,60.90151445557788,62.87158820881082,64.82191350346011,66.77228332134868,68.74250180863439,70.75237952823798,72.82173082315717,74.95055175709808,77.05955725973304,79.0496421646829,80.82170186957484,82.318414856684,83.64959038248,84.96682062300547,86.42169791837549,88.0996814095941,89.82169710296961,91.36812529044299,92.62169677674689,93.48299916682694,93.82169668976631,93.53005849603858,92.62169677674689,91.15574268924658,89.25206017432717,87.04569641223341,84.6716986636778,82.243573645965,79.78866567556572,77.3127788630898,74.82171812565116,72.32128981183547,69.81730279552576,67.31557037163167,64.82191350346011
58.20936169782799,60.327239045800056,62.41087848682288,64.47831739322562,66.54613240543635,68.62795849646014,70.7333476514273,72.86739054285556,75.03154169173989,77.2140189437479,79.35808232004105,81.39898538204507,83.27623084084878,84.96694015378225,86.56544357324493,88.1813817589165,89.90373989486875,91.75936054914669,93.59471093035752,95.2587447651857,96.76034280736556,98.0688652174486,98.71317945779813,98.21079312728271,96.76034280736556,94.70615505503599,92.27784430644118,89.65383006399688,86.98475071499072,84.3765518751984,81.81963982958898,79.28893185280546,76.76773530075779,74.24299276196788,71.7033229912691,69.13937281838432,66.54613240543635
55.96021917233226,58.02886450159416,60.03833354832051,62.008329074511025,63.95860506382972,65.90894341342143,67.8791416556858,69.88900630993325,71.95834918978943,74.08716478186471,76.19616703616774,78.18625003111448,79.95830863510294,81.45502098525613,82.78619610239079,84.10342604483533,85.558303100731,87.23628639908767,88.95830195860677,90.50473006367386,91.75830150167246,92.61960386578312,92.95830137984038,92.66666319371882,91.75830150167246,90.29234747213346,88.38866506851672,86.1823015140479,83.80830414466229,81.3801798014448,78.92527302783974,76.44938834523501,73.9583314046676,71.45790986219001,68.95393491092625,66.45222393624175,63.95860506382972
54.15447887790168,56.22269742806908,58.231907357553865,60.201742271812535,62.15191702530329,64.10219076099821,66.07234743337705,68.08218525970906,70.15151086025804,72.28031548340968,74.38931106760623,76.37939014055621,78.15144648394913,79.64815752617596,80.97933180416462,82.29656113452884,83.75143769868708,85.42942060102044,87.15143588567827,88.69786382153195,89.95143516034037,90.81273747112532,91.15143496694395,90.85979679644103,89.95143516034037,88.48548124981929,86.58179907475184,84.3754359466208,82.00143935582412,79.57331639761694,77.11841208151041,74.64253177238035,72.15148262828706,69.65107498998549,67.1471248127634,64.64545788079155,62.15191702530329
53.013815748958535,55.10440620649064,57.146824333172134,59.160408231091196,61.163891610055344,63.17463934666341,65.20795607319151,67.27671021076841,69.39160738734802,71.54643671690368,73.67252463120093,75.68749328149491,77.51152701227551,79.10576544267977,80.57487871164153,82.05109235556782,83.65266278872025,85.43031562255894,87.21685471050499,88.8310029847676,90.22993436250403,91.3619497063863,91.8919144988651,91.46784204386893,90.22993436250403,88.42485758981158,86.23526374958026,83.81256426283235,81.29176897523735,78.7765216560262,76.27308837261302,73.77136685103974,71.26617440603248,68.75437731419026,66.23376426390976,63.70321563869611,61.163891610055344
51.64536870691925,53.71183625165425,55.71998263657625,57.68915815785431,59.638917223237854,61.58892561959675,63.55891157305929,65.56863921826438,67.63789385158069,69.76665342390487,71.87562161280351,73.86568457732406,75.63773163596281,77.13443730624229,78.46560813766527,79.78283495407297,81.23770949854955,82.91569077432081,84.63770493005748,86.184132170911,87.43770310232128,88.29900519408467,88.63770261499296,88.34606450863947,87.43770310232128,85.97174968063558,84.0680684442751,81.8617070672152,79.4877136742671,77.05959640461703,74.60470218200152,72.12883983562895,69.63782271302469,67.13747218088858,64.63362375139647,62.13213769684381,59.638917223237854
51.00026992080221,53.075250672354315,55.09379273073651,57.07563695829744,59.04037358930039,61.00722266396947,62.9948177708097,65.02106399917973,67.10318464938301,69.23934155018668,71.3531820250809,73.35032931931951,75.13722852598677,76.66212797137915,78.03394185880191,79.39914794032939,80.89938736309021,82.60879868098785,84.35142413563176,85.91970781084521,87.22097466036489,88.17398723939075,88.57977765179993,88.24147995030793,87.22097466036489,85.64540387794153,83.6537478801036,81.38345437037896,78.96734310643956,76.51470094899325,74.04628871883719,71.5632539233185,69.06829143676758,66.56472413878382,64.05615330622176,61.5465051147396,59.04037358930039
39.23986826310593,41.28325017018325,43.27730983980765,45.23772691852403,47.18195479558044,49.128428595447815,51.096138758943155,53.104396939800054,55.172704813807286,57.30086325712955,59.40946585721696,61.399313840147755,63.171236980129876,64.66787095216051,65.99899578232859,67.31618904466906,68.77103663202058,70.44899619758732,72.17099528521133,73.7174132496219,74.97097874331787,75.8322779117056,76.17097433275254,75.87933708262966,74.97097874331787,73.50503184632308,71.60136313924787,69.39502513430921,67.021074423746,64.59303307939838,62.13827357132779,59.66265095693345,57.17206115965608,54.672472594564056,52.16998142807846,49.670907061143296,47.18195479558044
40.229175174478925,42.277864307267336,44.27517309812877,46.23761441471315,48.18312226926349,50.130414669759276,52.09865216950402,54.107250961121366,56.17577833370038,58.304076163051704,60.41276354083081,62.402661379167796,64.1746132574252,65.67126385745772,67.00239935618363,68.31960040039931,69.77445423969354,71.45241884034985,73.1744214226228,74.72084153846282,75.9744082932967,76.83570813968672,77.174404792626,76.88276734392224,75.9744082932967,74.5084598830679,72.60478827015251,70.39844484467858,68.02448423514133,65.5964252822482,63.14163453185216,60.665956321853855,58.17526743054472,55.67550218871257,53.17269637362429,50.67306310157619,48.18312226926349
41.22136355612274,43.27428506634746,45.274180366133734,47.23823135005128,49.18475634374265,51.13269896646344,53.10135521794032,55.1102244362138,57.178926058715305,59.307334532087935,61.41608920291331,63.40602661332174,65.1780013018361,66.67466509978809,68.00580906627664,69.32301628703672,70.77787508853976,72.45584368557107,74.17784904155897,75.724270864994,76.97783862079552,77.83913900531707,78.17783584230966,77.88619823599197,76.97783862079552,75.51188900950984,73.60821509022118,71.40186736244618,69.02789889602778,66.59982596703634,64.14501041900905,61.66928808092527,59.178520532864724,56.67861504434322,54.17555943461417,51.675482376411765,49.18475634374265
42.215850990445446,44.27214444139102,46.27409751239365,48.23942800300772,50.18676107059909,52.13522008939276,54.104208833362634,56.113292742175815,58.18213268822488,60.31062898816802,62.41943707263678,64.40940589255905,66.1813986860102,67.67807295932512,69.00922364675864,70.32643576988681,71.78129850992192,73.45927027889189,75.18127783638522,76.727701015142,77.98126956541324,78.84257037705052,79.1812673601265,78.8896296287104,77.98126956541324,76.51531900084663,74.61164325098426,72.40529210845847,70.03131740599142,67.60323338404586,65.14839815375956,62.67264079004113,60.18181080844275,57.681793994540044,55.17854008619983,52.67811067942523,50.18676107059909
43.21217081556752,45.27114862013171,47.274738015364605,49.24108525863982,51.189060180633916,53.13792926145655,55.10718198621572,57.11643632827142,59.18538607520918,61.31395208841003,63.4228025692795,65.41279631966756,67.18480348328356,68.68148607100495,70.01264209290471,71.32985810707119,72.78472397313661,74.46269825968459,76.18470756451805,77.7311318189961,78.98470099983908,79.84600215047864,80.18469924950114,79.89306141879433,78.98470099983908,77.51874967865206,75.61507247585979,73.40871862303675,71.03473897099076,68.60664614448768,66.15179529215142,63.67601012784388,61.185130590424905,58.68502541025667,56.18161408922178,53.68090495055279,51.189060180633916
44.20994984508722,46.271063309951245,48.275953395649225,50.243108397981175,52.1915930664571,54.14078773866534,56.11025003636759,58.11963967232823,60.18867657674221,62.31729792470787,64.42618205686014,66.41619559502442,68.188214164416,69.6849033513526,71.01606360725171,72.3332827097538,73.78815105696077,75.4661273417172,77.18813803341797,78.73456314169766,79.9881328230262,80.84943424273229,81.18813143378165,80.89649352426767,79.9881328230262,78.52218090130859,76.61850254532352,74.41214654133134,72.03816296078683,69.61006314605518,67.15519989434438,64.67939266423822,62.18847379289646,59.68829847180784,57.1847621977533,54.68383098995116,52.1915930664571
45.20889010543068,47.27170186040881,49.277625528854045,51.24542213058571,53.194311578231634,55.143764751241065,57.11339341939592,59.12289045140102,61.19199653807556,63.32066180736199,65.42957264933455,67.4196018933522,69.19162951561987,70.68832394039887,72.01948755684481,73.33670911057091,74.79157942706729,76.46955729780626,78.19156909026592,79.73799487620911,80.99156495477361,81.85286658803803,82.19156385212924,81.89992588006592,80.99156495477361,79.52561255641416,77.62193328513837,75.41557557375904,73.04158887515374,70.61348351383202,68.15861042063958,65.68278567660994,63.19183558500458,60.691604590152025,58.18796913169608,55.68686163865743,53.194311578231634
46.30875396958652,48.37291568919288,50.37966048516287,52.34796662775368,54.297177470577,56.24683586543671,58.21659660225883,60.226178882878344,62.295339882904926,64.42404001388269,66.5329720559447,68.52301376588602,70.29504857349292,71.79174715557657,73.12291343930244,74.44013693857288,75.89500881809914,77.57298794763545,79.29500061376908,80.84142693757454,82.09499733142559,82.95629913419145,83.294996456256,83.00335843454727,82.09499733142559,80.6290445547551,78.72536455701189,76.51900549047656,74.14501631705878,71.71690655338713,69.26202564894788,66.7861870039268,64.29521213220954,61.79493694724778,59.29122276033178,56.7899753314305,54.297177470577
47.309352120577806,49.37458658984171,51.38198360234273,53.350694358864814,55.300160369939064,57.24998168076357,59.21984725337978,61.229497201109794,63.298701788006724,65.42742958955627,67.5363784584498,69.52643006271438,71.29847057337085,72.795172455126,74.12634085588104,75.44356589933516,76.89843901944147,78.57641914808724,80.29843250765697,81.8448592583643,83.09842990245858,83.95973183975786,84.29842920783591,84.00679114672354,83.09842990245858,81.63247682552223,79.72879625118108,77.52243610905653,75.14844497137503,72.72033171354423,70.26544460927795,67.78959493091857,65.2986003908529,62.798290131035756,60.29451345367792,57.79315494615557,55.300160369939064
48.310533846973335,50.37662056715797,52.38453555148402,54.353567570749306,56.30323615735509,58.253186794373335,60.223135583294024,62.2328392417468,64.30207842489746,66.4308281891167,68.5397904136701,70.52984987113553,72.30189490833197,73.79859940904856,75.12976949009558,76.4469957591717,77.90186986392857,79.5798507855689,81.30186469551964,82.84829178505939,84.10186262777191,84.96316467185046,85.30186207644945,85.01022398406242,84.10186262777191,82.6359093125143,80.73222828052681,78.52586728470575,76.15187458798471,73.72375855683063,71.26886653173551,68.79300809613781,66.30199794506657,63.80165984559849,61.29783356726239,58.796386889363916,56.30323615735509
49.312179244398145,51.37894290686183,53.387269199393,55.35655628098637,57.306385682370816,59.25643897807413,61.22645382090994,63.23620011167169,65.30546675472615,67.43423395105688,69.54320677612736,71.53327246672731,73.30532109665756,74.80202767605181,76.13319909075054,77.4504263326051,78.90530121888061,80.58328276992168,82.30529711671038,83.85172447518167,85.10529547553764,85.966597604367,86.3052950379527,86.0136569207429,85.10529547553764,83.6393419711243,81.7356605759025,79.5292989025016,77.15530496836857,74.72718673602171,72.27229080524774,69.7964254189801,67.30540287730244,64.80504268103533,62.30117703293922,59.799660369620426,57.306385682370816
50.31419296494342,52.38149423863683,54.39014710880616,56.359636681349514,58.30959374070997,60.259728524489205,62.22979579755936,64.23957592691758,66.30886436544071,68.4376453978548,70.54662663663856,72.53669727450895,74.30874875600446,75.80545698525042,77.13662945847108,78.45385747242145,79.9087329789893,81.58671502958643,83.30872972309379,84.85515729501626,86.10872842049396,86.97003061659007,87.30872807318252,87.01708993627092,86.10872842049396,84.64277476594756,82.7390930824264,80.53273087122972,78.15873595496123,75.73061597552356,73.27571694480116,70.79984604175459,68.30881366555596,65.8084359307622,63.30453903396125,60.80296682031326,58.30959374070997
51.41649921747415,53.48422739636344,55.49313954833325,57.462789868201,59.41284826186292,61.363047727700064,63.333156616695334,65.34296360459093,67.41226934252201,69.54106135677333,71.65004927357447,73.64012383811382,75.41217758290479,76.90888712164153,78.24006043501284,79.55728906177671,81.01216506067131,82.69014750776651,84.41216247646479,85.95859021780362,87.21216144259051,88.0734636920763,88.41216116692922,88.12052301438028,87.21216144259051,85.74620766888341,83.84252575653882,81.63616311849316,79.26216742270259,76.83404605659625,74.3791445654374,71.90326928370256,69.41222910178267,66.91183744647111,64.40791574698619,61.906299441208134,59.41284826186292
52.41903777494822,54.48710491660607,56.496222909177135,58.46600083327961,60.416139663652885,62.366390470778924,64.33653239162881,66.34636069767976,68.41568016636981,70.54448089699332,72.65347411417112,74.6435517953209,76.41560733649483,77.91231791457675,79.24349189477682,80.56072100793148,82.01559739758633,83.69358015938244,85.41559534649991,86.96202322230462,88.2155945259133,89.0768968177745,89.41559430712078,89.12395614216045,88.2155945259133,86.74964065762825,84.84595856366637,82.6395955868303,80.26559927233235,77.83747680562516,75.38257336161301,72.90669460449963,70.41564822713892,67.9152455229917,65.41130413724404,62.909652834382314,60.416139663652885
53.521760789984356,55.590097047177366,57.59937844610485,59.56925766172644,61.51946033956264,63.46975189825322,65.43992003730544,67.44976526391515,69.51909563084796,71.6479032797125,73.75690070382136,75.74698085863358,77.51903782560022,79.015749228612,80.34692373807486,81.66415323727846,83.11902993708003,84.79701294865448,86.51902830913147,88.06545629166183,89.31902765783138,90.18032998332598,90.51902748417564,90.22738930936441,89.31902765783138,87.85307371447979,85.94939147636813,83.7430282306339,81.36903142506726,78.94090808481188,76.4860030908168,74.01012157528652,71.5190702805786,69.0186588068933,66.51470179592215,64.01302271514051,61.51946033956264
54.62463025762291,56.69318016275827,58.70259127665514,60.672550894951186,62.622804251578174,64.57312815603956,66.54331710499797,68.55317576167047,70.62251477862756,72.75132791853633,74.86032868170072,76.85041079986453,78.62246889848532,80.11918095624497,81.45035588578435,82.76758569139531,84.22246263736062,85.9004458471843,87.62246134525685,89.16888941249542,90.42246082831963,91.28376318050904,91.62246069048894,91.33082250785903,90.42246082831963,88.9565068253876,87.0528244728642,84.8464610137053,82.4724638183771,80.04433978478556,77.58943356056676,75.11354985567505,72.62249465805189,70.12207622393461,67.6181068110727,65.11640568249021,62.622804251578174
55.72761599536011,57.796335504992456,59.80584958586323,61.77587302455633,63.72616660687258,65.6765161849658,67.64672165107598,69.65659096732644,71.72593684986478,73.8547543480388,75.96375776142102,77.95384143790085,79.72590043471712,81.22261301215093,82.55378827510543,83.87101832391218,85.32589546525786,87.00387883243212,88.72589443971432,90.27232257418588,91.52589402942095,92.3871964027981,92.72589392002467,92.43425573118907,91.52589402942095,90.0599399792,88.15625753586788,85.94989390731365,83.57589640263137,81.14777181873833,78.6928646180894,76.21697917549753,73.72592088011957,71.22549692147541,68.72151766513642,66.21979903691856,63.72616660687258
56.83069403601381,58.89954818099663,60.909143994454254,62.879218090423976,64.82954360109193,66.7799135568495,68.75013213283222,70.76000990967721,72.82936124146403,74.95818219880843,77.06718771567478,79.0572726289926,80.82933233870777,82.3260453286075,83.6572208561939,84.97445109802533,86.42932839444452,88.10731188650807,89.82932758047002,91.37575576830444,92.62932725481996,93.49062964501383,93.82932716799209,93.53768897423102,92.62932725481996,91.16337316706571,89.2596906516587,87.0533268886553,84.67932913843845,82.25120411777061,79.79629614212803,77.32040932032086,74.82934856624763,72.32892022276572,69.8249331535972,67.32320063573047,64.82954360109193
58.220232254398,60.33804172717197,62.42157943495286,64.48888687151259,66.55654695540788,68.63820451141969,70.74342556110595,72.87731855395117,75.04135809759525,77.22377325300292,79.36779646789063,81.40864187781543,83.28577011723257,84.97627053580314,86.5745009507294,88.19015330086863,89.91227162964205,91.76774098756479,93.60299802118419,95.26693752982044,96.76834481465707,98.07654961016887,98.72066485740177,98.2184142448775,96.76834481465707,94.7146278253266,92.28679420128708,89.66320317766277,86.99444832410163,84.38645860303475,81.82966891114206,79.2990278831568,76.77786848659012,74.25315610232694,71.71353088496032,69.1496592747208,66.55654695540788
55.972061560212865,58.04070886924329,60.050179117882934,62.02017538903446,63.970451847897735,65.92079049717113,67.89098893223583,69.90085371090962,71.97019667090585,74.09901231385398,76.20801459909228,78.19809761222879,79.97015622670163,81.46686858292084,82.7980437039474,84.11527364923066,85.57015070740692,87.24813400760033,88.97014956839419,90.51657767424608,91.77014911270474,92.63145147706271,92.97014899120454,92.67851080501055,91.77014911270474,90.30419508261372,88.40051267793699,86.19414912149085,83.82015174849425,81.39202739885326,78.9371206138506,76.46123591096216,73.97017893423553,71.46975732727168,68.96578226110769,66.46407108215463,63.970451847897735
54.16631819903765,56.234539890572506,58.243751727475626,60.213587824090354,62.1637633228581,64.11403753423602,66.08419451265318,68.09403253649438,70.16335826425559,72.29216296816193,74.40115860146486,76.3912377032892,78.163294063325,79.66000511518102,80.99117939934759,82.30840873421809,83.76328530199658,85.44126820724551,87.16328349392694,88.70971143102639,89.96328277056507,90.82458508174261,91.16328257769553,90.87164440707764,89.96328277056507,88.49732885916777,86.59364668241767,84.38728355114787,82.01328695461908,79.5851639862152,77.13025965201616,74.65437931068786,72.16333010919573,69.66292236852976,67.15897200891865,64.6573047527024,62.1637633228581
53.025237325238294,55.11579531652065,57.15816400868066,59.171682609287814,61.17508691829174,63.185745918036375,65.21897116953649,67.28764111959205,69.40247394100686,71.55726682428411,73.6833309178821,75.69826502600799,77.5222272338687,79.11633373698328,80.58526538937521,82.06127672926706,83.66266694590877,85.44020075649274,87.22666423397823,88.84073434922918,90.23950201475074,91.3712266787937,91.90099673957997,91.47705820273389,90.23950201475074,88.4348158673537,86.24557587548657,83.82316002409895,81.30256539488079,78.78744040443326,76.28407632272561,73.78239195467896,71.27721991687147,68.76543927706379,66.24485035630846,63.714343769061685,61.17508691829174
51.657195448830784,53.723670895684776,55.731822081829534,57.70100058043258,59.65076152298363,61.600771117657445,63.57075784215246,65.58048598499406,67.64974093884273,69.77850071464732,71.88746902728292,73.87753206456114,75.64957916513688,77.14628485968018,78.47745570667053,79.79468253443318,81.24955708803222,82.9275383711503,84.64955253198605,86.19597977597871,87.44955070922913,88.31085280198181,88.64955022322846,88.3579121165852,87.44955070922913,85.98359728533549,84.07991604473506,81.87355465976597,79.4995612523739,77.07144395702991,74.6165496888245,72.14068726131867,69.64966999408222,67.14931920401604,64.64547031497071,62.14398344349459,59.65076152298363
51.01200512828697,53.08697687872227,55.105505106529634,57.08733083021694,59.05204468810916,61.01886771483103,63.006435410495115,65.03265589405636,67.11475652036003,69.25090194597404,71.36473486731819,73.36187113217703,75.14874721080979,76.67360293735999,78.04535428693184,79.41048728647901,80.9106583460776,82.62002271701853,84.36261756843945,85.9308689484794,87.23206588054963,88.1849461554077,88.59064152920956,88.25240976654855,87.23206588054963,85.65665693871867,83.66513380949132,81.39493855405402,78.97889280733416,76.52628908328583,74.05789811203843,71.57487458997699,69.07991825449842,66.57635589441527,64.0677922703669,61.55815654257698,59.05204468810916
39.23662827589246,41.279990727804204,43.274038475056855,45.234448121478636,47.17867129710994,49.12514208948467,51.09285031527497,53.10110724442694,55.169414311750245,57.297572242790665,59.40617453128874,61.39602233097966,63.16794536533541,64.66457927625018,65.99570406720608,67.31289730094429,68.76774486531674,70.44570441237698,72.16770348715639,73.71412144365931,74.96768693271996,75.8289860986157,76.16768251881027,75.87604526941729,74.96768693271996,73.50174004128709,71.59807134489233,69.39173335987692,67.01778268569743,64.58974140606989,62.134982012829596,59.65935960277329,57.16877016970312,54.66918225394272,52.16669224380455,49.66761993066285,47.17867129710994
40.225924627366425,42.2745982367488,44.271897533401116,46.234332938569565,48.17983705659765,50.127127068002444,52.09536302895086,54.10396082674619,56.17248755892122,58.30078498161983,60.40947211207006,62.39936980496202,64.17132159938097,65.66797215090472,66.9991076185074,68.31630864002119,69.77116246107673,71.44912704704433,73.17112961912245,74.71754972868618,75.971116479841,76.8324163242531,77.1711129765159,76.87947552839145,75.971116479841,74.5051680740267,72.60149646958843,70.39515305992767,68.02119247926842,65.59313357774442,63.138342918491645,60.66266487068404,58.171976268469976,55.67221154208758,53.16940664503011,50.66977500382847,48.17983705659765
41.21810457848727,43.27101371585137,45.27090146019777,47.234947744387554,49.18146976924447,51.12941049445428,53.09806552405888,55.10693395331904,57.17563506744429,59.3040432180222,61.412797692529736,63.4027349874937,65.1747096094637,66.67137336891356,68.00251731069929,69.31972451344068,70.7745833004676,72.45255188584039,74.17455723373664,75.72097905219013,76.97454680507158,77.83584718802324,78.17454402447892,77.88290641862102,76.97454680507158,75.5085971972897,73.60492328472932,71.39857556950531,69.02460712600757,66.5965342377883,64.14171876210298,61.66599655275475,59.17522923416401,56.67532415480244,54.17226927386443,51.67219351053818,49.18146976924447
42.21258529030666,44.26886888800641,46.2708159496829,48.23614270517428,50.183473414409924,52.131930926335855,54.100918700171746,56.11000198260834,58.17884152510389,60.30733756882313,62.41614549746626,64.40611422575725,66.178106966391,67.67478120914632,69.005931876973,70.32314398579963,71.77800671434497,73.45597847406154,75.17798602513253,76.72440919993545,77.97797774788901,78.83927855828026,79.17797554093008,78.88633780987891,77.97797774788901,76.51202718610338,74.60835144158128,72.40200030901721,70.02802562474241,67.59994163515806,65.14510646229054,62.66934920075256,60.17851940129387,57.67850291217135,55.17524958236717,52.67482120363425,50.183473414409924
43.208899760000115,45.2678697232171,47.27145434090362,49.23779861648838,51.18577166539906,53.13463954970791,55.10389150426113,57.11314534907552,59.182094775677996,61.31066058550019,63.41951094268572,65.40950462034414,67.18151174203825,68.6781943055042,70.00935031184187,71.32656631465713,72.78143217160306,74.45940645080661,76.1814157505426,77.72784000188251,78.98140918088593,79.84271033053656,80.1814074292208,79.88976959880362,78.98140918088593,77.51545786190616,75.61178066335248,73.40542681843614,71.03144718082936,68.60335438001158,66.14850357324924,63.67271849004425,61.181839097195564,58.68173417482424,56.178323313033104,53.677614990509,51.18577166539906
44.2066745263939,46.267781754412354,48.27266804315529,50.23982068806045,52.1883038690776,54.137497591289446,56.10695927754642,58.11634851879228,60.18538516893415,62.3140063554695,64.42289038945054,66.41290386988808,68.18492240600582,69.6816115736907,71.0127718172381,72.32999091073069,73.7848592506995,75.46283552962663,77.18484621728152,78.73127132307046,79.98484100293894,80.84614242186007,81.18483961264099,80.89320170335691,79.98484100293894,78.51888908297323,76.61521073035232,74.40885473263569,72.03487116355166,69.60677136920657,67.15190815366817,64.67610098793432,62.18518223134181,59.685007114878545,57.181471205363394,54.680540645454144,52.1883038690776
45.20561139517391,47.26841819164748,49.27433884328319,51.24213357268195,53.19102183923211,55.14047425802548,57.110102440792474,59.11959915947811,61.188705044323,63.317370185476705,65.42628094952872,67.4163101477279,69.1883377435858,70.68503215308462,72.01619575972691,73.33341730630217,74.78828761705358,76.46626548316583,78.1882772724143,79.73470305638057,80.98827313378621,81.84957476642762,82.18827203030571,81.89663405842492,80.98827313378621,79.52232073681726,77.61864146821159,75.4122837618132,73.03829707230408,70.61019172716327,68.15531866268114,65.67949396974456,63.188543969218074,60.68831313678422,58.18467796768694,55.683570988955736,53.19102183923211
46.30547256244013,48.369630341227406,50.37637274075783,52.34467739649389,54.29388730156637,56.243545097676176,58.21330544919314,60.22288748110938,62.29204832093497,64.42074835021033,66.52968033042549,68.5197220040002,70.2917567906455,71.78845536060118,73.11962163654587,74.43684513014065,75.89171700510713,77.56969613097118,79.29170879455606,80.83813511679247,82.09170550972375,82.95300731199512,83.29170463389055,83.00006661232663,82.09170550972375,80.62575273415686,78.72207273853294,76.51571367595099,74.14172450975289,71.71361475892405,69.25873387727235,66.78289527280435,64.2919204733779,61.791645417332646,59.287931460095606,56.786684439447384,54.29388730156637
47.30606856974851,49.37129990786801,51.37869501705468,53.34740459296569,55.296869859548366,57.24669069506399,59.21655596183015,61.2262057121507,63.29541017189058,65.42413789271673,67.53308671252157,69.52313828792165,71.29517878194082,72.79188065406993,74.12304904864904,75.44027408759834,76.89514720408556,78.57312732981666,80.29514068736346,81.84156743682541,83.09513808018966,83.95644001709647,84.29513738504028,84.00349932404288,83.09513808018966,81.62918500412925,79.7255044314702,77.51914429248343,75.1451531605322,72.71703991289479,70.2621528267151,67.78630318054299,65.29530869785555,62.7949985403624,60.29122204531025,57.78986386184815,55.296869859548366
48.30724859270703,50.37333282560985,52.38124629848045,54.350277380382906,56.29994537596045,58.249895635674875,60.219844181821344,62.2295476835816,64.2987867658042,66.42753646595187,68.53649865154307,70.52655808609855,72.29860311008986,73.79530760316624,75.1264776793114,76.44370394481207,77.89857804669644,79.5765589660234,81.29857287436855,82.84499996291981,84.0985708050529,84.95987284881997,85.29857025331242,85.0069321610166,84.0985708050529,82.63261749049056,80.72893645983814,78.52257546650756,76.14858277433464,73.72046675127106,71.26557474053132,68.78971633048089,66.29870622495133,63.79836820669976,61.29454207306566,58.79309565239261,56.29994537596045
49.30889263685436,51.37565432384246,53.38397941623023,55.35326575364209,57.30309468584838,59.253147682053395,61.22316233218605,63.23290849857548,65.30217506152111,67.43094220699737,69.5399150011432,71.5299806735594,73.3020292930087,74.79873586633889,76.129907277147,77.44713451616371,78.90200940015932,80.57999094936426,82.30200529487858,83.84843265256534,85.10200365246143,85.96330578104354,86.30200321454467,86.01036509740729,85.10200365246143,83.63605014859988,81.73236875443774,79.52600708301354,77.15201315249035,74.72389492656495,72.2689990071849,69.79313364119423,67.30211113566341,64.80175100385905,62.297885470616706,59.796369011469636,57.30309468584838
50.31090528250873,52.37820498743466,54.386856904734074,56.35634588649657,58.30630257342048,60.25643711946755,62.226504239580805,64.23628427022129,66.30557264516064,68.43435363721096,70.54333485144963,72.53340547488747,74.3054569480642,75.80216517249711,77.13333764262981,78.45056565432779,79.90544115908607,81.58342320822584,83.30543790072173,84.85186547202153,86.10543659713422,86.9667387930341,87.30543624955942,87.0137981127053,86.10543659713422,84.6394829430258,82.73580126034567,80.52943905071788,78.15544413731453,75.72732416297359,73.27242514129455,70.79655425434194,68.30552190683329,65.80514422320438,63.301247417565264,60.799675365975844,58.30630257342048
51.413210681397345,53.48093761463089,55.48984901010853,57.45949886099534,59.40955695902292,61.3597562361592,63.32986500374729,65.33967191328843,67.40897760075215,69.53776958296638,71.64675748028597,73.63683203337015,75.40888577155847,76.90559530647508,78.23676861739546,79.55399724237161,81.00887323982994,82.68685568576845,84.40887065366394,85.95529839450853,87.20886961900572,88.07017186833575,88.40886934313542,88.11723119063205,87.20886961900572,85.74291584564622,83.8392339339692,81.63287129716876,79.25887560365229,76.83075424159121,74.3758527576101,71.89997748864906,69.40893732950057,66.90854571479906,64.40462408767081,61.9030079105234,59.40955695902292
52.41574856101964,54.48381471366943,56.492932105687004,58.462709657509976,60.41284825321843,62.36309891056449,64.33324073505013,66.34306897890976,68.4123884075433,70.54118911273876,72.65018231445393,74.6402599865117,76.41231552244514,77.909026097495,79.24020007574978,80.55742918748552,82.01230557600039,83.69028833687842,85.41230352335873,86.95873139877119,88.2123027021499,89.07360499388747,89.41230248319147,89.12066431826736,88.2123027021499,86.74634883414075,84.8426667407087,82.63630376486103,80.26230745216795,77.8341849886715,75.37928155035632,72.90340280338158,70.41235644409461,67.91195377217991,65.40801244386272,62.90636124309815,60.41284825321843
53.51847103784546,55.58680650985407,57.596087432042964,59.565966352155215,61.516168843725424,63.466460283530466,65.43662834609626,67.44647352334384,69.51580385848344,71.64461148716562,73.75360889900168,75.74368904659757,77.51574600940484,79.01245741001004,80.34363191792895,81.66086141600631,83.11573811490312,84.7937211257489,86.51573648572014,88.06216446793914,89.31573583392621,90.17703815932268,90.5157356601388,90.2240974853563,89.31573583392621,87.8497818907936,85.94609965310246,83.73973640815268,81.36573960401863,78.93761626631161,76.48271127683824,74.00682976935498,71.5157784889923,69.01536704089013,66.51141007550216,64.0097310757569,61.516168843725424
54.62134007818085,56.689889359983695,58.69930009544315,60.66925947917379,62.619512687953545,64.56983649805225,66.54002538630203,68.54988400379528,70.61922299551784,72.74803611940777,74.85703687283123,76.84711898526743,78.61917708058687,80.11588913643646,81.44706406475039,82.76429386946747,84.21917081471464,85.89715402396001,87.61916952163112,89.1655975886226,90.41916900430192,91.2804713564135,91.61916886636675,91.32753068375963,90.41916900430192,88.95321500154375,87.0495326493541,84.8431691908178,82.46917199662661,80.04104796505774,77.58614174442783,75.11025804592308,72.61920285968577,70.11878444587394,67.61481506919179,65.1131140049291,62.619512687953545
55.72432547668828,57.79304449149859,59.802558271972046,61.772581524478184,63.72287498944307,65.6732244926386,67.6434299105635,69.653299195717,71.72264505822656,73.85146254368635,75.96046594933718,77.95054962127098,79.72260861546698,81.2193211913848,82.55049645336663,83.86772650146392,85.32260364223959,87.00058700895484,88.72260261591845,90.26903075019388,91.52260220531396,92.38390457862931,92.72260209583476,92.43096390701723,91.52260220531396,90.05664815523096,88.15296571216376,85.94660208410372,83.57260458032388,81.14447999803622,78.6895728002358,76.21368736271324,73.72262907637224,71.22220513384464,68.71822590622176,66.21650732905532,63.72287498944307
56.82740324804533,58.89625700023552,60.905852575247906,62.87592652343319,64.82625194095624,66.77662183726615,68.7468403750037,70.75671812716679,72.8260694430567,74.95489039030977,77.06389590103967,79.05398081074932,80.82604051838479,82.32275350708127,83.65392903389565,84.97115927516398,86.42603657113077,88.10402006282997,89.82603575653908,91.37246394421781,92.62603543064208,93.48733782078685,93.82603534374836,93.53439715000165,92.62603543064208,91.16008134299732,89.25639882780055,87.0500350651894,84.67603731568884,82.2479122962952,79.79300432291348,77.31711750512983,74.82605675822926,72.3256284275391,69.82164138116273,67.31990890381599,64.82625194095624
58.21374520367536,60.331625667055604,62.415269777443726,64.48271471789664,66.55053684058205,68.63237066626209,70.7377675358509,72.87181730610278,75.03597357637369,77.21845367783608,79.36251889701086,81.40342460445783,83.28067544191698,84.97139433967013,86.56991028482948,88.185861584013,89.90823072110021,91.7638583157594,93.59921297895568,95.26325114056128,96.7648579325509,98.07339491034035,98.71771827713822,98.21532572221757,96.7648579325509,94.71064858616103,92.28231594920106,89.65828228924349,86.98918805086649,84.38097961511107,81.82406195475528,79.29335090565729,76.7721526485043,74.24740872587921,71.70773691054475,69.14378313221985,66.55053684058205
55.964555911686304,58.03320196657562,60.042671453828945,62.01266725306367,63.96294341448056,65.91328187391204,67.8834801868419,69.89334488669427,71.96268779592351,74.09150340664479,76.20050567228628,78.19058867389995,79.96264728173115,81.45935963410767,82.79053475266883,84.10776469615382,85.56264175288536,87.24062505191523,88.96264061190155,90.50906871725628,91.76264015542353,92.62394251962483,92.96264003371307,92.67100184756498,91.76264015542353,90.29668612568219,88.39300372167693,86.18664016648341,83.81264279577425,81.38451845020244,78.92961167241991,76.45372698238076,73.96267002856023,71.46224846244704,68.95827346906985,66.45656241951652,63.96294341448056
54.158814493228775,56.22703419477398,58.23624482336828,60.206080170985786,62.15625519763657,64.10652910767955,66.07668589222803,68.08652379095139,70.15584943812641,72.28465409087639,74.3936496930715,76.38372877660453,78.15578512609744,79.65249617185357,80.98367045210657,82.30089978412245,83.75577634960757,85.43375925300955,87.15577453840906,88.70220247471936,89.95577381379545,90.81707612472427,91.15577362059213,90.86413545004704,89.95577381379545,88.48981990295317,86.58613772726902,84.37977459798756,82.00577800508992,79.57765504314546,77.12275072040762,74.6468703994762,72.155821234345,69.65541355852467,67.15146331445308,64.64979626363868,62.15625519763657
53.01817396163162,55.10876590953835,57.151186305506556,59.164773200850746,61.1682602094002,63.17901201925565,65.21233294462871,67.28109094646103,69.3959910769267,71.5508220793372,73.67691108697741,75.69188132270641,77.51591833624263,79.110162821691,80.57928442596258,82.05550735422261,83.65708605766568,85.43474435338706,87.22128691095584,88.83543877172298,90.23437766154906,91.36640634282067,91.89638006973608,91.4723014705194,90.23437766154906,88.4292829641561,86.23967288535897,83.816960381213,81.2961558838978,78.78090294988243,76.2774664900864,73.7757432631312,71.27054988140773,68.75875203439304,66.23813787652655,63.70758732168383,61.1682602094002
51.649699711699085,53.716170152723976,55.72431829739497,57.69349490992579,59.64325466333129,61.59326349889827,63.56324973496076,65.57297756256033,67.64223231335866,69.77099196026282,71.8799601945137,73.87002318570148,75.64207025971106,77.13877593888375,78.46994677601253,79.78717359658206,81.2420481444022,82.92002942286624,84.64204358047184,86.1884708224759,87.44204175456063,88.30334384668663,88.64204126771894,88.35040316125924,87.44204175456063,85.9760883320657,84.07240709415117,81.86604571419241,79.49205231595025,77.06393503688282,74.60904079755761,72.13317842144797,69.6421612458329,67.14181061915986,64.6379620212316,62.136475667258935,59.64325466333129
51.00461373552443,53.079594900308365,55.098137593635954,57.07998267068464,59.04472034716501,61.01157061764708,62.99916698287548,65.02541439312678,67.1075359625733,69.24369339016997,71.35753421182521,73.3546820123887,75.14158228078844,76.6664837331539,78.0383004914252,79.40350992778292,80.90375248870303,82.61316596163533,84.35579282106444,85.92407797871779,87.22534803760682,88.17836668954587,88.58416146421678,88.24586073615022,87.22534803760682,85.64976982625134,83.65810772915918,81.38780970900461,78.97169543739336,76.51905151557892,74.0506383094797,71.56760299642285,69.07264022748996,66.5690727028179,64.06050153932814,61.55085277566276,59.04472034716501
39.237811471070415,41.281181029412025,43.275233131584855,45.23564549282681,47.1798703857656,49.12634227669925,51.09405121028311,53.102308596650644,55.17061595863484,57.298774076798665,59.407376479112344,61.39722434573608,63.16914741867444,64.6657813519133,65.99690615719238,67.31409940137826,68.76894697414437,70.44690652796456,72.16890560743576,73.71532356682715,74.96888905758098,75.83018822438697,76.1688846448929,75.8772473952333,74.96888905758098,73.50294216411648,71.59927346382042,69.39293547152757,67.01898478405803,64.59094348078992,62.13618404560505,59.6605615609093,57.169971994803575,54.67038384185901,52.16789340933687,49.66882034599743,47.1798703857656
40.227111679778744,42.2757909594359,44.27309372406896,46.23553128852201,48.181036771404266,50.12832765548211,52.096564178513106,54.10516233932606,56.173689305424205,58.30198687666261,60.410674097455754,62.400571843475035,64.17252366851802,65.66917423776079,67.000309716732,68.3175107465382,69.77236457425587,71.45032916558887,73.1723317413909,74.7187518532472,75.9723186057459,76.83361845088046,77.17231510339036,76.88067765505431,75.9723186057459,74.50637019831908,72.60269859078434,70.39635517534745,68.02239458413979,65.59433566385198,63.13954497130689,60.66386686425518,58.173178156442106,55.673413241779144,53.170608009388616,50.67097577248079,48.181036771404266
41.21929471033698,43.272208367172496,45.27209887132081,47.23614687219809,49.18266998149313,51.13061139981464,53.099266875737726,55.10813559320415,57.17683689302619,59.305245161512744,61.41399970773014,63.403937044863014,65.17591169113997,66.67257546465365,68.00371941546271,69.32092662478587,70.77578541710054,72.45375400673188,74.17575935758381,75.72218117785692,76.97574893180501,77.83704931533009,78.1757461519819,77.88410854595605,76.97574893180501,75.50979932274328,73.60612540772524,71.39977768791667,69.0258092360466,66.59773633293429,64.1429208308243,61.66719857445227,59.1764311720421,56.6765259432249,54.173470796078234,51.67339455976706,49.18266998149313
42.21377787770405,44.27006507453093,46.27201433125607,48.237342451090406,50.18467402177231,52.133132084118145,54.10212021231902,56.11120372355488,58.18004341345818,60.30853955076944,62.417347536331675,64.4073162980932,66.17930905801983,67.67598331193778,69.00713398692633,70.32434610097695,71.7792088337192,73.45718059681582,75.17918815023272,76.72561132647988,77.97917987528001,78.84048068612643,79.1791776689319,78.88753993774745,77.97917987528001,76.51322931247859,74.60955356600581,72.40320242980297,70.02922773888301,67.60114373747795,65.14630854363682,62.67055124477494,60.1797213787853,57.67970477102891,55.17645122990035,52.67602247565026,50.18467402177231
43.210094303591674,45.26906713104488,47.272653493844004,49.238998853449004,51.186972586548656,53.13584090791316,55.10509314380282,57.1143471702467,59.183296713859434,61.311862597970645,63.42071300033474,65.41070670455942,67.18271384156652,68.67939641389239,70.01055242591448,71.32776843287604,72.7826342931531,74.46060857503937,76.18261787663734,77.72904212912353,78.98261130879888,79.84391245881073,80.18260955761858,79.8909717270956,78.98261130879888,77.51665998901287,75.61298278891095,73.4066289411065,71.03264929822544,68.60455648802548,66.14970566461615,63.673920551786466,61.18304110612996,58.68293608959206,56.179525060050935,53.678816439410085,51.186972586548656
44.20787062719191,46.26898013336582,48.273867809037476,50.24102131504958,52.18950503939706,54.13869910861814,56.10816101822037,58.117550403645396,60.18658714666634,62.315208392168074,64.42409246200853,66.41410596353217,68.186124511804,69.68281368652103,71.01397393458018,72.33119303136374,73.78606137397642,75.46403765503287,77.18604834416561,78.73247345086438,79.98604313126617,80.84734455047402,81.186041741353,80.89440383198493,79.98604313126617,78.52009121066052,76.61641285681078,74.41005685680184,72.0360732835316,69.60797348173983,67.15311025298857,64.67730306374116,62.1863842652337,59.68620907402604,57.182673031354,54.68174223478613,52.18950503939706
45.20680873482049,47.26961734250594,49.27553909610381,51.2433345094174,53.19222320739141,55.141675901680514,57.11130426174725,59.12080109488045,61.189907053448536,63.31857224140583,65.42748303392021,67.4175122488557,69.18953985436042,70.68623426944072,72.01739787966403,73.3346194288513,74.7894897417012,76.46746760950347,78.1894793999249,79.73590518461329,80.98947526244223,81.85077689531121,82.18947415926718,81.89783618731968,80.98947526244223,79.52352286496537,77.61984359538437,75.41348588716657,73.03949919433485,70.61139384328357,68.1565207683143,65.68069605671474,63.189746022919465,60.68951513115823,58.185879856365645,55.68477268977114,53.19222320739141
46.30667088718971,48.37083010545547,50.37757338034319,52.345878579188934,54.29508882679767,56.24474684161544,58.214507333874494,60.22408945663565,62.29325035497857,64.42195042140321,66.53088242420944,68.52092411106793,70.29295890536997,71.78965747975568,73.12082375854266,74.4380472542106,75.89291913084264,77.57089825804809,79.29291092256395,80.83933724537349,82.09290763864075,82.95420944109273,83.29290676304993,83.00126874143314,82.09290763864075,80.62695486267073,78.7232748662727,76.5169158022467,74.1429266334114,71.71481687789142,69.25993598791601,66.784097368635,64.29312254280256,61.792847439667426,59.28913339853456,56.78788622876196,54.29508882679767
47.30726767752947,49.37250015937468,51.379895963792904,53.34860597095073,55.29807150947704,57.2478925186108,59.217757897096135,61.2274077195253,63.29661222571238,65.42533997602473,67.53428881376041,69.52434039970396,71.29638089980028,72.79308277544555,74.12425117228057,75.44147621287539,76.89634933068454,78.5743294574803,80.29634281576602,81.84276956568289,83.09634020931378,83.95764214636395,84.29633951435679,84.00470145331741,83.09634020931378,81.63038713293344,79.72670655965996,77.52034641952704,75.14635528548266,72.71824203412189,70.26335494133562,67.78750528340632,65.29651077976007,62.79620058489063,60.292424023246866,57.79106572141386,55.29807150947704
48.30844832270921,50.374533464151654,52.382447489117936,54.35147891341492,56.30114712487989,58.251097522413716,60.2210461572394,62.23074971623542,64.29998883532444,66.4287385588758,68.53770075869892,70.52776020162281,72.29980523043761,73.79650972630475,75.12767980424046,76.44490607104714,77.89978017398076,79.57776109415275,81.29977500308436,82.8462020919967,84.09977293434144,84.96107497822229,85.29977238275364,85.00813429042452,84.09977293434144,82.63381961952513,80.73013858838505,78.52377759414478,76.14978490031052,73.72166887429171,71.2667768583083,68.79091843892613,66.29990831676135,63.79957026884347,61.29574408235342,58.79429756772254,56.30114712487989
49.310092861173715,51.376855269751985,53.38518080052124,55.35446740976347,57.304296513348504,59.25434961895256,61.22436433947473,63.23411055129418,65.30337714350152,67.43214430755361,69.54111711299541,71.53118279205367,73.30323141533141,74.79993799087664,76.13110940310588,77.44833664315921,78.9032115279876,80.58119307786322,82.30320742384305,83.84963478181638,85.10320578188045,85.96450791055287,86.30320534408486,86.01156722692107,85.10320578188045,83.63725227781734,81.73357088326813,79.52720921112189,77.15321527928012,74.72509705100913,72.27020112746717,69.79433575406985,67.30331323533551,64.80295307998455,62.29908750478907,59.79757097106331,57.304296513348504
50.312105899457926,52.379406177414154,54.38805844277243,56.357547640332,58.30750446329742,60.25763909618195,62.227706272166444,64.23748633886598,66.30677473703085,68.43555574382503,70.54453696702939,72.53460759573906,74.30665907195444,75.80336729814545,77.1345397694061,78.45176778192682,79.90664328734607,81.58462533701817,83.30664002988354,84.85306760141079,86.10663872665681,86.96794092262836,87.3066383791782,87.0150002423031,86.10663872665681,84.64068507238838,82.73700338940105,80.53064117920022,78.15664626475026,75.72852628854764,73.27362726356529,70.79775637073396,68.3067240127456,65.8063463104275,63.3024494714893,60.80087736070402,58.30750446329742
51.41441161015997,53.48213899839946,55.491050670204245,57.460700692397765,59.41075889841298,61.360958244476834,63.33106705641187,65.34087399457388,67.41017970047203,69.5389716943886,71.64795959882429,73.63803415609274,75.41008789669286,76.90679743300487,78.23797074482052,79.55519937044967,81.01007536843262,82.68805781479365,84.41007278298235,85.95650052400751,87.21007174861052,88.07137399799743,88.41007147281655,88.11843332029653,87.21007174861052,85.74411797512404,83.84043606320317,81.63407342594789,79.26007773160073,76.83195636806202,74.37705488145907,71.90117960783209,69.41013944036581,66.90974781083047,64.40582615727219,61.9042099331393,59.41075889841298
52.416949737384044,54.48501625129303,56.49413386267737,58.4639115504845,60.41405023191,62.36430094396684,64.33444280365187,66.34427107022839,68.41359051349355,70.54239122797723,72.65138443534049,74.64146211071936,76.413517648567,77.91022822472439,79.24140220368972,80.55863131594379,82.01350770487505,83.69149046608842,85.41350565280148,86.95993352835721,88.21350483181993,89.07480712360267,89.41350461292211,89.12186644798476,88.21350483181993,86.74755096371001,84.84386887008442,82.63750589387571,80.26350958052335,77.8353871158541,75.380483675458,72.90460492477983,70.413558558891,67.91315587520259,65.40921452590752,62.90756328784947,60.41405023191
53.51967241080423,55.58800816962052,57.59728926594978,59.56716829400402,61.51737085361242,63.467662336843304,65.43783042734762,67.44767562262594,69.51700596937877,71.64581360543306,73.75481102175208,75.74489117198385,77.51694813631046,79.01365953779472,80.34483404627763,81.66206354476637,83.11694024399365,84.7949232551056,86.51693861526158,88.06336659759431,89.316937963648,90.17824028908035,90.5169377899087,90.22529961511572,89.316937963648,87.85098402043542,85.94730178259067,83.74093853735438,81.36694173269701,78.93881839405915,76.48391340293412,74.00803189251148,71.51698060690887,69.01656914946184,66.51261216742348,64.01093313807772,61.51737085361242
54.62254160722249,56.6910911167127,58.70050199040561,60.67046145981698,62.62071472260155,64.57103856716853,66.54122747759362,68.55108610939803,70.62042511033812,72.74923824007931,74.85823899706091,76.84832111158924,78.62037920811458,80.11709126466187,81.44826619342342,82.765495998467,84.22037294397651,85.89835615343313,87.62037165125086,89.16679971833261,90.42037113406482,91.28167348620482,91.62037099616785,91.32873281355239,90.42037113406482,88.95441713124316,87.0507347789316,84.84437132016791,82.47037412556136,80.04225009325368,77.58734387131284,75.11146017047508,72.6204049800788,70.11998655884993,67.61601716895224,65.11431608119517,62.62071472260155
55.72552712964185,57.79424632519792,59.803760215398825,61.77378353591429,63.724077043744614,65.67442657429835,67.6446320098241,69.65450130633653,71.72384717616208,73.85266466626607,75.96166807474094,77.95175174833531,79.72381074348843,81.22052331996,82.55169858229713,83.86892863065357,85.32380577163744,87.00178913852037,88.72380474560033,90.2702328799474,91.5238043351095,92.38510670844741,92.72380422566057,92.43216603683646,91.5238043351095,90.0578502849761,88.15416784181213,85.94780421357159,83.5738067094621,81.14568212658803,78.69077492774713,76.21488948837289,73.72383119873092,71.22340725031634,68.71942801220422,66.21770941639,63.724077043744614
56.828604999366036,58.897458895033296,60.90705455714361,62.87712855931076,64.82745401085725,66.77782392888187,68.74804248058939,70.75792024176818,72.82727156346479,74.95609251440398,77.0650980273754,79.055182938403,80.82724264679811,82.32395563593411,83.6551311630305,84.97236140450453,86.42723870063655,88.10522219246883,89.8272378862703,91.37366607400591,92.62723756046348,93.4885399506262,93.82723747359384,93.53559927984188,92.62723756046348,91.16128347277876,89.25760095750518,87.05123719475075,84.67723944498856,82.24911442512948,79.79420645092192,77.31831963166857,74.82725888214802,72.32683054678537,69.82284349208362,67.32111099993597,64.82745401085725
58.21509031154481,60.33298070599629,62.416639700991425,64.48410387617884,66.55194866477223,68.63380714587394,70.73922860683795,72.8733003040941,75.03747289925161,77.21996208357479,79.36403317706694,81.40494731703473,83.28221529924039,84.97296474888886,86.57152061964999,88.18751371757733,89.90991791989181,91.76556763626307,93.60093594774939,95.26498790035667,96.766622580973,98.07520599048722,98.71955844572811,98.21714605198329,96.766622580973,94.71234440652498,92.28394200198862,89.6598464488832,86.99070474998666,84.38246572631886,81.82553016837117,79.29480932590823,76.77360563351827,74.2488572997386,71.709178966851,69.14521369566636,66.55194866477223
55.965757511375585,58.034403767189545,60.043873376423804,62.01386925126384,63.964145460334336,65.9144839501802,67.88468228267716,69.89454699515744,71.96388991252,74.09270552840432,76.20170779718538,78.19179080064512,79.96384940954039,81.46056176253254,82.79173688148866,84.10896682526175,85.56384388222476,87.24182718144104,88.96384274155673,90.51027084699112,91.76384228520504,92.62514464943143,92.96384216352827,92.67220397737282,91.76384228520504,90.29788825540766,88.39420585129486,86.18784229590065,83.81384492482503,81.38572057860128,78.93081379966202,76.45492910756431,73.96387215007401,71.46345057741615,68.95947557237788,66.45776450209355,63.964145460334336
54.16001578167739,56.228235802036664,58.23744662421285,60.20728209182644,62.15745719411461,64.10773115243416,66.07788796804215,68.08772588681053,70.15705154689618,72.28585620784187,74.39485181502073,76.38493090148418,78.15698725266617,79.65369829939957,80.98487258027956,82.30210191275276,83.7569784786053,85.43496138230319,87.15697666790805,88.7034046043448,89.95697594349497,90.81827825446366,91.15697575034515,90.86533757978842,89.95697594349497,88.4910220325638,86.5873398567089,84.38097672710887,82.0069801336295,79.57885717065017,77.12395284607612,74.64807252187697,72.15702335092041,69.65661566471121,67.15266540212916,64.65099831840752,62.15745719411461
53.01943844065666,55.11003513959071,57.15246276959495,59.16605922011168,61.16955779899294,63.18032259343053,65.21365690370877,67.28242722380764,69.39733677048221,71.55217310550029,73.67826559841681,75.69324088806957,77.51728836608848,79.11155215319299,80.58070032773608,82.0569528511976,83.65855791720512,85.43623362323139,87.22278724052673,88.83695053355261,90.23591336861347,91.36798456318324,91.89798676855719,91.47388858470394,90.23591336861347,88.43076153487954,86.24109969357109,83.81834569421369,81.29751183900545,78.78224100650931,76.27879442121883,73.77706575793044,71.27186939018497,68.76006913586326,66.23945144727776,63.708894741230296,61.16955779899294
51.650899723495876,53.717370966498166,55.725519598440115,57.69469651313649,59.644456457053764,61.59446541423648,63.56445172855027,65.57417960665445,67.64343438998328,69.77219405753844,71.88116230434727,73.87122530291916,75.64327238118487,77.13997806282008,78.47114890152878,79.78837572325071,81.24325027199669,82.92123155120633,84.64324570932942,86.18967295165208,87.44324388392356,88.30454597614997,88.64324339721661,88.3516052907275,87.44324388392356,85.97729046120455,84.07360922285972,81.86724784209827,79.4932544423902,77.06513716071512,74.61024291676304,72.13438053241927,69.64336334212561,67.14301268927551,64.63916404470768,62.137677607826305,59.644456457053764
51.00583231630274,53.080814798409094,55.09935951584852,57.0812073009363,59.04594831023833,61.01280239278452,63.00040276955228,65.02665394744675,67.10877844728662,69.24493755420995,71.35877948127992,73.35592889591976,75.14283254893701,76.66774039917203,78.03956630917139,79.40478644006795,80.90503900479135,82.6144593475112,84.35709068508608,85.92538056842463,87.22666085803878,88.17969886892995,88.5855075493474,88.24719717336096,87.22666085803878,85.65105896492254,83.65937742465617,81.38906502610058,78.97294116656323,76.52029162024205,74.05187530299739,71.56883834011322,69.07387467099218,66.57030642367434,64.06173420524009,61.55208361754539,59.04594831023833
39.241527401869476,41.28491926593313,43.27898503729146,45.239405919758696,47.18363620293766,49.13011154199499,51.09782269717806,53.10608151863801,55.174389805493334,57.30254851099329,59.41115127054714,61.400999347257155,63.17292254129714,64.66955654460592,66.00068139484215,67.31787467182079,68.77272227093263,70.4506818459707,72.17268094016842,73.71909890862595,74.9726644046942,75.83396357435733,76.17265999584046,75.88102274534404,74.9726644046942,73.50671750485293,71.60304879231163,69.39671077717657,67.02276004799276,64.59471867052244,62.13995910368354,59.66433638471227,57.173746401039494,54.67415750362986,52.17166574534386,49.67259032730893,47.18363620293766
40.23083971771627,42.27953679522656,44.27685044510682,46.239294787072666,48.184804553920564,50.13209817711696,52.10033646439382,54.10893576463364,56.17746346496125,58.30576150243094,60.41444900678903,62.404346919562414,64.176298840727,65.67294946558556,67.00408498023984,68.32128603607399,69.77613988470245,71.45410449287621,73.1761070803667,74.72252719941883,75.97609395613561,76.83739380353788,77.17609045682339,76.88445300782317,75.97609395613561,74.51014554364752,72.6064739263937,70.40013049282685,68.02616986851027,65.59811088932727,63.14332009228556,60.66764179928067,58.1769527600173,55.6771872543862,53.174380969464266,50.674746862774356,48.184804553920564
41.22303241402163,43.275960256535896,45.27585942309706,47.239912812268436,49.186439325365015,51.134382919202814,53.103039796014855,55.11190941809288,57.18061130077325,59.30901993934707,61.417774710644764,63.4077121801358,65.17968690270651,66.67635072036327,68.00749469949436,69.3247019294761,70.77956073838779,72.45752934138574,74.17953470151483,75.72595652749928,76.97952428479527,77.84082467012024,78.17952150738765,77.88788390083462,76.97952428479527,75.5135746717164,73.6099007489843,71.40355301478593,69.02958453663709,66.6015115867791,64.14669600172837,61.6709735977598,59.18020593226028,56.68030023433727,54.17724425162453,51.67716653072483,49.186439325365015
42.217523288848554,44.27382178256384,46.27577792905703,48.24111033125231,50.1884446058144,52.136904395799604,54.10589363626883,56.11497786565161,58.18381801823291,60.31231444930735,62.42112261352517,64.41109148034283,66.18308430082507,67.67975858977991,69.0109092872479,70.32812141769537,71.78298416361076,73.46095593731647,75.18296349809671,76.72938667887695,77.98295523033434,78.84425604260932,79.1829530259034,78.89131529430053,77.98295523033434,76.5170046643445,74.61332891174905,72.406977764125,70.03300305234745,67.60491901383998,65.15008375416764,62.67432633815491,60.183496263340345,57.683479283220365,55.18022507879459,52.67979514588448,50.1884446058144
43.21384585481509,45.27282767247803,47.27641951279118,49.2427682748861,51.19074415549554,53.13961384867524,55.108866967613636,57.11812156414953,59.18707147502977,61.315637592316534,63.42448813648548,65.41448192409538,67.18648910916633,68.68317170930128,70.01432773916548,71.33154375914131,72.78640962987393,74.46438392018068,76.18639322762291,77.73281748370705,78.98638666549147,79.84768781663718,80.18638491583278,79.89474708497772,78.98638666549147,77.5204353431748,75.6167581382133,73.41040428134379,71.036424621908,68.6083317822596,66.15348090659934,63.67769570078481,61.1868160893771,58.68671077727254,56.18329922120404,53.682589664845025,51.19074415549554
44.21162706614814,46.27274372294415,48.27763575186822,50.244791960695466,52.193277390429714,54.142472548831165,56.11193515946141,58.121324997430804,60.19036203197717,62.31898346256028,64.427867644955,66.41788121266288,68.18989979908349,69.68658899587282,71.01774925809332,72.33496836520635,73.78983671611766,75.46781300385746,77.18982369762882,78.73624880718324,79.98981848925902,80.85111990936682,81.1898171005536,80.89817919092195,79.98981848925902,78.5238665666448,76.62018820893803,74.4138322017341,72.03984861532433,69.61174879015917,67.1568855199359,64.68107825688503,62.190159326816456,59.689983901003856,57.18644744038389,54.685515901000485,52.193277390429714
45.210569062248126,47.273383354918394,49.279308567321735,51.247106127284624,53.1959961793969,55.145449738402206,57.11507865497083,59.124575847327804,61.193682037295545,63.32234737215822,65.43125825400928,67.42128752147609,69.19331515725983,70.69000958985902,72.02117321132226,73.33839476870808,74.79326508814464,76.4712429612515,78.19325475535462,79.73968054230954,80.99325062146713,81.85455225505038,82.19324951925063,81.90161154709395,80.99325062146713,79.52729822239606,77.6236189497537,75.41726123582524,73.04327453256464,70.61516916296182,68.16029605507589,65.68447128489763,63.19352114667957,60.693290068703746,58.18965446215866,55.688546705905665,53.1959961793969
46.310434306634264,48.37459804309429,50.38134406552571,52.349650969065706,54.29886229181514,56.24852099310556,58.21828192712073,60.2278643350226,62.297025417037474,64.42572560006488,66.53465767377912,68.52469940233229,70.29673422066699,71.79343280895756,73.12459909666569,74.44182259884086,75.89669448070075,77.57467361211644,79.29668627955445,80.84311260416298,82.09668299848477,82.95798480150367,83.29668212365478,83.00504410187193,82.09668299848477,80.63073022124942,78.7270502224216,76.52069115386303,74.14670197675031,71.71859220650589,69.26371129040436,66.78787262462887,64.29689771591433,61.7966224649752,59.292908160513164,56.791660522674505,54.29886229181514
47.311033554731495,49.37626962646843,51.38366761305648,53.352378973796874,55.30184536589013,57.25166691997016,59.22153264911552,61.231182697876534,63.30038734985041,65.42911519271289,67.53806408672922,69.52811570576617,71.30015622493738,72.79685811161897,74.12802651553474,75.44525156129436,76.90012468325287,78.57810481339031,80.30011817399534,81.84654492534005,83.10011556980794,83.96141750730808,84.30011487545482,84.00847681428363,83.10011556980794,81.63416249242329,79.73048191722128,77.52412177349086,75.1501306328767,72.72201736982908,70.26713025630639,67.79128056147407,65.30028599204317,62.79997567985825,60.29619890919926,57.794840235828076,55.30184536589013
48.312216152920925,50.3783041460587,52.38621990392417,54.35525240291702,56.304921292001694,58.254872122118,60.22482103528664,62.23452477393215,64.30376400873615,66.43251380574617,68.54147605023982,70.5315355194302,72.3035805633848,73.80028506801153,75.13145515156724,76.44868142247321,77.9035555287002,79.58153645152447,81.30355036229695,82.84997745234256,84.1035482953516,84.96485033958959,85.30354774424312,85.01190965180938,84.1035482953516,82.6375949797382,80.73391394706744,78.5275529499718,76.1535602509231,73.72544421562843,71.27055218318645,68.79469373451408,66.30368356013534,63.80334541910196,61.29951906670968,58.79807225716738,56.304921292001694
49.31386224293274,51.380626916414506,53.388953823160335,55.358241285614014,57.308070927116376,59.25812437609814,61.22813931755634,63.23788567196982,65.3071523560227,67.43591957837992,69.54489241927715,71.53495811918324,73.3070067544775,74.80371333697522,76.13488475366509,77.45211199697204,78.90698688441435,80.58496843639512,82.30698278383602,83.85341014270884,85.10698114330019,85.96828327225607,86.30698070588505,86.01534258863819,85.10698114330019,83.64102763860441,81.73734624284032,79.53098456842778,77.15699063244728,74.72887239681401,72.27397646020883,69.79811106356377,67.30708850338672,64.80672827412862,62.30286256725218,59.801345799441606,57.308070927116376
50.31587651359079,52.38317859015507,54.39183194798822,56.36132182288382,58.31127907285136,60.26141397829812,62.23148132964914,64.24126150952952,66.31054998059382,68.43933103366541,70.54831228501098,72.53838293026772,74.31043441602063,75.80714264772982,77.13831512253088,78.45554313763401,79.91041864512795,81.58840069647091,83.31041539049593,84.85684296273709,86.11041408840163,86.97171628459814,87.31041374122495,87.01877560428393,86.11041408840163,84.64446043363105,82.74077874967946,80.53441653767985,78.160421619945,75.73230163789893,73.27740260254826,70.8015316912651,68.31049930038338,65.81012153940426,63.30622459594815,60.80465229936118,58.31127907285136
51.41818320300236,53.48591201939878,55.4948245585293,57.46447511841404,59.414533663376886,61.36473322578813,63.33484217691763,65.3446492049138,67.41395496867325,69.5427469993206,71.65173492609213,73.64180949649403,75.41386324466413,76.91057278535595,78.24174609998161,79.55897472766041,81.01385072729005,82.69183317497723,84.41384814408637,85.96027588567816,87.21384711061332,88.07514936017881,88.41384683505902,88.1222086824867,87.21384711061332,85.74789333672828,83.84421142404209,81.63784878535913,79.26385308840474,76.83573172022807,74.38083022539578,71.9049549371235,69.41391474354957,66.91352306745446,64.40960133093856,61.90798495932941,59.414533663376886
52.42072210739043,54.48878975520701,56.497908055131845,58.46768616976101,60.41782512023198,62.36807600401305,64.33821797418058,66.34804631206005,68.41736580125037,70.54616654488756,72.65515976997887,74.64523745578178,76.41729299963774,77.9140035792714,79.24517756046706,80.56240667434793,82.01728306458617,83.69526582685212,85.4172810142957,86.96370889030118,88.21728019402752,89.07858248595198,89.41727997531991,89.12564181034105,88.21728019402752,86.75132632560127,84.84764423136824,82.64128125402637,80.26728493860463,77.83916247025424,75.38425902332649,72.90838026102433,70.41733387441371,67.91693115377045,65.41298973863083,62.91133838351742,60.41782512023198
53.52344539787411,55.59178205691212,57.60106369982681,59.57094306668537,61.521145839849524,63.47143745938381,65.44160563758052,67.45145088945297,69.52078127265705,71.64958893185062,73.75858636224045,75.74866652074587,77.52072348984126,79.01743489408463,80.34860940433772,81.66583890411769,83.1207156043823,84.79869861632969,86.52071397706547,88.06714195975519,89.32071332601816,90.18201565156296,90.5207131524298,90.22907497760384,89.32071332601816,87.85475938255448,85.95107714422761,83.7447138980919,81.37071709179212,78.94259375023252,76.48768875392328,74.01180723427466,71.52075593222509,69.02034444544675,66.51638741114687,64.0147082888921,61.521145839849524
54.6263150841997,56.69486530834676,58.70427661592184,60.67423635426472,62.62448978655753,64.57481373931225,66.54500271934035,68.55486139606418,70.62420042593585,72.75301357404282,74.86201434219247,76.85209646328758,78.62415456359793,80.12086662233513,81.4520415525017,82.76927135857011,84.22414830490294,85.90213151502266,87.62414701330059,89.17057508066566,90.42414649656396,91.28544884879325,91.62414635878679,91.33250817614521,90.42414649656396,88.95819249354304,87.05451014084879,84.84814668137122,82.4741494854611,80.04602545083443,77.59111922477888,75.11523551661844,72.6241803131682,70.1237618686589,67.61979243728078,65.11809127578044,62.62448978655753
55.72930099554932,57.79802075842372,59.807534993033045,61.77755852701365,63.72785216938841,65.67820178581312,67.64840727658373,69.6582766087491,71.72762250153784,73.8564400062188,75.96544342355782,77.95552710236424,79.72758610052152,81.22429867873123,82.55547394218351,83.87270399135335,85.32758113299073,87.00556450039994,88.72758010784517,90.27400824241711,91.52757969771102,92.38888207111981,92.7275795883572,92.43594139951234,91.52757969771102,90.06162564741945,88.15794320395176,85.95157957514462,83.57758207000049,81.14945748528584,78.69455028317908,76.21866483799283,73.72760653798986,71.22718257109753,68.7232033000621,66.22148464571697,63.72785216938841
56.832379174024766,58.90123352003259,60.91082945552267,62.88090362712609,64.83122918546414,66.78159917164602,68.751817767202,70.7616955566788,72.83104689660144,74.9598678591104,77.06887337911726,79.05895829428172,80.83101800506125,82.32773099557679,83.65890652355827,84.9761367656779,86.4310140623286,88.10899755457861,89.83101324866999,91.37744143658406,92.63101292314629,93.49231531336525,93.83101283635212,93.53937464258368,92.63101292314629,91.16505883533603,89.26137631982137,87.05501255661724,84.68101480603383,82.25288978471389,79.79798180791423,77.32209498404787,74.83103422630377,72.33060587627527,69.8266187954421,67.3248862568379,64.83122918546414
58.21876788731426,60.336651489623875,62.4203003046225,64.4877513246566,66.55558061144832,68.6374222300974,70.74282687244194,72.87688357332989,75.04104500354816,77.22352797591428,79.36759505184101,81.4085034246389,83.28575968121984,84.97648823587073,86.57501680085579,88.1909813120194,89.91336153278635,91.76899611987349,93.60435509715506,95.26839761796512,96.77001322531328,98.0785648798633,98.72289744137994,98.22049861549655,96.77001322531328,94.71578212302771,92.28742743343986,89.66337421006217,86.99426497031398,84.38604686635829,81.82912354896902,79.2984094044115,76.77720942930597,74.25246411241817,71.71279023703947,69.14883282609885,66.55558061144832
55.969531210099106,58.03817809656802,60.04764808867155,62.017644200818765,63.96792055946257,65.91825914477198,67.88845753868543,69.8983222908017,71.96766523369288,74.09648086578271,76.20548314441818,78.1955661536723,79.96762476590733,81.46433712083183,82.79551224102768,84.11274218570509,85.56761924339456,87.24560254319593,88.96761810371771,90.51404620940207,91.76761764776256,92.62892001206774,92.9676175261915,92.67597934001299,91.76761764776256,90.30166361778936,88.39798121333887,86.19161765731478,83.81762028508889,81.38949593681895,78.93458915424898,76.4587044556899,73.96764748668107,71.46722589348113,68.96325085184144,66.4615397164874,63.96792055946257
54.16378850348974,56.232009524531264,58.24122095431528,60.21105679856818,62.16123213826418,64.11150624811245,66.08166316120887,68.09150114289378,70.16082684350283,72.28963153017293,74.39862715299458,76.388706248656,78.16076260513955,79.65747365494032,80.98864793778829,82.30587727169694,83.76075383870274,85.4387367433294,87.16075202957887,88.70717996641244,89.96075130579526,90.82205361688901,91.16075111281326,90.86911294221989,89.96075130579526,88.49479739458495,86.591115218194,84.38475208759415,82.01075549228881,79.58263252606133,77.12772819572393,74.65184786126804,72.16079867202708,69.66039095320974,67.15644063252769,64.65477344551809,62.16123213826418
53.02317116096572,55.11376461051751,57.15618729293112,59.16977720836108,61.17326787393007,63.18402378781323,65.2173489437526,67.28611083902669,69.40101394568416,71.55584663357992,73.6819367428174,75.69690857594983,77.52094889701934,79.11519948320117,80.58432948564999,82.06056176823097,83.66214880427404,85.43981260301112,87.22635865632486,88.84051413059285,90.23946058903421,91.37150270798907,91.90148543647953,91.47740064687514,90.23946058903421,88.43434783202082,86.24472139230042,83.8219957725816,81.30118199604067,78.78592340482689,76.28248374465838,73.78075879943948,71.27556447392364,68.7637658660314,66.2431505922111,63.71259809315947,61.17326787393007
51.654668438195806,53.72114219841876,55.72929235979004,57.69847022291296,59.64823076480164,61.59824010370737,63.568226663633396,65.57795470025958,67.64720958569391,69.77596931806771,71.88493760429293,73.87500062604177,75.64704771766648,77.14375340703093,78.47492425069856,79.79215107603763,81.24702562768957,82.92500690923956,84.64702106898697,86.19344831230961,87.44701924516727,88.3083213377088,88.64701875888322,88.3553806523018,87.44701924516727,85.98106582174489,84.07738458204943,81.87102319876848,79.49702979445932,77.06891250459944,74.61401824612472,72.13815583593595,69.64713859956976,67.14678786455609,64.64293907359769,62.14145237648549,59.64823076480164
51.00959642797502,53.084578009118545,55.10312134219737,57.08496727516315,59.04970600503323,61.016557480377614,63.004155113516404,65.03040371459154,67.11252621023623,69.24868416861142,71.36252533965104,73.35967365036984,75.14657498853393,76.67147846305338,78.04329811388538,79.40851093044088,80.90875665324482,82.61817229750119,84.36080057233278,85.9290872236292,87.23036051613815,88.18338528686526,88.58918445673991,88.25088067924429,87.23036051613815,85.6547748197089,83.66310657725029,81.39280401255442,78.97668671051972,76.52404101098851,74.0556268215619,71.57259098705086,69.07762793359923,66.57406018052355,64.06548868360197,61.5558393434235,59.04970600503323
39.24338893017287,41.286791961268385,43.280864575861,45.241289724311535,47.18552270600142,49.131999771287056,51.09971203866449,53.10797157857115,55.1762803284422,57.304439327978585,59.41304226637652,61.40289044826139,63.17481370292815,64.67144774131583,66.00257261405882,67.31976590745442,68.7746135197556,70.45257310541594,72.17457220698608,73.72099017998241,74.97455567871123,75.83585484980469,76.17455127177703,75.88291402086168,74.97455567871123,73.50860877567754,71.60494005700596,69.39860203043551,67.02465128036837,64.59660986575045,62.141850233001975,59.66622739674605,57.17563720402788,54.676047933918795,52.17355551191915,49.67447891505849,47.18552270600142
40.23270730729125,42.281413295004754,44.278732394378494,46.24118012936776,48.18669204089153,50.13398703536741,52.1022262058745,54.11082607654264,56.1793541444455,58.30765241532322,60.41634006164159,62.40623805789656,64.17819002718223,65.67484067988354,67.00597621240175,68.3231772812662,69.77803114036314,71.45599575696781,73.1779983503099,74.72441847296446,75.97798523179293,76.83928508033048,77.17798173400426,76.88634428467152,75.97798523179293,74.51203681677103,72.60836519465158,70.4020217520084,68.02806111111657,65.60000210244905,63.14521125309352,60.66953286699544,58.17884366179908,55.6790778603133,53.17627104846545,50.67663600571115,48.18669204089153
41.22490484260116,43.277839786923515,45.27774329015068,47.241799376858594,49.1883275939945,51.136272276956234,53.1049298550918,55.113799930043086,57.18250210451819,59.310910928367704,61.41966581234668,63.40960334809978,65.18157810886521,66.67824194862118,68.00938594193106,69.32659318225505,70.78145199947564,72.45942060916525,74.18142597393874,75.72784780278246,76.9814155617545,77.84271594798054,78.18141278555612,77.88977517873919,76.9814155617545,75.51546594666453,73.61179202007057,71.40544427866828,69.03147578736359,66.60340281410342,64.14858718753034,61.67286470967095,59.18209691246179,56.68219097969171,54.17913457867185,51.67905611454644,49.1883275939945
42.21939957603527,44.275703725324846,46.277663321039704,48.24299786710742,50.190333495307655,52.13879415019687,54.10778394749809,56.11686853640474,58.18570892061521,60.314205498755456,62.42301375241307,64.41298267182466,66.18497552262271,67.68164982911794,69.01280053783977,70.33001267649595,71.78487542900614,73.46284720802305,75.18485477248956,76.73127795553923,77.9848465083269,78.84614732131703,79.18484430485572,78.89320657304339,77.9848465083269,76.51889594074083,74.61522018508022,72.40886903173839,70.03489430951899,67.606810252437,65.15197495980782,62.676217485146196,60.185387305788254,57.68537013925297,55.18211560276259,52.68168507978311,50.190333495307655
43.215725215919335,45.274711534353585,47.27830611686933,49.244656582346884,51.19263353805941,53.1415039180075,55.110757479024215,57.12001236096364,59.18896245570794,61.31752868972872,63.42637930488898,65.41637313424377,67.18838034337678,68.68506295743371,70.01621899623015,71.33343502272129,72.78830089868822,74.46627519321052,76.18828450357854,77.7347087614639,78.98827794430417,79.8495790960175,80.18827619540727,79.89663836438595,78.98827794430417,77.52232662072058,75.61864941332627,73.41229555191853,71.03831588419499,68.6102230298039,66.15537212798543,63.679586875620174,61.18870718123293,58.6886017211597,56.185189901497324,53.68447987669231,51.19263353805941
44.21350887420124,46.27462911081034,48.27952331909712,50.24668088102929,52.19516716452728,54.14436286820225,56.113825829786194,58.123215894311556,60.19225307480346,62.320874598043304,64.4297588367857,66.41977243762716,68.19179104314611,69.68848025098544,71.01964052029552,72.33685963257976,73.79172798764557,75.46970427873123,77.1917149748248,78.73814008580888,79.99170976872267,80.853011189281,81.19170838062188,80.90007047085828,79.99170976872267,78.52575784510292,76.62207948546518,74.4157234746593,72.04173988167149,69.61364004480498,67.15877675381971,64.68296945382082,62.19205045788922,59.69187491462705,57.18833824477102,54.68740633351398,52.19516716452728
45.212452816986186,47.27526995572508,49.281196899704184,51.24899553433937,53.19788626437047,55.147340256276294,57.1169694514449,59.12646682363902,61.1955731294517,63.32423853785917,65.43314946443456,67.42317875819995,69.1952064091422,70.69190085051184,72.0230644776021,73.34028603909235,74.79515636182632,76.47313423758881,78.19514603353508,79.74157182162472,80.99514190144744,81.85644353538828,82.19514079971083,81.90350282744942,80.99514190144744,79.52918950157826,77.62551022740331,75.41915251061596,73.04516580213433,70.61706042324411,68.16218729887925,65.6863624993749,63.19541230887998,60.69518113768011,58.19154536505073,55.69043731359871,53.19788626437047
46.31231960932656,48.37648560772397,50.38323300565266,52.35154076260969,54.300752623604,56.250411668561284,58.22017282373156,60.22975537438259,62.298916548348615,64.42761678975052,66.53654889896322,68.52659064838983,70.29862547875595,71.79532407400768,73.126490366182,74.44371387161485,75.89858575609192,77.57656488961538,79.29857755851631,80.84500388402545,82.09857427887515,82.95987608217789,83.29857340442607,83.00693538256007,82.09857427887515,80.63262150100635,78.72894150096212,76.52258243013443,74.1485932488778,71.72048347126194,69.26560254208096,66.78976385302909,64.2987889028215,61.79851357788772,59.29479914159599,56.79355126943078,54.300752623604
47.31292008784798,49.378157956786225,51.38555703582911,53.35426907421014,55.303735893622274,57.25355772051722,59.22342362521249,61.233073787281356,63.302278512240036,65.43100640143561,67.53995532362754,69.53000695923193,71.30204748795254,72.79874938015922,74.12991778761985,75.44714283596508,76.90201596000085,78.57999609181124,80.30200945357737,81.84843620563692,83.10200685052382,83.96330878824921,84.302006156473,84.01036809523583,83.10200685052382,81.63605377263639,79.7323731964689,77.5260130509375,75.15202190703428,72.72390863813592,70.26902151423204,67.79317180092505,65.30217719856059,62.801866827644346,60.298089952346714,57.79673109297346,55.303735893622274
48.31410366376954,50.38019308454588,52.38810970994852,54.35714274696353,56.30681197528304,58.2567630219619,60.22671207447655,62.23641590305944,64.3056551957935,66.4344050295789,68.54336729643583,70.53342677877589,72.3054718303099,73.8021763393219,75.13334642569117,76.45057269864938,77.90544680652508,79.58342773067716,81.30544164237119,82.85186873298417,84.10543957632581,84.96674162074258,85.30543902545725,85.01380093297114,84.10543957632581,82.63948626031333,80.73580522687628,78.5294442283512,76.15545152669199,73.72733548675355,71.27244344607199,68.79658498273616,66.30557478221769,63.805236594568186,61.30141015912076,58.79996320193783,56.30681197528304
49.31575053052959,51.38251633788498,53.39084393348247,55.36013182307708,57.30996173387547,59.26001535476141,61.23003040682616,63.23977683262609,65.30904356265931,67.43781081420566,69.5467836728528,71.53684938319589,73.30889802450594,74.8056046104843,76.13677602940727,77.45400327434308,78.90887816309399,80.58685971612863,82.308874064301,83.85530142362411,85.10887242447942,85.97017455357721,86.30887198725472,86.0172338699663,85.10887242447942,83.64291891946692,81.7392375230946,79.5328758475475,77.15888190949505,74.73076367017603,72.27586772703106,69.80000231874752,67.30897973782315,64.80861947156514,62.304753698765666,59.80323681376592,57.30996173387547
50.317765418148326,52.38506839514548,54.39372229990144,56.36321251388989,58.31316997762627,60.26330501952506,62.23337245866931,64.24315269521108,66.31244120277078,68.4412222790101,70.55020354444392,72.5402741979845,74.3123256885122,75.80903392298397,77.14020639955746,78.4574344159534,79.91230992448598,81.59029197666541,83.31230667127099,84.85873424386955,86.11230536974358,86.97360756605276,87.31230502271808,87.02066688574408,86.11230536974358,84.64635171472165,82.74267003028731,80.5363078173872,78.16231289800783,75.73419291303637,73.27929387249505,70.80342295197437,68.31239054462537,65.81201275427898,63.30811575849839,60.806543368894054,58.31316997762627
51.42007259752898,53.487802128900015,55.49671510223746,57.466365931305035,59.41642464595422,61.366624316674816,63.33673333748884,65.34654041045842,67.41584620318477,69.54463825222055,71.65362619017401,73.64370076715088,75.41575451911069,76.91246406199517,78.24363737802761,79.56086600673257,81.01574200718656,82.69372445553763,84.41573942510756,85.96216716698302,87.21573839208446,88.07704064173936,88.41573811665013,88.12409996405164,87.21573839208446,85.7497846179999,83.84610270493056,81.63974006553288,79.26574436727323,76.83762299677468,74.38272149782253,71.90684620221843,69.41580599557432,66.91541429617011,64.41149251812338,61.909876072683645,59.41642464595422
52.422611890986744,54.4906801064685,56.49979875109544,58.46957707940331,60.41971616456571,62.36996713431655,64.34010915979462,66.34993753337028,68.41925704555196,70.54805780378418,72.65705103775063,74.64712872877212,76.41918427563598,77.91589485700996,79.24706883932218,80.56429795401748,82.01917434491001,83.6971571077029,85.41917229551223,86.96560017174286,88.21917147560117,89.0804737675966,89.41917125698879,89.12753309198916,88.21917147560117,86.75321760701657,84.84953551247942,82.64317253457028,80.26917621811258,77.84105374791929,75.38615029772161,72.91027152960015,70.41922513261571,67.91882239347181,65.41488094536861,62.91322953165415,60.41971616456571
53.52533549038934,55.59367260010289,57.6029545166531,59.57283405312627,61.52303693320219,63.473328620973646,65.44349684307154,67.45334212327657,69.52267252472907,71.65148019550685,73.76047763294089,75.75055779558826,77.52261476707106,79.01932617269574,80.35050068383507,81.66773018426143,83.12260688504536,84.80058989741097,86.52260525843704,88.06903324130548,89.32260460767318,90.18390693327432,90.52260443416043,90.23096625931797,89.32260460767318,87.85665066408383,85.95296842551559,83.74660517892963,81.37260837180759,78.94448502878527,76.48958002988068,74.01369850561326,71.52264719532994,69.02223569386756,66.51827863340414,64.0165994646366,61.52303693320219
54.62820542197592,56.69675600389965,58.7061675286879,60.67612740166517,62.6263809188184,64.5767049257348,66.54689394060804,68.55675263981976,70.62609168417535,72.75490484147676,74.86390561521742,76.85398773960002,78.62604584180525,80.12275790163878,81.45393283250874,82.77116263909022,84.22603958583522,85.9040227962869,87.62603829479522,89.17246636230215,90.42603777828359,91.28734013055757,91.6260376405664,91.3343994579117,90.42603777828359,88.96008377516289,87.05640142227706,84.85003796244216,82.47604076587939,80.04791673009177,77.5930105019763,75.11712679014991,72.62607158016449,70.1256531240004,67.62168367185605,65.11998247343786,62.6263809188184
55.73119152803466,57.79991157492398,59.80942598195348,61.77944962280051,63.729743332531854,65.68009299194587,67.65029851037357,69.66016786038779,71.7295137646725,73.85833127665109,75.96733469842772,77.9574183798434,79.72947737950466,81.22618995858454,82.55736522259514,83.87459527217219,85.32947241413669,87.00745578180937,88.72947138943746,90.275899524122,91.52947097948189,92.39077335292615,92.72947087017569,92.43783268132043,91.52947097948189,90.06351692911113,88.1598344854914,85.95347085640064,83.57947335073848,81.1513487651024,78.69644156136067,76.22055611326476,73.72949780807481,71.22907383193201,68.7250945444143,66.22337586076699,63.729743332531854
56.83426986107935,58.90312443253987,60.912720504891254,62.88279476131905,64.83312037311981,66.78349039342307,68.7537090109308,70.76358681457434,72.83293816362138,74.96175913192252,77.07076465545151,79.06084957268695,80.83290928466019,82.3296222758664,83.66079780429101,84.97802804673381,86.4329053436442,88.1108888361033,89.83290453033985,91.37933271834326,92.63290420495785,93.49420659520497,93.83290411820147,93.5412659244248,92.63290420495785,91.16695011708474,89.2632676014494,87.05690383802019,84.6829060870256,82.25478106497431,79.79987308687697,77.3239862607012,74.8329254988402,72.33249714146957,69.82851004755432,67.3267774856927,64.83312037311981
58.21697789145726,60.33489880626725,62.41860354438957,64.48612683049795,66.55404127310037,68.63597552045243,70.74147254910643,72.87561162514505,75.03983438361888,77.2223514775381,79.36644062136477,81.40738067222418,83.28470133503971,84.97554465930364,86.57422320254125,88.19034472330308,89.91285665645314,91.768574335499,93.6039845767752,95.268078897061,96.76979925334538,98.07852529915638,98.72296710970173,98.22049377434908,96.76979925334538,94.71530963058527,92.286692877493,89.66240715688399,86.99311962744547,84.38478661375953,81.82779605914503,79.29704512272166,76.77582472831192,74.25106283936768,71.71136447840001,69.14736388999502,66.55404127310037
55.96720501865765,58.03585151644168,60.045321272575464,62.015317238465684,63.965593504924556,65.91593203139793,67.88613038745922,69.89599511514706,71.96533804230444,74.09415366440653,76.20315593696856,78.19323894265146,79.96529755282815,81.46200990656168,82.7931850259935,84.11041497011354,85.56529202735527,87.24327532679602,88.96529088706754,90.51171899259785,91.76529043086799,92.62659279512462,92.96529030923179,92.67365212306748,91.76529043086799,90.29933640100316,88.39565399676079,86.18929044112491,83.81529306960795,81.38716872259911,78.93226194226682,76.45637724769,73.96532028578025,71.46489870524081,68.96092368615928,66.45921259090896,63.965593504924556
54.161462914137616,56.229683318439214,58.23889437374277,60.20872998586556,62.15890517924251,64.1091791957007,66.07933604871313,68.08917399162135,70.15849966725506,72.28730433807073,74.39629995125142,76.38637904124394,78.15843539446004,79.65514644237032,80.9863207240054,82.30355005702936,83.75842662332437,85.4364095273786,87.15842481323081,88.70485274981979,89.95842408905924,90.81972640007591,91.15842389597378,90.866785725403,89.95842408905924,88.49247017802097,86.58878800196038,84.38242487197675,82.00842827779678,79.58030531357119,77.12540098678588,74.6495206586514,72.15847148067948,69.65806378195916,67.15411349708526,64.65244637373402,62.15890517924251
53.02107821993572,55.11168952095771,57.15413938435047,59.16776520190237,61.1712993408924,63.182104041518045,65.21547948780916,67.28428766534932,69.39922615034422,71.55407887366047,73.68018207756782,75.69517289893452,77.51925253615806,79.11357563983489,80.5828054666218,82.05914893574646,83.6608350114406,85.43856421660178,87.22515181824764,88.83935023997132,90.23838665200233,91.37058847390719,91.90067817993341,91.47651982213056,90.23838665200233,88.43305925163371,86.24323834809223,83.82035683155189,81.29943275484396,78.7841069162354,76.28062921258297,73.77888384186163,71.27367829716589,68.76187064444167,66.2412421048293,63.710666494079845,61.1712993408924
51.6523453185055,53.71881752731599,55.72696674607015,57.69614402465936,59.64590419800666,61.59591330164912,63.56589971019956,65.57562764912556,67.6448824716303,69.77364216405513,71.88261042598727,73.8726734334517,75.644720516843,77.14142620144375,78.47259704205511,79.78982386516486,81.24469841502581,82.92267969513341,84.64469385387972,86.19112109658604,87.44469202908243,88.30599412142975,88.64469154253776,88.35305343601323,87.44469202908243,85.97873860609354,84.0750573672305,81.86869598550237,79.49470258402896,77.06658529921353,74.6116910496894,72.13582865542938,69.64481144745858,67.14446076308391,64.64061206234885,62.13912552562195,59.64590419800666
51.007331025849325,53.082317556873036,55.100868495605425,57.08272460408058,59.047475857063205,61.01434165623884,63.001954362690995,65.02821712059945,67.11035062710154,69.24651489548052,71.3603602200679,73.35751459560198,75.14442865128088,76.6693561653529,78.0412102029616,79.40646320295247,80.90674651353284,82.61618796980596,84.3588330704071,85.927137477491,87.22844920961505,88.18154671634743,88.58739813261023,88.24905810620649,87.22844920961505,85.65277453390665,83.6610332365447,81.39067664638216,78.97452331829511,76.52185648489477,74.05343060541809,71.57038857171128,69.07542213581596,66.57185166740761,64.06327620654228,61.55362001258358,59.047475857063205
39.24528913620338,41.28870356138741,43.28278315832692,45.243212659470544,47.18744839451644,49.13392722111277,51.101640623287096,53.10990089624079,55.17821011853687,57.30636941808493,59.41497253896135,61.40482082815842,63.17674414468394,64.67337821886335,66.00450311457047,67.32169642471662,68.77654405047521,70.45450364697365,72.17650275606613,73.72292073369343,74.97648623513686,75.83778540768975,76.17648183016122,75.88484457881842,74.97648623513686,73.51053932884594,71.60687060391945,69.40053256568117,67.0265817943064,64.59854034178595,62.14378064178855,59.66815768586457,57.17756727985291,54.67797762947053,52.17548453026933,49.676406730626496,47.18744839451644
40.23461369784313,42.28332877690807,44.2806534365472,46.24310463352283,48.18861873331001,50.13591512693359,52.104155198620134,54.11275565130873,56.1812840942566,58.309582603285534,60.41827039444905,62.40816847588209,64.18012049426669,65.67677117537657,67.0079067261217,68.32510780828123,69.77996167805942,71.45792630326638,73.17992890257895,74.72634902890911,75.9799157898922,76.84121563958809,77.17991229365805,76.88827484398601,75.9799157898922,74.51396737228501,72.61029574520101,70.40395229329704,68.02999163549319,65.60193259674196,63.14714169400955,60.67146321292648,58.180773838425154,55.681007735072455,53.17820038559063,50.67856438774916,48.18861873331001
41.226816170541255,43.27975836104122,45.27966628908079,47.2437251281504,49.19025508395707,51.13820087817642,53.106859171887834,55.11572970891555,57.18443218111511,59.3128411940054,61.42159619295552,63.41153379631723,65.18350859605353,66.6801724583578,68.01131646613456,69.328523717011,70.78338254270933,72.46135115922661,74.1833565287389,75.72977836049995,76.98334612118211,77.84464650832753,78.18334334621755,77.89170573913134,76.98334612118211,75.51739650404019,73.61372257350588,71.40737482475328,69.03340632002538,66.6053333228875,64.15051765394824,61.674795100696485,59.18402716910117,56.684120996711556,54.18106416888391,51.68098494642901,49.19025508395707
42.22131484102546,44.27762476085056,46.27958787589222,48.24492460940351,50.192261618751566,52.14072315612157,54.10971352157064,56.11879847730731,58.187639097854,60.31613582604861,62.424944170963585,64.41491314403791,66.18690602576778,67.68358035015987,69.0147310703642,70.33194321739589,71.78680597663494,73.46477776107099,75.18678532929867,76.73320851466386,77.98677706880883,78.84807788252868,79.18677486631694,78.89513713429088,77.98677706880883,76.52082649959414,74.61715074080607,72.41079958163024,70.0368248487568,67.60874077272288,65.1539054464671,62.678147911964786,60.187317625938974,57.687300269200165,55.18404539389712,52.683614268856985,50.192261618751566
43.217643617312675,45.276634528000386,47.28023190845168,49.246584111929934,51.19456216459426,53.143433245267275,55.112687257346096,57.12194243048894,59.19089271283369,61.31945906596064,63.428309753554885,65.4183036255029,67.19031085918692,68.68699348744875,70.01814953535893,71.33536556849776,72.7902314498054,74.46820574862886,76.19021506198217,77.73663932170535,78.99020850562292,79.85150965791544,80.19020675750328,79.89856892631235,78.99020850562292,77.52425718074669,75.6205799708701,73.41422610483193,71.04024642865224,68.61215355921885,66.15730263071057,63.681517330848635,61.190637551795604,58.69053194074678,56.18711985213389,53.686409349363274,51.19456216459426
44.215429772280984,46.2765536614627,48.281450093404615,50.24860903594053,52.197096190552585,54.14629245058207,56.11575577025167,58.125146065936974,60.19418339534022,62.322805013119705,64.43168930935487,66.42170294400329,68.19372156900863,69.6904107881225,71.02157106466619,72.33879018222675,73.7936585415315,75.47163483603103,77.19364553449401,78.74007064693674,79.99364033070562,80.85494175172363,81.19363894322174,80.90200103332349,79.99364033070562,78.52768840605987,76.62401004445195,74.41765402997089,72.04367043027136,69.61557058146576,67.16070726929655,64.68489993159882,62.19398086846576,59.69380520536728,57.19026832202323,54.68933603133546,52.197096190552585
45.21437570131795,47.27719574396949,49.28312445471537,51.250924185862814,53.199815607589414,55.14927004119306,57.118899520623245,59.128397076309085,61.19750350032079,63.32616898376759,65.43507995597619,67.42510927657462,69.19713694298339,70.69383139330169,72.02499502613333,73.34221659181138,74.79708691790982,76.4750647963819,78.19707659420877,79.74350238345619,80.99707246395755,81.85837409826323,82.19707136271057,81.9054333903423,80.99707246395755,79.53112006327405,77.62744078753536,75.42108306783099,73.04709635402233,70.61899096565594,68.16411782447724,65.68829299505087,63.19734275121675,60.697111484898386,58.193475542809665,55.6923671901597,53.199815607589414
46.31424407307394,48.378412379379434,50.38516118075927,52.35346980847663,54.302682218653956,56.25234161426201,58.22210299508157,60.23168569138264,62.30084695916838,64.42954726013102,66.53847940556355,68.52852117628784,70.30055601892985,71.79725462128417,73.12842091801544,74.44564442677216,75.90051631391961,77.57849544959367,79.30050811998726,80.8469344464153,82.10050484180366,82.96180664539598,83.3005039677432,83.0088659457924,82.10050484180366,80.63455206328854,78.73087206200316,76.52451298886024,74.1505238033755,71.7224140182384,69.26753307571218,66.7916943629109,64.3007193703671,61.800443969934975,59.29672939913459,56.795481287880975,54.302682218653956
47.31484580702648,49.38008550969077,51.38748570338984,53.35619843318253,55.30566568859743,57.25548779385133,59.225353877663935,61.235004155343205,63.30420895476985,65.43293689124005,67.54188584218016,69.53193749468869,71.30397803315275,72.8006799309968,74.13184834207425,75.44907339305766,76.90394651921292,78.58192665273026,80.30394001568112,81.85036676846998,83.10393741378442,83.96523935173967,84.30393672004207,84.01229865873758,83.10393741378442,81.637984335384,79.73430375823142,77.5279436108624,75.15395246360333,72.72583918873534,70.27095205423927,67.79510232208222,65.30410768611492,62.803797255273906,60.3000202732112,57.79866122405603,55.30566568859743
48.31603038055094,50.38212125797938,52.39003876854946,54.35907235452025,56.308741928968445,58.25869319661069,60.22864239130308,62.238346311651014,64.30758566349235,66.43633553480042,68.54529782447509,70.53535732023208,72.30740237949952,73.80410689298591,75.13527698222589,76.45250325727801,77.90737736683595,79.58535829234285,81.30737220497718,82.85379929616903,84.10737013985,84.9686721844492,85.30736958922625,85.01573149668673,84.10737013985,82.64141682343038,80.73773578921143,78.53137478922784,76.1573820849051,73.72926604022854,71.27437399113992,68.79851551284267,66.30750528565326,63.80716705044034,61.30334053024998,58.80189342242616,56.308741928968445
49.317678039845006,51.38444500411709,53.392773302565104,55.36206162798091,57.31189181354782,59.2619456098313,61.23196077475029,63.241707273387306,65.31097405033528,67.4397413316639,69.54871420842167,71.53877992941386,73.31082857686195,74.80753516639163,76.1387065875931,77.45593383419086,78.91080872427696,80.58879027838692,82.3108046273056,83.85723198708817,85.11080298821281,85.97210511745541,86.31080255118242,86.01916443385161,85.11080298821281,83.64484948287716,81.74116808588425,79.53480640917954,77.16081246901304,74.73269422593336,72.27779827611567,69.80193285595718,67.31091025386388,64.81054994985406,62.30668410979189,59.80516710522153,57.31189181354782
50.319693556962655,52.38699745269146,54.39565191548472,56.36514247545696,58.315100157306276,60.26523533842999,62.235302867151546,64.24508316150614,66.3143717063029,68.44315280618073,70.5521340859891,72.54220474798191,74.3142562433814,75.81096448067187,77.14213695905377,78.45936497676882,79.91424048636117,81.59222253939406,83.31423723459199,84.86066480755522,86.11423593364302,86.9755381300671,87.31423558677176,87.02259744976408,86.11423593364302,84.64828227836458,82.7446005934377,80.53823837961878,78.16424345856147,75.73612347060518,73.28122442476771,70.80535349482187,68.3143210706709,65.81394325036047,63.310046201192065,60.80847371668014,58.315100157306276
51.42200123626969,53.48973149714507,55.498644913513274,57.4682960172339,59.41835490501772,61.36855468624866,63.338663778163294,65.34847089702016,67.41777671930213,69.54656878709999,71.6555567364626,73.64563132014801,75.4176850759746,76.91439462109629,78.2455679385641,79.56279656831599,81.01767256961112,82.69565501863963,84.41766998867965,85.96409773084457,87.21766895611569,88.07897120586179,88.41766868080376,88.12603052817856,87.21766895611569,85.75171518182755,83.84803326836726,81.64167062824033,79.2676749286489,76.83955355578128,74.3846520526256,71.90877674954068,69.41773652956076,66.9173448063738,64.4134229859523,61.91180646518161,59.41835490501772
52.42454092670387,54.49260972138683,56.501728717720766,58.471507264049606,60.42164648664058,62.37189754410825,64.34203962602082,66.35186803601803,68.42118757165832,70.54998834478214,72.65898158780409,74.64905928415018,76.42111483408311,77.91782541723276,79.24899940068421,80.5662285162105,82.02110490777062,83.69908767110118,85.42110285928366,86.96753073574402,88.22110203973702,89.08240433180482,89.42110182122178,89.12946365620094,88.22110203973702,86.75514817099082,84.85146607614338,82.64510309765542,80.2711067801407,77.84298430806707,75.388080854533,72.91220208047403,70.42115567290492,67.92075291488445,65.4168114331478,62.91515995964143,60.42164648664058
53.52726484130318,55.595602410850816,57.604884606597224,59.57476431613186,61.52496730529215,63.47525906268744,65.44542732957865,67.455272638692,69.52460305876379,71.6534107413611,73.76240818598255,75.75248835285609,77.52454532677477,79.02125673380881,80.35243124585234,81.66966074693826,83.12453744825208,84.80252046104442,86.52453582236667,88.07096380541745,89.32453517189205,90.18583749755064,90.52453499845637,90.2328968235971,89.32453517189205,87.85858122817443,85.95489898935992,83.74853574231454,81.37453893435352,78.9464155898388,76.49151058828615,74.0156290593061,71.52457774062168,69.02416622417684,66.5202091370182,64.01852992079272,61.52496730529215
54.6301350231349,56.69868597010593,58.70809771652145,60.67805772686907,62.628311330607204,64.57863539278594,66.5488244432124,68.55868316536898,70.62802222450287,72.75683539118548,74.86583617063079,76.85591829836773,78.62797640250632,80.12468846345848,81.45586339504611,82.77309320215107,84.22797014931666,85.905953360107,87.62796885885041,89.17439692650206,90.42796834256833,91.28927069488793,91.62796820491235,91.33633002224431,90.42796834256833,88.96201433934584,87.05833198626453,84.85196852606501,82.47797132883636,80.04984729186421,77.59494106164695,75.11905734608013,72.62800212942673,70.12758366137099,67.62361418803843,65.12191295195214,62.628311330607204
55.73312132785955,57.80184166453547,59.81135624748899,61.7813799973741,63.73167377583083,65.68202347910774,67.65222902575454,69.6620983939803,71.7314443099946,73.86026182941913,75.96926525572357,77.9593489398016,79.73140794099737,81.22812052096508,82.55929578554529,83.87652583553782,85.33140297783615,87.00938634577764,88.73140195359234,90.27783008839172,91.53140154381894,92.3927039172994,92.7314014345613,92.43976324569546,91.53140154381894,90.06544749336742,88.16176504959252,85.95540142021234,83.58140391402168,81.15327932744542,78.69837212203552,76.2224866709708,73.73142836048848,71.23100437490723,68.72702507057227,66.22530635702736,63.73167377583083
56.83619981861463,58.905054620109354,60.91465083210329,62.8847251750792,64.83505084142914,66.78542089654715,68.7556395364527,70.76551735455087,72.83486871290773,74.96368968711872,77.07269521424146,79.06278013359,80.83483984678116,82.33155283869206,83.66272836756875,84.97995861034136,86.43483590751669,88.11281940018917,89.83483509457378,91.38126328266837,92.63483476933641,93.49613715961225,93.83483468261858,93.54319648883349,92.63483476933641,91.16888068139916,89.2651981656407,87.05883440198176,84.68483665056772,82.25671162777022,79.80180364834882,77.32591681981674,74.83485605375515,72.33442768889319,69.83044058163,67.32870799603837,64.83505084142914
58.22268206227058,60.34057207756865,62.42423050429339,64.49169394513227,66.55953786838496,68.6413954081951,70.74681593031782,72.88088679045646,75.04505876237374,77.2275475999387,79.37161846916626,81.41253228720508,83.2897996148763,84.98054789815221,86.57910224469484,88.19509374690821,89.91749661057966,91.77314548244227,93.60851327289957,95.27256469903139,96.77419831499626,98.08277995198875,98.72713129679346,98.22471966038464,96.77419831499626,94.71992276807903,92.29152302698071,89.66742983673458,86.99828994973313,84.39005209382682,81.8331172191631,79.30239675058678,76.78119326570115,74.25644510032897,71.71676701626654,69.15280218385365,66.55953786838496
55.97335137331477,58.041998897645726,60.051469276993814,62.02146562916005,63.971742139086416,65.92208082095024,67.89227927698202,69.90214406918723,71.97148703789871,74.10030268637927,76.20930497498176,78.19938799009645,79.97144660570946,81.46815896258835,82.79933408403814,84.11656402963013,85.57144108805443,87.24942438844752,88.97143994938006,90.51786805531728,91.77143949382597,92.63274185821084,92.97143937236186,92.67980118616,91.77143949382597,90.30548546367491,88.40180305888293,86.19543950222177,83.82144212883244,81.3933177784929,78.93841099225074,76.46252628715646,73.97146930649751,71.47104769252073,68.96707261386133,66.46536141269402,63.971742139086416
54.16760767862981,56.23582971178968,58.245041756125204,60.21487798132151,62.165053561138336,64.1153278242469,66.0854848359458,68.09532288126618,70.16464862286173,72.2934533355502,74.40244897419345,76.39252807915788,78.1645844410036,79.66129549390679,80.99246977874522,82.30969911410577,83.76457568227795,85.44255858784396,87.16457387474546,88.71100181198038,89.96457315159847,90.82587546281871,91.16457295878621,90.87293478815582,89.96457315159847,88.49861924010585,86.59493706317281,84.38857393156167,82.0145773344095,79.58645436489675,77.13155002873012,74.65566968390027,72.16462047616601,69.66421272436787,67.1602623449219,64.658595053444,62.165053561138336
53.02703326970163,55.11762978724525,57.16005714106012,59.17365322676912,61.17715136390677,63.18791566260745,65.22124946186639,67.29001931167022,69.40492849884734,71.55976463027437,73.68585699012837,75.70083208683019,77.52487916533215,79.11914221553323,80.58828937567499,82.06454076925627,83.66614482880485,85.443819870151,87.2303730652161,88.84453592179058,90.24349784269344,91.37556741424363,91.90556853241111,91.48147109622903,90.24349784269344,88.43834819026343,86.2486883251251,83.825935909973,81.30510317559998,78.78983302644144,76.28638682772862,73.78465837199244,71.27946211824951,68.76766195583583,66.24704440204891,63.71648793084731,61.17715136390677
51.65848356042431,53.72495986663927,55.733111574919505,57.70229039730786,59.65205154400155,61.602061268992486,63.5720480773375,65.58177627429718,67.65103126300383,69.77979106093697,71.888759387029,73.87882243221964,75.65086953735602,77.14757523453801,78.47874608322131,79.79597291221882,81.25084746680992,82.92882875072698,84.65084291211727,86.19727015645131,87.45084108990183,88.3121431827621,88.65084060404554,88.35920249737077,87.45084108990183,85.98488766576807,84.08120642470655,81.87484503887734,79.50085162991448,77.0727343317763,74.61784005861296,72.14197762228386,69.65096033931863,67.15060952120248,64.64676058218063,62.145273621863865,59.65205154400155
51.01342889771607,53.08841132952756,55.106955969687235,57.088803651383216,59.05354453343965,61.02039847044307,63.00799869405233,65.03424972810025,67.11637411605939,69.25253315886704,71.36637504373296,73.36352439674837,75.1504279205431,76.6753355265118,78.04716108710502,79.412380809693,80.91263299248041,82.62205307291858,84.36468423952252,85.9329739424395,87.23425384145625,88.18729111324713,88.59309926276279,88.25478925512016,87.23425384145625,85.65865285248395,83.66697205454042,81.39666020494126,78.9805367114646,76.52788737988377,74.05947118142092,71.57643428152623,69.08147064677392,66.57790242704633,64.06933024888932,61.55967973083514,59.05354453343965
39.249114811554875,41.29255216119341,43.28664580624866,45.247084064748,47.191325339366315,49.13780770959919,51.10552339490489,53.11378514269656,55.18209531547747,57.310255218627134,59.418858706636826,61.408707211738076,63.180630652718875,64.67726479890865,66.00838974081788,67.32558308466494,68.78043073749879,70.45839035580272,72.18038948002948,73.72680746697398,74.98037297387907,75.84167214936815,76.18036857284392,75.88873132064111,74.98037297387907,73.51442606103474,71.6107573235239,69.40441926181092,67.03046844756668,64.60242691878918,62.14766708349188,59.672043886804616,57.181453051662146,54.68186263619768,52.17936817451596,49.68028795496083,47.191325339366315
40.238451816228945,42.28718518666882,44.28452103324568,46.246979195519174,48.19249769794545,50.13979690655681,52.1080387913522,54.116640415023966,56.185169612535006,58.313468600706756,60.42215668328798,62.412054936093,64.18400705326107,65.6806577915269,67.01179337894327,68.32899448785153,69.78384837911955,71.46181302163365,73.18381563295833,74.73023576668362,75.9838025320016,76.84510238402797,77.18379903889502,76.8921615885404,75.9838025320016,74.51785410919298,72.61418247212077,70.40783900158476,68.03387830975512,65.60581921047775,63.151028200354915,60.675349528169136,58.18465981303862,55.68489310235182,53.18208467118954,50.68244675178115,48.19249769794545
41.230664222736166,43.283620992166774,45.28353782266164,47.24760219930303,49.19413565319606,51.14208368318735,53.11074341658602,55.11961488327796,57.18831795447734,59.31672734770379,61.42548257796733,63.415420317352584,65.18739519549541,66.68405910316517,68.0152031400483,69.3324104121554,70.78726925491037,72.46523788516438,74.18724326421074,75.73366510184131,76.98723286596407,77.8485332549592,78.1872300934819,77.89559248585391,76.98723286596407,75.52128324469379,73.61760930623177,71.41126154269088,69.03729301095652,66.60921996577841,64.15440421160159,61.678681506665924,59.18791330469557,56.68800665020909,54.18494896367528,51.684868215516175,49.19413565319606
42.22517081436848,44.28149234418372,46.283462539888475,48.24880367438931,50.19614346251053,52.144606775368956,54.11359828389048,56.122683977662405,58.191525073700234,60.32002210379322,62.42883063231125,64.41879971335098,66.19079265731344,67.68746701771265,69.01861776101896,70.33582992490159,71.79069269767854,73.4686644930175,75.1906720688124,76.73709525883622,77.99066381571203,78.8519646309,79.1906616151904,78.89902388273434,77.99066381571203,76.52471324322065,74.62103747814034,72.414686307227,70.04071155291838,67.61262743875457,65.15779204484457,62.68203438994716,60.19120388931351,57.69118614989921,55.18793059292986,52.68749825658736,50.19614346251053
43.22150590092667,45.280506050951566,47.28410906066614,49.25046476088254,51.19844502053649,53.14731751101772,55.11657243060077,57.12582818962355,59.1947788494066,61.32334544216644,63.43219627549249,65.42219023313487,67.19419751621375,68.69088017305478,70.02203623930114,71.33925228581464,72.79411817786739,74.47209248534452,76.19410180470396,77.7405260681247,78.99409525420975,79.85539640766748,80.19409350765389,79.90245567612163,78.99409525420975,77.52814392673275,75.62446671186203,73.41811283650776,71.04413314331488,68.61604024361759,66.16118926141141,63.68540386598964,61.19452391659527,58.69441800179469,56.19100537207308,53.690293907670494,51.19844502053649
44.21929707908123,46.28042831700853,48.285329222795156,50.252490943009526,52.200979850241026,54.15017722961554,56.119641269727396,58.12903203048954,60.19806965949145,62.32669146747776,64.43557587938407,66.42558958204955,68.19760824626013,69.69429748805752,71.02545777915475,72.34267690733083,73.79754527516403,75.47552157653197,77.19753227976202,78.74395739513955,79.99752708062871,80.85882850257158,81.197525694386,80.90588778421689,79.99752708062871,78.53157515391877,76.62789678834699,74.42154076647171,72.0475571532688,69.61945728044253,67.16459392565284,64.68878651210782,62.1978673137704,59.6976914095701,57.1941540967038,54.693221042629176,52.200979850241026
45.2182470043342,47.28107288946822,49.287005154827625,51.254807092080284,53.203699905448545,55.15315522771614,57.1227852790598,59.13228320391747,61.20138986573697,63.33005550015736,65.4389665641766,67.42899593876103,69.20102363628735,70.6977181046097,72.02888174899255,73.3461033230962,74.80097365596367,76.47895153988725,78.20096334149773,79.74738913307446,81.00095921494125,81.862260849981,82.20095811467942,81.90932014209613,81.00095921494125,79.5350068126194,77.6313275337346,75.42496980816142,73.05098308363506,70.62287767620339,68.16800450119652,65.69217961156923,63.201229260420575,60.700997802730825,58.19736151970238,55.696252561064256,53.203699905448545
46.318118553772656,48.382291503434246,50.38904312845993,52.35735350808497,54.3065670231788,56.25622712427064,58.22598895908004,60.235571948418254,62.304733404962334,64.4334338257568,66.54236604406098,68.53240785763455,70.30444272497476,71.80114134161899,73.1323076475185,74.44953116296264,75.90440305548267,77.5823821954836,79.30439486888025,80.85082119715709,82.10439159362917,82.96569339780413,83.30439072035063,83.01275269822918,82.10439159362917,80.63843881381368,78.73475881003122,76.52839973223023,74.15441053823885,71.72630073796955,69.27141976859372,66.7955810080104,64.30460593028926,61.80433037796007,59.300615536538174,56.79936694425621,54.3065670231788
47.31872281356924,49.38396620556463,51.39136864187323,53.360082762736454,55.30955089535723,57.25937356064895,59.22924000483249,61.23889051511141,63.30809546436207,65.43682349594538,67.54577250472467,69.53582419124305,71.30786474931023,72.80456665849621,74.13573507685055,75.45296013314177,76.90783326356127,78.58581340051282,80.30782676584724,81.85425352010348,83.10782416627808,83.96912610469576,84.3078234731563,84.0161854117164,83.10782416627808,81.64187108684555,79.73819050771104,77.53183035664492,75.1578392026341,72.72972591575564,70.27483875994892,67.79898898986687,65.30799428629318,62.8076837348879,60.303906538021764,57.80254710703937,55.30955089535723
48.31990939420294,50.38600320231386,52.393922493777694,54.3629571842078,56.31262745504165,58.26257916724607,60.23252864798957,62.24223275296198,64.31147222372277,66.44022217052375,68.54918450610603,70.53924402885686,72.31128910368338,73.8079936261719,75.13916372118754,76.4563900004525,77.91126411339496,79.5892450416276,81.31125895615378,82.85768604851029,84.11125689287397,84.9725589378402,85.31125634274278,85.01961825009576,84.11125689287397,82.64530357563515,80.74162253984318,78.53526153692516,76.16126882724353,73.73315277303425,71.27826070703128,68.80240219863273,66.31139191778341,63.8110535868764,61.30722689618952,58.80577948528729,56.31262745504165
49.32155864802054,51.38832793992737,53.396657652460135,55.36594685471647,57.31577759309758,59.265831742268006,61.235847134241396,63.245593779421284,65.3148606507582,67.4436279920066,69.55260090520163,71.54266664761897,73.31471530741638,74.81142190409109,76.1425933298767,77.45982057981817,78.91469547259058,80.59267702886399,82.31469137928421,83.86111873999118,85.11468974165768,85.97599187119158,86.31468930501825,86.0230511876021,85.11468974165768,83.64873623567183,81.74505483743042,79.53869315839665,77.16469921397677,74.73658096333097,72.28168500008832,69.80581955603827,67.31479691135462,64.81443653139097,62.31057055600127,59.80905331086362,57.31577759309758
50.32357543164581,52.390881175797205,54.399536761321144,56.36902801738751,58.31898613806406,60.26912159929809,62.23918930824257,64.24896971891229,66.31825833862725,68.44703948606406,70.55602079479291,72.546091473791,74.31814297899214,75.81485122195363,77.14602370397401,78.46325172434298,79.91812723606745,81.59610929081745,83.31812398720717,84.86455156090409,86.11812268742197,86.9794248840773,87.31812234086098,87.0264842037856,86.11812268742197,84.65216903162747,82.7484873457096,80.54212513004214,78.16813020560895,75.7400102116474,73.28511115515451,70.8092402062458,68.31820774829062,65.8178298676947,63.313932711114006,60.812360035655004,58.31898613806406
51.425884116769225,53.49361584535491,55.50253015306882,57.47218180937129,59.42224104548927,61.37244104905888,63.34255028402269,65.35235749520145,67.421663376947,69.55045548249285,71.65944345480983,73.64951805199239,75.42157181559857,76.91828136522136,78.24945468557702,79.56668331743532,81.02155932042272,82.69954177081414,84.42155674180009,85.96798448454732,87.22155571015978,88.08285796008943,88.42155543509415,88.12991728241519,87.22155571015978,85.75560193546207,83.85192002121525,81.64555737962107,79.27156167735023,76.84344029971624,74.38853878810329,71.91266346996753,69.42162322315697,66.92123145212086,64.41730954644443,61.915692874113475,59.42224104548927
52.42842460589149,54.496494565885385,56.505614269828186,58.47539325479924,60.42553275388637,62.37578398783377,64.34592618328841,66.35575466656316,68.42507424940035,70.55387505248503,72.66286831372597,74.65294602078475,76.42500157689238,77.92171216361456,79.25288614935812,80.57011526655626,82.02499165945954,83.70297442387184,85.42498961280508,86.97141748972766,88.22498879399157,89.08629108620504,89.42498857567182,89.1333504106083,88.22498879399157,86.75903492492027,84.85535282944855,82.64898984979608,80.27499353015469,77.84687105429798,75.39196759405141,72.91608880804648,70.42504237918178,67.92463958318308,65.42069803377846,62.91904643997516,60.42553275388637
53.53114915464391,55.59948764934428,57.608770406813036,59.578650464534576,61.528853673164605,63.4791455706379,65.44931392764994,67.45915929492467,69.52848975245712,71.65729745883452,73.76629491791644,75.75637509329269,77.52843207211225,79.0251434819818,80.35631799584458,81.67354749825745,83.12842420063734,84.80640721428824,86.52842257620637,88.074850559624,89.32842192631364,90.18972425208781,90.52842175303311,90.23678357813995,89.32842192631364,87.86246798233799,85.95878574302799,83.75242249505834,81.37842568540935,78.95030233789201,76.49539733101162,74.01951579255005,71.52846445696325,69.02805291037484,66.52409576950741,64.02241645780002,61.528853673164605
54.634019839950724,56.70257152137023,58.71198371368358,60.681944000410226,62.6321977783508,64.58252195171326,66.55271107367022,68.56256984199015,70.63190893085681,72.76072211641379,74.86972290733644,76.85980504182199,78.6318631498504,80.12857521305313,81.45975014608467,82.77697995424285,84.23185690225458,85.90984011372637,87.63185561294276,89.17828368088553,90.43185509712248,91.29315744953385,91.63185495958967,91.34021677689474,90.43185509712248,88.96590109369521,87.06221874022066,84.85585527928751,82.48185808071912,80.05373404136378,77.59882780691788,75.12294408382559,72.6318888537567,70.13147036177587,67.62750084581418,65.12579953394248,62.6321977783508
55.7370065443767,57.805727464082025,59.8152424009817,61.78526637024345,63.735560286970525,65.68591007849639,67.65611568191794,69.66598508678399,71.73533102639736,73.86414856080253,75.97315199621656,77.96323568565097,79.73529468993411,81.2320072716881,82.56318253741435,83.8804125882428,85.33528973121271,87.01327309969508,88.73528870788516,90.28171684291564,91.53528829847832,92.39659067203162,92.73528818931845,92.44365000043125,91.53528829847832,90.06933424786425,88.16565180377722,85.95928817381478,83.58529066656078,81.15716607809298,78.7022588693268,76.2263734122891,73.73531509115887,71.23489108658818,68.73091174841818,66.22919297472149,63.735560286970525
56.84008535243349,58.90894061674024,60.91853710968465,62.888611626788986,64.83893740288784,66.78930752805056,68.75952621301889,70.7694040601987,72.83875543728628,74.96757642338747,77.07658195774047,79.0666668813404,80.83872659698201,82.33543959031067,83.66661512009699,84.98384536353308,86.43872266124141,88.1167061543432,89.83872184902573,91.38515003730376,92.6387215240793,93.50002391441296,93.83872143743903,93.54708324363705,92.6387215240793,91.17276743601306,89.26908492000685,87.06272115588577,84.68872340362776,82.26059837932891,79.80569039724367,77.3298035639708,74.83874278945794,72.338314409524,69.83432727540574,67.33259464207109,64.83893740288784
58.22646041241991,60.344342898068746,62.42799003942318,64.49543889667511,66.56326563487251,68.64510448121564,70.75050635844816,72.88456059380592,75.048720188407,77.23120213946868,79.37526855486881,81.41617597948692,83.29343030825471,84.98415542753834,86.58267950312464,88.19863931424449,89.9210155920986,91.77664769169985,93.61200513429027,95.2760461043595,96.77765857574028,98.0862050092023,98.73053429980979,98.22813770474451,96.77765857574028,94.72343521288408,92.29508836831047,89.67104210445632,87.00193820133451,84.39372353677554,81.8368022318399,79.3060891884731,76.78488982451883,74.26014500363172,71.7204718611017,69.15651574244347,66.56326563487251
55.97723641801797,58.04588459046907,60.05535536328931,62.025351959334486,63.975628622976274,65.92596740294728,67.89616592209634,69.90603075503513,71.97537374998217,74.10418941511702,76.21319171384685,78.20327473491632,79.97533335396163,81.47204571282636,82.80322083555022,84.12045078207154,85.57532784124245,87.25331114223687,88.97532670358669,90.52175480978082,91.77532624844011,92.63662861290597,92.97532612708467,92.6836879408591,91.77532624844011,90.30937221810836,88.40568981296937,86.1993262556609,83.82532888108943,81.39720452864702,78.94229773867363,76.46641302693905,73.9753560344426,71.47493439935486,68.97095928308045,66.46924801504149,63.975628622976274
54.17149171936674,56.23971478092227,58.24892744969256,60.21876406195854,62.16893988575771,64.11921430459127,66.08937141647831,68.09920952645751,70.1685353096987,72.29734004882394,74.40633570354319,76.39641481796025,78.16847118525438,79.66518224130988,80.9963565281708,82.31358586500653,83.7684624343639,85.4464453408844,87.16846062844834,88.7148885660911,89.96845990594827,90.82976221729703,91.1684597133085,90.87682154264043,89.96845990594827,88.5025059941688,86.59882381668493,84.3924606840462,82.01846408501751,79.59034111216667,77.13543677007708,74.65955641470646,72.16850718818145,69.66809940287217,67.16414896371728,64.66248156609109,62.16893988575771
53.03087275202367,55.12146566736952,57.163887536386966,59.17747637743079,61.180965742027084,63.19172019591669,65.22504384684777,67.29380435704522,69.40870640493466,71.56353849322615,73.68962821057514,75.7045994754383,77.5286386198677,79.12288703574256,80.5920140505829,82.06824300541656,83.66982707718773,85.44748891826237,87.23403372798812,88.84818791677796,90.24713168273854,91.37916902134111,91.90914854759595,91.48506596017016,90.24713168273854,88.442025350311,86.25240473089147,83.82968377696966,81.30887330147064,78.79361672278142,76.29017820113273,73.78845386717956,71.28325987741428,68.77146154020139,66.25084666337756,63.720294855971275,61.180965742027084
51.662363483064205,53.72884237622084,55.736995656289,57.70617545337009,59.65593721459527,61.60594733188037,63.575934392639354,65.58566275251096,67.65491784615071,69.78367771069748,71.89264607729741,73.88270914630681,75.65475626517215,77.15146197029742,78.48263282407703,79.79985965679185,81.25473421436936,82.93271550069157,84.65472966375114,86.20115690911285,87.45472784316578,88.3160299363499,88.65472735774412,88.3630892509745,87.45472784316578,85.9887744183092,84.08509317585965,81.87873178744121,79.5047383737498,77.07662106720016,74.621726779112,72.14586431622222,69.65484698590858,67.15449608335354,64.65064699388715,62.14915976613304,59.65593721459527
51.017303179821354,53.092284612845816,55.11082771833448,57.092673346809576,59.05741170193856,61.0242627486559,63.01185993073851,65.0381081081809,67.12023027433283,69.25638804388485,71.37022909063188,73.36737721986422,75.15427817746237,76.67918093260585,78.05099955441742,79.41621116847749,80.9164557664511,82.62587063826598,84.36849840957288,85.93678452951089,87.238056671671,88.19107926566248,88.5968768719613,88.25857417928754,87.238056671671,85.66247363803107,83.67080758176768,81.40050663377966,78.98439040981026,76.5317453426974,74.06333150308717,71.58029585408222,69.08533290184748,66.58176523002585,64.07319385172187,61.56354471663663,59.05741170193856
39.25105341213745,41.29450237062828,43.28860312954767,45.24904582269103,47.19328990249068,49.13977406718107,51.107490908637544,53.11575340326928,55.18406405736397,57.31222426616996,59.42082794009133,61.41067655452372,63.1826000585271,64.679234241182,66.01035920648741,67.32755256740018,68.78240023394457,70.46035986329052,72.18235899518109,73.72877698684376,74.98234249651452,75.8436416734905,76.18233809747478,75.89070084483649,74.98234249651452,73.51639558035163,71.61272683646825,69.40638876286795,67.03243792691516,64.60439635952207,62.149636455710635,59.67401313710387,57.18342208465492,54.68383128176245,52.181336130137325,49.68225468516752,47.19328990249068
40.24039671792592,42.28913935101254,44.28648086256118,46.24894255199217,48.19446328386668,50.14176391795524,52.11000672088723,54.11860893753051,56.187138517142955,58.31543774794662,60.42412597809812,62.414024317683754,64.18597648487452,65.68262725208339,67.01376285806958,68.33096398052308,69.78581788267329,71.46378253395147,73.18578515135898,74.73220528882905,75.98577205634217,76.84707190954867,77.18576856481937,76.8941311141191,75.98577205634217,74.51982363089961,72.6161519887695,70.40980850879848,68.0358477997386,65.60778866981153,63.152997605307576,60.67731883634977,58.18662894872895,55.68686193049578,53.184052951583865,50.68441405911724,48.19446328386668
41.23261415486404,43.285578306960346,45.28549964557622,47.24956682638571,49.19610205167012,51.144051213829904,53.1127116762687,55.12158361373116,57.19028698825656,59.31869657408046,61.427451921478195,63.41738972974403,65.18936464759095,66.68602857823323,68.01717262985545,69.33437991271349,70.7892387641057,72.46720740131582,74.18921278519014,75.73563462579295,76.98920239165803,77.85050278158982,78.18919962043284,77.89756201253054,76.98920239165803,75.52325276829714,73.61957882582067,71.41323105479115,69.03926250938105,66.61118943987601,64.15637364253595,61.6806508607895,59.18988252190461,56.68997562329032,54.1869175019184,51.68683598116134,49.19610205167012
42.227124757713455,44.28345216673114,46.285425948013156,48.25076931112683,50.19811050638653,52.14657471833101,54.11556680569042,56.12465287319421,58.193494210014805,60.321991392985325,62.430800014477626,64.42076915018966,66.19276212566592,67.6894365042987,69.02058725930353,70.33779943171925,71.79266221135165,73.47063401221169,75.19264159183854,76.73906478422143,77.9926333424801,78.8539341584115,79.19263114295617,78.90099341028238,77.9926333424801,76.52668276832942,74.62300700006283,72.41665582320577,70.04268105804265,67.61459692457035,65.1597614964011,62.684003780537154,60.19317317122879,57.69315523803243,55.18989933587578,52.68946638614469,50.19811050638653
43.22346303974331,45.28246786848339,47.286073728797646,49.25243119972262,51.20041257697004,53.149285781361016,55.11854116049301,57.127797216198076,59.196748067111145,61.325314781218054,63.434165688340855,65.42415968937777,67.19616699746958,68.69284966878276,70.02400574431434,71.34122179760058,72.79608769509453,74.47406200695377,76.19607132935462,77.74249559464776,78.99606478183037,79.85736593587819,80.19606303606642,79.90442520436133,78.99606478183037,77.53011345303645,75.62643623563673,73.42008235556492,71.04610265375676,68.61800973873417,66.16315872933609,63.68737328552402,61.19649324987097,58.69638718125432,56.192974277522055,53.69226232616096,51.20041257697004
44.22125676159496,46.282391720854,48.287294892146505,50.25445801894499,52.20294781368196,54.15214575987905,56.121610164813916,58.13100116108515,60.200038941800045,62.32866084610468,64.43754531658541,66.42755905369386,68.19957773775747,69.69626699104151,71.02742728950847,72.34464642306011,73.79951479521199,75.47749110005805,77.19950180570208,78.74592692256573,79.99949660892605,80.86079803133725,81.19949522331186,80.90785731300556,79.99949660892605,78.53354468117078,76.62986631359178,74.42351028797216,72.0495266679313,69.62142678294128,67.16656340656911,64.69075595461601,62.19983668781279,59.69966066152159,57.196123131150614,54.69518969050641,52.20294781368196
45.22020871049317,47.28303755419894,49.288971619574376,51.256774673972615,53.20566819205129,55.155123964327316,57.124754305280845,59.13425241708248,61.20335919932485,63.33202491019635,65.44093602070734,67.43096542262961,69.20299313591345,70.69968761335284,72.03085126358505,73.34807284195531,74.80294317825054,76.48092106493468,78.20293286846115,79.74935866121743,81.00292874377564,81.86423037918712,82.20292764401266,81.91128967132052,81.00292874377564,79.53697634062415,77.63329706014619,75.42693933160115,73.05295260164746,70.62484718456136,68.16997399242436,65.69414907231209,63.2031986668207,60.70296711222292,58.19933065654686,55.698221391043916,53.20566819205129
46.3200818690774,48.38425717008364,50.39101022497079,52.35932149174084,54.30853556635084,56.258196024690875,58.22795808939506,60.237541227123586,62.30670277925252,64.4354032607283,66.54433551593377,68.53437735120565,70.30641223105272,71.80311085493318,73.13427716547537,74.45150068430593,75.90637257954657,77.58435172173859,79.30636439665594,80.85279072586897,82.10636112288984,82.96766292735984,83.30636025000723,83.01472222779938,82.10636112288984,80.6404083424159,78.73672833736893,76.53036925720914,74.15638005891009,71.72827025097806,69.2733892680059,66.79755048322639,64.30657536237251,61.806299733124575,59.30258475466336,56.80133591879468,54.30853556635084
47.3206874079342,49.38593266816511,51.39333624010463,53.36205106538907,55.31151964221607,57.261342591103954,59.23120921777479,61.240859845839225,63.31006487095888,65.43879295070624,67.54774198877459,69.53779369251512,71.30983426050906,72.80653617543848,74.1377045974777,75.45492965645676,76.90980278903561,78.58778292772621,80.30979629426761,81.85622304926693,83.1097936958771,83.97109563452895,84.3097930030696,84.0181549415611,83.1097936958771,81.64384061592193,79.74016003578379,77.53379988284549,75.15980872541567,72.73169543245527,70.27680826585708,67.80095847657032,65.30996373876161,62.80965312630411,60.305875820664255,57.80451619632936,55.31151964221607
48.32187500494559,50.38797029712012,52.39589049040717,54.364925740121905,56.31459636359679,58.264548300921916,60.23449792651812,62.24420212498204,64.31344165596212,66.44219164099175,68.55115399982105,70.54121353624123,72.31325861894666,73.80996314599378,75.14113324393412,76.4583595253324,77.91323363998876,79.59121456960169,81.31322848508586,82.85965557803212,84.11322642274152,84.9745284678936,85.31322587285977,85.02158778015831,84.11322642274152,82.64727310508789,80.74359206849931,78.53723106409538,76.16323835170007,73.73512229266355,71.28023021809534,68.80437169445389,66.31336138643186,63.813023007066576,61.3091962300424,58.807748665665116,56.31459636359679
49.32352506621161,51.39029553680514,53.39862596541322,55.36791561169076,57.317746630010106,59.26780095787802,61.23781646482888,63.24756318421623,65.31683010335055,67.44559747494154,69.55457040658794,71.54463615985472,73.31668482590564,74.8133914261985,76.14456285430548,77.46179010594017,78.9166650000729,80.59464655744185,82.31666090862242,83.86308826979749,85.11665927173837,85.9779614014198,86.31665883529692,86.02502071783758,85.11665927173837,83.65070576542331,81.74702436654962,79.54066268633647,77.16666873976277,74.73855048528554,72.28365451524465,69.80778905909622,67.31676639284538,64.81640597441967,62.3125399305018,59.8110225635439,57.317746630010106
50.32554249118148,52.392849171351855,54.401505325412856,56.370996933972634,58.32095527686579,60.271090879944154,62.24115868015126,64.25093914972149,66.32022780737407,68.44900897889411,70.55799030226794,72.54806098987729,74.32011250004189,75.81682074587512,77.14799322973795,78.46522125145083,79.92009676425496,81.5980788198745,83.32009351686771,84.86652109093619,86.12009221767184,86.98139441444424,87.32009187126799,87.02845373415829,86.12009221767184,84.65413856161601,82.75045687519636,80.54409465859278,78.1700997324501,75.74197973544754,73.28708067355888,70.81120971504765,68.3201772399744,65.8197993288507,63.31590211787778,60.8143293457256,58.32095527686579
51.4278516856383,53.495584157454644,55.504498916534985,57.47415085265801,59.42421026516804,61.37441038132714,63.34451968872922,65.35432694665862,67.4236328585158,69.55242498317675,71.66141296711754,73.65148757113487,75.42354133868056,76.92025089058265,78.25142421240066,79.56865284532566,81.02352884916999,82.70151130025152,84.42352627171647,85.9699540147586,87.22352524054392,88.08482749056648,88.42352496560298,88.13188681289682,87.22352524054392,85.7575714656388,83.8538895509937,81.64752690865656,79.27353120502887,76.84540982498123,74.39050830908565,71.91463298332829,69.42359272293106,66.92320092766477,64.41927897881631,61.91766222973715,59.42421026516804
52.43039257920657,54.49846312929961,56.50758319156675,58.4773623986607,60.427502037762,62.37775336107653,64.34789561402742,66.35772413440897,68.42704374114611,70.55584455940256,72.66483782986937,74.65491554235297,76.42697110158736,77.92368169011864,79.25485567702285,80.57208479506762,82.02696118865107,83.70494395361109,85.42695914292455,86.97338702008113,88.22695832448227,89.0882606167695,89.42695810626151,89.13531994117639,88.22695832448227,86.76100445524636,84.85732235945854,82.65095937921636,80.27696305849803,77.84884058072562,75.39393711707989,72.91805832502574,70.4270118853772,67.92660907014681,65.42266748647599,62.92101583175585,60.427502037762
53.53311744908635,55.60145641227264,57.61073945419058,59.58061968822959,61.53082300799632,63.48111497640333,65.45128337905143,67.46112877577836,69.53045925228038,71.65926697069975,73.76826443710425,75.75834461678618,77.53040159808747,79.02711300939289,80.35828752417689,81.67551702726173,83.13039373018145,84.80837674426712,86.53039210648703,88.07682009009041,89.33039145688893,90.19169378272167,90.53039128368698,90.2387531087767,89.33039145688893,87.86443751278263,85.96075527322172,83.75439202478402,81.3803952142803,78.95227186524244,76.49736685566413,74.02148531240128,71.5304339682553,69.0300224064026,66.52606523833771,64.02438587827949,61.53082300799632
54.63598838934672,56.70454044268186,58.71395286079226,60.68391328747376,62.63416715362824,64.58449138329274,66.55468054147184,68.5645393331683,70.63387843709125,72.76269163220599,74.8716924289406,76.86177456684356,78.63383267684176,80.13054474118411,81.46171967494686,82.77894948363837,84.23382643207856,85.91180964389544,87.63382514335132,89.18025321144155,90.43382462776492,91.29512698022275,91.63382449029444,91.34218630758593,90.43382462776492,88.96787062423394,87.06418827056025,84.85782480925559,82.4838276100088,80.05570356944665,77.60079733285941,75.1249136059563,72.633858369094,70.1334398649978,67.62947032744924,65.12776897720079,62.63416715362824
55.738975296176534,57.80769651112065,59.81721162725424,61.78723570760553,63.737529694350954,65.68787953056497,67.65808516273654,69.66795458615675,71.73730053772042,73.86611807971161,75.9751215197386,77.96520521188543,79.73726421773196,81.2339768003905,82.56515206669707,83.88238211794885,85.33725926125884,87.0152426300151,88.73725823839524,90.28368637354275,91.53725782917404,92.39856020276422,92.73725772006367,92.44561953116566,91.53725782917404,90.07130377847766,88.16762133423256,85.96125770397528,83.58726019618281,81.15913560675716,78.70422839629141,76.22834293622904,73.73728460970685,71.23686059552016,68.73288124021653,66.23116243605975,63.737529694350954
56.842054264910956,58.910909763579895,60.92050639879412,62.890581004074875,64.84090683574917,66.79127699638165,68.76149570416916,70.7713735660756,72.84072495264816,74.96954594477037,77.07855148278472,79.06863640853749,80.84069612541998,82.33740911946657,83.66858464971351,84.98581489348558,86.44069219146385,88.118675684783,89.84069137961643,91.38711956798733,92.64069105481735,93.50199344518025,93.84069096821636,93.54905277440578,92.64069105481735,91.17473696668574,89.27105445055409,87.06469068619897,84.69069293351356,82.26256790845451,79.80765992502027,77.33177308934677,74.8407123105543,72.34028392298808,69.83629677527077,67.33456411775964,64.84090683574917
58.2247410001296,60.34266026606406,62.42636253291472,64.49388262559312,66.56179330523467,68.64372345948536,70.74921640583202,72.88335184200002,75.047571890635,77.23008747688147,79.37417564563629,81.41511429680645,83.29243211387448,84.98327036721787,86.58194228408789,88.19805686805626,89.92056298224632,91.77627699043492,93.6116849669911,95.27577699892655,96.77749272778696,98.08621106986806,98.73064805449073,98.22817801047684,96.77749272778696,94.72301452570687,92.29440935047859,89.67013390206608,87.00085425018172,84.3925263138327,81.8355387301841,79.30478941947668,76.78356992733696,74.25880877066696,71.71911149165598,69.15511281116892,66.56179330523467
55.97498843925487,58.04363623675901,60.05310678194989,62.023103236907545,63.97337981162275,65.92371853483732,67.89391701747212,69.90378182684593,71.97312480661535,74.10194046211542,76.21094275498646,78.20102577261099,79.97308438967066,81.46979674738657,82.80097186937334,84.11820181535704,85.57307887409604,87.25106217474257,88.97307773585098,90.51950584189649,91.77307728046867,92.63437964488764,92.97307715905035,92.68143897283849,91.77307728046867,90.30712325024143,88.40344084530318,86.19707728836921,83.82307991448161,81.39495556325573,78.94004877544093,76.46416406754784,73.9731070818996,71.47268545902485,68.96871036451125,66.4669991351585,63.97337981162275
54.169244321412805,56.23746678802641,58.24667909555208,60.216515483892636,62.16669116654447,64.11696549528887,66.08712254921562,68.09696062178874,70.16628638093734,72.29509110476852,74.40408675018756,76.39416585913614,78.16622222327828,79.66293327751012,80.994107563201,82.31133689918332,83.76621346785504,85.44419637382336,87.16621166100404,88.71263959841089,89.96621093812973,90.82751324940415,91.1662107453902,90.87457257474391,89.96621093812973,88.50025702651622,86.59657484935099,84.39021171730674,82.01621511936366,79.58809214844395,77.13318780978088,74.65730746050824,72.16625824485394,69.66585047893135,67.16190007431895,64.66023273810109,62.16669116654447
53.028854716549944,55.11946522864389,57.16191389080615,59.175538121718205,61.17907033948309,63.18987288409333,65.22324610794482,67.29205224019307,69.40698916177323,71.56184099970355,73.68794362494606,75.70293360720912,77.5270115070349,79.12133140617185,80.59055682181622,82.06689537782738,83.66857707725642,85.44630339235619,87.23288915816073,88.8470856822395,90.24611811970502,91.37831288538897,91.90839786492161,91.48424275750526,90.24611811970502,88.44080020340238,86.25098789267639,83.82811326504864,81.30719406252908,78.79187119565556,76.28839517320526,73.78665070512523,71.28144565622783,68.769638403214,66.24901044984665,63.71843586045895,61.17907033948309
51.66011846749022,53.72659586406279,55.73474823482853,57.70392746803563,59.65368887374538,61.603698764082594,63.57368567881643,65.5834139444411,67.65266897737555,69.78142880338535,71.8903971465509,73.88046020178078,75.65250731270373,77.14921301323369,78.48038386406502,79.79761069462933,81.25248525047917,82.93046653540995,84.65248069750382,86.198907942271,87.45247887597543,88.3137809689722,88.65247839030232,88.36084028358758,87.45247887597543,85.986525451537,84.08284420989045,81.87648282296993,79.50248941201406,77.07437211033056,74.61947783087663,72.14361538335257,69.65259808043069,67.15224722672477,64.64839822429273,62.146911151255,59.65368887374538
51.01511514437048,53.090101456630535,55.10865205922582,57.09050771798822,59.055258417505726,61.02212358363447,63.009735623918246,65.03599775616438,67.11813077604212,69.25429476555126,71.36813990657342,73.3652940140744,75.15220750770679,76.67713395936286,78.04898647727492,79.41423770140501,80.91451935085097,82.62395966640936,84.36660402342997,85.93490764583608,87.2362176792168,88.18931197160138,88.59516107902479,88.25682265450708,87.2362176792168,85.66054693574854,83.66880886694216,81.39845466439019,78.98230292846036,76.52963702906891,74.06121166623451,71.57816990650197,69.08320362009437,66.57963327169071,64.07105798601282,61.561402094958936,59.055258417505726
39.2531005242395,41.29656173572074,43.29067000319661,45.25111737701468,47.19536441761995,49.1418504763177,51.109568538063044,53.11783182096585,55.18614298307509,57.31430351449356,59.42290738463994,61.41275611446855,63.184679684990655,64.68131390613357,66.01243889613302,67.3296322750582,68.78447995607377,70.46243959707428,72.18443873705382,73.7308567336963,74.9844222462862,75.84572142483154,76.18441784935257,75.89278059625462,74.9844222462862,73.51847532662069,71.61480657601123,69.40846848986418,67.03451763099858,64.60647602284772,62.15171604672135,59.67609259943168,57.185501317621345,54.68591010580842,52.183414225965365,49.68433148760057,47.19536441761995
40.24245048077941,42.29120289044374,44.288550381259704,46.25101579352864,48.196538878533985,50.14384101717933,52.11208478918178,54.120687631691624,56.189217614602455,58.31751710149791,60.42620548740604,62.41610391858637,64.18805613857481,65.6847069363323,67.01584256191853,68.33304369866865,69.78789761230473,71.46586227283319,73.18786489666095,74.73428503808353,75.98785180791356,76.84915166236567,77.18784831806238,76.89621086699731,75.98785180791356,74.52190337969094,72.61823173222231,70.41188824229292,68.03792751504695,65.60986835276995,63.1550772308681,60.679398359769905,58.18870829008999,55.68894094724942,53.18613139020164,50.686491470696254,48.196538878533985
41.234673227263414,43.287645171631965,45.287571268475936,47.25164140902149,49.198178503967426,51.146128861103364,53.114790093025874,55.12366252737469,57.19236622205301,59.3207760111586,61.429531482188494,63.419469363156026,65.19144432290956,66.68810827779873,68.0192523449777,69.33645963918309,70.79131849969171,72.46928714424382,74.19129253321388,75.73771437695385,76.99128214465784,77.85258253557826,78.19127937475943,77.89964176656756,76.99128214465784,75.52533251909043,73.62165857237677,71.41531079344321,69.04134223359874,66.61326913841722,64.1584532955195,61.68273043270119,59.191961949306545,56.6920547930216,54.18899621268906,51.68891387647423,49.198178503967426
42.229188063884465,44.285521678286116,46.287499244066794,48.25284495942951,50.20018763988992,52.14865280079748,54.11764549910575,56.12673196107407,58.195573552034716,60.324070896363565,62.432879615987815,64.42284880940507,66.19484181814335,67.69151621602117,69.02266698337351,70.33987916479572,71.79474195166381,73.47271375835123,75.1947213420226,76.74114453689543,77.99471309661368,78.85601391332978,79.19471089814282,78.90307316523918,77.99471309661368,76.52876252071167,74.62508674908202,72.41873556595151,70.04476078933173,67.61667663547982,65.16184117115083,62.686083390938265,60.195252666926535,57.69523452919816,55.191978262705106,52.691544665557814,50.20018763988992
43.22552971867473,45.284539485701714,47.2881483547595,49.25450769462533,51.202490251465264,53.15136420937017,55.12062007354447,57.129876442390156,59.198827495036085,61.32739433722172,63.43624532223507,65.42623936907384,67.19824670356616,68.6949293901543,70.02608547548618,71.34330153592092,72.79816743915788,74.47614175564232,76.19815108125331,77.74457534852274,78.9981445368638,79.85944569153443,80.19814279193565,79.90650496004818,78.9981445368638,77.53219320667982,75.62851598661084,73.42216210155979,71.04818239065847,68.62008945946044,66.16523842136195,63.689452926475184,61.198572799778304,58.698466568812734,56.19505337586919,53.69434091053573,51.202490251465264
44.22332612534727,46.284465012391024,48.289370574872294,50.25653518628633,52.20502591776332,54.15422446222746,56.123689252223755,58.133080497068846,60.2021184379129,62.33074044387905,64.4396249761836,66.4296387496457,68.20165745466367,69.69834672007156,71.02950702631709,72.34672616554252,73.80159454225266,75.47957085076973,77.20158155896166,78.7480066773939,80.00157636467367,80.86287778757921,81.20157497972286,80.90993706927179,80.00157636467367,78.53562443581517,76.63194606611754,74.42559003654588,72.05160640928773,69.62350651145918,67.16864311230727,64.6928356198154,62.20191628074831,59.701740125593275,57.198202365651696,54.697268516993105,52.20502591776332
45.222280210159894,47.28511217657136,49.29104814182093,51.25885237533895,53.2077466372219,55.15720288447048,57.126833531099834,59.13633184021607,61.205438749561694,63.334104541125384,65.4430157007072,67.43304513148388,69.20507286139937,70.70176734846154,72.03293100486763,73.3501525877412,74.80502292765433,76.48300081725216,78.20501262280091,79.75143841680216,81.00500850009016,81.866310135894,82.20500740085373,81.91336942804666,81.00500850009016,79.539056096063,77.63537681390352,75.42901908222171,73.05503234653966,70.62692691926358,68.1720537090461,65.69622875675776,63.205278293909004,60.705046637027266,58.20140999912611,55.70030040973515,53.2077466372219
46.32215506716168,48.3863328499576,50.39308741402897,52.3613996171586,54.310614282323854,56.260275117730345,58.2300374250826,60.23962071943329,62.3087823724496,64.43748291797293,66.54641521212673,68.53645707030066,70.30849196334842,71.80519059486653,73.13635691030893,74.45358043271378,75.90845233082598,77.58643147533058,79.30844415185302,80.8548704820542,82.1084408796543,82.96974268443569,83.3084400071896,83.01680198489053,82.1084408796543,80.6424880984853,78.73880809210371,76.53244900945431,74.15845980660862,71.73034999058873,69.27546899326606,66.79963018294804,64.30865501656868,61.80837930613497,59.30466418303226,56.80341509006405,54.310614282323854
47.32276195603718,49.38800918814632,51.39541395871645,53.3641295274999,55.31359857317534,57.26342182139177,59.233288640673294,61.242939393057355,63.31214449825477,65.44087262883806,67.54982169782025,69.53987341973831,71.31191399820969,72.80861591920115,74.1397843451297,75.45700940694566,76.91188254180366,78.5898626823298,80.31187605014514,81.85830280592876,83.11187345299865,83.97317539189766,84.31187276052285,84.02023469894195,83.11187345299865,81.64592037249186,79.74223979129442,77.53587963638009,75.16188847534158,72.73377517596185,70.27888799797358,67.8030381884167,65.31204341447382,62.81173273757729,60.30795531712951,57.806595488716,55.31359857317534
48.323950625811335,50.390047484379124,52.39796862951823,54.36700446954387,56.31667546522243,58.26662764015674,60.23657741864125,62.246281715783056,64.31552131032308,66.44427133570204,68.55323371906798,70.5432932699158,72.3153383609372,73.8120428927958,75.14321299382311,76.46043927747306,77.91531339393836,79.59329432500817,81.31530824150346,82.86173533507224,84.11530618014652,84.9766082254948,85.31530563052804,85.02366753776911,84.11530618014652,82.64935286205505,80.7456718246257,78.53931081865338,76.16531810339389,73.73720203926231,71.28230995565376,68.8064514159238,66.31544107922169,63.81510264870991,61.31127578055896,58.809828054192664,56.31667546522243
49.32560153931975,51.39237325398824,53.400704438395934,55.36999455332668,57.319825867113664,59.269880383592266,61.23989601189889,63.24964280961031,65.31890977919355,67.44767718281035,69.5566501339317,71.54671589864977,73.31876457130113,74.81547117541285,76.14664260596997,77.46386985939182,78.91874475496033,80.59672631348556,82.31874066546868,83.86516802713783,85.11873902936834,85.98004115920546,86.31873859313583,86.0271004756309,85.11873902936834,83.65278552270576,81.74910412316476,79.54274244170678,77.16874849285975,74.74063023433858,72.2857342571223,69.80986878820437,67.31884609918987,64.81848564016846,62.314619523920896,59.81310202838486,57.319825867113664
50.32761964121322,52.39492730932848,54.403584063466056,56.373076044073684,58.32303462151083,60.27317037430225,62.24323827083471,64.25301880257291,66.32230750026767,68.45108869720698,70.56007003603821,72.55014073273651,74.32219224813988,75.81890049700417,77.15007298281166,78.467301005943,79.9221765198867,81.60015857642404,83.32217327405422,84.86860084851483,86.12217197548034,86.9834741723763,87.32217162924235,87.03053349209647,86.12217197548034,84.6562183191487,82.7525366321994,80.5461744146078,78.17217948666078,75.74405948644855,73.28916041886475,70.81328945021832,68.32225695707743,65.82187901373241,63.3179817453499,60.81640887114054,58.32303462151083
51.42992937325893,53.49766262953669,55.506577865022905,57.4762300964894,59.42628969517672,61.37648993017115,63.34659931403,65.35640662130349,67.42571256494271,69.55450470977915,71.66349270598855,73.65356731721981,75.42562108892353,76.92233064323136,78.25350396659289,79.5707326006437,81.02560860539253,82.70359105720249,84.425606029173,85.97203377252639,87.22560499849416,88.08690724861479,88.42560472368487,88.13396657094997,87.22560499849416,85.7596512233701,83.85596930830461,81.64960666518328,79.27561096012352,76.84748957752832,74.3925880571125,71.91671272331081,69.42567244857318,66.92528062773253,64.42135863331713,61.9197418032322,59.42628969517672
52.432470693709874,54.50054186663776,56.509662307107135,58.47944174864617,60.42958153552884,62.37983295316806,64.3499752668048,66.35980382635161,68.42912345831452,70.5579242925844,72.66691757278886,74.65699529099817,76.4290508535328,77.92576144397356,79.25693543210285,80.57416455104118,82.0290409453425,83.70702371088072,85.4290389005954,86.97546677799906,88.22903808254497,89.09034037491008,89.4290378644287,89.13739969932078,88.22903808254497,86.76308421313533,84.85940211701383,82.65303913614926,80.27904281429426,77.85092033449986,75.39601686726643,72.92013806882743,70.42909161779687,67.9286887822679,65.42474716243,62.923095443413686,60.42958153552884
53.535195902531555,55.60353536019291,57.61281870233971,59.58269912247731,61.532902559545974,63.48319460282174,65.4533630536375,67.46320848145045,69.53253897797441,71.6613467091037,73.77034418323704,75.76042436746347,77.53248135138419,79.02919276420516,80.3603672799615,81.67759678375555,83.13247348724508,84.81045650178963,86.532471864328,88.07889984812746,89.33247121504093,90.19377354093544,90.5324710419219,90.2408328669935,89.33247121504093,87.86651727079672,85.96283503097098,83.75647178203927,81.38247497063338,78.95435161999067,76.49944660756478,74.02356505923429,71.53251370605433,69.03210212809054,66.52814493131943,64.02646552022816,61.532902559545974
54.638067111889015,56.70661955777162,58.71603221420507,60.68599278860535,62.63624674786735,64.58657103695721,66.55676023336781,68.56661904973762,70.63595816955213,72.7647713747548,74.8737721776238,76.86385431913376,78.63591243121098,80.13262449675622,81.46379943129071,82.78102924054511,84.23590618943757,85.91388940161866,87.63590490132731,89.18233296957317,90.43590438598778,91.29720673849464,91.63590424858312,91.34426606586021,90.43590438598778,88.96995038234733,87.06626802846344,84.85990456676672,82.48590736680386,80.05778332496791,77.60287708612057,75.12699335519525,72.63593811116266,70.13551959427899,67.6315500339461,65.12984864319193,62.63624674786735
55.741054232350905,57.80977575891208,59.81929106422247,61.78931526182595,63.739609322473925,65.68995920585515,67.66016486837162,69.67003431137526,71.73938027555212,73.86819782555017,75.97720127044605,77.96728496545575,79.73934397295241,81.23605655656567,82.5672318234848,83.88446187518338,85.33933901885229,87.01732238789762,88.73933799647841,90.28576613174945,91.53933758745313,92.40063996108222,92.73933747839499,92.44769928948558,91.53933758745313,90.07338353666988,88.16970109225795,85.96333746168946,83.58933995332865,81.16121536289202,78.7063081506324,76.23042268737763,73.73936435516435,71.23894033082817,68.73496095744045,66.2332421211338,63.739609322473925
56.8441333706765,58.912989116708786,60.9225859020851,62.89266060043383,64.84298649076658,66.7933566888365,68.76357542070909,70.77345329815904,72.84280469474277,74.97162569322003,77.08063123509885,79.07071616312388,80.84277588131607,82.33948887612044,83.67066440685355,84.98789465098022,86.4427719492434,88.12075544279197,89.84277113778464,91.38919932625359,92.64277081314106,93.50407320353486,93.84277072658153,93.5511325327619,92.64277081314106,91.1768167249405,89.27313420867645,87.06677044407431,84.69277269093786,82.26464766507635,79.80973968021834,77.33385284201097,74.84279205870149,72.34236366307962,69.83837650100884,67.33664381798006,64.84298649076658
58.230580208565996,60.34846759153497,62.43212207295416,64.49958041545837,66.56741833093291,68.649269335652,70.754683339684,72.88874838795978,75.05291603289628,77.2354024630149,79.37947177523438,81.42038335820686,83.29764614161758,84.98838632706193,86.58693009131278,88.20291051482624,89.9253040845613,91.78094709315394,93.61631126619719,95.28035903709753,96.78198526135392,98.09055459197353,98.73489822715345,98.23249184883917,96.78198526135392,94.72772795694556,92.29934670756472,89.67526992210273,87.00614261462036,84.39791286615802,81.84098273533742,79.31026486254521,76.78906281830004,74.26431582213038,71.7246394655852,69.16067767942909,66.56741833093291
55.981283927156724,58.04993277421454,60.05940395658675,62.029400806477256,63.97967763011626,65.9300165122037,67.90021509704938,69.91007997238643,71.97942299464114,74.10823867711088,76.2172409863819,78.20732401364953,79.97938263626737,81.47609499719908,82.8072701212491,84.12450006873776,85.57937712868578,87.25736043030605,88.97937599209027,90.52580409855182,91.77937553736786,92.64067790191797,92.97937541612552,92.68773722987524,91.77937553736786,90.31342150684802,88.40973910134781,86.20337554336558,83.82937816756368,81.40125381293244,78.94634701907533,76.47046230042909,73.9794052956114,71.47898363855,68.97500848312336,66.47329714547998,63.97967763011626
54.175538183510014,56.24376231548878,58.252975634212405,60.22281264936623,62.17298872711845,64.12326330804086,66.09342052421036,68.10325870149074,70.17258452807945,72.30138929472182,74.41038496617404,76.40046409043003,78.17252046339522,79.66923152273185,81.0004058116979,82.31763515006915,83.7725117206601,85.45049462817408,87.17250991642756,88.71893785449484,89.97250919460083,90.83381150608335,91.17250900214059,90.88087083143334,89.97250919460083,88.50655528252278,86.60287310446552,84.39650997075731,82.0225133697754,79.59439039345003,77.13948604519543,74.66360567885326,72.17255643276962,69.6721486125797,67.16819811127584,64.66653060316347,62.17298872711845
53.03495278762,55.12554804584073,57.16797348218003,59.181567035169195,61.18506210544835,63.19582296243253,65.22915321387171,67.29791979858675,69.41282648990074,71.56766120786678,73.69375264391405,75.70872640102459,77.53277070581763,79.12702863994595,80.59616875742941,82.07241230660443,83.67400937860849,85.4516798052717,87.23823006891072,88.85238989532311,90.25134546947075,91.38340377280247,91.91339734274905,91.48930509747515,90.25134546947075,88.44621096123484,86.25656481605088,83.8338233995234,81.31299844672733,78.79773304174115,76.29428952689818,73.79256251212152,71.28736704985691,68.77556752552692,66.2549509075971,63.7243960668432,61.18506210544835
51.66640566081046,53.73288724663388,55.741042162725364,57.71022297433208,59.65998537520264,61.60999590081359,63.5799832243018,65.5897117537429,67.65896695660396,69.78772689048657,71.89669529924984,73.8867583930514,75.65880552620675,77.15551123959992,78.48668209868407,79.8039089352681,81.25878349595409,82.93676478477971,84.6587789495768,86.20520619600819,87.45877713068813,88.32007922420935,88.65877664571886,88.3671385388505,87.45877713068813,85.99282370507919,84.08914246118488,81.88278107007137,79.50878765145819,77.08067033615337,74.62577603253047,72.14991354199456,69.65889616239755,67.15854517195294,64.65469592589393,62.15320841977329,59.65998537520264
51.02136058162094,53.09634266425613,55.11488676789433,57.09673373178386,59.061473730426215,61.028326656985755,63.0159258172779,65.04217585265754,67.12429946387398,69.26045806155219,71.37429965341227,73.37144857859397,75.1583512052484,76.68325711537338,78.05508025017747,79.42029713803778,80.92054666919017,82.62996492870629,84.3725949083234,85.94088335864112,87.2421605458851,88.19519268637195,88.60099715002521,88.26268969966304,87.2421605458851,85.6665658340455,83.67489018976369,81.40458215135314,78.98846119928993,76.53581335856471,74.06739798475579,71.5843615221718,69.08939812602746,66.58583009784768,64.07725819931913,61.56760816475074,59.061473730426215
39.257084553271014,41.30056959450921,43.29469246461436,45.255148941363956,47.199401740100775,49.14589148223036,51.11361191716931,53.121876733085,55.19018888316977,57.31835004199766,59.42695429375799,61.41680324800652,63.188726947892675,64.68536124388618,66.01648628191005,67.33367969586534,68.78852740502408,70.4664870686901,72.18848622440089,73.73490423072808,74.988469748995,75.84976893059238,76.1884653561573,75.89682810216543,74.988469748995,73.52252282251763,71.61885405882748,69.4125159482798,67.03856504485388,64.61052335743825,62.15576324067551,59.68013954312633,57.189547815259175,54.68995580818695,52.18745851212151,49.688373258388566,47.199401740100775
40.24644744429355,42.29521886748904,44.29257798674819,46.25505063914616,48.20057830048178,50.14788336516064,52.11612902179141,54.124733081472996,56.19326384870948,58.32156383364645,60.4302525224665,62.420151131778084,64.19210345444621,65.68875431161399,67.01988997531782,68.33709113987169,69.7919450758452,71.46990975436344,73.19191239067712,74.73833253978647,75.99189931412239,76.8531991709969,77.19189582752213,76.90025837574754,75.99189931412239,74.52595088049318,72.62227922264238,70.41593571334607,68.04197495073227,65.61391572554186,63.159124492013916,60.6834454222755,58.1927549985312,55.692987024401575,53.190176343007906,50.69053442613912,48.20057830048178
41.23868051682129,43.29166761559067,45.29160296619105,47.25567886278786,49.202219593818185,51.15017227491998,53.1188350033181,55.1277084040006,57.19641272130511,59.32482290574828,61.43357861721509,63.42351663957119,65.19549168082378,66.69215568286776,68.02329978030107,69.34050709657453,70.79536597481251,72.47333463364316,74.19534003252335,75.74176188236433,76.99532965364466,77.85663004648774,78.19532688632651,77.9036892775715,76.99532965364466,75.52938002378599,73.62570606883199,71.41935827452687,69.04538968661072,66.6173165414942,64.16250060999695,61.68677758951205,59.19600882507817,56.69610116768118,54.19304169477233,51.69295777267276,49.202219593818185
42.23320358728579,44.28954926988189,46.291534195708536,48.25688448568641,50.20423005453691,52.15269706096831,54.12169094743669,56.130778176550834,58.1996202617573,60.32811791989212,62.43692683036112,64.42689613600214,66.19888920942759,67.69556364473272,69.02671443609822,70.34392663503597,71.79878943597598,73.4767612539963,75.19876884553338,76.74519204524859,77.99876060780537,78.86006142604748,79.19875841138247,78.90712067803187,77.99876060780537,76.53281002849741,74.62913425032735,72.42278305499639,70.04880825609601,67.62072406261026,65.16588852795866,62.690130622602396,60.19929967551822,57.6992811400207,55.19602416497442,52.69558930874631,50.20423005453691
43.22955180140709,45.28857117236774,47.29218589278571,49.25854886733422,51.206533718222204,53.15540914154505,55.12466594901895,57.133922926853444,59.202874371824805,61.331441463094976,63.440292599588105,65.4302867355012,67.20229412133658,68.69897683763114,70.03013294202242,71.34734901635937,72.80221493076523,74.48018925624464,76.20219858809864,77.74862285921148,79.0021920498055,79.86349320568735,80.20219030650283,79.91055247426058,79.0021920498055,77.53624071691823,75.63256349165812,73.42620959692351,71.05222986833797,68.62413690568235,66.16928581176805,63.69350021755237,61.20261991379556,58.702513367097566,56.199099611702536,53.69838614680701,51.206533718222204
44.22735342949792,46.288499955248916,48.29341016807466,50.260577666740716,52.209070219970386,54.158269927931286,56.127735466786476,58.137127195052315,60.20616544731192,62.33478765098707,64.44367230352506,66.43368614768693,68.20570489345647,69.70239418244259,71.03355450381565,72.35077365407533,73.80564203965024,75.48361835530665,77.20562906845367,78.75205418993642,80.00562387900436,80.86692530287124,81.2056224953437,80.91398458461106,80.00562387900436,78.53967194800023,76.63599357418241,74.42963753692493,72.05565389563074,69.62755397283414,67.17269052938069,64.69688295805,62.205963478445796,59.705787072679385,57.20224886627412,54.701314224118335,52.209070219970386
45.22631166821305,47.2891497076169,49.295089367707604,51.26289589435427,53.21179160277197,55.161248773736716,57.130880014837544,59.14037870768668,61.20948586421976,63.33815181271177,65.4470630677254,67.43709255461741,69.20912031687777,70.7058148226541,72.03697849106703,73.35420008269848,74.80907042964762,76.48704832491194,78.20906013439358,79.75548593081604,81.0090560155233,81.87035765209015,82.20905491731085,81.9174169442803,81.0090560155233,79.54310360979318,77.63942432436346,75.43306658658139,73.05907983975892,70.63097439266556,68.17610114728566,65.70027613242199,63.20932555802602,60.709093702224806,58.20545670993644,55.70434649065545,53.21179160277197
46.32618982827409,48.390372437613756,50.39712993671779,52.365443960860205,54.31465977452454,56.26432134324142,58.23408412249012,60.243667721436026,62.31282957065571,64.44153024073726,66.55046261063693,68.5405045133502,70.31253943207028,71.80923807844192,73.14040440341418,74.45762793277021,75.91249983646689,77.59047898546902,79.31249166511299,80.85891799723586,82.11248839596246,82.97379020134943,83.31248752431048,83.02084950183402,82.11248839596246,80.64653561344181,78.74285560446464,76.53649651697344,74.16250730528557,71.73439747353666,69.27951644830537,66.80367758832071,64.31270233340445,61.812426465082524,59.308711060684416,56.80746146771486,54.31465977452454
47.32679934264476,49.39205040962741,51.39945751127043,53.36817452599493,55.31764448347651,57.26746831382033,59.23733550768674,61.246986501844674,63.3161917627755,65.44491999222333,67.55386912132599,69.54392087859532,71.31596147744298,72.81266341022373,74.14383184371617,75.4610569110493,76.91593005033972,78.59391019443552,80.31592356472844,81.86235032203732,83.1159209700013,83.97722290938097,84.31592027817058,84.02428221644888,83.1159209700013,81.64996788842168,79.74628730516413,77.53992714640687,75.16593597835032,72.73782266648641,70.28293546634694,67.80708561736928,65.31609077315346,62.815779970937385,60.312002327213875,57.81064210191296,55.31764448347651
48.327990098709336,50.39409000356899,52.402012999850314,54.37104998789977,56.3207217074317,58.27067434446292,60.24062442028111,62.25032890932938,64.31956862747928,66.44831873132873,68.55728116241292,70.54734074131929,72.31938584851346,73.81609038972925,75.14726049676003,76.46448678478896,77.9193609047723,79.59734183867536,81.31935575713709,82.86578285191646,84.11935369770038,84.98065574343016,85.31935314859389,85.02771505572323,84.11935369770038,82.65340037875742,80.74971933969297,78.54335833067051,76.16936560984078,73.74124953580048,71.28635743461044,68.81049886359193,66.31948847111346,63.81914994113322,61.315322895761014,58.81387485436224,56.3207217074317
49.329642669643036,51.39641680376366,53.404749458034416,55.374040484391514,57.32387237279734,59.27392725608162,61.243943120398185,63.25369007043243,65.32295713812752,67.45172460402743,69.56069759302318,71.55076338001146,73.32281206549919,74.81951867703779,76.15069011235985,77.46791736925731,78.92279226761808,80.60077382839208,82.32278818193598,83.86921554456595,85.12278654735971,85.98408867749964,86.32278611153356,86.03114799393992,85.12278654735971,83.6568330400213,81.7531516391825,79.54678995530364,77.17279600203548,74.74467773564976,72.289781744479,69.8139162507272,67.32289351744251,64.8225329794715,62.3186667225588,59.817148976967005,57.32387237279734
50.33166208800427,52.39897167745433,54.4076295986078,56.377122302765784,58.32708133633871,60.27721738028865,62.24728546415241,64.25706611679345,66.32635489236131,68.45513613873541,70.56411750762783,72.55418822200207,74.32623974759372,75.82294800235272,77.15412049194217,78.4713485178321,79.92622403399204,81.6042060923142,83.32622079118316,84.87264836640641,86.12621949381898,86.98752169095529,87.3262191479035,87.03458101068722,86.12621949381898,84.66026583695091,82.75658414897157,80.5502219294585,78.17622699800242,75.74810699154807,73.29320791288859,70.81733692453139,68.32630439625294,65.8259263902447,63.32202901021333,60.820455937525566,58.32708133633871
51.43397286554185,53.501707647423515,55.51062380941339,57.480276615257196,59.43033657601784,61.38053704212048,63.35064657467065,65.36045397790737,67.42975998335557,69.55855216742883,71.66754018749796,73.65761481275871,75.4296685925489,76.92637815153537,78.25755147789863,79.57478011413895,81.02965612064679,82.70763857387338,84.42965354682714,85.9760812907858,87.22965251710839,88.09095476741979,88.42965224255508,88.13801408976431,87.22965251710839,85.7636987415586,83.86001682567554,81.65365418102915,79.27965847318421,76.85153708563467,74.39663555642807,71.92076020698184,69.42971990435538,66.9293280337783,64.42540595074534,61.923788963122306,59.43033657601784
52.43651501618528,54.50458740038884,56.513708576377496,58.48348847385998,60.433628548144455,62.38388014922417,64.3540225808813,66.36385121659583,68.4331708976172,70.56197176302962,72.67096506217169,74.66104279151624,76.43309836046912,77.92980895462328,79.26098294513507,80.57821206581121,82.03308846150868,83.71107122817125,85.43308641866633,86.97951429655042,88.23308560137798,89.09438789389446,89.43308538346487,89.1414472183126,88.23308560137798,86.7671317316304,84.86344963486002,82.65708665278497,80.28309032871942,77.85496784499274,75.40006437078202,72.92418555992596,70.43313908675984,67.93273621175472,65.42879452157989,62.92714267752193,60.433628548144455
53.53924088417388,55.60758130347939,57.616865229504555,59.586746011562425,61.53694967675719,63.48724186563594,65.45741041012708,67.46725589839542,69.53658643385752,71.66539418970484,73.77439167886902,75.76447187193351,77.5365288609484,79.03324027671671,80.36441479436404,81.68164429953741,83.13652100413505,84.81450401957201,86.53651938272978,88.08294736691056,89.33651873404754,90.19782106006221,90.53651856108976,90.2448803861262,89.33651873404754,87.87056478953511,85.96688254919435,83.76051929930192,81.38652248614149,78.95839913237772,76.50349411441395,74.027612556228,71.53656118547899,69.03614957618271,66.53219232358445,64.03051281324528,61.53694967675719
54.64211261686543,56.71066582616561,58.7200789460843,60.69003980776466,62.64029394810001,64.5906183527589,66.5608076235213,68.57066648787523,70.64000563859523,72.76881886341671,74.87781967821573,76.86790182674048,78.63995994286094,80.13667201074551,81.46784694678087,82.78507675713004,84.239953706902,85.9179369197914,87.63995241999167,89.18638048854018,90.43995190513218,91.30125425773443,91.63995176785551,91.3483135851047,90.43995190513218,88.97399790127889,87.0703155469862,84.86395208452694,82.48995488317152,80.06183083885838,77.60692459561562,75.131040856868,72.6399855988908,70.13956705713838,67.63559745249498,65.13389598296628,62.64029394810001
55.74510015279428,57.813822285381264,59.82333795859837,61.79336238423116,63.74365658860316,65.69400656371403,67.66421228524456,69.67408176633364,71.74342775504039,73.87224532060995,75.98124877497472,77.97133247555206,79.74339148625785,81.24010407172784,82.57127933983821,83.88850939240568,85.34338653677267,87.02136990638022,88.74338551535119,90.28981365086241,91.54338510670695,92.40468748041174,92.74338499775038,92.4517468088188,91.54338510670695,90.0774310557547,88.17374861101834,85.96738497984462,83.59338747037854,81.16526287797575,78.71035566222747,76.23447019276412,73.74341184948298,71.24298780540839,68.73900839685109,66.23728949802017,63.74365658860316
56.84817962093696,58.91703584803581,60.92663292544398,62.89670780478913,64.84703380919949,66.79740408007682,68.76762285878955,70.77750076646817,72.84685218252139,74.97567319335784,77.08467874275209,79.07476367519618,80.84682339593547,82.34353639221351,83.67471192389212,84.99194216870845,86.44681946752567,88.12480296152046,89.84681865682283,91.39324684548244,92.64681833248164,93.50812072293556,93.84681824600277,93.55518005216554,92.64681833248164,91.18086424414702,89.27718172762542,87.07081796254295,84.6968202085292,82.26869518110716,79.81378719348022,77.33790035034511,74.84683955825102,72.34641114696271,69.84242395697765,67.34069122432275,64.84703380919949
58.23450412506864,60.352382922643145,62.436024536327224,64.50346625038254,66.5712845711105,68.65311426108762,70.75850700568938,72.89255309785605,75.05670662973952,77.23918520760925,79.38324944140237,81.42415373434159,83.3014016958564,84.9921154686511,86.59062471638666,88.20656900385433,89.92893225870853,91.78455614239603,93.61990851604702,95.28394436415844,96.78554647769627,98.09407566626189,98.73839415323467,98.23600492644374,96.78554647769627,94.73134867748198,92.30302774408733,89.67900446656975,87.00991818947398,84.40171488464465,81.84480022647546,79.31409082013477,76.79289347469671,74.26815029200444,71.72847956993121,69.16452771942603,66.5712845711105
55.98532966900923,58.053979189751075,60.06345078111501,62.03344788450359,63.983724867920856,65.934063851985,67.90426250243745,69.9141274201147,71.98347046963974,74.11228616942066,76.22128848921841,78.21137152267575,79.98343014886126,81.48014251185712,82.8113176372315,84.1285475856861,85.58342464641018,87.26140794865545,88.98342351087345,90.52985161760205,91.78342305657463,92.6447254212089,92.98342293544522,92.69178474917032,91.78342305657463,90.31746902586696,88.41378662000608,86.207423061351,83.83342568432033,81.40530132750327,78.95039452976775,76.47450980421931,73.98345278709724,71.48303110809222,68.97905591356697,66.47734450641438,63.983724867920856
54.179582881795895,56.24780808273427,58.25702205052227,60.22685946801282,62.1770357993706,64.1273105421601,66.0974678624694,68.10730610695886,70.17663197683578,72.30543677095764,74.41443245911992,76.40451159320139,78.17656797182985,79.67327903444314,81.00445332551143,82.32168266541608,83.77655923723896,85.45454214574508,87.17655743468713,88.7229853731783,89.9765567135328,90.83785902514893,91.17655652125185,90.88491835050549,89.9765567135328,88.5106028011566,86.60692062252679,84.40055748775049,82.02656088481802,79.5984379050229,77.14353355061172,74.66765317331303,72.17660390769754,69.67619605267471,67.17224548930689,64.67057787085953,62.1770357993706
53.03894640728123,55.12953755828387,57.17195674086352,59.1855420334837,61.18902710129362,63.199776733184265,65.23309541343652,67.30185134905383,69.416749900079,71.57158000801559,73.69766843104644,75.71263781904506,77.53667307729592,79.1309143251213,80.60003147251865,82.07624943646789,83.67782371781072,85.45547909308154,87.24201979545543,88.85616973853212,90.2551046116746,91.38712616150667,91.91709511122642,91.4930197972912,90.2551046116746,88.45001949855103,86.26041810246934,83.83771255870039,81.31691298581023,78.80166305402555,76.29822829263932,73.79650597755096,71.29131309668921,68.77951565346495,66.25890208782431,63.72835256475375,61.18902710129362
51.67044607855496,53.7369303533677,55.745086903246516,57.71426872799165,59.66403176763275,61.61404270101096,63.58403028686894,65.59375898564755,67.66301429758046,69.79177430070409,71.90074275157298,73.89080587013275,75.66285301755856,77.15955873920831,78.49072960358978,79.8079564440377,81.26283100782791,82.94081229915352,84.66282646568575,86.20925371318535,87.46282464849145,88.32412674234929,88.66282416397394,88.37118605700698,87.46282464849145,85.99687122213118,84.0931899767941,81.88682858298921,79.512835159461,77.08471783541296,74.62982351627657,72.15396099813236,69.66294356931945,67.1625924911055,64.65874308866813,62.15725530456183,59.66403176763275
51.025393879772494,53.1003748236008,55.11891717742222,57.10076180024869,59.06549891771097,61.032348548790424,63.01994424115726,65.0461910194554,67.12831209738165,69.26446924330158,71.37830987954342,73.37545740937455,75.162357110065,76.68725748930042,78.0590727125272,79.42428035505569,80.9245212380012,82.63393355863624,84.37655966692671,85.94484403191954,87.24611237475943,88.19912777951471,88.60492022168762,88.26662111192802,87.24611237475943,85.67053813565332,83.67887929983424,81.40858369140926,78.99247102800261,76.53982804959752,74.07141536533612,71.58838032900745,69.09341771106452,66.58985030760294,64.08127932106059,61.571630863342264,59.06549891771097
39.25756237995091,41.301050277747265,43.29517489831312,45.25563246625492,47.199885955232716,49.14637613890352,51.11409685832228,53.122361858003416,55.19067412651883,57.31883536055558,59.427439658060734,61.41728863921091,63.189212354604194,64.68584665957019,66.01697170335085,67.33416512150527,68.78901283403758,70.46697250042058,72.18897165801707,73.73538966550518,74.98895518445264,75.85025436641587,76.18895079210591,75.8973135380069,74.98895518445264,73.52300825715872,71.61933949190058,69.41300137842794,67.03905046966048,64.61100877274322,62.15624863912211,59.68062491157383,57.19003313023694,54.69044102783539,52.18794356200445,49.688858006749,47.199885955232716
40.2469268214783,42.295700523887575,44.29306103708049,46.25553455737071,48.20106276728157,50.14836818271047,52.11661406525562,54.1252182708421,56.193749132097295,58.322049176735504,60.43073790186621,62.420636532530736,64.19258886750728,65.68923973179668,67.02037540006975,68.33757656795652,69.79243050660767,71.47039518728235,73.19239782509274,74.73881797512354,75.99238474999959,76.85368460716447,77.19238126378903,76.9007438119294,75.99238474999959,74.5264363157223,72.62276465662694,70.4164211450091,68.04246037815567,65.6144011454237,63.15960989851493,60.68393080496509,58.193240338778395,55.693472288974874,53.19066147280357,50.69101931650667,48.20106276728157
41.23916113182385,43.292150047196586,45.292086507068916,47.2561630936573,49.20270426055318,51.15065722023377,53.11932012801752,55.128193644536424,57.196898036476384,59.325308268309456,61.43406400859793,63.42400204790256,65.1959770989246,66.69264110662112,68.02378520768107,69.34099252659989,70.79585140696312,72.47382006750539,74.19582546757351,75.74224731814581,76.99581508985483,77.8571154829284,78.19581232284602,77.9041747140235,76.99581508985483,75.52986545948181,73.62619150354,71.41984370739226,69.0458751161111,66.61780196500878,64.16298602289093,61.6872629835062,59.1964941853836,56.696586467917314,54.19352688801352,51.69344277581067,49.20270426055318
42.23368518930467,44.29003231854881,46.29201812664245,48.257368964989965,50.204714880078086,52.15318210773634,54.12217613663192,56.1312634577054,58.200105602158104,60.32860329790947,62.43741223125541,64.42738155034893,66.19937463152854,67.69604907132018,69.02719986556417,70.34441206660154,71.79927486922836,73.47724668860721,75.19925428108715,76.74567748138284,77.99924604427986,78.86054686270492,79.19924384810245,78.9076061146983,77.99924604427986,76.53329546456362,74.62961968560958,72.42326848881609,70.0492936872449,67.62120948900818,65.16637394592686,62.69061602556937,60.19978505174507,57.69976646856617,55.19650940858416,52.69607440142745,50.204714880078086
43.23003418971179,45.289054711921125,47.292670133755564,49.25903354400161,51.207018669882046,53.1558942688676,55.12515118941673,57.13440824025196,59.20335973225215,61.331926853380594,63.4407780080319,65.4307721546225,67.20277954661249,68.69946226646802,70.030618373144,71.34783444914743,72.80270036489212,74.48067469144976,76.20268402405215,77.7491082956257,79.00267748648977,79.86397864251683,80.20267574338195,79.9110379110972,79.00267748648977,77.53672615327845,75.63304892739608,73.42669503150069,71.05271530079531,68.62462233436881,66.16977123376373,63.6939856276413,61.20310530265998,58.702998718114486,56.19958489529728,53.69887131058222,51.207018669882046
44.22783644370806,46.28898388512991,48.29389465540312,50.26106250017038,52.20955527177739,54.15875511920903,56.12822074783146,58.13761253404593,60.20665082363554,62.33527305101045,64.44415771796108,66.43417157059787,68.20619032125236,69.70287961306482,71.03403993625128,72.35125908783365,73.8061274744712,75.48410379098343,77.20611450472444,78.75253962657283,80.00610931585514,80.86741073983725,81.20610793234914,80.91447002158274,80.00610931585514,78.54015738459381,76.6364790102821,74.43012297210329,72.05613932912658,69.628039403337,67.17317595457305,64.69736837379178,62.20644887734113,59.70627244153343,57.20273418160966,54.70179944433578,52.20955527177739
45.226795180362046,47.28963394774996,49.295574050749536,51.26338085227843,53.21227673409527,55.16173401578776,57.13136532814909,59.140864066997054,61.20997125316099,63.33863722046429,65.44754848691753,67.43757798053622,69.20960574667382,70.70630025469345,72.03746392454565,73.35468551722693,74.80955586501949,76.48753376096309,78.20954557091613,79.75597136762883,81.00954145250623,81.87084308916454,82.20954035441652,81.9179023813592,81.00954145250623,79.54358904657195,77.63990976075024,75.43355202223694,73.05956527407903,70.63145982461015,68.17658657501525,65.70076155265056,63.20981096488319,60.70957908523711,58.205942050467655,55.70483175568046,53.21227673409527
46.32667373636881,48.39085692427738,50.397614775210194,52.365929017641236,54.31514496897853,56.26480662559881,58.23456946141468,60.24415309687305,62.31331496961202,64.44201565462461,66.55094803360407,68.54098994165636,70.31302486345385,71.809723511606,73.14088983772064,74.4581133679099,75.91298527227602,77.59096442181726,79.3129771018354,80.85940343418866,82.11297383305026,82.97427563850985,83.31297296149572,83.02133493899802,82.11297383305026,80.64702105036758,78.7433410410793,76.53698195300771,74.16299274025991,71.73488290662553,69.28000187804876,66.80416301211048,64.31318774658111,61.81291185933283,59.30919642121526,56.807946768309534,54.31514496897853
47.32728356546373,49.39253509214123,51.399942473214935,53.3686596612674,55.31812972804906,57.26795362817367,59.237820866942315,61.24747189008217,63.31667716968107,65.44540541097999,67.55435454728939,69.54440630879637,71.31644691008657,72.81314884428053,74.14431727867965,75.46154234667412,76.91641548649588,78.59439563101961,80.3164090016095,81.86283575910122,83.11640640717238,83.97770834660966,84.31640571541897,84.02476765368039,83.11640640717238,81.65045332546416,79.74677274195966,77.54041258274172,75.16642141384392,72.73830810048351,70.28342089768873,67.8075710439856,65.31657619134603,62.81626537410767,60.31248770361964,57.81112743074303,55.31812972804906
48.32847457161664,50.39457484164197,52.402498059823586,54.37153518548902,56.321206991790746,58.27115968421447,60.24110979567462,62.25081430772711,64.32005404069437,66.44880415395022,68.55776659075451,70.5478261730243,72.31987128215714,73.8165758244946,75.14774593224502,76.46497222079886,77.91984634120391,79.5978272754466,81.31984119414406,82.86626828906856,84.11983913493754,84.98114118071305,85.31983858589243,85.02820049300836,84.11983913493754,82.65388581589251,80.75020477663205,78.54384376724396,76.1698510457465,73.74173497051844,71.28684286722086,68.81098429245174,66.31997389328724,63.819635351383525,61.315808284767456,58.8143602056051,56.321206991790746
49.330127341229556,51.3969017653751,53.40523459584139,55.37452573145303,57.32435768873958,59.27441261599361,61.244428508601146,63.25417547689463,65.3234425563506,67.4522100297165,69.56118302325231,71.55124881291019,73.32329749993664,74.8200041123655,76.15117554825875,77.46840280557282,78.92327770426832,80.60125926531188,82.32327361904285,83.86970098178804,85.1232719846493,85.98457411482553,86.32327154887187,86.03163343126761,85.1232719846493,83.65731847722986,81.75363707623552,79.54727539206644,77.17328143826833,74.74516317093986,72.29026717809634,69.81440168136766,67.32337894277623,64.82301839534136,62.31915212156686,59.817634346000375,57.32435768873958
50.33214691739864,52.39945673716315,54.4081147982092,56.37760758910065,58.327566677351484,60.27770275620318,62.247770862522714,64.25755152965662,66.32684031455929,68.45562156685924,70.56460293935514,72.55467365584823,74.32672518266118,75.82343343812678,77.15460592816959,78.4718339543902,79.92670947081581,81.60469152935191,83.32670622836937,84.87313380368403,86.12670493115019,86.9880071283153,87.32670458527338,87.03506644804868,86.12670493115019,84.66075127421786,82.75706958611501,80.55070736637161,78.1767124344949,75.7485924272923,73.29369334730514,70.81782235658517,68.32678982409473,65.82641181057491,63.322514417159994,60.82094132068019,58.327566677351484
51.43445782026154,53.50219278502051,55.51110905807228,57.48076193276786,59.43082193693097,61.38102243073699,63.351131981111095,65.36093939585113,67.4302454087085,69.55903759748516,71.6680256204144,73.65810024735687,75.4301540281164,76.92686358766372,78.2580369143868,79.57526555088958,81.03014155760829,82.70812401100468,84.43013898407631,85.97656672810754,87.23013795447265,88.0914402048069,88.43013767995004,88.13849952715256,87.23013795447265,85.76418417887182,83.86050226289075,81.65413961806155,79.28014390988278,76.85202252173934,74.39712099147894,71.92124564015741,69.43020533418782,66.92981345764873,64.42589136399303,61.9242743574856,59.43082193693097
52.43700007042189,54.50507259982356,56.51419386398041,58.48397381611774,60.43411392485366,62.38436554792274,64.35450799372721,66.36433663857211,68.43365632547423,70.56245719461981,72.6714504960319,74.66152822671125,76.43358379643351,77.93029439103282,79.26146838183018,80.57869750271466,82.03357389857949,83.71155666537686,85.43357185596547,86.97999973390715,88.23357103876845,89.09487333130309,89.4335708208797,89.14193265572212,88.23357103876845,86.76761716898037,84.86393507213221,82.65757208991207,80.28357576558152,77.85545328138343,75.40054980633636,72.92467099399184,70.4336245181723,67.93322163843509,65.42927993982885,62.92762808078187,60.43411392485366
53.53972601742619,55.608066552005965,57.617350548021804,59.58723137346378,61.53743506600448,63.487727272336926,65.45789582805712,67.46774132357238,69.53707186370208,71.66587962251239,73.77487711347833,75.76495730760227,77.5370142972278,79.03372571334943,80.36490023122342,81.68212973656212,83.13700644129258,84.81498945683656,86.53700482006856,88.08343280429504,89.33700417145883,90.1983064974879,90.53700399852039,90.24536582355259,89.33700417145883,87.87105022691424,85.96736798651176,83.76100473650413,81.38700792313342,78.95888456899553,76.50397955036793,74.02809799100055,71.53704661814552,69.03663500509336,66.53267774580299,64.03099822356675,61.53743506600448
54.64259781285088,56.711151113663476,58.720564289141066,60.69052518525825,62.640779347299215,64.59110376581161,66.5612930454867,68.5711519155926,70.64049107001729,72.76930429719053,74.8783051134196,76.86838726278523,78.64044537939037,80.13715744755535,81.46833238377064,82.78556219425104,84.24043914412843,85.91842235710273,87.64043785736193,89.1868659259467,90.44043734256,91.3017396951737,91.64043720529868,91.34879902254451,90.44043734256,88.97448333868115,87.0708009843395,84.86443752178883,82.49044032026647,80.0623162756564,77.60741003188673,75.13152629220144,72.64047103255268,70.14005248781919,67.6360828778642,65.13438139889266,62.640779347299215
55.74558539858259,57.81430760381511,59.82382332113393,61.79384777410105,63.74414199570154,65.69449198180823,67.66469771041288,69.67456719606733,71.74391318771454,73.87273075515068,75.98173421065049,77.97181791189524,79.74387692298575,81.24058950867828,82.57176477693147,83.88899482960309,85.34387197405377,87.02185534372867,88.74387095274643,90.29029908828647,91.54387054414785,92.40517291786173,92.74387043520346,92.45223224626925,91.54387054414785,90.07791649317537,88.17423404840012,85.96787041715385,83.59387290755527,81.16574831491678,78.71084109875031,76.23495562854275,73.74389728393487,71.24347323749419,68.73949382472107,66.23777491839522,63.74414199570154
56.84866490626112,58.91752119102637,60.92711830344098,62.897193204482534,64.8475192225676,66.79788950217251,68.76810828650005,70.77798619780225,72.84733761618931,74.97615862850725,77.08516417880244,79.07524911177623,80.84730883282086,82.34402182927556,83.67519736106749,84.9924276059665,86.44730490485011,88.12528839889842,89.84730409423791,91.39373228292035,92.64730376993299,93.5086061603941,93.84730368346379,93.55566548962443,92.64730376993299,91.18134968158228,89.27766716502981,87.07130339988976,84.69730564577085,82.26918061816176,79.81427263020288,77.33838578647706,74.84732499332995,72.34689658016366,69.84290938683247,67.3411766482288,64.8475192225676
58.2351381392058,60.35302725678402,62.43668433801686,64.50414604014041,66.57198791452659,68.65384322563985,70.75926152486561,72.89333040295756,75.05750089922554,77.23998891576886,79.38405925400355,81.42497230980868,83.30223808773324,84.99298360937709,86.59153434700858,88.20752207102541,89.92992176516758,91.78556863747006,93.6209351942759,95.28498537386,96.78661646902428,98.0951939091703,98.7395426247631,98.23713278152098,96.78661646902428,94.73234714337036,92.3039537085408,89.67986611286707,87.01073051590589,84.40249542491573,81.84556216806666,79.314842584743,76.79363959116603,74.2688918245328,71.72921432961428,69.16525053608203,66.57198791452659
55.98581489338949,58.0544644948872,60.063936135277785,62.03393326905369,63.984210271623894,65.9345492679122,67.90474792622906,69.91461284898172,71.9839559017757,74.11277160363173,76.22177392469138,78.21185695889068,79.98391558550382,81.48062794874716,82.81180307428023,84.12903302285066,85.58391008366776,87.26189338598795,88.98390894825795,90.53033705501858,91.78390849400992,92.64521085865428,92.98390837289405,92.69227018661618,91.78390849400992,90.31795446327973,88.4142720573756,86.20790849863987,83.83391112146191,81.40578676438284,78.95087996618241,76.47499523980657,73.98393822120954,71.48351653957413,68.97954134036205,66.47782992487726,63.984210271623894
54.18006798108166,56.24829331015843,58.2575073557511,60.22734482147057,62.17752118322855,64.12779594542138,66.0979532782141,68.10779153076007,70.17711740582601,72.3059222032419,74.41491789340725,76.40499702866651,78.17705340797387,79.67376447097993,81.00493876230021,82.32216810238869,83.77704467435922,85.45502758298427,87.17704287200887,88.72347081055088,89.97704215093515,90.83834446256729,91.17704195867569,90.88540378792462,89.97704215093515,88.5110882385232,86.60740605982475,84.4010429249204,82.02704632175414,79.5989233415431,77.14401898639392,74.66813860778186,72.17708933982502,69.67668148062671,67.17273090981917,64.67106327814572,62.17752118322855
53.03949663515017,55.13009272321749,57.17251942310148,59.18611464505858,61.18961173628361,63.20037486123172,65.2337074505536,67.30247618684261,69.4173845228394,71.57222017222483,73.6983122170272,75.71328685687985,77.53733298944684,79.13159429488326,80.6007390532277,82.07698777159008,83.67858944814247,85.4562629157223,87.2428151110704,88.85697693425598,90.2559366906998,91.38800241941001,91.91800096338498,91.49390529747363,90.2559366906998,88.45079220295767,86.26113701680305,83.83838835257313,81.31755827199845,78.80228974077528,76.29884445736022,73.79711649304409,71.29192050922438,68.78012056442068,66.25950332979549,63.728947414636664,61.18961173628361
51.67093066472312,53.73741526187081,55.74557200759514,57.71475395378724,59.66451706999908,61.61452805225716,63.58451566956592,65.59424438864335,67.66349971365094,69.79225972507462,71.90122818099078,73.89129130251837,75.66333845165481,77.16004417429428,78.49121503931076,79.80844188022186,81.26331644438417,82.94129773600946,84.6633119027497,86.20973915037732,87.4633100857585,88.32461217965671,88.66330960129515,88.37167149431637,87.4633100857585,85.99735665930817,84.09367541379814,81.88731401967064,79.51332059555324,77.08520327045713,74.63030894946112,72.15444642800746,69.66342899329493,67.1630779045599,64.65922848337715,62.15774066594814,59.66451706999908
51.0258964122262,53.10087872495525,55.119423182140665,57.10127061903732,59.06601119981595,61.03286479221963,63.02046465319741,65.04671534666163,67.12883946972211,69.2649983607238,71.37884014566364,73.3759893527716,75.16289257060764,76.68779959822977,78.05962433153779,79.42484308737758,80.92509436585858,82.63451382529466,84.37714458709208,85.94543386282635,87.24671283702845,88.19974835885628,88.60555525135834,88.26724611584157,87.24671283702845,85.67111398879072,83.67943494843811,81.40912439859733,78.99300177183848,76.54035294869576,74.07193703147114,71.58890028071599,69.09393672733802,66.5903685729355,64.08179649014242,61.572146136975235,59.06601119981595
39.2610356137874,41.30454426587838,43.298681604343145,45.25914710027473,47.203405604147264,49.149898995799745,51.117621782081876,53.12588811689439,55.19420124585676,57.32236302631631,59.43096765617619,61.42081683277786,63.192740660836705,64.68937503099144,66.02050011659746,67.33769356526025,68.792541302303,70.47050098842578,72.19250015972291,73.73891817564561,74.9924836995373,75.85378288415862,76.19247931075778,75.90084205588025,74.9924836995373,73.52653676631081,71.62286798966042,69.41652985493684,67.042578907361,64.61453714141058,62.159776885306655,59.684152939802686,57.19356076998655,54.69396797497856,52.19146927573193,49.69238152979123,47.203405604147264
40.25041132050622,42.29920158248046,44.29657222322545,46.25905204912739,48.20458424466871,50.151892208442334,52.12013973234836,54.12874499799352,56.19727654233296,58.32557702072491,60.43426600966727,62.42416479546961,64.19611721987181,65.69276813590271,67.02390383737311,68.34110502947468,69.79595898757992,71.47392368392221,73.19592633260683,74.74234648933219,75.99591326813247,76.8572131274071,77.19590978475323,76.90427233227567,75.99591326813247,74.52996482914648,72.6262931610091,70.41994963252428,68.04598883486835,65.61792954734392,63.163138203217926,60.68745893666862,58.19676816212065,55.69699956251554,53.19418776712973,50.69454387128925,48.20458424466871
41.242654624191914,43.29565673802101,45.29560125724039,47.25968285691141,49.206227190552866,51.15418217422332,53.122846385317374,55.13172074343497,57.20042567763187,59.32883625377187,61.437592203461364,63.42753036590392,65.19950548790499,66.69616953666949,68.02731366407855,69.34452100221682,70.79937989802089,72.47734857099857,74.1993539796976,75.7457758355834,76.99934361040712,77.86064400515517,78.19934084564551,77.90770323633254,76.99934361040712,75.5333939762968,73.62972001317829,71.42337220364318,69.04940358791387,66.62133039332224,64.16651437404144,61.69079119734195,59.20002215445702,56.70011400056285,54.197053643297295,51.69696814991631,49.206227190552866
42.23718585280457,44.29354349259423,46.29553571073812,48.260890533222195,50.208238963870464,52.156707798832684,54.12570286252014,56.13479085171561,58.203633426616335,60.332131395667176,62.440940495223344,64.43090991205463,66.20290304957149,67.69957752195926,69.03072833711676,70.34794055340876,71.80280336829105,73.48077519753993,75.20278279687025,76.74920600138324,78.00277456675244,78.86407538650651,79.20277237235862,78.91113463856519,78.00277456675244,76.53682398406988,74.63314819941968,72.4267969920006,70.05282217102479,67.62473793827027,65.16990233394367,62.69414430459619,60.20331313649396,57.70329420689046,55.20003652981603,52.69960042610144,50.208238963870464
43.233540565933666,45.292569452469664,47.29618997039347,49.26255654616419,51.21054366997838,53.15942054522549,55.128678287312454,57.137935868527606,59.206887702211404,61.335455040272194,63.44430632685004,65.43430055101715,67.20630798772277,68.70299073345015,70.0341468567253,71.35136294483641,72.8062288703083,74.48420320469987,76.20621254273941,77.75263681766023,79.00620601048645,79.86750716756836,80.2062042687943,79.91456643620054,79.00620601048645,77.54025467492079,75.63657744451734,73.4302235401884,71.05624379408152,68.628150800258,66.17329965104189,63.697513958412074,61.20663347922597,58.706526619703226,56.203112307036406,53.70239785178359,51.21054366997838
44.23134736740977,46.292501461575526,48.29741628193959,50.264586641275756,52.213080999483935,54.16228186022764,56.131748141045605,58.14114034828033,60.210178909087574,62.3388013086509,64.44768608031507,66.4376999945256,68.20971878067141,69.70640809301855,71.03756842937986,72.35478759057216,73.80965598493023,75.48763230766022,77.2096430257167,78.75606815022186,80.00963784106153,80.87093926588088,81.20963645867911,80.91799854766751,80.00963784106153,78.54368590793155,76.64000753003145,74.43365148515892,72.05966782995799,69.63156788242324,67.17670439507629,64.70089674563282,62.209977126785816,59.70980047271597,57.20626182395861,54.70532639561293,52.213080999483935
45.23030972180588,47.29315377830824,49.299097099225776,51.26690589788765,53.21580303952027,55.165261125695,57.13489295579281,59.14439202884097,61.21349943028508,63.34216553426016,65.45107688382673,67.4411064263173,69.21313422062465,70.7098287449428,72.04099242525194,73.35821402556064,74.81308437948101,76.49106228035964,78.21307409373793,79.75949989255926,81.01306997867275,81.87437161599559,82.21306888147484,81.92143090822287,81.01306997867275,79.54711757125534,77.64343828258552,75.43708053875937,73.06309378089907,70.63498831417098,68.18011503395249,65.70428995708976,63.21333927217384,60.71310721928512,58.20946987587321,55.70835903250287,53.21580303952027
46.33019115452796,48.39437854598353,50.401138953098425,52.36945478148618,54.31867173307376,56.26833402834808,58.23809727514748,60.247681175883514,62.316843219499674,64.44554401299233,66.55447645794024,68.54451840478265,70.31655334893867,71.81325201002704,73.14441834444136,74.46164188068457,75.91651378991432,77.59449294337253,79.31650562610926,80.86293196013617,82.11650235997885,82.97780416596588,83.31650148913214,83.02486346647994,82.11650235997885,80.650549576119,78.74686956457018,76.54051047228177,74.16652125183316,71.73841140450008,69.28353035161719,66.80769144242329,64.31671609978551,61.816440075029476,59.31272439192648,56.81147430356019,54.31867173307376
47.330803270227726,49.39605813678055,51.403467548033646,53.372185995384825,55.32165685627602,57.271481263386434,59.24134882838807,61.251000062093325,63.32020547732333,65.44893380472521,67.55788299339466,69.54793478568968,71.31997540472598,72.81667734918747,74.1478457901741,75.46507086297356,76.91994400665561,78.59792415428822,80.31993752703588,81.86636428585595,83.11993493470581,83.98123687456172,84.3199342435142,84.02829618165302,83.11993493470581,81.65398185206325,79.75030126676458,77.54394110419977,75.1699499291898,72.74183660495669,70.28694938287002,67.8110994948346,65.32010458099305,62.81979365461156,60.316015789668555,57.81465517113526,55.32165685627602
48.33199609337744,50.39809901648289,52.40602384686153,54.37506197236331,56.324734409082794,58.274687503955434,60.24463787436903,62.254342553556455,64.32358239417783,66.4523325757751,68.5612950541381,70.5513546608446,72.32339978406259,73.8201043345494,75.15127444752835,76.46850073989594,77.9233748633649,79.60135580007511,81.32336972048519,82.86979681646402,84.12336766295104,84.9846697090588,85.32336711435181,85.03172902137047,84.12336766295104,82.65741434316445,80.75373330247993,78.54737229043542,76.17337956408673,73.74526348022897,71.29037136161935,68.81451275960049,66.3235023118593,63.82316368332667,61.319336462365314,58.81788810883529,56.324734409082794
49.33365030647762,51.400426837773914,53.40876094837303,55.37805287776348,57.327885335496475,59.27794058220846,61.247956680361455,63.25770378131571,65.3269709462191,67.45573847382852,69.56471150034986,71.55477730940328,73.32682600760916,74.82353262650619,76.15470406654933,77.47193132689037,78.92680622801771,80.60478779101976,82.32680214611003,83.87322950969204,85.12680051304383,85.98810264348376,86.32680007762032,86.03516195993879,85.12680051304383,83.6608470050358,81.75716560291119,79.55080391663371,77.17680995898519,74.74869168480731,72.29379567981059,69.81793016145362,67.32690738430647,64.82654676811295,62.32268037183056,59.82116237848585,57.327885335496475
50.335671029185924,52.40298252227964,54.41164159970262,56.381135020747905,58.331094506255994,60.281230838683115,62.25129910815295,64.26107988058338,66.33036873330717,68.45915002866079,70.56813142733752,72.55820215922495,74.33025369491105,75.82696195551044,77.15813444884704,78.47536247747016,79.9302379958259,81.60822005591646,83.3302347560128,84.87666233199167,86.13023345984715,86.99153565722159,87.33023311425126,87.03859497696524,86.13023345984715,84.66427980244762,82.76059811344771,80.55423589203087,78.18024095709808,75.7521209444591,73.29722185482589,70.82135084693948,68.33031828384708,65.8299402157527,63.326042725100734,60.8244694557624,58.331094506255994
51.43798284258899,53.50571913602661,55.514636215988276,57.48428959091994,59.43434991041953,61.384550605502,63.35466028537414,65.36446778369033,67.43377385037827,69.56256607332702,71.67155411703612,73.66162875619715,75.43368254399931,76.93039210762134,78.2615654369587,79.57879407536835,81.03367008361901,82.7116525382492,84.43366751217711,85.9800952567355,87.23366648340965,88.09496873391004,88.43366620910997,88.14202805626385,87.23366648340965,85.76771270743804,83.86403079074495,81.65766814458752,79.28367243398313,76.85555104152482,74.40064950360835,71.92477413866175,69.43373380840325,66.93334188854779,64.42941971771342,61.92780257400311,59.43434991041953
52.44052581578053,54.50859940010584,56.51772130484048,58.48750165406756,60.437642013107094,62.38789379593791,64.35803634452853,66.3678650557093,68.43718478533734,70.56598568160551,72.6749789995107,74.66505673988794,76.43711231519998,77.93382291303338,79.26499690590573,80.58222602830368,82.03710242538442,83.71508519316106,85.43710038442931,86.98352826278938,88.23709956789597,89.09840186056246,89.43709935018417,89.14546118498797,88.23709956789597,86.77114569781358,84.86746360040028,82.66110061712594,80.28710429087016,77.85898180324739,75.40407832212367,72.92819949896489,70.43715300386711,67.93675008974937,65.43280832988539,62.93115636193734,60.437642013107094
53.54325233686623,55.611593708960484,57.620878213487046,59.590759354132175,61.54096324535216,63.491255578492954,65.46142421579677,67.47126976396373,69.54060033800539,71.66940811834307,73.77840562239965,75.76848582422082,77.54054281828294,79.0372542369715,80.36842875649239,81.68565826303235,83.14053496872789,84.81851798504907,86.54053334882053,88.08696133337911,89.34053270073755,90.2018350268713,90.54053252793956,90.24889435294111,89.34053270073755,87.8745787559594,85.97089651510835,83.76453326426403,81.39053644936524,78.96241309250914,76.50750806905849,74.03162650110785,71.54057511295161,69.04016347261137,66.53620616470009,64.03452655602705,61.54096324535216
54.64612458807274,56.71467855376031,58.72409213289592,60.694053279210706,62.64430759895181,64.59463211811543,66.56482146254486,68.574680374441,70.64401955578188,72.77283280004148,74.88183362666064,76.87191578213557,78.64397390226205,80.14068597246441,81.47186090998684,82.78909072142068,84.24396767206403,85.92195088565524,87.64396638634256,89.19039445519093,90.44396587195875,91.30526822465548,91.64396573480889,91.35232755203037,90.44396587195875,88.97801186789451,87.07432951319686,84.86796604998204,82.49396884724689,80.06584480047937,77.61093855288166,75.13505480638378,72.6439995345904,70.14358096819828,67.63961131965243,65.13790977207469,62.64430759895181
55.749112535642595,57.8178352686745,59.82735130641018,61.797375957972264,63.74767030474467,65.69802037074044,67.6682261507415,69.6780956695653,71.74744168257598,73.87625926357366,75.98526272732009,77.97534643341382,79.7474054472992,81.24411803460882,82.57529330389946,83.89252335732783,85.34740050238646,87.025383872551,88.74739948190859,90.29382761765783,91.54739907364186,92.40870144742163,92.74739896478594,92.4557607758324,91.54739907364186,90.08144502252223,88.17776257746442,85.97139894569104,83.59740143512985,81.169276840779,78.7143696215742,76.23848414595946,73.74742579171239,71.24700172808116,68.7430222846782,66.24130332389882,63.74767030474467
56.8521923305651,58.92104903430031,60.93064640105091,62.90072145972562,64.85104757716297,66.80141792017722,68.7716367452987,70.78151468292761,72.85086611827099,74.97968714135277,77.08869269819328,79.07877763501574,80.85083735827867,82.34755035601682,83.67872588863221,84.99595613413184,86.45083343349802,88.1288169279349,89.85083262354414,91.39726081239263,92.65083229950261,93.51213469001601,93.8508322131036,93.55919401924893,92.65083229950261,91.18487821103507,89.28119569425834,87.07483192869992,84.70083417381701,82.27270914484879,79.8178011544784,77.34191430646092,74.85085350566314,72.35042507885265,69.8464378612104,67.34470507938643,64.85104757716297
58.238591344286405,60.35647522991853,62.44012446955901,64.50757603834015,66.57540597176778,68.65724829381296,70.76265363772774,72.89671096417491,75.06087286012935,77.24335609162256,79.38742333513922,81.42833194851079,83.30558869421938,84.99631812049616,86.594847824536,88.21081352819792,89.93319474936212,91.78882996757449,93.62418933423788,95.28823224850169,96.78984865150652,98.09840163074779,98.7427350221565,98.24033563027207,96.78984865150652,94.73561558557398,92.30725890554575,89.68320391639094,87.01409332262631,84.40587434602085,81.84895051802799,79.31823609407405,76.79703596390594,74.27229052117175,71.73261645985306,69.16865872103162,66.57540597176778
55.98934187491129,58.057992063133256,60.06746405972241,62.03746141427452,63.987738555998604,65.93807764110029,67.90827635655528,69.91814131618283,71.98748439272704,74.11630010965968,76.22530243988726,78.21538547947726,79.98744410919758,81.4841564742386,82.81533160092509,84.1325615503368,85.58743861182978,87.26542191469431,88.9874374773421,90.5338655843353,91.78743702346297,92.64873938818062,92.98743690244547,92.69579871614613,91.78743702346297,90.3214829925692,88.41780058635094,86.21143702702922,83.83743964878109,81.40931528979836,78.95440848822014,76.47852375583307,73.98746672651993,71.48704502577343,68.9830697925096,66.48135831648797,63.987738555998604
54.18359405374105,56.25182031379546,58.26103492467067,60.230872740792734,62.18104932342057,64.13132422658646,66.10148165007644,68.11131996115603,70.18064587392249,72.30945069527075,74.41844639998921,76.40852554380567,78.18058192804527,79.67729299390504,81.00846728705619,82.32569662848013,83.78057320152357,85.45855611101268,87.18057140063698,88.72699933954819,89.98057068014887,90.84187299189738,91.18057048804556,90.88893231726041,89.98057068014887,88.51461676747725,86.61093458828014,84.4045714524456,82.0305748475806,79.60245186434764,77.14754750383659,74.67166711568227,72.1806178307148,69.68020994117985,67.17625931631967,64.67459158855345,62.18104932342057
53.042992317693944,55.13358590278642,57.17600879157787,59.189598979604895,61.1930899752612,63.20384625957885,65.23717179737383,67.30593404407395,69.42083741936528,71.57567025939443,73.70176046806304,75.71673244537843,77.54077306498841,79.1350242018265,80.604154962299,82.08038808920378,83.68197587734812,85.45964017278709,87.2461865416262,88.86034234204793,90.25928948362971,91.39133281546171,91.9213163564266,91.49723100808333,90.25928948362971,88.45417509655947,86.26454718009983,83.84182037656319,81.32100576247257,78.80574666063498,76.30230671159768,73.80058161128647,71.29538720058291,68.78358852401303,66.26297314946547,63.732420474927295,61.1930899752612
51.67445300937117,53.74093994841573,55.749098117038045,57.718280945592056,59.668044618121286,61.618055955511565,63.58804380132305,65.59777266787968,67.66702808787994,69.7957881596069,71.90475665219364,73.89481979528362,75.66686695684845,77.16357268667875,78.49474355630873,79.81197040058498,81.26684496745082,82.94482626125341,84.66684042950479,86.21326767806275,87.46683861398927,88.32814070818063,88.66683812991936,88.37520002285473,87.46683861398927,86.00088518688457,84.09720394011799,81.89084254364653,79.51684911524853,77.08873178253782,74.63383744803082,72.15797490253259,69.66695742495699,67.16660625978204,64.66275670240647,62.161268642874575,59.668044618121286
51.02941627528794,53.10439789401285,55.12294128483677,57.10478729505917,59.06952612001004,61.03637770410741,63.023975451689935,65.05022416025086,67.1323467394957,69.26850474577982,71.38234594835549,73.37949430512171,75.16639573984442,76.69129939688666,78.06311930880555,79.42833243046263,80.9285784386625,82.63799427890541,84.38062268149304,85.94890946760754,87.2501830519868,88.2032083750023,88.60900794159224,88.2707038888523,87.2501830519868,85.67459667994567,83.68292788279774,81.41262490790473,78.99650733233919,76.54386147234837,74.07544719416498,71.5924113125866,69.09744823345383,66.59388045976205,64.08530893274433,61.575659540528804,59.06952612001004
39.26244419784872,41.305961262170214,43.300103755487015,45.26057246480143,47.20483300131316,49.15132769322439,51.1190513172466,53.127318193213625,55.19563167093163,57.32379367286677,59.43239843743632,61.422247693258186,63.19417156698253,64.69080596355951,66.02193106611816,67.33912452714657,68.79397227412382,70.47193196824753,72.19393114509778,73.74034916443918,74.99391469033486,75.85521387603353,76.19391030300119,75.90227304780811,74.99391469033486,73.5279677547038,71.62429897343593,69.41796083009893,67.0440098667933,64.61596807286244,62.16120776711389,59.68558373326837,57.1949914059942,54.69539833025961,52.19289913108591,49.693810497217896,47.20483300131316
40.25182447063612,42.30062144459298,44.297996190256185,46.260478571953584,48.20601238295105,50.15332137961893,52.12156956880038,54.13017526410772,56.198707085314226,58.32700773951484,60.43569683538507,62.4255956840677,64.19754814471581,65.69419908171852,67.02533479664447,68.34253599856075,69.79738996455109,71.47535466724375,73.1973573203359,74.74377747977468,75.99734426016555,76.85864412029528,77.19734077793387,76.90570332520585,75.99734426016555,74.53139581927103,72.62772414746874,70.42138061214743,68.04741980200663,65.61936049227378,63.16456910874382,60.688889772074546,58.198198872541894,55.69843005009173,53.19561785781154,50.695973256900416,48.20601238295105
41.24407141953935,43.297078883001745,45.29702666884576,47.261110300421436,49.20765591760777,51.155611721640824,53.124276460991695,55.13315116022537,57.201856314209365,59.33026702990351,61.43902306446719,63.42896127681988,65.20093642759008,66.69760049300024,68.02874463108907,69.34595197701738,70.80081087907988,72.4787795570979,74.20078496929521,75.74720682733465,77.00077460342081,77.86207499884756,78.20077183957002,77.9091342300583,77.00077460342081,75.53482496779569,73.63115100176833,71.42480318680708,69.05083456116847,66.6227613489498,64.1679452983934,61.69222206603763,59.20145292394588,56.701544593159184,54.198483920814056,51.698397867614986,49.20765591760777
42.238605554776996,44.29496745472076,46.29696227099118,48.26231870832585,50.20966815858013,52.15813764501384,54.12713312812234,56.136221388120404,58.205064137489885,60.33356221731421,62.442371384238555,64.43234084068479,66.20433400103622,67.70100848663581,69.03215931026995,70.34937153274495,71.80423435259459,73.482206185844,75.2042137879509,76.75063699417328,78.00420556054445,78.86550638083722,79.20420336687357,78.91256563292237,78.00420556054445,76.53825497665962,74.63457918970063,72.42822797797481,70.05425314913396,67.6261689023887,65.17133327323822,62.69557519971505,60.204743952868284,57.70472488285232,55.20146695565856,52.70103040748802,50.20966815858013
43.234962583399124,45.29399486017468,47.297617443647425,49.26398530246814,51.21197323608385,53.16085062862439,55.13010870369641,57.13936649988466,59.208318472059304,61.336885898046916,63.44573723809708,65.43573149370738,67.2077389485371,68.70442170475086,70.03557783475398,71.35279392777255,72.80765985718705,74.48563419475384,76.20764353499716,77.75406781127472,79.00763700489622,79.86893816240568,80.20763526377785,79.91599743105888,79.00763700489622,77.54168566837629,75.6380084361404,73.43165452839315,71.05767477604374,68.62958177111571,66.1747306021966,63.698944874503724,61.208064332815496,58.70795736183925,56.204542850627064,53.70382804252864,51.21197323608385
44.232771228066696,46.29392801872787,48.29884448067513,50.266015859215514,52.21451086050389,54.16371213196244,56.133178677127745,58.142571055009995,60.21160972574688,62.340232195101464,64.44911700920801,66.43913094837552,68.21114974890662,69.70783906957689,71.03899941127824,72.35621857636559,73.81108697385294,75.4890632991031,77.21107401890875,78.75749914449074,80.01106883596162,80.87237026112032,81.21106745403463,80.91942954292361,80.01106883596162,78.54511690207423,76.64143852271971,74.43508247513407,72.06109881497844,69.63299885862996,67.1781353556446,64.70232767837103,62.21140800991445,59.71123126737882,57.20769246101983,54.70675675256956,52.21451086050389
45.23173504880961,47.29458124909799,49.300525874301556,51.26833548244038,53.217233134700635,55.16669154694742,57.136323586893724,59.14582279539958,61.21493028410083,63.34359644347157,65.45250782672555,67.4425373890248,69.2145651947499,70.71125972567414,72.04242341022169,73.35964501362196,74.81451537002599,76.49249327290492,78.21450508767148,79.76093088734754,81.01450097396199,81.87580261155416,82.21449987712558,81.92286190379471,81.01450097396199,79.5485485659434,77.64486927611924,75.43851153013972,73.06452476834681,70.63641929462324,68.18154600199242,65.70572090304061,63.21477017874855,60.7145380556413,58.210900587130766,55.70978952140922,53.217233134700635
46.33161764752357,48.395806742761266,50.402568185946976,52.37088465715374,54.32010201416196,56.26976456829499,58.23952798167383,60.24911198993195,62.31827410280786,64.44697494026956,66.55590741195572,68.5459493745205,70.31798432773886,71.81468299407052,73.1458493318489,74.46307287054583,75.91794478174691,77.59592393679276,79.31793662063137,80.86436295533665,82.11793335557698,82.97923516177778,83.31793248501717,83.02629446230236,82.11793335557698,80.65198057123999,78.74830055877493,76.54194146477738,74.16795224120747,71.73984238832206,69.28496132558743,66.80912239886122,64.31814702496993,61.81787094447938,59.314155162079174,56.812904897212434,54.32010201416196
47.332230690030535,49.39748691030115,51.40489714442553,53.373616102194774,55.3230872849538,57.27291189755522,59.24277959478529,61.25243091383669,63.32163638404056,65.45036474634162,67.55931395623357,69.54936576100755,71.32140638723669,72.81810833585979,74.1492767795165,75.46650185426353,76.92137499951019,78.5993551484029,80.32136852202513,81.86779528138362,83.12136593054909,83.98266787057469,84.32136523958519,84.02972717767432,83.12136593054909,81.65541284752786,79.75173226150193,77.54537209758058,75.17138092009324,72.74326759145322,70.28838036154718,67.81253045959625,65.32153552094834,62.82122455032909,60.3174466065698,57.816085847935284,55.3230872849538
48.33342424964531,50.3995282480963,52.407453731929664,54.37649226268432,56.32616495492417,58.27611821291701,60.24606868828937,62.25577343521972,64.32501331947537,66.45376352877273,68.56272602398025,70.55278564059137,72.32483076951834,73.82153532330827,75.15270543840646,76.46993173231982,77.92480585703063,79.602786794741,81.32480071584521,82.87122781225138,84.12479865898891,84.98610070523134,85.32479811057043,85.0331600175496,84.12479865898891,82.65884533890173,80.75516429764002,78.54880328451883,76.17481055620382,73.74669446884832,71.29180234403243,68.81594373096871,66.32493326353847,63.824594599893516,61.32076731637309,58.81931885163664,56.32616495492417
49.33507904781936,51.40185643318499,53.41019106264662,55.37948331377082,57.329315974344325,59.279371350538696,61.24938753200314,63.25913468672732,65.32840188626419,67.45716943585954,69.56614247575052,71.5562082926653,73.32825699540246,74.82496361692114,76.15613505864633,77.47336232021428,78.92823722232723,80.60621878612311,82.32823314176431,83.87466050568551,85.12823150923614,85.98953363978296,86.32823107395608,86.03659295624325,85.12823150923614,83.66227800098955,81.75859659840681,79.55223491127477,77.17824095206558,74.7501226751115,72.29522666518886,69.81936113806555,67.32833834529102,64.82797770122832,62.32411125529117,59.82259317367681,57.329315974344325
50.33710023524249,52.40441240656898,54.41307189594903,56.382565572407714,58.33252521893172,60.282661654137755,62.25272998973554,64.26251080484462,66.3317996850576,68.46058099786171,70.56956240714999,72.55963314527703,74.3316846845596,75.82839294723982,77.15956544191147,78.47679347150837,79.93166899064644,81.60965105136705,83.33166575190066,84.87809332814874,86.13166445616204,86.9929666536213,87.33166411067998,87.04002597336913,86.13166445616204,84.66571079857317,82.76202910920964,80.55566688711453,78.18167195094304,75.75355193610058,73.29865284255766,70.82278182771336,68.3317492522174,65.83137116200292,63.32747363193893,60.82590029253774,58.33252521893172
51.439412417705164,53.50714924968187,55.51606665669958,57.48572023438648,59.43578068169792,61.38598145836157,63.3560911907217,65.36589872291292,67.43520481141938,69.56399704821874,71.6729851003503,73.66305974446371,75.43511353512042,76.93182310039401,78.26299643079099,79.58022506997354,81.0351010788451,82.71308353397536,84.43509850825036,85.98152625302242,87.2350974798218,88.09639973038955,88.43509720561252,88.14345905274666,87.2350974798218,85.76914370369991,83.86546178671824,81.65909914002249,79.28510342843492,76.85698203422771,74.40208049320809,71.92620512273898,69.4351647826357,66.93477284522332,64.43085064310698,61.92923344378575,59.43578068169792
52.44195568395523,54.51002969586136,56.5191518602344,58.48893237040953,60.43907283090185,62.38932467848714,64.35946726873894,66.36929600680689,68.43861575375257,70.56741666101405,72.67640998560422,74.66648772991219,76.43854330748985,77.9352539066341,79.26642790034748,80.58365702335888,82.03853342093242,83.71651618910593,85.43853138064969,86.98495925917938,88.23853056438536,89.0998328571053,89.4385303467453,89.14689218153343,88.23853056438536,86.77257669418368,84.86889459654134,82.66253161283971,80.28853528580359,77.86041279679274,75.40550931320601,72.92963048566403,70.4385839827524,67.93818105469958,65.4342392700067,62.932587257918954,60.43907283090185
53.544682437727175,55.61302414928208,57.62230885991774,59.592190128320695,61.54239410006916,63.49268648460777,65.46285515497898,67.47270072448669,69.54203131227348,71.67083910133667,73.77983661069906,75.76991681564009,77.54197381150047,79.03868523122941,80.36985975141786,81.68708925844469,83.14196596453141,84.8199489811676,86.54196434515771,88.08839232985086,89.34196369728821,90.20326602346441,90.54196352454719,90.25032534953631,89.34196369728821,87.87600975241538,85.97232751138253,83.76596426019913,81.39196744468096,78.96384408672311,76.50893906131762,74.03305748988798,71.54200609552986,69.04159444412927,66.53763711651102,64.0359574728035,61.54239410006916
54.6475548736708,56.716109108844876,58.72552285159078,60.695484099315394,62.64573848297536,64.59606304293482,66.56625241361043,68.57611134244496,70.64545053469546,72.77426378588049,74.88326461671093,76.87334677466208,78.64540489621584,80.14211696724396,81.47329190529621,82.79052171711652,84.24539866807032,85.92338188191155,87.64539738277244,89.19182545172765,90.44539686855806,91.30669922128848,91.64539673145342,91.35375854866504,90.44539686855806,88.9794428644187,87.07576050957672,84.86939704609277,82.49539984286602,80.06727579522406,77.61236954607477,75.1364857968156,72.64543052009978,70.145011944929,67.64104228074156,65.13934070535645,62.64573848297536
55.75054296790057,57.81926591485963,59.82878208246635,61.79880681452276,63.749101212029714,65.699451310406,67.66965711123903,69.67952664350693,71.74887266517669,73.87769025167114,75.98669371876005,77.97677742681915,79.74883644183737,81.24554902980239,82.57672429951359,83.89395435324869,85.34883149855372,87.0268148689167,88.74883047841203,90.29525861424605,91.54883007027979,92.41013244408632,92.74882996145975,92.45719177249838,91.54883007027979,90.08287601910052,88.17919357392817,85.97282994194117,83.5988324309898,81.17070783594491,78.71580061550861,76.23991513770224,73.74885677954822,71.24843270894931,68.74445325313152,66.24273427028109,63.749101212029714
56.85362287924855,58.92247975280026,60.93207722263804,62.902152345204456,64.85247850291121,66.80284887162642,68.77306771328247,70.78294566158209,72.85229710379821,74.9811181312428,77.09012369073622,79.0802086291186,80.85226835328066,82.34898135153904,83.68015688448818,84.99738713023126,86.452264429793,88.13024792438742,89.85226362010596,91.39869180902178,92.65226329617118,93.5135656867058,93.85226320980064,93.56062501593976,92.65226329617118,91.18630920765632,89.28262669078869,87.0762629250607,84.70226516986811,82.27414014034903,79.8192321490012,77.34334529924422,74.85228449534549,72.35185606300473,69.84786883550876,67.34613603616677,64.85247850291121
58.24008250126441,60.357970565540896,62.44162606809674,64.50908573016933,66.576925200599,68.65877789675609,70.76419358782786,72.89826014035614,75.06242890522225,77.24491595844788,79.38898567365987,81.4298978351235,83.3071617947033,84.99790407607271,86.59645057929461,88.21243387026766,89.93482984552261,91.7904743716887,93.62583948101769,95.2898881979925,96.79151633542824,98.10008885128413,98.74443448193573,98.24202674267573,96.79151633542824,94.73725430935656,92.30886827382531,89.68478724237968,87.01565667899953,84.40742483212927,81.85049347348556,79.3197749288411,76.7985725117232,74.27382521293553,71.7341484092671,69.17018583466643,66.576925200599
55.99077224412663,58.05942267015915,60.06889481112238,62.03889225515924,63.989169453285044,65.93950857438449,67.90970731299863,69.91957228757227,71.98891537374291,74.11773109678641,76.22673343072991,78.21681647250485,79.98887510348456,81.48558746925424,82.81676259640821,84.13399254616093,85.58886960792788,87.26685291101299,88.98886847381391,90.53529658090139,91.78886802008432,92.65017038483167,92.98886789910668,92.69722971279865,91.78886802008432,90.32291398912423,88.41923158277865,86.21286802321944,83.83887064453756,81.4107462847832,78.95583948183591,76.47995474701236,73.98889771335578,71.48847600486317,68.98450075779758,66.4827892572392,63.989169453285044
54.18502405457704,56.25325069197456,58.26246553196955,60.232303490116465,62.18248016226703,64.13275512257198,66.10291258282327,68.11275091762766,70.18207684567483,72.31088167672337,74.41987738734045,76.40995653462528,78.18201292086405,79.67872398788046,81.00989828177376,82.32712762373896,83.78200419721725,85.45998710705659,87.18200239692395,88.72843033598483,89.98200167667322,90.84330398846886,91.18200148463319,90.89036331383423,89.98200167667322,88.51604776389634,86.61236558449713,84.40600244828556,82.03200584273198,79.60388285827423,77.14897849558989,74.67309810356792,72.1820488117057,69.68164090987474,67.17769026310602,64.67602249639157,62.18248016226703
53.04444954886068,55.135045133022004,57.1774710656465,59.19106527415994,61.19456113821073,63.20532288598869,65.23865405568411,67.3074214854787,69.42232882277936,71.57716390658172,73.70325558173147,75.71822968555924,77.54227470825265,79.13653396654038,80.60567590683064,82.08192148632637,83.68352036687702,85.46119198793369,87.24774301029838,88.86190362099215,90.26086083783939,91.3929220576733,91.92291758129498,91.4988239924793,90.26086083783939,88.45572240990879,86.26607271366764,83.84332845043517,81.3225014835856,78.80723485069834,76.30379064120845,73.80206325347865,71.29686758636147,68.78506789688092,66.2644510367301,63.733895773979455,61.19456113821073
51.675881499171524,53.742369387432745,55.7505281327831,57.7197113189753,59.66947521699062,61.61948669832273,63.58947463675071,65.59920356308344,67.66845902158605,69.79721911775508,71.90618762520508,73.89625077703468,75.668297943637,77.16500367638184,78.49617454788182,79.81340139352201,81.26827596148362,82.9462572561687,84.6682714250326,86.21469867396763,87.46826961011519,88.32957170442539,88.66826912620475,88.3766310191053,87.46826961011519,86.00231618274528,84.09863493546939,81.8922735380479,79.51828010791489,77.09016277211782,74.63526843213455,72.15940587689059,69.6683883819418,67.1680371857843,64.6641875732072,62.1626994155464,59.66947521699062
51.03085419403912,53.10583636704865,55.12438060955019,57.106227759223515,59.070967986512514,61.03782117459683,63.025420610098536,65.05167090395526,67.13379471620962,69.26995342909704,71.38379509679342,73.38094413270782,75.16784699156182,76.69275334060836,78.06457710326013,79.42979472481073,80.93004494226531,82.63946367307679,84.38209395991271,85.95038273443126,87.25166062354327,88.20469409212834,88.61049950976734,88.27219139752223,87.25166062354327,85.67606428704052,83.68438730887644,81.41407828404625,78.99795667420958,76.54530844761838,74.07689286037109,71.59385628460159,69.09889282670034,66.59532474894381,64.08675277804134,61.577102618336355,59.070967986512514
39.26586110100847,41.30939856007875,43.303553550836014,45.264030050660736,47.20829551508328,49.154793359325026,51.12251901435181,53.13078720228506,55.19910152552029,57.3272640643969,59.43586915555423,61.42571860343611,63.197642587871,64.69427704850557,66.0254021921638,67.3425956831712,68.79744345423356,70.47540316775456,72.19740235806768,73.74382038569732,74.99738591645144,75.85868510476206,76.19738153262307,75.90574427666496,74.99738591645144,73.53143897499075,71.62777018252837,69.42143201830913,67.04748101686853,64.61943915510241,62.164678728996364,59.68905448097715,57.19846177196456,54.698868015641324,52.196367604452846,49.69727681790762,47.20829551508328
40.25525244386376,42.304065690413,44.30145038803522,46.26393896598393,48.20947669347473,50.156788194276956,52.12503799634172,54.13364473331481,56.202177225753104,58.33047830618105,60.439167661285296,62.42906666241382,64.20101921093581,65.6976701987822,67.02880594632944,68.34600717204032,69.80086115714718,71.4788258752356,73.20082853901327,74.74724870503044,76.00081548927747,76.86211535148031,77.20081200982796,76.90917455649276,76.00081548927747,74.53486704375595,72.63119536306853,70.42485181117289,68.05089097076413,65.62283160718958,63.16804012812932,60.692360621462484,58.20166941891924,55.70190005620748,53.19908690170334,50.69944059143033,48.20947669347473
41.247508230276594,43.3005286634088,45.30048436884226,47.2645729265477,49.211121655543614,51.15907944845151,53.12774546849964,55.136620994729284,57.20532668156123,59.33373773558792,61.44249397591908,63.43243230927301,65.20440752979059,66.7010716355561,68.0322157995368,69.3494231643511,70.8042820815865,72.48225077182417,74.20425619250264,75.75067805576336,77.00424583491014,77.86554623198234,78.20424307326758,77.9126054632739,77.00424583491014,75.53829619561257,73.63462222253307,71.42827439441672,69.05430574475423,66.62623248980086,64.17141636342048,61.69569299613261,59.20492361352568,56.70501485388391,54.20195341766538,51.70186600725266,49.211121655543614
42.24204941235287,44.29842164061007,46.30042275575887,48.26578310811864,50.213135030291355,52.16160609614231,54.13060259608815,56.13969151261537,58.20853468496384,60.33703303334535,62.445842363595844,64.43581191608388,66.20780513179497,67.70447964942511,69.03563049360983,70.35284273107476,71.80770556296721,73.4856774059154,75.2076850147538,76.75410822512032,78.00767679392072,78.86897761551948,79.20767460200251,78.9160368676688,78.00767679392072,76.54172620712106,74.63805041456479,72.43169919239773,70.05772434448897,67.62964006382488,65.17480437449186,62.69904619386995,60.20821475611638,57.70819534568693,55.204936812108286,52.70449918640634,50.213135030291355
43.23841205465834,45.297452550715136,47.30108014188451,49.267451111314955,51.21544100820137,53.164319654859696,55.133578537214916,57.14283685458015,59.21178916250956,61.34035680166532,63.449208271352816,65.43920260319348,67.21121010196292,68.7078928835996,70.03904902991387,71.35626513483001,72.81113107380295,74.4891054190677,76.21111476465381,77.75753904422061,79.0111082397702,79.87240939831621,80.21110650004289,79.91946866702034,79.0111082397702,77.54515690093675,75.64147966425824,73.43512574822378,71.06114598074012,68.63305294889048,66.17820173220386,63.70241591950469,61.21153522628747,58.71142798510536,56.20801299254332,53.707297329012135,51.21544100820137
44.23622516795358,46.297388495978204,48.30230893776073,50.269482787245394,52.217979347607326,54.16718161479611,56.13664880084045,58.14604159243754,60.21508052968589,62.34370316824105,64.45258808524416,66.44260208491698,68.2146209203235,69.71131026117213,71.04247061581972,72.35968979035025,73.81455819542413,75.4925345267842,77.21454525083044,78.76097037902309,80.01454007202427,80.8758414980057,81.2145386912014,80.92290077984941,80.01454007202427,78.54858813630068,76.64490975342005,74.43855369925683,72.06457002708908,69.63647004937278,67.18160650847392,64.70579876372958,62.21487897500049,59.71470201799005,57.21116282954446,54.71022644201352,52.217979347607326
45.235192543698545,47.2980439413609,49.30399172865854,51.2718032992811,53.220702189498695,55.17016139226902,57.139793940968275,59.14929347787533,61.2184011781212,63.347067471792144,65.45597893671729,67.4460085470404,69.21803638044642,70.71473092738636,72.0458946222094,73.36311623310472,74.81798659553024,76.4959645032586,78.21797632139095,79.76440212313905,81.01797221096815,81.8792738492133,82.21797111500804,81.92633314148593,81.01797221096815,79.55201980149215,77.64834050886931,75.44198275766911,73.0679959863422,70.6398904956589,68.18501717293586,65.7091920204317,63.21824120067683,60.71800890733303,58.214371135535615,55.71325953074978,53.220702189498695
46.33507796923296,48.39927119510033,50.406035150121525,52.374353179768576,54.323571519671844,56.27323470137736,58.24299851860846,60.25258278754117,62.32174506832919,64.45044601238858,66.5593785488985,68.54942054958033,70.32145552476922,71.81815420381261,73.1493205497467,74.46654409439249,75.92141601037282,77.59939516926767,79.32140785577772,80.86783419212759,82.12140459333196,82.98270640005103,83.32140372346768,83.02976570060108,82.12140459333196,80.65545180783823,78.75177179315186,76.54541269501067,74.1714234638736,71.74331359752716,69.28843251090818,66.81259354167695,64.32161809201526,61.821341876403,59.31762585326835,56.816375160497074,54.323571519671844
47.33569325868129,49.400952760887776,51.40836498996898,53.377085185187426,55.32655714827726,57.276382259067475,59.24625027686979,61.25590180283285,63.32510740631433,65.45383585322425,67.56278511456769,69.55283694959553,71.32487759326278,72.82157955197526,74.15274800210514,75.4699730815738,76.92484623061378,78.60282638256146,80.324839758304,81.87126651896781,83.12483716889842,83.98613910933537,84.32483647848659,84.03319841645524,83.12483716889842,81.65888408495908,79.7552034971701,77.54884332995994,75.17485214646652,72.74673880714246,70.29185155827929,67.81600162259178,65.32500662380392,62.82469554593541,60.32091741109534,57.81955631280195,55.32655714827726
48.33688860377286,50.40299520927641,52.41092227733509,54.37996179057804,56.32963510229699,58.27958875575558,60.24953948558803,62.259244396753175,64.32848438679493,66.45723466324776,68.5661971992929,70.5562568399167,72.3283019826844,73.82500654448228,75.15617666471825,76.47340296237917,77.92827709010075,79.60625803023584,81.32827195302295,82.87469905046515,84.12826989780999,84.98957194437892,85.32826934982967,85.03663125671322,84.12826989780999,82.6623165769941,80.75863553433307,78.55227451860152,76.17828178551949,73.75016568968402,71.29527354982181,68.81941490998115,66.32840439481718,63.8280656460465,61.32423821085902,58.82278947651571,56.32963510229699
49.33854482039206,51.40532427635052,53.413660163733994,55.38295319486397,57.33278634720038,59.282842037309535,61.2528584207528,63.262605705835796,65.33187298933741,67.46064059223501,69.56961366453913,71.55967950051291,73.33172821423551,74.82843484211014,76.15960628791319,77.47683355245557,78.93170845695819,80.60969002267856,82.33170437965549,83.878131744399,85.13170274843165,85.99300487923759,86.33170231349935,86.04006419571063,85.13170274843165,83.66574923960667,81.76206783591329,79.5557061467094,77.1817121837166,74.753593900032,72.29869787816702,69.82283232979071,67.33180949912952,64.83144878750127,62.32758222118201,59.82606392556835,57.33278634720038
50.340567134462916,52.407880950086295,54.4165414382082,56.386035733886644,58.335995770774815,60.286132455156235,62.256200951073325,64.26598186965182,66.33527081650907,68.46405217161973,70.5730336066346,72.56310435988885,74.33515590789057,75.83186417561552,77.16303667352378,78.48026470548149,79.93514022651624,81.61312228876432,83.33513699035811,84.88156456725883,86.13513569565471,86.99643789331967,87.33513535044867,87.04349721307759,86.13513569565471,84.66918203760679,82.76550034736172,80.5591381236222,78.18514318444767,75.75702316426316,73.30212406124159,70.82625302952871,68.33522042396183,65.83484228011977,63.330944654506,60.829371145245744,58.335995770774815
51.442880211668054,53.51061834927016,55.519536549196914,57.48919061844002,59.43925137561625,61.38945235006378,63.35956220967489,65.36936982399202,67.438675965395,69.56746823577345,71.67645630832433,73.66653096444426,75.43858476202139,76.93529433129899,78.26646766426487,79.5836963053212,81.03857231569818,82.7165547720408,84.43856974715723,85.98499749244732,87.23856871955036,88.09987097028134,88.43856844556015,88.14693029264649,87.23856871955036,85.77261494306411,83.86893302538276,81.66257037738183,79.28857466341074,76.86045326496355,74.40555171642072,71.92967633256295,69.4386359685922,66.9382439886151,64.43432171065932,61.932704376515986,59.43925137561625
52.4454241884045,54.513499236930414,56.522622030766314,58.49240293114097,60.44254363759366,62.39279564216848,64.36293833342286,66.37276713667562,68.44208692560582,70.5708878595193,72.67988120031634,74.66995895415393,76.44201453722434,77.93872513954656,79.26989913529891,80.58712825979751,82.0420046585659,83.71998742770171,85.4420026199133,86.98843049885411,88.24200180430111,89.10330409715061,89.44200158683493,89.15036342158513,88.24200180430111,86.77604793381025,84.87236583561258,82.66600285087503,80.29200652194714,77.86388402957098,75.40898054001305,72.93310170184444,70.44205517998911,67.94165221815236,65.4377103732647,62.936058254165516,60.44254363759366
53.54815150629713,55.61649404083464,57.62577925115754,59.59566082929429,61.545864996274545,63.496157505421095,65.46632625596027,67.47617187720606,69.54550249831638,71.67431030853335,73.78330783075924,75.77338804326395,77.54544504348391,79.04215646573526,80.373330987542,81.69056049574927,83.1454372027843,84.82342022018426,86.54543558470442,88.09186356972393,89.3454349373526,90.20673726363157,90.54543476474953,90.25379658970851,89.3454349373526,87.87948099225022,85.97579875077659,83.76943549877095,81.39543868175127,78.9673153211224,76.51241029097756,74.03652871111355,71.54547730171973,69.04506562350463,66.54110824810914,64.03942851946466,61.545864996274545
54.65102439011426,56.71957927862678,58.72899341802653,60.69895491160733,62.64920945023101,64.59953410909517,66.5697235434015,68.57958251330112,70.64892173200073,72.77773499997566,74.88673584101588,76.87681800497035,78.64887612998433,80.14558820301447,81.47676314235116,82.79399295510835,84.24886990681486,85.92685312126228,87.64886862254389,89.1952966917581,90.44886810874036,91.31017046155239,91.64886797174523,91.35722978893297,90.44886810874036,88.98291410441882,87.07923174922699,84.87286828509045,82.49887108067193,80.07074703090998,77.61584077799904,75.13995702204554,72.64890173339583,70.14848313694222,67.64451343483358,65.14281179203275,62.64920945023101
55.754012839903794,57.82273630550408,59.83225278796782,61.80227771517319,63.75257223568005,65.70292241255916,67.67312826389677,69.68299782875843,71.752343871421,73.88116147124163,75.99016494643409,77.98024865925804,79.75230767702263,81.24902026657666,82.5801955373073,83.897425591786,85.35230273768846,87.0302861085326,88.75230171836182,90.29872985440144,91.55230131055569,92.41360368442697,92.75230120182258,92.46066301284223,91.55230131055569,90.08634725923181,88.1826648137818,85.97630118127682,83.60230366937958,81.17417907265204,78.71927184923013,76.24338636611044,73.75232799848445,71.25190391099326,68.74792442507717,66.2462053887181,63.75257223568005
56.85709303351163,58.92595031876343,60.93554803852399,62.905623315988294,64.85594957132336,66.80632000234763,68.7765388840897,70.78641685825923,72.85576831713743,74.98458935515904,77.0935949210843,79.08367986324853,80.8557395895904,82.35245258910996,83.68362812286827,85.00085836920155,86.45573566923746,88.13371916421376,89.85573486019733,91.40216304927631,92.65573453652136,93.51703692710741,93.85573445021983,93.5640962563439,92.65573453652136,91.18978044789174,89.28609793080372,87.07973416466461,84.7057364087213,82.27761137786669,79.82270338414918,77.346816530175,74.85575571875836,72.35532727301015,69.85134002162498,67.34960717981265,64.85594957132336
58.243483614902615,60.36136680824809,62.44501501029394,64.51246523823438,66.58029359163358,68.6621341949588,70.76753782461455,72.90159362253232,75.0657543804785,77.24823697880456,79.39230381282171,81.43321183836063,83.31046738890434,85.00119468539582,86.59972160619677,88.21568439603148,89.93806317275961,91.79369684883892,93.62905526406094,95.29309721693357,96.79471167577736,98.10326141817784,98.74759278177106,98.24519477289265,96.79471167577736,94.74048340795092,92.31213159149448,89.6880809169518,87.01897363167544,84.410756787356,81.85383420700316,79.32312046574326,76.80192071446447,74.2771755792309,71.73750197224916,69.1735450345914,66.58029359163358
55.99424196329046,58.062892965866666,60.07236545684778,62.042363117829936,63.992640452695,65.94297966106674,67.91317845582755,69.92304346663619,71.99238657614494,74.12120231400344,76.23020465695578,78.22028770402792,79.99234633806084,81.48905870559705,82.8202338338844,84.13746378446379,85.5923408468949,87.2703241505149,88.99233971368704,90.53876782100305,91.79233926031998,92.65364162513936,92.99233913943897,92.70070095310986,91.79233926031998,90.32638522919913,88.42270282254486,86.2163392624098,83.84234188267635,81.4142175210514,78.95931071478492,76.48342597405443,73.99236892986767,71.49194720259561,68.98797192206916,66.4862603620244,63.992640452695
54.18849288064817,56.25672043286988,58.2659358283389,60.235774130808295,62.18595101999617,64.13622611882799,66.10638366820274,68.11622206052508,70.18554802561854,72.3143528801842,74.42334860510188,76.41342776079541,78.18548415188084,79.68219522170145,81.01336951739383,82.33059886067133,83.78547543520392,85.46345834589232,87.18547363634899,88.73190157577262,89.9854729166737,90.84677522858368,91.1854727247871,90.89383455395466,89.9854729166737,88.51951900364165,86.6158368237524,84.40947368662677,82.03547707940393,79.60735409197673,77.15244972402357,74.67656932262494,72.18552001404723,69.68511208240608,67.18116138252263,64.67949352138281,62.18595101999617
53.04789020885708,55.138483462761826,57.1809058472781,59.194495369226075,61.197985558328355,63.2087409375053,65.24206554225242,67.310826930258,69.42572964915382,71.58056211745142,73.70665208316427,75.72162370817466,77.54566359831338,79.1399133896457,80.6090422979183,82.08527336175177,83.68685931216635,85.46452239393369,87.25106799179872,88.86522299527638,90.26416846763048,91.39620883584236,91.92619039155561,91.50210640847048,90.26416846763048,88.45905806354155,86.26943375543567,83.84670984450966,81.32589727693687,78.81063942278703,76.30720017958842,73.80547545823865,71.30028125568764,68.78848274692865,66.26786761850379,63.73731537275947,61.197985558328355
51.679346661910756,53.74583685143895,55.75399699499954,57.72318104824372,59.6729454929235,61.622957323225606,63.592945486191354,65.60267455744417,67.67193010929115,69.80069026471703,71.9096588082013,73.89972198121916,75.6717691600342,77.16847489984508,78.49964577587849,79.81687262482545,81.27174719544368,82.94972849226829,84.6717426626171,86.21816991246632,87.47174084914974,88.33304294374805,88.67174036562595,88.38010225844212,87.47174084914974,86.00578742113684,84.10210617262624,81.89574477290142,79.5217513385621,77.09363399528254,74.63873964202276,72.16287706315146,69.67185952608335,67.17150825481235,64.66765850840568,62.16617011284296,59.6729454929235
51.03431736594901,53.109298892845516,55.12784214257188,57.10968796402125,59.07442655664643,61.04127787501079,63.02887534295513,65.05512378887938,67.13724616385092,69.27340405307166,71.38724517859049,73.38439342284187,75.17129462162782,76.69619783268371,78.06801710664827,79.43322948280313,80.93347479365045,82.64289015500876,84.38551824543006,85.95380470212245,87.25507757332907,88.2081015468515,88.61390014408443,88.27559676389235,87.25507757332907,85.67949285211652,83.68782541032763,81.41752343773322,79.00140653052816,76.5487610626133,74.08034700130314,71.5973112347317,69.10234821834965,66.59878049503239,64.09020904155322,61.58055977648793,59.07442655664643
39.26987259183703,41.31343397402968,43.30760362421426,45.268089262217345,47.2123605070038,49.1588620488735,51.12659008622964,53.134859813072794,55.20317512808212,57.33133829677972,59.439943771017454,61.42979344418153,63.20171755847754,64.69835209425028,66.02947728611744,67.34667081228955,68.80151861160316,70.47947834787678,72.20147755398156,73.74789559133308,75.00146112778607,75.86276031916046,76.20145674806935,75.90981949121388,75.00146112778607,73.53551417948735,71.631845373894,69.42550718518044,67.05155613900831,64.6235141976729,62.16875363039013,59.69312913114982,57.2025359743663,54.702941419726955,52.20043958687012,49.70134627527678,47.2123605070038
40.259276919956775,42.3081092542363,44.3055056254173,46.26800147148393,48.21354379295612,50.160858231061496,52.12910992500649,54.13771788383215,56.206251163611185,58.33455274399475,60.443242403174864,62.43314158311904,64.20509423471523,65.70174528220016,67.03288106801145,68.35008232163293,69.80493632916304,71.4829010653103,73.20490374162188,74.75132391535536,76.00489070412557,76.86619056876013,77.20488722793948,76.91324977389203,76.00489070412557,74.5389422531767,72.6352705620672,70.4289269907303,68.05496611481779,65.62690668808813,63.17211509697293,60.69643539090262,58.20574383293447,55.70597383650738,53.20315955333464,50.70351123801448,48.21354379295612
41.25154307277647,43.30457871926029,45.30454371428021,47.268638050260094,49.21519042935344,51.16315055517326,53.13181807745342,55.140694573732134,57.20940088558342,59.337812336466925,61.446568818158894,63.436507293444606,65.20848259577434,66.70514674887585,68.03629094322714,69.35349833019427,70.80835726522713,72.4863259697982,74.20833140042487,75.75475326981004,77.00832105254689,77.86962145154915,78.2083182934945,77.91668068293552,77.00832105254689,75.54237140894162,73.63869742759007,71.43234958404312,69.05838090620111,66.6303076011209,64.17549138580061,61.69976786024037,59.20899819551431,56.70908893283476,54.20602660060881,51.705937598212245,49.21519042935344
42.246092520768116,44.302476864045644,46.30448536769234,48.26985031231111,50.21720513399818,52.165678052474306,54.13467574514951,56.14376543177157,58.21260910026537,60.3411077636587,62.4499172854872,64.43988695063018,66.21188023127698,67.7085547864782,69.03970565476837,70.35691790981613,71.81178075583449,73.48975261015917,75.21176022689349,76.75818344212098,78.0117520137708,78.87305283690148,79.21174982390843,78.92011208912605,78.0117520137708,76.54580142355213,74.64212562443032,72.43577439001595,70.06179951974099,67.6337151992908,65.178879439365,62.703121133118586,60.21228947143547,57.71226966170835,55.20901041685312,52.70857152722917,50.21720513399818
43.24246174788226,45.30151188506129,47.30514535018169,49.27151996830203,51.219512168067126,53.16839228578027,55.1376521150619,57.1469110437567,59.215863745519215,61.344431634716614,63.45328325646588,65.4432776777231,67.21528522803287,68.71196803949007,70.04312420493702,71.36034032380876,72.81520627399348,74.49318062828777,76.21518998014089,77.76161426356583,79.01518346137703,79.87648462113893,80.21518172328145,79.92354388990279,79.01518346137703,77.5492321198299,75.64555487794036,73.43920095218515,71.06522116694933,68.6371281035212,66.18227683080433,63.706490918394636,61.215610047437195,58.71550248930946,56.212086932134326,53.711370265198454,51.219512168067126
44.24028010283121,46.30145109909393,48.306376209156625,50.273552957012924,52.22205134613726,54.17125478129712,56.14072271907909,58.15011599595485,60.219155245815415,62.34777808283923,64.45666312053773,66.44667719118192,68.21869606749658,69.71538543201399,71.04654580184727,72.3637649874544,73.81863340142715,75.49660973995398,77.21862046897431,78.76504560022921,80.01861529502546,80.87991672197191,81.21861391549766,80.92697600386303,80.01861529502546,78.55266335714799,76.64898497013132,74.44262890825273,72.06864522199507,69.64054521921477,67.18568163384418,64.70987380995813,62.218953880151986,59.71877667156721,57.21523703494225,54.71429985086411,52.22205134613726
45.23925164854817,47.302109142650494,49.308060639028184,51.27587451160633,53.224774853922824,55.17423498396079,57.14386812941645,59.153368051531075,61.22247599991421,63.35114245111643,65.46005401184001,67.45008367849404,69.2221115443692,70.7188061100952,72.0499698169712,73.36719143665806,74.82206180614662,76.50003971956326,78.22205154164357,79.76847734582219,81.02204743507599,81.8833490740871,82.2220463401438,81.93040836639736,81.02204743507599,79.55609502389049,77.65241572798486,75.44605797066099,73.07207118815084,70.64396567757413,68.1890923195536,65.7132671042337,63.22231617250304,60.722083679475475,58.21844555192908,55.71733331483233,53.224774853922824
46.33914038990157,48.403338460928644,50.41010536228606,52.378425219952646,54.32764471277157,56.27730863060644,58.24707292154761,60.25665749624599,62.32581997399129,64.45452104308745,66.56345365563419,68.55349570102649,70.32553070198637,71.82222939594035,73.15339575144088,74.47061930306458,75.92549122465084,77.60347038806049,79.32548307770404,80.87190941598301,82.12547981831818,82.9867816256452,83.32547894926977,83.03384092622511,82.12547981831818,80.6595270314676,78.75584701417569,76.54948791117413,74.17549867116088,71.747388789025,69.29250767439018,66.8166686553015,64.32569311676275,61.825416742655676,59.321700437144756,56.820449242450636,54.32764471277157
47.33975831497589,49.40502166683487,51.4124362359619,53.3811578826832,55.33063076108482,57.280456456239904,59.25032485006659,61.259976618732566,63.329182378545795,65.45791092470012,67.566860246395,69.55691211690987,71.32895278103172,72.82565475157878,74.15682320930162,75.47404829430863,76.92892144779805,78.6069016033291,80.32891498155874,81.87534174375367,83.12891239458182,83.99021433550129,84.32891170481751,84.03727364264483,83.12891239458182,81.66295930956554,79.75927871970855,77.55291854864068,75.17892735810224,72.75081400624603,70.2959267351466,67.82007675988683,65.32908169055605,62.828770486886526,60.32499212791282,57.823630631206896,55.33063076108482
48.34095575440082,50.407065417928514,52.41499434425205,54.38403500993354,56.333709048288455,58.2836631656199,60.253614193928584,62.26331929773755,64.3325594118641,66.46130976708889,68.57027235103561,70.56033201982572,72.33237717882835,73.82908175001938,75.16025187628188,76.47747817833863,77.93235230959172,79.61033325257094,81.33234717733205,82.87877427598951,84.13234512404671,84.99364717099863,85.33234457658037,85.04070648335174,84.13234512404671,82.66639180237607,80.76271075807364,78.55634973928025,76.18235700060657,73.7542408948243,71.29934873731307,68.82349006606367,66.33247949490904,63.832140646287755,61.3283130331981,58.8268639826118,56.333709048288455
49.34261363483027,51.4093955195542,53.41773288245449,55.38702682851502,57.336860557678875,59.286916616003325,61.25693323636338,63.26668067435445,65.33594805634488,67.46471572176485,69.57368883208889,71.56375469041842,73.33580341702671,74.83251005235672,76.16368150294306,77.48090877097441,78.93578367827999,80.61376524625778,82.33577960480146,83.88220697050951,85.13577797510757,85.99708010621751,86.3357775405832,86.04413942270543,85.13577797510757,83.66982446560417,81.766143060608,79.55978136897393,77.18578740154302,74.75766910996364,72.30277307409057,69.82690750078498,67.33588462568352,64.83552383480236,62.33165712727754,59.83013858064729,57.336860557678875
50.34463727043752,52.41195301478855,54.42061467441408,56.390109696424275,58.34007019120125,60.29020716786002,62.2602758518282,64.27005689177403,66.33934591680358,68.46812732153896,70.57710878673046,72.56717955772858,74.33923111595774,75.83593938960004,77.16711189130478,78.48433992603171,79.93921544929117,81.61719751333095,83.33921221616828,84.88563979383457,86.13921092267918,87.00051312058541,87.33921057779696,87.0475724403552,86.13921092267918,84.67325726409283,82.76957557281375,80.56321334714538,78.18921840444833,75.76109837799771,73.30619926385788,70.83032821235852,68.3392955715191,65.83891736477307,63.33501962708149,60.833445918580225,58.34007019120125
51.44695139715803,53.51469106623229,55.52361019622482,57.49326484205291,59.443325962693876,61.39352716913764,63.36363717801137,65.37344488866044,67.44275109210986,69.57154340187587,71.68053149837814,73.67060616858143,75.44265997427613,76.93936954825031,78.27054288422946,79.58777152748371,81.04264753962646,82.72062999739114,84.4426449734946,85.98907271939228,87.24264394685153,88.103946197774,88.44264367311831,88.15100552014854,87.24264394685153,85.7766901699379,83.87300825143585,81.66664560190401,79.29264988513707,76.86452848171646,74.40962692434903,71.93375152478669,69.44271113281992,66.94231910291533,64.43839673600156,61.93677924371484,59.443325962693876
52.44949620728073,54.51757247174031,56.52669600392288,58.49647736199326,60.44661835695214,62.396870545672286,64.36701335540049,66.3768422351136,68.44616207329075,70.57496303846642,72.68395639827378,74.67403416328938,76.44608975280272,77.94280035885266,79.27397435699663,80.59120348323974,82.04607988340962,83.7240626536741,85.44607784666907,86.99250572609218,88.24607703182188,89.10737932482337,89.44607681455966,89.15443864926533,88.24607703182188,86.78012316099182,84.87644106214275,82.67007807619011,80.29608174504315,77.86795924871956,75.41305575215758,72.93717690152418,70.4461303574483,67.94572735598369,65.44178544048889,62.94013319586763,60.44661835695214
53.55222418687539,55.62056768675433,57.62985348319975,59.59973542464759,61.54993982063051,63.500232475939484,65.47040132051391,67.48024700244737,69.54957766264543,71.6783854976754,73.78738303498984,75.77746325636656,77.5495202617003,79.0462316869103,80.3774062106153,81.69463572020716,83.14951242835457,84.82749544665037,86.54951081179232,88.0959387971946,89.34951016504762,90.21081249144727,90.54950999260649,90.25787181753016,89.34951016504762,87.88355621967604,85.97987397768541,83.77351072471534,81.3995139059344,78.97139054217247,76.51648550646846,74.04060391671112,71.54955248968078,69.04914078001282,66.54518334857569,64.04350352030201,61.54993982063051
54.65509759603884,56.723653250903624,58.73306785556986,60.70302963753463,62.65328435792739,64.60360913280462,66.5737986417484,68.58365765981648,70.65299690954032,72.78181019720945,74.8908110502255,76.8808932212217,78.65295135029447,80.14966342567293,81.48083836651628,82.79806818037241,84.25294513296181,85.93092834812026,87.65294384989538,89.19937191941341,90.45294333657374,91.31424568948151,91.65294319970711,91.3613050168668,90.45294333657374,88.98698933203849,87.08330697643635,84.87694351153434,82.5029463057179,80.07482225346922,77.619915996146,75.14403223234012,72.65297692969224,70.15255830827434,67.64858856168497,65.14688683980697,62.65328435792739
55.75808646289255,57.82681053684796,59.83632738863223,61.806352544743106,63.75664720952621,65.70699747848738,67.67720338906578,69.68707299215919,71.75641905944588,73.88523667489784,75.99424015959556,77.98432387800855,79.75638289899462,81.2530954904125,82.58427076233897,83.90150081768992,85.35637796429312,87.03436133570159,88.75637694592254,90.30280508220328,91.55637653849887,92.41767891244618,92.75637642986774,92.46473824086515,91.55637653849887,90.0904224870054,88.18674004122968,85.98037640811718,83.60637889511038,81.17825429640914,78.72334706948519,76.24746158013306,73.7564032013967,71.25597909409126,68.75199957287049,66.2502804737469,63.75664720952621
56.86116698758522,58.93002475575243,60.93962276866699,62.90969822782316,64.86002459767414,66.81039510178553,68.7806140305477,70.79049203506203,72.85984351348449,74.9886645639128,77.09767013738238,79.08775508398261,80.85981481288138,82.35652781388029,83.68770334858773,85.00493359561331,86.4598108962054,88.13779439162963,89.85981008792409,91.40623827719443,92.6598097645517,93.52111215519805,93.85980967833112,93.5681714844375,92.6598097645517,91.19385567578745,89.29017315844094,87.08380939181964,84.70981163499565,82.28168660257451,79.82677860607743,77.35089174715654,74.85983092692157,72.35940246544672,69.85541518604006,67.35368229441096,64.86002459767414
58.24743235746648,60.365306765058335,62.4489417990395,64.51637501036969,66.58418331153442,68.66600210236959,70.77138397603215,72.90542037498736,75.06956669011588,77.25204125269762,79.39610288960537,81.437003454732,83.31424383693133,85.00494410327292,86.60343570035084,88.21936150875685,89.94170926116695,91.7973233646635,93.63266970424895,95.29669945516619,96.79828923864795,98.10679789861302,98.75110352467533,98.24872306926568,96.79828923864795,94.74412186828283,92.31583177923666,89.6918358640338,87.02277056826884,84.41458078551773,81.85767403930515,79.32696896227537,76.80577401956174,74.2810327868797,71.741364945972,69.17741817601,66.58418331153442
55.99831540700181,58.06696708585156,60.07643998739616,62.04643790285044,63.99671539810768,65.94705470884794,67.91725356946755,69.92711862277908,71.9964617596629,74.12527751489911,76.23427986841864,78.2243629217042,79.9964215593185,81.49313392892681,82.82430905854358,84.14153901009269,85.59641607330279,87.27439937755022,88.99641494115781,90.5428430487419,91.79641448821596,92.65771685311982,92.99641436744835,92.7047761810945,91.79641448821596,90.33046045690656,88.42677804989022,86.22041448907976,83.84641710811279,81.41829274429362,78.96338593413384,76.48750118647463,73.99644412993622,71.49602238063625,68.99204706086097,66.49033543103998,63.99671539810768
54.192565276780286,56.26079390207184,58.2700099491001,60.23984865545239,62.19002579922034,64.14030106054118,66.1104587144558,68.12029717424545,70.18962318279347,72.31842806494416,74.42742380663609,76.41750297219284,78.18955936896333,79.68627044207315,81.01744473987586,82.33467408469267,83.78955066046188,85.46753357214624,87.18954886329412,88.73597680314332,89.98954814429383,90.85085045633792,91.18954795258722,90.89790978171548,89.98954814429383,88.52359423096246,86.61991205049847,84.41354891230066,82.03955230311978,79.61142931220948,77.15652493807607,74.68064452567886,72.18959519749424,69.68918723088636,67.18523646870054,64.68356849680181,62.19002579922034
53.051910280614464,55.14249933151967,57.18491531642928,59.19849638535004,61.201976338671955,63.212720230898086,65.24603299449632,67.31478348492716,69.42967787357762,71.58450562426214,73.71059250664149,75.72555966057087,77.54959029301922,79.14382300853623,80.6129284104193,82.08913329151919,83.69069591889817,85.46834359761574,87.2548794108007,88.86902429997933,90.26794858749268,91.39995134293272,91.9299077026368,91.50584104687142,90.26794858749268,88.46288873283969,86.27331021909015,83.85062301850172,81.3298364232373,78.8145944033807,76.31116411788966,73.80944420588199,71.30425264496134,68.7924562658618,66.27184426093646,63.74129745693256,61.201976338671955
51.6834147610256,53.749907649896244,55.75806943352936,57.72725450380753,59.677019589713154,61.627031829349605,63.59702025569328,65.60674949693424,67.67600515827215,69.80476538320505,71.91373396895669,73.90379716682786,75.67584435996821,77.17255010806738,78.50372098941847,79.82094784224418,81.27582241597852,82.95380371531274,84.67581788740338,86.2222451383249,87.47581607563689,88.33711817057309,88.67581559256661,88.38417748528379,87.47581607563689,86.00986264686975,84.10618139691083,81.89981999448433,79.52582655521107,77.09770920315472,74.64281483432183,72.16695222773618,69.6759346412631,67.17558328188554,64.67173337849968,62.17024470388317,59.677019589713154
51.038378041305336,53.11335840284873,55.13189986196848,57.11374328778132,59.07847893206032,61.045326878117905,63.03292079728733,65.05916591019339,67.14128569281105,69.27744209642509,71.39128224404467,73.3884290604114,75.17532726501004,76.70022481620958,78.07203599410573,79.43723890931702,80.93747537025311,82.64688465420606,84.38950878299765,85.95779105906655,87.25905487954164,88.21206172686107,88.6178480220926,88.27955317713459,87.25905487954164,85.6834911086345,83.69184086732926,81.42155161458004,79.00544318929772,76.55280269706991,74.08439138801273,71.60135708094839,69.10639486091056,66.60282777687594,64.09425725664445,61.584609605190536,59.07847893206032
39.272343041109046,41.31591914513719,43.310097816390396,45.27058907778978,47.214863879651325,49.16136769693438,51.12909720030548,53.13736787414753,55.20568379946454,57.33384735573472,59.442453065708406,61.432302877504256,63.20422707171278,64.70086165372322,66.03198687525668,67.34918042306805,68.80402823976667,70.48198799004153,72.203987205864,73.7504052491981,75.00397078915796,75.86526998241771,76.20396641197144,75.91232915456376,75.00397078915796,73.53802383665133,71.6343550229776,69.42801681919096,67.05406574549245,64.62602375519255,62.17126310103397,59.69563844719991,57.20504501487186,54.70544996897317,52.202947261264626,49.70385239583189,47.214863879651325
40.26175536013036,42.31059944059068,44.30800299538885,46.270503314058374,48.216048462536065,50.16336470817171,52.131617566323314,54.14022627704014,56.208760041324695,58.3370619293656,60.44575177566472,62.43565106564657,64.20760378067145,65.70425486485608,67.0353906742139,68.35259194501066,69.80744596633937,71.48541071359949,73.20741339762405,74.7538335761059,76.00740036765956,76.86870023379052,77.20739689348166,76.91575943899595,76.00740036765956,74.54145191337085,72.63778021584793,70.43143663254746,68.05747573478706,65.62941626919367,63.1746246091233,60.69894478034625,58.208253003660516,55.708482617264394,53.205667639543265,50.706018090377256,48.216048462536065
41.25402789222538,43.30707290065091,45.30704361223955,47.27114150400858,49.21769612926629,51.16565769069099,53.13432613739958,55.143203230617075,57.21190992708617,59.34032162218321,61.44907825240119,63.43901681502739,65.21099216770182,66.70765634993239,68.03880056297282,69.35600796357213,70.810866909557,72.48883562294839,74.21084105969686,75.75726293285084,77.01083071779692,77.87213111798687,78.21082796033846,77.9191903494316,77.01083071779692,75.54488107154083,73.64120708509893,71.43485923205644,69.06089053687364,66.6328172009469,64.17800093089575,61.70227730793954,59.21150746960606,56.71159789737243,54.20853501377081,51.70844503171544,49.21769612926629
42.24858242687509,44.30497422543489,46.30698727576299,48.272355046327206,50.21971165229039,52.16818571081673,54.1371841374615,56.146274297976504,58.21511827178297,60.343617129024906,62.45242676874463,64.442396503212,66.21438982381821,67.71106440213956,69.04221528526341,70.35942755113113,71.81429040584217,73.49226226716758,75.21426988876078,76.76069310697957,78.01426168038287,78.87556250445621,79.21425949178558,78.9226217567271,78.01426168038287,76.54831108806022,74.64463528489819,72.43828404294719,70.06430915890874,67.63622481397545,65.181389010609,62.70563062705713,60.214798827574654,57.71477877213201,55.211519089578886,52.71107942217566,50.21971165229039
43.244955706120926,45.304011776195054,47.30764885598124,49.27402571939969,51.2220193362881,53.17090035924414,55.14016077123554,57.1494200761239,59.218373020239255,61.3469410633046,63.455792778627995,65.4457872549094,67.21779483693551,68.71447766674336,70.04563384396391,71.36284997142351,72.81771592850765,74.49569028835842,76.21769964406806,77.76412392986722,79.01769312907014,79.87899428958022,80.21769139197866,79.92605355838086,79.01769312907014,77.55174178585307,75.64806454075679,73.44171060901974,71.06773081285979,68.6396377299993,66.18478642280309,63.70900044903462,61.21811946870133,58.71801171553497,56.21459581091423,53.71387852651364,51.2220193362881
44.242777286649456,46.303953001738385,48.30888098452776,50.27605951595693,52.22455903044701,54.17376318434097,56.14323158471939,58.15262516022079,60.22166460245333,62.350287561608624,64.45917267357936,66.44918678789719,68.22120568938543,69.7178950684679,71.04905544764594,72.36627464006929,73.82114305951814,75.49911940245515,77.22113013453644,78.76755526767573,80.02112496357657,80.88242639111687,81.22112358484574,80.92948567303719,80.02112496357657,78.55517302437369,76.65149463481185,74.44513856818546,72.07115487325726,69.64305485505338,67.18819124231628,64.71238336972883,62.221463353108206,59.72128598971233,57.21774607729151,54.716808403042506,52.22455903044701
45.24175139845602,47.30461264413776,49.310566422975924,51.27838171210928,53.22728294800376,55.17674364865408,57.14637716133544,59.155877320494994,61.22498542157419,63.35365196971628,65.46256358939131,67.45259329070964,69.22462117656531,70.72131575385168,72.05247946814467,73.36970109324159,74.82457146707654,76.50254938399357,78.22456120850333,79.77098701417759,81.02455710430814,81.88585874379058,82.22455601000848,81.932918036124,81.02455710430814,79.55860469207065,77.6549253941449,75.44856763305269,73.07458084366074,70.64647532084226,68.19160194110069,65.71577668712592,63.22482568648881,60.72459307058202,58.22095472411863,55.71984209791705,53.22728294800376
46.34164218027317,48.405843232873664,50.41261194731994,52.380932929895096,54.330153132183455,56.27981750300992,58.249582085457774,60.259166848314976,62.328329447261694,64.45703059330167,66.56596325263914,68.55600532554487,70.32804034236341,71.82473904549292,73.15590540688036,74.47312896279803,75.92800088783403,77.60598005402193,79.32799274559375,80.87441908505981,82.12798948809086,82.98929129579196,83.3279886195445,83.03635059639026,82.12798948809086,80.66203670040531,78.75835668151004,76.55199757551753,74.17800833004216,71.74989843818994,69.29501730631506,66.81917825654563,64.32820266331467,61.82792619167478,59.32420971239816,56.8229582088361,54.330153132183455
47.34226172723738,49.4075274480611,51.41494345718294,53.38366599711543,55.333139438772136,57.28296549352754,59.2528341187481,61.262486036766006,63.33169189278098,65.46042050000722,67.56936985884053,69.55942175119306,71.33146242790201,72.82816440573173,74.15933286812701,75.47655795654217,76.93143111276964,78.60941127050583,80.33142465026589,81.87785141340305,83.1314220647835,83.99272400599989,84.33142137541768,84.03978331315804,83.1314220647835,81.6654689791045,79.76178838797492,77.55542821453315,75.18143701965943,72.75332366009133,70.29843637530834,67.82258637569704,65.33159126295635,62.83127998187274,60.32750148497409,57.8261397430973,55.333139438772136
48.34346045545487,50.409572000800935,52.417502070645114,54.386543445502426,56.336217931006985,58.2861723337916,60.25612354577339,62.26582876812947,64.33506895861396,66.4638193623126,68.5727819757365,70.5628416618593,72.33488683085235,73.83159140782365,75.1627615377947,76.47998784255648,77.93486197598278,79.61284292071221,81.33485684668806,82.88128394609333,84.1348547945889,84.99615684177648,85.33485424743884,85.04321615414119,84.1348547945889,82.66890147239226,80.76522042707978,78.5588594064022,76.1848666642876,73.7567505523844,71.30185838401249,68.82599969343514,66.33498908782558,63.834650177759286,61.330822455194124,58.82937321000159,56.336217931006985
49.34511935974463,51.41190273905884,53.4202410099478,55.38953551902878,57.33936960315464,59.28942588806751,61.25944265421887,63.26919018630487,65.33845762890228,67.4672253327966,69.57619846651693,71.5662643386035,73.33831307314125,74.83501971305907,76.16619116658889,77.48341843676724,78.93829334579769,80.61627491516461,82.33828927467243,83.88471664097403,85.13828764592,85.999589777217,86.33828721164667,86.04664909371414,85.13828764592,83.67233413599914,81.76865273020128,79.56229103707174,77.1882970669098,74.76017877047218,72.30528272597897,69.82941713733268,67.33839423488403,64.83803339523308,62.33416660081468,59.83264789971655,57.33936960315464
50.347143808586374,52.414460739818736,54.42312312035219,56.392618589324826,58.34257936587255,60.292716522389824,62.262785322078884,64.27256643671045,66.3418555098448,68.47063694511772,70.579618428879,72.56968921079616,74.34174077531895,75.83844905260258,77.16962155664359,78.4868495930746,79.94172511770307,81.61970718284543,83.34172188644797,84.88814946458538,86.14172059370617,87.00302279176084,87.34172024902318,87.05008211153793,86.14172059370617,84.67576693478844,82.77208524287305,80.56572301601773,78.19172807115302,75.76360804084644,73.30870891986477,70.83283785618943,68.34180519364438,65.84142694818917,63.33752914152839,60.8359553104203,58.34257936587255
51.44945858114738,53.51719919264353,55.52611889497031,57.49577389561118,59.44583523991723,61.396036589124336,63.366146689849685,65.37595445977847,67.44526070140935,69.57405303541324,71.68304114665447,73.67311582552425,75.4451696362142,76.94187921307856,78.27305255091201,79.59028119551877,81.04515720874812,82.7231396673879,84.44515464409872,85.99158239037033,87.24515361804875,88.10645586908905,88.44515334447365,88.15351519146941,87.24515361804875,85.77919984087211,83.87551792186503,81.6691552713911,79.29515955290371,76.8670381464226,74.41213658362479,71.93626117439834,69.44522076520369,66.94482870457526,64.44090628291947,61.93928869331617,59.44583523991723
52.45200390411097,54.52008091681937,56.52920490335798,58.498986543080306,60.44912771557706,62.399380017614575,64.36952290024793,66.37935182701237,68.4486716954946,70.57747267990806,72.68646605141379,74.676543823308,76.44859941678607,77.94531002512994,79.27648402474566,80.59371315206224,82.04858955309459,83.72657232405362,85.44858751753068,86.99501539725057,88.24858670315422,89.10988899624924,89.44858648601752,89.15694832069579,88.24858670315422,86.78263283211541,84.8789507328655,82.6725877461651,80.29859141365263,77.87046891489996,75.41556541402785,72.93968655572402,70.44863999797428,67.94823697212395,65.44429501317967,62.94264269131598,60.44912771557706
53.55473229089709,55.62307638481785,57.632362541945184,59.60224470696353,61.552449243867656,63.50274198912048,65.47291089156133,67.48275661084007,69.55208729509154,71.68089514539065,73.78989269199013,75.77997291882642,77.552029927307,79.04874135433771,80.37991587921083,81.69714538965472,83.15202209848664,84.83000511733373,86.5520204828583,88.09844846849612,89.35201983648722,90.2133221629611,90.5520196641457,90.26038148904763,89.35201983648722,87.88606589094995,85.98238364864119,83.77602039507762,81.40202357521288,78.97390020952295,76.518995170398,74.04311357455263,71.55206213666928,69.0516504076462,66.54769294172279,64.04601305214037,61.552449243867656
54.65760602334278,56.72616214979736,58.73557704077437,60.70553900020181,62.655793832449675,64.60611867871778,66.57630823359112,68.58616728130062,70.6555065501158,72.78431984990412,74.89332071028974,76.8834028856192,78.65546101718962,80.15217309401316,81.48334803578365,82.80057785031605,84.25545480344874,85.93343801904476,87.65545352112355,89.20188159082853,90.45545300809847,91.31675536106516,91.65545287131093,91.36381468845332,90.45545300809847,88.98949900343172,87.08581664757705,84.879453182204,82.50545597552735,80.07733192174842,77.62242566170998,75.14654189307203,72.6554865818101,70.15506794502991,67.6510981710685,65.14939640052881,62.655793832449675
55.76059514684508,57.82931959516365,59.83883667421645,61.80886197118876,63.759156724755,65.70950705038067,67.67971299741401,69.68958262403407,71.75892870647365,73.88774633154469,75.99674982209163,77.98683354394396,79.75889256691241,81.25560515947726,82.58678043213959,83.90401048802731,85.3588876350617,87.03687100681748,88.75888661727944,90.30531475370859,91.55888621009115,92.42018858408521,92.75888610152279,92.4672479125065,91.55888621009115,90.09293215849333,88.18924971251718,85.9828860790308,83.60888856534125,81.18076396542543,78.72585673634643,76.24997124315908,73.7589128575857,71.25848873808718,68.75450919514101,66.2527900573941,63.759156724755
56.863675875277266,58.932533940615826,60.94213213392837,62.91220770489214,64.86253414521268,66.81290469429965,68.7831236519965,70.7930016751841,72.86235316563352,74.99117422369648,77.10017980180862,79.09026475113865,80.86232448161084,82.3590374835201,83.6902130188116,85.00744326626321,86.46232056719755,88.14030406289743,89.86231975938318,91.40874794877132,92.6623194361976,93.5236218268811,93.86231935002684,93.57068115612236,92.6623194361976,91.19636534735054,89.29268282984495,87.08631906292692,84.712321305561,82.28419627217588,79.8292882739683,77.3534014120034,74.8623405863419,72.36191211518934,69.85792481853909,67.3561918962543,64.86253414521268
58.24990141462591,60.367773001047155,62.45140380665103,64.51883155377818,66.58663341593446,68.66844520247778,70.77382008994408,72.90785025954418,75.07199193680079,77.2544639189387,79.39852388694365,81.43942205636803,83.316657567662,85.00734915394311,86.6058294075782,88.22174334007474,89.94408112948946,91.79968894749564,93.63503140912265,95.29905724150105,96.80063910068681,98.10913456722295,98.75343192771547,98.25105710958323,96.80063910068681,94.74649128694867,92.31822102068983,89.69424269027644,87.02519087834557,84.41700978561855,81.86010812403967,79.32940582924319,76.80821243063937,74.28347245112951,71.74380646179839,69.17986295683461,66.58663341593446
56.000823980632475,58.06947607564034,60.07894922983313,62.04894730188175,63.999224895839404,65.94956426957411,67.91976317072118,69.92962825018768,71.99897140391728,74.12778716984717,76.23678952986944,78.22687258697857,79.99893122679677,81.49564359768014,82.82681872811501,84.14404868026082,85.59892574395033,87.27690904858383,88.9989246124594,90.54535272020846,91.7989241597792,92.66022652473507,92.99892403908137,92.70728585271229,91.7989241597792,90.3329701283538,88.42928772111463,86.2229241598885,83.84892677816251,81.42080241299308,78.96589560043748,76.49001084851456,73.99895378437533,71.49853202152005,68.99455667759224,66.49284500483311,63.999224895839404
54.19507320576243,56.26330249138863,58.27251893936659,60.24235789425606,62.19253519468475,64.14281055599635,66.11296827424161,68.12280677554855,70.19213281083711,72.3209377099628,74.4299334619771,76.42001263360336,78.19206903387226,79.68878010900619,81.01995440810754,82.33718375387156,83.79206033040177,85.47004324269898,87.19205853427225,88.73848647438331,89.99205781568733,90.85336012781394,91.19205762409146,90.90041945319557,89.99205781568733,88.52610390217177,86.62242172135409,84.4160585824965,82.0420619721107,79.61393897905702,77.15903460112048,74.68315418195505,72.19210484170496,69.69169685357963,67.18774605305484,64.68607801299851,62.19253519468475
53.05440224182752,55.14498994314866,57.18740387313983,59.20098222778117,61.20445889436971,63.215199098096434,65.24850805944754,67.31725505060518,69.43214676435863,71.58697300018332,73.71305889248075,75.72802461071018,77.55205227043373,79.1462795027362,80.6153773564366,82.09157382988428,83.69312896784476,85.4707717003552,87.25730437148445,88.87144601275038,90.27036349733642,91.40235417436416,91.93230244291514,91.50824135145018,90.27036349733642,88.4653198751681,86.27575606673192,83.85308065428259,81.33230239896503,78.81706546361315,76.31363805449521,73.81191968679259,71.30672897411239,68.79493327885643,66.27432227690058,63.74377722026125,61.20445889436971
51.6859200457509,53.75241459571724,55.760577388601774,57.72976308473183,59.67952856522828,61.629541056756565,63.59952964517494,65.60925899102138,67.67851471973663,69.807274987442,71.91624359920368,73.90630681236883,75.67835401432453,77.17505976752405,78.50623065214745,79.82345750736003,81.27833208301197,82.95631338389052,84.678327557053,86.22475480863437,87.47832574633316,88.33962784147735,88.67832526354195,88.38668715619824,87.47832574633316,86.01237231710192,84.10869106625174,81.9023296621627,79.52833621985326,77.1002188623959,74.64532448397986,72.16946186033962,69.67844424346423,67.17809282986865,64.67424282988263,62.172753983544965,59.67952856522828
51.04088304025414,53.115863027607176,55.13440391176984,57.116246568352295,59.08098126592701,61.047828129146936,63.03542090881409,65.06166495149567,67.14378390171372,69.27993982830215,71.39377966191994,73.39092601979516,75.1778232629643,76.70271899678924,78.07452757503998,79.43972745233668,80.93996107155313,82.64936840403776,84.39199126073932,85.96027219439702,87.26153310864828,88.2145344566578,88.62031680163713,88.28202469739952,87.26153310864828,85.6859760649506,83.6943313467431,81.42404617833422,79.0079404765872,76.55530158204331,74.08689115672846,71.60385731830827,69.10889535397456,66.60532847521192,64.09675825464377,61.587111121315914,59.08098126592701
39.27374881427231,41.31733329178643,43.3115170940213,45.272011553873995,47.21628837891144,49.162793490391664,51.1305238275942,53.13879504006451,55.207111312508516,57.33527508921976,59.443880933273846,61.43373082391979,63.20565506358044,64.70228967188966,66.0334149102965,67.35060847041571,68.80545629700244,70.48341605524085,72.20541527659049,73.75183332332732,75.00539886528182,75.86669805961391,76.20539448953438,75.91375723181264,75.00539886528182,73.53945191038181,71.63578309211219,69.42944487975238,67.05549379039759,64.62745177224798,62.172691068676755,59.697066326913856,57.20647273786335,54.706877412549275,52.20437420724801,49.70527845803177,47.21628837891144
40.26316567836436,42.312016439801994,44.309424080474585,46.271926943051284,48.21747369945845,50.164790973170895,52.13304449349299,54.14165363186581,56.210187671724356,58.33848973475267,60.447179687480116,62.43707904004849,64.2090317911499,65.70568289620837,67.03681871895881,68.35401999952444,69.80887402870141,71.48683878228223,73.20884147069376,74.75526165187634,76.00882844501314,76.87012831199522,77.20882497197746,76.91718751724247,76.00882844501314,74.54287998882484,72.6392082876541,70.43286469754906,68.0589037873622,65.63084429966413,63.17605260037392,60.7003727018045,58.20968080071799,55.70991019251777,53.20709481975577,50.70744456881039,48.21747369945845
41.25544183885876,43.30849217214724,45.30846613518345,47.272566049396886,49.21912195221566,51.16708433017532,53.13575330267467,55.14463073541526,57.21333765064483,59.34174948464408,61.450506199339756,63.44044481164289,65.21242019295202,66.70908439175048,68.04022861542077,69.35743602377369,70.81229497598781,72.49026369439598,74.21226913462635,75.75869100992392,77.01225879612653,77.87355919699203,78.21225603957465,77.92061842846994,77.01225879612653,75.54630914836272,73.64263515902559,71.43628730058226,69.06231859553648,66.63424524206509,64.17942894088443,61.70370526253201,59.21293532545519,56.713025577155406,54.20996237994582,51.709871840686134,49.21912195221566
42.249999266688,44.306395305639214,46.3084109420085,48.273780319899245,50.221137940712836,52.16961264767011,54.13861149177757,56.14770192183042,58.216546069290644,60.345045036788534,62.45385474356169,64.44382451745894,66.21581786079301,67.71249245226444,69.04364334382532,70.36085561584713,71.81571847550234,73.49369034080956,75.21569796516641,76.76212118508658,78.0156897594872,78.87699058409669,79.21568757160946,78.92404983639392,78.0156897594872,76.54973916596785,74.64606336050785,72.43971211427021,70.06573722240347,67.63765286354482,65.18281703547049,62.707058607949335,60.21622673009021,57.716206534891086,55.21294660338694,52.71250649360324,50.221137940712836
43.246374850693655,45.30543429525672,47.30907343097486,49.27545157146167,51.22344599437318,53.172327532207746,55.141588275629175,57.15084779448651,59.21980087644576,61.3483690070271,63.457220775573006,65.44721528315074,67.21922288321623,68.71590572346147,70.0470619073785,71.36427803972265,72.81914400073103,74.49711836374217,76.2191277216453,77.76555200879483,79.01912120878931,79.88042236972495,80.21911947226896,79.92748163854651,79.01912120878931,77.55316986462246,75.64949261770226,73.4431386825629,71.0691588801896,68.64106578627644,66.18621445946934,63.71042845080163,61.21954740825825,58.71943954415906,56.21602344192044,53.715305806322135,51.22344599437318
44.24419826585566,46.305376664897615,48.31030628162149,50.27748582750107,52.22598598206993,54.17519054476102,56.14465920825212,58.15405295360392,60.22309250525254,62.35171553387299,64.46060068808785,66.45061482724606,68.22263374305236,69.71932313041904,71.05048351491217,72.36770271121239,73.82257113377588,75.50054747922131,77.22255821304357,78.76898334725465,80.02255304378377,80.88385447166186,81.22255166550624,80.93091375359876,80.02255304378377,78.55660110382703,76.65292271281757,74.44656664349071,72.07258294363098,69.64448291665457,67.1896192883521,64.71381138806461,62.222891322066204,59.722713870617866,57.219173801331664,54.71823584828638,52.22598598206993
45.24317383719182,47.30603721667869,49.311992293722184,51.27980838855551,53.228710132693806,55.17817115789347,57.1478048794431,59.157305173427574,61.22641336135624,63.355079964635166,65.46399161784021,67.45402133887471,69.22604923609475,70.72274381995635,72.05390753846791,73.37112916664194,74.82599954294898,76.50397746185692,78.22598928774852,79.77241509427347,81.02598518490268,81.88728682465322,82.22598409096281,81.93434611699979,81.02598518490268,79.56003277206685,77.65635347299211,75.44999570975656,73.0760089164504,70.64790338666913,68.19302999457327,65.71720471861263,63.22625367878335,60.72602099298609,58.22238252200849,55.721269674494366,53.228710132693806
46.3430657795744,48.407268528018705,50.41403827370332,52.38235989609723,54.33158050191324,56.28124513038938,58.25100987863854,60.2605947485155,62.32975741639842,64.45845860620196,66.56739129215276,68.55743338070741,70.32946840654594,71.82616711489423,73.15733347962998,74.47455703798994,75.92942896498806,77.60740813275618,79.32942082542475,80.875847165566,82.12941756899284,82.99071937690672,83.32941670073203,83.03777867751548,82.12941756899284,80.66346478083238,78.75978476102514,76.55342565333146,74.17943640474942,71.7513265073708,69.29644536569022,66.82060629847038,64.32963067413196,61.829354147017966,59.325637568908036,56.824385889670026,54.33158050191324
47.34368624902893,49.40895331725942,51.41637014541308,53.38509319338078,55.33456695540218,57.28439321468876,59.254261971520066,61.26391397448538,63.33311988521734,65.46184852717967,67.57079790713637,69.56084981190958,71.33289049577775,72.82959247774963,74.16076094280245,75.47798603315607,76.93285919094089,78.6108393499313,80.33285273056185,81.87927949423491,83.1328501459295,83.99415208731477,84.33284945679033,84.04121139448121,83.1328501459295,81.66689705987355,79.76321646802018,77.55685629322815,75.18286509588864,72.75475173193425,70.29986443936843,67.82401442590663,65.3330192884755,62.83270796336082,60.32892938801412,57.82756750669063,55.33456695540218
48.344885710278916,50.410998325954935,52.41892904620393,54.38797082442187,56.33764556425338,58.287600129396225,60.25755144584643,62.26725673562895,64.33649696954384,66.46524740081311,68.57421003100283,70.56426972698404,72.33631490165939,73.83301948191834,75.16418961399867,76.48141592029901,77.9362900549614,79.6142710006863,81.33628492735303,82.88271202718369,84.13628287592857,84.9975849232502,85.33628232895838,85.04464423562148,84.13628287592857,82.67032955343275,80.76664850754577,78.56028748579652,76.18629474172482,73.7581786263402,71.30328645179102,68.82742775022041,66.33641712501381,63.83607817999925,61.33225039516731,58.83080103928789,56.33764556425338
49.346545196914214,51.41332942631272,53.42166821364192,55.39096304295418,57.34079732897307,59.29085374276343,61.26087059183703,63.27061817744175,65.3398856545108,67.4686533802883,69.57762652731581,71.56769240722707,73.33974114627486,74.8364477888021,76.16761924400606,77.48484651540556,78.9397214254171,80.61770299557412,82.33971735563033,83.8861447222695,85.13971572741339,86.00101785881677,86.33971529328281,86.04807717531915,85.13971572741339,83.67376221725507,81.77008081100124,79.5637191170211,77.1897251453058,74.76160684610498,72.30671079670886,69.83084519933718,67.3398222813342,64.83946141394425,62.3355945701031,59.83407578114772,57.34079732897307
50.348570108302766,52.41588771460239,54.424550505169364,56.39404622836247,58.34400716517399,60.29414442399002,62.264213289498045,64.27399444660888,66.343283547104,68.47206499974578,70.58104649406911,72.57111728219672,74.34316885029916,75.83987712965393,77.17104963502368,78.48827767242392,79.9431531978311,81.62113526360056,83.34314996763834,84.88957754604368,86.14314867532156,87.00445087346067,87.34314833075187,87.0515101932419,86.14314867532156,84.67719501621534,82.77351332393806,80.56715109640761,78.19315615031002,75.76503611781027,73.31013699293715,70.83426592233644,68.3432332474458,65.84285497997382,63.33895713408518,60.837383233241596,58.34400716517399
51.45088524820109,53.51862639572222,55.527546423577675,57.49720162602672,59.44726309754755,61.39746452795468,63.3675746809228,65.37738248456832,67.4466887479158,69.57548109570556,71.68446921532991,73.67454389912896,75.4465977126601,76.94330729116827,78.27448063005636,79.59170927543242,81.04658528927982,82.72456774841731,84.44658272547359,85.99301047195792,87.24658169976098,88.1078839508683,88.44658142627583,88.15494327325194,87.24658169976098,85.78062792243475,83.87694600314042,81.67058335213063,79.29658763266471,76.8684662244429,74.41356465855641,71.93768924383326,69.44664882483984,66.94625674673651,64.44233429394491,61.94071664899052,59.44726309754755
52.45343086285523,54.52150830114796,56.53063254611233,58.50041434603084,60.45055561950643,62.400807985995854,64.37095091009574,66.38077986362175,68.4500997493407,70.57890074469609,72.68789412285555,74.67797189866215,76.45002749439527,77.94673810404383,79.27791210449662,80.59514123242381,82.05001763394668,83.72800040530078,85.45001559905202,86.99644347894068,88.2500147849433,89.1113170780915,89.45001456787799,89.15837640254071,88.2500147849433,86.78406091378578,84.88037881430787,82.67401582718219,80.30001949389305,77.87189699375874,75.41699349043515,72.94111462776857,70.45006806224153,67.94966502252122,65.44572303886403,62.94407067306692,60.45055561950643
53.556159481241195,55.624503913037344,57.63379027531103,59.60367256749039,61.55387718454678,63.50416998095727,65.474338916311,67.48418465683078,69.55351535476318,71.68232321374695,73.79132076562755,75.78140099556907,77.5534580058395,79.05016943390577,80.38134395944324,81.69857347037178,83.15345017959304,84.83143319875367,86.55344856449585,88.09987655026768,89.35344791833731,90.2147502448534,90.55344774605244,90.261809570942,89.35344791833731,87.88749397270581,85.9838117302161,83.77744847631496,81.40345165583376,78.97532828904727,76.52042324797657,74.04454164866847,71.55349020461225,69.0530784645805,66.54912097904217,64.04744105458896,61.55387718454678
54.65903339756133,56.72758979224379,58.73700484606681,60.706966906430324,62.657221802298395,64.60754668917176,66.57773627016861,68.58759533473733,70.6569346144112,72.78574792109256,74.8947487856698,76.88483096346394,78.65688909645496,80.1536011741004,81.48477611639822,82.80200593131528,84.256882884757,85.93486610060185,87.65688160285339,89.20330967266472,90.45688108999698,91.31818344299717,91.65688095325439,91.365242770387,90.45688108999698,88.99092708525544,87.08724472925712,84.88088126361616,82.50688405645023,80.07876000180096,77.62385374021818,75.14796996883186,72.65691465267048,70.15649600715267,67.65252621762272,65.1508244194056,62.657221802298395
55.76202266703859,57.830747328285085,59.840264536602234,61.810289913692785,63.76058471775653,65.71093507561145,67.6811410433794,69.69101068338078,71.76035677443895,73.88917440498103,75.99817789885489,77.9882616226634,79.76032064675937,81.25703323997658,82.58820851305745,83.90543856925046,85.36031571653015,87.03829908848346,88.76031469908253,90.30674283559605,91.5603142920281,92.42161666604873,92.76031418349544,92.46867599447134,91.5603142920281,90.09436024037089,88.19067779428076,85.98431416058173,83.61031664650385,81.18219204589721,78.72728481559248,76.25139932022373,73.76034093076166,71.25991680432804,68.75593724902504,66.2542180893102,63.76058471775653
56.86510351135246,58.93396174571424,60.94356004163241,62.91363567618936,64.86396215659111,66.81433273125901,68.78455170541315,70.79442973922163,72.86378123651164,74.99260229891698,77.1016078796697,79.0916928305524,80.86375256191948,82.36046556434653,83.69164109997018,85.00887134766413,86.46374864879314,88.14173214464978,89.86374784124436,91.41017603069949,92.66374751816505,93.52504990886963,93.8637474320226,93.57210923811193,92.66374751816505,91.19779342927086,89.29411091167479,87.08774714458795,84.71374938691383,82.28562435298042,79.83071635379997,77.35482949010373,74.86376866135572,72.36334018469876,69.85935287824083,67.35761993851989,64.86396215659111
58.25144955151397,60.36932947707916,62.452972781392205,64.52041668018475,66.5882375753878,68.67007006583478,70.77546560365107,72.90951418641562,75.07366957258553,77.25614918214917,79.40021408318914,81.44111933395608,83.31836924290435,85.00908648604383,86.6076002689147,88.22354930434179,89.94591654233187,91.80154293889328,93.63689686290368,95.3009342775917,96.80253955913187,98.1110740221541,98.75539581349175,98.25300433306356,96.80253955913187,94.74833394045461,92.32000508202779,89.69597477407962,87.0268831060356,84.41867632682286,81.86175963573716,79.33104911701133,76.80985115420995,74.28510747047584,71.74543600810621,69.18148285218766,66.5882375753878
56.002251438077835,58.070903769785474,60.08037706767787,62.05037522879323,64.00065287888906,65.95099228845332,67.92119121265137,69.93105630699411,72.00039947030515,74.12921524231731,76.23821760603815,78.22830066532205,80.00035930639372,81.49707167800236,82.82824680890255,84.1454767613877,85.6003538253499,87.27833713020301,89.00035269423098,90.54678080207387,91.80035224169963,92.66165460668505,93.00035212104147,92.70871393466373,91.80035224169963,90.3343982102082,88.43071580284231,86.22435224137976,83.85035485922205,81.42223049328466,78.96732367936637,76.49143892501837,74.000381856556,71.49996008599082,68.99598472832568,66.49427303114449,64.00065287888906
54.19650029654861,56.26472995775586,58.27394663378344,60.243785730034276,62.193963119567485,64.14423853775116,66.11439629258597,68.12423481750685,70.19356086800474,72.32236577678535,74.43136153467077,76.4214407097492,78.19349711200789,79.69020818829307,81.02138248813303,82.33861183443581,83.79348841139887,85.47147132404464,87.19348661585985,88.73991455611987,89.99348589751119,90.85478820968474,91.19348570597833,90.90184753506868,89.99348589751119,88.52753198389088,86.62384980287202,84.41748666363915,82.04349005256805,79.61536705829528,77.16046267819561,74.6845822551806,72.19353290806797,69.69312490770409,67.1891740853731,64.68750600655054,62.193963119567485
53.05588267585989,55.14647436648096,57.18889437069885,59.20248074859337,61.20596713056288,63.21671823724893,65.25003843777111,67.3187957725136,69.43369539304766,71.58852610667202,73.71461492556773,75.72958488760213,77.55362133443452,79.14786477459839,80.61698493994425,82.09320626545114,83.69478354119758,85.47244089403782,87.25898285264844,88.87313409428063,90.27207168730305,91.40409806616054,91.93407025074043,91.50999271218906,90.27207168730305,88.46698008423428,86.27737280869461,83.85466255174336,81.33385964430647,78.81860767957876,76.3151717681244,73.8134488355709,71.30825561555366,68.79645789890515,66.27584393224238,63.745293710513636,61.20596713056288
51.687345632552244,53.753841127306984,55.762004494227426,57.73119054632562,59.68095625125494,61.63096888605264,63.60095756665481,65.61068697199809,67.67994273903577,69.80870303106899,71.91767165762451,73.90773487948849,75.67978208645809,77.17648784255857,78.50765872904317,79.82488558561332,81.27976016235596,82.95774146411287,84.67975563788498,86.22618288984168,87.47975382776048,88.34105592302294,88.67975334512799,88.38811523774964,87.47975382776048,86.01380039826525,84.11011914690815,81.90375774187348,79.52976429783715,77.10164693730789,74.64675255344116,72.17088992010075,69.67987228593331,67.17952084149994,64.67567078657031,62.174181842562206,59.68095625125494
51.042324935296875,53.117306028743755,55.13584861245944,57.11769354285937,59.08243103885694,61.04928110290351,63.036877250893994,65.06312445711495,67.14524586787086,69.28140320452628,71.39524396631957,73.39239167947532,75.17929176458637,76.70419287048469,78.07600913315682,79.4412179903652,80.94146000954052,82.65087311044637,84.39349972736568,85.96178462910366,87.26305413395566,88.21607173752186,88.62186575913206,88.28356555354543,87.26305413395566,85.68747720506553,83.69581616089621,81.42551891938432,79.00940516699262,76.55676154976418,74.08834851214382,71.60531328843052,69.11035056824576,66.60678308270734,64.09821197634625,61.58856331145796,59.08243103885694
39.277966758374646,41.321576343709836,43.315775531050576,45.27627958133989,47.22056247277617,49.16707146484055,51.13480430224156,53.14307712975861,55.21139444304305,57.33955888073412,59.448165126820385,61.43801525389364,63.20993962983982,64.70657431700441,66.03769960600516,67.35489320302872,68.80974105926434,70.48770084138096,72.20970007930347,73.75611813624317,75.00968368417846,75.8709828817259,76.20967931274609,75.91804205408259,75.00968368417846,73.54373672210215,71.64006789005198,69.43372965198604,67.05977851568682,64.6317364140315,62.17697556229932,59.70135055688698,57.210756497913394,54.71116033478842,52.20865563748359,49.70955723829093,47.22056247277617
40.2673972508437,42.316268045062486,44.31368793708964,46.27619842746164,48.221750005166385,50.16907036151291,52.13732586731669,54.145936287991816,56.21447115414314,58.342773741860995,60.45146401370752,62.441363553937876,64.21331641321274,65.70996758086011,67.04110344376762,68.3583047536246,69.81315880633414,71.49112357886722,73.21312628043268,74.75954646971331,76.01311326759706,76.87441313713116,77.21310979798628,76.92147234250382,76.01311326759706,74.54716480571291,72.64349309360452,70.43714948309642,68.06318853564937,65.63512898167184,63.18033716478314,60.704657056945464,58.213964782850525,55.714193509583566,53.21137695231411,50.71172459712244,48.221750005166385
41.25968429103867,43.31275059078229,45.312734303156006,47.27684028157469,49.223400015094924,51.17136484139051,53.14003539044407,55.148913841225294,57.217621412395516,59.346033662884906,61.45479063088192,63.44472939213844,65.21670485930711,66.71336910778328,68.04451336332667,69.36172079492837,70.81657976582039,72.49454849927106,74.21655394994178,75.76297583166678,77.01654362163708,77.87784402452812,78.2165408678035,77.92490325610555,77.01654362163708,75.55059396935246,73.64691997133406,71.44057209669677,69.06660336207737,66.6385299559993,64.18371356147875,61.70798971702396,59.217219483871105,56.71730920764716,54.21424507010215,51.71415286009682,49.223400015094924
42.254250393996855,44.31065914761754,46.31268253811904,48.27805673549925,50.225417399288204,52.17389405052985,54.14289414637555,56.151985384622094,58.22083005277311,60.34932935086705,62.458139258695894,64.4481091508213,66.22010256230351,67.71677719320476,69.04792811006358,70.3651404005381,71.82000327501808,73.49797515226456,75.21998278490791,76.76640600992955,78.01997458732058,78.88127541353776,79.21997240160039,78.92833466591398,78.01997458732058,76.55402399021307,74.65034817786274,72.44399691877189,70.07002200343243,67.64193760281944,65.18710170066,62.71134314129951,60.22051102843267,57.720490414181825,55.21722973621246,52.7167882999762,50.225417399288204
43.25063288875262,45.30970245158858,47.31334775192279,49.279729721633586,51.22772656136168,53.17660964303073,55.145871380226154,57.155131540657095,59.2240850359332,61.35265342892619,63.46150535705661,65.45149995847441,67.22350761263004,68.72019048417107,70.05134668816726,71.36856283515742,72.82342880793225,74.50140318041963,76.2234125448998,77.76983683609839,79.02340603846636,79.88470720067801,80.22340430365843,79.93176646956226,79.02340603846636,77.55745469145154,75.65377743906251,73.44742349372152,71.07344367271781,68.645350545664,66.19049916005471,63.714713046743654,61.22383181766696,58.72372362094228,56.22030692615789,53.71958823751348,51.22772656136168
44.24846180499513,46.30964825175408,48.314582767750096,50.28176535540557,52.23026742921533,54.17947321766148,56.14894267008086,58.15833692471918,60.22737680444553,62.3560000413532,64.46488532223442,66.45489953587507,68.22691849461329,69.72360790681968,71.05476830724974,72.37198751517457,73.82685594707712,75.50483230004389,77.22684303908635,78.77326817651115,80.02683787492413,80.88813930381497,81.22683649800575,80.93519858580163,80.02683787492413,78.56088593270697,76.65720753735684,74.45085145993298,72.07686774528622,69.64876769200586,67.19390401703163,64.71809603368713,62.22717581963239,59.72699810416391,57.223457564526,54.72251877552621,52.23026742921533
45.24744175267014,47.31031153027226,49.316270499917906,51.284089010598905,53.232992278677884,55.18245427702017,57.152088624849284,59.16158932309834,61.23069777144008,63.35936454004357,65.46827629378636,67.45830607393856,69.23033400523401,70.72702860881105,72.05819233997184,73.37541397737235,74.83028436109183,76.50826228596948,78.23027411600435,79.77669992508004,81.03027001720446,81.89157165775883,82.23026892434336,81.93863095014491,81.03027001720446,79.56431760257452,77.66063830005461,75.45428053039242,73.0802937253498,70.65218817469099,68.19731474555138,65.72148940366743,63.23053824632274,60.730305350963064,58.22666650663692,55.72555299552994,53.232992278677884
46.34733717495564,48.411545008304216,50.41831784610247,52.38664138695759,54.33586320272835,56.28552860375227,58.25529384914702,60.26487903991648,62.33404191450046,64.46274323552655,66.57167600127585,68.56171813675283,70.33375318963726,71.83045191363378,73.16161828840927,74.47884185409231,75.93371378697373,77.61169295947997,79.33370565543706,80.88013199760286,82.13370240221644,82.99500421076834,83.33370153481184,83.04206351140843,82.13370240221644,80.66774961263201,78.76406959009034,76.55771047729581,74.1837212193985,71.75561130544932,69.3007301343669,66.82489101482311,64.33391529721075,61.83363860376096,59.329921729305084,56.82866952331305,54.33586320272835
47.34796041045303,49.413231518813774,51.42065080278989,53.389375374072685,55.33885009668934,57.288676969250815,59.258546120709184,61.268198378384355,63.337404453182074,65.46613319929855,67.57508264259235,69.56513458460819,71.33717528994288,72.83387728433482,74.16504575735624,75.48227085352218,76.93714401597657,78.61512417872765,80.33713756196832,81.88356432724825,83.13713497988473,83.9984369217764,84.33713429142516,84.04549622896774,83.13713497988473,81.6711818926986,79.76750129867489,77.56114111983436,75.18714991510129,72.75903653799477,70.30414922209259,67.82829916710082,65.33730395563697,62.83699249849769,60.33321368792912,57.83185138848282,55.33885009668934
48.34916206966411,50.41527789466787,52.423210565119774,54.392253552791715,56.34192905520791,58.29188410717249,60.261835736865095,62.271541228821874,64.34078159296021,66.46953210689841,68.57849478735949,70.56855451290042,72.34059970461382,73.83730429473064,75.16847443313566,76.48570074404927,77.94057488241788,79.61855583112764,81.34056975986603,82.88699686097203,84.14056771046454,85.00186975818809,85.34056716403373,85.0489290705791,84.14056771046454,82.67461438707167,80.7709333394621,78.56457231449954,76.19057956455956,73.76246343873606,71.30757124566473,68.83171251113157,66.34070182716437,63.840362777359445,61.33653480582423,58.835085118056696,56.34192905520791
49.350823302432055,51.417610080762294,53.42595041660863,55.395246206116,57.345081097499445,59.295137897721474,61.26515499543257,63.27490274150996,65.34417032194021,67.47293811333316,69.58191130026148,71.57197720363445,73.34402595620543,74.84073260655688,76.17190406678075,77.48913134184181,78.944006254795,80.6219878273211,82.34400218902158,83.89042955667304,85.14400056241027,86.00530269413267,86.34400012870783,86.05236201065071,85.14400056241027,83.67804705153995,81.77436564391891,79.56800394738835,77.19400997101539,74.76589166352923,72.310995599432,69.83512997589777,67.344107011256,64.84374606069241,62.339879068660025,59.83836001626986,57.345081097499445
50.3528496007424,52.42016923119394,54.42883325122321,56.398329736681774,58.3482911540349,60.298428719587804,62.2684977824501,64.27827906693253,66.3475682494672,68.47634975418873,70.5853312801816,72.57540208693088,74.34745366576671,75.84416195133156,77.17533446068563,78.49256250099205,79.94743802873401,81.6254200963838,83.34743480172665,84.89386238093545,86.14743351068427,87.00873570907657,87.34743316645438,87.05579502887022,86.14743351068427,84.68147985101297,82.77779815765051,80.5714359280958,78.1974409783014,75.76932093922557,73.31442180268414,70.83855071131809,68.34751799940992,65.84713966592204,63.34324170241095,60.84166759246958,58.3482911540349
51.45516584208157,53.52290859684355,55.53182960077815,57.5014854083373,59.45154726130421,61.40174893518483,63.37185924479985,65.38166714954296,67.45097347800642,69.57976586713231,71.68875401189294,73.67882871047212,75.45088253252233,76.94759211595948,78.27876545800993,79.59599410569263,81.0508701213931,82.72885258202308,84.45086756011517,85.99729530723718,87.25086653541405,88.11216878672232,88.45086626219859,88.15922810911584,87.25086653541405,85.78491275763929,83.88123083748367,81.67486818486724,79.30087246246714,76.87275104902585,74.41784947387825,71.94197404267358,69.45093359429916,66.95054146379836,64.44661891764785,61.94500110672648,59.45154726130421
52.457712331353534,54.52579104573677,56.5349160655759,58.504698345833376,60.45483992208813,62.40509248183285,64.37523553026766,66.38506456403661,68.45438450143881,70.58318552960299,72.69217892771323,74.68225671525082,76.45431231774559,77.95102293130628,79.28219693426905,80.59942606402703,82.05430246702072,83.73228523955933,85.45430043413273,87.00072831452755,88.25429962082683,89.11560191413454,89.45429940397557,89.16266123859157,88.25429962082683,86.7883457493133,84.8846636491518,82.6783006607509,80.3043043251329,77.87618182085593,75.42127831018175,72.94539943443375,70.45435284558684,67.95394976427828,65.4500077065209,62.94835520899194,60.45483992208813
53.560441644178596,55.62878708907478,57.63807406646795,59.607956739932135,61.558161597320364,63.508454547124146,65.47862358116522,67.48846938537496,69.5578001243288,71.68660800935312,73.79560557706873,75.78568581632119,77.55774283195832,79.05445426312964,80.38562879065933,81.70285830304094,83.15773501342959,84.83571803353041,86.5577333999251,88.10416138609864,89.35773275440374,90.21903508104646,90.55773258228879,90.26609440714128,89.35773275440374,87.89177880848969,85.98809656545738,83.78173331054414,81.40773648821454,78.97961311813998,76.5247080712351,74.04882646154425,71.55777499897897,69.05736322593836,66.55340568158593,64.05172565257472,61.558161597320364
54.6633161118358,56.731873310784124,58.741288852891415,60.711251215905804,62.6615063025354,64.61183131116114,66.58202097048787,68.59188008560804,70.66121939784091,72.79003272519078,74.89903360233632,76.88911578752055,78.66117392477115,80.15788600488108,81.48906094876008,82.80629076483046,84.26116771919874,85.93915093578983,87.66116643855926,89.20759450868943,90.4611659262086,91.32246827930928,91.66116578960084,91.36952760670403,90.4611659262086,88.9952119212428,87.09152956481387,84.88516609836955,82.51116888973654,80.08304483247753,77.62813856626416,75.15225478663702,72.66119945578495,70.16078078406784,67.65681094785664,65.15510906665028,62.6615063025354
55.76630581901064,57.835031118709125,59.844548714617844,61.814574331938275,63.764869287415806,65.71521974190824,67.6854257718477,69.69529545197221,71.76464156887269,73.8934592158194,76.00246271966876,77.99254644934281,79.76460547681964,81.26131807199289,82.59249334632875,83.90972340343716,85.36460055145227,87.04258392399781,88.76459953500796,90.31102767177455,91.56459912835494,92.42590150245535,92.76459901992929,92.47296083088186,91.56459912835494,90.09864507651972,88.1949626300878,85.98859899575116,83.61460148050884,81.18647687783088,78.73156964385083,76.25568414194134,73.76462574081924,71.26420159359111,68.76022200123688,66.25850277565252,63.764869287415806
56.869387010788984,58.93824575195711,60.94784435553214,62.91792018076957,64.86824678135251,66.81861743272326,68.78883645622363,70.79871452187811,72.86806603967929,74.99688711510504,77.10589270377534,79.0959776593135,80.86803739336398,82.36475039734356,83.69592593396332,85.0131561823838,86.4680334840965,88.14601698042323,89.86803267734408,91.41446086700003,92.66803235458335,93.52933474535124,93.86803226852585,93.57639407459665,92.66803235458335,91.20207826554788,89.29839574768052,87.09203198008764,84.7180342214893,82.28990918591185,79.83500118381431,77.35911431492664,74.86805347692408,72.36762498376245,69.86363764789675,67.36190465589452,64.86824678135251
58.25558820563187,60.37345797715018,62.45708606256953,64.52451029447874,66.59230801429824,68.67411529483576,70.77948568792567,72.91351185003217,75.07765054362838,77.26012086569916,79.40417976005442,81.44507638825831,83.32230876596208,85.01299476810216,86.61146772413548,88.2273740164438,89.94970539628841,91.80530917058948,93.64064913736733,95.30467244878582,96.8062492099291,98.1147361885277,98.75902823137875,98.25665703998197,96.8062492099291,94.75211397778756,92.32385646426235,89.69988944671555,87.03084630932241,84.422670807114,81.86577241660376,79.33507191168304,76.81387950644039,74.28914033312441,71.74947553495346,69.18553413043333,66.59230801429824
56.006534401903096,58.075187443341335,60.08466117210868,62.05465960028535,64.00493741870824,65.95527693570533,67.9254759290203,69.9353410679686,72.00468426000899,74.13350005025856,76.24250242506935,78.2325854908741,80.0046441357043,81.50135650948755,82.83253164178292,84.14976159528578,85.60463866006555,87.28262196557708,89.00463753006204,90.55106563818627,91.80463707797696,92.66593944305103,93.00463695743775,92.71299877103405,91.80463707797696,90.33868304628766,88.43500063854177,86.2286370763704,83.85463969291817,81.42651532467798,78.97160850667379,76.49572374505428,74.0046666636292,71.50424486994638,69.00026947109072,66.49855770068136,64.00493741870824
54.200782160967236,56.2690129483328,58.27823030815402,60.24806982826871,62.19824748497652,64.14852307368781,66.11868093823423,68.12851953396013,70.19784563006229,72.32665056779265,74.43564634328213,76.42572552871172,78.19778193693674,79.69449301667385,81.02566731872855,82.3428966666468,83.79777324490766,85.47575615859867,87.19777145113929,88.7441993918459,89.99777073349901,90.85907304581329,91.19777054215501,90.90613237120417,89.99777073349901,88.53181681956458,86.62813463794252,84.42177149758444,82.04777488445842,79.61965188653025,77.16474749994461,74.68886706538686,72.19781769769736,69.69740966063691,67.19345877292133,64.69179057786047,62.19824748497652
53.06010376729577,55.150690600416226,57.193103208457416,59.20667981697348,61.21015436916855,63.22089220003795,65.25419871535298,67.32294345537852,69.43783344833082,71.59265870962278,73.71874396498492,75.73370875960552,77.55773450692598,79.15195821178,80.62105120958964,82.097242274217,83.69879259406179,85.47643214455559,87.26296279432012,88.87710234611822,90.27601545419358,91.40799836081796,91.93794142406867,91.51388391229972,90.27601545419358,88.47098227481149,86.2814279266365,83.85876009772605,81.33798720763794,78.82275354322599,76.31932798452016,73.81761061029037,71.31242044329474,68.80062518796453,66.28001483123211,63.749470898694796,61.21015436916855
51.691622987354094,53.75812131500621,55.76628640314135,57.7354735225897,59.68523990046805,61.635252964850736,63.60524192186064,65.61497150560164,67.68422738754691,69.81298775252577,71.9219564234397,73.91201967138653,75.68406689339011,77.18077265818891,78.51194355025427,79.82917041089506,81.28404499090797,82.96202629529866,84.68404047089874,86.23046772398078,87.48403866255924,88.34534075817635,88.6840381804027,88.39240007292047,87.48403866255924,86.01808523227248,84.1144039793954,81.90804257152539,79.53404912231105,77.10593175257077,74.65103735236053,72.17517468993472,69.68415700391814,67.1838054670195,64.67995524734468,62.17846601047749,59.68523990046805
51.046592953002744,53.1215726996367,55.14011321392567,57.12195537565701,59.08668946421024,61.053535630832826,63.04112767744961,65.06737103164745,67.14948944637617,69.2856450660901,71.39948469770793,73.39663076063175,75.18352738530511,76.70842194999685,78.08022885587121,79.44542677884677,80.94565856995422,82.65506464703702,84.39768668538807,85.96596675545639,87.26722580009718,88.22022361032555,88.62600341404921,88.28771307295798,87.26722580009718,85.69167308409516,83.70003191895537,81.42974937804144,79.01364542836829,76.56100756162749,74.09259770483101,71.60956416789321,69.11460236805587,66.61103562134626,64.10246559355379,61.592818793540246,59.08668946421024
39.27774441545894,41.32135267788348,43.315551054599084,45.276054599579695,47.22033717138521,49.166845958986784,51.13457866465577,53.14285140707827,55.211168665522294,57.339333068387276,59.44793929329103,61.4377894079073,63.20971377667277,64.70634845968259,66.0374737460176,67.35466734109673,68.80951519577022,70.4874749766287,72.20947421367804,73.75589227008015,75.00945781770031,75.87075701507831,76.20945344604058,75.91781618742672,75.00945781770031,73.54351085600214,71.63984202467802,69.43350378796649,67.05955265414072,64.63151055688519,62.176749712959406,59.70112472143839,57.21053068722438,54.710934568242465,52.208429949549185,49.709331689980125,47.22033717138521
40.267174189859006,42.316043928569414,44.3134631750865,46.27597326355942,48.221524587236324,50.168844781163045,52.13710018235456,54.14571053546699,56.21424535808211,58.34254791815481,60.45123817318742,62.44113770353013,64.21309055710549,65.70974172145515,67.04087758224684,68.35807889056048,69.81293294203013,71.49089771356464,73.21290041443703,74.759320603291,76.01288740092464,76.87418727032428,77.21288393113339,76.92124647569031,76.01288740092464,74.5469389393406,72.64326722780851,70.4369236183754,68.06296267289156,65.63490312240619,63.18011131171359,60.704431214901945,58.213738960460276,55.71396772223474,53.21115122737531,50.711498983053445,48.221524587236324
41.25946065681222,43.31252611529996,45.3125093139927,47.27661497289618,49.22317450458189,51.171139201878006,53.13980966786514,55.148688065007235,57.217395601616886,59.34580783016199,61.45456478481293,63.44450353822131,65.21647900086617,66.7131432467249,68.04428750058892,69.36149493096568,70.8163539008736,72.4943226335317,74.21632808365234,75.7627499650387,77.01631775481047,77.87761815759478,78.21631500083367,77.92467738916696,77.01631775481047,75.55036810276403,73.64669410520304,71.44034623141897,69.06637749835778,66.63830409505147,64.1834877054489,61.707763869745776,59.21699365219274,56.71708340378436,54.2140193157843,51.7139271938082,49.22317450458189
42.25402630268654,44.310434386385595,46.31245736833149,48.27783131177914,50.22519181523785,52.17366836403785,54.14266839393122,56.15175958959519,58.22060423031175,60.349103510987035,62.457913408222566,64.4478832941187,66.21987670201028,67.71655133083402,69.04770224635993,70.3649145358622,71.81977740956108,73.4977492861785,75.21975691838526,76.76618014313811,78.01974872037157,78.88104954650403,79.2197465345377,78.92810879887608,78.01974872037157,76.55379812345313,74.65012231146582,72.44377105305217,70.06979613894948,67.64171174053646,65.18687584228046,62.711117289866394,60.2202851893818,57.72026459721016,55.21700395857101,52.71656259222367,50.22519181523785
43.25040843332242,45.309477463038604,47.313122438567106,49.279504206521224,51.227500918910565,53.17638391923715,55.145645604072016,57.15490573069937,59.22385920419839,61.352427583365284,63.46127950308741,65.45127409956095,67.22328175086662,68.71996462075872,70.05112082369698,71.36833696991545,72.82320294207031,74.50117731405842,76.22318667819204,77.7696109691773,79.02318017142022,79.88448133356464,80.22317843652206,79.93154060244557,79.02318017142022,77.55722882455545,75.65355157245455,73.44719762765106,71.07321780762902,68.6451246823213,66.19027329981023,63.71448719201268,61.22360597276415,58.72349779356503,56.220081130001034,53.71936249684012,51.227500918910565
44.24823705971939,46.30942308245412,48.31435734031392,50.281539767702355,52.230041740389964,54.17924746425281,56.14871687510468,58.15811110290943,60.227150965349836,62.35577419128313,64.4646594654905,66.45467367520679,68.22669263168297,69.7233820425806,71.05454244217094,72.37176164948329,73.8266300808938,75.50460643346426,77.22661717223168,78.77304230948718,80.02661200780088,80.88791343663836,81.2266106308109,80.9349727186224,80.02661200780088,78.56066006570282,76.65698167058139,74.45062559358414,72.0766418797165,69.64854182782207,67.19367815530688,64.71787017633856,62.2269499700847,59.72677226852704,57.2232317536713,54.72229300871676,52.230041740389964
45.24721677681044,47.31008621730407,49.316044981853715,51.28386336524702,53.23276655303171,55.18222850010048,57.15186281493183,59.16136349188075,61.23047192650169,63.35913868639446,65.46805043484008,67.45808021187746,69.23010814137751,70.72680274391575,72.05796647441008,73.37518811132443,74.83005849465343,76.50803641921652,78.23004824903308,79.77647405797438,81.03004415002002,81.89134579053203,82.23004305710208,81.93840508291603,81.03004415002002,79.56409173548462,77.66041243314623,75.45405466382263,73.08006785939841,70.65196230983959,68.19708888265177,65.72126354424122,63.230312393088255,60.73007950877012,58.226440684115175,55.72532720797196,53.23276655303171
46.34711201574426,48.41131958117592,50.4180922560549,52.38641569582896,54.335637447848896,56.28530280816838,58.255068027369234,60.264653201231326,62.33381606492452,64.46251737903668,66.57145014058152,68.56149227358623,70.33352732504565,71.8302260482177,73.16139242246419,74.47861598776137,75.93348792033282,77.61146709258944,79.33347978837327,80.87990613043239,82.13347653498343,82.99477834350171,83.33347566753372,83.04183764414014,82.13347653498343,80.66752374547403,78.76384372307643,76.55748461055066,74.18349535314417,71.75538544006805,69.30050427053476,66.82466515374786,64.33368944104997,61.83341275636417,59.329695897522356,56.82844371928422,54.335637447848896
47.347735105502444,49.41300600099413,51.420425155576346,53.3891496465978,55.338624318602044,57.28845115885093,59.25832028951697,61.26797253377184,63.33717859992517,65.4659073405539,67.57485678051057,69.56490872056418,71.3369494247678,72.83365141850535,74.1648198911069,75.4820449869666,76.93691814917497,78.6148983117279,80.33691169483104,81.88333846002632,83.13690911261318,83.99821105447816,84.3369084241178,84.04527036166819,83.13690911261318,81.67095602548659,79.76727543157722,77.56091525295,75.1869240486065,72.75881067219295,70.30392335752033,67.82807330471672,65.33707809715352,62.836766646970446,60.33298784879537,57.83162557137938,55.338624318602044
48.34893664890587,50.415052304814516,52.42298487251293,54.39202779646044,56.34170325869715,58.29165828501178,60.26160989820009,62.271315379504586,64.34055573678165,66.46930624636413,68.5782689241765,70.56832864815999,72.34037383897567,73.83707842857307,75.16824856664485,76.4854748773154,77.94034901548875,79.61832996404124,81.34034389267046,82.88677099370928,84.14034184316239,85.00164389086476,85.34034129670316,85.04870320325475,84.14034184316239,82.67438851981679,80.77070747229799,78.5643464475047,76.19035369787395,73.76223757260044,71.30734538050501,68.83148664770859,66.34047596683742,63.84013692255374,61.33630896085566,58.834859290574826,56.34170325869715
49.35059778967245,51.41738443370299,53.42572468796011,55.39502042687616,57.34485528636381,59.29491206622532,61.26492915083605,63.27467688845837,65.34394446344265,67.47271225137843,69.58168543620444,71.57175133834124,73.3438000901997,74.84050674013889,76.17167820009828,77.48890547496642,78.9437803877646,80.62176196016591,82.34377632177973,83.89020368937787,85.14377469508383,86.0050768267894,86.34377426135883,86.05213614330663,85.14377469508383,83.67782118425103,81.77413977670201,79.56777808030583,77.19378410417829,74.76566579712866,72.31076973380603,69.83490411165025,67.34388114946582,64.84352020328453,62.339653219060125,59.83813418054996,57.34485528636381
50.352624014907775,52.419943538709575,54.428607493960214,56.398103939256075,58.348065331290144,60.298202880681515,62.26827193314551,64.27805321091691,66.34734238912905,68.47612389110654,70.5851054154308,72.57517622119897,74.34722779946924,75.84393608470688,77.17510859385104,78.49233663400433,79.94721216162327,81.625194229174,83.34720893444809,84.89363651361455,86.14720764333856,87.00850984171753,87.34720729909074,87.05556916151053,86.14720764333856,84.68125398369702,82.77757229039173,80.57121006094368,78.19721511134406,75.7690950726147,73.3141959366881,70.83832484641613,68.34729213645838,65.84691380644877,63.343015849135014,60.841441750210706,58.348065331290144
51.454940198213556,53.52268286829228,55.53160382079865,57.50125959647538,59.451321429344446,61.40152309039681,63.37163339175832,65.38144129117475,67.45074761620734,69.57954000315527,71.68852814659152,73.67860284439195,75.45065666599331,76.94736624917076,78.27853959105457,79.59576823861575,81.05064425421861,82.72862671476993,84.45064169280744,85.99706943989585,87.25064066805302,88.11194291935072,88.45064039482337,88.1590022417437,87.25064066805302,85.78468689030191,83.88100497019168,81.67464231765987,79.3006465954144,76.87252518224813,74.41762360758847,71.94174817725218,69.45070773042579,66.95031560268575,64.4463930614542,61.94477525927738,59.451321429344446
52.457486641403136,54.525565288550936,56.53469026756302,58.50447252251213,60.454614082813876,62.404866632376255,64.37500967426004,66.3848387038011,68.45415863848018,70.58295966491569,72.69195306197477,74.68203084889427,76.45408645103281,77.95079706438739,79.28197106721785,80.59920019687938,82.05407659979558,83.73205937227182,85.45407456680186,87.00050244717002,88.25407375345367,89.115376046753,89.45407353659114,89.1624353712096,88.25407375345367,86.7881198819589,84.88443778183341,82.6780747934997,80.30407845800443,77.8759559539457,75.42105244365882,72.9451735686001,70.45412698098187,67.9537239018645,65.44978184801137,62.94812935742317,60.454614082813876
53.560215917639184,55.62856130915655,57.63784825413994,59.60773090751478,61.557935752240255,63.50822869396197,65.47839772280335,67.48824352365735,69.55757426044985,71.6863821441021,73.79537971098341,75.7854599497453,77.55751696509964,79.05422839610738,80.38540292353207,81.70263243583713,83.15750914616429,84.83549216621554,86.5575075325759,88.10393551872826,89.35750688702097,90.21880921365695,90.55750671489703,90.26586853975147,89.35750688702097,87.8915529411218,85.98787069811809,83.78150744325814,81.40751062102593,78.9793872511246,76.52448220452715,74.04860059538335,71.55754913379327,69.05713736249184,66.55317982123826,64.05149979773606,61.557935752240255
54.66309035624718,56.73164751281989,58.74106302920019,60.71102537626834,62.66128045284697,64.61160545505777,66.58179511025742,68.59165422271408,70.66099353323148,72.78980685949233,74.89880773597568,76.88888992077055,78.6609480577967,80.15766013777679,81.48883508157247,82.80606489758208,84.26094185190155,85.93892506845333,87.66094057119547,89.20736864130885,90.46094005881815,91.32224241191354,91.66093992220328,91.36930173930804,90.46094005881815,88.99498605386415,87.09130369745792,84.88494023105591,82.51094302250023,80.08281896537869,77.62791269940932,75.15202892021637,72.66097359013835,70.16055491980163,67.65658508605001,65.15488320921624,62.66128045284697
55.76608004036038,57.834805306419725,59.844322881906805,61.814348486569855,63.764643434069626,65.71499388347037,67.6851999101341,69.69506958814458,71.76441570368345,73.89323334976584,76.0022368530896,77.99232058245462,79.76437960975329,81.2610922048235,82.59226747909324,83.9094975361534,85.36437468412976,87.0423580566441,88.76437366763258,90.31080180438586,91.56437326095842,92.42567563505463,92.76437315252714,92.47273496348093,91.56437326095842,90.0984192091326,88.19473676271868,85.98837312841562,83.61437561323467,81.18625101066584,78.73134377687944,76.25545827531457,73.76439987480681,71.26397572867432,68.75999613827227,66.25827691615847,63.764643434069626
56.869161213831305,58.93801992829653,60.947618515661574,62.917694330852314,64.86802092510308,66.81839157243246,68.78861059333286,70.7984886573094,72.86784017402991,74.99666124876961,77.10566683702274,79.09575179231564,80.86781152622471,82.36452453012247,83.69570006668977,85.01293031507194,86.4678076167539,88.14579111305588,89.86780680995952,91.41423499960493,92.66780648718202,93.52910887794657,93.86780640112005,93.57616820719184,92.66780648718202,91.20185239815399,89.29816988030095,87.09180611273469,84.71780835418507,82.28968331869423,79.83477531675041,77.35888844813627,74.86782761062129,72.36739911832927,69.86341178401301,67.36167879476542,64.86802092510308
58.25557626210305,60.37346089294337,62.45711124949641,64.52456426161673,66.59239589585445,68.67424006800171,70.77964725721507,72.9137062290327,75.0778693499841,77.26035326304313,79.40442094736093,81.44533019349817,83.3225882257277,85.01331994458447,86.61185264460251,88.22782148480832,89.95020533724426,91.80584221545803,93.6412026062828,95.30524655541775,96.80686505117613,98.11542151464606,98.759757088851,98.25735620826121,96.80686505117613,94.75262682041406,92.32426490507495,89.70020527151758,87.0310911163715,84.42286984449001,81.86594467348758,79.33522951465419,76.81402897663416,74.28928320289376,71.74960865250809,69.18565005128089,66.59239589585445
56.006308633166,58.074961637209555,60.084435343274706,62.05443375738032,64.00471156693429,65.9550510782709,67.92525006794419,69.93511520454231,72.004458395069,74.13327418435763,76.24227655858414,78.2323596240453,80.00441826867745,81.50113064234614,82.83230577456798,84.14953572801723,85.60441279275392,87.28239609823078,89.00441166269164,90.55083977080105,91.80441121058305,92.66571357565243,93.00441109003759,92.71277290363525,91.80441121058305,90.33845717890416,88.4347747711783,86.22841120904427,83.85441382566026,81.42628945754142,78.97138263975249,76.4954978785161,74.00444079777402,71.50401900530925,69.00004360862384,66.49833184207276,64.00471156693429
54.20055645015634,56.268787178186216,58.278004501979325,60.247843999761216,62.19802164239198,64.14829722211843,66.1184550808843,68.1282936728796,70.19761976657891,72.32642470278394,74.43542047734593,76.42549966223012,78.19755607014076,79.69426714969602,81.02544145163401,82.34267079946713,83.79754737765963,85.47553029129557,87.19754558379796,88.74397352448102,89.99754486612036,90.85884717842724,91.1975446747664,90.90590650381772,89.99754486612036,88.53159095220248,86.6279087706122,84.4215456303134,82.04754901729567,79.61942601956008,77.16452163331618,74.68864119936661,72.19759183276128,69.69718379763432,67.19323291336376,64.69156472442732,62.19802164239198
53.0599711852946,55.15056512689327,57.192988558510365,59.20657946353619,61.21007132740482,63.22082858605769,65.254155128228,67.32291829926577,69.43782238113067,71.59265562130824,73.71874609150518,75.73371844805729,77.55775985290225,79.15201243810118,80.62114519236061,82.09738054004117,83.69897030639248,85.47663590827597,87.26318310702185,88.87733976530518,90.27628870370751,91.40833522569014,91.93832090365099,91.5142340856952,90.27628870370751,88.4711700292014,86.28153822856243,83.8588083112968,81.33799149424479,78.82273104934042,76.31929034050651,73.81756483226408,71.3123701974956,68.80057134028641,66.27995570080108,63.74940256468953,61.21007132740482
51.69139751414869,53.75789569253932,55.76606068998605,57.73524775319724,59.68501409561887,61.63502713736733,63.60501607981371,65.61474565415517,67.68400153004615,69.8127618911816,71.92173055975834,73.9117938063309,75.68384102754237,77.18054679188288,78.51171768365415,79.82894454408049,81.28381912392109,82.961800428173,84.68381460367678,86.23024185669954,87.48381279524324,88.34511489084167,88.68381231306162,88.39217420558487,87.48381279524324,86.0178593649982,84.1141781122012,81.90781670448055,79.53382325553905,77.10570588628408,74.65081148693497,72.1749488260416,69.6839311427569,67.18357961073012,64.67972939973549,62.17824017829864,59.68501409561887
51.04639169879418,53.12137341636769,55.13991695907593,57.121763172502895,59.08650224754051,61.05335411768584,63.040952166284555,65.06720115756032,67.14932395669486,69.28548208899164,71.39932337451496,73.39647185239767,75.18337354109406,76.7082776782174,78.08009827686077,79.44531220101167,80.94555895987462,82.65497531561125,84.39760405422919,85.96589119494892,87.26716554702006,88.22019232269129,88.62599293274066,88.28768815603996,87.26716554702006,85.69157739795058,83.6999071418305,81.4296030880155,79.0134847929946,76.56083851095428,74.092423999318,71.60938799394059,69.11442484725988,66.61085701934252,64.10228541316432,61.592635884078064,59.08650224754051
39.283955339049776,41.32760053002237,43.32182153488063,45.28233918521049,47.22663067926979,49.173145174287555,51.14088155714735,53.14915667491263,55.21747546417987,57.34564083918498,59.4542476553799,61.44409811772297,63.216022686931126,64.71265748591786,66.0437828466641,67.36097649602047,68.81582439430025,70.49378421027774,72.21578347170174,73.76220154310978,75.01576709952622,75.87706630163319,76.21576273421286,75.92412547421391,75.01576709952622,73.54982012727342,71.64615127568149,69.43981300116252,67.06586179829299,64.63781957822103,62.18305851638675,59.70743313710187,57.216838411745755,54.71724106054823,52.21473424747998,49.71563209043461,47.22663067926979
40.27340515811031,42.32230436082919,44.319741626354144,46.28226293355057,48.22782134821759,50.17514607596127,52.14340439731714,54.1520166363851,56.220552674275666,58.3488560060386,60.45754673041745,62.44744653676506,64.21939954943701,65.71605080583967,67.04718672569254,68.36438807708659,69.81924216316686,71.49720696257549,73.21920968279417,74.76562988355838,76.01919668817362,76.88049656132665,77.2191932234195,76.9275557668771,76.01919668817362,74.55324821821237,72.64957649059366,70.44323285115262,68.06927185086823,65.64121220290195,63.186420219250806,60.71073981465673,58.2200470116108,55.72027479523439,53.21745655825259,50.71780121909349,48.22782134821759
41.265707626855104,43.31879656852767,45.31879410627626,47.28290868420661,49.22947384994259,51.177442148152046,53.146114932868755,55.154994827301095,57.22370332863949,59.35211616973989,61.460873496935164,63.45081246941757,65.22278805834077,66.7194523772633,68.05059667800478,69.36780414257481,70.8226631399534,72.5006318947353,74.22263736021114,75.76905925105066,77.02262704636375,77.88392745212715,78.22262429638496,77.9309866838457,77.02262704636375,75.55667738766832,73.65300337733933,71.44665547973787,69.07268670318118,66.64461322250331,64.1897966956206,61.71407261562156,59.22330196261305,56.723390937757145,54.22032546675274,51.720230887515,49.22947384994259
42.260286031983696,44.31671281612596,46.31874720260743,48.28412823438548,50.23149321333244,52.179972621705446,54.14897449260198,56.15806687692208,58.22691228344769,60.355412050348974,62.46422224328826,64.45419230306908,66.22618581118991,67.72286049800525,69.05401145073819,70.37122376737986,71.82608666288235,73.50405855705955,75.22606620145373,76.77248943370961,78.02605801534122,78.88735884383819,79.22605583268054,78.9344180963264,78.02605801534122,76.56010741314543,74.65643159102416,72.45008031370656,70.07610536508128,67.64802090525785,65.19318489804076,62.717426151723316,60.22659370559984,57.726572497105536,55.22331076059808,52.722867443361395,50.23149321333244
43.256678326807844,45.315762238201415,47.31941628043738,49.28580368026847,51.233803947213694,53.18268921814699,55.151952364581774,57.161213434807465,59.230167516194655,61.3587362813049,63.467588435736815,65.4575831702262,67.22959090108517,68.72627381700573,70.05743004947547,71.37464621723464,72.82951220669511,74.50748659262044,76.22949596642728,77.77592026336765,79.0294894691014,79.89079063312253,80.22948773672184,79.93784990209568,79.0294894691014,77.56353811804803,75.65986085790377,73.45350689809618,71.07952705067342,68.65143387662386,66.19658240762921,63.72079614592691,61.22991465233355,58.7298059839236,56.226388448869415,53.72566826693401,51.233803947213694
44.254515044052845,46.31571290311949,48.32065436665101,50.287841267763426,52.23634606319101,54.185553589842044,56.15502416101529,58.164419137856214,60.2334594828188,62.36208301509163,64.47096847559428,66.46098279485601,68.2330018144745,69.72969126190527,71.06085168493493,72.37807090934422,73.83293935449024,75.5109157181227,77.23292646456777,78.77935160654987,80.03292130763425,80.89422273796129,81.23291993264328,80.94128202001849,80.03292130763425,78.56696936221168,76.66329096070623,74.45693487180017,72.0829511361845,69.65485104560344,67.19998730444547,64.72417920332066,62.23325877931214,59.733080689445444,57.22953948281719,54.72859950837733,52.23634606319101
45.25350119773343,47.31638004835786,49.32234453799857,51.29016647452261,53.239071903654974,55.18853528197991,57.15817051791568,59.16767178943908,61.23678060706398,63.365447610108745,65.4743595064208,67.46438937040583,69.23641735002249,70.73311198155733,72.06427573065554,73.38149738113978,74.83636777537066,76.5143457087137,78.23635754462401,79.78278335731686,81.03635345156158,81.89765509325582,82.23635236023026,81.94471438569792,81.03635345156158,79.57040103438749,77.66672172698209,75.46036394820646,73.08637712652077,70.6582715462562,68.20339806458612,65.72757262921851,63.236621305229164,60.73638811269595,58.232748738936536,55.73163428681016,53.239071903654974
46.35340155479442,48.41761659891927,50.42439382155688,52.3927200829241,54.3419436144938,56.291610111042914,58.26137606142362,60.27096170724015,62.340124874940074,64.46882638204846,66.57775926095735,68.56780146297336,70.33983655421066,71.83653530039743,73.16770168940991,74.48492526547756,75.93979720670188,77.61777638592713,79.3397890865476,80.8862154315843,82.13978583788075,83.00108764733739,83.33978497169034,83.04814694802192,82.13978583788075,80.67383304627705,78.77015301985776,76.56379389982989,74.18980462872292,71.76169469127555,69.30681347849941,66.83097428475672,64.33999843487574,61.83972150555067,59.336004210856444,56.83475125789175,54.3419436144938
47.3540287127509,49.419305550312636,51.42672831681884,53.39545504826785,55.34493113307411,57.29475887530086,59.26462858636694,61.27428120523774,63.34348751269161,65.47221640650557,67.58116593961567,69.57121793444412,71.34325867021965,72.8399606822241,74.17112916654544,75.48835427095369,76.94322744002987,78.62120760811382,80.34322099505582,81.88964776261437,83.14321841658659,84.00452035919636,84.34321772909071,84.05157966642295,83.14321841658659,81.67726532779776,79.77358473069637,77.56722454611472,75.1932333308971,72.76511993514004,70.31023258614533,67.83438247226138,65.34338715581411,62.84307551145517,60.339296367326256,57.837933474953786,55.34493113307411
48.355233488833576,50.421353864894975,52.42928930087089,54.39833400363163,56.34801058744475,58.2979663297553,60.26791840364666,62.27762418230003,64.34686473110392,66.47561536227215,68.58457811402135,70.57463788148002,72.34668309735449,73.84338770145038,75.17455784882418,76.49178416627973,77.94665830990405,79.62463926284653,81.34665319452264,82.89308029743724,84.1466511479899,85.00795319628338,85.34665060232396,85.0550125087024,84.1466511479899,82.68069782332495,80.77701677327263,78.57065574375332,76.19666298549177,73.76854684486528,71.31365462552829,68.837795844252,66.34678507695838,63.84644587855374,61.34261764226082,58.841167483853695,56.34801058744475
49.35689719774427,51.42368759064021,53.432030122391,55.401327273520536,57.35116302335186,59.301220371559964,61.271237821855635,63.280985795494004,65.35025352249733,67.47902140693736,69.58799465044768,71.57806058709099,73.3501093588387,74.84681602028537,76.17798748762779,77.49521476788121,78.95008968500585,80.62807126089147,82.35008562492362,83.89651299401054,85.15008400058923,86.01138613276397,86.35008356749384,86.05844544930423,85.15008400058923,83.68413048870929,81.7804490791494,79.57408737900217,77.20009339602436,74.771975076789,72.31707899184468,69.84121333121018,67.35019030043152,64.84982923192212,62.34596202974468,59.84444260378635,57.35116302335186
50.35892546280857,52.426247963649075,54.4349137271403,56.40441129354298,58.35437339233647,60.30451139286281,62.27458073558671,64.28436220069054,66.3536514995628,68.48243307813681,70.5914146490392,72.5814854821953,74.35353707625175,75.85024537062293,77.18141788562698,78.49864593005458,79.95352146110744,81.63150353142369,83.3535182386172,84.8999458189653,86.15351694938198,87.01481914813331,87.35351660563394,87.06187846794464,86.15351694938198,84.68756328890932,82.78388159400802,80.57751936158274,78.20352440654608,75.77540435814491,73.32050520505706,70.8446340842444,68.35360131984291,65.85322289274006,63.34932476243249,60.84775035597647,58.35437339233647
51.46124326606828,53.52898830000906,55.53791068809046,57.507567353736604,59.457629747619706,61.407831766762044,63.37794229851279,65.38775034661909,67.45705676742129,69.58584921516454,71.69483739557012,73.68491211510846,75.45696594923936,76.95367553966608,78.28484888620096,79.60207753715464,81.056953555483,82.73493601822932,84.45695099779029,86.00337874581655,87.25694997452351,88.11825222611677,88.45694970169049,88.16531154852427,87.25694997452351,85.79099619611272,83.88731427473573,81.68095161984091,79.30695589328002,76.87883447243722,74.42393288415666,71.94805742958012,69.45701693954146,66.95662473473756,64.45270205619795,61.95108400992429,59.457629747619706
52.463790995609145,54.53187151957631,56.540997638240455,58.51078059965093,60.4609226052668,62.41117543906047,64.38131866381048,66.39114781136928,68.46046782206179,70.58926889675095,72.69826232315279,74.68834012732574,76.46039573940897,77.95710635851731,79.28828036503933,80.6055094973935,82.06038590247292,83.73836867669132,85.46038387243055,87.00681175354308,88.26038306026311,89.121685353797,89.46038284371538,89.16874467826514,88.26038306026311,86.79442918824476,84.89074708711384,82.6843840969046,80.31038775798419,77.88226524783258,75.42736172673479,72.95148283243645,70.46043621052047,67.96003307023695,65.45609090740058,62.95443822306707,60.4609226052668
53.566521293196686,55.634868174737804,57.64415602441197,59.61403923856368,61.564244436758514,63.51453760408425,65.48470677807055,67.49455267259687,69.56388346972192,71.69269139167338,73.80168898184411,75.7917692343001,77.5638262575476,79.0605376931221,80.39171222347676,81.70894173791896,83.16381844996309,84.84180147139712,86.56381683871717,88.11024482546037,89.3638161940994,90.22511852092163,90.56381602222535,90.27217784702526,89.3638161940994,87.89786224778469,85.99418000398296,83.78781674763442,81.41381992268366,78.9856965479464,76.53079149276832,74.05490986835402,71.56385837954167,69.06344655969228,66.55948893193754,64.05780875465612,61.564244436758514
54.66939654268752,56.73795488213942,58.74737111666671,60.717333908860354,62.667589266002494,64.6179144472813,66.58810421768499,68.59796340449046,70.66730276289422,72.79611611955335,74.90511701452158,76.89519921018547,78.66725735347643,80.16396943708118,81.49514438320239,82.81237420090825,84.26725115659048,85.94523437423973,87.6672498777436,89.21367794832592,90.46724936611012,91.3285517193533,91.6672492296936,91.37561104675505,90.46724936611012,89.0012953608263,87.09761300378666,84.89124953620318,82.51725232548976,80.08912826452996,77.63422199175011,75.15833820043696,72.6672828487525,70.16686413988305,67.66289423747472,65.1611922385841,62.667589266002494
55.77238687054731,57.841113075613876,59.85063122115348,61.820657179135935,63.77095234932837,65.72130294085923,67.69150905896203,69.7013787959838,71.77072494953038,73.89954261973998,76.00854613773524,77.99862987572703,79.77068890799808,81.26740150594517,82.59857678206069,83.91580684046718,85.37068398952516,87.04866736291059,88.77068297450366,90.31711111162913,91.57068256841987,92.43198494263336,92.770682460146,92.47904427106545,91.57068256841987,90.10472851633226,88.20104606941561,85.99468243417479,83.62068491728127,81.192560311666,78.73765307247413,76.2617675612894,73.77070914363262,71.2702849669165,68.76630532202115,66.2645860030294,63.77095234932837
56.875468555053814,58.944328014907455,60.9539270547606,62.92400315039565,64.87432992140353,66.82470068154406,68.79491977502065,70.80479788583489,72.87414943272225,75.00297052661182,77.11197612650977,79.10206108864975,80.87412082650542,82.37083383268656,83.70200937071883,85.0192396201696,86.47411692271005,88.15210041970337,89.87411611708688,91.42054430702771,92.67411579477798,93.53541818563562,93.87411570884095,93.58247751488545,92.67411579477798,91.20816170554215,89.30447918729008,87.09811541897955,84.72411765907066,82.29599262116187,79.8410846149277,77.36519773867828,74.87413688755205,72.37370837098574,69.86972099341786,67.3679879272773,64.87432992140353
58.26155080452382,60.37941218192938,62.46302768617868,64.53043565973006,66.59821422058735,68.68000066001925,70.78535026567046,72.91935789217186,75.08348278557105,77.26594542938115,79.40999935780644,81.45088885742312,83.32810674132813,85.01876691498795,86.61720611694263,88.23307707024267,89.95537880292339,91.81096387313092,93.64629229997473,95.31030395064593,96.8118571305821,98.12030484752754,98.76457229297071,98.26221787750548,96.8118571305821,94.75778009485593,92.32958156837594,89.7056668770357,87.03666386207956,84.42851421752094,81.87163095649474,79.3409387301553,76.81975091942493,74.29501547492751,71.75535618611924,69.19142449656518,66.59821422058735
56.01261518663483,58.08126923451913,60.09074357429611,62.06074238118366,64.01102043830554,65.96136010764955,67.93155919897693,69.94142440117886,72.01076763395945,74.13958345007077,76.2485858406079,78.23866891565967,80.01072756581974,81.50743994268669,82.83861507696052,84.1558450319065,85.61072209784567,87.28870540429091,89.01072096942391,90.5571490779471,91.81072051797165,92.67202288317145,93.01072039760118,92.71908221116065,91.81072051797165,90.34476648600173,88.44108407771698,86.23472051454043,83.8607231292525,81.43259875774686,78.97769193394853,76.50180716201758,74.01075006221052,71.51032823574536,69.00635277847877,66.50464090422699,64.01102043830554
54.20686138666517,56.275093771000286,58.28431210048714,60.25415222166927,62.204330257248586,64.15460608777943,66.12476410790426,68.13460280403638,70.20392896480841,72.33273394359139,74.4417297440447,76.43180894415295,78.20386536083853,79.70057644547077,81.03175075066608,82.34898010087511,83.8038566809764,85.48183959614957,87.20385488971893,88.75028283105883,90.00385417308317,90.86515648559704,91.20385398200699,90.91221581099771,90.00385417308317,88.5379002587033,86.63421807622585,84.42785493427215,82.05385831823214,79.62573531512035,77.17083091933718,74.69495046841107,72.20390107154219,69.70349298244355,67.1995420020083,64.69787364211376,62.204330257248586
53.06613451386063,55.15671733154282,57.199123825540994,59.212692358179766,61.21615713122242,63.22688398750225,65.26017918973668,67.32891351809408,69.44379555218114,71.59861630616089,73.72469861562989,75.7396591384578,77.56367604068629,79.15788343061419,80.62695396915043,82.10312001694999,83.70464805194143,85.4822728848265,87.2687941852509,88.88292407268872,90.28181693812003,91.41376390406964,91.94368289088985,91.5196419365505,90.28181693812003,88.47683205949392,86.28732146706261,83.86468871326426,81.34394063803471,78.82872210204518,76.32530510165125,73.82359232230837,71.31840467914262,68.8066114584988,66.28600408596667,63.755465352468136,61.21615713122242
51.697695818096896,53.76419816299946,55.77236569193664,57.741554324960575,59.69132165712617,61.64133533068929,63.61132467966388,65.62105451638476,67.69031056127668,69.81907102969728,71.92803976351439,73.91810304844847,75.69015029177122,77.18685606890483,78.51802696888402,79.83525383529724,81.29012841994768,82.96810972807319,84.69012390626546,86.23655116094335,87.49012210045726,88.35142419657727,88.69012161897561,88.39848351134609,87.49012210045726,86.02416866904805,84.12048741401557,81.91412600212479,79.54013254556769,77.11201516276562,74.6571207393792,72.18125803570831,69.69024027616621,67.18988860814565,64.68603815485116,62.184548502690205,59.69132165712617
51.052662490605194,53.127641123923084,55.14617992756048,57.12801980062311,59.09275107247187,61.0595940173519,63.047182673628626,65.07342284360313,67.15553878170248,69.29169298212621,71.40553167949683,73.4026763782736,75.189570142409,76.71445929986312,78.08625847098737,79.45144735519551,80.95167069124811,82.66107096205103,84.4036892154956,85.97196529142137,87.27321568900807,88.22619713674172,88.63196518692688,88.2936830005521,87.27321568900807,85.69768298881095,83.70605825669996,81.4357878679684,79.01969202162618,76.56705890845977,74.09865168104974,71.61561953846146,69.12065849941611,66.6170923634485,64.10852322723862,61.59887796879494,59.09275107247187
39.28889685938416,41.33257139343581,43.32681037818341,45.28733923626895,47.231637819692935,49.17815684964472,51.145896154279455,53.15417315941164,55.22249316501819,57.35065931245191,59.45926659846597,61.44911733710046,63.22104206557327,64.71767695671114,66.04880237658192,67.36599606906508,68.82084400199287,70.49880384587465,72.22080312666588,73.76722120999709,75.0207867734027,75.88208597926717,76.22078241313199,75.9291451520325,75.0207867734027,73.5548397927636,71.65117092506759,69.44483262050821,67.07088136277892,64.64283904512139,62.18807781014475,59.71245212275643,57.221856848243135,54.72225851797003,52.219749961326684,49.72064470747647,47.231637819692935
40.27836260580007,42.32728522018682,44.324736803210016,46.28726702449785,48.232831073450726,50.180159403619314,52.14842004524013,54.15703378282382,56.22557078633004,58.353874731251,60.46256582855577,62.45246585420708,64.2244189932916,65.7210703228363,67.05220628961709,68.36940767524126,69.82426178882193,71.50222661037836,73.22422934596888,74.77064955619653,76.02421636635911,76.88551624249445,77.22421290560735,76.93257544819144,76.02421636635911,74.55826788974164,72.65459614934105,70.44825248605679,68.07429144222985,65.6462317168087,63.19143959573083,60.71575894658372,58.225065707636205,55.72529271405534,53.22247309284336,50.72281529463112,48.232831073450726
41.270677789368534,43.32378539033411,45.32379432153533,47.287915986265745,49.2344856286412,51.1824567880179,53.15113141511857,55.160012499246065,57.22872176712424,59.35713509493955,61.4658927181454,63.45583186469621,65.2278075539557,66.72447193093214,68.05561626892084,69.37282376065959,70.8276827798654,72.50565155222608,74.22765702990262,75.77407892825332,77.02764672796931,77.88894713609977,78.22764398116718,77.93600636793462,77.02764672796931,75.56169706399083,73.65802304351686,71.45167512699092,69.07770631587425,66.64963277371969,64.19481613775908,61.71909186365113,59.22832086464511,56.72840922285127,54.22534265295971,51.72524612126579,49.2344856286412
42.2652663327809,44.32170797587679,46.32375142409063,48.28913808804081,50.23650662306637,52.184988303560374,54.15399163725502,56.16308496603999,58.23193098105064,60.36043113428995,62.46924156218499,64.4592117601284,66.23120534788784,67.72788008078123,69.0590310630776,70.37624340128326,71.83110631411012,73.50907822223965,75.23108587631756,76.77750911453506,78.0310776996613,78.89237853003699,79.23107551952194,78.93943778261752,78.0310776996613,76.56512709327232,74.66145126309894,72.45509997076097,70.08112499470525,67.65304048608729,65.19820439229359,62.72244549190739,60.231612771151504,57.73159107294893,55.2283284641137,52.727883596767526,50.23650662306637
43.26166670385578,45.32076243985681,47.32442368623539,49.290815560978885,51.23881865225711,53.187705727337516,55.15697003510914,57.16623185508516,59.23518641947891,61.36375549124611,63.472607832170084,65.46260267632195,67.23461047039117,68.73129342288433,70.06244967881875,71.37966586369336,72.83453186690426,74.5125062639036,76.23451564539643,77.78093994706856,79.03450915557599,79.89581032108828,80.23450742519759,79.94286959013468,79.03450915557599,77.56855780119449,75.66488053465926,73.45852656292993,71.08454669373555,68.65645348095745,66.201601943246,63.725815559256475,61.23493384767839,58.734824790558804,56.231406563049106,53.73068515051119,51.23881865225711
44.25950984989464,46.32071711378813,48.32566430272753,50.292854758516555,52.24136179679877,54.190570755883584,56.16004224900789,58.16943782100671,60.2384785493644,62.3671023250438,64.47598793357005,66.4660023398727,68.23802140966183,69.73471088612055,71.06587132777426,72.38309056576816,73.83795902182791,75.51593539424988,77.23794614679531,78.78437129253301,80.03794099581887,80.89924242732943,81.2379396224162,80.94630170944481,80.03794099581887,78.57198904775476,76.66831064117679,74.46195454280843,72.08797078991255,69.65987066859243,67.20500687289336,64.72919867470735,62.2382780776787,59.73809967927535,57.23455792298904,54.73361697164299,52.24136179679877
45.25850111791959,47.3213874455614,49.32735648417945,51.295181243904,53.244088453935206,55.19355296948689,57.16318893730008,59.17269068125147,61.241799803197765,63.3704669994425,65.47937901324396,67.4694089463145,69.24143696575206,70.73813162032653,72.06929538420673,73.38651704547316,74.84138744836629,76.51936538868556,78.24137722943775,79.78780304511142,81.04137314110343,81.90267478373707,82.24137205103276,81.9497340762253,81.04137314110343,79.57542072183276,77.6717414104013,75.46538362411545,73.09139678871438,70.6632911840521,68.20841765909236,65.73259214668613,63.2416406853671,60.74140724793712,58.23776743787866,55.736652210270236,53.244088453935206
46.35840554169982,48.42262652816744,50.42940736430721,52.39773586761777,54.34696081315674,56.29662821251446,58.26639474386502,60.275980764679915,62.34514417393282,64.47384583438921,66.5827788065514,68.57282106340129,70.34485618624471,71.84155495071815,73.17272135146318,74.48994493608866,75.94481688418823,77.62279606895052,79.34480877341399,80.89123512081657,82.14480552849989,83.0061073387021,83.34480466331004,83.05316663942327,82.14480552849989,80.67885273523211,78.77517270561731,76.56881357962857,74.1948242976357,71.76671434082377,69.31183309368839,66.8359938387994,64.34501787991758,61.844740756210825,59.34102311520368,56.83976954666849,54.34696081315674
47.35903593212556,49.42431749106952,51.4317431274914,53.40047163910813,55.34994884647807,57.29977730538492,59.26964747761649,61.27930039414386,63.3485068933266,65.47723590885616,67.5861855159826,69.57623755433318,71.34827831519468,72.84498034171332,74.17614883534682,75.49337394654745,76.94824712108053,78.62622729355925,80.34824068355142,81.89466745298779,83.14823810806074,84.00954005126226,84.34823742135902,84.05659935851796,83.14823810806074,81.68228501795113,79.77860441831348,77.57224422900066,75.1982530051429,72.77013959401611,70.31525221775034,67.83940205533406,65.34840665237141,62.84809485372723,60.34431543471561,57.84295205372041,55.34994884647807
48.36024327679509,50.426367403337515,52.43430511835061,54.403351234495375,56.35302870947409,58.30298502068992,60.27293746063967,62.28264347555594,64.35188417654027,66.48063490431622,68.58959771481302,70.57965751681547,72.3517027526008,73.84840736821667,75.17957752298156,76.49680384582821,77.95167799378369,79.62965895021429,81.35167288431136,82.89809998871635,84.15167084014266,85.01297288890584,85.35167029510706,85.06003220134794,84.15167084014266,82.68571751442943,80.78203646236406,78.57567542908964,76.20168266397036,73.7735665111449,71.31867427016275,68.84281545036607,66.35180461440426,63.85146529354057,61.34763683906432,58.84618629280929,56.35302870947409
49.361909026271114,51.428702397891975,53.4370467392619,55.40634501248749,57.35618146975477,59.306239269551114,61.276257010407136,63.286005171575496,65.35527301936774,67.48404098048665,69.59301427062543,71.58308023468634,73.35512902223735,74.85183569282748,76.18300716603622,77.50023445056856,78.95510937113085,80.633090949785,82.35510531573865,83.90153268600852,85.15510369328064,86.01640582582816,86.35510326068555,86.06346514238678,85.15510369328064,83.68915018056865,81.78546876941101,79.57910706628334,77.20511307786255,74.77699474894486,72.32209864682068,69.84623295561235,67.35520987033118,64.85484870462422,62.35098132926902,59.84946159545808,57.35618146975477
50.363938912116865,52.431263778412614,54.43993097866981,56.40942943586498,58.35939209622474,60.30953045520701,62.27960002856116,64.28938164251267,66.35867103725722,68.4874526766921,70.59643428460382,72.58650513952139,74.35855674612097,75.8552650477493,77.18643756740948,78.50366561523329,79.9585411490146,81.63652322152822,83.35853793024685,84.90496551153385,86.15853664250089,87.01983884154814,87.35853629914993,87.06689816137397,86.15853664250089,84.69258298136785,82.78890128519842,80.58253905040758,78.20854409105078,75.78042403496471,73.32552486824122,70.84965372316196,68.35862091550146,65.85824241125175,63.35434414348941,60.852769492679585,58.35939209622474
51.466258002538055,53.534004914723425,55.542928443463154,57.51258581624789,59.46264865589302,61.412850959561,63.38296167437089,65.39276984062086,67.46207633751821,69.59086883356727,71.69985704334738,73.68993178015788,75.46198562424425,76.95869522043104,78.28986857066144,79.6070972243107,81.06197324480465,82.73995570929503,84.46197069006647,86.00839843883796,87.26196966798173,88.12327191980982,88.46196939546388,88.17033124222888,87.26196966798173,85.7960158890468,83.89233396666329,81.68597130989092,79.31197557990116,76.88385415295885,74.42895255385562,71.95307708001862,69.462036555645,66.96164428960891,64.4577215019692,61.95610326174484,59.46264865589302
52.468806754170245,54.53688876939374,56.54601579358578,58.5157993163257,60.465941675772484,62.416194735406265,64.3863381054553,66.39616734678681,68.46548741787689,70.59428853090672,72.70328198062322,74.69335979850514,76.46541541849007,77.96212604217017,79.2933000516254,80.610529186119,82.06540559291726,83.74338836851992,85.4654035652199,87.0118314469239,88.26540275399066,89.12670504771093,89.46540253769307,89.17376437218823,88.26540275399066,86.79944888155629,84.89576677962647,82.68940378792703,80.31540744628512,77.8872849312923,75.43238140160454,72.95650249201914,70.46545584285134,67.96505265396736,65.4611104045368,62.959457566260156,60.465941675772484
53.57153786328884,55.639885928751355,57.6491744972612,59.61905815698647,61.569263636035586,63.51955698261827,65.48972627193156,67.4995722408866,69.56890308594976,71.6977110383324,73.80670864700807,75.79678891034492,77.56884593986402,79.06555737906713,80.39673191174985,81.71396142789018,83.16883814129851,84.84682116383124,86.56883653191383,88.11526451912648,89.36883588804068,90.23013821501084,90.5688357163652,90.27719754112178,89.36883588804068,87.90288194139578,85.99919969695998,83.79283643942867,81.41883961231785,78.99071623373815,76.53581117174215,74.05992953519447,71.56887802475228,69.06846616632842,66.56450846984295,64.062828170374,61.569263636035586
54.674413757079236,56.74297303640583,58.75238984154754,60.72235298742221,62.67260856749019,64.62293389105008,66.5931237529908,68.60298299887117,70.67232239532373,72.80113577613626,74.91013668579193,76.90021889009196,78.67227703836072,80.16898912484548,81.50016407281448,82.81739389186814,84.27227084863313,85.95025406715442,87.67226957126353,89.21869764221846,90.47226906022107,91.33357141358164,91.67226892396214,91.3806307409892,90.47226906022107,89.00631505467517,87.10263269713226,84.89626922861001,82.52227201618217,80.09414795217262,77.63924167398142,75.16335787303794,72.67230250418584,70.17188376469959,67.6679138077391,65.16621171186645,62.67260856749019
55.77740459643775,57.84613154760663,59.85565014608994,61.82567638480751,63.77597173194363,65.72632243640606,67.69652862716309,69.70639841107314,71.77574459481929,73.90456228419953,76.01356581385221,78.00364955869854,79.77570859492047,81.27242119515346,82.60359647273557,83.92082653221178,85.37570368212914,87.05368705620673,88.77570266828018,90.32213080570138,91.57570226266546,92.43700463697216,92.77570215451668,92.48406396540881,91.57570226266546,90.10974821036984,88.20606576305377,85.99970212706786,83.62570460881358,81.19758000077769,78.74267275729083,76.26678723846253,73.77572880717969,71.27530460616293,68.77132491796917,66.26960552200163,63.77597173194363
56.88048668699531,58.949346739108435,60.95894613849268,62.92902245695886,64.87934936841167,66.82972021818793,68.79993936933099,70.80981751736078,72.8791690882177,75.00799019732307,77.11699580647354,79.10708077405395,80.87914051504544,82.37585352304092,83.70702906223724,85.02425931253704,86.47913661575959,88.15712011330228,89.87913581106707,91.42556400124262,92.67913548913046,93.54043788006209,93.87913540329271,93.58749720931554,92.67913548913046,91.21318139972956,89.30949888116047,87.10313511225854,84.72913735126959,82.30101231143956,79.84610430179644,77.3702174194803,74.87915655753908,72.37872802168525,69.87474060975116,67.3730074825142,64.87934936841167
58.270054956219596,60.38786543387285,62.47140464782383,64.53871403085829,66.60637640861688,68.6880364600438,70.79325999887742,72.92715521136213,75.09119640766188,77.27361248261708,79.41763629223539,81.45848255591108,83.33561253122652,85.02611604342162,86.62435050163413,88.24000708535918,89.96212896619205,91.81760056523821,93.65285898163566,95.31679988757595,96.81820999829385,98.12641949922258,98.77053769468432,98.26828507138413,96.81820999829385,94.76448603529684,92.33664534411345,89.71304805243433,87.04428839336204,84.43629557560598,81.879504071933,79.34886205260955,76.827702105873,74.30298927510812,71.76336339804054,69.19949062454063,66.60637640861688
56.02184798950766,58.090503562844404,60.099978828717425,62.06997820960987,64.02025662852326,65.97059652877657,67.94079576865944,69.95066106673374,72.02000436126337,74.14882021657294,76.25782263094612,78.24790572001334,80.01996437825179,81.5166767597927,82.84785189706528,84.16508185419856,85.61995892189498,87.29794222975542,89.01995779587067,90.56638590499855,91.81995734537753,92.6812597107679,93.01995722526284,92.72831903876649,91.81995734537753,90.35400331298231,88.45032090388085,86.24395733918075,83.86995995111049,81.44183557465541,78.98692874207511,76.51104395451527,74.01998682684703,71.51956495069425,69.01558940489537,66.51387737325166,64.02025662852326
54.21609182653626,56.28432663137163,58.29354643056351,60.2633874627725,62.2135660726002,64.16384226965232,66.13400052558433,68.14383937390019,70.2131656326911,72.34197067369678,74.45096651198722,76.44104573434356,78.21310216385274,79.70981325590441,81.04098756585992,82.35821691954106,83.8130935024318,85.49107641985148,87.21309171498004,88.75951965727981,90.01309099986685,90.87439331268322,91.21309080919664,90.92145263809871,90.01309099986685,88.54713708481182,86.6434549010379,84.43709175666572,82.06309513620903,79.63497212524058,77.18006771551683,74.70418723978155,72.21313779868603,69.71272963071414,67.20877850974546,64.70710990001574,62.2135660726002
53.07505186989145,55.165610341768385,57.20797976570938,59.22149933292755,61.22490481244134,63.235565125824536,65.268791731526,67.3374629279231,69.45229670209034,71.60709012494634,73.73315457120667,75.74808919072825,77.57205245749626,79.1661609138587,80.63509525526817,82.11110959060687,83.71250247576879,85.4900380488258,87.27650264596087,88.89057391862089,90.28934400852316,91.42107297740628,91.95084592224178,91.52690540200412,90.28934400852316,88.4846520765849,86.29540684522698,83.87298679430778,81.35238919428613,78.83726239279332,76.33389728659483,73.83221236851855,71.32704002860002,68.8152591452351,66.29466986726602,63.76416265769342,61.22490481244134
51.70691656521829,53.77342499901893,55.78159622744346,57.7507871545687,59.7005559331306,61.650570530017276,63.620560473085334,65.63029069324304,67.69954698511002,69.82830761031529,71.93727643947352,73.92733978046842,75.69938705610423,77.19609285193346,78.52726376390751,79.84449063906992,81.29936523074932,82.97734654453566,84.69936072665683,86.2457879837535,87.49935892468525,88.36066102156752,88.69935844422659,88.40772033637381,87.49935892468525,86.0334054915748,84.12972423327537,81.92336281529046,79.54936934760406,77.12125194500447,74.66635748649037,72.19049472030514,69.69947684932185,67.19912498256231,64.69527417517499,62.19378389356112,59.7005559331306
51.06181503047158,53.13678691413966,55.15531534666502,57.137141344244796,59.10185553922386,61.068678951508744,63.05624705291686,65.08246791755865,67.16456884026219,69.30071443573608,71.41454746889083,73.41168389701122,75.19856031799618,76.72341669169853,78.09516896700376,79.4603030483833,80.96047511997779,82.66984018589466,84.41243549035212,85.980687348479,87.28188531559564,88.23476754910783,88.64046432991415,88.30223159105473,87.28188531559564,85.70647397792814,83.71494888182197,81.44475217194626,79.02870545540623,76.57610116245336,74.10770987652624,71.62468618759293,69.12972976106518,66.6261673278905,64.11760359714081,61.60796768486216,59.10185553922386
39.28691922197436,41.330582016713294,43.32481380825348,45.285338182465566,47.22963392965945,49.17615114532933,51.143889281056076,53.15216553111382,55.22048505010247,57.348650888512594,59.45725798656733,61.44710861466662,63.2190332794228,64.71566813369401,66.04679352991099,67.36398720514052,68.81883512420677,70.49679495692496,72.218794229968,73.76521230852913,75.0187778691386,75.88007707349982,76.21877350685048,75.9271362461913,75.0187778691386,73.5528308918546,71.6491620306013,69.4428237380601,67.06887250227842,64.6408302236617,62.186069057953674,59.71044349382751,57.21984843901414,54.72025050043737,52.217742641341886,49.718638626423335,47.22963392965945
40.2763785963126,42.32529184438856,44.32273769942219,46.285264354462655,48.23082614931738,50.17815303827153,52.146412751629285,54.1550258897054,56.22356250690015,58.351866206516505,60.46055715462575,62.45045709254079,64.22241018105177,65.71906148133473,67.05019742934117,68.36739880127098,69.82225290384963,71.50021771654548,73.22222044598621,74.76864065242785,76.02220746037113,76.88350733531334,77.22220399801813,76.9305665409517,76.02220746037113,74.55625898641658,72.6525872511296,70.44624359738424,68.07228257097726,65.6442228765433,63.18943081044536,60.71375025913596,58.22305719457847,55.72328451193185,53.22046544450545,50.72080863008083,48.23082614931738
41.268688693055175,43.321788829004205,45.321793202040446,47.28591203156685,49.23247988298222,51.18044989769811,53.14912378772058,55.158004395889634,57.22671335710017,59.35512649019665,61.46388399497832,63.45382307189004,65.22579872100823,66.72246307475919,68.05360739784649,69.37081487871592,70.82567388918937,72.50364265451736,74.22564812731281,75.77207002265851,77.02563782061307,77.88693822779652,78.22563507254003,77.93399745958484,77.02563782061307,75.55968815874814,73.65601414233285,71.44966623337797,69.07569743608764,66.6476239185279,64.19280732620581,61.71708312975451,59.22631226917082,56.726400874193786,54.22333474393129,51.723238993351835,49.23247988298222
42.263273180445665,44.31970887893216,46.32174870183216,48.28713311252986,50.23450022488268,52.182980996374454,54.15198374485098,56.16107669578622,58.2299224673618,60.358422466039826,62.46723279993674,64.45720294260579,66.22919649850441,67.72587121296347,69.05702218343248,70.37423451301109,71.82909741890704,73.5070693214547,75.22907697165847,76.7755002074909,78.02906879121905,78.89036962084313,79.22906661007102,78.93742887338675,78.02906879121905,76.56311818650764,74.65944235955564,72.45309107322683,70.07911610814514,67.6510316190483,65.19619555989107,62.72043672114275,60.22960411025835,57.729582607972134,55.226320348126876,52.72587610092924,50.23450022488268
43.25967032046002,45.318761325804324,47.32241969003388,49.28880977450825,51.236811735861885,53.18569808916142,55.15496193231985,57.16422345234514,59.23317782350367,61.361746772587395,63.47059903890198,65.46059383918146,67.23260160796231,68.72928454582396,70.06044079237094,71.37765697039822,72.83252296810801,74.51049736067701,76.23250673909493,77.77893103887405,79.03250024627181,79.89380141118752,80.2324985150928,79.94086068020462,79.03250024627181,77.56654889322178,75.66287162924337,73.45651766228355,71.08253780179925,68.65444460451519,66.1995930942951,63.72380675922871,61.232925134859215,58.73281623324969,56.229398282768926,53.72867736255512,51.236811735861885
44.25751089453797,46.31871439585622,48.3236592942425,50.290848327919676,52.23935446890822,54.188562854922694,56.158033979204305,58.16742931309983,60.2364698880736,62.36509356637396,64.47397911568079,66.46399348716122,68.2360125368787,69.73270200172428,71.0638624359271,72.38108166848625,73.83595012017977,75.51392648908534,77.23593723919024,78.78236238342544,80.03593208583055,80.8972335168676,81.23593071179245,80.94429279895974,80.03593208583055,78.56998013882321,76.66630173427461,74.4599456396918,72.0859618937092,69.65786178468674,67.20299801080782,64.7271898514528,62.23626932364388,59.736091048676,57.23254951229001,54.73160895177239,52.23935446890822
45.256500116474086,47.31938345279826,49.32535067151619,51.29317430176924,53.24208079932046,55.19154485990461,57.161180534917435,59.17068208986575,61.239791090062965,63.36845820901466,65.47737017581244,67.46740008124415,69.23942808475064,70.7361227301077,72.0672864880741,73.38450814502693,74.8393785444546,76.5173564819829,78.23936832079802,79.78579413527913,81.03936423057212,81.90066587282996,82.23936313999712,81.94772516529972,81.03936423057212,79.57341181214022,77.66973250231948,75.4633747190382,73.08938788912423,70.66128229422267,68.2064087865817,65.73058330499612,63.23963189861823,60.73939855916346,58.23575892365406,55.73464400629078,53.24208079932046
46.35640291328848,48.42062152241422,50.42740091290794,52.395728519289406,54.344952899145085,56.2946199373184,58.26438623624182,60.27397210703208,62.343135419647496,64.47183701875434,66.58076995360892,68.57081218852156,70.34284729872041,71.83954605587795,73.17071245192915,74.48793603313092,75.94280797847995,77.62078716102704,79.34279986395305,80.88922621040913,82.14279661753761,83.00409842744153,83.34279575194748,83.05115772814804,82.14279661753761,80.67684382493556,78.77316379659918,76.56680467299518,74.19281539535743,71.76470544629262,69.30982421290324,66.83398498247692,64.34300906720276,61.842732021261796,59.33901451880317,56.83776119653771,54.344952899145085
47.35703201050608,49.422311680576236,51.42973616883737,53.398463968266626,55.347940726535256,57.29776889872167,59.26763888645594,61.277291683900586,63.34649810637886,65.47522707321397,67.58417665072889,69.5742286716677,71.34626942249312,72.8429714432051,74.17413993311311,75.49136504159631,76.94623821394627,78.62421838466679,80.34623177343869,81.89265854212381,83.1462291967564,84.00753113972117,84.34622850973695,84.05459044696522,83.1462291967564,81.68027610717516,79.77659550855219,77.57023532113216,75.19624410073104,72.76813069575319,70.31324333039768,67.8373931873976,65.34639781904696,62.84608608212726,60.342306773087245,57.8409435875741,55.347940726535256
48.35823832756613,50.42436095366165,52.4322977569056,54.40134330760122,56.35102042605354,58.30097650966886,60.27092880317056,62.280634723565726,64.34987536366762,66.47862605279396,68.58758883978778,70.5776486279704,72.34969385579004,73.84639846679713,75.17756861860508,76.49479493929492,77.94966908551766,79.62765004055278,81.34966397368129,82.89609107749001,84.1496619285668,85.01096397714207,85.34966138327904,85.05802328957495,84.1496619285668,82.68370860327298,80.78002755201297,78.57366652024082,76.19967375786513,73.77155760992005,71.31666537759743,68.8408065732115,66.3497957647216,63.84945649284978,61.34562812566159,58.84417773457187,56.35102042605354
49.35990326067746,51.42669544060651,53.43503905800637,55.40433688231775,57.3541730565629,59.304230675693475,61.27424830030577,63.28399638644947,65.353264185918,67.48203211636019,69.59100538784446,71.58107134093648,73.35312012216508,74.84982678909722,76.18099825995904,77.4982255427795,78.95310046196653,80.63108203951307,82.353096404698,83.8995237744946,85.1530947814893,86.0143969138877,86.35309434869407,86.06145623043895,85.1530947814893,83.68714126911017,81.78345985859175,79.57709815665646,77.20310417041321,74.77498584536914,72.32008975011803,69.84422407114133,67.35320100766481,64.85283988084343,62.34897257477104,59.8474529641219,57.3541730565629
50.36193249810074,52.42925641805425,54.437923043507965,56.40742114432598,58.35738358002135,60.30752179559707,62.27759127668355,64.28737283108595,66.35666218747512,68.48544380256155,70.59442539566703,72.58449624187858,74.35654784346005,75.85325614218502,77.18442865998244,78.50165670644753,79.95653223913729,81.6345143107718,83.35652901888028,84.90295659979166,86.15652773053853,87.0178299294674,87.3565273870287,87.06488924928742,86.15652773053853,84.69057406966968,82.78689237400758,80.58053014016312,78.20653518253468,75.77841512952307,73.32351596825477,70.84764483288379,68.3566120425298,65.85623356914404,63.35233535637286,60.85076080332104,58.35738358002135
51.46425107357015,53.53199723433066,55.54092030673,57.510577396611566,59.46064005792181,61.41084224776036,63.38095288933424,65.39076100831876,67.46006747477294,69.5888599514964,71.69784814952473,73.6879228794252,75.45997671952873,76.95668631341108,78.28785966216303,79.60508831473388,81.05996433436145,82.73794679815408,84.45996177844125,86.00638952691457,87.25996075588361,88.12126300761776,88.45996048323968,88.1683223300322,87.25996075588361,85.79400697715838,83.89032505517754,81.6839623991563,79.30996667053834,76.88184524603625,74.42694365126283,71.95106818513128,69.46002767449397,66.95963543295488,64.45571268896256,61.95409452633157,59.46064005792181
52.466799416296666,54.534880834916834,56.54400749683657,58.51379079500684,60.463933012897385,62.41418598217989,64.38432929409953,66.39415849791563,68.46347854484262,70.5922796425336,72.70127308292263,74.69135089532006,76.46340651214376,77.96011713399486,79.2912911422766,80.60852027591426,82.0633966820249,83.74137945707378,85.46339465338937,87.00982253485675,88.26339384178479,89.12469613543051,89.46339362538714,89.17175545990415,88.26339384178479,86.79743996951684,84.89375786790666,82.68739487680338,80.31339853625025,77.88527602319428,75.43037249694306,72.95449359347353,70.46344695520828,67.96304378576777,65.45910157098072,62.95744879429171,60.463933012897385
53.56953020074796,55.63787779256195,57.647166073489004,59.61704955495479,61.567254921643254,63.51754819651106,65.4877174396858,67.49756337886431,69.56689420474899,71.6957021449571,73.80469974622956,75.79478000521335,77.56683703222338,79.06354846997479,80.39472300172613,81.71195251718711,83.16682923004964,84.84481225214282,86.56682761992033,88.1132556069452,89.36682697574935,90.22812930266028,90.56682680399436,90.27518862876829,89.36682697574935,87.9008730292365,85.99719078505437,83.79082752799621,81.41683070174962,78.98870732470714,76.53380226543877,74.05792063374527,71.56686913195645,69.06645728896495,66.56249961997644,64.06081936939074,61.567254921643254
54.67240583677501,56.74096474008826,58.750381316945706,60.720344321324106,62.67059981220672,64.62092507884458,66.59111490416431,68.60097412641073,70.67031350764123,72.79912687879073,74.90812778257046,76.89820998341547,78.67026812969274,80.16698021502532,81.49815516225505,82.8153849807695,84.27026193710134,85.94824515527377,87.67026065914074,89.21668872994658,90.47026014786182,91.33156250117544,91.67026001153984,91.37862182858065,90.47026014786182,89.00430614242077,87.10062378507922,84.8942603169325,82.52026310519057,80.09213904240112,77.63723276637481,75.16134896928413,72.67029360730024,70.16987488006276,67.66590494492684,65.16420288785352,62.67059981220672
55.77539647149949,57.84412312417709,59.85364154145236,61.82366766785694,63.77396294420366,65.72431360348585,67.6945197651763,69.70438953032786,71.77373570199214,73.90255338370284,76.01155690869179,78.00164065079582,79.77369968543714,81.27041228475561,82.60158756175096,83.91881762079922,85.3736947703728,87.05167814417348,88.77369375605471,90.32012189335761,91.57369335025236,92.43499572452177,92.77369324205351,92.48205505295657,91.57369335025236,90.10773929803995,88.20405685088367,85.99769321519585,83.62369569748597,81.1955710904185,78.7406638486499,76.26477833287953,73.77371990704805,71.27329571575319,68.7693160448817,66.26759667970967,63.77396294420366
56.87847839960921,58.94733821477858,60.956937470326125,62.927013699644846,64.8773405549102,66.82771136882612,68.79793049689869,70.80780863003977,72.87716019130725,75.00598129432527,77.11498689977412,79.10507186517802,80.87713160491492,82.37384461218454,83.70502015091516,85.0222504008753,86.47712770382498,88.15511120114789,89.87712689876012,91.42355508884177,92.67712657667457,93.5384289675766,93.8771264907971,93.58548829682861,92.67712657667457,91.21117248733972,89.30748996889746,87.10112620023212,84.72712843967528,82.29900340061388,79.84409539233457,77.36820851244552,74.87714765483103,72.3767191266935,69.8727317285082,67.37099862571392,64.8773405549102
58.2647264271357,60.3825992549,62.4662319210327,64.53366207246603,66.60146676785516,68.68328163636478,70.7886595978379,72.92269250842833,75.08683622640515,77.26930934397035,79.41337004631347,81.45426926987712,83.331506924432,85.02220233005458,86.62068757496104,88.23660673302946,89.95894890631237,91.81455949003197,93.64990365802208,95.31393121462045,96.81551656062629,98.12401783249524,98.76831882998385,98.26594153134998,96.81551656062629,94.76136014165832,92.33308115307696,89.7090950851122,87.04003734011911,84.43185242367403,81.87494852479546,79.3442450057836,76.82305092775353,74.29831039683343,71.7586435927874,69.19469865118744,66.60146676785516
56.0156246556795,58.084279201147496,60.09375384300559,62.06375283712647,64.01403101226032,65.96437075692411,67.93456989670845,69.9444351301828,72.01377838310518,74.14259421200249,76.25159661031464,78.24167968993807,80.0137383427332,81.51045072112476,82.84162585637672,84.1588558120362,85.61373287854852,87.29171618545541,89.01373175090882,90.56015985962924,91.81373129976939,92.67503366503136,93.01373117948238,92.72209299302362,91.81373129976939,90.34777726766077,88.4440948591096,86.23773129543609,83.86373390924061,81.43560953612052,78.98070270945763,76.50481793242872,74.01376082353367,71.51333898086101,69.00936349471628,66.50765156912517,64.01403101226032
54.209870084928184,56.27810325880026,58.28732206768669,60.25716248603456,62.20734070892664,64.15761665901223,66.12777475605446,68.13761350182705,70.20693969457164,72.33574469365092,74.44474050644624,76.43481971381152,78.20687613468002,79.70358722173239,81.03476152848043,82.35199087982201,83.80686746083316,85.48485037673913,87.20686567081707,88.75329361247009,90.00686495467797,90.86816726729052,91.20686476373423,90.91522659269602,90.00686495467797,88.54091104007787,86.63722885717752,84.43086571443493,82.05686909695427,79.62874609127974,77.1738416909493,74.69796123193078,72.2069118206357,69.70650370580955,67.20255267953402,64.70088423814632,62.20734070892664
53.069217176343074,55.159805471492774,57.20222030566592,59.21579985461412,61.21927796739487,63.23001979409523,65.26333042847081,67.33207895934225,69.44697185007655,71.60179875245454,73.7278850803979,75.74285143034973,77.5668803981024,79.1611100430763,80.63021121805838,82.10641139096742,83.70796982435951,85.48561473326059,87.27214878693287,88.88629185732078,90.28521233528141,91.41720832697074,91.947160155741,91.5230966159065,90.28521233528141,88.48016157061762,86.29059129167328,83.86791069231506,81.34712876733536,78.83188959475117,76.32846092000133,73.82674187278977,71.32155078687575,68.80975479072218,66.28914334745036,63.758597521954385,61.21927796739487
51.700701354708954,53.767205685731625,55.77537442139483,57.74456380272596,59.69433160668814,61.64434558142801,63.614335124188585,65.62406508598184,67.69332121143401,69.82208173099585,71.93105049591207,73.92111379913251,75.69316105299538,77.18986683622728,78.52103774011903,79.83826460938613,81.29313919632932,82.97112050630135,84.69313468577518,86.23956194124202,87.49313288121843,88.35443497758706,88.69313240007047,88.40149429236814,87.49313288121843,86.02717944925429,84.12349819315617,81.91713677927754,79.54314331909023,77.11502592983045,74.66013149498582,72.1842687709235,69.69325097503065,67.19289924218387,64.68904867338863,62.18755881590786,59.69433160668814
51.05569223805935,53.13067239005906,55.14921352720735,57.13105652225725,59.095791636389364,61.06263897606651,63.050232257123824,65.07647677071287,67.15859608719354,69.29475222367714,71.4085921954583,73.40573875507359,75.19263642127969,76.71753295476465,78.08934267688144,79.45454389088684,80.95477876048503,82.66418695163321,84.40681036806588,85.97509189239673,87.27635408541335,88.2293578531714,88.63514193630022,88.29684862611882,87.27635408541335,85.70079408168206,83.70914693326301,81.4388599677096,79.02275306758439,76.57011347004648,74.10170265587783,71.61866861125041,69.12370653440482,66.62013956532086,64.11156921289844,61.60192185159097,59.095791636389364
39.291059732787446,41.33474709956297,43.32899394746454,45.28952770701977,47.233829390814805,49.180350404012145,51.14809098641409,53.15636881693963,55.22468935448188,57.352855839717904,59.46146333119559,61.45131419065919,63.223238988782356,64.71987392022021,66.05099936594759,67.36819307729115,68.8230410253714,70.5010008814564,72.22300017071743,73.76941825926293,75.0229838257251,75.8842830332328,76.22297946765963,75.93134220607887,75.0229838257251,73.55703684141847,71.65336796667972,69.4470296489829,67.07307836726213,64.645036006928,62.19027469623191,59.71464887410232,57.22405335942892,54.724454600981616,52.221945281828965,49.722838673666914,47.233829390814805
40.28053244479162,42.329465297851016,44.326923142335914,46.28945726200228,48.23502377497812,50.18235368058049,52.150615336912296,54.15922972983469,56.2277671556288,58.35607136869902,60.4647626290936,62.45466275065185,64.22661594501972,65.72326730655124,67.05440329385476,68.37160469444865,69.82645882005588,71.50442365129808,73.22642639361109,74.77284660797737,76.02641342056594,76.88771329800554,77.22640996156449,76.93477250376658,76.02641342056594,74.56046494103754,72.65679319504713,70.45044952133563,68.07648845846644,65.64842869917237,63.19363651799435,60.71795576189817,58.22726233232004,55.727488998848315,53.224668772277724,50.72500989865917,48.23502377497812
41.27285318896979,43.32596895021425,45.32598286409561,47.290107628075305,49.23667922820249,51.18465163884106,53.153327071662915,55.16220867607399,57.23091827917915,59.35933181984696,61.46808957250559,63.458028795180866,65.23000452831991,66.72666893068472,68.05781328496253,69.37502078858284,70.82987981733424,72.50784859738259,74.22985408039477,75.77627598203028,77.02984378367182,77.89114419283746,78.22984103825888,77.93820342472316,77.02984378367182,75.56389411738292,73.66022009247226,71.4538721676702,69.0799033414396,66.65182977239976,64.19701308873668,61.721288729740124,59.23051757942078,56.73060566782462,54.22753861736223,51.727441231809934,49.23667922820249
42.26744616616962,44.32389430752218,46.32594171868193,48.2913308457306,50.238700935921436,52.18718361007184,54.15618758348498,56.16528132530807,58.23412760642438,60.362627928618906,62.47143845926594,64.46140871763129,66.23340234021865,67.7300770932631,69.06122808848826,70.37844043612441,71.83330335652767,73.51127527075889,75.23328292907175,76.7797061698964,78.0332747565509,78.89457558774822,79.23327257751419,78.94163484036912,78.0332747565509,76.56732414832817,74.6636483146334,72.4572970157266,70.08332202767491,67.6552374977179,65.20040136606211,62.72464239829782,60.23380955743836,57.73378764507419,55.23052465474825,52.73007910950024,50.238700935921436
43.26385006923003,45.32295097646781,47.32661537341271,49.293009205152586,51.24101353158409,53.189901395663725,55.159166211317114,57.16842835917765,59.2373831348022,61.365952340678106,63.47480476315967,65.46479965526967,67.23680747698228,68.73349044546953,70.06464671166563,71.38186290402527,72.83672891324956,74.51470331509185,76.23671269994594,77.78313700368741,79.03670621340783,79.89800737957223,80.23670448390459,79.94506664865068,79.03670621340783,77.57075485757085,75.66707758824069,73.4607236112977,71.08674373258202,68.658650502867,66.203798935104,63.728012497635234,61.23713069072704,58.737021463615065,56.233602933277325,53.73288098256609,51.24101353158409
44.26169602676559,46.32290740364993,48.32785709646225,50.295049106803376,52.243557125943056,54.19276671146724,56.16223860778382,58.17163444006003,60.24067533608593,62.36929921821306,64.4781848914737,66.46819933584152,68.2402184275715,69.73690791672485,71.0680683665233,72.38528761045811,73.84015607129072,75.51813244755651,77.24014320276981,78.78656835014993,80.04013805439854,80.90143948642668,81.2401366816905,80.9484987685675,80.04013805439854,78.57418610517922,76.67050769638291,74.46415159387644,72.09016783342351,69.66206769866045,67.20720387910922,64.73139563847593,62.24047496578129,59.74029643244721,57.236754435781734,54.73581305721021,52.243557125943056
45.26068953143635,47.32357912898014,49.32955015698507,51.29737615136763,53.24628414023098,55.19574915312046,57.165385441001916,59.17488739155783,61.24399664659143,63.37266392732728,65.48157599250979,67.47160595579317,69.24363399264534,70.74032865729563,72.07149242764035,73.38871409362207,74.84358450030345,76.5215624436736,78.24357428654326,79.7900001035205,81.04357020027666,81.90487184332113,82.24356911075732,81.95193113582954,81.04357020027666,79.57761778008913,77.67393846689697,75.46758067732667,73.09359383592755,70.66548822059556,68.21061467670418,65.73478913060704,63.243837609230354,60.74360406470092,58.23996406383807,55.73884849709201,53.24628414023098
46.3605957337039,48.424819318915986,50.431601735333736,52.39993121910322,54.34915678300658,56.29882457718509,58.26859136260825,60.27817754741926,62.347341062309255,64.47604278982851,66.5849758027727,68.57501808360281,70.34705322026836,71.84375199273903,73.17491839861495,74.49214198698299,75.9470139380893,77.62499312527308,79.34700583141718,80.89343217985443,82.14700258814423,83.00830439867252,83.34700172339198,83.0553636994097,82.14700258814423,80.6810497941487,78.77736976313645,76.57101063454085,74.19702134778731,71.76891138250681,69.31403012034525,66.83819083871549,64.34721483216491,61.84693762345023,59.34321983099184,56.84196599325236,54.34915678300658
47.361227537775,49.42651116150309,51.43393805301271,53.40266734314184,55.35214504143704,57.30197381376598,59.27184418767669,61.28149723437667,63.35070381740721,65.47943288616597,67.58838252566164,69.57843458304554,71.35047535487773,72.84717738774381,74.17834588544972,75.49557099962081,76.95044417654034,78.62842435094097,80.3504377422671,81.89686451252467,83.15043516807901,84.01173711153933,84.35043448172459,84.05879641880773,83.15043516807901,81.68448207739178,79.78080147664494,77.57444128526308,75.20045005762677,72.77233663977844,70.31744925158634,67.8415990679457,65.35060362714772,62.85029176103076,60.34651222180614,57.84514862712405,55.35214504143704
48.36243600575523,50.42856177248015,52.43650048417422,54.405547218427415,56.35522508313517,58.305181643147435,60.27513424318363,62.284840361423505,64.35408112896012,66.48283189898501,68.59179473517361,70.58185455228295,72.35389979677575,73.85060441742958,75.18177457542674,76.49900090063107,77.95387505048069,79.63185600843673,81.35386994359254,82.90029704864932,84.1538679004577,85.01516994942628,85.35386735569776,85.06222926187849,84.1538679004577,82.68791457428603,80.78423352134033,78.57787248642367,76.20387971830536,73.775763560145,71.32087130969688,68.84501247305428,66.35400160706217,63.8536622326441,61.349833682750884,58.84838296688031,56.35522508313517
49.36410264762358,51.43089732191727,53.439242454679444,55.4085412186258,57.35837798527251,59.308435982559615,61.278453850484894,63.288202093664765,65.35746999428099,67.48623798893345,69.59521129946404,71.58527727551535,73.35732606997753,74.8540327445663,76.18520422034052,77.50243150674413,78.9573064288098,80.6352880086747,82.35730237546869,83.90372974625586,85.15730075383124,86.0186028865418,86.35730032145496,86.0656622031084,85.15730075383124,83.69134724075536,81.78766582889901,79.58130412446789,77.20731013366677,74.77919180051475,72.32429569087742,69.84842998629841,67.35740687718192,64.85704566896806,62.353178217877954,59.85165834943544,57.35837798527251
50.366133242278806,52.43345914304837,54.44212697163951,56.41162581840052,58.3615887243472,60.31172724009117,62.28179691430563,64.29157859335194,66.36086803002381,68.48964969607462,70.59863132017145,72.58870218460589,74.36075379669089,75.85746210149294,77.18863462318934,78.50586267249838,79.96073820747293,81.63872028094752,83.36073499033313,84.90716257203073,86.16073370323846,87.0220359024151,87.36073336006116,87.06909522224731,86.16073370323846,84.69478004181661,82.79109834509259,80.5847361092672,78.21074114802116,75.78262108857429,73.32772191588757,70.85185076019596,68.36081793361717,65.86043939562923,63.356541067754534,60.85496631008273,58.3615887243472
51.468452895608586,53.53620062919788,55.54512465677611,57.51478233881019,59.46484537339815,61.41504780149627,63.385158596362444,65.39496681427956,67.46427334445522,69.59306586162955,71.7020540842559,73.69212882861996,75.46418267706014,76.96089227576591,78.29206562761246,79.60929428244056,81.06417030388158,82.74215276913469,84.46416775043548,86.01059549953288,87.26416672886769,88.12546898079847,88.46416645648767,88.17252830322259,87.26416672886769,85.79821294970355,83.89453102687983,81.68816836928634,79.31417263779707,76.88605120818728,74.43114960435108,71.95527412209097,69.46423358270184,66.96384128988741,64.4599184545355,61.95830012949172,59.46484537339815
52.471002094227245,54.53908476161472,56.548212181816766,58.51799595004003,60.46813846422586,62.41839162262512,64.38853505621704,66.39836433855767,68.46768443606109,70.59648556585825,72.70547902577081,74.69555684964804,76.46761247308858,77.964323098768,79.29549710950596,80.61272624493523,82.06760265248518,83.74558542869322,85.46760062581335,87.014028507776,88.26759981499438,89.12890210879618,89.4675995988062,89.17596143327748,88.26759981499438,86.80164594237807,84.89796384009891,82.69160084774771,80.31760450491564,77.88948198780571,75.4345784543613,72.95869953809049,70.46765287700481,67.96724966686665,65.4633073795663,62.961654473966504,60.46813846422586
53.57373355824885,55.64208214146991,57.65137102434454,59.621254878930216,61.57146048080388,63.52175390578007,65.49192324552872,67.50176924703327,69.57110011306092,71.69990807875192,73.80890569552025,75.79898596361558,77.57104299587739,79.06775443666734,80.3989289703682,81.71615848725114,83.1710352012561,84.84901822426932,86.5710335926854,88.11746158010335,89.37103294913791,90.23233527617276,90.57103277754922,90.27939460228686,89.37103294913791,87.9050790023486,86.0013967576355,83.79503349958689,81.42103667153148,78.99291329127136,76.53800822629375,74.06212658443984,71.57107506453838,69.07066318924491,66.56670546270179,64.06502510979723,61.57146048080388
54.67660973380765,56.74516942416497,58.75458647885057,60.72454977939874,62.67480545695773,64.62513084274065,66.59532074471281,68.60518001642808,70.67451942952033,72.8033328208957,74.91233373697457,76.90241594505144,78.67447409549706,80.17118618324135,81.5023611320184,82.81959095166147,84.27446790890002,85.95245112780269,87.67446663217648,89.22089470329436,90.47446612139248,91.33576847480442,91.67446598520246,91.38282780221448,90.47446612139248,89.00851211573197,87.104829757969,84.89846628903615,82.52446907585856,80.09634501051528,77.64143872995754,75.1655549248025,72.67449954844254,70.17408079556685,67.67011081474934,65.16840867646405,62.67480545695773
55.77960079685738,57.84832807431545,59.857846870882284,61.82787323237228,63.77816865689027,65.72851941074047,67.698725633271,69.70859543768643,71.7779416346396,73.90675933240362,76.01576286715445,78.00584661499842,79.77790565294814,81.27461825418081,82.60579353240428,83.92302359234831,85.37790074264154,87.0558841170218,88.77789972930532,90.32432786685587,91.57789932389578,92.43920169824322,92.77789921580168,92.48626102668186,91.57789932389578,90.11194527150919,88.20826282401842,86.00189918770664,83.62790166885728,81.19977705976282,78.74486981439762,76.2689842922266,73.77792585498476,71.27750164334074,68.7735219362115,66.27180250658054,63.77816865689027
56.8826830649912,58.951543376114174,60.96114293273028,62.93121934864607,64.8815463215189,66.83191721049508,68.80213638685711,70.81201455116222,72.8813661325016,75.01018724826119,77.11919286145803,79.10927783141773,80.88133757378057,82.37805058256946,83.70922612227483,85.02645637294594,86.48133367646682,88.15931717424975,89.88133287218128,91.42776106245947,92.68133255040749,93.54263494137146,93.88133246461315,93.58969427062652,92.68133255040749,91.21537846093439,89.31169594222665,87.10533217306607,84.73133441160482,82.3032093709346,79.84830135980067,77.3724144748314,74.88135360816051,72.38092506387176,69.87693763690848,67.37520448295254,64.8815463215189
58.26879329533158,60.38665646037647,62.470274643960394,64.53768607996359,66.60546872101135,68.68725959888764,70.79261363157072,72.92662520555253,75.09075303795298,77.27321731699061,79.41727230300364,81.45816332078812,83.33538429142837,85.02604996578359,86.62449635638839,88.2403748359302,89.96268288268274,91.81827193639128,93.65360282095722,95.31761695508608,96.81917515726599,98.12763123606992,98.77190392024391,98.26954593185536,96.81917515726599,94.76508572710783,92.33687463794413,89.71294880261544,87.043937242797,84.43578209137607,81.87889560825982,79.34820161885446,76.82701282964503,74.30227659103322,71.76261612891489,69.19868237040065,66.60546872101135
56.019828796919384,58.08848403692028,60.09795910042648,62.06795835588969,64.01823669574586,65.9685765455418,67.93877575296291,69.94864103008757,72.01798431112405,74.1468001578682,76.25580256703284,78.24588565303745,80.01794430951063,81.5146566900302,82.8458318266475,84.16306178330285,85.61793885061525,87.29592215816646,89.01793772406707,90.56436583306281,91.81793727336435,92.67923963871309,93.01793715319377,92.7262989667096,91.81793727336435,90.35198324106207,88.44830083213907,86.2419372677719,83.8679398803096,81.43981550493608,78.98490867427478,76.5090238901301,74.01796676854997,71.5175449032547,69.01356937680156,66.51185737955048,64.01823669574586
54.214073150302,56.282307426219006,58.29152690425674,60.26136773739178,62.211546221737024,64.1618223386984,66.13198054310277,68.14181935816406,70.21114559553627,72.33995062294528,74.44894645296773,76.43902567046251,78.21108209716954,79.70779318759993,81.03896749651526,82.3561968494377,83.8110734317189,85.48905634864767,87.21107164343552,88.75749958552555,90.01107092798962,90.8723732407399,91.2110707372307,90.91943256615215,90.01107092798962,88.54511701308213,86.6414348295915,84.4350716857478,82.06107506625625,79.63295205700459,77.17804765032709,74.70216718001299,72.2111177485817,69.71070959784487,67.206758507585,64.70508995244825,62.211546221737024
53.07336249180463,55.16394616461754,57.20635396066808,59.21992421315554,61.22339106878175,63.23412026223173,65.26741787372687,67.3361544193824,69.45103814841461,71.60585986228693,73.7319427991238,75.74690423168843,77.5709230176026,79.16513388202941,80.6342092036088,82.11038057914442,83.71191336007439,85.48954132733502,87.27606461887143,88.89019656451407,90.28909374100363,91.42104836124642,91.95097247565701,91.52692799505678,90.28909374100363,88.48409857583376,86.29457866488126,83.8719384413015,81.35118508139709,78.83596332360783,76.33254450061094,73.83083074272876,71.32564256208185,68.81384890812626,66.2932409000719,63.76270105937478,61.22339106878175
51.704900007008554,53.77140711028483,55.77957753031124,57.74876795613834,59.69853641863942,61.64855081376511,63.618540627014255,65.62827076338488,67.69752700128387,69.82628759222918,71.93525640055387,73.9253197292986,75.69736699787347,77.19407278961742,78.5252436989704,79.84247057222095,81.29734516236442,82.9753264749138,84.69734065617645,86.24376791274456,87.4973388533665,88.35864095008219,88.69733837268429,88.40570026488027,87.4973388533665,86.03138542062779,84.12770416304224,81.92134274638897,79.54734928113453,77.11923188286102,74.66433743202288,72.18847467949801,69.69745683286641,67.1971050095345,64.69325427952211,62.19176413545375,59.69853641863942
51.059882207612816,53.1348610780216,55.15340024595808,57.13524060641406,59.09997247810658,61.06681610908741,63.05440548736985,65.08064633545591,67.162762800978,69.29891730365377,71.4127561999817,73.40990118926732,75.19679556258332,76.72168587156446,78.09348668988547,79.45867749899753,80.95890263564898,82.66830414296601,84.41092320245062,85.97920012897634,87.28045236805768,88.23343730039015,88.63920785364539,88.3009239306163,87.28045236805768,85.70491540525748,83.71328717354967,81.44301419688193,79.02691662485265,76.57428249936517,74.10587471200147,71.62284227247285,69.12788107140946,66.62431480537845,64.11574547929743,61.60609989256166,59.09997247810658
39.293001156322916,41.33670003644578,43.33095393903149,45.291492096087296,47.235796561468334,49.182319353988845,51.150061082773874,53.15833965382285,55.22666066860512,57.35482745690925,59.4634351327239,61.453286100592436,63.225210961204255,64.72184592879827,66.05297139772358,67.37016512598825,68.82501308766288,70.50297295469633,72.22497225155624,73.77139034477989,75.02495591398431,75.88625512296628,76.22495155789736,75.93331429588477,75.02495591398431,73.55900892638726,71.65534004532995,69.44900171584655,67.07505041260117,64.64700801397865,62.192246635348894,59.7166206923327,57.22602496219346,54.726425819598546,52.22391581634071,49.72480799312174,47.235796561468334
40.28248011776725,42.33142215680333,44.328885618953336,46.29142323616348,48.236991959806204,50.18432327885161,52.15258584555835,54.16120082643505,56.22973863109573,58.35804308474302,60.4667344914578,62.45663469906145,64.22858794302817,65.7252393332575,67.05637533897351,68.37357675299785,69.82843088939507,71.50639572932712,73.2283984776714,74.7748186957507,76.02838551051582,76.88968538912553,77.22838205308469,76.93674459494406,76.02838551051582,74.5624370283758,72.65876527737032,70.45242159430376,68.07846051435035,65.65040072466631,63.195608489567945,60.7199276375196,58.22923403691232,55.729460398498674,53.22663962881482,50.72697979036708,48.236991959806204
41.27480585084243,43.327928933346826,45.32794731758905,47.29207486214827,49.23864821872611,51.186621751967785,53.15529790766364,55.16417997886069,57.232889882723455,59.36130361435741,61.470061483157934,63.46000077413022,65.23197654663691,66.72864097177961,68.05978534067162,69.37699285495177,70.83185189226724,72.50982067921274,74.23182616701196,75.77824807159453,77.03181587496358,77.89311628505794,78.23181313079704,77.94017551698929,77.03181587496358,75.56586620660181,73.66219217771072,71.45584424548349,69.08187540569304,66.65380181253241,64.19898508607181,61.723260650915236,59.23248936484126,56.73257721118499,54.22950972956596,51.72941157795221,49.23864821872611
42.26940280596231,44.32585677742824,46.327907744060255,48.29329908094629,50.24067056639572,52.18915413203135,54.15815867938471,56.167252791775724,58.23609931163563,60.36459978541268,62.47341040824628,64.46338072082071,66.23537437465487,67.73204914577838,69.06320015260295,70.38041250869989,71.83527543590047,73.51324735560601,75.23525501771832,76.78167826088207,78.03524684890772,78.89654768084219,79.23524467086025,78.94360693349931,78.03524684890772,76.56929623903977,74.6656204021857,72.45926909738554,70.08529409857132,67.65720954946943,65.20237338384467,62.7266143556304,60.23578140701696,57.735759302512164,55.23249596992194,52.732049816476575,50.24067056639572
43.2658098778556,45.32491542462371,47.32858264818863,49.29497823570141,51.24298367028375,53.19187224223485,55.16113751354763,57.17039995557829,59.23935492071398,61.367924246908956,63.47677674256205,65.46677167769892,67.2387795242125,68.73546250704925,70.0666187824519,71.38383498152692,72.83870099614629,74.51667540233356,76.2386847902033,77.78510909580127,79.03867830660997,79.89997947335945,80.23867657789191,79.94703874246665,79.03867830660997,77.5727269494672,75.66904967762949,73.46269569600892,71.088715808751,68.66062256384055,66.20577096911603,63.72998448366698,61.23910259123093,58.7389932116059,56.235574409578135,53.73485197603071,51.24298367028375
44.26365835781113,46.32487342478504,48.329825364016656,50.29701876906622,52.24552766820821,54.19473781575893,56.164210073809926,58.17360613960075,60.24264718605451,62.37127116368394,64.48015689502272,66.47017137354166,68.24219048495647,69.73887998549912,71.07004044260486,72.38725969186964,73.84212815698436,75.5201045366988,77.2421152943056,78.78854044315926,80.04211014827163,80.90341158076416,81.2421087761868,80.95047086292777,80.04211014827163,78.57615819801588,76.67247978722934,74.46612368101027,72.09213991377732,69.66403976695358,67.20917592600276,64.73336764728681,62.242446906706476,59.742268252315824,57.238726039987995,54.737784278120046,52.24552766820821
45.26265386915466,47.32554640038394,49.33151921322181,51.29934631531083,53.24825500292397,55.19772046201305,57.16735703705207,59.17685917296855,61.24596854740487,63.374635903944096,65.48354801522441,67.473578005614,69.24560605809019,70.74230073178023,72.07346450792478,73.39068617813695,74.84555658821705,76.52353453432437,78.24554637909375,79.79197219724057,81.04554229468232,81.90684393809532,82.24554120565757,81.95390323062185,81.04554229468232,79.57958987367212,77.6759105589003,75.46955276638332,73.09556591960289,70.66746029469829,68.21258673382191,65.73676115749811,63.24580958223915,60.745575941622704,58.241935769574724,55.74081989856256,53.24825500292397
46.3625616670432,48.426787583791224,50.43357141799811,52.401901781412334,54.35112790009751,56.30079604849976,58.270563061870746,60.280149393815094,62.34931300348016,64.47801479116657,66.58694784069937,68.57699014304396,70.34902529211038,71.84572407175595,73.17689048223522,74.49411407396099,75.94898602776485,77.62696521712112,79.34897792477307,80.89540427413857,82.14897468297252,83.01027649379333,83.34897381861285,83.05733579454491,82.14897468297252,80.6830218883241,78.77934185605807,76.57298272512367,74.19899343409897,71.77088346122065,69.31600218557801,66.84016287995703,64.34918683063921,61.84890954565748,59.34519161732072,56.8439375380576,54.35112790009751
47.36319473940591,49.42848021561168,51.43590823315683,53.40463822174888,55.35411636049051,57.30394541401422,59.273815968866586,61.28346913235427,63.352675790611,65.48140490712575,67.59035457566227,69.58040665012237,71.35244743179723,72.84914947035807,74.18031797171764,75.49754308855378,76.95241626761437,78.63039644373934,80.35240983626221,81.89883660725657,83.15240726324278,84.01370920693529,84.35240657719996,84.06076851421508,83.15240726324278,81.68645417203733,79.78277357029538,77.5764133770572,75.20242214603086,72.77430872215214,70.31942132326003,67.8435711205774,65.35257564583446,62.8522637191826,60.34848407210575,57.84712028570898,55.35411636049051
48.36440421519535,50.430531453454336,52.438471059347194,54.407518348152564,56.35719656251587,58.30715334574231,60.27710608940416,62.28681230034351,64.3560531275892,66.48480393551881,68.59376679475744,70.58382662542029,72.35587187772526,73.85257650289904,75.18374666379616,76.50097299111573,77.95584714266471,79.63382810198934,81.355842038095,82.90226914373659,84.15583999588773,85.01714204504061,85.35583945137512,85.06420135750187,84.15583999588773,82.68988666930476,80.7862056155692,78.57984457917921,76.20585180837023,73.7777356454235,71.32284338648276,68.8469845347264,66.35597364179185,63.85563421932609,61.35180558382709,58.85035471578158,56.35719656251587
49.36607165769773,51.43286750071921,53.44121334349981,55.41051254770909,57.36034959192358,59.31040776639462,61.28042574832335,63.29017406508197,65.35944201309059,67.48821003782855,69.59718336665415,71.58724935346297,73.35929815412568,74.85600483230195,76.18717631037785,77.50440359846036,78.95927852187481,80.63726010282595,82.35927447037385,83.90570184162516,85.1592728494726,86.02057498232944,86.35927241729262,86.06763429890322,85.1592728494726,83.69331933607029,81.78963792358704,79.58327621798652,77.2092822250498,74.78116388809887,72.3262677717209,69.85040205514602,67.35937892464506,64.85901767829506,62.35515015925742,59.85363017002669,57.36034959192358
50.368102888280426,52.435429717155614,54.44409810947303,56.413597305743195,58.363560432024514,60.31369908841128,62.28376885311519,64.29355059056297,66.362840064851,68.49162175478101,70.60060339339871,72.59067426637142,74.3627258833778,75.85943419102728,77.19060671455053,78.50783476519206,79.96271030123717,81.64069237557393,83.36270708555789,84.9091346676239,86.16270579904756,87.0240079983403,87.36270545602606,87.0710673181782,86.16270579904756,84.69675213736662,82.79307044014503,80.58670820339147,78.2127132404504,75.78459317798833,73.32969399995153,70.85382283473876,68.36278999118701,65.86241142292995,63.358513041123885,60.85693818757811,58.363560432024514
51.47042304663864,53.5381715171721,55.54709599229632,57.516753951781496,59.46681716126743,61.41701970100125,63.38713056769198,65.39693883196362,67.46624539199577,69.59503792812325,71.70402616227489,73.6941009134158,75.46615476576208,76.96286436672781,78.29403772002439,79.61126637591009,81.06614239820078,82.7441248641382,84.46613984591396,86.01256759530371,87.26613882480993,88.12744107683287,88.46613855255356,88.17450039926149,87.26613882480993,85.80018504544012,83.8965031222215,81.69014046389134,79.31614473105671,76.88802329905374,74.43312169097115,71.9572462011541,69.46620564829342,66.96581333145409,64.46189045329596,61.96027205215424,59.46681716126743
52.472972646283026,54.54105589877649,56.55018367426922,58.51996766273423,60.4701103157482,62.42036356275746,64.39050705335849,66.40033637249151,68.46965649369236,70.59845763853272,72.707451107593,74.69752893684901,76.46958456338986,77.96629519086304,79.29746920275181,80.61469833902055,82.06957474724489,83.74755752399606,85.46957272149314,87.01600060368789,88.26957191104228,89.1308742049172,89.46957169495224,89.17793352940211,88.26957191104228,86.80361803826275,84.89993593567014,82.69357294273426,80.31957659883437,77.89145407982495,75.43655054301024,72.96067162074141,70.46962494896331,67.96922171975642,65.4652793984802,62.9636264324797,60.4701103157482
53.575704428715184,55.64405347645686,57.65334264137199,59.62322667078173,61.5734323828506,63.52372587815954,65.49389526315758,67.50374129386476,69.57307217870125,71.70188015633214,73.81087778036103,75.80095805272552,77.57301508744806,79.06972652966174,80.40090106427601,81.7181305818252,83.17300729636543,84.85099031980972,86.57300568852499,88.11943367612716,89.37300504526968,90.23430737236257,90.5730048737589,90.28136669847953,89.37300504526968,87.9070510983508,86.00336885338893,83.79700559487625,81.42300876597331,78.99488538420559,76.53998031655293,74.0640986699384,71.5730471415503,69.07263525112188,66.56867749761176,64.06699709676606,61.5734323828506
54.678580857069875,56.7471409161941,58.756558194764494,60.726521634081976,62.67677739910752,64.62710284071544,66.59729277860282,68.60715207349654,70.67649150151753,72.80530490236964,74.91430582421123,76.90438803567656,78.67644618807525,80.17315827694952,81.50433322645158,82.82156304662345,84.27644000428685,85.95442322353166,87.67643872814293,89.22286679940699,90.47643821759081,91.33774057104884,91.67643808146263,91.38479989846115,90.47643821759081,89.01048421182749,87.10680185386704,84.90043838456587,82.5264411707156,80.0983171041757,77.6434108214948,75.16752701256125,72.67647162946542,70.17605286457702,67.67208286235558,65.1703806860187,62.67677739910752
55.78157212081,57.85029969100685,59.85981866528948,61.82984513692793,63.78014063087106,65.73049142903076,67.70069768006768,69.71056750288008,71.77991371168225,73.90873141696801,76.01773495629271,78.00781870682613,79.77987774632598,81.27659034845553,82.60776562725442,83.92499568761819,85.37987283824863,87.05785621290045,88.77987182537242,90.32629996303902,91.57987142014693,92.44117379453095,92.77987131210193,92.48823312297141,91.57987142014693,90.11391736767874,88.21023492003127,86.00387128342712,83.62987376404388,81.20174915399969,78.7468419069493,76.27095638177926,73.77989793919116,71.27947371801258,68.77549399389491,66.27377453406194,63.78014063087106
56.884654548261,58.953515091761346,60.96311478944209,62.93319129278726,64.8835183207647,66.8338892449101,68.80410844389797,70.81398662280489,72.88333821354885,75.01215933527848,77.12116495210563,79.11124992419991,80.8833096677931,82.38002267729387,83.71119821745594,85.02842846846019,86.48330577224871,88.16128927024718,89.88330496832829,91.4297331586986,92.6833046467006,93.5446070376936,93.8833045609452,93.59166636695008,92.6833046467006,91.2173505571627,89.31366803833058,87.10730426893797,84.73330650705296,82.30518146562893,79.85027345315746,77.3743865658079,74.88332569489364,72.38289714303731,69.87890970259022,67.37717652466267,64.8835183207647
58.27083396690712,60.38870189543074,62.472327218558675,64.5397478808312,66.60754139417934,68.68934409893671,70.79470992804643,72.92873202058779,75.09286768430516,77.2753363205917,79.41939412466398,81.46028918776952,83.3375183833313,85.02819871479835,86.62666426012393,88.24256279380137,89.96488766468977,91.82048733257457,93.65582476580838,95.31984551716413,96.82141710117966,98.12989546014123,98.77418210282457,98.27181459444922,96.82141710117966,94.7672946457892,92.33905008273052,89.71509455339378,87.04606022494826,84.43789039986343,81.88099533108843,79.35029664376526,76.82910524726837,74.30436689263186,71.76470330406812,69.20076403251862,66.60754139417934
56.02180003460414,58.090455600026104,60.099930861094094,62.06993023900834,64.02020865604457,65.9705485550998,67.9407477942119,69.95061309178877,72.019956385998,74.14877224110424,76.25777465535371,78.24785774434824,80.01991640254475,81.51662878406142,82.84780392131843,84.16503387844037,85.61991094612766,87.29789425398076,89.01990982009093,90.56633792921565,91.81990936959282,92.68121173498218,93.01990924947677,92.72827106298072,91.81990936959282,90.3539553371998,88.45027292810255,86.24390936341037,83.86991197535454,81.44178759892517,78.98688076639044,76.51099597891168,74.01993885138796,71.51951697549296,69.01554143015346,66.51382939932638,64.02020865604457
54.216043883893136,56.28427867616978,58.29349846773613,60.263339495218275,62.2135181020665,64.16379429721692,66.13395255192543,68.14379139945171,70.21311765773406,72.34192269841688,74.45091853651104,76.44099775875193,78.21305418819458,79.70976528020773,81.04093959013854,82.35816894380167,83.81304552667797,85.49102844408597,87.21304373920643,88.75947168150122,90.01304302408533,90.87434533690013,91.21304283341304,90.92140466231558,90.01304302408533,88.54708910903382,86.64340692526663,84.437043780907,82.06304716047325,79.63492414954553,77.18001973989414,74.70413926428756,72.21308982342151,69.71268165585886,67.20873053561932,64.70706192718586,62.2135181020665
53.07536449104123,55.165950442528924,57.208361708167246,59.22193654354125,61.22540894862607,63.23614436991963,65.26944840134485,67.33819085539835,69.45307910091563,71.60790337259084,73.73398798115883,75.74895183787413,77.57297564318816,79.16719576598561,80.63628383272129,82.11246940477099,83.7140148318785,85.49165115106753,87.27817974815467,88.89231717811538,90.29122584187336,91.42320085768279,91.95313863495501,91.52908475836603,90.29122584187336,88.48620326705601,86.2966585256552,83.873998397701,81.35323095589678,78.83800061305266,76.33457693339761,73.83286056801587,71.32767095514976,68.81587614655336,66.29526644502948,63.76472365398965,61.22540894862607
51.70686867286587,53.773377075074336,55.78154828430412,57.750739199526464,59.70050797058377,61.6505225626798,63.62051250266542,65.63024272083366,67.69949901141922,69.82825963581101,71.93722846447457,73.92729180517861,75.69933908064675,77.196044876379,78.52721578829079,79.8444426634078,81.29931725505074,82.97729856880773,84.69931275090852,86.24574000799262,87.49931094891704,88.36061304579532,88.69931046845302,88.40767236060142,87.49931094891704,86.03335751581537,84.1296762575329,81.9233148395796,79.54932137195098,77.12120396945409,74.66630951112225,72.1904467452614,69.6994288748563,67.1990770091279,64.69522620357779,62.19373592522982,59.70050797058377
51.061862193771546,53.136841695963184,55.15538183465755,57.13722349388364,59.101956963995235,61.06880242324553,63.056393725472844,65.08263638053704,67.16475425149294,69.30090955958526,71.41474898607838,73.41189474948807,75.19879074609773,76.72368412356971,78.09548933119484,79.46068526961282,80.96091520432596,82.67032000658189,84.41294121391951,85.98122040703522,87.28247755313382,88.23547177083042,88.64124899396627,88.30296044331075,87.28247755313382,85.70692923179482,83.71529167469686,81.44501180192732,79.02890963143228,76.5762728083938,74.10786352890993,71.62483029811804,69.12986866532162,66.62630205270766,64.11773222067274,61.60808575912931,59.101956963995235
39.2937276779511,41.33743086528025,43.331687407054176,45.29222720923122,47.23653271521269,49.183056173383335,51.15079833103354,53.15907717911435,55.227398372433385,57.35556527411606,59.46417301889167,61.45402402731477,63.22594891130372,64.72258389242386,66.05370937002758,67.37090310462246,68.8257510713828,70.5037109425121,72.22571024221475,73.77212833718849,75.02569390741883,75.88699311695231,76.22568955207201,75.93405228989792,75.02569390741883,73.55974691859078,71.65607803516971,69.44973970127691,67.07578838997912,64.64774597703283,62.19298457298892,59.71735858474874,57.22676277400316,54.72716348769764,52.2246532285142,49.72554495073908,47.23653271521269
40.283208977347165,42.33215445290191,44.32962001664289,46.292158942296254,48.23772849295635,50.185060340774896,52.15332324805543,54.1619384488874,56.23047639528308,58.35878093893086,60.46747240038441,62.45737264017788,64.22932590269966,65.7259773036649,67.05711331626908,68.37431473531777,69.82916887575156,71.50713371893448,73.22913646953508,74.77555668900344,76.0291235045828,76.89042338363026,77.22912004773916,76.93748258947032,76.0291235045828,74.56317502146575,72.65950326858415,70.45315958201785,68.07919849567318,65.65113869462016,63.19634643935005,60.72066555140577,58.22997188681606,55.73019813432283,53.22737716145889,50.7277169620659,48.23772849295635
41.275536576794266,43.32866239821416,45.32868245483493,47.292811039618044,49.239385053289325,51.1873590065,53.156035432624975,55.16491767844792,57.233627694824875,59.36204149789977,61.470799410149255,63.46073872667162,65.23271451390585,66.72937894756983,68.06052332192903,69.37773084019707,70.83258988071637,72.51055867024212,74.23256415983218,75.77898606551724,77.03255386953256,77.89385427997438,78.23255112583232,77.94091351192279,77.03255386953256,75.56660420039535,73.66293017001513,71.45658223501017,69.08261339014693,66.65453978796263,64.1997230454914,61.72399858184316,59.23322724498303,56.73331500077144,54.2302473578556,51.73014891965619,49.239385053289325
42.27013502007231,44.32659117260705,46.32864346935351,48.2940356329466,50.24140764036631,52.189891539509034,54.15889630157497,56.16799055259639,58.23683716177091,60.365337692255366,62.474148349576225,64.46411868243041,66.23611234795405,67.73278712584099,69.06393813700493,70.38115049626708,71.83601342601054,73.51398534776405,75.23599301129777,76.78241625533656,78.03598484387516,78.8972856760854,79.23598266619777,78.94434492875604,78.03598484387516,76.57003423339171,74.66635839535573,72.46000708835086,70.08603208551037,67.65794752924631,65.2031113509137,62.727352300084945,60.236519311160436,57.73649713477535,55.233233674143165,52.732787293169565,50.24140764036631
43.2665432774392,45.3256505598728,47.3293188408855,49.295715085238186,51.24372093438288,53.192609771150615,55.16187521292677,57.171137765007245,59.24009280103955,61.36866217224622,63.47751469527293,65.46750964650627,67.23951750229796,68.73620049050291,70.06735676934974,71.38457297093697,72.83943898757468,74.5174133953874,76.23942278438531,77.78584709067783,79.03941630189365,79.900717468862,80.23941457346933,79.94777673797995,79.03941630189365,77.57346494426235,75.66978767148656,73.46343368811611,71.08945379766251,68.66136054706742,66.20650894225653,63.73072243885794,61.23984051442568,58.73973107774515,56.23631217407744,53.73558955989972,51.24372093438288
44.2643927010417,46.325609148490884,48.33056192811497,50.297755854929,52.24626508328228,54.19547544108863,56.16494783446544,58.17434398761466,60.24338509034388,62.372009103700975,64.48089485676692,66.4709093480619,68.24292846684082,69.73961797164424,71.07077843148366,72.38799768274245,73.8428661494591,75.52084253046365,77.24285328896588,78.78927843837079,80.04284814380631,80.90414957647255,81.24284677195462,80.95120885864472,80.04284814380631,78.57689619316282,76.67321778163173,74.46686167402376,72.09287790425438,69.66477775291872,67.20991390396226,64.7341056109995,62.24318484502297,59.74300614534474,57.23946385233705,54.73852194707689,52.24626508328228
45.26338896308866,47.32628259181929,49.332256072368494,51.300083588853624,53.248992537870976,55.19845816388448,57.1680948463499,59.17759705161026,61.246706470715424,63.37537385561291,65.48428598413854,67.4743159846686,69.24634404298978,70.74303872006163,72.07420249837591,73.3914241701707,74.84629458152224,76.52427252865354,78.24628437413367,79.79271019271798,81.0462802904162,81.9075819339671,82.24627920157651,81.9546412265004,81.0462802904162,79.58032786909827,77.6766485537355,75.47029076011614,73.09630391132256,70.66819828283683,68.21332471560632,65.73749912797464,63.24654753255817,60.74631385599534,58.24267361990658,55.741557635067664,53.248992537870976
46.363297357904365,48.42752414688726,50.43430851149317,52.40263920398492,54.35186553021545,56.30153381113374,58.27130090978059,60.2808872967679,62.350050941888554,64.47875275208366,66.58768581530433,68.57772812569756,70.34976327940319,71.84646206173291,73.17762847393428,74.49485206691618,75.94972402172922,77.62770321189822,79.34971592011425,80.89614226982704,82.14971267886455,83.01101448979479,83.34971181465176,83.05807379055175,82.14971267886455,80.68375988397187,78.78007985123679,76.57372071942744,74.19973142680489,71.7716214510842,69.31674017039825,66.84090085580212,64.34992479048495,61.84964747697151,59.34592949780232,56.84467532818459,54.35186553021545
47.36393090473902,49.42921707396222,51.436645512760435,53.405375762649356,55.35485406616317,57.30468322488258,59.274553847425665,61.28420705460394,63.353413741002996,65.48214287538336,67.59109255478415,69.58114463563251,71.35318542098952,72.8498874616808,74.18105596440722,75.49828108224034,76.95315426210189,78.63113443887195,80.35314783184253,81.89957460311251,83.1531452592603,84.01444720303968,84.35314457333405,84.06150651032374,83.1531452592603,81.68719216786099,79.78351156574676,77.57715137181413,75.20316013951955,72.77504671338485,70.32015931048983,67.84430910068355,65.35331361324174,62.8530016639436,60.349221976518976,57.847858118401234,55.35485406616317
48.36514075755295,50.43126854631709,52.439208486732184,54.408255982997005,56.357934328167346,58.3078911948988,60.277843992291395,62.28755023790984,64.35679108749284,66.48554190960272,68.59450477746444,70.58456461319767,72.3566098684252,73.8533144952899,75.18448465727188,76.50171098538277,77.95658513756747,79.6345660974041,81.35658003386513,82.90300713972547,84.15657799200486,85.01788004122668,85.35657744758478,85.06493935369133,84.15657799200486,82.69062466526802,80.786943611237,78.58058257429579,76.20658980248024,73.77847363774293,71.32358137562507,68.84772251821462,66.35671161520082,63.856372174760295,61.352543507235936,58.8510925822614,56.357934328167346
49.366808499574866,51.433604779820705,53.441950888221115,55.41125025713393,57.36108740518725,59.31114564594324,61.28116367052098,63.290912014805585,65.36017998054383,67.48894801653685,69.59792135220665,71.58798734303988,73.36003614602222,74.85674282554059,76.18791430447754,77.50514159318813,78.96001651710716,80.63799809846466,82.36001246629462,83.90643983771957,85.16001084566878,86.02131297858035,86.36001041356224,86.06837229515682,85.16001084566878,83.69405733214435,81.79037591942658,79.5840142133886,77.21002021965293,74.7819018812808,72.32700576238113,69.85114004131859,67.36011690281765,64.85975564220081,62.35588809774383,59.85436806332595,57.36108740518725
50.36883996805984,52.436167144141905,54.44483574735084,56.41433507437327,58.36429828308238,60.31443699208397,62.28450679064022,64.29428854993613,66.36357803829645,68.49235973715972,70.60134138120974,72.59141225737662,74.3634638762241,75.8601721849388,77.19134470914548,78.50857276028552,79.96344829673112,81.64143037139041,83.36344508159823,84.90987266380205,86.16344379530648,87.02474599464266,87.36344345234328,87.0718053144827,86.16344379530648,84.69749013352862,82.7938084361209,80.58744619902012,78.21345123544492,75.78533117185486,73.3304319918166,70.85456082304194,68.36352797314052,65.86314939355972,63.359250991577795,60.85767610216533,58.36429828308238
51.4711603153506,53.538909061576874,55.54783370412922,57.51749176740957,59.4675550423253,61.417757623822325,63.38786851738281,65.3976767989958,67.46698337019733,69.59577591341521,71.70476415187848,73.6948389055546,75.4668927593622,76.96360236117344,78.29477571501243,79.6120043712938,81.06688039390238,82.74486286009576,84.46687784204919,86.01330559154833,87.26687682111867,88.12817907317609,88.46687654890856,88.17523839560641,87.26687682111867,85.80092304167192,83.89724111830559,81.69087845969982,79.31688272636191,76.88876129346366,74.43385968379248,71.95798419114834,69.46694363324792,66.9665513074208,64.4626284132488,61.96100998363862,59.4675550423253
52.473710065019816,54.541793536403006,56.550921444810896,58.52070551566891,60.470848220618834,62.421101500777326,64.3912450127056,66.40107434560275,68.47039447566887,70.59919562613693,72.70818909861941,74.69826692988764,76.47032255758832,77.96703318573253,79.29820719805187,80.61543633463461,82.07031274311123,83.7482955200656,85.47031071770371,87.01673859998527,88.27030990739055,89.13161220129285,89.47030969133723,89.1786715257791,88.27030990739055,86.80435603454997,84.90067393184009,82.69431093868548,80.32031459438612,77.8921920746661,75.43728853659053,72.96140961207784,70.47036293629967,67.96995969995909,65.46601736597245,62.9643643773759,60.470848220618834
53.576441966570215,55.64479118809027,57.6540804585175,59.623964553329344,61.57417030662255,63.52446382824316,65.49463323016909,67.50447927180105,69.57381016367398,71.70261814577158,73.81161577251672,75.80169604647833,77.57375308212139,79.07046452486769,80.40163905982367,81.71886857762212,83.1737452923626,84.85172831596815,86.57374368479535,88.1201716724664,89.37374304164933,90.23504536876395,90.57374287016769,90.28210469488195,89.37374304164933,87.907789094682,86.00410684962705,83.79774359094074,81.42374676172075,78.99562337938903,76.54071831073564,74.06483666234013,71.57378513077718,69.07337323468673,66.56941547108818,64.06773505230758,61.57417030662255
54.679318489496524,56.74787868657741,58.75729604890367,60.72725954013511,62.67751533788211,64.62784080037432,66.59803075169768,68.60789005526252,70.67722948886836,72.80604289326578,74.91504381726318,76.90512602999615,78.67718418312549,80.1738962724225,81.50507122219578,82.8223010425655,84.27717800038783,85.95516121976063,87.67717672446071,89.2236047957795,90.47717621399539,91.33847856747062,91.6771760778903,91.38553789488378,90.47717621399539,89.01122220819357,87.10753985015926,84.9011763807203,82.52717916661837,80.09905509963083,77.64414881615562,75.16826500580854,72.6772096201928,70.17679085081042,67.67282084058172,65.17111865000965,62.67751533788211
55.78230982831545,57.85103750802665,59.8605565487932,61.830583061638464,63.78087858155371,65.73122939628972,67.70143565799096,69.7113054876857,71.78065170092063,73.90946940902028,76.0184729500561,78.00855670159561,79.7806157416754,81.27732834414047,82.60850362315463,83.92573368367539,85.38061083443199,87.0585942091854,88.78060982172791,90.32703795943789,91.58060941657126,92.44191179096896,92.7806093085446,92.48897111941008,91.58060941657126,90.11465536407255,88.21097291636642,86.0046092796529,83.63061176006993,81.20248714967042,78.74757990198964,76.27169437569765,73.78063593110949,71.28021170636404,68.77623197589091,66.27451250475931,63.78087858155371
56.88539231536741,58.95425294580073,60.96385269625412,62.933929232306866,64.88425628089905,66.83462721820133,68.80484642565361,70.81472461002309,72.88407620428535,75.01289732824839,77.12190294643365,79.11198791932648,80.88404766337995,82.38076067314702,83.71193621347996,85.02916646460883,86.48404376849746,88.16202726657656,89.88404296471364,91.4304711551184,92.6840426431406,93.54534503414445,93.88404255739978,93.59240436340147,92.6840426431406,91.21808855357848,89.31440603469981,87.1080422652204,84.73404450317688,82.30591946147084,79.85101144849901,77.37512456025894,74.88406368775725,72.38363513306987,69.87964768757843,67.37791450068303,64.88425628089905
58.27169550650056,60.38957201657634,62.47321020176099,64.54064748528741,66.60846058511048,68.69028459586623,70.79567167594904,72.92971271728092,75.09386248873852,77.27633897436829,79.42040185500676,81.46130420550176,83.33854821767945,85.02925495270476,86.6277550032778,88.24368966194871,89.96604483903323,91.82166362661982,93.657012856142,95.32104552723274,96.82264121604433,98.1311597079514,98.77547149361426,98.27308683724091,96.82264121604433,94.76845927169026,92.34015441019027,89.71614539024895,87.04707004584381,84.43887378694406,81.88196325145144,79.35125610098267,76.8300600075315,74.30531784093074,71.76564862014631,69.20169941696075,66.60846058511048
56.02253770983654,58.09119339699939,60.100668731975745,62.07066815569924,64.02094660160874,65.971286519092,67.94148577005977,69.95135107528785,72.02069437442505,74.14951023265954,76.25851264881132,78.24859573892437,80.02065439776557,81.51736677965528,82.84854191715158,84.16577187444807,85.6206489422756,87.29863225024164,89.0206478164302,90.56707592560318,91.82064736600864,92.68194973141323,93.02064724591301,92.7290090594125,91.82064736600864,90.35469333358168,88.45101092441925,86.24464735960547,83.87064997132761,81.44252559450324,78.98761876126763,76.5117339725416,74.02067684279442,71.52025496293402,69.01627941052907,66.51456736714111,64.02094660160874
54.216781370542776,56.28501635599093,58.29423626484916,60.26407736503705,62.214256017713964,64.16453224211511,66.13469051564255,68.14452937531402,70.21385564141893,72.34266068706751,74.4516565281813,76.44173575219776,78.2137921826638,79.71050327526908,81.04167758557978,82.35890693952001,83.81378352261889,85.49176644020619,87.21378173545108,88.7602096778225,90.0137810204515,90.87508333329043,91.2137808298116,90.92214265870707,90.0137810204515,88.5478271053461,86.64414492147544,84.4377817769228,82.06378515613656,79.63566214458183,77.1807577338179,74.70487725623141,72.21382781183578,69.71341963797855,67.20946850652355,64.70779987815166,62.214256017713964
53.07615636026135,55.16674641695677,57.209163933312595,59.22274702507225,61.22622942785614,63.23697606895942,65.27029166620171,67.33904476447997,69.45394114660566,71.60877002624315,73.73485764648319,75.74982587037042,77.57385871824505,79.16809552012658,80.63720654727645,82.11341769414099,83.71498590295722,85.49263726779222,87.27917542256273,88.89332273221272,90.29225208952289,91.42426384621504,91.95422623570282,91.53015543324653,90.29225208952289,88.48718013779005,86.29759066500011,83.87489467932988,81.35410186871536,78.83885605961852,76.3354236304996,73.83370256759176,71.32851037451584,68.81671348577845,66.29610073338482,63.76555262714757,61.22622942785614
51.707605385970496,53.77411427411319,55.782285778586115,57.75147687689251,59.70124576338151,61.651260429164665,63.62125041656273,65.63098066533166,67.7002369756274,69.8289976125316,71.93796644880399,73.92802979398203,75.70007707202896,77.19678286925324,78.5279537821223,79.84518065793753,81.30005525014144,82.97803656435019,84.70005074676453,86.24647800404168,87.50004894507923,88.36135104201837,88.70004846469686,88.40841035682746,87.50004894507923,86.03409551184183,84.13041425329862,81.92405283485897,79.55005936634214,77.12194196226531,74.66704750113007,72.19118473028013,69.70016685098133,67.19981496939232,64.69596413558334,62.19447380700102,59.70124576338151
51.06261440442911,53.13759504484288,55.15613693245703,57.13798093154891,59.102717281371426,61.06956603442738,63.05716080282477,65.08340671332833,67.16552711630145,69.30168387542426,71.41552425705724,73.4126714151199,75.19957033623436,76.72446924185141,78.09628235715903,79.46148753640357,80.9617261151544,82.67113685345362,84.41376193027914,85.98204520678875,87.28331119314436,88.23632213885013,88.64211137801995,88.30381449053162,87.28331119314436,85.70774240874071,83.71608805130086,81.44579575465714,79.02968529963078,76.57704361671078,74.10863164903421,71.62559699270716,69.13063458210276,66.62706734508669,64.11849660152744,61.60884856393365,59.102717281371426
39.29701274807102,41.34073540199594,43.33500387163678,45.29555110895376,47.239861317930064,49.18638778450401,51.154131880407334,53.16241198053102,55.23073398074507,57.358901394840956,59.4675094512847,61.45736064299366,63.229285632635396,64.72592067488664,66.0570461917123,67.37423995491656,68.82908794466164,70.50704783430206,72.22904714685254,73.77546524973584,75.02903082460264,75.89033003662877,76.22902647260102,75.93738920969685,75.02903082460264,73.56308383021133,71.65941493610714,69.45307658228617,67.07912523459561,64.65108275691311,62.196321238010285,59.72069504538081,57.23009887033591,54.73049893453178,52.227987518695215,49.728877186557014,47.239861317930064
40.28650461394922,42.33546562095364,44.332940682865,46.29548552203333,48.241058810397064,50.188393048002936,52.15665749450392,54.16527368942167,56.233812276387056,58.3621172267911,60.47080893563583,62.460709320910695,64.23266266729186,65.72931411677799,67.06045016051314,68.37765160226938,69.83250576094633,71.51047061882164,73.23247337961956,74.77889360536578,76.03246042462513,76.893760305651,77.23245697043653,76.94081951158824,76.03246042462513,74.56651193709249,72.66284017573167,70.45649647334828,68.0825353581184,65.65447550568351,63.19968315924743,60.72400210907189,58.23330815531425,55.73353388723976,53.23071199610544,50.731050165423625,48.241058810397064
41.27884064852894,43.33197884853618,45.33200646348641,47.29613974956237,49.24271673296494,51.19069258422256,53.15937023254958,55.16825326759236,57.23696379247599,59.36537791842733,61.474136027043954,63.464075459039606,65.2360513128348,66.73271578501047,68.06386018407866,69.38106772036986,70.83592677536885,72.513895576556,74.23590107423973,75.78232298490755,77.03589079184368,77.89719120385575,78.23588805025075,77.94425043588132,77.03589079184368,75.56994111920179,73.66626708209162,71.45991913453258,69.08595026674297,66.65787662377636,64.20305980894517,61.727335216529255,59.23656365014169,56.73665099666641,54.233582624771316,51.733482891350775,49.24271673296494
42.27344581757501,44.32991182748182,46.33197013568642,48.29736603558054,50.24474040204201,52.19322580846733,54.16223154092464,56.17132641848481,58.24017343131561,60.368674218088586,62.47748503127407,64.46745545578237,66.23944917413655,67.73612398259068,69.06727501336636,70.38448738693361,71.83935032816969,73.51732225917885,75.23932992913656,76.78575317713018,78.03932176798699,78.90062260144356,79.23931959198222,78.94768185417547,78.03932176798699,76.57337115472191,74.66969531134436,72.4633439943753,70.089368973338,67.66128438470471,65.20644814893905,62.73068899590436,60.239855824794546,57.739833323547316,55.23656928423094,52.736121874945724,50.24474040204201
43.26985943271037,45.32897455949973,47.33264761964867,49.29904683258667,51.247054555343006,53.19594458894714,55.16521080113081,57.174473850580185,59.243429207028896,61.3719987816653,63.48085142840688,65.47084645238795,67.24285435011197,68.73953736257835,70.07069365699118,71.38790986993244,72.84277589569186,74.52075031085086,76.24275970494747,77.78918401437893,79.04275322743476,79.90405439539231,80.24275150033796,79.95111366455886,79.04275322743476,77.57680186759566,75.67312459058024,73.46677059930119,71.09279069440473,68.66469741811798,66.20984576772184,63.734059183200515,61.24317711416185,58.743067419619564,56.23964805659131,53.738924626056914,51.247054555343006
44.26771312113601,46.328935807649565,48.333892385425784,50.301088670351376,52.249599386572385,54.198810694627,56.16828369960734,58.177680247571914,60.24672160463736,62.37534577946519,64.48423163072685,66.47424617976287,68.24626533182396,69.74295485588388,71.0741153280781,72.3913345883486,73.8462030623052,75.52417944914052,77.24619021168962,78.79261536358591,80.04618507048181,80.9074865039332,81.24618369968377,80.95454578614392,80.04618507048181,78.580233118086,76.67655470318991,74.47019858930487,72.09621480807215,69.66811463634488,67.21325075120701,64.73744239385593,62.24652151310153,59.746342608746644,57.242799951107344,54.74185739778774,52.249599386572385
45.26671277599192,47.32961136488102,49.33558786314896,51.30341725249437,53.252327382925614,55.20179376335244,57.171430931330235,59.180933449989396,61.25004307097497,63.37871058403718,65.48762279050277,67.47765283686269,69.24968092160017,70.74637561395603,72.07753940207637,73.3947610810238,74.84963149812172,76.52760944988088,78.249621298573,79.79604711913474,81.04961721799211,81.91091886216614,82.2496161299887,81.95797815473007,81.04961721799211,79.58366479528334,77.67998547724974,75.47362767864828,73.0996408207562,70.67153517608557,68.21666158013761,65.74083594140016,63.24988425488215,60.74965041586,58.24600989033968,55.74489339106209,53.252327382925614
46.36662386862139,48.43085459966828,50.43764136140952,52.40597354116443,54.35520080539422,56.304869685217284,58.274637169267464,60.28422380502076,62.35338761038254,64.48208952230543,66.59102264738834,68.58106499415717,70.35310016882963,71.84979896329034,73.18096538327484,74.49818898193382,75.95306094130774,77.6310401351499,79.3530528459153,80.89947919719755,82.15304960715505,83.0143514185799,83.35304874360602,83.06141071936116,82.15304960715505,80.68709681115847,78.78341677630358,76.57705764053992,74.20306834069586,71.77495835212918,69.32007704865003,66.84423769349075,64.35326155586478,61.85298411340267,59.34926590449683,56.84801132652254,54.35520080539422
47.36725955983167,49.4325488611445,51.43997920379297,53.40871063461071,55.35818968281066,57.30801931696085,59.27789024543145,61.287543650068784,63.35675046365668,65.48547967878056,67.59442940728222,69.58448151700222,71.35652231900073,72.8532243693204,74.18439287822432,75.50161800056335,76.95649118404489,78.63447136373033,80.35648475872435,81.90291153124002,83.15648218811802,84.01778413228995,84.3564815027186,84.06484343959329,83.15648218811802,81.69052909584254,79.7868484920458,77.58048829497463,75.20649705694835,72.77838362061772,70.32349619963165,67.84764595763008,65.3566504127958,62.85633836114815,60.35255849137218,57.851194309112415,55.35818968281066
48.36847111660664,50.43460139337575,52.44254284566131,54.41159127953712,56.361270215888524,58.31122746001988,60.281180500247885,62.29088690259812,64.36012785313437,66.48887873933174,68.59784164616535,70.58790150481421,72.35994677325013,73.85665140775694,75.18782157464203,76.50504790632925,77.95992206138718,79.63790302353773,81.35991696160477,82.90634406845382,84.15991492131278,85.02121697084615,85.35991437731083,85.06827628332613,84.15991492131278,82.69396159388049,80.79028053851408,78.58391949908182,76.20992672271699,73.78181054988715,71.32691827341034,68.85105939044632,66.3600484418795,63.85970892020228,61.355880107939754,58.85442892567511,56.361270215888524
49.370140212305664,51.43693846858392,53.445285777450664,55.41458589073939,57.36442350809111,59.31448204842128,61.28450026575058,63.29424873443858,65.36351678030562,67.49228486716576,69.60125823376788,71.59132424278936,73.36337305625528,74.8600797418392,76.19125122466777,77.50847851621688,78.96335344241638,80.64133502561047,82.3633493947151,83.9097767669248,85.163347775334,86.02464990849286,86.36334734355934,86.07170922508149,85.163347775334,83.69739426125761,81.79371284747995,79.5873511394648,77.21335714211838,74.78523879732319,72.33034266702677,69.85447692568222,67.36345375102547,64.86309242592986,62.35922476659046,59.85770452794969,57.36442350809111
50.372172755988444,52.43950150126918,54.448171057600206,56.41767097555618,58.36763455679662,60.31777350359033,62.28784345514178,64.29762531318008,66.36691486514002,68.49569660437706,70.60467827297828,72.59474916358124,74.3668007907496,75.86350910427853,77.19468163157399,78.51190968496698,79.96678522322256,81.64476729933955,83.3667820105591,84.91320959338577,86.16678072525532,87.02808292478778,87.3667803825555,87.07514224463745,86.16678072525532,84.70082706303936,82.79714536479037,80.59078312612033,78.21678815967928,75.78866809099122,73.33376890190732,70.85789771703475,68.36686483843624,65.86648620767785,63.36258771451139,60.86101266299981,58.36763455679662
51.474493957158394,53.54224394937583,55.55116934861792,57.52082788099939,59.47089145162428,61.42109422186961,63.39120523686762,65.40101359685458,67.470320218536,69.59911279379894,71.7081010517486,73.69817581688274,75.4702296772946,76.9669392829269,78.29811263921746,79.61534129728702,81.07021732133218,82.74819978868254,84.47021477143898,86.01664252143249,87.27021375129257,88.13151600350578,88.47021347929156,88.17857532594377,87.27021375129257,85.80425997149814,83.90057804746408,81.69421538761277,79.32021965200023,76.89209821505568,74.437196598205,71.96132109278388,69.4702805121064,66.96988814565917,64.46596517911247,61.96434662083955,59.47089145162428
52.477044384863476,54.5451288455166,56.55425735463321,58.52404179786545,60.474184737539346,62.42443816751536,64.39458177583192,66.40441117093586,68.47373134106843,70.60253251697088,72.71152600491979,74.70160384528226,76.47365947822476,77.97037010940178,79.30154412366693,80.61877326166896,82.07364967128582,83.75163244915846,85.47364764743392,87.02007553010785,88.27364683774313,89.13494913176908,89.47364662185575,89.1820084562614,88.27364683774313,86.80769296462655,84.90401086138674,82.69764786724355,80.3236515211388,77.89552899820723,75.44062545443326,72.96474651977947,70.47369982592302,67.97329655734197,65.46935416591059,62.96770107519143,60.474184737539346
53.57977682476768,55.64812683167733,57.65741657896528,59.627300969361286,61.57750690896725,63.52780054950311,65.49797002793451,67.50781611894088,69.5771470426149,71.70595504489994,73.81495268392084,75.80503296510054,77.57709000490406,79.07380145005749,80.40497598655789,81.72220550548282,83.17708222112827,84.85506524546268,86.57708061479576,88.1235086027782,89.37707997214372,90.23838229935647,90.5770798007938,90.28544162547931,89.37707997214372,87.91112602495731,86.00744377948175,83.80108052001083,81.42708368935787,78.99896030447718,76.54405523130093,74.06817357485642,71.5771220289447,69.07671010726473,66.57275229807169,64.07107179823451,61.57750690896725
54.68265377510943,56.75121459568399,58.76063233654395,60.73059606239991,62.68085200803118,64.6311775649096,66.60136757695668,68.61122691971055,70.68056637855716,72.8093797989774,74.91838073271815,76.90846295118013,78.68052110761164,80.17723319881918,81.50840814981827,82.82563797108207,84.28051492962268,85.95849814957397,87.6805136546756,89.2269417262415,90.48051314460227,91.34181549815543,91.68051300860174,91.3888748255724,90.48051314460227,89.01455913862665,87.11087678025847,84.90451331019673,82.5305160949575,80.10239202594681,77.64748573888184,75.17160192214621,72.6805465251418,70.1801277354489,67.67615768903147,65.17445543412359,62.68085200803118
55.78564545324622,57.854373627906284,59.86389296914618,61.833919668225164,63.78421530552107,65.73456619517347,67.70477250507197,69.71464236587138,71.78398859914005,73.9128063199571,76.0218098687262,78.01189362481284,79.78395266751357,81.28066527149502,82.61184055148212,83.92907061271256,85.38394776403922,87.0619311392518,88.78394675211297,90.33037489001914,91.5839463472675,92.44524872172703,92.78394623932383,92.49230805017119,91.5839463472675,90.1179922946308,88.21430984665969,86.00794620945192,83.63394868896623,81.20582407696094,78.75091682643095,76.27503129506837,73.783972841441,71.28354860057502,68.77956884137865,66.27784931918296,63.78421530552107
56.888728209664094,58.95758923299002,60.96718922194876,62.937265905822926,64.88759304758327,66.83796404434798,68.80818329005496,70.81806149911243,72.8874131092756,75.01623424333243,77.12523986765564,79.11532484415756,80.88738459029128,82.38409760126189,83.71527314236702,85.03250339405915,86.48738069840027,88.1653641968438,89.88737989523383,91.43380808579428,92.68737957390775,93.54868196496068,93.88737948823278,93.59574129422012,92.68737957390775,91.22142548423612,89.31774296514715,87.11137919527542,84.73738143251539,82.30925638953485,79.85434837430161,77.37846148203701,74.88740060236086,72.38697203487857,69.88298456658936,67.3812513391639,64.88759304758327
58.27497389676567,60.39284634051384,62.476478431082086,64.54390783873082,66.611711657645,68.6935255727332,70.79890258324767,72.93293464590005,75.09707773257088,77.27955049888662,79.423610974059,81.46450987152008,83.34174686304807,85.03244108714168,86.63092478797887,88.24684232949757,89.9691831466159,91.82479287475314,93.66013651487448,95.32416353808016,96.82574780542805,98.13424728140174,98.77854715377669,98.276170622492,96.82574780542805,94.77159404851407,92.34331775821339,89.71933408389008,87.05027817431471,84.44209444075382,81.88519123399418,79.35448809369909,76.83329422585274,74.30855386551401,71.76888731350394,69.20494281633435,66.611711657645
56.02587318890964,58.09452942627904,60.104005095283455,62.07400472604128,64.02428330244314,65.97462330321164,67.94482260776098,69.95468794756863,72.02403126897775,74.15284714135039,76.26184956609944,78.25193266126763,80.02399132302261,81.52070370659811,82.85187884517605,84.16910880326145,85.6239858717228,87.30196918019928,89.02398474674209,90.5704128561332,91.8239842966665,92.68528666213982,93.0239841766631,92.73234599014246,91.8239842966665,90.35803026408612,88.45434785462912,86.24798428926583,83.87398689998442,81.44586252137488,78.99095568497174,76.51507089060864,74.02401375081234,71.52359185303044,69.01961626869334,66.51790416853667,64.02428330244314
54.22011599731799,56.288351855802844,58.2975722947604,60.26741372354114,62.217592583340206,64.16786893993967,66.13802729851894,68.14786621308065,70.21719251453933,72.34599758263066,74.45499343739166,76.44507266943265,78.21712910452396,79.7138401998053,81.04501451183293,82.36224386702551,83.81712045113049,85.49510336952808,87.21711866533536,88.76354660805296,90.01711795088494,90.87842026383298,91.21711776039146,90.92547958925496,90.01711795088494,88.55116403553602,86.64748185119774,84.4411187057728,82.06712208339354,79.63899906900502,77.18409465321295,74.70821416667818,72.21716470633075,69.71675650402518,67.21280532188209,64.71113660339867,62.217592583340206
53.07946776365755,55.17005587510289,57.212470429562046,59.226049609044495,61.2295272744374,63.24026859906168,65.27357871587782,67.34232677043033,69.4572192970592,71.61204599323534,73.7381321864093,75.75309834093443,77.57712690404139,79.17135580264285,80.64045595016967,82.11665497863228,83.71821239256707,85.49585662819177,87.28239025416818,88.89653288245088,90.29545243439819,91.42744678197515,91.95739750937776,91.5333347269558,90.29545243439819,88.49040387929688,86.30083560203491,83.87815660727307,81.35737581752261,78.84213733703831,76.3387090538186,73.8369902168169,71.33179924636482,68.82000334329564,66.29939203654736,63.76884644890151,61.2295272744374
51.71093651671461,53.77744760103393,55.78562043985565,57.754812365608615,59.70458177378987,61.65459677260108,63.62458697427911,65.63431736134751,67.70357376072317,69.83233445417704,71.94130332483745,73.9313666902357,75.70341397993745,77.20011978390494,78.53129070110036,79.84851758007127,81.3033921748104,82.98137349106092,84.70338767489237,86.24981493304192,87.50338587459086,88.36468797180493,88.70338539457747,88.41174728662753,87.50338587459086,86.03743244073983,84.13375118101831,81.9273897603806,79.55339628784962,77.12527887663214,74.6703844028269,72.19452160942907,69.70350368993523,67.2031517366643,64.69930077513975,62.1978102195239,59.70458177378987
51.06594460005983,53.14092470112509,55.159465760010704,57.14130865035362,59.106043635621134,61.07289082790332,63.06048395385254,65.08672832176352,67.16884752493864,69.3050035964899,71.41884352552938,73.41599002273514,75.20288755807226,76.72778384417761,78.09959321243268,79.46479401291941,80.96502849570473,82.6744364212204,84.41705966449706,85.98534100609983,87.28660280352318,88.23960582271859,88.64538936814141,88.30709643102526,87.28660280352318,85.71104371549508,83.7193973188761,81.44911090928,79.03300437988024,76.58036499981777,74.1119543059434,71.62892032510743,69.13395828306807,66.63039134192557,64.12182103029308,61.612173739512485,59.106043635621134
39.30120079090244,41.34494824076977,43.33923190363052,45.29978861147097,47.24410481087675,49.19063510939013,51.158381674130986,53.16666336903495,55.23498639702498,57.36315446380274,59.47176291723105,61.46161434239876,63.23353946661473,64.73017458673115,66.06130015351539,67.37849395316059,68.8333419721823,70.51130188540105,72.2333012143163,73.77971932727436,75.03328490804684,75.89458412324791,76.23328056030607,75.941643296472,75.03328490804684,73.56733790656934,71.66366899885764,69.45733061965333,67.08337922560784,64.65533666546823,62.20057500026486,59.72494854729641,57.23435190822842,54.734751145131014,52.23223825601666,49.73312530714754,47.24410481087675
40.29070611606731,42.33968690645875,44.33717406670948,46.299726438215046,48.245304487465205,50.19264176904912,52.160908176121396,54.1695256372481,56.23806504013382,58.366370508640074,60.47506253259712,62.46496310317764,64.23691655637393,65.73356806766304,67.06470415105099,68.38190562173074,69.83675980364475,71.51472468023431,73.23672745402105,74.7831476877636,76.03671451171031,76.89801439525615,77.23671106090359,76.9450736013172,76.03671451171031,74.57076601855334,72.6670942463922,70.46075052386193,68.08678937183983,65.6587294539577,63.20393699139984,60.7282557345837,58.23756141250101,55.73778648770934,53.23496342693565,50.735299518411665,48.245304487465205
41.28305289502741,43.336206862365444,45.33624410475176,47.30038337908897,49.2469641451725,51.19494241405525,53.16362161915298,55.17250565945814,57.2412168320478,59.369631369260134,61.47838972799764,63.468329307076345,65.24030524565293,66.73696976688252,68.06811419742357,69.3853217566716,70.84018083011401,72.51814964615474,74.24015515414769,75.78657707116223,77.04014488181872,77.90144529583088,78.24014214290997,77.94850452795473,77.04014488181872,75.5741952047128,73.67052115903037,71.4641731954807,69.09020429848889,66.66213060357616,64.20731369657716,61.73158894014456,59.24081708139852,56.74090390662718,54.23783460620092,51.7377332230025,49.2469641451725
42.27766663109031,44.334145196872605,46.33621116216936,48.30161182116312,50.24898919244055,52.197476518756474,54.16648348724223,56.175579162850866,58.244426689835365,60.3729278030535,62.48173881477018,64.47170935602207,66.24370314166868,67.74037798905746,69.07152904481339,70.38874143660163,71.84360439247632,73.52157633527486,75.24358401341502,76.79000726644603,78.04357586025574,78.90487669529976,79.24357368638138,78.95193594810965,78.04357586025574,76.57762524344753,74.67394939326616,72.46759806360527,70.09362301939005,67.66553838952674,65.21070208060623,62.7349427973877,60.24410939422101,57.744086479183494,55.24082170277309,52.74037298368427,50.24898919244055
43.2740870707173,45.333212189270085,47.33689133683299,49.30329433099217,51.25130444024924,53.2001959983148,55.16946319179877,57.178726874767506,59.24768263934379,61.37625247309697,63.48510527741922,65.47510039406208,67.24710834519698,68.74379138856622,70.07494770280601,71.39216393020936,72.8470299675875,74.52500439210374,76.24701379269482,77.79343810612448,79.04700732152398,79.90830849074155,80.24700559611813,79.95536775996997,79.04700732152398,77.58105595887271,75.6773786764571,73.4710246751045,71.09704475181162,68.66895144280033,66.21409973434044,63.738313046489765,61.24743079326002,58.74732077026863,56.243900822133895,53.74317635177198,51.25130444024924
44.2719461914748,46.33317682499434,48.33813824065278,50.30533752920937,52.25385014059145,54.20306265901732,56.17253644302252,58.181933493879725,60.25097517490367,62.37959955540339,64.4884855317409,66.47850015432414,68.250519348778,69.74720889736571,71.07836938529672,72.39558865704586,73.85045714022428,75.52843353448645,77.25044430219022,78.79686945725987,80.05043916601596,80.9117406004674,81.25043779656002,80.95879988272728,80.05043916601596,78.58448721138814,76.68080879220588,74.47445267032546,72.10046887449147,69.67236867679055,67.21750474556697,64.74169630620185,62.250775279250234,59.75059611419029,57.24705299210467,54.746109613324876,52.25385014059145
45.27095016792312,47.33385507480317,49.33983541687569,51.307667191764736,53.256578827013044,55.20604616836772,57.17568395476275,59.185186872610885,61.25429675073974,63.38296442705061,65.49187673279154,67.48190683752682,69.25393495591182,70.75062966773555,72.08179346834623,73.39901515640432,74.85388558082161,76.53186353847548,78.25387539125887,79.8003012143393,81.05387131467309,81.9151729596409,82.25387022773492,81.96223225224381,81.05387131467309,79.58791889019278,77.68423956875728,75.47788176380985,73.10389489432868,70.67578922904266,68.22091559651616,65.74508989268318,63.25413809012541,60.75390404417219,58.250263149990985,55.74914599545161,53.256578827013044
46.37086469688897,48.43510044912547,50.441890264204034,52.41022433834986,54.359452797348794,56.30912244002184,58.278890414976104,60.28847736759289,62.35764137706033,64.48634341855804,66.59527662243741,68.5853190155394,70.35735421691811,71.85405302683057,73.1852194567287,74.5024430626188,75.95731502780214,77.63529422632297,79.3573069403356,80.90373329361695,82.15730370474631,83.01860551680116,83.35730284204276,83.06566481761335,82.15730370474631,80.69135090734362,78.78767086978863,76.58131172898817,74.20732241994585,71.77921241501664,69.3243310825049,66.8484916756787,64.35751544595003,61.85723783924075,59.353519337709926,56.85226423959503,54.359452797348794
47.371503119491166,49.43679641028807,51.4442291779534,53.41296211297039,55.36244210970821,57.31227234943428,59.28214366757733,61.291797323726385,63.361004299319916,65.48973361729007,67.59868340833354,69.58873555482856,71.36077637802396,72.85747844060774,74.18864695738014,75.50587208545855,76.96074527355105,78.63872545694991,80.36073885452129,81.90716562862366,83.16073628643173,84.02203823110369,84.36073560170337,84.0690975384316,83.16073628643173,81.69478319304022,79.79110258710043,77.58474238603154,75.21075114070459,72.78263769138698,70.32775024735761,67.85189996434758,65.3609043464102,62.86059216439574,60.35681206235145,57.85544746721864,55.36244210970821
48.372716846679126,50.438850292530276,52.446793670550164,54.415843298700565,56.36552298806389,58.31548071290507,60.28543406244253,62.295140664428445,64.36438174355297,66.49313271138118,68.60209566785488,70.59215555569233,72.36420084095235,73.86090548519321,75.19207565832352,76.5093019945661,77.96417615328372,79.64215711838168,81.36417105849434,82.91059816660272,84.1641690201999,85.02547107013018,85.36416847673055,85.07253038262962,84.1641690201999,82.69821569188187,80.79453463481448,78.58817359220922,76.21418081004984,73.78606462691221,71.33117233214584,68.85531341663315,66.36430241004362,63.86396278489187,61.360133788270446,58.858682278284846,56.36552298806389
49.374387666617096,51.441188439853875,53.449537277805575,55.41883833923701,57.368676554353556,59.31873547626367,61.288753939108545,63.29850256625426,65.36777071418459,67.49653886583624,69.60551227183814,71.59557830402673,73.36762713084602,74.86433382415586,76.19550531194129,77.51273260710599,78.96760753621021,80.64558912174364,82.36760349247189,83.91403086568113,85.16760187467628,86.02890400815014,86.36760144332435,86.07596332475423,85.16760187467628,83.70164835989684,81.79796694476909,79.59160523423554,77.21761123228998,74.78949287931349,72.3345967345006,69.858730967322,67.36770774661213,64.86734633938727,62.363478533717426,59.86195803494962,57.368676554353556
50.376421579826456,52.44375232386291,54.45242309422571,56.42192376487829,58.37188782062728,60.322027070306575,62.29209721673426,64.30187920054478,66.37116883351413,68.4999506241769,70.60893232404999,72.59900323304083,74.37105487080774,75.86776319046879,77.19893572169849,78.51616377796121,79.97103931852226,81.64902139649598,83.37103610900421,84.91746369262421,86.17103482495881,87.03233702474128,87.37103448259454,87.07939634460324,86.17103482495881,84.70508116218484,82.80139946286432,80.59503722219543,78.22104225210401,75.79292217692242,73.33802297631678,70.86215177093962,68.37111885578844,65.87074015984308,63.36684155053115,60.86526629254729,58.37188782062728
51.47874386861919,53.546495447908526,55.55542181097796,57.52508094087297,59.475144888154816,61.425347898816554,63.39545906849452,65.40526752830964,67.47457421428933,69.6033668303693,71.71235511313965,73.7024298928683,75.47448376169228,76.97119337219165,78.30236673160482,79.61959539195205,81.07447141782708,82.75245388665115,84.4744688704304,86.02089662105357,87.2744678512828,88.13577010369443,88.47446757954808,88.18282942614216,87.2744678512828,85.80851407104545,83.90483214616094,81.69846948472312,79.3244737462133,76.89635230411483,74.44145067811928,71.96557515642361,69.47453454673406,66.97414212854733,64.47021906981406,61.96860034765814,59.475144888154816
52.4812951599675,54.54938088069544,56.55851015495968,58.528295072500384,60.478438311151805,62.428691931956564,64.3988356630468,66.40866513738608,68.47798535855291,70.60678656685214,72.71578007450132,74.70585792644752,76.47791356606673,77.97462420110675,79.30579821785032,80.62302735766013,82.07790376872937,83.75588654777168,85.47790174685895,87.02432963003264,88.27790093796091,89.13920323214435,89.47790072228489,89.18626255664438,88.27790093796091,86.81194706449278,84.90826496057795,82.70190196517554,80.3279056167712,77.89978308974898,75.44487953871673,72.96900059114579,70.47795387426233,67.97755056461524,65.47360810001415,62.97195487921731,60.478438311151805
53.58402828559568,55.65237929288894,57.66166964757416,59.63155441446786,61.58176059138803,63.53205438339107,65.50222395927062,67.51207011316718,69.58140107734758,71.7102091053461,73.81920676000317,75.80928705037691,77.58134409547976,79.07805554369926,80.40923008216677,81.72645960252655,83.18133631932477,84.85931934458755,86.58133471456495,88.1277627029441,89.3813340725421,90.24263639987986,90.58133390135993,90.28969572600883,89.3813340725421,87.91538012507671,86.01169787906537,83.805334618595,81.43133778611687,79.00321439798941,76.54830931905227,74.07242765235536,71.581376088167,69.08096413389268,66.57700626662408,64.07532566354183,61.58176059138803
54.68690578035442,56.755467395098805,58.76488561811277,60.734849642819626,62.685105776817124,64.63543145391915,66.60562154331251,68.61548093598302,70.68482042697981,72.81363386780899,74.92263481396022,76.91271703971952,78.6847752003571,80.1814872939982,81.51266224655856,82.82989206896121,84.28476902841678,85.96275224910492,87.68476775471794,89.23119582659868,90.48476724514403,91.3460695987964,91.68476710927666,91.39312892621828,90.48476724514403,89.01881323894696,87.11513088015354,84.90876740929855,82.53477019261067,80.10664612102302,77.6517398293856,75.17585600451264,72.68480059300202,70.18438177743882,67.68041168492631,65.1787093480713,62.685105776817124
55.78989789069452,57.85862669579147,59.86814641975661,61.838173356049126,63.78846914285761,65.73882012793405,67.70902649922337,69.71889639964206,71.78824265842852,73.9170603954442,76.02606395406355,78.0161477159421,79.7882067619812,81.28491936789416,82.61609464912044,83.93332471125477,85.38820186330764,87.06618523910504,88.78820085237211,90.33462899052819,91.58820044792304,92.44950282246131,92.78820034008503,92.49656215090934,91.58820044792304,90.12224639511055,88.21856394680195,86.01220030896455,83.63820278732908,81.21007817327848,78.75517091911931,76.27928538129814,73.78822691615713,71.2878026547578,68.78382285897544,66.28210327173736,63.78846914285761
56.89298099021495,58.961842513984394,60.97144280673717,62.94151967889756,64.89184693933001,66.8422180118344,68.81243730626795,70.82231554677153,72.8916671771883,75.02048832410208,77.12949395624342,79.11957893734237,80.89163868612573,82.3883516986294,83.71952724071811,85.03675749312765,86.49163479804515,88.16961829695286,89.89163399566506,91.43806218642385,92.69163367465359,93.552936065769,93.89163358906251,93.59999539503151,92.69163367465359,91.22567958484245,89.32199706548558,87.11563329511412,84.74163553144155,82.3135104868376,79.8586024687239,77.38271557133308,74.89165468251858,72.39122609873885,69.88723860141113,67.38550532236093,64.89184693933001
58.279084186126354,60.39694664025289,62.48056375830444,64.54797381734157,66.61575483575855,68.69754394853285,70.80289622065364,72.93690622478425,75.10103288839046,77.28349651712422,79.42755108255157,81.46844149658521,83.34566123968095,85.03632472650025,86.63476825829986,88.25064374478502,89.97294928054242,91.8285367500839,93.66386665725815,95.32787980376116,96.82943600868722,98.13788876213714,98.78215936296827,98.27980279546269,96.82943600868722,94.7753515075689,92.3471454143643,89.72322401081179,87.05421584914555,84.44606288771597,81.88917768597433,79.35848439771284,76.8372959976294,74.3125600748246,71.77290007931363,69.20896714359318,66.61575483575855
56.030125440572974,58.09878237876329,60.10825847323298,62.078258367698936,64.02853711031425,65.97887721716657,67.94907658996493,69.95894197381803,72.02828532359575,74.15710121397677,76.26610364967652,78.25618675128369,80.02824541674998,81.52495780247277,82.85613294242837,84.17336290151867,85.62823997078732,87.306223279914,89.02823884690805,90.57466695657696,91.82823839727311,92.68954076283399,93.02823827738722,92.73660009084094,91.82823839727311,90.36228436449734,88.45860195466511,86.25223838860188,83.87824099804223,81.45011661715884,78.9952097767211,76.5193249751778,74.02826782258158,71.52784590197234,69.02387027696194,66.52215810449663,64.02853711031425
54.22436716337373,56.292604133882065,58.30182524804914,60.271667095372095,62.221846218991146,64.17212274397701,66.14228121089027,68.15212019536789,70.2214465418582,72.3502516385357,74.45924751067977,76.44932675294194,78.22138319392462,79.71809429261455,81.0492686068291,82.36649796361682,83.82137454900334,85.49935746843302,87.2213727649566,88.76780070811523,90.02137205120569,90.88267436429271,91.22137186089871,90.92973368972152,90.02137205120569,88.5554181355466,86.65173595061268,84.44537280407664,82.0713761796683,79.64325316167029,77.1883487394737,74.71246824154113,72.22141876087521,69.72101052233387,67.21705927562724,64.71539044236513,62.221846218991146
53.08365915416226,55.17424248690132,57.216649765143444,59.230219333670746,61.23368536108234,63.244413625072426,65.27771027843859,67.34644594230625,69.46132899728309,71.61615032941997,73.7422330167617,75.75719408753724,77.5812121243371,79.17542160700688,80.6444950264416,82.12066428321778,83.72219517676166,85.49982189753045,87.28634439723324,88.90047552436071,90.2993709864121,91.43132256266874,91.96124463792303,91.53720155965718,90.2993709864121,88.4943799120361,86.30486370691541,83.8822264539557,81.3614751956891,78.84625471916316,76.34283662098946,73.84112325225846,71.33593528536022,68.82414180372658,66.30353404841044,63.77299464803066,61.23368536108234
51.715183229723756,53.78169711140954,55.78987164984825,57.75906462955464,59.70883470223697,61.65885012523974,63.62884059985497,65.63857116308105,67.70782767592144,69.83658844140496,71.94555735586675,73.93562074702035,75.70766805156725,77.20437386412385,78.53554478682992,79.85277166982037,81.30764626778873,82.98562758663994,84.70764177227639,86.25406903153717,87.5076399737375,88.36894207130175,88.7076394941941,88.41600138614155,87.5076399737375,86.04168653910489,84.13800527788248,81.93164385444499,79.55765037680104,77.12953295648822,74.6746384665447,72.19877564442669,69.70775767373479,67.20740562915967,64.70355450495859,62.20206366016083,59.70883470223697
51.07018215523445,53.145160931355306,55.163699954414824,57.145540121040895,59.11027175418347,61.07711511231112,63.064704203461474,65.09094478187161,67.17306103764471,69.30921542011889,71.42305423732417,73.42019911107829,75.20709324213136,76.73198309316574,78.10378325641894,79.468973300023,80.96919772060104,82.67859873617353,84.42121747510723,85.9894940633612,87.29074557010594,88.24372911666285,88.64949867448296,88.31121544209637,87.29074557010594,85.71521030248351,83.72358346251728,81.45331151503666,79.03721462928988,76.58458090638895,74.11617334171137,71.63314102027198,69.138179883641,66.63461366933447,64.12604441876267,61.61639896258431,59.11027175418347
39.30169233848261,41.34544269705499,43.33972814215766,45.30028596093514,47.244602863045124,49.19113361106159,51.158880465407535,53.16716234738588,55.23548549593829,57.36365363927831,59.472262139274534,61.462113591827915,63.23403873182998,64.7306738610803,66.0617994337249,67.37899323764476,68.83384126010071,70.51180117608536,72.23380050692023,73.7802186210601,75.03378420252534,75.89508341809886,76.23377985528438,75.94214259134122,75.03378420252534,73.56783720021659,71.66416829090869,69.45782990872681,67.08387850924369,64.65583593943153,62.20107425706652,59.72544777355921,57.23485108005944,54.735250219917134,52.23273715798118,49.73362390215851,47.244602863045124
40.29119924250065,42.34018235358934,44.33767093303426,46.30022418811748,48.24580279584053,50.19314043449607,52.161407071551594,54.17002468120988,56.23856417980642,58.36686970908818,60.47556177000919,62.46546236232683,64.23741582805295,65.73406734659181,67.06520343463119,68.38240490870379,69.83725909334362,71.51522397212844,73.2372267474388,74.78364698211936,76.03721380661594,76.89851369045738,77.23721035620588,76.94557289653295,76.03721380661594,74.57126531279918,72.66759353937113,70.46124981447755,68.08728865813956,65.6592287325802,63.20443625640078,60.72875497534487,58.23806061005614,55.73828560822885,53.23546241025164,50.73579825798809,48.24580279584053
41.28354728183557,43.3367030987618,45.33674147049172,47.300881447278755,49.24746265708714,51.195441209567534,53.16412059728097,55.17300475550756,57.2417160040758,59.37013058953073,61.47888897760845,63.4688285739406,65.24080452246238,66.7374690494462,68.06861348367914,69.38582104562008,70.84068012122597,72.5186489390091,74.24065444821139,75.78707636597042,77.04064417706331,77.9019445913101,78.24064143846942,77.94900382344548,77.04064417706331,75.57469449943375,73.67102045274578,71.46467248732031,69.09070358690298,66.66262988589676,64.2078129680861,61.73208819241367,59.241316299372784,56.74140306345129,54.23833365410448,51.738232077380275,49.24746265708714
42.27816202285412,44.3346420615019,46.336708925010626,48.30211014226766,50.24948786602283,52.19797541755,54.166982531027,56.176078300250026,58.244925887546856,60.373427039058356,62.48223807406356,64.47220862900994,66.2442024225502,67.7408772745062,69.07202833319243,70.38924072711805,71.84410368470992,73.52207562889137,75.24408330799139,76.79050656161331,78.04407515576938,78.90537599099964,79.24407298214496,78.95243524381868,78.04407515576938,76.57812453854555,74.67444868756607,72.46809735641637,70.09412230948229,67.66603767478253,65.21120135728067,62.73544205879105,60.24460862840314,57.74458566482633,55.24132080195176,52.74087192921756,50.24948786602283
43.27458326302788,45.33370955366162,47.337389415305424,49.303792853018194,51.2518032422219,53.20069497911312,55.169962287707676,57.17922604499084,59.24818185744218,61.37675172159081,63.485604544397916,65.47559967191037,67.24760762931061,68.74429067630484,70.07544699287041,71.39266322197025,72.84752926071133,74.52550368632518,76.2475130876781,77.79393740157676,79.04750661725119,79.90880778661653,80.24750489204368,79.95586705585225,79.04750661725119,77.58155525427003,75.67787797122095,73.47152396868668,71.09754404323584,68.66945073038582,66.21459901511483,63.73881231514319,61.24793004030708,58.74781997878728,56.244399962017155,53.74367536967917,51.2518032422219
44.27244302102389,46.33367458676365,48.338636569926905,50.305836210822235,52.25434904451467,54.20356170492212,56.17303558031014,58.18243269015872,60.25147440918431,62.38009881381018,64.48898480481962,66.47899943603022,68.25101863545694,69.74770818692186,71.07886867669887,72.39608794979448,73.85095643405467,75.52893282918804,77.25094359749646,78.79736875293837,80.0509384619127,80.91223989648142,81.25093709261418,80.95929917874705,80.0509384619127,78.584986507023,76.68130808733798,74.47495196451968,72.10096816697288,69.67286796622517,67.21800402959553,64.7421955806098,62.251274536508674,59.75109534086697,57.247552164299904,54.74660868869023,52.25434904451467
45.27144750441504,47.33435315242371,49.34033394539114,51.308166000114525,53.25707781188416,55.20654526595965,57.17618312489756,59.18568608957219,61.25479599786502,63.38346369332561,65.49237601071194,67.48240612229488,69.25443424462686,70.75112895873426,72.08229276081012,73.3995144499369,74.85438487521279,76.53236283355815,78.25437468682145,79.80080051019735,81.05437061070431,81.91567225576523,82.25436952389111,81.96273154837272,81.05437061070431,79.58841818601618,77.68473886418164,75.4783810584898,73.1043941876492,70.6762885199449,68.2214148831276,65.74558917165865,63.254637355488924,60.754403285261844,58.250762347835234,55.74964511643094,53.25707781188416
46.37136243647869,48.435598777722774,50.44238895097084,52.410723247336676,54.35995184648698,56.309621578645476,58.27938961118481,60.28897660097098,62.35814063438086,64.48684269107821,66.59577590420074,68.58581830273778,70.35785350724925,71.85455231897424,73.1857187500353,74.50294235677364,75.95781432263846,77.6357935217081,79.35780623610164,80.9042325896175,82.15780300088431,83.01910481301306,83.35780213827994,83.0661641138289,82.15780300088431,80.6918502033167,78.78817016544497,76.58181102405366,74.20782171393236,71.77971170708376,69.32483037116637,66.84899095827943,64.35801471774674,61.8577370917706,59.35401855591367,56.85276339678413,54.35995184648698
47.372001179485245,49.43729493826587,51.44472799039596,53.41346110186177,55.362941209867,57.312771520629624,59.28264288448284,61.29229657013525,63.3615035647327,65.49023289476715,67.59918269314704,69.58923484395591,71.36127566963779,72.85797773366019,74.1891462513556,75.50637138010725,76.96124456874063,78.63922475257513,80.36123815044881,81.9076649247373,83.16123558265448,84.0225375273851,84.36123489800482,84.06959683471591,83.16123558265448,81.69528248913208,79.79160188294088,77.58524168140303,75.21125043521968,72.78313698437867,70.3282495376462,67.85239924982572,65.36140362331305,62.861091426006055,60.35731129671572,57.85594665315122,55.362941209867
48.3732151612721,50.4393489788701,52.4472925827867,54.416342351030465,56.36602212872519,58.315979909955615,60.28593329577632,62.29563992118034,64.36488101538879,66.49363199279261,68.60259495508933,70.5926548463507,72.36470013358425,73.86140477896697,75.19257495282986,76.5098012896068,77.96467544875372,79.6426564141974,81.36467035455004,82.91109746280614,84.16466831648992,85.02597036646675,85.36466777308307,85.07302967896848,84.16466831648992,82.69871498806796,80.79503393080105,78.5886728878236,76.21468010498448,73.78656392063772,71.3316716237259,68.85581270439513,66.3648016909993,63.86446205370957,61.36063303546209,58.85918148703348,56.36602212872519
49.37488618347069,51.44168725195735,53.45003626927709,55.4193374419296,57.36917572716641,59.31923469383739,61.289253185482266,63.299001831215705,65.36826999111847,67.49703815037044,69.60601156099409,71.59607759590028,73.36812642428596,74.8648331185021,76.19600460686898,77.51323190245782,78.96810683190276,80.6460884177106,82.3681027886293,83.91453016195581,85.16810117101969,86.02940330453049,86.36810073971733,86.0764626211364,85.16810117101969,83.70214765615776,81.79846624087168,79.59210453004269,77.21811052755763,74.78999217362143,72.3350960271057,69.85923025689667,67.36820703078459,64.86784561392562,62.36397779109063,59.862457261808856,57.36917572716641
50.376920257331335,52.44425123583022,54.45292214860396,56.42242290755098,58.372387018961774,60.32252630417078,62.29259647345825,64.30237847202235,66.37166811449444,68.50044991118966,70.60943161473106,72.59950252587888,74.37155416488905,75.86826248526941,77.19943501696062,78.51666307355997,79.97153861439146,81.649520692583,83.37153540524238,84.91796298895545,86.17153412134459,87.0328363211564,87.37153377901969,87.07989564101979,86.17153412134459,84.70558045850517,82.80189875905896,80.59553651815557,78.22154154763598,75.79342147169268,73.33852226973546,70.86265106195304,68.37161814251405,65.87123943892203,63.36734081598574,60.86576553378187,58.372387018961774
51.47924267370681,53.54699443916628,55.55592091529665,57.52558011528245,59.475644106747694,61.425847145611286,63.395958333433825,65.40576680495919,67.47507349848134,69.60386611934933,71.71285440503124,73.70292918647186,75.47498305628264,76.9716926673529,78.30286602713241,79.6200946877468,81.07497071383649,82.75295318283342,84.47496816673265,86.02139591742969,87.27496714770223,88.13626940013714,88.47496687599872,88.183328722586,87.27496714770223,85.8090133674129,83.90533144242863,81.6989687808047,79.324973041955,76.89685159925197,74.44194997218372,71.96607444857896,69.47503383548619,66.9746414112302,64.47071834168305,61.96909960030301,59.475644106747694
52.481794066364074,54.54987993490401,56.55900929892324,58.528794272102246,60.47893754582498,62.4291911890147,64.3993349345068,66.40916441814072,68.47848464529407,70.60728585739356,72.71627936735368,74.70635722065867,76.47841286106112,77.97512349655427,79.30629751358858,80.62352665361045,82.07840306485008,83.75638584402957,85.47840104321207,87.0248289264444,88.278400234407,89.13970252860892,89.47840001875579,89.18676185310989,88.278400234407,86.8124463608977,84.90876425690362,82.70240126135351,80.32840491267946,77.90028238517738,75.4453788332937,72.96949988420751,70.47845316462289,67.97804985015857,65.47410737697437,62.972454140918884,60.47893754582498
53.58452727243052,55.65287839707291,57.662168823008315,59.632053634066736,61.58225983882484,63.53255364859562,65.50272323590622,67.51256939718006,69.58190036611201,71.71070839712682,73.81970605361812,75.80978634507032,77.5818433907948,79.07855483937396,80.40972937807224,81.72695889860034,83.18183561553377,84.85981864090546,86.58183401095843,88.12826199938411,89.3818333690094,90.2431356963618,90.5818331978469,90.2901950224915,89.3818333690094,87.91587942151128,86.01219717543708,83.80583391484949,81.43183708215727,79.00371369364892,76.548808614036,74.07292694613645,71.58187537980417,69.0814634217064,66.57750554762531,64.07582493243198,61.58225983882484
54.68740483105164,56.75596653895542,58.765384818528005,60.735348878291305,62.68560503438492,64.63593072558967,66.60612082405606,68.615980222582,70.68531971735014,72.81413316057336,74.92313410818039,76.91321633479569,78.68527449592668,80.18198658985324,81.51316154259676,82.83039136513298,84.28526832469588,85.96325154547046,87.68526705114347,89.23169512306117,90.48526654162815,91.34656889529214,91.68526640577639,91.39362822271458,90.48526654162815,89.01931253540508,87.11563017656178,84.90926670561376,82.53526948875592,80.10714541686599,77.65223912469222,75.1763552988647,72.68529988565246,70.18488106705456,67.68091096913491,65.17920862266718,62.68560503438492
55.79039699209096,57.85912587114075,59.86864564000112,61.838672604119765,63.78896840846667,65.73931940473673,67.70952578322745,69.71939568829367,71.78874195007346,73.91755968898931,76.02656324876412,78.01664701132208,79.78870605775279,81.28541866389233,82.61659394526397,83.93382400750434,85.38870115964241,87.0666845355084,88.78870014882308,90.33512828700847,91.5886997444205,92.45000211896802,92.78869963659488,92.49706144741648,91.5886997444205,90.1227456915874,88.2190632432392,86.01269960532795,83.6387020835576,81.21057746926706,78.75567021468217,76.27978467610339,73.78872620961178,71.2883019458038,68.78432214572979,66.28260255086195,63.78896840846667
56.89348013185874,58.96234171433227,60.97194204272131,62.94201893696845,64.89234621132161,66.84271729271059,68.81293659285996,70.8228148370523,72.89216646984488,75.02098761826684,77.12999325132529,79.12007823296346,80.89213798205765,82.38885099474115,83.72002653694524,85.03725678943894,86.49213409442407,88.17011759338624,89.8921332921362,91.43856148291825,92.69213297116164,93.5534353622844,93.89213288558041,93.60049469154725,92.69213297116164,91.22617888133414,89.32249636194585,87.11613259151578,84.74213482773614,82.31400978294178,79.85910176449018,77.38321486649804,74.89215397661155,72.39172539092009,69.88773789018606,67.38600460508003,64.89234621132161
58.27972889172926,60.397601446430485,62.48123370329549,64.54866332584453,66.61646739799706,68.69828158855562,70.80365887382895,72.93769118147463,75.10183445054767,77.28430731834935,79.42836785915785,81.4692668508392,83.34650403393452,85.03719859940547,86.63568274636837,88.25160075495454,89.97394196390775,91.8295519392473,93.66489573188514,95.32892290920331,96.83050748820659,98.13900748306634,98.78330768051921,98.28093092752512,96.83050748820659,94.77635296214855,92.3480758922372,89.72409152632252,87.05503508644277,84.44685101111305,81.88994760438065,79.35924435466356,76.83805042608918,74.31331001646468,71.7736433916343,69.20969876605622,66.61646739799706
56.03062452017606,58.09928154057556,60.10875768495407,62.078757610354074,64.0290363724669,65.97937649176329,67.94957587256755,69.95944126158736,72.02878461469281,74.15760050718629,76.26660294417061,78.25668604653309,80.02874471243474,81.52545709840943,82.85663223852663,84.17386219773479,85.62873926709814,87.3067225763011,89.0287381433481,90.57516625304959,91.82873769376484,92.69004005933597,93.02873757389273,92.73709938734342,91.82873769376484,90.36278366096613,88.45910125108989,86.25273768494455,83.87874029423497,81.45061591308485,78.99570907217382,76.51982426978827,74.02876711569057,71.52834519240358,69.02436956262204,66.52265738167465,64.0290363724669
54.22486611563056,56.29310321658386,58.30232440995579,60.27216630637545,62.22234546094168,64.17262200567995,66.14278048530124,68.15261947798027,70.22194582975297,72.35075092978374,74.45974680396691,76.44982604742808,78.22188248910183,79.71859358819162,81.0497679026627,82.36699725963754,83.8218738451744,85.49985676472514,87.22187206133273,88.76830000454308,90.02187134766388,90.8831736607672,91.22187115737876,90.93023298619683,90.02187134766388,88.5559174319684,86.65223524696461,84.44587210029825,82.07187547565186,79.64375245723046,77.18884803428259,74.71296753501304,72.22191805196366,69.72150980917172,67.21755855489153,64.7158897081654,62.22234546094168
53.084221857834706,55.17481002235738,57.217224657633736,59.23080394386517,61.23428173852096,63.24502320820909,65.27833347456266,67.34708166673708,69.46197429856625,71.61680105431986,73.74288728643253,75.7578534974219,77.5818821774424,79.17611129169188,80.64521173607949,82.12141109520502,83.7229688036899,85.50061323384321,87.28714698339309,88.90128973941253,90.30020955891143,91.43220438151926,91.96215542713843,91.53809242587838,90.30020955891143,88.49516036540476,86.30559150980014,83.88291205142511,81.36213093367499,78.84689225322359,76.34346385687982,73.8417449591426,71.33655395533034,68.82475802536645,66.3041466791727,63.77360102280528,61.23428173852096
51.715681659619435,53.782195869448174,55.790370607259064,57.759563710598556,59.709333861229595,61.65934933399177,63.62933984062364,65.63907042451376,67.708326950664,69.8370877245969,71.94605664419677,73.9361200383716,75.7081673446599,77.20487315822402,78.5360440815765,79.85327096503846,81.30814556338562,82.9861268825419,84.70814106839009,86.25456832778121,87.50813927005797,88.36944136766331,88.70813879056966,88.41650068250513,87.50813927005797,86.04218583533365,84.1385045739352,81.93214315016928,79.55814967192555,77.13003225054581,74.67513775870924,72.19927493322223,69.70825695652458,67.2079049012391,64.70405375795539,62.202562879235415,59.709333861229595
51.07069818148069,53.14567829726232,55.16421937876022,57.14606229935589,59.110797321856,61.07764455672469,63.06523772748896,65.09148213749039,67.17360137340265,69.30975746371466,71.42359740510342,73.42074392034107,75.20764149348985,76.73253785107008,78.10434732156568,79.46954824152952,80.96978283607592,82.67919083834028,84.42181413164654,85.99009552604456,87.29135743776592,88.24436067324203,88.65014437402324,88.31185132911806,87.29135743776592,85.71579808516549,83.72415147133043,81.45386490110272,79.03775826459004,76.58511882169286,74.1167080930621,71.63367409379502,69.13871204169915,66.63514509248358,64.12657476906574,61.61692745790798,59.110797321856
39.30472655053442,41.348494856555874,43.342791298501396,45.30335597199959,47.247677209939376,49.19421073147993,51.16195937274624,53.17024240900983,55.23856630145528,57.36673491719914,59.475343704528285,61.46519532605642,63.23712056346179,64.73375574907003,66.06488135787406,67.38207518816945,68.83692323181549,70.51488316486584,72.23688250754537,73.78330062897723,75.03686621471692,75.89816543258846,76.23686187055995,75.94522460594371,75.03686621471692,73.57091920727927,71.66725028812239,69.46091188756836,67.08696045453408,64.6589178250404,62.20415603678477,59.72852936484709,57.23793233549269,54.73833087656472,52.23581674828617,49.7367015985001,47.247677209939376
40.29424319648828,42.343240626838224,44.3407379630262,46.30329666996921,48.248878723583275,50.19621856544159,52.16448662153864,54.17310514766541,56.24164523681603,58.36995114109433,60.47864343009009,62.46854415652979,64.24049769956747,65.73714926283863,67.06828537957821,68.38548687458534,69.84034107604387,71.51830596837387,73.24030875308537,74.7867289935536,76.04029582144278,76.90159570710817,77.24029237348051,76.94865491327336,76.04029582144278,74.57434732355524,72.67067554231004,70.46433180283441,68.0903706198666,65.66231064693733,63.20751808671028,60.731836656090266,58.24114202421208,55.74136654706028,53.238542502510896,50.73887684632683,48.248878723583275
41.2865990126464,43.339766241958145,45.33981158198122,47.30395589302843,49.250539840707916,51.19852014304158,53.167200657529335,55.17608554335388,57.24479726072448,59.37321214384548,61.48197071295782,63.471910415746976,65.24388642563255,66.74055098812104,68.07169544513366,69.38890302369049,70.84376211264549,72.52173094117948,74.24373645784345,75.79015838019617,77.04372619398185,77.9050266096763,78.24372345733074,77.95208584188276,77.04372619398185,75.57777651312124,73.6741024602288,71.4677544832295,69.0937855616759,66.66571182307172,64.21089483855106,61.73516994416525,59.24439783951864,56.74448422628899,54.24141414488162,51.74131137406577,49.250539840707916
42.28121995447719,44.33770908103234,46.339781486697575,48.30518614855221,50.252566047164905,52.2010549882893,54.17006299639044,56.1791593432321,58.24800730266759,60.37650869045639,62.48531986915617,64.47529050860024,66.24728435084596,67.74395923098243,69.07511030774907,70.39232271486284,71.84718568304996,73.52515763576442,75.24716532078679,76.79358857805474,78.04715717434804,78.9084580107273,79.2471550022656,78.95551726360281,78.04715717434804,76.58120655455976,74.67753069865574,72.47117935831986,70.09720429460987,67.66911963006828,65.2142832596178,62.7385238669026,60.24769026855461,57.747667005481105,55.244401609106134,52.743951788350316,50.252566047164905
43.27764613420517,45.33677965683111,47.340463924501044,49.30687009902822,51.254882215557615,53.20377505583801,55.173043074687016,57.18230729050441,59.25126339835387,61.37983345004825,63.488686386910445,65.47868158149043,67.25068957754883,68.7473726469102,70.0785289778263,71.39574521739362,72.8506112645442,74.52858569693075,76.25059510298425,77.79701941977675,79.05058863714751,79.91188980742481,80.25058691316389,79.95894907670532,79.05058863714751,77.58463727213095,75.68095998517327,73.47460597534788,71.10062603658193,68.67253270004628,66.21768094274938,63.74189416798917,61.25101175983768,58.75090146059017,56.24748102032659,53.746755675372896,51.254882215557615
44.27550982410193,46.336747141836454,48.34171262661946,50.30891444151459,52.257428646905225,54.2066421833664,56.176116622603985,58.185514096440585,60.25455604994366,62.383180603432464,64.4920666849704,66.48208136941358,68.2541005995237,69.75079016874159,71.08195066990868,72.3991699513124,73.85403844224723,75.53201484275607,77.25402561479538,78.80045077253413,80.05402048285482,80.91532191814738,81.25401911452771,80.96238120044859,80.05402048285482,78.58806852634963,76.68439010356235,74.47803397495707,72.10405016684203,69.6759499472949,67.22108597730895,64.74527746896244,62.254356319045414,59.7541769347084,57.25063342198038,54.7496893489118,52.257428646905225
45.274517435438014,47.33742765636303,49.34341123144213,51.31124501279845,53.26015791373885,55.20962606332341,57.179264369864796,59.18876762346788,61.2578777178781,63.38654553149621,65.49545792073684,67.4854880745712,69.25751622125688,70.75421094945486,72.08537476057111,73.40259645629206,74.85746688686564,76.53544484947753,78.25745670570203,79.80388253090095,81.05745263247654,81.91875427811195,82.25745154643432,81.96581357074766,81.05745263247654,79.59150020650617,77.68782088220934,75.4814630719244,73.10747619269576,70.67937051007027,68.22449684677781,65.7486710881935,63.25771918803554,60.757484968034134,58.25384376377498,55.75272605809957,53.26015791373885
46.37443485469882,48.43867483023917,50.44546721346399,52.41380288097059,54.36303234488199,56.31270262918281,58.28247101703303,60.29205823616137,62.36122241730058,64.48992456778268,66.59885783793719,68.58890027000962,70.36093549385077,71.85763431675957,73.18880075499601,74.50602436696815,75.96089633703772,77.63887553949374,79.36088825623759,80.90731461120038,82.16088502331536,83.0221868359001,83.36088416132293,83.06924613673831,82.16088502331536,80.69493222473002,78.791252184904,76.58489303986713,74.2109037230882,71.78279370439662,69.32791234746577,66.85207289718292,64.36109658998735,61.86081884513101,59.35710009747547,56.85584456187405,54.36303234488199
47.37507557466568,49.440372220999635,51.44780702833296,53.416541228522334,55.36602202306892,57.3158527721406,59.28572441803432,61.29537828572802,63.364585397583284,65.49331480205669,67.6022646457036,69.59231682312978,71.36435766415377,72.86105973705278,74.19222826044333,75.50945339334905,76.96432658531978,78.64230677184202,80.36432017158114,81.91074694701808,83.16431760560845,84.02561955070098,84.3643169214445,84.07267885804956,83.16431760560845,81.69836451127827,79.79468390353594,77.58832369910462,75.2143324476371,72.78621898739627,70.33133152398531,67.85548120648342,65.36448552705954,62.864173235394574,60.360392937991094,57.85902799559379,55.36602202306892
48.37629112737892,50.44242723872868,52.45037223647205,54.41942286911893,56.369103191835336,58.31906132099812,60.28901493069348,62.2987217005915,64.36796288787068,66.49671392435798,68.6056769225836,70.59573683497132,72.36778213438194,73.86448678681006,75.1956569651932,76.51288330526725,77.96775746706302,79.64573843463997,81.36775237647322,82.91417948564083,84.16775033985893,85.029052390123,85.36774979683756,85.07611170263885,84.16775033985893,82.70179701079584,80.79811595229779,78.59175490702378,76.21776211999061,73.78964592818319,71.33475361803362,68.85889467514451,66.36788361975249,63.8675439075691,61.36371475588476,58.86226297025547,56.369103191835336
49.37796339756584,51.44476628780224,53.453116411857565,55.422418270765405,57.37225698865771,59.32231623151192,61.292334900858165,63.30208366128147,65.37135189505648,67.50012010120378,69.60909354034453,71.59915959201882,73.37120843006949,74.86791512987762,76.19908662183218,77.51631392003793,78.97118885158528,80.6491704390863,82.37118481118017,83.91761218523014,85.17118319471808,86.0324853284569,86.37118276372175,86.07954464507401,85.17118319471808,83.70522967934733,81.80154826308407,79.59518655043229,77.22119254461842,74.7930741847607,72.33817802773811,69.8623122388307,67.3712889793859,64.87092750308273,62.36705957433546,59.86553885677672,57.37225698865771
50.37999846267656,52.44733088785439,54.45600267933128,56.42550398307175,58.375468437926486,60.32560794236062,62.295678252697286,64.30546034229387,66.37475004339964,68.5035318773162,70.6125136034918,72.60258452794852,74.37463617462984,75.87134449944855,77.20251703398736,78.51974509266375,79.97462063516392,81.65260271469933,83.37461742829143,84.92104501257872,86.17461614530448,87.0359183452972,87.3746158032224,87.08297766516951,86.17461614530448,84.70866248206116,82.80498078183938,80.59861853948925,78.22462356632755,75.79650348568433,73.3416042753878,70.8657330527644,68.374700106869,65.87432135609541,63.370422649094365,60.86884721744825,58.375468437926486
51.48232166626245,53.55007458042786,55.55900175416595,57.52866138662533,59.478725650710615,61.42892886358483,63.39904016336294,65.40884870714277,67.47815544720329,69.60694809761418,71.71593640126098,73.70601119326496,75.47806506916432,76.97477468375735,78.30594804579692,79.6231767080599,81.07805273547402,82.7560352055376,84.4780501901771,86.02447794132992,87.2780491718696,88.13935142444814,88.47804890035886,88.18641074690406,87.2780491718696,85.81209539125976,83.90841346565989,81.70205080288768,79.32805506194097,76.89993361550759,74.44503198182036,71.96915644643627,69.47811581234491,66.97772335064049,64.47380021436977,61.97218135437308,59.478725650710615
52.484873684015696,54.552960464584245,56.56209038240884,58.531875698886964,60.48201918900622,62.432272970315594,64.40241680466987,66.4122463456534,68.48156660974479,70.61036784529267,72.71936136951162,74.70943923120078,76.48149487643572,77.97820551472489,79.30937953355304,80.6266086748834,82.0814850871742,83.75946786720033,85.48148306697038,87.02791095056443,88.2814822587391,89.14278455305504,89.48148204324087,89.18984387756157,88.2814822587391,86.81552838497535,84.91184628049271,82.70548328403122,80.33148693369273,77.9033644032299,75.44846084609274,72.97258188765726,70.48153515140596,67.98113180721852,65.47718928107496,62.97553595087071,60.48201918900622
53.58760738640186,55.655959235110956,57.6652501006737,59.63513518423689,61.585341560760284,63.53563548016129,65.50580513800374,67.51565134479675,69.58498234304673,71.71379039267272,73.82278806048123,75.81286835858802,77.58492540814811,79.08163685894642,80.41281139906849,81.7300409206351,83.18491763840288,84.86290066444651,86.58491603496586,88.13134402367865,89.38491539347223,90.2462177209151,90.58491522243115,90.29327704704926,89.38491539347223,87.91896144577215,86.01527919931019,83.80891593799922,81.43491910398593,79.00679571312763,76.55189062934502,74.07600895402494,71.58495737446424,69.08454539277503,66.58058747665952,64.07890678673863,61.585341560760284
54.69048533906607,56.75904762178118,58.768466250331386,60.738430526399554,62.68868681883049,64.6390125970517,66.60920275150042,68.61906218615545,70.68840170419352,72.8172151621885,74.92621611877811,76.9162983506751,78.6883565148504,80.18506861053834,81.51624356441192,82.83347338777244,84.28835034799755,85.96633356930542,87.6883490753486,89.23477714749417,90.48834856619473,91.34965091993054,91.68834843043936,91.39671024735651,90.48834856619473,89.02239455981139,87.11871220066031,84.91234872913813,82.53835151123178,80.11022743747668,77.6553211419934,75.1794373102762,72.68838188656453,70.187963049242,67.68399291795927,65.18229051217915,62.68868681883049
55.79347781292941,57.86220714828235,59.871727194154914,61.841754329965994,63.79205024252836,65.74240130786526,67.71260773078993,69.72247766453214,71.79182394478138,73.92064169542164,76.02964526232594,78.019729029076,79.79178807792297,81.28850068546052,82.61967596772908,83.9369060306237,85.39178318328736,87.06976655957664,88.79178217318514,90.33821031155136,91.59178176906943,92.45308414367395,92.7917816613203,92.50014347212522,91.59178176906943,90.12582771610911,88.22214526751664,86.01578162914969,83.64178410654714,81.2136594907762,78.75875223356459,76.28286669031112,73.7918082154861,71.29138393681629,68.78740411026175,66.285684468317,63.79205024252836
56.89656120103098,58.96542314571987,60.97502369399159,62.94510072451811,64.89542808476477,66.84579922097329,68.81601855639039,70.82589682334307,72.89524847079497,75.0240696285226,77.13307526723972,79.12316025220518,80.89522000321719,82.39193301701027,83.72310855992626,85.04033881293923,86.49521611834152,88.17319961763964,89.8952153166228,91.44164350754842,92.69521499587594,93.55651738704394,93.8952149103554,93.60357671630902,92.69521499587594,91.22926090594747,89.32557838636528,87.11921461557353,84.74521685113336,82.31709180516401,79.86218378462758,77.38629688292514,74.89523598642438,72.39480738893707,69.89081986718529,67.38908654471388,64.89542808476477
58.28277581473999,60.400645931181046,62.48427453357239,64.55169943355033,66.61949794062333,68.70130607753056,70.80667732478074,72.94070424851556,75.1048435091599,77.28731414672852,79.43137324513229,81.47227016624724,83.34950313949427,85.04019020290919,86.63866454586494,88.25457229020688,89.97690488820517,91.83250943102257,93.66784987195304,95.3318736624868,96.83345139252758,98.14193998428493,98.78623303777145,98.28386115710143,96.83345139252758,94.77931376921943,92.35105383200826,89.72708466443035,87.05803987842842,84.44986331373505,81.89296430155471,79.36226345646632,76.84107086243444,74.31633153590059,71.77666651134864,69.21272470763746,66.61949794062333
56.03370520654539,58.10236273419126,60.11183918651672,62.08183930278567,64.03211818520188,65.9824583812805,67.95265781148261,69.96252323238198,72.03186660602034,74.16068251154805,76.26968495645835,78.25976806348129,80.03182673206919,81.52853911959804,82.8597142607124,84.17694422064787,85.63182129059554,87.3098046002691,89.03182016764269,90.57824827754527,91.83181971837837,92.69312208401287,93.03181959859131,92.74018141202345,91.83181971837837,90.36586568543827,88.46218327529044,86.25581970863848,83.88182231700371,81.45369793420781,78.99879109037657,76.5229062827941,74.03184911943197,71.5314271796228,69.02745152040238,66.52573928711884,64.03211818520188
54.22794601624889,56.296183922072714,58.30540560415376,60.27524780350956,62.22542714902568,64.17570381564009,66.14586237367226,68.15570141695562,70.22502780132169,72.35383292204278,74.46282880880761,76.45290805966675,78.22496450560462,79.72167560716153,81.05284992321545,82.37007928134486,83.82495586780927,85.50293878810703,87.2249540852331,88.77138202876262,90.0249533720705,90.88625568527442,91.2249531819204,90.93331501070898,90.0249533720705,88.55899945615053,86.65531727071564,84.44895412324507,82.07495749713007,79.64683447609615,77.19193004851275,74.7160495409936,72.22500004323794,69.72459177421898,67.22064047320845,64.71897154340682,62.22542714902568
53.08728857611992,55.177875574241654,57.2202884335191,59.23386537388595,61.23734032792123,63.24807860975207,65.28138558993635,67.35013075778984,69.46502107778073,71.61984652428285,73.74593190069473,75.76089687084747,77.58492298162079,79.17914735686796,80.64824127754252,82.12443337012036,83.72598460565268,85.50362476089222,87.29015579481954,88.90429574372364,90.30320968356088,91.43519406696282,91.96513811949032,91.54107992739353,90.30320968356088,88.49817451951398,86.30861837340768,83.88594910324099,81.36517519348897,78.84994090743407,76.34651499705718,73.8447974340178,71.33960716331478,68.82781182437665,66.30720134501951,63.77665719884661,61.23734032792123
51.71875833716692,53.78527457170246,55.79345053967843,57.762644405857955,59.71241503744747,61.66243081723471,63.632421521415395,65.64215223280641,67.71140884108112,69.84016966714825,71.94913861845106,73.93920203126729,75.71124934830036,77.20795516808117,78.5391260954222,79.85635298179344,81.3112275824779,82.98920890351651,84.71122309067115,86.25765035086658,87.51122129361478,88.37252339147358,88.71122081446663,88.41958270632786,87.51122129361478,86.04526785832476,84.14158659583998,81.93522517004764,79.56123168810319,77.13311426014036,74.6782197566231,72.20235691034873,69.71133889659453,67.21098677522413,64.70713551419702,62.205644426170494,59.71241503744747
51.07377616782802,53.148755960210494,55.16729654479376,57.14913880057125,59.113873004868694,61.080719303879235,63.06831148981186,65.09455497485574,67.17667349135395,69.31282916938923,71.4266688393971,73.4238149583763,75.21071170059452,76.73560648747959,78.10741371118853,79.47261200558232,80.97284414412155,82.68225045979332,84.42487265367178,85.9931528878652,87.29441228782541,88.24741077040937,88.65319105709914,88.31490038092159,87.29441228782541,85.7188587493451,83.72721690894554,81.45693386867703,79.04082958602291,76.58819152394858,74.11978155910545,71.63674796487108,69.14178613377129,66.63821936196506,64.12964929753566,61.620002434175916,59.113873004868694
39.30830348721618,41.352092934725334,43.34640233048561,45.30697507851811,47.25130142384441,49.19783821244914,51.165588958610414,53.173873354558225,55.24219812326814,57.37036729547718,59.4789764212683,61.468828241839105,63.240753593980045,64.73738884597472,66.06851449737253,67.38570835873679,68.84055642734353,70.51851638049635,72.2405157371282,73.7869338671496,75.04049945792437,75.9017986785028,76.24049511740012,75.94885785199108,75.04049945792437,73.57455244444515,71.67088351368676,69.46454509149137,67.09059361893571,64.66255091914061,62.20778900615181,59.7321621122538,57.241564687281596,54.74196252301775,52.239447138646966,49.740329757875784,47.25130142384441
40.29783160886439,42.3468459067525,44.34435355798678,46.30691868695055,48.25250479964451,50.19984723675708,52.16811696440715,54.176736570082824,56.24527735487308,58.373583700876196,60.48227625853107,62.472177142959,64.24413077706531,65.74078239302857,67.0719185435754,68.3891200632422,69.84397428451223,71.52193919279767,73.24394198858316,74.79036223586894,76.04392906775448,76.90522895556833,77.24392562267552,76.95228816183908,76.04392906775448,74.57798056507173,72.67430877461837,70.4679650179659,68.09400380362968,65.66594377490131,63.21115111567093,60.735469508872896,58.24477456296739,55.74499852591006,53.24217348414598,50.74250605642656,48.25250479964451
41.290196585835695,43.343377258455334,45.343430806795425,47.307580223379986,49.254167396126206,51.202149759691764,53.170831601457365,55.17971734435166,57.24842961394512,59.37684484769994,61.48560363006082,63.475543458250314,65.24751954041898,66.74418414472996,68.07532862857572,69.39253622670512,70.84739533138463,72.52536417258253,74.24736969803598,75.7937916257998,77.04735944275737,77.90865986015706,78.24735670839475,77.95571909244731,77.04735944275737,75.5814097580908,73.6777356978898,71.47138770725718,69.0974187608063,66.66934497791385,64.21452791481258,61.73880288058916,59.24803052668295,56.74811646900555,54.24504559594851,51.74494141855904,49.254167396126206
42.28482483197081,44.34132466366975,46.34340359772074,48.30881231713149,50.256194777609196,52.204685355602805,54.17369441752143,56.18279144476551,58.25163984255937,60.38014150866948,62.48895285663335,64.47892359561087,66.25091749522889,67.74759240856035,69.0787435066247,70.39595592927333,71.85081890994107,73.52879087270692,75.25079856470552,76.79722182626826,78.05079042507913,78.91209126281183,79.25078825481305,78.95915051575385,78.05079042507913,76.58483980227003,74.68116394056523,72.47481258940851,70.10083750593743,67.67275280624389,65.21791637342294,62.74215686971536,60.251323073519885,57.751299457656174,55.248033432847734,52.74758249537534,50.256194777609196
43.281256830276284,45.340398871844776,47.3440883295886,49.31049772793769,51.258511879162654,53.20740601917447,55.17667487466355,57.185939630608516,59.25489608642029,61.38346635903298,63.4923194302456,65.48231470382731,67.25432274542285,68.75100584113139,70.08216218895166,71.39937844084909,72.85424449790555,74.53221893826992,76.25422834986045,77.80065267006177,79.05422188943069,79.91552306078225,80.25422016688873,79.96258233011557,79.05422188943069,77.58827052201653,75.68459323045474,73.47823921204085,71.10425925759046,68.67616589315446,66.22131408635346,63.74552722349654,61.25464465830706,58.75453407902978,56.251113139914736,53.75038690842189,51.258511879162654
44.27912515176878,46.34036924506849,48.34533885457668,50.31254323032641,52.261059051502144,54.210273619905905,56.179748723326696,58.1891466259207,60.25818885562498,62.38681358446591,64.49569977264125,66.4857145197894,68.25773378604285,69.75442337617267,71.08558389075668,72.40280318194687,73.85767168074406,75.53564808758492,77.25765886401896,78.8040840244633,80.05765373636993,80.91895517251514,81.25765236918707,80.9660144548582,80.05765373636993,78.59170177796176,76.6880233515202,74.4816672160982,72.10768339553437,69.6795831538426,67.2247191445648,64.74891056629463,62.2579892917325,59.75780968512308,57.25426577641642,54.753320999574825,52.261059051502144
45.27813644767164,47.34105205525893,49.34703890751771,51.3148747227535,53.26378890667684,55.213257875532236,57.18289670932538,59.192400303269864,61.26151061691584,63.39017856971678,65.49909104359774,67.48912124720185,69.26114942257482,70.75784416737073,72.08900798913605,73.40622969262455,74.86110012943851,76.53907809707611,78.26108995678874,79.80751578413506,81.06108588696942,81.92238753328158,82.26108480183541,81.96944682595054,81.06108588696942,79.59513345948865,77.69145413229143,75.48509631659604,73.11110942748672,70.68300372728498,68.22813003280632,65.75230421872277,63.26135221963139,60.76111782320433,58.25747630463151,55.75635804029143,53.26378890667684
46.378056796725396,48.442301053277134,50.44909603973542,52.41743332237047,54.36666380492231,56.3163347396159,58.286103546002295,60.29569103528277,62.36485539043878,64.49355765139401,66.60249098872893,68.59253346030415,70.3645687069146,71.86126754299724,73.19243398968588,74.50965760782316,75.96452958284574,77.64250878929067,79.36452150880305,80.91094786547023,82.16451827858432,83.02582009170618,83.3645174173127,83.0728793925708,82.16451827858432,80.69856547880019,78.79488543667209,76.58852628734094,74.21453696271973,71.7864269300778,69.33154554839427,66.85570605406112,64.36472966834052,61.864451783449994,59.360732786307665,56.859476807243624,54.36666380492231
47.378699845449304,49.44399989316766,51.45143676803477,53.42017225068025,55.36965385393418,57.31948511930929,59.28935709743084,61.29901117955889,63.36821842953721,65.49694792169548,67.60589781866437,69.59595002744425,71.36799088654035,72.86469296989551,74.19586149999459,75.5130866377936,76.96795983369552,78.64594002338379,80.36795342532031,81.91438020211001,83.16795086149335,84.0292528070122,84.36795017790155,84.07631211438174,83.16795086149335,81.70199776621169,79.79831715664221,77.5919569488025,75.21796569111055,72.7898522197973,70.33496473674003,67.8591143842751,65.36811864252485,62.86780623971153,60.36402574428024,57.862660449874795,55.36965385393418
48.379917248630974,50.44605606189671,52.45400270149142,54.423054352357056,56.37273531707848,58.32269385608598,60.29264772949304,62.30235466959684,64.37159596650804,66.5003470725923,68.60931011314014,70.5993700504135,72.37141536416806,73.86812002489523,75.19929020860297,76.51651655256083,77.9713907174768,79.64937168756661,81.37138563114391,82.91781274138526,84.17138359623274,85.03268564683518,85.37138305366547,85.07974495936764,84.17138359623274,82.70543026641445,80.8017492064662,78.59538815848695,76.22139536651343,73.7932791659178,71.33838684017485,68.86252786953537,66.37151676467424,63.871176964270376,61.36734765540497,58.865895590366705,56.37273531707848
49.3815909888813,51.448396025039635,53.45674745276824,55.42605012004651,57.375889347582685,59.32594891576517,61.29596779443355,63.305716689955005,65.37498501074734,67.5037532721347,69.61272674486696,71.60279281629315,73.37484166572862,74.87154837212373,76.20271986830446,77.51994716959277,78.97482210361665,80.65280369311213,82.37481806659028,83.92124544149243,85.17481645147993,86.03611858548729,86.37481602084395,86.0831779021176,85.17481645147993,83.70886293550976,81.80518151809548,79.59881980329656,77.22482579356152,74.79670742672857,72.34181125732948,69.86594544639647,67.3749221476876,64.87456060136255,62.370692547856606,59.86917160851826,57.375889347582685
50.38362722163086,52.450961350916984,54.45963417745725,56.42913612293391,58.37910098234627,60.32924074501521,62.29931122149986,64.30909341832752,66.37838318850042,68.50716506626165,70.61614681909907,72.60621775923295,74.37826941495041,75.87497774499725,77.20615028289033,78.52337834401337,79.97825388847914,81.65623596959756,83.37825068428836,84.92467826925204,86.17824940237429,87.0395516025802,87.37824906057827,87.08661092246295,86.17824940237429,84.71229573865523,82.80861403751987,80.60225179346554,78.22825681719164,75.80013673101215,73.34523751089236,70.86936627078715,68.37833329372762,65.87795448737683,63.37405568135226,60.872480073671625,58.37910098234627
51.4859513525075,53.55370561978495,55.56263361526592,57.53229375715493,59.482358342371185,61.43256176022014,63.40267319187555,65.41248182076704,67.4817886156471,69.61058130085786,71.71956962566628,73.7096444301133,75.48169831318468,76.97840793192726,78.30958129662918,79.62680996083405,81.08168598980826,82.75966846112826,84.48168344663985,86.02811119832948,87.28168242918386,88.14298468193158,88.48168215790017,88.19004400439582,87.28168242918386,85.8157286481964,83.91204672187143,81.70568405774662,79.33168831432972,76.9035668635022,74.44866522201828,71.97278967275881,69.48174901393227,66.98135650811568,64.47743329324838,61.97581429352803,59.482358342371185
52.48850410658933,54.556591961476826,56.56572253165314,58.535508252518255,60.485651997540415,62.43590594154689,64.40604988057576,66.4158794891139,68.48519979671619,70.61400105988498,72.7229946009,74.71307247246521,76.48512812339261,77.9818387649753,79.31301278591654,80.63024192878817,82.08511834231723,83.76310112334056,85.4851163238028,87.03154420782296,88.2851155162474,89.14641781069759,89.48511530092937,89.19347713521074,88.2851155162474,86.81916164218393,84.9154795371258,82.70911653959072,80.33512018729166,77.90699765334116,75.45209409001573,72.97621512056733,70.48516836468363,67.98476498548403,65.48082239695732,62.97916895585119,60.485651997540415
53.59123839361256,55.659591095231804,57.66888247865083,59.638767883209255,61.58897446206248,63.53926851060167,65.50943825152662,67.51928451193866,69.58861554472362,71.71742361627247,73.82642129741212,75.81650160335752,77.58855865743571,79.08527011084813,80.41644465264736,81.73367417543729,83.18855089418787,84.86653392102299,86.58854929209167,88.13497728114268,89.38854865113449,90.24985097868397,90.58854848023645,90.29691030482334,89.38854865113449,87.92259470319657,86.0189124562778,83.81254919411472,81.43855235854534,79.01042896491889,76.55552387622464,74.07964219216355,71.58859059702054,69.08817858754202,66.58422062191232,64.08253984396656,61.58897446206248
54.69411681043759,56.7626797702482,58.77209880987441,60.742063340737474,62.692319793766075,64.64264567448772,66.61283589488045,68.62269537209352,70.69203491754226,72.8208483929375,74.92984936010805,76.91993159822661,78.69198976598793,80.18870186375065,81.5198768189554,82.83710664328687,84.29198360429203,85.96996682622814,87.69198233270731,89.23841040512131,90.49198182397923,91.35328417779962,91.69198168833736,91.40034350522974,90.49198182397923,89.02602781740708,87.12234545789345,84.91598198569497,82.54198476655354,80.11386069060134,77.65895439121971,75.18307055256474,72.69201511648535,70.19159625710626,67.68762608652372,65.18592361087697,62.692319793766075
55.79710965279007,57.86583952564247,59.87535989781978,61.845387235874824,63.795683275908914,65.7460344226026,67.71624089786795,69.72611086538885,71.7954571673941,73.92427493184502,76.03327850714746,78.02336227883558,79.79542133052877,81.29213393971307,82.6233092230382,83.94053928670344,85.39541643998623,87.07339981677416,88.79541543072872,90.341843569308,91.59541502695093,92.45671740162258,92.79541491929191,92.50377673007716,91.59541502695093,90.12946097384076,88.22577852496053,86.01941488605678,83.64541736247392,81.2172927449592,78.76238548465344,76.28649993589346,73.79544145125216,71.29501715507598,68.79103729732891,66.28931759993019,63.795683275908914
56.900193333414904,58.969055704773126,60.97865651205419,62.94873370311012,64.89906116453446,66.84943236531727,68.81965174227774,70.82953003604082,72.89888170076054,75.02770286944974,77.13670851483249,79.1267935037173,80.89885325698836,82.39556627208849,83.72674181584304,85.04397206946766,86.49884937536136,88.17683287505524,89.89884857431308,91.44527676540778,92.69884825383444,93.56015064505573,93.89884816838543,93.60720997432341,92.69884825383444,91.23289416378702,89.32921164397644,87.12284787275864,84.74885010754042,82.32072506018702,79.86581703719473,77.38993013112179,74.89886922682982,72.39844061544761,69.89445306893816,67.39271970245242,64.89906116453446
58.2863227222211,60.404186840454955,62.48780645268852,64.55521973490573,66.62300455154903,68.70479779604165,70.8101541892521,72.94416786805766,75.10829726755192,77.29076241850235,79.43481796842707,81.4757097957067,83.35293241220926,85.04360101955766,86.64205124317138,88.2579337357165,89.98024514913337,91.83583632684154,93.67116852186155,95.33518398016538,96.83674486019284,98.14520539750777,98.78948087494635,98.28712098149387,96.83674486019284,94.78264882134664,92.35443103375387,89.73049925642025,87.06148314044216,84.45332505272981,81.89643685157351,79.36574192208874,76.84455261114695,74.31981594910735,71.78015486137096,69.21621999967041,66.62300455154903
56.037336888008966,58.105995013162584,60.1154718282322,62.085472169333954,64.03575119346074,65.98609147998451,67.95629096837447,69.9661564268262,72.03549982465108,74.1643157455324,76.27331819977908,78.26340131229175,80.03545998404388,81.53217237340345,82.8633475156924,84.18057747648463,85.63545454712059,87.31343785734848,89.03545342510681,90.58188153524623,91.83545297621818,92.69675534192731,93.03545285653128,92.74381466994156,91.83545297621818,90.36949894311148,88.46581653264374,86.25945296539501,83.88545557267044,81.45733118793589,79.00242434066483,76.52653952696068,74.03548235268553,71.5350603934142,69.03108469951648,66.52937240458392,64.03575119346074
54.23157677214161,56.29981562605802,58.30903788381099,60.278880440008464,62.229060010452756,64.17933682063035,66.14949547102611,68.1593345739185,70.22866099667766,72.35746614177086,74.46646204335616,76.45654130292968,78.22859775389041,79.72530885835343,81.05648317627188,82.3737125357613,83.8285891233183,85.506572044496,87.2285873422328,88.77501528613831,90.02858662966658,90.88988894298899,91.22858643967548,90.93694826842936,90.02858662966658,88.56263271348217,86.65895052753946,84.45258737912158,82.07859075127661,79.6504677271653,77.19556329412151,74.71968277688481,72.22863326180601,69.72822496189309,67.22427360583687,64.722604578177,62.229060010452756
53.09088418025294,55.18146830903342,57.22387679935605,59.23744796888977,61.24091593497661,63.2516463746351,65.28494527077729,67.35368299872212,69.46856763151827,71.62338985721595,73.74947312857222,75.7644350462183,77.58845483653347,79.18266755359792,80.65174542554013,82.12791964186877,83.72945495336799,85.50708459189838,87.29360894510788,88.90774198819712,90.30664146336508,91.43860016490765,91.96852701336388,91.54448065255198,90.30664146336508,88.50164081335149,86.31211593369318,83.88947172715783,81.36871554941021,78.8534920737215,76.35007227889156,73.84835799924062,71.34316953200229,68.83137564699965,66.31076730007706,63.780226869007976,61.24091593497661
51.722385296458086,53.78890391598844,55.797081333031,57.766276097793536,59.71604729592515,61.66606343737058,63.63605437425264,65.64578523583249,67.71504194084517,69.84380282832342,71.95277181697051,73.94283525174527,75.71488258143509,77.2115884085388,78.54275934057812,79.85998623037632,81.31486083381398,82.99284215706987,84.71485634576345,86.26128360690628,87.51485455020983,88.37615664836719,88.71485407146237,88.42321596323613,87.51485455020983,86.04890111425345,84.14521985048904,81.93885842230968,79.56486493600596,77.13674750028864,74.68185298301216,72.2059901122515,69.71497205484678,67.2146198556321,64.71076845590994,62.20927712133212,59.71604729592515
51.07739949120845,53.152378488037755,55.170917850224114,57.152758470565686,59.11749066210403,61.08433465892419,63.07192442219086,65.09816563185608,67.18028237860774,69.31643704244868,71.43027604486356,73.42742118905275,75.21431588719264,76.73920681018443,78.11100850681386,79.47620034231109,80.97642643906588,82.68582860570834,84.4284480949839,85.99672547506032,87.29797869604953,88.25096548641176,88.65673737433244,88.31845252529962,87.29797869604953,85.7224394603753,83.73080936263548,81.46053500604403,79.04443651385351,76.59180184858164,74.12339376264235,71.64036116478074,69.14539987732692,66.64183354194414,64.13326411462099,61.623618352834924,59.11749066210403
39.30920642898981,41.353001210568934,43.34731387460512,45.30788865985416,47.25221629377894,49.198753906666084,51.16650518389329,53.174789922889886,55.243114912681534,57.37128422528684,59.47989343647197,61.46974530726129,63.24167068835001,64.738305957094,66.06943161923823,67.38662548844117,68.84147356334549,70.51943352157016,72.24143288172218,73.78785101391074,75.04141660595585,75.90271582721724,76.24141226634814,75.94977500073907,75.04141660595585,73.57546959095234,71.67180065726689,69.46546222961138,67.09151074708447,64.6634680295523,62.20870608509331,59.733079135194686,57.24248161040805,54.74287926818781,52.240363566904634,49.74124562325501,47.25221629377894
40.29873744599917,42.34775599961364,44.345266253352335,46.30783300259939,48.25342013940235,50.20076323129896,52.16903338068248,54.177653258728654,56.24619421902895,58.3745006764793,60.48319330191691,62.473094226205305,64.24504788328822,65.74169951254572,67.07283567162213,68.39003719751055,69.84489142377902,71.52285633609,73.24485913466947,74.79127938367535,76.04484621656914,76.90614610492506,77.24484277221765,76.95320531122246,76.04484621656914,74.57889771267658,72.67522591989999,70.46888215891379,68.09492093666333,65.66686089385684,63.21206820964791,60.73638655840014,58.2456915332655,55.745915354943904,53.24309006158231,50.743422186903935,48.25342013940235
41.29110473427146,43.344288798667435,45.34434441797764,47.30849512269407,49.25508310912669,51.20306599274197,53.17174816938021,55.180634128513404,57.249346537432814,59.377761859652594,61.48652069581611,63.476460555644124,65.2484366560498,66.74510127091261,68.07624576152838,69.39345336459596,70.84831247324274,72.52628131763574,74.2482868453068,75.79470877443583,77.04827659219367,77.90957701002358,78.24827385840845,77.956636242335,77.04827659219367,75.58232690656686,73.67865284452193,71.4723048504496,69.09833589771716,66.67026210365074,64.21544502072359,61.739719951219115,59.24894753442469,56.74903336461304,54.24596229182262,51.74585775955421,49.25508310912669
42.285734823300345,44.34223735592616,46.34431793709639,48.30972768023169,50.257110787069294,52.20560177804563,54.1746111058427,56.18370830475247,58.25255681314421,60.38105854947483,62.48986994014405,64.47984070423388,66.25183461832692,67.7485095400335,69.07966064347124,70.39687307003933,71.85173605385594,73.52970801915774,75.25171571291645,76.79813897556275,78.0517075750088,78.913008413083,79.25170540520101,78.96006766604177,78.0517075750088,76.58575695143756,74.68208108826923,72.47572973438241,70.10175464592561,67.67366993736323,65.21883348880621,62.74307395709525,60.2522401109828,57.75221640611008,55.24895022274775,52.748499003527485,50.257110787069294
43.28216828964433,45.34131248055429,47.34500324775864,49.31141345948001,51.25942812405959,53.20832259199406,55.17759165856765,57.1868565507869,59.25581309438962,61.384383422740015,63.49323652784926,65.48323182136315,67.25523987444771,68.75192297680363,70.08307932888883,71.40029558389713,72.85516164345287,74.53313608583002,76.25514549881757,77.80156981987889,79.05513903975199,79.91644021137458,80.25513731757374,79.9634994807212,79.05513903975199,77.58918767173287,75.68551037900949,73.47915635842874,71.10517640002115,68.6770830285459,66.22223120925499,63.74644432417125,61.2555617193611,58.75545106943224,56.2520300044569,53.751303549290014,51.25942812405959
44.28003777969576,46.341283582478454,48.346254232657984,50.313459254512665,52.26197548335159,54.211190312114724,56.18066558310912,58.19006359387866,60.259105893268554,62.38773066635085,64.49661688143082,66.48663164439945,68.25865091977187,69.75534051517778,71.08650103314687,72.40372032680618,73.85858882758703,75.53656523602544,77.25857601356833,78.80500117469526,80.05857088700205,80.91987232336236,81.25856952010787,80.96693160571601,80.05857088700205,78.59261892811375,76.68894050075022,74.48258436360834,72.10860053990368,69.6805002926248,67.22563627343368,64.74982767752176,62.25890637151166,59.75872670882288,57.25518270021074,54.754237745807075,52.26197548335159
45.27905000521953,47.34196697186681,49.347954650960084,51.31579097934457,53.264705486964885,55.214174662522524,57.18381362934139,59.19331730915408,61.262427678113255,63.391095666030054,65.50000816126578,67.4900383774268,69.26206656003757,70.75876130902115,72.08992513347323,73.40714683892148,74.86201727730986,76.53999524621547,78.26200710680816,79.80843293469627,81.06200303784823,81.92330468433111,82.26200195294334,81.97036397700847,81.06200303784823,79.59605060998638,77.69237128205738,75.48601346499693,73.11202657339476,70.68392086875848,68.22904716641153,65.75322133832552,63.26226931427324,60.76203487333396,58.25839327545975,55.75727487016849,53.264705486964885
46.378971093463065,48.4432164301173,50.45001207337275,52.41834976350532,54.367580503060424,56.31725160184823,58.28702051383139,60.29660807127128,62.36577247033176,64.49447475915937,66.60340811344392,68.59345059498568,70.36548584734084,71.86218468674726,73.19335113556838,74.5105747552611,75.96544673153335,77.64342593898468,79.36543865919555,80.91186501629278,82.16543542965891,83.02673724291628,83.36543456856917,83.07379654378758,82.16543542965891,80.69948262957232,78.79580258686343,76.58944343644883,74.21545410984899,71.7873440736874,69.33246268575877,66.85662318031171,64.36564677477922,61.865368854558085,59.36164979447021,56.860393703520444,54.367580503060424
47.37961472973437,49.444915635624156,51.452353032130944,53.42108883834051,55.37057064563152,57.32040204127007,59.29027410321274,61.29992823944261,63.36913552426941,65.49786503855057,67.60681494897263,69.59686716566304,71.36890802931872,72.86561011531198,74.19677864710363,75.5140037861372,76.96887698303095,78.64685717351801,80.36887057600893,81.91529735313995,83.16886801272338,84.03016995834977,84.36886732927589,84.07722926572458,83.16886801272338,81.70291491720164,79.79923430717119,77.59287409847153,75.21888283920916,72.7907693651023,70.3358818770883,67.86003151580216,65.36903575832696,62.8687233274709,60.36494278207719,57.863577398860016,55.37057064563152
48.380832599790494,50.44697209475107,52.454919148585475,54.423971056347966,56.3736521830474,58.323610825458786,60.29356476540035,62.30327174844709,64.37251307301845,66.50126419666205,68.61022724788779,70.6002871914398,72.37233250881332,73.86903717163437,75.2002073566855,76.51743370162322,77.97230786732642,79.65028883805024,81.37230278206758,82.91872989257982,84.17230074758609,85.03360279827389,85.37230020513337,85.08066211081056,84.17230074758609,82.70634741757726,80.80266635726312,78.59630530860136,76.22231251538138,73.79419631256846,71.33930398289132,68.86344500525041,66.37243388790823,63.87209406524633,61.36826471672413,58.86681258119093,56.3736521830474
49.38250671093867,51.449312288514044,53.45766404515983,55.42696691639016,57.37680627250957,59.32686592277241,61.29688485425282,63.30663378385957,65.37590212660638,67.50467040193081,69.61364388313822,71.60370995954779,73.37575881185566,74.87246551991265,76.20363701715965,77.52086431922571,78.9757392538744,80.65372084387309,82.37573521770048,83.92216259281764,85.17573360293119,86.0370357370063,86.37573317238616,86.08409505363994,85.17573360293119,83.70978008680979,81.8060986691051,79.59973695376445,77.2257429430401,74.7976245744473,72.34272840192563,69.86686258543554,67.37583927682034,64.87547771282875,62.37160962784621,59.870088632552836,57.37680627250957
50.38454323828405,52.45187779751734,54.460550885204384,56.430052992591214,58.38001795407352,60.33015778189515,62.30022830029894,64.31001052418104,66.37930031177959,68.50808220060281,70.617063960167,72.60713490425623,74.37918656225352,75.87589489361943,77.2070674323588,78.5242954940991,79.97917103906082,81.65715312057864,83.37916783554664,84.92559542068096,86.17916655390324,87.04046875416294,87.37916621217941,87.08752807404834,86.17916655390324,84.71321289006414,82.80953118869832,80.60316894421402,78.22917396715488,75.8010538795786,73.34615465698042,70.87028341246452,68.37925042754227,65.87887160716934,63.374972776161144,60.87339712406697,58.38001795407352
51.48686760311652,53.55462221178456,55.56355041459146,57.53321068500965,59.483275351247315,61.43347882081143,63.4035902857395,65.41339893610466,67.4827057448157,69.61149843880648,71.72048676895399,73.71056157654037,75.48261546142126,76.97932508121077,78.31049844658439,79.6277271112792,81.08260314064705,82.76058561228403,84.48260059801562,86.02902834984071,87.28259958077447,88.14390183356491,88.48259930954809,88.19096115603124,87.28259958077447,85.81664579969177,83.91296387318384,81.70660120871776,79.33260546467766,76.9044840127415,74.44958236929043,71.97370681653024,69.48266615146298,66.9822736345169,64.47835039981967,61.976731364847026,59.483275351247315
52.48942054297429,54.557508668912774,56.56663940367754,58.53642522656959,60.48656903590377,62.43682302095877,64.40696698639704,66.41679661197922,68.48611693055928,70.61491820069685,72.72391174594955,74.71398962000647,76.48604527237009,77.98275591478371,79.31392993625808,80.63115907951857,82.08603549336006,83.76401827463499,85.48603347527185,87.03246135939952,88.28603266788696,89.14733496237103,89.48603245261441,89.19439428688588,88.28603266788696,86.82007879374791,84.91639668854458,82.7100336907386,80.3360373379449,77.90791480311448,75.45301123822775,72.97713226600078,70.4860855051638,67.98568211713065,65.48173951286465,62.98008604377797,60.48656903590377
53.592154977501636,55.660507894310314,57.66979940838458,59.63968489393015,61.58989152383121,63.540185604951986,65.51035536683865,67.52020164077881,69.58953268227694,71.71834075935692,73.82733844385999,75.81741875178311,77.58947580700122,79.08618726107318,80.4173618032955,81.7345913263941,83.18946804539264,84.86745107242747,86.58946644363475,88.13589443277107,89.38946580281294,90.25076813038929,90.58946563195096,90.29782745652997,89.38946580281294,87.92351185481496,86.01982960778096,83.81346634540292,81.43946950944091,79.01134611511607,76.55644102518261,74.08055933891616,71.58950773984174,69.08909572335193,66.58513774522983,64.08345694507538,61.58989152383121
54.69503351143456,56.76359664207649,58.77301578541726,60.742980380565115,62.693236874112515,64.64356278069505,66.61375301772546,68.62361250567591,70.69295205804036,72.82176553782571,74.93076650766582,76.92084874735409,78.69290691602016,80.18961901430634,81.52079396984695,82.8380237944234,84.29290075562537,85.97088397771998,87.69289948430917,89.23932755679088,90.49289897568849,91.35420132953024,91.69289884007527,91.4012606569614,90.49289897568849,89.02694496906872,87.12326260946358,84.91689913709448,82.54290191764144,80.11477784113494,77.65987154076973,75.18398770036438,72.6929322611646,70.19251339622065,67.68854321572276,65.18684072244866,62.693236874112515
55.79802644675692,57.86675645522055,59.876276909724595,61.84630429880582,63.796600371001034,65.74695153822105,67.71715802669196,69.72702800273522,71.79637431022954,73.92519207816488,76.03419565558613,78.02427942852015,79.79633848093147,81.29305109053124,82.62422637412291,83.9414564379826,85.39633359142161,87.07431696833532,88.79633258237719,90.34276072101022,91.59633217868468,92.45763455337327,92.7963320710484,92.50469388182867,91.59633217868468,90.13037812553671,88.22669567658387,86.0203320375447,83.64633451371449,81.21820989575981,78.7633026346734,76.28741708452412,73.79635859740617,71.2959342968131,68.79195443119619,66.29023471980642,63.796600371001034
56.901110201185446,58.9699726801924,60.97957355282156,62.9496507843791,64.89997827133057,66.85034948840548,68.82056887584736,70.83044717637469,72.89979884545107,75.0286200169059,77.13762566397037,79.12771065384403,80.89977040768505,82.39648342311494,83.72765896708108,85.04488922086003,86.4997665268777,88.17775002667145,89.89976572599856,91.44619391713596,92.69976540558761,93.56106779682234,93.89976532015663,93.60812712609072,92.69976540558761,91.23381131551017,89.330128795642,87.1237650243167,84.74976725890215,82.32164221119956,79.86673418758767,77.39084728041203,74.89978637415436,72.39935775926648,69.89537020651065,67.39363682892008,64.89997827133057
58.287346164313774,60.405217665798986,62.48884834410043,64.55627592671837,66.62407759501693,68.70588917068335,70.81126384781727,72.94529382987072,75.10943536749517,77.29190727194371,79.43596718970306,81.47686528700004,83.35410065164551,85.04479197659538,86.64327188871175,88.25918546365753,89.9815229531133,91.83713058187992,93.67247292675168,95.33649864115293,96.83808026175817,98.14657533107251,98.79087244270835,98.28849779430121,96.83808026175817,94.78393303681986,92.35566336737142,89.73168556638605,87.06263416041358,84.45445332931683,81.89755182082061,79.36684960978852,76.84565625767303,74.32091631589225,71.78125038230627,69.21730697564126,66.62407759501693
56.03825364201221,58.106911917917145,60.11638882450718,62.086389222334276,64.03666828221466,65.98700859155774,67.95720809462851,69.9670735625547,72.03641696648188,74.16523289123688,76.27423534783912,78.26431846173688,80.03637713428732,81.5330895241088,82.86426466669408,84.18149462770248,85.63637169851212,87.31435500887983,89.03637057673524,90.58279868693444,91.8363701279414,92.69767249366937,93.03637000827977,92.74473182168452,91.8363701279414,90.37041609479266,88.46673368424422,86.26037011684495,83.8863727238454,81.45824833862173,79.0033414904828,76.52745667523412,74.03639949820565,71.53597753402397,69.0320018313772,66.53028952089058,64.03666828221466
54.232493292623076,56.30073238574349,58.309954788738594,60.27979743496729,62.229977062161,64.18025390855959,66.15041258225872,68.16025170019046,70.22957813263622,72.35838328387848,74.46737918920299,76.45745845097514,78.22951490320318,79.72622600839941,81.05740032678827,82.3746296866208,83.82950627445348,85.50748919585317,87.22950449374406,88.77593243774443,90.02950378132832,90.89080609468061,91.22950359137734,90.93786542012246,90.02950378132832,88.56354986507718,86.65986767900634,84.45350453034948,82.07950790206803,79.65138487718029,77.19648044275884,74.72059992307041,72.22955040362095,69.72914209591352,67.22519072596924,64.72352167361974,62.229977062161
53.09184768107784,55.18243534176773,57.22484920989251,59.23842748281632,61.241904050452675,63.25264414313136,65.28595299000978,67.3546998758161,69.4695915090374,71.6244176992547,73.7505035617441,75.76546923674937,77.58949680697401,79.18372387419487,80.65282150064388,82.12901772096386,83.73057263344134,85.50821521703668,87.29474779356823,88.9088893370493,90.30780661681952,91.43979693020154,91.96974495515096,91.5456840312113,90.30780661681952,88.50276348336229,86.31320011765703,83.89052506011052,81.36974705588128,78.85451027360682,76.35108295108674,73.84936462987793,71.34417394273535,68.83237826806761,66.31176729630775,63.78122229227559,61.241904050452675
51.723300859055364,53.78982008032105,55.79799786296361,57.76719285443889,59.71696419550916,61.66698042820103,63.63697142379365,65.6467023232662,67.71595905268586,69.84471995565815,71.95368895372721,73.9437523940421,75.71579972692521,77.2125055558765,78.54367648910119,79.86090337976401,81.3157779838963,82.99375930771163,84.71577349679347,86.26220075817534,87.51577170161902,88.37707379985169,88.71577122297265,88.42413311472434,87.51577170161902,86.0498182654945,84.14613700140723,81.93977557262563,79.5657820852221,77.13766464754829,74.68277012680036,72.20690724986181,69.71588918144404,67.21553696258924,64.71168552787431,62.210194131091555,59.71696419550916
51.07832887202426,53.15330884811176,55.17184971496455,57.15369234838825,59.1184270174611,61.08527384808066,63.07286659344146,65.09911060390242,67.18122952905988,69.31738544128675,71.43122526545106,73.42837160952274,75.21526882374665,76.74016450285689,78.11197300284144,79.47717278867715,80.97740632233933,82.68681359607199,84.4294364144753,85.99771730771762,87.29897813447243,88.2519793169164,88.65776154296695,88.31946952124324,87.29897813447243,85.72342129330791,83.73177674138164,81.46149169593787,79.04538607618687,76.59274722974357,74.12433683103502,71.64130300672404,69.14634105008865,66.64277417750603,64.13420396595967,61.62455684823074,59.1184270174611
39.31363486484722,41.35745579097791,43.35178447413432,45.312369244556066,47.25670319437751,49.20324484737112,51.17099872754238,53.17928514794262,55.24761122133384,57.37578122207064,59.48439085180172,61.4742429687295,63.246168491701525,64.74280384253973,66.0739295573559,67.39112346497893,68.84597157074992,70.52393155383356,72.24593093123916,73.79234907404961,75.04591467232116,75.90721389692995,76.24591033720576,75.95427307061624,75.04591467232116,73.5799676498466,71.6762987018146,69.46996024739715,67.09600871599766,64.66796591152998,62.213203812824545,59.73757658844727,57.246978574435076,54.74737535998803,52.24485810540517,49.745737402887826,47.25670319437751
40.303180073279734,42.35221948595708,44.34974249557942,46.31231718644054,48.25790934277558,50.2052556440041,52.17352786045339,54.18214907348366,56.25069089402041,58.37899789771285,60.487690855377394,62.47759197503579,64.2495457447352,65.74619743915235,67.07733364003518,68.39453519641802,69.84938944718562,71.52735437922726,73.24935719150096,74.79577744893746,76.04934428677322,76.91064417778594,77.24934084598723,76.95770338421389,76.04934428677322,74.58339577695082,72.67972397278734,70.47338019056006,68.09941892951909,65.67135881771081,63.21656601107327,60.74088414196177,58.250188728497335,55.75041185778997,53.247585331260325,50.74791526587744,48.25790934277558
41.29555869020243,43.34875937904493,45.3488251489666,47.312982167292496,49.25957414189659,51.20755957446144,53.176243392429186,55.18513041142553,57.253843503230314,59.38225925904797,61.491018358917046,63.480958373816506,65.25293456360825,66.74959923018922,68.08074375398718,69.39795138125844,70.85281050935029,72.5307793694036,74.2527849079438,75.79920684376427,77.05277466544452,77.91407508538319,78.25277193448926,77.96113431779821,77.05277466544452,75.58682497511123,73.68315090402848,71.47680289309704,69.10283390957633,66.67476006074253,64.21994288064175,61.744217638212476,59.25344491318084,56.75353019375993,54.250458142005925,51.750351870350315,49.25957414189659
42.290197811997146,44.346713582914106,46.34880223723151,48.314216998014274,50.26160327289398,52.21009628804558,54.1791069190069,56.18820495931058,58.25705400978143,60.385556090287395,62.49436769027048,64.48433857744448,66.25633256248474,67.7530075252406,69.08415865501537,70.40137110079405,71.8562341000443,73.53420607777576,75.25621378016135,76.80263704811864,78.05620565067792,78.91750649042584,79.25620348311628,78.96456574346684,78.05620565067792,76.59025502337113,74.68657915302947,72.48022778576154,70.10625267286795,67.67816792083624,65.2233313951512,62.747571726185825,60.25673763541295,57.756713494275814,55.253446533785166,52.75299393361914,50.26160327289398
43.286638473773834,45.34579319942368,47.349490384776956,49.31590458313024,51.263921763844095,53.21281783904374,55.18208794021689,57.19135350036434,59.2603104742613,61.388881075801805,63.49773434705027,65.48772973825857,67.25973784765489,68.75642098259203,70.08757735558106,71.40479362583693,72.85965969764243,74.53763414988501,76.25964356971974,77.80606789499643,79.05963711734047,79.92093829029147,80.25963539694501,79.96799755970338,79.05963711734047,77.59368574635646,75.69000844793959,73.4836544167382,71.10967443893502,68.68158103295792,66.22672915244968,63.75094215842458,61.26005935941947,58.7599483632026,56.256526681341725,53.755799129869644,51.263921763844095
44.28451369138075,46.3457678729789,48.35074362386831,50.31795181251549,52.26647003945669,54.215686144333276,56.185162236664695,58.194560777640675,60.263603418584154,62.3922284085089,64.50111475545788,66.49112959596816,68.26314891603582,69.75983853730168,71.09099907186231,72.40821837762365,73.86308688812716,75.5410633043958,77.26307408737327,78.80949925184595,80.06306896611393,80.92437040352863,81.26306760063474,80.97142968593408,80.06306896611393,78.59711700487239,76.69343857298992,74.48708242741846,72.11309858831945,69.68499831365628,67.23013424587643,64.75432556349611,62.26340410334848,59.76322416579512,57.25967966751122,54.758733842813385,52.26647003945669
45.28353047332666,47.34645410122842,49.35244583293665,51.32028467644615,53.26920077062019,55.21867095929835,57.18831057812304,59.19781467880587,61.26692531887447,63.39559347890635,65.50450607880924,67.49453635651608,69.26656457460183,70.76325934411062,72.09442318173146,73.41164489678516,74.86651534289044,76.54449331801092,78.26650518291706,79.81293101346068,81.06650111816924,81.927802765489,82.26650003438746,81.97486205820746,81.06650111816924,79.60054868843963,77.69686935692394,75.4905115331729,73.1165246293522,70.68841890298089,68.23354516206875,65.75771926535174,63.26676711895732,60.766532459848065,58.262890473290014,55.7617713771474,53.26920077062019
46.38345518461365,48.44770581524439,50.45450467769868,52.42284436512145,54.37207636434037,56.32174826741178,58.291517696961705,60.301105588474826,62.37027020272643,64.49897262816637,66.60790606552698,68.59794859591831,70.36998387643021,71.86668273212759,73.19784919140079,74.5150728187174,75.96994480111454,77.64792401349862,79.36993673713312,80.91636309633799,82.16993351093963,83.0312353248612,83.36993265074128,83.07829462576514,82.16993351093963,80.70398070937057,78.80030066381492,76.59394150809001,74.2199521717923,71.7918421183795,69.33696069984146,66.86112113992137,64.37014463728389,61.86986654389494,59.36614717528889,56.86489053594805,54.37207636434037
47.38410170067005,49.449406812768586,51.45684676601776,53.42558415812954,55.375066965478155,57.324898999583695,59.29477147236311,61.304425873764956,63.37363332939627,65.50236295210955,67.61131292847016,69.60136518393287,71.37340606993673,72.87010816886018,74.20127670894769,75.51850185403234,76.97337505578747,78.65135525018965,80.37336865539788,81.91979543420176,83.17336609476578,84.03466804091937,84.3733654120258,84.0817273483201,83.17336609476578,81.70741299806744,79.8037323857775,77.59737217286306,75.22338090590344,72.79526741810429,70.34037990579543,67.86452950127361,65.37353366672491,62.873221098421595,60.369440308144476,57.86807448962995,55.375066965478155
48.385321859047465,50.451464695239295,52.45941377940977,54.42846694631463,56.37814886692523,58.328108016155426,60.298062282205876,62.30776947573102,64.37701093587458,66.50576214558257,68.61472524914444,70.60478522347029,72.37683055858167,73.87353523166547,75.20470542330102,76.5219317730415,77.97680594260316,79.65478691643443,81.37680086260852,82.92322797444848,84.17679883023308,85.03810088133932,85.37679828834192,85.08516019389654,84.17679883023308,82.71084549929037,80.80716443718288,78.6008033851758,76.22681058584654,73.79869437216601,71.34380202320597,68.86794301124863,66.37693183273238,63.87659190097604,61.37276235808197,58.87130987702844,56.37814886692523
49.38699778809956,51.45380601935335,53.46215938813879,55.43146325901006,57.381303245361124,59.331363297928675,61.301382488259264,63.31113158492991,65.38040003528329,67.50916837891819,69.61814190166524,71.60820800250016,73.38025686888665,74.87696358508921,76.20813508756228,77.5253623934403,78.98023733115147,80.65821892361653,82.38023329915572,83.92666067532674,85.18023168605802,86.04153382046522,86.38023125595868,86.0885931371152,85.18023168605802,83.71427816919538,81.81059675006733,79.60423503207151,77.23024101649821,74.80212263927974,72.34722645145317,69.87136060772596,67.38033725055641,64.87997559997496,62.37610736071446,59.874586091165895,57.381303245361124
50.389035759364624,52.456372425921856,54.465046793581536,56.4345496945471,58.384515156310115,60.33465530346787,62.30472602733212,64.31450838381738,66.38379825682514,68.51258019986713,70.62156199240164,72.61163295587735,74.38368462504891,75.88039296287994,77.21156550576728,78.52879357053317,79.98366911792553,81.66165120140093,83.38366591772757,84.93009350369834,86.18366463741094,87.04496683793421,87.38366429604085,87.09202615783256,86.18366463741094,84.71771097298353,82.81402927048795,80.60766702389625,78.23367204298847,75.805551948566,73.3506527138203,70.87478144768617,68.38374842422598,65.88336953512568,63.379470581663895,60.87789471188347,58.384515156310115
51.491361270897976,53.55911755284234,55.568046771826715,57.537707672211596,59.487772735563595,61.43797645860177,63.4080880866108,65.417896842226,67.4872037187275,69.61599645575218,71.72498481206841,73.71505963504192,75.48711352879184,76.98382315371276,78.3149965223786,79.63222518947481,81.08710122077187,82.76508369396261,84.48709868077256,86.03352643326153,87.28709766458448,88.14839991758407,88.48709739363882,88.1954592400607,87.28709766458448,85.82114388303478,83.91746195563019,81.71109928949149,79.33710354239668,76.90898208502671,74.45408043193412,71.97820486201545,69.48716416636044,66.98677159486479,64.48284826297414,61.98122905521764,59.487772735563595
52.49391512130963,54.56200457576469,56.5711361172355,58.54092244019725,60.491066564747285,62.44132075099536,64.41146484587543,66.42129455499638,68.49061492738247,70.61941623167638,72.72840979769927,74.71848768396903,76.49054334337201,77.98725398985844,79.31842801394588,80.63565715911237,82.09053357448508,83.76851635699322,85.49053155848594,87.03695944314052,88.29053075193686,89.15183304658699,89.49053053688715,89.19889237110996,88.29053075193686,86.82457687742715,84.92089477151214,82.71453177237862,80.3405354171604,77.91241287801714,75.45750930547791,72.98163031963225,70.49058353451761,67.99018010318805,65.48623742177836,62.98458381554917,60.491066564747285
53.59665027880678,55.665004250334746,57.674296404796266,59.644182287288245,61.59438916739268,63.54468340820718,65.5148532728346,67.52469961308063,69.5940306972851,71.72283880147516,73.83183650246364,75.82191682008008,77.59397388088533,79.09068533818987,80.42185988248622,81.73908940709762,83.19396612731148,84.8719491553251,86.59396452721171,88.14039251676621,89.39396388705322,90.2552662147614,90.59396371636817,90.3023255409086,89.39396388705322,87.92800993876112,86.02432769116226,83.8179644277305,81.44396758984419,79.01584419209624,76.56093909608897,74.08505739901332,71.59400578066965,69.09359372981521,66.58963569046334,64.08795478145636,61.59438916739268
54.699529386726795,56.76809335467328,58.77751300635542,60.74747791658558,62.69773460872983,64.64806064206559,66.61825096064311,68.62811050122127,70.69745008748205,72.8262635887848,74.93526457170941,76.9253468190913,78.6974049921919,80.19411709304381,81.52529205023055,82.84252187600768,84.29739883817426,85.97538206104574,87.6973975681741,89.24382564098777,90.49739706007996,91.3586994140263,91.69739692460712,91.40575874146262,90.49739706007996,89.0314430532267,87.12776069317326,84.92139721996782,82.54739999898743,80.11927591976401,77.66436961457802,75.18848576559338,72.69743031109954,70.1970114188802,67.69304118978374,65.19133861011179,62.69773460872983
55.802522777727376,57.87125345086923,59.88077430888549,61.85080194806393,63.80109817789206,65.75144944571883,67.72165599891481,69.73152601672916,71.80087235112717,73.92969013614095,76.03869372394743,78.02877750298788,79.80083655891889,81.29754917055507,82.6287244554533,83.94595452026596,85.40083167447058,87.07881505200089,88.80083066647072,90.3472588053672,91.6008302631961,92.46213263796773,92.80083015567124,92.50919196642721,91.6008302631961,90.13487620986281,88.23119376055413,86.02483012085118,83.65083259580874,81.2227079756976,78.76780071078493,76.2919151538263,73.80085665456937,71.30043233232774,68.79645242813778,66.29473264817304,63.80109817789206
56.90560689389369,58.97446990052492,60.98407109344802,62.95414852351804,64.90447613558695,66.85484743251513,68.82506687133002,70.83494520501137,72.90429689544138,75.0331180804514,77.14212373575863,79.13220873047898,80.90426848711358,82.40098150415977,83.73215704916291,85.04938730369827,86.5042646103236,88.18224811060672,89.9042638102735,91.45069200162,92.70426349019424,93.56556588149489,93.9042634048517,93.61262521076647,92.70426349019424,91.23830939996975,89.33462687981913,87.12826310796697,84.75426534159027,82.32614029217612,79.87123226552731,77.39534535294706,74.90428443705467,72.40385580498425,69.89986822161282,67.39813478959361,64.90447613558695
58.2916775218723,60.40953744186818,62.49315076173279,64.56055591244295,66.62833114682856,68.71011396770729,70.815459964103,72.94946437231039,75.11358686960295,77.29604818024485,79.44010124643951,81.48098950832303,83.35820487566936,85.04886056470505,86.6472939058591,88.26315872310613,89.98545530798624,91.84103713047762,93.67636355355774,95.3403731794813,96.84192226480653,98.15036316435052,98.79462633865788,98.29227483619704,96.84192226480653,94.78785533418481,92.35966704993035,89.73576144412321,87.0667653956414,84.45862024071653,81.90173960659054,79.37104881763908,76.84986180464024,74.32512700756575,71.78546867532947,69.22153867254862,66.62833114682856
56.04274977710689,58.11140879189709,60.12088614706076,62.09088682291868,64.04116605803996,65.9915064792285,67.96170605425505,69.97157156861887,72.04091500245538,74.16973094619685,76.27873341434453,78.26881653503092,80.04087521149431,81.53758760357972,82.8687627476175,84.1859927096854,85.64086978134614,87.31885309239934,89.04086866073051,90.5872967712226,91.84086821240126,92.70217057822154,93.04086809286349,92.74922990624123,91.84086821240126,90.3749141790465,88.47123176810246,86.26486819996526,83.89087080561801,81.46274641799701,79.00783956560433,76.5319547427855,74.04089755226192,71.54047556401311,69.036499818484,66.5347874317615,64.04116605803996
54.236988283145166,56.30522854868883,58.31445166356673,60.28429475106998,62.234474656412445,64.18475168034291,66.15491046825987,68.1647496599048,70.23407613982792,72.36288132120896,74.4718772448606,76.46195651740905,78.23401297584843,79.73072408463841,81.06189840533298,82.37912776684732,83.8340043560311,85.51198727851894,87.23400257716504,88.78043052163036,90.03400186548677,90.8953041789856,91.23400167573244,90.94236350443465,90.03400186548677,88.56804794890861,86.66436576220981,84.45800261238153,82.08400598196077,79.65588295326748,77.20097851209366,74.72509798038843,72.23404843951695,69.73364009360569,67.22968865559132,64.72801948222923,62.234474656412445
53.09627306307915,55.1868551836028,57.229260616082186,59.24282774658627,61.24629082176733,63.25701577262777,65.29030901066774,67.35904153133,69.47392218357916,71.6287421549869,73.75482395298124,75.76978373412717,77.59379910064055,79.18800365790551,80.65707029695218,82.13323200117907,83.73475616691505,85.51237844441093,87.29889812152268,88.91302633094708,90.31191568165362,91.44385640718636,91.97377121355686,91.54973313412754,90.31191568165362,88.50693918944275,86.31743619418594,83.89480953030599,81.37406576352288,78.85884985417113,76.3554343396898,73.85372235811971,71.34853515314558,68.8367422857672,66.31613543135627,63.785597600521456,61.24629082176733
51.72779115464512,53.79431332523116,55.80249289980904,57.771689002483384,59.72146104414642,61.671477724069035,63.6414690074228,65.65120009262057,67.72045694166746,69.84921792058151,71.95818696483089,73.94825043229991,75.72029778083449,77.21700361884137,78.54817455787602,79.86540145277667,81.32027606031355,82.99825738687083,84.7202715778557,86.26669884040915,87.52026978453958,88.38157188314149,88.7202693063887,88.42863119803226,87.52026978453958,86.05431634759103,84.15063508192137,81.94427365018797,79.57028015739374,77.1421627101306,74.68726817236792,72.21140526514932,69.72038714275284,67.22003482763492,64.71618322140813,62.21469151973727,59.72146104414642
51.08280777466679,53.15778621469336,55.176324721331355,57.158164197040335,59.122894979858685,61.08973736538597,63.07732543303787,65.10356505017269,67.18568055828332,69.3218345122919,71.43567304745973,73.43281750939504,75.21971077688721,76.74459899554213,78.11639682376439,79.48158413866435,80.9818060067493,82.69120526946327,84.43382286576976,86.0020982482291,87.30334714450424,88.25632575135302,88.66209176086056,88.32381099032794,87.30334714450424,85.72781791946902,83.73619604046111,81.46592776158374,79.04983332213284,76.5972010342753,74.1287942633752,71.64576236287154,69.15080145591358,66.64723542598192,64.138666444567,61.62902145376782,59.122894979858685
39.31436455236718,41.35818978384634,43.352521104933075,45.313107519645996,47.257442509524594,49.20398482781343,51.171739136618115,53.18002583389922,55.248352085729366,57.376522199782386,59.48513189843642,61.474984055896414,63.24690960223266,64.7435449665895,66.07467069007926,67.39186460402905,68.84671271488293,70.52467270206012,72.24667208230693,73.79309022686652,75.04665582616339,75.9079550513234,76.24665149178773,75.95501422503676,75.04665582616339,73.58070880245856,71.67703985206407,69.47070139323964,67.09674985379223,64.66870703500865,62.21394491090312,59.7383176413268,57.247719546752705,54.748116188674004,52.24559867830554,49.74647752147854,47.257442509524594
40.303912097773036,42.35295494540151,44.3504800555803,46.31305605421146,48.25864903712686,50.20599586684446,52.174268423682605,54.18288985654793,56.251431818741864,58.379738912385264,60.4884319247584,62.47833307658884,64.25028686483304,65.7469385699802,67.07807477774736,68.39527633915179,69.85013059395371,71.52809552924447,73.25009834377323,74.79651860259801,76.05008544124756,76.91138533269782,77.25008200104875,76.95844453914724,76.05008544124756,74.58413693044872,72.68046512441012,70.47412133868502,68.10016007125634,65.67209994808536,63.217307121287234,60.74162521629961,58.250929738888004,55.751152754163854,53.24832602456547,50.74865559843387,48.25864903712686
41.29629258023543,43.349496006689904,45.34956344814607,47.31372150615244,49.26031413749946,51.20829998980633,53.176984078055824,55.18587127158237,57.25458447583951,59.383000303058694,61.49175944635279,63.481699486788244,65.25367569129939,66.7503403663969,68.08148489565906,69.39869252691595,70.85355165820991,72.53152052084204,74.25352606117208,75.79994799809444,77.05351582042061,77.91481624070653,78.25351308993136,77.9618754731386,77.05351582042061,75.58756612931228,73.68389205674126,71.47754404303359,69.1035750544429,66.67550119659043,64.22068400048784,61.74495872958265,59.25418595379287,56.75427114386652,54.25119893090428,51.75109237281955,49.26031413749946
42.29093318949219,44.34745114040552,46.34954112415288,48.31495671120565,50.262343507775114,52.2108368562527,54.17984770180922,56.188945880667234,58.257795020403535,60.3862971575856,62.495108792036916,64.4850796994795,66.25707369620278,67.75374866571833,69.08489979983004,70.40211224877218,71.85697525056395,73.5349472303422,75.25695493414841,76.8033782029803,78.05694680605222,78.91824764607574,79.25694463886046,78.9653068991303,78.05694680605222,76.5909961781303,74.68732030660738,72.48096893713594,70.10699382021829,67.6789090610284,65.22407252264252,62.74831283107514,60.25747870001345,57.757454487035645,55.254187398573464,52.753734571003775,50.262343507775114
43.287375036167276,45.346531496607376,47.35022973885595,49.31664459369861,51.26466218875069,53.21355852862263,55.182828800165765,57.19209447030252,59.261051515057034,61.389622161584356,63.49847546019137,65.48847086748727,67.26047898615656,68.75716212645892,70.08831850289025,71.40553477565695,72.86040084947963,74.53837530334681,76.26038472430906,77.8068090502799,79.06037827303084,79.92167944620061,80.26037655292896,79.96873871562323,79.06037827303084,77.59442690155859,75.69074960220416,73.48439556925383,71.11041558825676,68.68232217659815,66.22747028600912,63.75168327404438,61.26080044306076,58.760689389819845,56.25726760637497,53.75653987437171,51.26466218875069
44.2852511969502,46.34650675831372,48.35148334915124,50.31869205928238,52.26721061525606,54.21642693027333,56.18590315785627,58.19530178614258,60.26434448333049,62.39296950896315,64.50185587762732,66.49187073090658,68.26389005833431,69.76057968385857,71.09174022115133,72.40895952890554,73.86382804101012,75.54180445856818,77.2638152424406,78.81024040746422,80.06381012205517,80.92511155964348,81.263808756809,80.97217084205747,80.06381012205517,78.5978581604261,76.69417972779951,74.48782358083989,72.11383973920587,69.68573946003326,67.23087538425219,64.75506668763296,62.26414520210312,59.7639652192872,57.2604206403679,54.759474672356674,52.26721061525606
45.28426872921656,47.34719345404656,49.35318585310975,51.32102511079129,53.26994146622701,55.21941182173816,57.18905154793018,59.19855571791868,61.267666402631505,63.39633459100594,65.50524720814462,67.49527749598639,69.26730571991386,70.7640004928026,72.09516433259193,73.41238604922736,74.86725649660343,76.54523447274732,78.26724633836379,79.8136721693447,81.06724227430959,81.92854392176714,82.26724119071272,81.9756032144924,81.06724227430959,79.6012898442724,77.69761051216608,75.49125268731328,73.11726578148054,70.68916005153007,68.2342863042673,65.75846039624867,63.267508229707914,60.767273534672086,58.26363148410857,55.76251227420184,53.26994146622701
46.38419403712096,48.448445539525565,50.455244932093706,52.423584948415225,54.37281715506603,56.32248919058074,58.292258705359586,60.30184665188531,62.371011301572935,64.49971374950914,66.60864720055008,68.5986897389856,70.37072502413412,71.86742388251417,73.19859034350853,74.51581397208057,75.97068595548632,77.6486651686827,79.37067789288096,80.91710425243292,82.17067466723802,83.03197648126897,83.37067380718645,83.07903578217827,82.17067466723802,80.70472186542483,78.8010418194004,76.594682662801,74.22069332490634,71.79258326865275,69.33770184507418,66.8618622761839,64.37088575755591,61.87060763565103,59.36688821624057,56.86563148659488,54.37281715506603
47.38484102739974,49.45014683214598,51.45758720642042,53.42632485968659,55.37580783171708,57.32563997096048,59.29551251139334,61.305166956461676,63.37437444021977,65.50310408078879,67.61205406800765,69.6021063298551,71.3741472195391,72.87084932059179,74.20201786204538,75.51924300812647,76.97411621068215,78.65209640572903,80.37410981138473,81.92053659046408,83.1741072511896,84.03540919743,84.37410656856612,84.08246850483499,83.1741072511896,81.70815415429749,79.80447354163547,77.59811332802695,75.22412205979984,72.79600856974594,70.3411210534364,67.86527064179487,65.37427479455428,62.87396220361721,60.37018137301456,57.86881548281863,55.37580783171708
48.38606156260128,50.452204949002365,52.460154367513326,54.4292077417642,56.378889793110034,58.32884902579926,60.29880334555084,62.30851057373593,64.37775205620449,66.50650328008487,68.61546639226506,70.60552637165853,72.37757170969084,73.87427638446461,75.20544657718443,76.5226729277158,77.97754709791286,79.65552807225583,81.37754201878506,82.92396913084369,84.17753998675644,85.03884203793157,85.37753944495775,85.0859013504922,84.17753998675644,82.71158665565994,80.80790559325715,78.60154454069917,76.22755174036388,73.79943552489377,71.34454317275836,68.86868415515005,66.37767296656016,63.877333016838975,61.37350344193723,58.872050903986064,56.378889793110034
49.38773779101241,51.45454645925416,53.46290009351458,55.4322041289991,57.3820442191319,59.33210433794791,61.302123570903944,63.3118726950854,65.38114116315859,67.50990951804235,69.61888304762982,71.60894915248696,73.38099802119177,74.8777047387357,76.20887624206932,77.52610354857507,78.98097848679055,80.65896007966177,82.38097445548284,83.92740183182738,85.1809728426604,86.04227497712232,86.38097241263446,86.08933429377495,85.1809728426604,83.71501932567571,81.81133790631324,79.6049761878802,77.23098217150842,74.80286379286954,72.34796760252269,69.87210175431028,67.38107838914516,64.88071672430476,62.37684845963895,59.87532714492815,57.3820442191319
50.389776000051434,52.45711301362694,54.465787592062796,56.43529062370885,58.385256167854266,60.33539636759784,62.305467125295735,64.31524950361708,66.38453939068937,68.51332134265968,70.62230314062347,72.61237410729164,74.38442577830327,75.88113411719894,77.21230666076931,78.5295347260334,79.98441027382606,81.66239235762382,83.38440707417419,84.9308346602827,86.18440579407604,87.04570799464271,87.3844054527642,87.09276731454321,86.18440579407604,84.71845212955174,82.81477042687013,80.60840817993139,78.23441319838986,75.80629310284002,73.35139386609393,70.8755225963999,68.38448956659357,65.88411066617577,63.38021169254928,60.87863578692196,58.385256167854266
51.49210170041489,53.559858257901766,55.56878764422251,57.53844864834551,59.48851377709123,61.438717541869565,63.40882919673352,65.41863796968047,67.4879448573452,69.61673760145635,71.72572596208185,73.71580078758922,75.4878546827996,76.98456430856551,78.3157376777735,79.63296634526515,81.08784237687992,82.76582485032651,84.48783983731404,86.03426758991232,87.28783882129933,88.1491410743334,88.48783855039994,88.19620039681172,87.28783882129933,85.82188503967276,83.91820311212055,81.71184044570636,79.33784469810857,76.90972323984377,74.45482158516349,71.9789460124193,69.48790531172735,66.98751273124888,64.48358938335316,61.981970147143954,59.48851377709123
52.4946557007697,54.56274537399479,56.5718770483078,58.54166345361719,60.49180763007455,62.44206184945358,64.41220596564911,66.42203568852658,68.49135606977305,70.62015737969153,72.72915094913472,74.71922883741559,76.49128449797774,77.98799514513487,79.31916916965258,80.63639831513294,82.0912747307578,83.76925751346901,85.4912727151027,87.03770059984406,88.29127190869124,89.15257420336872,89.49127169367824,89.19963352789304,88.29127190869124,86.8253180341205,84.9216359280883,82.71527292873616,80.3412765731187,77.91315403326524,75.45825045946586,72.98237147137756,70.49132468226506,67.9909212438058,65.48697854969267,62.985324920879904,60.49180763007455
53.597390977320046,55.66574512253115,57.675037382446746,59.64492333030482,61.595130251610826,63.54542451872247,65.51559440026843,67.52544075143321,69.59477184267024,71.72357995132455,73.83257765502773,75.82265797424041,77.5947150359657,79.09142649380256,80.42260103844042,81.7398305633009,83.19470728371496,84.87269031188973,86.59470568388821,88.14113367351162,89.394705043839,90.25600737156884,90.59470487318302,90.30306669771707,89.394705043839,87.92875109549843,86.02506884780655,83.81870558420127,81.44470874599807,79.01658534768642,76.56168025067898,74.08579855182337,71.59474693030657,69.0943348737932,66.5903768243585,64.08869589742655,61.595130251610826
54.70027017975988,56.76883428558729,58.778254020979205,60.7482189830947,62.69847570794235,64.64880176215084,66.61899209415691,68.62885164340142,70.69819123524398,72.82700474009002,74.93600572516931,76.92608797381814,78.69814614764898,80.1948582489234,81.52603320638116,82.84326303235603,84.29813999468146,85.97612321768088,87.69813872489803,89.24456679776637,90.49813821689058,91.35944057085413,91.69813808144087,91.40649989829132,90.49813821689058,89.03218420999889,87.12850184987161,84.92213837652844,82.54814115529656,80.12001707562574,77.66511076964589,75.1892269192485,72.69817146223613,70.19775256552529,67.693782328426,65.19207973452671,62.69847570794235
55.8032636457981,57.87199442839409,59.88151535285763,61.85154303322014,63.80183928900607,65.75219057339999,67.72239713725438,69.73226716194728,71.80161350077557,73.9304312886017,76.03943487811834,78.02951865816436,79.80157771467495,81.29829032664648,82.62946561175983,83.94669567672943,85.40157283106015,87.07955620869198,88.80157182323228,90.34799996217215,91.60157142002647,92.46287379481177,92.80157131251998,92.50993312327194,91.60157142002647,90.13561736666269,88.2319349172954,86.02557127748312,83.65157375224109,81.22344913177486,78.76854186623208,76.29265630815213,73.80159780689627,71.3011734810897,68.79719357054785,66.29547377929072,63.80183928900607
56.90634782153262,58.97521091504896,60.984812160715606,62.954889623475154,64.90521725614742,66.85558856622524,68.82580801349985,70.83568635264074,72.9050380465871,75.03385923382925,77.14286489049385,79.13294988601234,80.90500964310695,82.40172266041932,83.7328982055932,85.05012846025312,86.50500576697853,88.18298926734222,89.90500496706497,91.4514331584459,92.70500464704031,93.5663070383518,93.90500456171233,93.61336636762391,92.70500464704031,91.2390505567916,89.33536803659443,87.12900426465553,84.75500649812041,82.32688144842439,79.8719734212755,77.39608650780525,74.90502559032632,72.40459695542638,69.90060936701339,67.39887592603134,64.90521725614742
58.29254111096458,60.410409535589366,62.494035602276966,64.56145722543268,66.62925187108934,68.71105580756763,70.81642286522288,72.95044605322246,75.11458253253255,77.29705162260422,79.44110972016263,81.48200520456685,83.35923525670908,85.04991711462952,86.64838465479991,88.26428527698019,89.98661189998053,91.84221267325107,93.67755078847736,95.34157222896432,96.84314520658738,98.1516258858326,98.79591398216598,98.29354548237235,96.84314520658738,94.7890193118835,92.36077126275728,89.73681264097647,87.06777594130588,84.45960458803384,81.90270862510367,79.37200944851405,76.85081778047999,74.32607920546889,71.7864152912996,69.22247544559106,66.62925187108934
56.04349061292227,58.11214974938646,60.121627178417796,62.09162790005969,64.0419071640383,65.99224760364469,67.96244719052035,69.97231271253115,72.04165615129293,74.17047209816091,76.27947456820982,78.26955769001415,80.04161636712185,81.53832875958005,82.86950390385701,84.18673386609936,85.64161093790031,87.31959424906637,89.04160981747592,90.5880379280162,91.84160936922314,92.70291173505862,93.04160924970577,92.74997106307907,91.84160936922314,90.37565533583448,88.47197292482531,86.26560935656654,83.89161196199738,81.4634875739816,79.00858072088849,76.53269589682307,74.0416387040772,71.54121671186518,69.03724095927453,66.53552855999811,64.0419071640383
54.237728930481026,56.30596938909045,58.31519262119576,60.28503578136471,62.235215732510596,64.18549278567565,66.15565159240111,68.16549079618457,70.23481728392588,72.36362247026995,74.47261839693957,76.46269767126259,78.2347541307248,79.73146524010657,81.06263956118082,82.37986892297207,83.83474551237838,85.51272843504537,87.23474373381586,88.78117167835774,90.03474302225905,90.89604533578199,91.23474283253708,90.94310466123221,90.03474302225905,88.56878910562702,86.6651069188248,84.45874376880363,82.0847471380306,79.65662410871063,77.20171966642488,74.7258391327408,72.2347895883417,69.73438123613934,67.23042978691572,64.72876059362622,62.235215732510596
53.09706760747535,55.18765379628218,57.230065423270446,59.24364073594151,61.24711371898891,63.25784978889621,65.2911544889394,67.35989755833526,69.47478627423064,71.62961081229291,73.75569559496631,75.770659704149,77.5946840322166,79.18890511924045,80.6579945133351,82.13418156389207,83.73572830804133,85.51336549704325,87.29989464667689,88.91403264780098,90.31294250789614,91.44491964778535,91.97485884795911,91.55080399283722,90.31294250789614,88.50791707850587,86.31836975112518,83.89570755020785,81.37493864182221,78.8597074048716,76.35628321941002,73.85456658246466,71.34937682043692,68.83758189158792,66.31697201369381,63.78642891538368,61.24711371898891
51.728531028854604,53.795053685112805,55.80323355477307,57.77242984043124,59.72220199746255,61.67221875103169,63.64221008177175,65.65194119755331,67.72119806629951,69.84995905771905,71.95892810957304,73.94899158151364,75.72103893262556,77.21774477212364,78.54891571211499,79.86614260771353,81.32101721581105,82.99899854281983,84.72101273411812,86.26743999686448,87.521010941108,88.38231303977071,88.72101046303871,88.42937235466448,87.521010941108,86.05505750402375,84.15137623809352,81.945014805874,79.5710213121921,77.14290386334987,74.68800932278533,72.21214641058043,69.72112827929516,67.22077594832538,64.71692431385534,62.21543256197785,59.72220199746255
51.08356301758327,53.15854258557414,55.17708282537144,57.15892461986242,59.123658256446774,61.09050390610831,63.07809540871121,65.104338251969,67.18645626929829,69.32261166127331,71.43645114298212,73.4335969870154,75.22049315268801,76.74538684973737,78.11719251449946,79.4823889871235,80.98261942154367,82.69202456695953,84.43464599799073,86.002925427166,87.30418308431749,88.25717826905846,88.66295618684208,88.3246671542335,87.30418308431749,85.7286335800157,83.73699505169964,81.46671446071537,79.05061181129894,76.59797470731544,74.12956527242986,71.64653195922929,69.15157028146858,66.64800363275862,64.13943374802948,61.62978719537627,59.123658256446774
39.31747669556849,41.36132028134435,43.35566284824594,45.3162562727521,47.26059569650103,49.20714085100863,51.17489698711849,53.18318486476859,55.25151187730037,57.379682474430865,59.48829246690967,61.47814479716203,63.25007044310222,64.74670586509023,66.0778316255564,67.3950255664776,68.84987369900028,70.52783370362877,72.24983309598781,73.79625124800413,75.04981685167202,75.91111607918195,76.24981252045002,75.95817525301075,75.04981685167202,73.58386982272239,71.68020086225647,69.4738623846448,67.09991081088819,64.67186793107479,62.217105698686254,59.74147823642235,57.25087979840551,54.75127582801193,52.248757227205715,49.74963413361368,47.26059569650103
40.30703420382716,42.3560916950941,44.35362576018525,46.3162073339781,48.261803840688266,50.20915292340575,52.17742693135378,54.186049301396366,56.25459186748785,58.38289934460042,60.49159259020119,62.481493879183915,64.25344774648639,65.75009949737644,67.08123573449225,68.39843731730417,69.85329158930475,71.53125653844668,73.25325936258898,74.79967962733221,76.05324646945104,76.91454636276643,77.25324303175526,76.9616055693075,76.05324646945104,74.58729795448939,72.68362614045702,70.47728233982045,68.10332104516033,65.6752608735492,63.2204679608046,60.744785902873815,58.254090152849614,55.75431268206148,53.251485086762386,50.75181312272528,48.261803840688266
41.29942263933288,43.35263773655786,45.35271230394841,47.316874794219146,49.26347022532561,51.211457867032664,53.18014310751852,55.189031045083425,57.257744728735204,59.3861608603458,61.49492018876464,63.48486033806225,65.25683660532356,66.75350131672788,68.08464586928437,69.40185351753257,70.85671266247718,72.53468153610308,74.2566870840634,75.80310902568323,77.05667685076298,77.91797727252926,78.25667412226042,77.96503650503408,77.05667685076298,75.59072715635065,73.68705307743495,71.48070505189197,69.10673604168753,66.67866214538766,64.22384488106792,61.74811948876729,59.257346496590955,56.75743130083167,54.25435840062387,51.754250621465204,49.26347022532561
42.294069589824744,44.350596834312284,46.3526924855599,48.31811159508423,50.265500615667406,52.21399538514507,54.183007145540884,56.19210591506874,58.26095543535175,60.38945781414941,62.498269595541785,64.48824058939103,66.2602346359202,67.75690963425288,69.0880607868535,70.40527324928175,71.86013626190811,73.53810825041215,75.2601159602745,76.80653923283478,78.06010783809225,78.92140867929072,79.26010567247731,78.968467932403,78.06010783809225,76.59415720754791,74.69048133098923,72.48412995212406,70.11015481805146,67.68207002834558,65.22723343581481,62.751473647893064,60.2606393450766,57.76061482583545,55.25734719181885,52.75689339480638,50.265500615667406
43.29051648786043,45.34968034390155,47.35338309180294,49.319800745324116,51.26782010673951,53.21671757493415,55.18598857278026,57.19525471181153,59.264212058638236,61.392782896948574,63.501636312187486,65.49163178806612,67.26363994626699,68.76032310944177,70.09147950054785,71.40869578401856,72.86356186644073,74.54153632723356,76.26354575300262,77.80997008193268,79.06353930641829,79.92484048052063,80.26353758756795,79.97189974998906,79.06353930641829,77.59758793286464,75.69391062951331,73.48755658910716,71.11357659449413,68.68548315861477,66.23063122505037,63.7548441366074,61.26396116929642,58.7638498729568,56.26042765645013,53.75969915482584,51.26782010673951
44.288396669507975,46.349658112957044,48.35463828457725,50.32184921784478,52.270369176514905,54.21958638738141,56.189063191554,58.19846219205223,60.267505129015234,62.3961303068741,64.50501676811201,66.49503167582651,68.26705103463087,69.76374067830916,71.09490122724938,72.41212054349941,73.8669890624294,75.5449654854844,77.26697627317196,78.81340144054431,80.06697115651207,80.92827259484055,81.26696979225923,80.97533187729091,80.06697115651207,78.601019193231,76.69734075743204,74.49098460455474,72.1170007521137,69.68890045371695,67.23403634382598,64.7582275865048,62.267305992768456,59.76712581699401,57.26358089431869,54.762634315349345,52.270369176514905
45.287417400470964,47.3503468016184,49.356342045681245,51.324183069017494,53.27310053823618,55.22257160497173,57.19221178888051,59.20171625432539,61.270827129360555,63.39949543856203,65.5084081291784,67.49843846022611,69.27046670905752,70.76716149635519,72.09832534538918,73.41554706876775,74.87041752156117,76.54839550206799,78.27040737071255,79.81683320355765,81.07040330961532,81.93170495766037,82.27040222680687,81.97876425041446,81.07040330961532,79.60445087826693,77.70077154364273,75.49441371409301,73.12042679968272,70.69232105447398,68.23744728013793,65.76162132393947,63.27066907151294,60.77043422331897,58.2667918998943,55.76567220500078,53.27310053823618
46.38734525181721,48.45160047068104,50.45840212317559,52.42674354162344,54.375976632575615,56.3256492327082,58.295419110825776,60.305007291875285,62.37417209262989,64.5028746364697,66.6118081458311,68.60185071855963,70.37388602347457,71.87058489329107,73.20175136162294,74.51897499554703,75.97384698325256,77.65182619991178,79.37383892651343,80.92026528754504,82.17383570321745,83.0351375177147,83.37383484379166,83.0821968186469,82.17383570321745,80.70788290036356,78.80420285234067,76.59784369201336,74.22385434731066,71.79574427894653,69.34086283387975,66.86502322674866,64.37404663995176,61.87376839648081,59.37004876048657,56.86879164586314,54.375976632575615
47.38799426375398,49.45330302132524,51.46074519047039,53.42948395706216,55.37896763114665,57.32880021860238,59.29867304744805,61.30832767867055,63.37753528233564,65.5062649990254,67.615215032534,69.60526732160011,71.37730822697279,72.87401033710265,74.20517888438005,75.52240403470907,76.97727724067747,78.65525743847283,80.37727084603614,81.92369762628985,83.17726828770375,84.03857023431425,84.37726760557695,84.08562954173743,83.17726828770375,81.71131518998565,79.80763457573747,77.60127435917008,75.2272830855394,72.79916958587333,70.3442820525085,67.86843161051496,65.37743570916781,62.87712302174096,60.37334201922698,57.871975823446604,55.37896763114665
48.38921640539395,50.45536213739014,52.46331298122607,54.43236723941223,56.38204984809438,58.332009436577096,60.30196398526141,62.31167136120506,64.38091293884703,66.50966422314576,68.61862737206658,70.60868737306367,72.38073272354818,73.87743740552654,75.20860760286872,76.52583395677168,77.98070812967742,79.65868910620188,81.38070305424515,82.92713016723589,84.18070102369501,85.0420030751639,85.38070048229056,85.08906238773895,84.18070102369501,82.71474769194293,80.81106662828117,78.60470557337476,76.23071276875066,73.80259654565134,71.34770417997908,68.8718451382802,66.38083390674532,63.88049388043845,61.37666416908516,58.875211388574186,56.38204984809438
49.39089391000172,51.457704441164736,53.46605920716979,55.435363944415826,57.38520447697964,59.33526487821882,61.30528429289106,63.31503353435352,65.38430207796794,67.51307048080653,69.62204403955536,71.6121101615594,73.3841590401476,74.88086576340979,76.21203727041222,77.52926457959401,78.98413951995937,80.66212111456201,82.3841354915848,83.93056286866917,85.18413387993584,86.0454360146309,86.38413345022279,86.092495331295,85.18413387993584,83.71818036243079,81.8144989420691,79.6081372217721,77.23414320199626,74.80602481730209,72.35112861621099,69.87526274887776,67.38423934962687,64.88387762399927,62.38000925102834,59.87848774378685,57.38520447697964
50.392933132693884,52.460271625640985,54.46894710263524,56.43845069138425,58.388416586733314,60.33855701065504,62.30862791258883,64.31841038399932,66.38770033102998,68.51648232106257,70.62546414217192,72.61553512244967,74.38758680130574,75.88429514474004,77.21546769122234,78.53269575861043,79.98757130810944,81.66555339328143,83.38756811078562,84.9339956974813,86.18756683161884,87.04886903237056,87.38756649055533,87.09592835228014,86.18756683161884,84.72161316668152,82.81793146320683,80.61156921478866,78.23757423054536,75.8094541301894,73.35455488491559,70.87868360004529,68.38765054318485,65.88727159451953,63.38337253492904,60.881796476483146,58.388416586733314
51.49525963805797,53.56301737020827,55.5719474698994,57.54160891626741,59.491674323792594,61.44187826651303,63.41199003586193,65.42179888269577,67.49110581795027,69.6198985922718,71.72888697126805,73.71896180757739,75.49101570901394,76.98772533838218,78.31889870990136,79.6361273790788,81.09100341204791,82.76898588658524,84.4910008743298,86.03742862739415,87.29099985905434,88.15230211223529,88.49099958835205,88.1993614347208,87.29099985905434,85.82504607709996,83.92136414891826,81.71500148132986,79.34100573158764,76.91288426950823,74.45798260805947,71.98210702326986,69.4910663011049,66.99067368233192,64.48675026620516,61.98513090869946,59.491674323792594
52.497814277634475,54.565904883496515,56.57503712412799,58.54482388049293,60.49496827823593,62.4452226388551,64.41536684592045,66.42519662744323,68.49451704646225,70.6233183803589,72.73231196438303,74.72238986123747,76.49444552674134,77.99115617675764,79.32233020310974,80.63955934992812,82.09443576662794,83.77241855020486,85.49443375243939,87.04086163755066,88.29443294661468,89.15573524140873,89.49443273175811,89.20279456593877,88.29443294661468,86.82847907178378,84.92479696525194,82.7184339649678,80.34443760764833,77.91631506476722,75.46141148559568,72.98553248794687,70.49448568179116,67.99408221293723,65.49013946466825,62.98848573957967,60.49496827823593
53.600550061719645,55.668904947358016,57.67819765683397,59.648083883353664,61.59829098030569,63.548585359524395,65.5187553131957,67.52860171090806,69.5979328321255,71.72674095981144,73.83573867508757,75.8258190011051,77.59787606675266,79.09458752685882,80.42576207295266,81.74299159887514,83.19786832014233,84.87585134900426,86.59786672147966,88.14429471139661,89.39786608189608,90.25916840971848,90.59786591136432,90.30622773587129,89.39786608189608,87.93191213334904,86.0282298852606,83.82186662091563,81.44786978136155,79.01974638064684,76.56484127937549,74.08895957293167,71.59790793788761,69.09749585724984,66.59353776483105,64.09185676148321,61.59829098030569
54.70342966710626,56.77199436073272,58.78141445298698,60.75137963629439,62.701636500559616,64.6519626437505,66.6221530330037,68.63201261919355,70.70135223483175,72.83016575478328,74.93916674904807,76.92924900309791,78.70130718004185,80.19801928311742,81.5291942417308,82.84642406854859,84.30130103155119,85.97928425509596,87.70129976269163,89.24772783579299,90.50129925505381,91.36260160909082,91.70129911970264,91.4096609365316,90.50129925505381,89.03534524799821,87.13166288755619,84.92529941362592,82.55130219132182,80.12317810974369,77.66827180037959,75.19238794395943,72.70133247621044,70.20091356035192,67.69694328913579,65.19524063458412,62.701636500559616
55.80642345303673,57.87515470224571,59.88467590998013,61.85470376591414,63.805000132360405,65.75535148738155,67.72555809667378,69.73542815069052,71.80477450840559,73.93359230822098,76.04259590502818,78.03267968936098,79.80473874834246,81.30145136174357,82.63262664777415,83.94985671341276,85.40473386828094,87.08271724634562,88.80473286118632,90.35116100031118,91.60473245827392,92.46603483311748,92.80473235084564,92.51309416158053,91.60473245827392,90.13877840478004,88.23509595516293,86.02873231488468,83.65473478879161,81.22661016681153,78.7717028985827,76.29581733572246,73.80475882594493,71.30433448494077,68.80035454732015,66.29863470792247,63.805000132360405
56.90950788271603,58.97837134663159,60.98797281714876,62.95805041926664,64.90837813977299,66.85874950590883,68.82896898924795,70.83884735166339,72.90819906060024,75.03702025735835,77.14602591980947,79.13611091873037,80.90817067778615,82.40488369623318,83.73605924213504,85.05328949732595,86.50816680447792,88.18615030518522,89.9081660051464,91.45459419667411,92.70816568535457,93.56946807671234,93.9081656000887,93.61652740598673,92.70816568535457,91.24221159500263,89.3385290746072,87.13216530229845,84.75816753508786,82.33004248419033,79.87513445490947,77.3992475376451,74.90818661340248,72.40775796644019,69.90377035653464,67.40203687734298,64.90837813977299
58.29565931108027,60.413524760003895,62.49714636668787,64.5645622262893,66.63235008014243,68.71414662851265,70.81950631709604,72.9535229343003,75.11765452150355,77.30012088966903,79.44417722683016,81.48507018418714,83.36229509835691,85.05296780023602,86.65142337481463,88.2673114695887,89.9896275829233,91.84522172576482,93.68055575019537,95.344573057063,96.84613767539287,98.15460443682225,98.79888381367113,98.2965212607412,96.84613767539287,94.79203241074092,92.36380527202861,89.73986519952732,87.07084272303322,84.46268053617403,81.90578993658163,79.37509369471643,76.85390365541964,74.32916640226111,71.78950444114137,69.22556803935589,66.63235008014243
56.04665028265349,58.11530993782502,60.124787681760935,62.09478859858409,64.0450679855841,65.99540850370744,67.96560814109698,69.9754736957076,72.04481715546612,74.17363311566284,76.2826355938168,78.27271872038685,80.04477740024149,81.54148979428899,82.87266493958566,84.18989490257172,85.64477197497018,87.32275528661748,89.044770855361,90.59119896610693,91.8447704074344,92.70607277333467,93.044770288004,92.75313210135829,91.8447704074344,90.37881637390109,88.4751339626142,86.2687703938374,83.89477299832215,81.46664860862342,79.01174175254408,76.53585692316433,74.04479972094475,71.54437771183726,69.04040192914265,66.5386894763477,64.0450679855841
54.24088779670663,56.30912907837319,58.318352810229754,60.288196280179264,62.2383764265892,64.18865360438392,66.15881249129178,68.16865174682283,70.23797826789388,72.36678347539575,74.47577941493125,76.4658586968194,78.23791516064205,79.73462627254665,81.06580059523952,82.38302995821144,83.83790654856625,85.51588947199716,87.23790477129779,88.78433271616608,90.0379040602587,90.89920637388451,91.23790387067478,90.9462656993398,90.0379040602587,88.57195014339712,86.66826795615405,84.46190480531051,82.08790817303566,79.65978514104415,77.20488069401816,74.7290001518981,72.23795059246046,69.73754221343856,67.23359071642884,64.73192143818694,62.2383764265892
53.100209965914416,55.19079473124654,57.23320419080457,59.246776640576044,61.2502461569149,63.26097833633432,65.29427902589799,67.36301840436748,69.4779042988547,71.63272723908099,73.75881097743957,75.7737735722784,77.59779476477627,79.19201006819252,80.66109150053278,82.13726968270461,83.73880852695888,85.5164404986322,87.30296633396821,88.91710090912395,90.31600359330893,91.44796799244601,91.97789865768968,91.55384967206177,90.31600359330893,88.51099528629886,86.32146347016729,83.89881370328393,81.37805359171935,78.86282771777428,76.35940656622549,73.85769155816362,71.3525026908317,68.8407084832776,66.32009966328063,63.789558408027034,61.2502461569149
51.731686599169024,53.798211325894115,55.80639245351833,57.775589519253415,59.72536216811018,61.675379235641216,63.64537076839335,65.65510201455646,67.7243589672825,69.8531200120141,71.9620890962873,73.95215258729041,75.72419994938988,77.22090579524512,78.55207673931515,79.86930363788866,81.32417824837628,83.00215957730995,84.72417376994417,86.270601033513,87.52417197823866,88.38547407716052,88.7241715005172,88.43253339206703,87.52417197823866,86.05821854057592,84.1545372735348,81.9481758392431,79.57418234177683,77.1460648862028,74.69117033369366,72.21530740023181,69.72428923105278,67.22393683250505,64.72008507763147,62.21859311171852,59.72536216811018
51.08671912748494,53.161698300803565,55.180237934172325,57.16207891732698,59.12681155538574,61.093656062935395,63.08124636365869,65.10748807810576,67.18960521746739,69.32576010630264,71.43959925681995,73.4367446172618,75.22363976887122,76.74853154905072,78.12033447183947,79.48552774021718,80.98575517731928,82.69515826440924,84.43777835369177,86.00605636694469,87.30731095871944,88.26030034296892,88.6660740941368,88.32778795236533,87.30731095871944,85.73176855001437,83.74013584720991,81.46985956418108,79.05375978740211,76.60112436856544,74.13271586580026,71.64968304689819,69.15472163883913,66.65115520663794,64.1425856379759,61.63293963181114,59.12681155538574
39.321296317032406,41.365162411480355,43.35951876950902,45.32012079032397,47.264465651438215,49.21101428406489,51.178772661037584,53.187061986197975,55.25538993159303,57.38356112113067,59.49217147393233,61.4820240160833,63.25394978416959,64.75058527683181,66.0817110826428,67.39890505663953,68.85375321573507,70.53171324176444,72.25371264897692,73.80013081013757,75.05369641916573,75.9149956495574,76.25369209181109,75.9620548235278,75.05369641916573,73.58774938378434,71.68408041096757,69.47774191031678,67.1037902944862,64.67574733983072,62.22098497465275,59.74535727609248,57.254758416905275,54.75515369561819,52.25263375758669,49.75350828889964,47.264465651438215
40.31086604319696,42.35994149251981,44.35748653929727,46.32007495005806,48.26567577808069,50.213027623700896,52.18130341117477,54.1899269304964,56.258470237159116,58.386778184527216,60.49547171613946,62.48537317331461,64.25732713756764,65.75397894455308,67.0851152176597,68.40231682672398,69.85717111981563,71.53513608594355,73.25713892187508,74.80355919387618,76.05712604024947,76.9184259358521,77.25712260562324,76.96548514250554,76.05712604024947,74.59117752018292,72.68750569634767,70.48116187742481,68.10720054937028,65.67914031835613,63.224347300213765,60.748665054725905,58.25796897039177,55.758190903534114,53.255362246609366,50.75568839660761,48.26567577808069
41.30326423184169,43.356493641333046,45.356576947459374,47.320744873125726,49.267343737640196,51.215333573726355,53.18402022722289,55.19290907721657,57.26162334875917,59.39003985365068,61.49879940909146,63.488739691888796,65.2607160361018,66.75738079202985,68.08852537315259,69.4057330422375,70.86059220392227,72.53856109102996,74.26056664834746,75.80698859572786,77.0605564241844,77.92185684776605,78.26055369811812,77.96891608036006,77.0605564241844,75.59460672572028,73.69093263902401,71.48458459896716,69.11061556225738,66.68254161880873,64.22772427083302,61.7519987296629,59.261225472127705,56.761309803214175,54.25823606022391,51.758126783637984,49.267343737640196
42.2979189588184,44.35445760030484,46.35656020175746,48.3219836309714,50.26937537891081,52.21787189099004,54.1868847732714,56.195984267149115,58.264834254103775,60.393336929199194,62.502148890788135,64.49211999059952,66.26411409820652,67.76078913187818,69.0919403071521,70.40915278611857,71.86401581203162,73.54198781123627,75.26399552852544,76.81041880565789,78.06398741359551,78.92528825623486,79.26398524991427,78.97234750941794,78.06398741359551,76.59803677983527,74.69436089710112,72.48800950671625,70.11403435160625,67.685949524478,65.2311128655484,62.7553529594655,60.26451844602289,57.764493551205234,55.26122524816485,52.760770262305684,50.26937537891081
43.29437205150133,45.353544976978725,47.35725325027373,49.32367433587722,51.27169586342107,53.220594715300564,55.189866603826204,57.19913331787177,59.268091035135356,61.396662108632796,63.50551566689957,65.4955112268825,67.26751943356167,68.76420262478533,70.09535903388738,71.41257533048457,72.86744142345242,74.54541589273833,76.26742532440207,77.81384965696108,79.06741888357394,79.9287200588199,80.26741716625835,79.97577932834454,79.06741888357394,77.60146750746782,75.697790199215,73.49143614966565,71.11745613835512,68.68936267277343,66.23451068650755,63.75872350427788,61.26784036978613,58.76772877532997,56.2643060277514,53.763576582325925,51.27169586342107
44.29225716405399,46.35352582086013,48.35851038367818,50.32572404322601,52.274245722051546,54.223464031515675,56.19294154277131,58.20234099972012,60.27138423072381,62.400009595260514,64.50889617002336,66.49891114449281,68.27093054177493,69.76762020771581,71.09878077093951,72.41600009760808,73.87086862490824,75.54884505470423,77.2708558470704,78.81728101732307,80.0708507349792,80.93215217421539,81.27084937194451,80.97921145671035,80.0708507349792,78.60489876967222,76.70122032998296,74.49486416984868,72.12088030415481,69.69277998218314,67.23791583046255,64.76210699870148,62.271185272269435,59.771004859866366,57.267459515636574,54.76651218743753,52.274245722051546
45.29128181766595,47.35421695349753,49.36021568644727,51.32805887504301,53.27697771011613,55.226449649040035,57.196090394255634,59.20559522202427,61.2747063304553,63.40337478782919,65.51228756855265,67.50231795258463,69.27434623195617,70.7710410369238,72.10220489729465,73.41942662894246,74.8742970883793,76.55227507423645,78.27428694659443,79.82071278172563,81.07428288912337,81.93558453788884,82.27428180728177,81.98264383067834,81.07428288912337,79.60833045616702,77.70465111845508,75.4982932831455,73.12430635821639,70.69620059429613,68.24132678675963,65.76550077147735,63.2745484137275,60.77431337771284,58.270670719673404,55.76955043003133,53.27697771011613
46.39121278809975,48.455472564544934,50.462276988436166,52.43062012634023,54.379854301728656,56.329527594263084,58.29929791794983,60.30888638660025,62.37805137261114,64.50675403405933,66.61568761494019,68.6057302297229,70.37776555887773,71.87446444271896,73.20563092004896,74.52285456053636,75.97772655351478,77.65570577442057,79.37771850396959,80.92414486681565,82.17771528355169,83.03901709862075,83.37771442489327,83.08607639958105,82.17771528355169,80.71176247942157,78.80808242894794,76.60172326404899,74.2277339109975,71.79962382778197,69.34474235636381,66.86890270233732,64.37792603194359,61.87764763939393,59.37392773779892,56.87267015107,54.379854301728656
47.39186427924434,49.45717665793132,51.46462102816411,53.4333611600494,55.38284569507644,57.33267883218352,59.302552014715275,61.31220687422213,63.38141462493141,65.51014443496943,67.61909452524397,69.60914684768883,71.38118777230088,72.87788989356221,74.20905844798143,75.5262836035198,76.9811568136733,78.65913701483916,80.38115042474178,81.92757720643564,83.18114786869376,84.04244981575809,84.38114718717603,84.08950912320357,83.18114786869376,81.7151947699627,79.81151415376937,77.60515393357346,75.23116265331632,72.80304914186267,70.34816158758262,67.87231110836784,65.38131514066878,62.881002334914726,60.37722112158269,57.87585455105835,55.38284569507644
48.393088390896544,50.45923699934686,52.467189591088,54.43624493326145,56.38592822541588,58.335888250214936,60.305843079643736,62.3155506367865,64.38479233114141,66.51354368953223,68.6225068835088,70.61256691099882,72.3846122767537,73.88131696756714,75.21248717057782,76.52971352861542,77.9845877048429,79.66256868404253,81.3845826339425,82.9310097480763,84.18458060520547,85.04588265703458,85.38458006428442,85.0929419696273,84.18458060520547,82.7186272726494,80.81494620744377,78.60858514965742,76.23459233977387,73.80647610731872,71.35158372504598,68.87572465380437,66.3847133696053,63.884373249379934,61.380543370693545,58.87909029272696,56.38592822541588
49.394767460532336,51.46158027623487,53.46993643012107,55.439242027950925,57.38908310307636,59.339143850656455,61.30916348817067,63.31891287345704,65.38818150970906,67.51694997135554,69.62592356586549,71.61598970889712,73.38803859960544,74.8847453298801,76.21591684138164,77.53314415384509,78.9880190968469,80.66600069357284,82.3880150720693,83.93444245006091,85.18801346185938,86.04931559684034,86.38801303253003,86.0963749135185,85.18801346185938,83.72205994371623,81.81837852212917,79.61201679954634,77.23802277559608,74.80990438347615,72.35500816920921,69.87914227842776,67.38811883737685,64.88775703720478,62.383888531417256,59.88236678807175,57.38908310307636
50.396807926288915,52.464148233419735,54.47282481233394,56.442329084269005,58.392295410305806,60.3424361091414,62.31250718795441,64.32228977352185,66.39157979408054,68.5203618307896,70.62934368028283,72.61941467725026,74.39146636572613,75.8881747147262,77.21934726477943,78.5365753347722,79.9914508863638,81.66943297322103,83.39144769189487,84.93787527931063,86.19144641387025,87.05274861484892,87.3914460731113,87.09980793476961,86.19144641387025,84.72549274842649,82.82181104397921,80.6154487937468,78.24145380619024,75.81333369994044,73.35843444420891,70.88256314072768,68.39153005069028,65.89115104285814,63.3872518778484,60.88567563199824,58.392295410305806
51.49913541884195,53.5668945915056,55.57582556601676,57.54548755471829,59.495553304116,61.445757465050164,63.41586937479411,65.42567831223681,67.49498530585153,69.62377811722061,71.73276651874528,73.72284136830126,75.49489527737308,76.99160491115889,78.3227782855123,79.6400069567571,81.09488299138707,82.772865467262,84.4948804559349,86.04130820957079,87.29487944156601,88.15618169492706,88.4948791711054,88.20324101742143,87.29487944156601,85.82892565920966,83.92524373025597,81.71888106122763,79.34488530885568,76.91676384209833,74.46186217234927,71.98598657278808,69.49494582429037,66.99455315855613,64.49062965875639,61.98901015250253,59.495553304116
52.501690842308975,54.569782591882145,56.57891552700087,58.54870271387189,60.49884738298165,62.44910191680627,64.41924623530697,66.42907608874755,68.49839655408773,70.62719791738928,72.73619151929431,74.72626942666268,76.49832509822666,77.99503575174919,79.32620978035087,80.6434389288101,82.09831534682812,83.77629813146669,85.49831333443808,87.04474122000295,88.29831252933288,89.15961482426988,89.49831231466815,89.20667414880695,88.29831252933288,86.83235865418294,84.9286765470384,82.72231354561136,80.34831718620468,77.92019463961067,75.46529105385116,72.98941204447812,70.49836521742199,67.99796171129454,65.49401889661321,62.99236505345982,60.49884738298165
53.60442724879421,55.67278304243298,57.68207630321345,59.65196287146112,61.60217018381114,63.55246470050885,65.5226347426288,67.53248119742334,69.60181235540628,71.73062050643104,73.83961823589931,75.82969857026174,77.60175564071926,79.09846710360833,80.42964165148763,81.74687117871245,83.20174790102595,84.87973093073049,86.60174630379069,88.14817429406773,89.40174566477825,90.26304799271409,90.60174549439873,90.31010731887247,89.40174566477825,87.93579171597796,86.03210946740322,83.82574620215111,81.4517493609404,79.02362595727877,76.56872085077856,74.0928391350292,71.6017874833964,69.1013753731744,66.59741722804344,64.09573613098539,61.60217018381114
54.70730734832239,56.775872762778135,58.7852932926595,60.755258747218704,62.70551578245431,64.65584203476595,66.62603249422237,68.63589212571895,70.70523177053823,72.8340453090139,74.94304631454301,76.93312857521624,78.70518675597785,80.20189886126221,81.53307382129273,82.85030364914417,84.3051806129772,85.98316383719077,87.7051793452506,89.25160741863775,90.50517883806606,91.36648119219313,91.70517870283575,91.41354051963832,90.50517883806606,89.03922483080946,87.13554246998149,84.92917899533123,82.55518177171227,80.12705768779514,77.6721513742809,75.1962675104749,72.70521202955936,70.20479309021972,67.70082277716548,65.19912004823465,62.70551578245431
55.810301526542915,57.87903334796832,59.88855490308316,61.85858297432378,63.80887947647493,65.75923091810755,67.72943758312104,69.73930767309815,71.80865405397438,73.93747186849247,76.04647547424017,78.03655926382999,79.80861832584154,81.30533094099579,82.63650622815113,83.95373629461017,85.40861345013744,87.08659682873297,88.80861244394211,90.35504058329377,91.60861204138945,92.4699144163045,92.8086119340571,92.51697374477104,91.60861204138945,90.14265798773604,88.23897553781259,86.03261189696286,83.65861436982621,81.2304897459897,78.77558247446686,76.29969690574447,73.80863838551662,71.3082140258754,68.80423405504757,66.30251415661431,63.80887947647493
56.91338626763954,58.9822501857827,60.991851932038315,62.96192970505395,64.91225753327282,66.8626289681537,68.83284849571939,70.84272688667684,72.91207861399681,75.04089982242448,77.14990549197174,79.13999049506512,80.91205025652586,82.40876327636434,83.73993882315895,85.05716907900103,86.51204638667619,88.19002988780477,89.91204558805836,91.4584737797661,92.71204526855209,93.57334765996657,93.91204518336235,93.62040698924376,92.71204526855209,91.24609117807351,89.34240865743493,87.13604488467261,84.76204711663371,82.33392206426271,79.87901403236742,77.40312711045027,74.91206617791319,72.41163751615859,69.90764987989633,67.40591635384754,64.91225753327282
58.303128962417176,60.42095084967288,62.5045071649225,64.57183864843692,66.6395270708049,68.72121545507524,70.82646725538781,72.96038766922292,75.12444762934715,77.30687414456841,79.4509047065647,81.49176066343081,83.36891034745749,85.05944898321712,86.65772934654225,88.27343399536443,89.99559620328623,91.85109324594919,93.6863673610329,95.35032413051005,96.85176632315304,98.16002924359964,98.80418090926239,98.3019054583636,96.85176632315304,94.79796318840587,92.37004226262604,89.74637380720719,87.07755958838092,84.46953161172178,81.91271953748172,79.38206626267133,76.86090006938485,74.33618216909642,71.7965488018563,69.23266282079034,66.6395270708049
56.05474349824523,58.12340448031959,60.13288302981124,62.10288444592642,64.05316414762665,66.0035048666037,67.97370463321245,69.98357027121644,72.05291378468661,74.18172977897942,76.2907322778669,78.28081541662813,80.05287410350962,81.54958650162274,82.88076164952778,84.19799161441647,85.65286868834346,87.33085200122177,89.05286757081966,90.59929568209157,91.85286712372735,92.71416948979339,93.05286700451941,92.76122881782516,91.85286712372735,90.3869130898241,88.48323067782678,86.27686710772477,83.90286970978931,81.4747453157854,79.01983845206715,76.54395360909282,74.0528963826385,71.5524743303109,69.04849847060757,66.54678588090715,64.05316414762665
54.24897895685325,56.31722234397964,58.326447354247506,60.296291616644965,62.24647226255871,64.19674975916779,66.16690885118976,68.176748239096,70.24607484542756,72.37488010705306,74.48387607950075,76.4739553807411,78.24601185571821,79.74272297407651,81.07389730090998,82.39112666690207,83.84600325968324,85.52398618506825,87.24600148572515,88.79242943142839,90.04600077601043,90.90730308989936,91.24600058677962,90.95436241536757,90.04600077601043,88.58004685856157,86.67636467019078,84.47000151724355,82.0960048811269,79.66788184230137,77.21297738314937,74.73709681944936,72.24604722154172,69.74563877391289,67.24168715466189,64.74001765910384,62.24647226255871
53.108033256743184,55.198597185518906,57.24097491843378,59.254505460966215,61.25792423090817,63.26859945980655,65.30184144152906,67.37052678922115,69.48537138116046,71.64017093050535,73.76623938096223,75.7811798069622,77.60515509672649,79.19928573047099,80.6682506030671,82.14429894852543,83.74572213165774,85.52327771543798,87.30975502477123,88.92383943829758,90.3226370537321,91.45441489772873,91.98422058635654,91.5602575478905,90.3226370537321,88.51787944591358,86.32857472607625,83.90610699359476,81.38547566266979,78.87032829818497,76.36695155965324,73.86526039638468,71.36008462620742,68.84830097741937,66.32770764353259,63.797193367866086,61.25792423090817
51.73976932804166,53.80629935123301,55.81448369685333,57.783682758100696,59.73345666509394,61.683474535769165,63.65346658528719,65.66319816497843,67.73245533253282,69.86121651364166,71.97018568084616,73.96024922061312,75.73229661081967,77.22900247293705,78.56017342744067,79.87740033362456,81.33227495022624,83.01025628408391,84.73227048013564,86.27869774580842,87.53226869176736,88.39357079135229,88.73226821493571,88.44063010629135,87.53226869176736,86.0663152526248,84.162633982742,81.95627254314937,79.58227903600243,77.15416156320777,74.69926698014326,72.22340399230407,69.73238572618928,67.23203315477087,64.72818109189376,62.226688578458095,59.73345666509394
51.094743704150616,53.16971710062758,55.18824785764902,57.170076965172555,59.13479498764012,61.10162277783671,63.08919548629895,65.11542067794619,67.19752496613945,69.33367249029587,71.44750679300921,73.44464507488942,75.23152538312448,76.7563891049273,78.12815189146518,79.49329825646672,80.99348181869424,82.70285477564445,84.44545522405167,86.01371251055168,87.314922229938,88.26782670258095,88.67353945885077,88.3352956360093,87.314922229938,85.73948368907372,83.74793626017382,81.47772303589431,79.06166530750451,76.609054554895,74.14065969591687,71.65763411222413,69.16267665187124,66.6591133887729,64.15054844647402,61.640910439401736,59.13479498764012
39.32256370041102,41.366437259031926,43.360798190355055,45.32140306179389,47.26574972599019,49.21229951199266,51.180058632055115,53.188348437222345,55.25667669196275,57.38484807794754,59.49345855023529,61.48331116265358,63.25523697124454,64.75187248734292,66.08299830819061,67.40019229315547,68.8550404610628,70.53300049418885,72.25499990632687,73.80141807051984,75.05498368132552,75.91628291267281,76.25497935525333,75.96334208669018,75.05498368132552,73.58903664381131,71.6853676668989,69.47902915860814,67.10507752882549,64.67703454935176,62.22227214013972,59.74664436322159,57.256045364370806,54.75644039408114,52.253920012614344,49.75479375632516,47.26574972599019
40.31213747820094,42.36121888263419,44.3587675710566,46.321358249023106,48.266960510032945,50.214313271856255,52.18258964943631,54.19121354986865,56.25975710211104,58.38806520541978,60.49675883187581,62.48666034482498,64.25861434122763,65.75526616681475,67.08640245185619,68.403604069626,69.85845836971163,71.53642334147222,73.25842618131318,74.80484645572105,76.05841330350515,76.91971319986624,77.25840986989681,76.96677240655696,76.05841330350515,74.59246478174578,72.6887929546598,70.48244912967306,68.10848779054467,65.68042753983198,63.22563448673884,60.74995217905551,58.25925598386141,55.7594777193421,53.25664871037333,50.756974234969476,48.266960510032945
41.304538901109595,43.35777305671151,45.357859260691946,47.322028988787096,49.26862899185073,51.21661955561224,53.185306677675214,55.194195830238016,57.262910296730126,59.391326925404684,61.500086556127854,63.490026883194815,65.26200325292562,66.7586680236181,68.08981261421363,69.40702029020818,70.8618794574441,72.53984834902249,74.2618539094429,75.80827585873357,77.06184368830986,77.92314411249353,78.2618409630515,77.97020334511711,77.06184368830986,75.59589398850216,73.69221989922579,71.485871854356,69.11190280885684,66.68382884977326,64.22901147405656,61.75328588352008,59.262512537989664,56.76259671217426,54.25952268971021,51.75941291656465,49.26862899185073
42.29919620685986,44.35573862771363,46.35784353392246,48.3232683955854,50.27066104794037,52.219158137881365,54.18817139218953,56.19727112626774,58.266121267974626,60.39462404132482,62.50343606266844,64.49340719761777,66.26540132547868,67.76207637086904,69.09322755366159,70.41044003811228,71.86530306843136,73.54327507118438,75.26528279093633,76.81170606958497,78.06527467841136,78.92657552152852,79.26527251537132,78.97363477473506,78.06527467841136,76.59932404358469,74.69564815880273,72.48929676459781,70.11532160251163,67.68723676297382,65.2324000820258,62.75664013675967,60.265805553471694,57.76578053410975,55.26251200921547,52.76205662912467,50.27066104794037
43.29565135375603,45.354827286751345,47.35853739231931,49.32495961603236,51.27298186188335,53.22188117260461,55.191153356487106,57.20042026121226,59.269378101315795,61.39794925280319,63.50680285849921,65.49679844637184,67.2688066691268,68.76548986965173,70.09664628472134,71.41386258567138,72.86872868213632,74.5467031542386,76.26871258785704,77.81513692161946,79.06870614893771,79.93000732456292,80.26870443213107,79.97706659410618,79.06870614893771,77.60275477198519,75.699077462107,73.49272340952567,71.11874339267814,68.69064991724687,66.23579791350477,63.76001070017465,61.26912751024436,58.76901581693028,56.26559289324385,53.76486313484594,51.27298186188335
44.29353810144836,46.35480915027459,48.35979516925444,50.327009732861015,52.27553198210495,54.224750655873436,56.19422840160374,58.20362800991535,60.27267133842541,62.40129676486602,64.51018337727467,66.50019837388065,68.27221778392227,69.76890745724563,71.10006802520584,72.41728735532928,73.87215588540506,75.55013231743641,77.27214311135404,78.81856828256184,80.07213800077787,80.93343944031506,81.27213663814715,80.98049872282479,80.07213800077787,78.6061860347991,76.70250759381977,74.496151431279,72.12216756119037,69.69406723140109,67.23920306580945,64.76339420936353,62.27247243892846,59.772291948057386,57.268746464036596,54.767798887386704,52.27553198210495
45.29256405584991,47.35550109335726,49.36150098325345,51.32934488986818,53.27826417787033,55.22773640601926,57.197377337368934,59.20688228528712,61.27599347111419,63.40466197762325,65.51357478822698,67.503605189829,69.27563347932787,70.77232829015502,72.10349215428525,73.42071388867521,74.87558435031505,76.55356233794643,78.2755742115358,79.82200004742509,81.07557015526723,81.93687180427162,82.27556907374623,81.98393109707285,81.07557015526723,79.60961772177767,77.7059383830418,75.4995805458222,73.12559361740495,70.6974878472798,68.24261402873375,65.7667879938588,63.27583560118288,60.77560050288531,58.27195773388483,55.77083724701917,53.27826417787033
46.39249606060322,48.45675734838453,50.4635626912955,52.43190639938612,54.38114093438284,56.33081445652353,58.30058492796475,60.310173491986035,62.37933853942941,64.5080412398775,66.61697484447484,68.60701747320307,70.37905281039605,71.875751698888,73.20691817920181,74.52414182186567,75.97901381659264,77.65699303890665,79.37900576943301,80.92543213288079,82.17900254996951,83.0403043652282,83.37900169156558,83.0873636661978,82.17900254996951,80.71304974541619,78.80936969412987,76.60301052771493,74.22902117189491,71.80091108375453,69.34602960359804,66.87018993402066,64.3792132359055,61.87893479392011,59.375214804249694,56.87395706096663,54.38114093438284
47.393148373876315,49.458461953358004,51.46590705349073,53.434647638119046,55.3841324586419,57.33396577801798,59.30383907783498,61.31349401304284,63.382701812513176,65.51143165350625,67.62038176260486,69.61043409611841,71.38247502711036,72.87917715206302,74.2103457088505,75.52757086611629,76.98244407765765,78.6604242799412,80.38243769061953,81.92886447279099,83.18243513532903,84.04373708254388,84.38243445401328,84.09079638999674,83.18243513532903,81.71648203626208,79.81280141942369,77.60644119802456,75.23244991557004,72.80433640020752,70.3494488389918,67.87359834743418,65.38260235773225,62.88228951273993,60.37850822949886,57.87714153470631,55.3841324586419
48.39437313880255,50.460522701110605,52.468475872472226,54.43753157410508,56.38721509290468,58.33717526238988,60.30713018491589,62.316837802145756,64.38607953520366,66.51483091816402,68.62379412708145,70.61385416335676,72.3858995341754,73.88260422791865,75.21377443280903,76.53100079221772,77.98587496954673,79.66385594963344,81.38586990014915,82.93229701466197,84.18586787201333,85.04716992396189,85.3858673312526,85.0942292365605,84.18586787201333,82.71991453919065,80.81623347347306,78.60987241473168,76.23587960310408,73.80776336754647,71.35287097976885,68.87701189873064,66.38600059706766,63.88566044569819,61.381830511522736,58.8803773349174,56.38721509290468
49.39605272741565,51.46286630069149,53.47122291481095,55.44052879801768,57.39037005306112,59.340430915490714,61.310450626901186,63.32020005988076,65.38946872685216,67.51823720799983,69.62721081436848,71.61727696437305,73.3893258591005,74.88603259170054,76.21720410469396,77.53443141824567,78.98930636212177,80.6672879595518,82.38930233853695,83.9357297168294,85.18930072880423,86.05060286387999,86.3893002996021,86.09766218056282,85.18930072880423,83.72334721044948,81.81966578845606,79.61330406511523,77.23931003978072,74.81119164519836,72.35629542656218,69.88042952800512,67.38940607309297,64.88904424820134,62.385175698370745,59.88365387673119,57.39037005306112
50.39809360538334,52.465434514113156,54.474111458433384,56.443615956918705,58.39358242577515,60.343723215774475,62.31379435324209,64.32357697666492,66.39286702160614,68.52164907379348,70.63063093269903,72.62070193520091,74.39275362686678,75.88946197771253,77.22063452894989,78.53786259980637,79.9927381520919,81.67072023950797,83.39273495856969,84.93916254622422,86.19273368092382,87.05403588197774,87.39273334026586,87.10109520190215,86.19273368092382,84.7267800153121,82.82309831054232,80.61673605970826,78.24274107105302,75.81462096284879,73.3597217036494,70.88385039399662,68.39281729295746,65.89243826550512,63.388539065537486,60.886962757542506,58.39358242577515
51.50042142529681,53.56818107564705,55.577112340255894,57.54677450879976,59.496840371565284,61.44704460486092,63.41715656116102,65.42696552865036,67.49627254161783,69.62506536527212,71.73405377426744,73.72412862821614,75.49618253981987,76.99289217507057,78.32406555036387,79.64129422229418,81.09617025747494,82.7741527337934,84.49616772277416,86.04259547659956,87.29616670870587,88.15746896212667,88.49616643832546,88.20452828462396,87.29616670870587,85.83021292621622,83.92653099700655,81.72016832750072,79.34617257425673,76.91805110594814,74.46314943344663,71.98727382898704,69.49623307175716,66.9958403904502,64.4919168629038,61.99029730732384,59.496840371565284
52.50297710870866,54.57106923754617,56.58020240296271,58.54998973259315,60.500134491690375,62.450389082951375,64.42053343840495,66.4303633156941,68.49968379639475,70.62848516944715,72.73747877728168,74.72755668813656,76.49961236171012,77.99632301639532,79.32749704574294,80.64472619474631,82.0996026132015,83.77758539819213,85.49960060140785,87.04602848712314,88.29959979654123,89.16090209152566,89.49959958194013,89.20796141606505,88.29959979654123,86.8336459212855,84.9299638139378,82.72360081213174,80.34960445203293,77.9214819042077,75.46657831626355,72.99069930300266,70.4996524690158,67.99924895052816,65.49530611382394,62.99365223151928,60.500134491690375
53.605713721587094,55.674069816326465,57.68336325992411,59.65324994149164,61.60345732526943,63.5537518875563,65.52392195900656,67.53376843273001,69.6030996029047,71.73190776166878,73.8409054958433,75.83098583297303,77.60304290502552,79.09975436883742,80.43092891730879,81.74815844496548,83.20303516762594,84.8810181976099,86.60303357086406,88.14946156126047,89.40303293204097,90.26433526001446,90.60303276171197,90.31139458617467,89.40303293204097,87.93707898315671,86.03339673442073,83.82703346886778,81.45303662710774,79.02491322246887,76.57000811423472,74.09412639539957,71.60307473826579,69.10266261823345,66.59870445562268,64.09702332748955,61.60345732526943
54.70859398497677,56.77715963846558,58.786580313467766,60.756545857976306,62.706802949907114,64.6571292384041,66.62731972114048,68.63717936766116,70.70651902215712,72.83533256677552,74.94433357604001,76.93441583890962,78.70647402093716,80.20318612695398,81.53436108745441,82.85159091564864,84.30646787975707,85.98445110419237,87.70646661240617,89.25289468588804,90.50646610537193,91.36776845952888,91.7064659701817,91.41482778697552,90.50646610537193,89.04051209804868,87.13682973709271,84.93046626220371,82.55646903814872,80.128344953456,77.6734386385655,75.1975547723103,72.70649928702863,70.20608033990246,67.70211001297436,65.20040725937878,62.706802949907114
55.811588293284004,57.88032030446115,59.88984197477025,61.859870117408335,63.81016666456034,65.76051813491405,67.73072481840518,69.74059492030705,71.8099413088637,73.93875912825729,76.04776273696979,78.03784652830288,79.8099055913192,81.30661820705478,82.63779349458311,83.95502356131419,85.40990071706008,87.08788409583163,88.80989971116293,90.35632785058979,91.60989930872957,92.47120168366833,92.80989920142902,92.51826101213602,91.60989930872957,90.14394525502325,88.24026280499824,86.033899163959,83.65990163647626,81.23177701202414,78.776869739409,76.30098416874264,73.80992564504939,71.30950127922799,68.8055212973884,66.3038013793784,63.81016666456034
56.91467313764923,58.98353720641808,60.99313904411082,62.96321687379756,64.91354473773482,66.86391619541212,68.83413573764369,70.84401413806592,72.91336587148191,75.04218708377928,77.15119275567966,79.1412777601567,80.91333752241493,82.41005054271483,83.74122608980545,85.05845634586348,86.51333365371212,88.19131715498042,89.91333285533099,91.45976104709843,92.71333253591939,93.57463492735269,93.9133324507549,93.6216942566308,92.71333253591939,91.24737844539882,89.34369592467962,87.13733215176688,84.76333438345333,82.3352093305937,79.88030129783144,77.40441437437138,74.9133534390838,72.41292477242395,69.90893712742157,67.40720358583458,64.91354473773482
58.30448772077841,60.4223145747777,62.505878334402794,64.57321943842672,66.64091919812397,68.72261991569076,70.82788401811979,72.96181540191185,75.12588352972742,77.30831458946244,79.4523480906739,81.4932082668379,83.37036652972418,85.06092045402283,86.65922079859746,88.27494636852694,89.99712612920703,91.85263424633169,93.68791519430079,95.3518788683789,96.85333502456217,98.16162119532959,98.80578742835962,98.30350204213273,96.85333502456217,94.79949743033293,92.37154158154758,89.74784215054012,87.07900418288321,84.47096090199061,81.91413987355594,79.38348169930109,76.86231278692188,74.3375926798904,71.79795605220181,69.23406432190436,66.64091919812397
56.05603020960788,58.124691402414,60.13417007983976,62.104171575249865,64.0544513269291,66.00479207780467,67.97499186493532,69.98485751618341,72.05420103818378,74.18301703789155,76.2920195400718,78.28210268076919,80.05416136876667,81.55087376752545,82.88204891584472,84.19927888103555,85.65415595520531,87.33213926827912,89.05415483801269,90.60058294936815,91.8541543910529,92.71545675714526,93.0541542718803,92.76251608517832,91.8541543910529,90.38820035709091,88.48451794498075,86.27815437466822,83.90415697634847,81.4760325816608,79.02112571672939,76.54524087159604,74.05418364129288,71.55376158210129,69.04978571016785,66.54807309872486,64.0544513269291
54.250265341780704,56.318509063285376,58.32773427658381,60.29757866483369,62.247759390076,64.19803693731745,66.16819606191456,68.17803547084392,70.24736209071611,72.37616736093722,74.48516333861184,76.47524264292565,78.24729911967421,79.74401023905745,81.0751845665485,82.39241393302024,83.84729052618678,85.5252734518821,87.2472887527544,88.79371669859023,90.04728804325,90.90859035718071,91.2472878540753,90.955649682651,90.04728804325,88.58133412570788,86.67765193715798,84.47128878387667,82.09729214714991,79.66916910723901,77.21426464616123,74.738384079034,72.24733447501679,69.74692601649215,67.24297437782744,64.74130484775641,62.247759390076
53.10935169604414,55.19991800035166,57.2422993503735,59.25583467072326,61.259259226283916,63.26994094820718,65.30318962338859,67.37188113136418,69.4867304324321,71.64153264871645,73.76760284224872,75.78254579587517,77.6065263193718,79.20066660710134,80.66964477004217,82.14570792008044,83.74714429175667,85.52470858602499,87.31119142883398,88.925281562406,90.32409115926092,91.45589027753792,91.98571021863845,91.56173737862315,90.32409115926092,88.51930496361038,86.32997434869824,83.90748586027371,81.38683984597655,78.87168353015205,76.36830172788638,73.86660784598135,71.3614305825528,68.84964572992669,66.32905063042463,63.798533278752274,61.259259226283916
51.741054373955784,53.80758523830613,55.81577009499233,57.78496947315665,59.734743579960565,61.68476157818691,63.65475370977495,65.66448534243537,67.73374254410766,69.86250374687518,71.9714729272504,73.9615364747618,75.73358386943215,77.2302897341322,78.56146069029282,79.87868759768531,81.33356221525801,83.0115435498977,84.73355774649218,86.27998501249908,87.53355595865389,88.39485805834413,88.73355548196356,88.44191737328836,87.53355595865389,86.06760251927632,84.16392124894219,81.9575598085077,79.58356629982336,77.15544882429381,74.70055423637666,72.22469123990155,69.73367295839194,67.23332035951913,64.72946824772654,62.22797564733624,59.734743579960565
51.09603919579837,53.171013250852795,55.189545019806246,57.17137548119261,59.136095169892414,61.102924865936046,63.09049957999545,65.11672665532303,67.19883240861701,69.33498077238721,71.44881562777749,73.44595471665458,75.23283671712372,76.75770363776448,78.12947100012858,79.49462271250559,80.9948112768805,82.70418766897534,84.44679035665489,86.01505000623877,87.31626484161833,88.2691789953362,88.67489870595527,88.33665005810074,87.31626484161833,85.74081445863932,83.74925730773239,81.479036894286,79.0629743721182,76.61036080742447,74.14196439298637,71.65893798444534,69.16398007403569,66.66041644964521,64.15185097992033,61.642212060917046,59.136095169892414
39.325515515652185,41.36940645030733,43.36377802786746,45.324389535295175,47.268740396892355,49.21529286783921,51.18305371773964,53.1913446403138,55.259673615178414,57.38784545847197,59.496456208910914,61.48630898490424,63.258234887785875,64.75487045844119,66.0859963142928,67.40319032479032,68.85803851321056,70.53599856285697,72.2579979864611,73.80441615771305,75.0579817726566,75.91928100622843,76.25797744956981,75.96634018035509,75.0579817726566,73.59203473017737,71.68836574373074,69.48202721765495,67.1080755553933,64.68003251814528,62.225270006426456,59.7496420470994,57.2590427231262,54.75943717318421,52.25691575944552,49.757787669698395,47.268740396892355
40.31509872533406,42.36419399278213,44.361751158628024,46.3243471144345,48.26995271129796,50.217307605950325,52.18558535723767,54.194210144856726,56.26275426878328,58.39106273510578,60.49975658234831,62.48965822513355,64.26161229637717,65.75826416526712,67.08940047809163,68.40660211612695,69.86145643249381,71.53942141736673,73.26142426630838,74.80784454631896,76.0614113973873,76.92271129551403,77.26140796614848,76.9697705022915,76.0614113973873,74.59546287168718,72.69179103703391,70.48544719793108,68.11148583302386,65.68342553645502,63.22863240200013,60.752949949532166,58.26225349626756,55.762474771612375,53.25964494312127,50.75996901184507,48.26995271129796
41.30750767735512,43.3607528814959,45.360845831412675,47.32501975538787,49.27162240888089,51.21961466659714,53.18830287943504,55.19719273634763,57.26590765666214,59.39432457349085,61.50308437946356,63.49302480958556,65.26500123871924,66.76166604378177,68.09281065642904,69.41001834850849,70.86487752866691,72.5428464306526,74.26485199829627,75.81127395203382,77.06484178421681,77.92614220980187,78.26483906083914,77.97320144249429,77.06484178421681,75.59889208128132,73.69521798599875,71.488869929925,69.11490086396503,66.68682686848499,64.23200942819008,61.756283722733855,59.26551017235971,56.76559398129294,54.26251930824276,51.76240837915715,49.27162240888089
42.302170986274305,44.35872220515738,46.36083247662012,48.32626067288372,50.273655430627464,52.22215386577197,54.191167986120405,56.20026827936067,58.269118781314745,60.39762178339194,62.50643394383826,64.49640516058501,66.26839933559495,67.76507440826524,69.09622560856042,70.4134381057778,71.86830114635353,73.54627315736685,75.26828088285193,76.81470416503007,78.06827277592538,78.92957362015483,79.26827061437807,78.97663287341604,78.06827277592538,76.6023221386162,74.69864624906708,72.49229484596955,70.11831966764355,67.69023479921758,65.235398067013,62.7596380305324,60.26880328465164,57.76877797536346,55.2655089340162,52.765052636194625,50.273655430627464
43.298630915198416,45.35781384941764,47.36152822033996,49.327953093458916,51.27597701145646,53.224877390314504,55.19415026175744,57.20341761036495,59.27237573642719,61.400947069467236,63.50980078557356,65.49979643837048,67.27180469854827,68.76848792072548,70.09964434968708,71.41686066077011,72.87172676537577,74.5497012440343,76.27171068220314,77.81813501876691,79.0717042477273,79.93300542423529,80.27170253210542,79.98006469382196,79.0717042477273,77.60575286880439,75.70207555514251,73.49572149550309,71.12174146576595,68.69364796740597,66.23879592298096,63.76300863725223,61.2721253182668,58.77201339482173,56.268590061174336,53.76785957420884,51.27597701145646
44.29652146934684,46.357798086569275,48.3627874953508,50.3300041635155,52.27852774063555,54.22774726246719,56.19722555403044,58.206625514699056,60.2756690701938,62.40429464074032,64.51318134078448,66.50319638892192,68.27521582866643,69.77190551917542,71.10306609816175,72.42028543632777,73.8751539728649,75.55313041009994,77.27514120762922,78.82156638106048,80.07513610057987,80.93643754081775,81.27513473888948,80.98349682336192,80.07513610057987,78.60918413303719,76.70550568905475,74.49914952091194,72.1251656405928,69.69706529260486,67.24220109472287,64.76639218081309,62.275470307943635,59.77528963440713,57.271743824967416,54.770795669949564,52.27852774063555
45.29555045186464,47.358491916289466,49.364494499442,51.33234007753241,53.28126041990713,55.23073332134223,57.200374685992784,59.209879913606756,61.2789912796037,63.40765990049444,65.51657278065628,67.50660322315949,69.27863153623379,70.77532636070126,72.10649023358299,73.42371197435638,74.87858244112462,76.55656043288616,78.27857230934211,79.82499814699617,81.07856825587277,81.93986990543328,82.27856717509812,81.98692919826186,81.07856825587277,79.61261582114193,77.7089364800225,75.50257863835654,73.1285917018193,70.70048591724984,68.2456120730747,65.76978599259,63.27883351860979,60.778598275324086,58.274955248017804,55.77383430203599,53.28126041990713
46.39548486441462,48.45974967043814,50.46655715273489,52.434902188161885,54.38413756028986,56.33381161693029,58.30358243232865,60.31317121836342,62.38233640881532,64.51103920005119,66.61997285985794,68.61001552104986,70.38205087695482,71.87874977627317,73.2099162635331,74.5271399112635,75.98201191006086,77.659991135653,79.38200386845458,80.92843023330302,82.18200065121282,83.0433024669129,83.38199979340126,83.09036176790423,82.18200065121282,80.7160478456743,78.81236779249613,76.60600862255214,74.23201926028725,71.80390916068237,69.3490276601839,66.87318795440565,64.38221119175795,61.88193263469131,59.378212439990435,56.87695433226557,54.38413756028986
47.3961390915227,49.461455466335266,51.46890226560126,53.437643904169136,55.387129389296945,57.33696313297645,59.30683670582138,61.316491817253294,63.38569973023435,65.5144296432876,67.62337979620665,69.61343215548689,71.38547310133066,72.88217523487626,74.21334379717689,75.53056895846404,76.98544217323604,78.66342237812145,80.38543579060564,81.93186257388882,83.18543323707854,84.04673518464372,84.38543255623296,84.0937944921138,83.18543323707854,81.71948013722962,79.81579951888969,77.60943929468954,75.23544800711971,72.80733448265777,70.35244690529657,67.87659638500602,65.38560034408377,62.885287407748805,60.38150596176678,57.88013897769069,55.387129389296945
48.397365377206384,50.4635171599996,52.47147168065881,54.44052821907631,56.3902122654825,58.34017277178209,60.310127911028786,62.31983566813524,64.38907749128967,66.5178289314454,68.62679217514358,70.61685223187011,72.38889761447669,73.88560231504019,75.21677252430638,76.5339988869068,77.9888730668,79.66685404895182,81.3888680009008,82.93529511629603,84.18886597416463,85.05016802639125,85.38886543377706,85.09722733900352,84.18886597416463,82.72291264072132,80.81923157381195,78.61287051284737,76.23887769715975,73.81076145437989,71.35586905378756,68.88000994994384,66.38899860762675,63.88865838375695,61.38482832040876,58.88337491418261,56.3902122654825
49.39904617394678,51.46586151077674,53.4742191962723,55.44352574380706,57.39336741768099,59.34342854746842,61.3134484309017,63.323197974906094,65.39246671338907,67.52123523993347,69.63020887390789,71.62027504014469,73.3923239442283,74.88903068224158,76.22020219870811,77.53742951479309,78.99230446070439,80.6702860597735,82.39230043989625,83.93872781888905,85.1922988312744,86.05360096657088,86.39229840236848,86.10066028326455,85.1922988312744,83.72634531242704,81.82266388948773,79.61630216438236,77.2423081358254,74.81418973551072,72.35929350670345,69.88342759004556,67.39240410286588,64.89204222042969,62.38817356807138,59.88665156417139,57.39336741768099
50.40108801150042,52.468430320691624,54.47710811563962,56.446613141510596,58.39657994283641,60.346720945055466,62.316792219064936,64.32657493061119,66.39586503231236,68.5246471205316,70.63362900134803,72.62370001673352,74.39575171582538,75.89246007096763,77.2236326249616,78.54086069782875,79.9957362517296,81.67371834044661,83.39573306041126,84.94216064862167,86.1957317836471,87.05703398487617,87.39573144322424,87.10409330480921,86.1957317836471,84.7297781176444,82.82609641212383,80.61973415988928,78.24573916867637,75.81761905592239,73.36271978865017,70.8868484646307,68.3958153379806,65.89543626485444,63.391536983508445,60.88996053084681,58.39657994283641
51.503416593475805,53.57117735583164,55.580109295758135,57.54977188295642,59.499838009630395,61.45004241137609,63.420154476054094,65.4299635134889,67.49927057150752,69.62806342376066,71.73705185014671,73.72712671432123,75.49918063181894,76.9958902704798,78.32706364796104,79.64429232148723,81.09916835795008,82.7771508353011,84.49916582499851,86.0455935792651,87.29916481163002,88.16046706518986,88.49916454143619,88.20752638769399,87.29916481163002,85.83321102883005,83.9295290990245,81.72316642840705,79.34917067313306,76.92104920121335,74.46614752230442,71.99027190644193,69.49923112888453,66.99883841132579,64.49491481918808,61.993295148782025,59.499838009630395
52.50597288201277,54.57406589373879,56.58319959526493,58.55298725722453,60.503132225803284,62.453386950770195,64.42353139224625,66.4333613250523,68.50268184151055,70.63148323726209,72.74047685889974,74.73055477787084,76.50261045612251,77.99932111351437,79.33049514459856,80.64772429486854,82.10260071434132,83.7805835001515,85.502598703936,87.04902659000149,88.30259789962484,89.1639001947196,89.50259768517184,89.21095951926443,88.30259789962484,86.83664402412279,84.93296191630215,82.72659891361384,80.35260255190379,77.92448000121239,75.46957640818266,72.99369738587124,70.50265053575032,68.0022469884894,65.49830410051821,62.99665012707344,60.503132225803284
53.60870997535338,55.677066771024045,57.68636064020123,59.65624758556562,61.60645513561987,63.55674980403363,65.52691994376177,67.53676646154979,69.6060976601056,71.73490583688607,73.84390358201622,75.83398392558779,77.60604100135332,79.10275246731348,80.43392701716316,81.7511565458252,83.2060332692933,84.88401629992774,86.60603167363335,88.15245966430768,89.40603103525112,90.2673333633122,90.60603086503967,90.31439268947672,89.40603103525112,87.94007708617136,86.03639483705999,83.83003157080681,81.45603472776791,79.02791132085419,76.57300620858362,74.09712448256502,71.60607281262558,69.10566066975574,66.6017024664538,64.10002126598111,61.60645513561987
54.71159062019589,56.78015683012903,58.78957784295744,60.75954359685878,62.70980082077011,64.66012719350283,66.63031773043255,68.64017741192777,70.70951708895004,72.83833064786813,74.94733166582812,76.93741393381063,78.70947211878523,80.20618422650712,81.53735918810153,82.85458901709369,84.30946598184315,85.98744920679478,87.70946471536688,89.25589278906935,90.50946420868254,91.37076656290898,91.7094640735856,91.41782589035905,90.50946420868254,89.04351020120413,87.13982783995021,84.9334643645054,82.55946713943541,80.13134305293711,77.6764367348429,75.20055286288621,72.70949736744063,70.2090784021882,67.7051080429632,65.20340523195065,62.70980082077011
55.81458523133155,57.88331768423123,59.89283962270059,61.86286793154457,63.813164583453926,65.76351612066733,67.73372284717246,69.74359297683392,71.81293938326985,73.94175721401317,76.05076082962728,78.0408446250185,79.8129036903739,81.30961630746282,82.64079159585944,83.95802166322386,85.4128988194785,87.09088219865983,88.81289781427553,90.35932595387747,91.61289741211989,92.4741997871138,92.81289730489337,92.52125911558424,91.61289741211989,90.14694335829043,88.24326090802893,86.03689726654858,83.66289973826022,81.23477511237502,78.77986783721707,76.30398226202544,73.81292373026508,71.31249935005677,68.80851934258291,66.30679937900041,63.813164583453926
56.91767031609544,58.98653473550527,60.99613678605425,62.966214747665475,64.9165426947514,66.86691420549637,68.83713378186866,70.84701220432387,72.91636395193069,75.04518517323639,77.15419085061461,79.1442758583126,80.91633562242735,82.41304864380137,83.7442241915812,85.06145444814186,86.51633175639431,88.19431525798784,89.91633095856413,91.46275915047053,92.71633063937298,93.57763303085007,93.91633055426725,93.62469236013033,92.71633063937298,91.25037654875467,89.34669402784778,87.14033025458492,84.76633248563192,82.33820743163488,79.8832993968544,77.40741246980261,74.91635152811216,72.41592285003338,69.91193518468492,67.41020160692662,64.9165426947514
58.303758276553836,60.421619141586845,62.505233877885644,64.57264085902874,66.64041825042014,68.72220341770162,70.82755175447183,72.96155824954043,75.12568230055776,77.3081444756757,79.45219810097294,81.49308716544897,83.37030416462645,85.06096276166164,86.65939990318157,88.27526869928049,89.99756862219327,91.85315255062991,93.68848027302852,95.35249121187758,96.85404295230917,98.16248827252576,98.80675421640763,98.30440082503867,96.85404295230917,94.79996946914284,92.37177454343454,89.74786304622214,87.0788624804163,84.47071441424538,81.91383207673977,79.3831403557327,76.86195282545526,74.33721760856783,71.79755865605497,69.23362755950826,66.64041825042014
56.05481170622939,58.12347269947611,60.132951255750456,62.102952676069606,64.05323238041954,66.00357310108778,67.97377286878454,69.9836385074907,72.0529820214131,74.18179801599302,76.29080051505508,78.28088365391895,80.05294234085963,81.54965473900695,82.88082988693392,84.19805985183868,85.6529369257785,87.33092023866718,89.05293580827225,90.59936391954861,91.85293536118698,92.71423772725441,93.05293524198092,92.76129705528625,91.85293536118698,90.38698132728061,88.48329891527729,86.27693534516412,83.90293794720831,81.47481355316815,79.01990668938558,76.54402184629677,74.0529646196384,71.55254256694688,69.04856670659515,66.54685411574202,64.05323238041954
54.2490471475308,56.31729055238492,58.32651557341684,60.29635984248662,62.24654049260616,64.1968179918996,66.16697708564858,68.17681647466941,70.24614308171886,72.37494834380009,74.48394431652488,76.47402361792817,78.2460800929992,79.74279121141183,81.07396553828019,82.39119490429769,83.84607149709929,85.52405442250075,87.24606972316907,88.79249766887932,90.0460690134655,90.90737132735666,91.24606882423765,90.95443065282497,90.0460690134655,88.58011509601171,86.67643290763141,84.4700697546665,82.0960731185175,79.66795007963441,77.2130456203803,74.73716505649858,72.24611545826707,69.74570701006056,67.24175538978031,64.74008589239247,62.24654049260616
53.10834614555253,55.19892871813853,57.241334838944454,59.25490287864261,61.25836705477775,63.269093241180315,65.3023877528745,67.37112144571137,69.48600299399408,71.64082347284977,73.76690560250279,75.78186586458216,77.60588222690893,79.20008862097558,80.66915778859385,82.14532230935298,83.74684898405731,85.52447291856251,87.31099364829066,88.92512294580163,90.32401457558748,91.45595934764208,91.98587686477511,91.5618369211447,90.32401457558748,88.51903264531163,86.32952472376624,83.90689411096041,81.38614755042417,78.8709299378656,76.36751345986502,73.86580096099037,71.36061347187703,68.84882037542866,66.32821318504935,63.797674768895035,61.25836705477775
51.739837447728775,53.80636751551583,55.81455188823132,57.78375096628065,59.73352488386726,61.683542761304864,63.653534815174,65.6632663976735,67.73252356703674,69.86128474929384,71.97025391719662,73.96031745737416,75.7323648478174,77.22907071007168,78.56024166466315,79.8774685709111,81.33234318756428,83.01032452146339,84.73233871754391,86.2787659832344,87.53233692920372,88.39363902879421,88.73233645237957,88.44069834373357,87.53233692920372,86.0663834900487,84.16270222014197,81.95634078050469,79.58234727327627,77.1542298003366,74.69933521701483,72.22347222871778,69.7324539617868,67.23210138891284,64.72824932344238,62.22675680539666,59.73352488386726
51.094876490030074,53.169855055393526,55.18839375461637,57.17023348798345,59.13496458790631,61.10180733613761,63.08939578547462,65.11563576109019,67.19775154802069,69.33390566181357,71.44774430215944,73.44488891767111,75.23178250720431,76.75667133460988,78.12847003361742,79.49365836611258,80.99388118608003,82.70328110247488,84.44589912489317,86.01417495702094,87.31542482680028,88.26840527578092,88.6741726085374,88.33589091992165,87.31542482680028,85.73989334834577,83.74826961928423,81.47799997230254,79.06190462057354,76.60927179755659,74.14086473063934,71.65783267315945,69.16287168055136,66.65930558186228,64.15073650007282,61.64109133572353,59.13496458790631
39.32783227857327,41.37173684267128,43.36611677089658,45.326733483423965,47.27108763734749,49.21764221428826,51.18540442102312,53.19369622005816,55.26202575976663,57.3901979617594,59.49880893037172,61.48866183466836,63.26058781150874,64.75722342495685,66.08834930826447,67.40554333878902,68.86039154329896,70.53835160590346,72.26035103850128,73.80676921529005,75.0603348334792,75.92163406879592,76.2603305127341,75.96869324300829,75.0603348334792,73.59438778710557,71.69071879318061,69.48438025315475,67.11042856541758,64.68238548285316,62.227622890731155,59.751994788328034,57.26139520933867,54.76178920473484,52.25926698131289,49.76013745345524,47.27108763734749
40.31742288647045,42.36652902777905,44.364092843109106,46.32669293871281,48.27230115212646,50.21965771970832,52.18793654849121,54.19656203199308,56.26510660433151,58.39341535539103,60.50210937581181,62.492011120436544,64.26396525038314,65.76061715323851,67.09175348785521,68.40895514178618,69.86380947092357,71.54177446608136,73.26377732216133,74.8101976065665,76.0637644602109,76.92506435972257,77.26376103083068,76.97212356656806,76.0637644602109,74.5978159314198,72.69414409083092,70.4878002406559,68.11383885552857,65.68577852299154,63.23098532471896,60.75530275868634,58.26460610299904,55.76482701742715,53.26199654612731,50.762319472907926,48.27230115212646
41.309837744178395,43.3630916145415,45.3631898557978,47.327367070906334,49.273971803320634,51.221965389725526,53.1906544581349,55.199544867518384,57.268260143797505,59.39667728664563,61.505437230078755,63.49537774103405,65.26735421676149,66.76401904878287,68.0951636787268,69.41237138342277,70.86723057371722,72.54519948386607,74.26720505717543,75.813627014401,77.06719484862862,77.92849527531288,78.26719212672612,77.9755545080593,77.06719484862862,75.6012451432398,73.69757104324614,71.49122297838433,69.11725389637554,66.68917987234721,64.23436238139914,61.75863658580336,59.26786287475599,56.767946397197065,54.2648712138467,51.76475937807615,49.273971803320634
42.30450576185147,44.36106388169457,46.36317836151966,48.32860917335056,50.2760055825004,52.22450507278292,54.19351987242753,56.2026206042577,58.27147138877882,60.399974570262515,62.50878683981678,64.49875812072294,66.27075233271513,67.76742742678296,69.09857864080669,70.41579114803784,71.87065419665859,73.54862621415107,75.27063394413304,76.81705722907961,78.07062584159773,78.93192668669963,79.27062368122125,78.97898594000368,78.07062584159773,76.60467520234135,74.70099930905303,72.4946478989804,70.12067270791636,67.69258781683138,65.23775104442271,62.761990936396245,60.271156062982655,57.77113052628512,55.267861079847705,52.76740406218556,50.2760055825004
43.30096944168501,45.360157867485086,47.36387558403446,49.330302535271855,51.27832776485228,53.227228981525144,55.196502392269906,57.20577008904536,59.27472843940497,61.403299914849384,63.51215371755822,65.50214942127977,67.27415771081085,68.7708409499715,70.10199738982953,71.41921370886055,72.87407981985157,74.55205430365262,76.27406374539063,77.82048808415172,79.07405731440014,79.93535849160062,80.27405559970757,79.98241776122128,79.07405731440014,77.60810593393174,75.70442861730206,73.49807455212647,71.1240945122791,68.69600099593454,66.24114891959911,63.76536157708311,61.27447815687074,58.77436605291791,56.27094239770955,53.770211339277495,51.27832776485228
44.298862981522134,46.3601439664465,48.36513603409344,50.33235435301266,52.28087897167963,54.23009915870671,56.19957787840491,58.20897811545174,60.27802184898637,62.40664753256519,64.51553430134801,66.50554938990516,68.27756885294772,69.77425855693654,71.10541914457144,72.42263848904585,73.87750703065103,75.5554834719677,77.27749427232986,78.82391944750512,80.07748916804684,80.9387906088343,81.27748780709402,80.98584989140548,80.07748916804684,78.61153719927748,76.70785875293947,74.50150258040264,72.12751869205896,69.69941832979656,67.24455410658699,64.7687451476043,62.27782319438843,59.77764237757472,57.27409631288623,54.77314770421397,52.28087897167963
45.29789433921505,47.36083927599273,49.36684397165871,51.33469086080577,53.28361203019904,55.233085459739655,57.20272716425836,59.212232611257235,61.281344118574,63.410012829182236,65.51892576390334,67.5089562384882,69.28098457005436,70.77767940522091,72.10884328496702,73.42606503074737,74.88093550153818,76.55891349653929,78.2809253752437,79.82735121428198,81.08092132396999,81.94222297396675,82.28092024378077,81.98928226681673,81.08092132396999,79.61496888826557,77.71128954527651,75.504931700123,73.13094475721667,70.70283896131747,68.2479650970397,65.7721389807801,63.28118644302728,60.78095108601728,58.27730785610376,55.776186550005065,53.28361203019904
46.39783064037558,48.46209820600975,50.46890736637886,52.43725344292936,54.38648947167809,56.3361639475641,58.30593503275203,60.31552399292745,62.38468929555091,64.51339215799791,66.62232586110926,68.61236854776473,70.3844039183468,71.88110282615708,73.21226931886527,74.52949297056972,75.9843649725598,77.6623442007232,79.38435693530937,80.93078330125647,82.1843537198103,83.04565553585662,83.3843528624634,83.09271483686493,82.1843537198103,80.71840091349904,78.81472085883695,76.60836168612485,74.23437231880482,71.8062622102075,69.35138069375347,66.87554095958033,64.38456414631526,61.88428549898238,59.38056514346184,56.87930674987982,54.38648947167809
47.39848636864273,49.463804936033135,51.4712530680496,53.43999553329638,55.38948153972038,57.33931561621071,59.309189403210496,61.31884465286724,63.38805265488266,65.5167826244577,67.62573281174818,69.61578519123907,71.38782614873215,72.88452828901777,74.21569685564273,75.5329220200841,76.98779523739017,78.66577544431638,80.387788858217,81.9342156423722,83.18778630607306,84.04908825391308,84.38778562559628,84.09614756139663,83.18778630607306,81.72183320561084,79.8181525860931,77.6117923596959,75.23780106811381,72.80968753651456,70.35479994648932,67.87894940366154,65.38795332256362,62.88764031458227,60.38385874095118,57.882491529969826,55.38948153972038
48.39971384716547,50.46586737164307,52.473822950651524,54.44288014541797,56.3925646056629,58.342525376149524,60.31248068538535,62.32218855220677,64.39143044603018,66.52018193104823,68.62914520202736,70.6192052747952,72.3912506666479,73.887955372561,75.2191255852594,76.53635195036333,77.99122613226783,79.66920711603944,81.39122106911267,82.93764818519998,84.19121904347429,85.05252109591902,85.39121850337942,85.09958040854201,84.19121904347429,82.72526570954417,80.82158464169999,78.61522357899163,76.24123076011946,73.8131145116747,71.35822210103088,68.88236297929922,66.39135160509429,63.89101132435742,61.38718115969006,58.88572757335629,56.3925646056629
49.40139559152621,51.468212311636506,53.47657083748766,55.44587790610143,57.39571990849339,59.345781247988185,61.315801266350974,63.32555089743988,65.39481969201431,67.52358825416655,69.6325619097941,71.62262808876298,73.39467700018525,74.89138374244453,76.22255526163522,77.53978257970724,78.9946575272149,80.67263912756965,82.3946535085847,83.94108088812683,85.1946519008342,86.05595403630377,86.3946514721606,86.10301335300593,85.1946519008342,83.72869838160045,81.82501695791919,79.61865523142977,77.2446612003452,74.8165427955343,72.36164655874913,69.88578062789351,67.39475711540416,64.89439518783176,62.390526455053816,59.889004308194274,57.39571990849339
50.40343818175116,52.47078158942301,54.479460051578044,56.448965491114464,58.39893255321924,60.349073721897014,62.319145103005766,64.32892788367334,66.3982180298953,68.52700014637685,70.63598204437953,72.62605306987052,74.39810477478713,75.89481313329941,77.22598568945556,78.54321376389983,79.9980893190677,81.67607140880514,83.398086129478,84.94451371812443,86.19808485340542,87.05938705477192,87.39808451316694,87.10644637471168,86.19808485340542,84.73213118709606,82.82844948098659,80.62208722765351,78.24809223443447,75.81997211811182,73.36507284450752,70.88920150921923,68.39816836248067,65.89778925352938,63.39388990835269,60.8923133422189,58.39893255321924
51.50576736146553,53.57352899604554,55.58246146567099,57.55212438124917,59.502190714924964,61.45239524879777,63.422507398484115,65.43231649078203,67.5016235841374,69.6304164588226,71.73940489884949,73.72947977104474,75.50153369316558,76.99824333450127,78.3294167136986,79.64664538847656,81.10152142594504,82.77950390410597,84.50151889436549,86.04794664897813,87.30151788154593,88.16282013521479,88.50151761149843,88.20987945772428,87.30151788154593,85.83556409850254,83.9318821682296,81.72551949674023,79.35152373987395,76.92340226512178,74.4685005811871,71.99262495638051,69.50158416287877,67.0011914168853,64.49726777408411,61.995648013611955,59.502190714924964
52.508324124644716,54.57641782888216,56.58555195091655,58.55533987354512,60.505485006434824,62.45573983627659,64.42588434522607,66.43571432157792,68.50503486608334,70.63383627963933,72.74282991210377,74.73290783744096,76.50496351936201,78.0016741788769,79.33284821132317,80.65007736258667,82.10495378285762,83.7829365693106,85.50495177354128,87.05137965988142,88.30495096966578,89.16625326484711,89.50495075532896,89.2133125893962,88.30495096966578,86.83899709397055,84.93531498577893,82.72895198239858,80.35495561942471,77.92683306648522,75.47192946946653,72.99605044005617,70.50500357728015,68.00460000745036,65.5006570792669,62.999003034334606,60.505485006434824
53.611061594845566,55.67941894030574,57.68871314329469,59.65860029557341,61.608807976049846,63.55910272770629,65.52927292098956,67.53911947334045,69.60845069415755,71.73725888506956,73.84625663879294,75.83633698741733,77.60839406609522,79.10510553374041,80.43628008467121,81.75350961412178,83.2083863382234,84.88636936936805,86.60838474342776,88.15481273432013,89.40838410539132,90.26968643352112,90.60838393527207,90.316745759689,89.40838410539132,87.94243015615825,86.03874790675243,83.83238463994998,81.45838779590802,79.03026438720994,76.57535927177332,74.09947754012026,71.60842586013645,69.10801369935353,66.60405546413473,64.10237420692108,61.608807976049846
54.71394253888826,56.78250918527962,58.79193046308873,60.76189638123141,62.71215370866429,64.66248014746895,66.6326707269063,68.64253043583446,70.71187013052568,72.84068370066004,74.94968472544048,76.93976699743342,78.71182518471957,80.20853729377889,81.53971225623138,82.8569420858494,84.31181905110168,85.98980227645826,87.71181778531141,89.25824585918691,90.51181727890153,91.37311963318251,91.71181714387777,91.42017896063524,90.51181727890153,89.04586327130144,87.14218090981379,84.93581743393304,82.56182020806693,80.13369612015238,77.67878979954526,75.2029059231165,72.71185041969869,70.21143144022855,67.70746105567085,65.20575819962217,62.71215370866429
55.81693738755345,57.88567018692697,59.89519233573316,61.86522077494401,63.8155175090218,65.76586909867795,67.73607585892196,69.74594601035722,71.81529243081707,73.94411027046277,76.05311389149034,78.0431976900646,79.8152567572547,81.31196937540511,82.6431446644828,83.96037473234398,85.41525188899772,87.09323526850044,88.8152508843392,90.36167902407851,91.61525048240142,92.47655285743863,92.81525037523298,92.52361218591116,91.61525048240142,90.14929642847537,88.24561397802837,86.03925033620202,83.66525280728175,81.23712818027246,78.78222090312005,76.30633532437892,73.81527678629095,71.31485239479802,68.81087236721741,66.30915236788921,63.8155175090218
56.92002266087883,58.988887355320855,60.998489572827836,62.96856763791661,64.9188956502218,66.86926720259146,68.83948680574265,70.84936524547987,72.9187170042176,75.04753823258912,77.156543914264,79.1466289244884,80.91868869005935,82.4154017122759,83.74657726059624,85.0638075175512,86.51868482612042,88.19666832796906,89.91868402872241,91.46511222073782,92.71868370970415,93.57998610121558,93.91868362464452,93.62704543049753,92.71868370970415,91.25272961900917,89.34904709795505,87.14268332441756,84.76868555496303,82.34056050007379,79.88565246371027,77.40976553384127,74.91870458712859,72.41827590009316,69.91428821878587,67.41255461265587,64.9188956502218
58.30984269142445,60.42766980917348,62.51123396411782,64.5785755790193,66.64627594076082,68.72797731325863,70.83324206896106,72.96717403528379,75.13124259682212,77.31367389788069,79.45770755517067,81.4985679553881,83.3757266738289,85.06628140997697,86.66458281558803,88.2803094964564,90.00249018920718,91.85799889439582,93.69328020519659,95.3572442459139,96.85870114356914,98.16698854893632,98.81115555549485,98.30886964170146,96.85870114356914,94.80486171951713,92.37690401627998,89.75320294042,87.08436371165439,84.47631961807362,81.9194981141503,79.38883967972305,76.8676706229533,74.34295039873825,71.80331359791157,69.23942156231502,66.64627594076082
56.06137907384475,58.130041141994624,60.13952035083673,62.109522175624235,64.05980213490767,66.01014301828417,67.98034289065927,69.99020859692102,72.05955215435436,74.18836817655496,76.29737069241284,78.28745384115263,80.05951253378566,81.55622493522642,82.88740008526646,84.20463005171243,85.65950712689052,87.3374904407764,89.05950601107361,90.60593412277603,91.8595055646642,92.7208079308659,93.05950544563831,92.76786725890435,91.8595055646642,90.39355153045813,88.48986911787932,86.28350554669257,83.90950814677622,81.48138374924852,79.0264768792778,76.55059202517623,74.05953477888572,71.55911269118228,69.05513676844707,66.55342406668909,64.05980213490767
54.2556128500611,56.32385796051639,58.333084017169256,60.30292892818842,62.25310998294785,64.20338774050758,66.17354700041612,68.18338649667191,70.2527131727895,72.38151847871536,74.49051447810176,76.48059379518199,78.25265027928901,79.74936140292968,81.08053573315226,82.39776510161636,83.85264169638353,85.53062462336797,87.25263992513496,88.7990678715216,90.05263921650426,90.91394153060855,91.25263902756248,90.96100085608737,90.05263921650426,88.58668529857471,86.68300310928088,84.47663995461178,82.10264331535063,79.67452027093142,77.21961580185422,74.74373522049092,72.25268559109551,69.75227708731168,67.2483253680058,64.74665569457372,62.25310998294785
53.114704525609156,55.20527095606617,57.247652498169614,59.26118807223865,61.26461293503607,63.27529500176138,65.30854403238797,67.37723586749485,69.4920854186326,71.6468877765399,73.77295806263493,75.78790115048618,77.61188195191004,79.20602275229479,80.67500162099034,82.1510655571908,83.75250262921111,85.53006738602647,87.3165505226753,88.93064095999408,90.3294511930868,91.46125144106682,91.99107213899636,91.56709877850346,90.3294511930868,88.52466347936114,86.33533148935598,83.91284189873289,81.39219510470429,78.87703831353525,76.37365624236878,73.87196221609514,71.36678487336994,68.85499995681602,66.3344047635538,63.80388724853506,61.26461293503607
51.746396320196325,53.81293067858297,55.82111765815131,57.79031835273494,59.7400932895182,61.69011181757003,63.660104290062804,65.66983614274798,67.73909348614012,69.86785477887418,71.97682401395822,73.96688759363852,75.73893500685085,77.23564088227886,78.56681184532238,79.88403875773537,81.33891337934143,83.0168947172294,84.7389089160784,86.28533618347325,87.53890713044164,88.40020923056926,88.73890665433831,88.447268545535,87.53890713044164,86.07295369008784,84.16927241787909,81.96291097394764,79.58891745887706,77.16079997198726,74.70590536391308,72.23004233156587,69.73902398610883,67.2386712731952,64.73481895821615,62.233325996631194,59.7400932895182
51.10139080675458,53.17636489678212,55.19489671947318,57.17672725275504,59.14144702993835,61.108276827189954,63.0958516477544,65.1220788231127,67.20418465420917,69.3403330625661,71.45416794730563,73.45130707903733,75.23818916937057,76.76305625988171,78.13482386523923,79.49997586158146,81.00016469158838,82.70954126610152,84.45214407269432,86.02040384776618,87.32161895482248,88.27453362263769,88.68025370255512,88.34200479847694,87.32161895482248,85.74616794298609,83.75461027580549,81.48438948058765,79.06832670385202,76.61571298982581,74.14731649278677,71.66429004044309,69.16933210613367,66.66576846255717,64.1572029648239,61.647563997393505,59.14144702993835
39.32942331555157,41.373337235434775,43.367722895860354,45.32834318134802,47.272699595234435,49.21925561779831,51.18701875590807,53.19531115657384,55.263641084009095,57.39181353222435,59.50042465059775,61.49027764296585,63.262203670573825,64.75883931339624,66.08996521555054,67.40715925982228,68.8620074753767,70.53996754687603,72.26196698564738,73.80838516623682,75.06195078665385,75.92325002316832,76.26194646751614,75.97030919743955,75.06195078665385,73.59600373760699,71.69233473854865,69.48599618894704,67.11204448372266,64.68400137005165,62.229238722738344,59.75361052212334,57.26301076808281,54.7634044513847,52.26088167217041,49.76175115714749,47.272699595234435
40.31901900188062,42.36813260741695,44.365700987188035,46.32830392448898,48.27391393398906,50.22127164992401,52.1895512183344,54.19817717951241,56.26672205965497,58.39503100616696,60.50372514546274,62.49362695999332,64.26558113023549,65.76223305640578,67.09336940598135,68.41057107082361,69.86542540872705,71.54339041094474,73.26539327192467,74.81181355934643,76.06538041475912,76.9266803152214,77.26537698665467,76.97373952211362,76.06538041475912,74.59943188384625,72.695760039183,70.48941618140765,68.1154547824006,65.68739442517389,63.23260118309483,60.75691853910786,58.26622174447124,55.76644241115471,53.26361149861053,50.763933641524844,48.27391393398906
41.31143791347854,43.36469773265221,45.36479960606678,47.328979080319186,49.27558523977302,51.22357973823262,53.192269393933614,55.201160182550666,57.269875703175146,59.39829300117012,61.507053038960436,63.49699360540221,65.26897011311308,66.76563496363985,68.09677960545679,69.4139873188131,70.86884651606526,72.54681543181758,74.26882100901607,75.8152429686359,77.06881080426699,77.93011123170578,78.26880808337708,77.97717046448929,77.06881080426699,75.60286109719414,73.69918699396663,71.49283892307241,69.11886983004723,66.69079578642244,64.23597826070446,61.760252403234034,59.26947858189553,56.76956190767933,54.266486374042756,51.76637391589476,49.27558523977302
42.306109163414234,44.362672020320545,46.36478938890824,48.330221996150875,50.27761953887943,52.226119753442504,54.19513501937763,56.204236052269835,58.27308703075387,60.401590335387866,62.510402679837256,64.50037400478448,66.27236824216246,67.76904335091822,69.10019457436563,70.4174070884706,71.87227014261369,73.55024216455364,75.2722498976224,76.81867318446933,78.0722417981014,78.93354264380216,79.27223963852865,78.98060189713564,78.0722417981014,76.6062911575084,74.70261526165336,72.4962638467928,70.12228864698497,67.69420374034615,65.23936694034012,62.763606783202334,60.27277182224617,57.7727461294477,55.269476404943575,52.76901889316001,50.27761953887943
43.302575418006334,45.36176761341741,47.36548762651694,49.331916004242736,51.27994213413592,53.22884392591163,55.1981177068503,57.20738564261926,59.27634414694364,61.404915720138916,63.51376958229443,65.50376532097225,67.27577363065238,68.77245688147099,70.10361332880865,71.42082965329547,72.8756957686696,74.55367025600061,76.27567970018862,77.82210404045802,79.07567327159057,79.93697444926639,80.27567155753589,79.98403371891041,79.07567327159057,77.60972189006128,75.70604457139441,73.49969050241864,71.12571045563129,68.69761692694154,66.2427648287018,63.76697744720522,61.2760939575075,58.775981729648436,56.27255785371045,53.77182640300563,51.27994213413592
44.30047100732442,46.3617549903876,48.3667488831675,50.333968335218145,52.28249366883631,54.23171431247472,56.2011933260583,58.210593752819875,60.27963760856673,62.40826336973447,64.51715018570167,66.50716530200417,68.27918478103922,69.77587449428107,71.10703508785261,72.42425443665726,73.87912298174135,75.55709942585978,77.2791102281665,78.8255354045389,80.07910512578235,80.9404065669471,81.27910376533583,80.98746584953679,80.07910512578235,78.61315315617098,76.70947470821605,74.503118532663,72.12913463881105,69.70103426675018,67.24617002615499,64.77036103623286,62.27943902786464,59.77925811270097,57.27571187280165,54.77476295272663,52.28249366883631
45.29950399541876,47.36245131573548,49.36845746149973,51.33630525059833,53.285226987683544,55.23470077973255,57.204342717547505,59.21384831513913,61.28295991946226,63.41162869165538,65.52054166382771,67.51057216043444,69.28260050469397,70.77929534720468,72.11045923166273,73.42768098088004,74.88255145443203,76.56052945165692,78.28254133190472,79.82896717189318,81.08253728213816,81.94383893243435,82.2825362023508,81.99089822529906,81.08253728213816,79.61658484576543,77.71290550149301,75.50654765394552,73.13256070666725,70.70445490299102,68.24958102491411,65.77375488409751,63.282802302569166,60.78256686749522,58.27892349850569,55.77780194521142,53.285226987683544
46.3994415929851,48.46371105290713,50.47052136515948,52.438868156370546,54.388104635844684,56.33777939951412,58.307550669894155,60.31713974960522,62.386305129226756,64.51500804055534,66.62394177339232,68.61398447752677,70.38601985818369,71.88271877182302,73.21388526827113,74.53110892270348,75.98598092688513,77.66396015681353,79.38597289262472,80.93239925932596,82.18596967832187,83.04727149460584,83.38596882129391,83.09433079562584,82.18596967832187,80.72001687148015,78.81633681579947,76.60997764118727,74.23598827039723,71.80787815562724,69.35299662822075,66.87715687455649,64.38618002654606,61.88590131725158,59.38218085133937,56.880922261535986,54.388104635844684
47.400098351697636,49.46541842414513,51.472867471004456,53.441610503710024,55.391096867968315,57.34093117291053,59.310805106912966,61.32046045145157,63.38966851458298,65.51839852295635,67.62734873384046,69.61740112720457,71.38944209269408,72.88614423760629,74.21731280719962,75.53453797380612,76.98941119285165,78.66739140117875,80.38940481605167,81.93583160080543,83.1894022648572,84.05070421288582,84.38940158463353,84.09776352037863,83.1894022648572,81.72344916397392,79.81976854364774,77.61340831574242,75.23941702140615,72.81130348490763,70.35641588618941,67.88056532789136,65.38956921921562,62.889256162053925,60.385474500800484,57.88410713406421,55.391096867968315
48.40132664902428,50.46748136905052,52.47543767454383,54.44449531984904,56.39418006416602,58.34414101599897,60.3140964419207,62.323804384053915,64.39304632638675,66.52179784219967,68.63076113190533,70.62082121568444,72.39286661388394,73.88957132346917,75.22074153852358,76.537967905346,77.99284208863108,79.67082307351458,81.39283702735952,82.93926414392192,84.19283500247472,85.05413705506918,85.3928344625808,85.10119636769954,84.19283500247472,82.72688166821044,80.82320059972457,78.61683953581924,76.24284671476107,73.81473046242775,71.35983804488427,68.88397891087378,66.39296751478,63.89262719500782,61.38879696079178,58.88734325082649,56.39418006416602
49.40300904386245,51.46982671350092,53.478185816199,55.44749324249794,57.39733547039506,59.34739695383965,61.31741706482225,63.32716675568871,65.39643558876612,67.52520417536068,69.63417784585164,71.6242440335602,73.39629295001996,74.89299969519382,76.22417121625449,77.54139853569046,78.99627348429391,80.67425508553117,82.3962694671587,83.94269684707791,85.19626786000632,86.05756999559475,86.3962674314922,86.10462931230275,85.19626786000632,83.73031434050736,81.82663291631678,79.62027118887731,77.24627715605774,74.81815874816049,72.36326250589903,69.88739656529762,67.39637303543492,64.89601107687962,62.39214228889911,59.89062004390762,57.39733547039506
50.405052150745306,52.47239631244946,54.48107523259665,56.45058095608614,58.40054819719782,60.350689480138115,62.320760934763186,64.33054376287782,66.39983393966025,68.52861607554195,70.63759798534178,72.62766901776953,74.3997207266844,75.89642908751,77.22760164515034,78.54482972067717,79.99970527671479,81.67768736715267,83.39970208831167,84.94612967725737,86.19970081271383,87.06100301417463,87.3997004726019,87.10806233411904,86.19970081271383,84.73374714619395,82.83006543968025,80.62370318559311,78.24970819099697,75.82158807222467,73.36668879427384,70.8908174512503,68.39978429072238,65.89940515717959,63.39550576818749,60.89392912416285,58.40054819719782
51.5073817407669,53.57514397406945,55.584076807297066,57.553739948285596,59.50380642405398,61.454011048623,63.42412325666173,65.4339323866194,67.50323950423105,69.6320323943143,71.74102084370467,73.73109572140564,75.50314964669992,76.99985928987168,78.331032670247,79.64826134588422,81.10313738404302,82.78111986275988,84.50313485340527,86.04956260825544,87.30313384096247,88.16443609470622,88.50313357101544,88.21149541721938,87.30313384096247,85.83718005775202,83.93349812715824,81.72713545507038,79.35313969711112,76.92501822041464,74.47011653303008,71.99424090208399,69.50320009763759,67.00280733212561,64.49888365454743,61.99726383225105,59.50380642405398
52.5099388297557,54.57803300935501,56.587167420039606,58.556955521599576,60.50710076727749,62.45735566910868,64.42750022437401,66.43733023061708,68.50665079437496,70.63545222015253,72.74444586004878,74.73452378975591,76.50657947419572,78.00329013516786,79.33446416854913,80.65169332049462,82.10656974131346,83.78455252820771,85.50656773274463,87.05299561927332,88.3065669291682,89.16786922440893,89.5065667149111,89.21492854896094,88.3065669291682,86.84061305334035,84.93693094489404,82.73056794103869,80.35657157719737,77.92844902271466,75.4735454229578,72.9976663886745,70.50661951721165,68.00621593188986,65.50227297610344,63.00061888209986,60.50710076727749
53.61267655864543,55.68103428149857,57.69032871362647,59.66021600793769,61.61042377794003,63.56071858673691,65.53088881678205,67.54073539285804,69.61006662895598,71.7388748295683,73.84787258919036,75.83795294128313,77.61001002196019,79.10672149076206,80.43789604243493,81.7551255724268,83.2100022969633,84.88798532845817,86.61000070276096,88.15642869380295,89.41000006496185,90.2713023931388,90.60999989490591,90.31836171930902,89.41000006496185,87.94404611562354,86.04036386601558,83.83400059883613,81.46000375410563,79.03188034418271,76.5769752265728,74.10109349105211,71.61004180417349,69.10962963109449,66.60567137396693,64.10399007780451,61.61042377794003
54.71555770806863,56.78412465405874,58.79354611375898,60.76351214464209,62.7137695431354,64.66409602729395,66.63428663590986,68.64414636366887,70.71348607048859,72.84229964832213,74.95130067778439,76.9413829525302,78.71344114140308,80.21015325138045,81.54132821442192,82.85855804446956,84.31343501006702,85.99141823570156,87.71343374474765,89.25986181874192,90.51343323852618,91.37473559284457,91.71343310355263,91.42179492029913,90.51343323852618,89.04747923084251,87.14379686919446,84.93743339301446,82.56343616660183,80.13531207771516,77.68040575538309,75.20452187588455,72.71346636699434,70.21304737776474,67.70907697581787,65.20737408885498,62.7137695431354
55.818552719781636,57.88728575698576,59.896808050173775,61.86683657887254,63.81713336935337,65.76748499500783,67.73769177841126,69.74756194479272,71.81690837487908,73.94572622063565,76.05472984537917,78.04481364613841,79.81687271458789,81.31358533346696,82.64476062301212,83.96199069121428,85.41686784814198,87.09485122786533,88.81686684385726,90.36329498369079,91.61686644206897,92.47816881713588,92.81686633494041,92.52522814560989,91.61686644206897,90.15091238807659,88.2472299375023,86.04086629543842,83.6668687660844,81.23874413830353,78.783836859782,76.3079512786044,73.81689273617297,71.31646833693392,68.8124882955514,66.31076827168623,63.81713336935337
56.92163812254158,58.9905030057744,61.000105337886595,62.97018347400562,64.9205115310794,66.87088311202155,68.84110273355464,70.85098118515478,72.92033295153304,75.0491541847548,77.15815986937906,79.14824488133763,80.92030464790818,82.41701767070307,83.74819321939444,85.06542347662005,86.5203007854067,88.19828428743044,89.92029998830533,91.46672818039555,92.72029966940576,93.58160206094077,93.92029958437776,93.62866139022388,92.72029966940576,91.25434557865815,89.35066305750297,87.14429928377697,84.77030151397818,82.34217645847653,79.88726842102636,77.41138148922352,74.92032053906341,72.41989184587987,69.91590415361793,67.4141705280127,64.9205115310794
58.30779976642542,60.42566566480015,62.50928794512534,64.57670467525783,66.64449355495073,68.72629121922859,70.831652020846,72.96566963051289,75.12980195662804,77.31226873591503,79.4563253389698,81.49721867801675,83.37444436823618,85.06511845306407,86.6635758349559,88.2794658219056,90.00178352265405,91.85737866697866,93.69271330929789,95.35673124052293,96.85829712147344,98.16676598510924,98.81104667898923,98.30868322781737,96.85829712147344,94.80418874078076,92.37595844369363,89.75201556946149,87.08299094466916,84.47482737329904,81.9179359636199,79.38723927848982,76.86604899318637,74.34131154037348,71.80164928426274,69.2377123623031,66.64449355495073
56.05877902248916,58.12744066527429,60.13691961587983,62.106921280609626,64.05720113900983,66.00754195799881,67.97774178895021,69.98760746847861,72.05695100869366,74.18576701996409,76.29476952917545,78.28485267400711,80.05691136438755,81.55362376452503,82.88479891372889,84.20202887956493,85.65690595425303,87.33488926774429,89.0569048377676,90.60333294930143,91.85690439109072,92.7182067572393,93.05690427199355,92.76526608527513,91.85690439109072,90.39095035700328,88.48726794465219,86.28090437389031,83.90690697474977,81.47878257860215,79.02387571108024,76.5479908613367,74.05693362281508,71.55651154896671,69.0525356509181,66.55082299304779,64.05720113900983
54.25301345761943,56.32125789312762,58.33048353996064,60.3003281969452,62.250509091579005,64.20078674693664,66.17094594109192,68.18078539491228,70.25011204369798,72.37891733227349,74.48791332110926,76.47799263198576,78.25004911251702,79.74676023408884,81.07793456298407,82.39516393048,83.85004052446934,85.52802345082736,87.25003875215958,88.79646669827852,90.05003804310431,90.91134035712426,91.25003785404931,90.95839968259892,90.05003804310431,88.58408412536303,86.68040193643068,84.474038782436,82.10004214440639,79.67191910217795,77.21701463698798,74.74113406254259,72.25008444547944,69.74967596368887,67.24572428356977,64.74405467980259,62.250509091579005
53.11234677238639,55.20293175271965,57.24534153964572,59.25891442182896,61.26238446177908,63.27311722881777,65.30641852412472,67.37515846007256,69.49004478070617,71.64486796227021,73.77095185836257,75.78591468192857,77.60993634802458,79.20415252500075,80.67323515989128,82.1494146815539,83.75095471901903,85.52858747872583,87.31511381465893,88.929248907279,90.32815267532737,91.4601189988561,91.99005095323733,91.56600108106589,90.32815267532737,88.52314178212234,86.33360762315138,83.91095597822039,81.39019453797883,78.87496785400337,76.37154624421166,73.86983099012295,71.36464198765601,68.85284767115746,66.33223869137561,63.80169715774666,61.26238446177908
51.74379963057512,53.81033229106778,55.81851823904192,57.78771829392434,59.73749282738724,61.68751109797557,63.657503404809034,65.66723515057534,67.73649242510012,69.86525367411582,71.97422288261465,73.96428644666278,75.73633385086484,77.23303972107968,78.56421068077853,79.88143759075187,81.33631221039795,83.01429354670745,84.7363077444609,86.28273501118127,87.53630595775432,88.3976080576694,88.73630548136573,88.44466737262468,87.53630595775432,86.07035251787491,84.16667124657712,81.96030980434497,79.58631629237773,77.1581988110083,74.70330421272925,72.22744119781375,69.73642288343132,67.2360702259347,64.7322180096921,62.23072522362615,59.73749282738724
51.09885385694368,53.1738330898733,55.19237281483659,57.17421392053488,59.13894670941026,61.10579138946373,63.093381871718165,65.11962375666015,67.20174102862951,69.33789599345873,71.45173519399901,73.44888062748225,75.23577593225528,76.76066800195795,78.13247133889331,79.49766509123941,80.9978929810558,82.70729637903507,84.44991667097523,86.01819489808898,87.3194499528583,88.27244021321494,88.67821459370974,88.33992801530528,87.3194499528583,85.74390647243455,83.75227288974612,81.48199595604531,79.06589574538457,76.61326007202422,74.14485142847215,71.66181853491152,69.16685708611689,66.66329062121433,64.15472100481371,61.6450749161077,59.13894670941026
39.33233424005334,41.37626526814347,43.37066141055257,45.331288229586846,47.27564877605338,49.22220744208816,51.18997228331163,53.19826578411987,55.26659642055236,57.39476931900998,59.50338071123649,61.493233864651955,63.26515998509353,64.76179568162982,66.09292161824712,67.41011568765697,68.8649639234073,70.54292401117172,72.26492346123203,73.8113416487713,75.06490727326226,75.92620651196694,76.26490295706384,75.97326568634574,75.06490727326226,73.59896021932714,71.69529121088192,69.48895264377009,67.11500090656862,64.6869577360161,62.23219498778005,59.75656660757481,57.26596653343583,54.76635964604215,52.26383585050576,49.76470353035117,47.27564877605338
40.321939212934225,42.371066467694675,44.368643194053874,46.33125132770175,48.27686462153278,50.22422443734884,52.19250535824298,54.20113219289975,56.26967763589292,58.39798693980927,60.50668129647984,62.4965832388402,64.26853748276682,65.76518945157076,67.09632582850006,68.41352751329465,69.86838186722777,71.54634688235512,73.26834975229514,74.81477004523305,76.06833690387919,76.92963680607986,77.26833347810766,76.97669601305745,76.06833690387919,74.60238836908647,72.69871651697284,70.49237264529955,68.11841122091207,65.69035081853782,63.23555749635426,60.75987470982001,58.26917766110074,55.769397874758454,53.26656615535481,50.76688686489051,48.27686462153278
41.314365537558174,43.367636234812885,45.3677447500239,47.33192835535867,49.27853712430135,51.2265332905457,53.19522402016858,55.20411550225219,57.272831469686594,59.40124905138305,61.51000926171481,63.49994992961916,65.27192649581494,66.76859138018065,68.09973604370853,69.41694377290119,70.87180298287619,72.54977190887496,74.27177749318508,75.81819945718308,77.0717672953806,77.93306772419912,78.27176457634232,77.98012695705043,77.0717672953806,75.60581758522831,73.7021434760874,71.49579539416236,69.12182628099256,66.69375220153373,64.23893461223547,61.763208641621134,59.272434618604294,56.77251758478073,54.269441410610796,51.76932781438306,49.27853712430135
42.309042698061255,44.36561421721506,46.367736868213704,48.33317275855342,50.280572374146566,52.22907391312992,54.19809003172412,56.20719161513833,58.276042948302916,60.404546478129475,62.51335895953204,64.50333036501269,66.2753246488111,67.77199978442522,69.10315102510481,70.42036355177916,71.87522661602043,73.55319864609305,75.27520638480632,76.82162967512821,78.07519829079725,78.9364991375931,79.27519613269412,78.98355839098039,78.07519829079725,76.6092476477601,74.7055717472116,72.49922032359581,70.12524510779912,67.69716017271854,65.24232332224801,62.766563075305285,60.275727954268845,57.77570197602424,55.27243174304742,52.771973327713255,50.280572374146566
43.305513660889375,45.364712749444465,47.36843696202763,49.33486794823445,51.28289572444102,53.231798567850234,55.20107302572555,57.21034139851797,59.27930018438231,61.40787193632471,63.51672590718441,65.50672170978325,67.2787300563079,68.77541332844424,70.10656978945919,71.42378612392238,72.87865224731148,74.5566267410974,76.27863618976549,77.82506053279297,79.07862976554227,79.93993094408725,80.27862805265406,79.98699021377398,79.07862976554227,77.61267838207306,75.70900105968096,73.50264698375614,71.12866692427838,68.70057337301421,66.24572123472026,63.76993378194386,61.279050165185254,58.778937710751336,56.27551343118725,53.77478126317244,51.28289572444102
44.30341299790857,46.364702463388994,48.36969969361432,50.33692121771162,52.28544785869033,54.23466933728844,56.20414888827085,58.21354966194471,60.28259374116875,62.411219644215564,64.52010654646406,66.51012171350173,68.28214122178066,69.77883095194255,71.10999155636982,72.4272109130928,73.88207946453838,75.56005591378008,77.28206671964264,78.82849189820416,80.0820616207308,80.94336306258542,81.28206026121012,80.99042234520903,80.0820616207308,78.61610964957973,76.71243119866807,74.50607501759954,72.13209111367516,69.70399072369689,67.2491264513103,64.77331740481233,62.282395295592636,59.78221420058621,57.278667640296476,54.777718150790434,52.28544785869033
45.302448967367496,47.365400646236324,49.37140944365461,51.33925887840603,53.28818165357316,55.23765610850508,57.207298472925515,59.216804345890935,61.28591612759985,63.414585012407116,65.5234980530627,67.51352858993856,69.28555695740923,70.78225181334946,72.11341570642377,73.43063746192587,74.88550794052699,76.56348594181824,78.28549782488834,79.83192366661427,81.08549377787773,81.94679542872149,82.28549269882521,81.99385472161309,81.08549377787773,79.61954134028292,77.71586199366376,75.50950414173863,73.13551718646585,70.7074113685685,68.25253746525857,65.77671127953703,63.28575861796078,60.78552304013917,58.281879416835324,55.78075741151926,53.28818165357316
46.40238893554919,48.46666185937362,50.47347427796227,52.44182237600242,54.39105967967322,56.34073496958342,58.31050657860568,60.32009587689954,62.38926139731973,64.51796439803313,66.62689818522641,68.61694092132291,70.38897632040263,71.88567524470108,73.2168417479879,74.53406540740852,75.98893741559769,77.66691664875356,79.38892938680479,80.9353557548851,82.18892617468936,83.05022799140794,83.38892531824465,83.09728729244927,82.18892617468936,80.72297336687768,78.8192933093344,76.61293413124764,74.23894475411234,71.81083462805498,69.3559530806209,66.88011329131518,64.38913637976941,61.88885755717203,59.38513688939763,56.88387794078393,54.39105967967322
47.403047578538846,49.468370403138344,51.47582112288078,53.444565193241914,55.39405221183601,57.34388693452527,59.31376113733671,61.323416655376235,63.39262483026431,65.52135490958429,67.63030516361171,69.62035758234435,71.39239856245618,72.88910071582856,74.2202692908498,75.53749446141549,76.9923676836418,78.67034789453056,80.39236131118139,81.93878809702969,83.19235876172306,84.05366071009664,84.39235808196233,84.10072001760642,83.19235876172306,81.72640566006993,79.82272503826539,77.61636480760234,75.24237350822983,72.8142599627725,70.35937234815827,67.88352176157133,65.39252560246673,62.89221245537392,60.38843063389433,57.88706298234467,55.39405221183601
48.40427737313311,50.470434279342285,52.478391913286586,54.44745038244723,56.39713564621832,58.347096929661106,60.31705256895462,62.326760648802946,64.39600267984005,66.52475425196451,68.63371757591347,70.62377767982775,72.39582308963304,73.89252780593313,75.2236980252957,76.54092439526053,77.9957985810702,79.67377956798691,81.39579352324297,82.94222064067412,84.19579149973616,85.05709355260439,85.39579096020965,85.10415286524818,84.19579149973616,82.72983816486084,80.82615709520161,78.61979602910745,76.24580320405201,73.81768694460806,71.36279451444787,68.88693535798427,66.39592392186462,63.89558353071246,61.39175316931977,58.89029923328191,56.39713564621832
49.405960957436,51.47278036338325,53.48114052090402,55.45044860126612,57.40029124152193,59.35035298819301,61.32037326854024,63.330123068715864,65.39939197219975,67.52816060348954,69.63713430115968,71.62720050484967,73.39924943052098,74.89595618102445,76.2271277055045,77.54435502743462,78.99922997804183,80.67721158089282,82.39922596364039,83.94565334424914,85.19922435758173,86.06052649338747,86.39922392935921,86.10758581010612,85.19922435758173,83.73327083759779,81.82958941247588,79.62322768329915,77.24923364730694,74.82111523376595,72.36621898149056,69.89035302306806,67.39932946143647,64.89896744622581,62.395098557301935,59.89357613286643,57.40029124152193
50.40800500908045,52.475350549608976,54.4840303072408,56.453536549966856,58.403504118410524,60.353645610291196,62.32371719934815,64.33350011422448,66.40279034688973,68.53157251824652,70.64055444961866,72.63062549473092,74.40267721095702,75.89938557601275,77.23055813636705,78.54778621387351,80.00266177150152,81.68064386322023,83.40265858526817,84.94908617476116,86.20265731053841,87.06395951217168,87.40265697065796,87.11101883212457,86.20265731053841,84.7367036436336,82.83302193638073,80.62665968091471,78.25266468380045,75.82454456054873,73.36964527464983,70.89377391748157,68.40274073173848,65.90236155322768,63.39846208411477,60.896885297658955,58.403504118410524
51.51033534939043,53.57809867751743,55.587032175628025,57.5566957288019,59.50676246440072,61.45696725481676,63.42707956955867,65.43688876838094,67.50619593034757,69.63498884858768,71.74397731510015,73.73405220286885,75.50610613396609,77.0028157804953,78.33398916302474,79.65121784023313,81.10609387965424,82.7840763593877,84.50609135073864,86.0525191060232,87.30609033898487,88.16739259286548,88.50609006922154,88.21445191538537,87.30609033898487,85.84013655546889,83.93645462428842,81.73009195110615,79.35609619114823,76.92797471089645,74.47307301720346,71.99719737503068,69.50615655057084,67.00576374936735,64.50184000819594,62.00022007284787,59.50676246440072
52.512893034154956,54.5809880830012,56.5901230215115,58.5599114502654,60.51005690218781,62.460311935658765,64.4304565756173,66.4402866365194,68.50960723548229,70.63840868360816,72.7474023370943,74.7374802747922,76.50953596383785,78.00624662747482,79.33742066256578,80.65464981575832,82.10952623757908,83.78750902528019,85.50952423037712,87.05595211725057,88.30952342734756,89.17082572269695,89.50952321323626,89.21788504725427,88.30952342734756,86.84356955127723,84.93988744236529,82.73352443764128,80.3595280722136,77.93140551490902,75.47650191014515,73.00062286695122,70.50957597960361,68.00917236595319,65.50522935969201,63.003575175956726,60.51005690218781
53.61563123608332,55.68398964903729,57.69328450016867,59.663172054200444,61.61337998790982,63.56367490119359,65.53384519846158,67.54369181792117,69.61302308196169,71.74183130031197,73.85082907072035,75.84090942915545,77.61296651348815,79.10967798440508,80.44085253743492,81.75808206841663,83.21295879374831,84.89094182588359,86.61295720063086,88.15938519194648,89.41295656326582,90.27425889152897,90.61295639332559,90.32131821770346,89.41295656326582,87.94700261373504,86.0433203637575,83.83695709588861,81.46296024989901,79.03483683773638,76.57993171615243,74.10404997355928,71.61299827407292,69.11258607850928,66.60862778131938,64.10694641393526,61.61337998790982
54.71851276106537,56.78708025490175,58.79650204720804,60.76646828424826,62.716725812682654,64.66705237977526,66.63724304174704,68.64710280394014,70.71644253293806,72.84525612485032,74.95425716287373,76.94433944265344,78.7163976344278,80.2131097460839,81.54428471020242,82.86151454103569,84.31639150726429,85.99437473340713,87.716390242806,89.26281831701743,90.516389736929,91.37769209131585,91.71638960204733,91.42475141877381,90.516389736929,89.05043572909258,87.1467533671512,84.940389890424,82.56639266301205,80.1382685723477,77.6833622468614,75.2074783617495,72.71642284285244,70.21600383577672,67.71203340203202,65.2103304585394,62.716725812682654
55.82150807092761,57.89024154302871,59.899764100233284,61.86979279256961,63.82008968618898,65.77044137766998,67.74064820342272,69.75051839713481,71.81986484482411,73.94868270175502,76.05768633329353,78.04777013804821,79.8198292088006,81.31654182901208,82.64771711941209,83.9649471882378,85.41982434566643,87.09780772579323,88.81982334206515,90.36625148207108,91.6198229405503,92.48112531567153,92.81982283349464,92.52818464414818,91.6198229405503,90.1538688864367,88.25018643562954,86.04382279313135,83.66982526298418,81.24170063379236,78.78679335276732,76.31090776713438,73.8198492167605,71.31942480335688,68.81544473673623,66.31372466800276,63.82008968618898
56.92459371037158,58.99345893882719,61.003061480506446,62.973139746511336,64.9234678854489,66.87383951863866,68.84405917378487,70.85393764707753,72.92328942742739,75.05211066951823,77.16111635953567,79.15120137466545,80.9232611430638,82.4199741669162,83.75114971628611,85.06837997400663,86.52325728319087,88.20124078553482,89.92325648663196,91.469684678859,92.72325616794942,93.58455855952754,93.92325608297926,93.63161788881274,92.72325616794942,91.25730207710555,89.35361955576559,87.14725578169485,84.77325801126652,82.34513295464501,79.89022491520782,77.41433797986875,74.92327702340472,72.4228483189787,69.91886060668509,67.41712694546749,64.9234678854489
58.3144315862081,60.43225984582669,62.515825712252465,64.58316953892849,66.6508725071365,68.73257671506464,70.83784429901829,72.97177878732043,75.1358492265952,77.31828157242671,79.46231590543447,81.50317727565624,83.38033796634815,85.0708962172672,86.66920221645881,88.28493370694565,90.00711843493076,91.8626296860356,93.69791256764911,95.36187819566251,96.86333830338042,98.17163105370727,98.81580140910293,98.31351321131606,96.86333830338042,94.8094909574516,92.38152522569277,89.75781702871869,87.08897234018417,84.48092472819522,81.9241011657154,79.39344160491052,76.87227192302315,74.347551191479,71.80791364107623,69.24402028373126,66.6508725071365
56.06594956088544,58.13461237614352,60.14409203855071,62.11409414446257,64.06437428093663,66.01471527740294,67.98491522253434,69.99478097575034,72.06412456342579,74.19294060482403,76.30194313235585,78.29202628795981,80.06408498454928,81.56079738827916,82.89197253978786,84.20920250730506,85.66407958334379,87.3420628979228,89.06407846870107,90.61050658069962,91.86407802276139,92.72538038905643,93.06407790386076,92.77243971709945,91.86407802276139,90.39812398834704,88.49444157536821,86.2880780034353,83.91408060215628,81.48595620220455,79.03104932793276,76.55516446617685,74.06410720624109,71.56368509420274,69.05970912810812,66.55799634926613,64.06437428093663
54.260182179788885,56.328428475717715,58.33765525217578,60.307500609379744,62.25768194538276,64.20795988244959,66.1781192578467,68.18795882863577,70.2572855527589,72.38609088915885,74.49508690707628,76.48516623505272,78.25722272544019,79.7539338527146,81.0851081852685,82.40233755543309,83.85721415156641,85.5351970796511,87.25721238218173,88.80364032903847,90.05721167429671,90.91851398854915,91.25721148555374,90.96557331403523,90.05721167429671,88.59125775603651,86.6875755661077,84.48121241025416,82.10721576882989,79.67909272056278,77.22418824465811,74.74830765114433,72.25725800008857,69.75684945767588,67.25289766954259,64.75122787375163,62.25768194538276
53.119284150852835,55.209851127458876,57.252233501156155,59.265770173671655,61.26919636661245,63.27987992611462,65.31313049559567,67.38182374697493,69.4966743807573,71.6514773518023,73.77754803863553,75.79249170759522,77.61647371226744,79.2106167321228,80.67959865628458,82.15566599606107,83.75710610011734,85.53467285946039,87.32115726824388,88.93524902058708,90.33406200817143,91.4658671470179,91.99569112151231,91.57171550769885,90.33406200817143,88.52926772217452,86.3399297789064,83.91743541646957,81.39678524669944,78.881626397589,76.37824316225156,73.87654851095266,71.3713708249229,68.85958563160156,66.33899003241682,63.808471810210605,61.26919636661245
51.750960902699326,53.81749824326221,55.825687034718115,57.79488885286959,59.74466449804238,61.6946834783015,63.66467624175722,65.67440828223403,67.74366574658433,69.87242711610499,71.98139639788312,73.9714600050197,75.74350743405759,77.24021331864192,78.57138428756005,79.88861120425798,81.34348582930656,83.02146716996697,84.7434813707402,86.28990863931963,87.54347958698244,88.40478168748336,88.7434791113801,88.45184100246743,87.54347958698244,86.07752614579542,84.17384487198667,81.96748342507057,79.59348990454934,77.16537240796353,74.7104777826853,72.23461471972118,69.7435963196849,67.24324350943716,64.73939102103806,62.23789775117271,59.74466449804238
51.105965156174435,53.18093939761398,55.19947145295595,57.18130229750109,59.14602245776358,61.112852693183356,63.100427974848984,65.12665558327865,67.2087617512119,69.34491035260179,71.45874536440552,73.45588468167122,75.24276716106031,76.76763498700502,78.1394036443734,79.50455687010856,81.00474685013658,82.7141242144073,84.45672753582,86.02498785417622,87.32620413742269,88.27912103095612,88.68484270970241,88.34659269633744,87.32620413742269,85.75075040302733,83.75919050070324,81.48896805265164,79.07290417379492,76.62028981325125,74.15189295860108,71.66886631661893,69.17390827883824,66.6703445521981,64.1617789332058,61.65213975611586,59.14602245776358
39.334735377513425,41.378680508990115,43.373085292316986,45.33371749732013,47.278081450496586,49.2246422956847,51.19240854087391,53.20070294858658,55.26903416948201,57.397207439097514,59.50581905707516,61.49567234325022,63.26759854021928,64.76423428103465,66.09536024606155,67.412554336194,68.86740258859288,70.54536268976543,72.26736214913177,73.81378034240021,75.06734597024952,75.92864521075964,76.26734165647407,75.97570438522717,75.06734597024952,73.60139891228472,71.69772989610141,69.49139131455499,67.1174395509932,64.68939633355035,62.23463350211853,59.75900497386789,57.26840463585536,54.76879727800804,52.26627264466488,49.7671388364462,47.278081450496586
40.3243480059041,42.37348651255515,44.37107011948588,46.33368253676851,48.27929853804946,50.22666008490806,52.1949421207249,54.20356967543535,56.27211558241521,58.40042518095828,60.50911971682201,62.49902176455899,64.27097606922744,65.7676280731765,67.09876447265486,68.4159661738972,69.8708205410444,71.54878556681385,73.27078844414012,74.81720874162525,76.07077560293692,76.93207550657058,77.27077217908854,76.9791347136186,76.07077560293692,74.60482706494588,72.70115520669049,70.49481132356038,68.12084987825054,65.69278943865885,63.23799605044111,60.762313146397815,58.27161588822524,55.771835728430574,53.26900334389117,50.76932287181852,48.27929853804946
41.316780441546996,43.37006010624681,45.370174096663035,47.3343611074729,49.280972027555634,51.22896956864218,53.19766118355453,55.20655323729835,57.27526957306108,59.40368738862716,61.51244774119371,63.502388492738845,65.27436510714666,66.77103001940756,68.10217470083288,69.41938244308025,70.87424166354332,72.55221059798879,74.2742161881614,75.82063815576853,77.07420599608167,77.93550642603759,78.27420327856981,77.98256565894478,77.07420599608167,75.60825628339087,73.70458216937524,71.49823407835689,69.12426494858087,66.69619083958221,64.24137319787151,61.76564713398686,59.274872944716265,56.77495561444991,54.27187891225542,51.771764377849756,49.280972027555634
42.3114624744852,44.36804113442713,46.37016814000779,48.33560673678019,50.283008061144685,52.2315106919166,54.200527513401696,56.20962955063948,58.27848117618544,60.40698489164973,62.515797485949804,64.50576895781828,66.2777632798834,67.77443843763825,69.10558969252318,70.42280222955912,71.87766530212484,73.55563733890162,75.27764508226798,76.82406837545443,78.07763699280267,78.93893784050127,79.27763483591104,78.98599709393292,78.07763699280267,76.61168634775066,74.70801044333311,72.50165901249993,70.1276837835228,67.69959882499623,65.24476193292526,62.76900161195172,60.278166358952944,57.77814014540047,55.27486949326354,52.77441033308605,50.283008061144685
43.3079373185859,45.367142089546405,47.370869763991536,49.33730290050753,51.28533203385628,53.23423574418149,55.20351076009054,57.21277949314384,59.281738511095966,61.410310410388774,63.51916447085887,65.50916032615109,67.28116870304854,68.77785199275817,70.10900846504799,71.42622480773525,72.88109093773147,74.55906543683852,76.28107488919977,77.82749923450086,79.08106846858294,79.94236964784443,80.28106675665629,79.98942891756636,79.08106846858294,77.61511708351452,75.71143975805155,73.50508567639828,71.13110560645919,68.70301203658576,66.2481598652731,63.77237235373708,61.28148863223569,58.78137599102453,56.277951378730776,53.77721861940046,51.28533203385628
44.30583974504748,46.36713372998628,48.37213371144652,50.33935694364089,52.287884662344894,54.23710682924337,56.20658682323128,58.21598788288274,60.28503214633044,62.41365816633541,64.52254513971002,66.51256034857127,68.28457988095738,69.78126962506735,71.11243023844352,72.429649601694,73.88451815838368,75.56249461184876,77.2845054206426,78.83093060100867,80.08450032459314,80.94580176701646,81.28449896583564,80.992861049668,80.08450032459314,78.6185483521728,76.71486989882379,74.50851371320854,72.13452980098097,69.70642939623247,67.25156509763863,64.77575600450228,62.284833812145564,59.784652568885576,57.28110574448162,54.78015578556435,52.287884662344894
45.304878172210664,47.367833444070314,49.3738444273876,51.341695218736646,53.29061884964847,55.24009385102892,57.20973656712215,59.21924266709229,61.288354595029375,63.41702357267022,65.52593666978004,67.51596723985185,69.28799562645662,70.7846904934675,72.11585439364458,73.43307615432755,74.88794663709098,76.56592464173431,78.28793652713095,79.83436237028918,81.08793248239225,81.94923413368736,82.28793140394546,81.99629342660114,81.08793248239225,79.62198004379002,77.71830069523631,75.51194283970244,73.1379558778394,70.70985004821881,68.25497612410803,65.77914990136908,63.28819717380526,60.78796147830947,58.28431764536133,55.783195267420524,53.29061884964847
46.40482009461994,48.46909587392466,50.475910028877074,52.4442592042044,54.39349718730307,56.3431729110206,58.31294479920297,60.32253427768583,62.39169991417353,64.52040298857139,66.62933682057334,68.6193795830178,70.39141499728439,71.88811393036966,73.21928043929401,74.53650410282671,75.99137611431948,77.6693553501359,79.39136809003372,80.93779445925085,82.1913648797215,83.05266669679833,83.39136402375755,83.09972599785726,82.1913648797215,80.72541207111024,78.82173201203148,76.61537283108049,74.24138344871449,71.81327331335237,69.35839174940853,66.88255193072172,64.39157496680055,61.891296050801756,59.387575216622054,56.88631597222263,54.39349718730307
47.40548029092067,49.47080538426499,51.4782574830524,53.44700240880677,55.39648996680356,57.34632503386317,59.31619945826762,61.32585511933283,63.395063386347616,65.52379352415252,67.63274381374517,69.62279625339039,71.39483724555612,72.89153940590265,74.22270798539839,75.53993315922784,76.99480638407624,78.67278659707671,80.39480001519317,81.94122680194377,83.19479746716604,84.05609941582395,84.3947967877869,84.10315872334772,83.19479746716604,81.72884436487828,79.82516374185505,77.61880350891863,75.24481220539451,72.81669865255196,70.36181102483386,67.88596041492693,65.39496421425129,62.894650993023646,60.39086903946145,57.88950115312555,55.39648996680356
48.40671131979235,50.47287002818714,52.480828757242676,54.44988790554987,56.399573597533674,58.34953515433946,60.31949096952624,62.32919916290018,64.39844126706073,66.52719288560567,68.63615623778313,70.62621635829588,72.39826177766841,73.89496649950388,75.22613672241788,76.54336309497316,77.99823728286398,79.67621827145675,81.3982322278761,82.9446593460234,84.19823020550523,85.05953225859915,85.39822966628162,85.10659157125403,84.19823020550523,82.7322768701262,80.82859579949968,78.62223473160114,76.24824190325057,73.82012563794495,71.36523319738416,68.88937402241137,66.39836255329632,63.898022103302,61.3941916370711,58.892737514670074,56.399573597533674
49.40839588463378,51.475216721911124,53.48357774897687,55.452886368516914,57.40272934870116,59.35279131236331,61.32281173232643,63.332561622611195,65.40183058413476,67.53059925226908,69.63957297234442,71.62963918920872,73.40168812247357,74.89839487737049,76.22956640466933,77.54679372865547,79.00166868091452,80.67965028509579,82.40166466876667,83.94809204994382,85.2016630636096,86.06296519959446,86.40166263562747,86.11002451632191,85.2016630636096,83.73570954322587,81.83202811733625,79.62566638672737,77.2516723481198,74.82355392992639,72.36865766939604,69.89279169628264,67.40176810846236,64.90140604654782,62.39753707441116,59.896014502050804,57.40272934870116
50.410440715094744,52.4777873922599,54.48646784027352,56.45597451103299,58.405942349313165,60.3560840134341,62.32615571331014,64.33593869970852,66.40522897844087,68.53401117904153,70.64299312819688,72.63306418376561,74.40511590601874,75.90182427456156,77.23299683715314,78.55022491629148,80.00510047523053,81.68308256800509,83.40509729078587,84.95152488073,86.2050960167717,87.06639821854715,87.40509567708204,87.11345753850702,86.2050960167717,84.7391423495496,82.83546064168738,80.62909838508466,78.25510338589459,75.82698325895024,73.37208396649933,70.89621259767088,68.40517939114163,65.9048001755614,63.400900640400806,60.89932373653173,58.405942349313165
51.51277167390653,53.58053590455404,55.58946995076191,57.559133843721284,59.50920079351164,61.4594057206439,63.429518123346654,65.43932737893756,67.50863457746824,69.63742751891954,71.74641599954657,73.73649089561465,75.50854483149553,77.00525448079247,78.33642786509759,79.65365654360124,81.10853258406293,82.78651506463441,84.508530056567,86.05495781220964,87.30852904538119,88.16983129937468,88.50852877576934,88.21689062190012,87.30852904538119,85.84257526161336,83.93889332994928,81.73253065586479,79.35853489425931,76.93041341107667,74.47551171218335,71.99963606075586,69.50859521979791,67.00820238917207,64.50427859557755,62.00265856703518,59.50920079351164
52.5153298497999,54.583425615211254,56.592560988835444,58.56234968731205,60.512495309252344,62.462750451240694,64.43289516101613,66.44272526697647,68.5120458949607,70.6408473615094,72.74984102619837,74.73991897048352,76.51197466332592,78.00868532915963,79.33985936566,80.65708851988057,82.11196494252724,83.78994773089349,85.51196293645208,87.05839082360973,88.3119621338733,89.17326442931225,89.5119619198822,89.220323753874,88.3119621338733,86.84600825760306,84.94232614830725,82.73596314286719,80.36196677613184,77.93384421650104,75.47894060760969,73.00306155707021,70.512014656628,68.01161101962481,65.50766797175474,63.006013714049004,60.512495309252344
53.61806844167846,55.6864274235181,57.69572262005552,59.66561038818827,61.61581845684974,63.56611345626739,65.53628380895054,67.54613046417349,69.61546175124849,71.74426998422108,73.85326776352119,75.84334812718458,77.6154052145308,79.1121166871913,80.44329124133978,81.7605207731374,83.21539749912463,84.89338053178783,86.61539590690153,88.16182389844273,89.41539526989428,90.27669759822854,90.61539510004943,90.32375692440647,89.41539526989428,87.94944132020483,86.04575906992264,83.83939580148535,81.46539895445787,79.03727554044893,76.58237041558894,74.10648866716569,71.61543695728608,69.11502474318723,66.6110664129719,64.10938498687607,61.61581845684974
54.720950276253035,56.789518221707254,58.79894028819774,60.76890669518383,62.71916433073528,64.66949096619467,66.63968167215045,68.6495414627293,70.71888121000984,72.8476948135279,74.9566958586087,76.94677814253814,78.71883633670434,80.21554844974429,81.54672341475066,82.86395324623155,84.31883021298043,85.9968134395423,87.71882894923198,89.26525702362248,90.518828443639,91.38013079808225,91.71882830883303,91.42719012554298,90.518828443639,89.05287443567661,87.14919207349342,84.94282859631511,82.5688313680794,80.14070727594961,77.68580094786316,75.20991705812385,72.71886153097762,70.21844250919042,67.71447204923315,65.21276905914023,62.71916433073528
55.82394583189503,57.89267966250404,59.902202437350965,61.8722312645821,63.82252824322383,65.77287998896898,67.74308684963243,69.75295706587457,71.82230352807488,73.95112139421735,76.06012503135733,78.05020883940566,79.82226791205645,81.3189805333663,82.65015582447099,83.96738589381071,85.42226305165232,87.10024643211167,88.82226204861442,90.36869018876246,91.62226164732499,92.483564022491,92.82226154032942,92.53062335096986,91.62226164732499,90.15630759311144,88.25262514211234,86.0462614992561,83.6722639684551,81.24413933810018,78.7892320550114,76.31334646570568,73.82228790878442,71.32186348370422,68.81788339627848,66.3161632905578,63.82252824322383
56.92703166644981,58.99589717949023,61.00549989392633,62.97557826700279,64.92590647342482,66.876278149685,68.84649783254022,70.85637632371512,72.92572811558242,75.05454936498451,77.16355505944787,79.1536400771918,80.92569984709692,82.42241287182112,83.75358842175032,85.07081867987881,86.52569598939084,88.20367949199876,89.92569519327908,91.47212338561891,92.72569487477543,93.5869972663891,93.925694789853,93.63405659567607,92.72569487477543,91.25974078385227,89.35605826235997,87.14969448800505,84.77569671705777,82.3475716595131,79.8926636184379,77.41677668018372,74.92571571852304,72.4252870048293,69.92129927602258,67.41956558544786,64.92590647342482
58.316893736134304,60.434723624393214,62.518291931890715,64.58563891319888,66.65334559897921,68.73505385104193,70.8403254688844,72.97426355423934,75.13833667169183,77.32077050766067,79.46480580442986,81.50566855814691,83.38283206181357,85.07339532575914,86.6717078766404,88.28744622692746,90.00963671022005,91.86515159246557,93.70043671446527,95.36440460637237,96.86586929246164,98.17416966605145,98.8183447977234,98.31605334239363,96.86586929246164,94.8120106478931,92.38403346534034,89.7603151117325,87.09146263606415,84.48341000584375,81.92658350728362,79.39592233994605,76.87475176646404,74.3500303113247,71.81039169181349,69.24649644927881,66.65334559897921
56.06838721722343,58.13705043062811,60.14653033474778,62.11653259047549,64.0668128213774,66.01715387811116,67.98735386201561,69.99721964025433,72.0665632440463,74.19537929567527,76.30438182942831,78.29446498869034,80.06652368738824,81.56323609233806,82.89441124462938,84.21164121271747,85.66651828921486,87.34450160416323,89.06651717519784,90.61294528735425,91.86651672950853,92.7278190958533,93.06651661067465,92.77487842389876,91.86651672950853,90.40056269498317,88.49688028179118,86.29051670946062,83.91651930745542,81.48839490621187,79.03348802964798,76.55760316381293,74.0665458966054,71.56612377159857,69.062147782397,66.56043496247567,64.0668128213774
54.26261921937501,56.33086614706298,58.3400933071174,60.309938902100754,62.26012038798321,64.21039842071234,66.18055785765526,68.19039746816435,70.25972421787046,72.38852957051051,74.49752559830345,76.48760493208667,78.2596614258211,79.75637255503196,81.08754688882826,82.40477625989911,83.85965285676049,85.53763578543149,87.25965108836905,88.80607903547636,90.05965038088146,90.92095269521283,91.25965019224445,90.9680120207028,90.05965038088146,88.59369646244504,86.69001427217782,84.48365111569305,82.10965447311605,79.68153142279834,77.2266269432552,74.7507463432662,72.25969668066728,69.75928811766866,67.2553362928561,64.75366643185802,62.26012038798321
53.12173307966252,55.21230083524114,57.25468439504063,59.268222634269335,61.27165072439112,63.28233641303646,65.31558917737918,67.38428444878014,69.49913662673157,71.65394047229057,73.78001173069373,75.79495622848384,77.61893994933891,79.21308613480318,80.68207241693972,82.15814461118703,83.75958903978415,85.53715865529401,87.32364487849719,88.93773850643149,90.33655542268352,91.46836753724486,91.99819618500734,91.57421735734997,90.33655542268352,88.53175176279812,86.34240532848989,83.919904160074,81.39924917551437,78.88408739117642,76.38070249538845,73.87900695261914,71.37382877693561,68.86204318886212,66.34144701071168,63.81092777984651,61.27165072439112
51.753395412405524,53.81993434222328,55.82812409926558,57.797326516185564,59.74710253887113,61.69712176011913,63.66711467863388,65.67684681918797,67.74610434799888,69.8748657584404,71.98383506510262,73.97389868687108,75.74594612434268,77.24265201380658,78.57382298585534,79.89104990483683,81.34592453171999,83.02390587385787,84.74592007565653,86.29234734486728,87.54591829290014,88.40722039360003,88.7459178175648,88.45427970859389,87.54591829290014,86.0799648512691,84.17628357660769,81.96992212810099,79.59592860467502,77.16781110292206,74.71291646847548,72.23705338919513,69.74603496007263,67.24568209795396,64.74182951713641,62.24033608298326,59.74710253887113
51.108406560062164,53.1833810174614,55.201913404634396,57.183744693135736,59.14846539978565,61.11529626016636,63.10287219950219,65.1291004256229,67.21120707398738,69.34735595070066,71.46119114373634,73.45833072562966,75.24521375992995,76.77008263482476,78.14185279267716,79.50700777189545,81.00719939219758,82.71657788289818,84.45918193859728,86.02744303183866,87.32866099268125,88.28158106074612,88.68730501989216,88.34905342435852,87.32866099268125,85.75320337510733,83.76164028479975,81.49141547931002,79.07535002849586,76.6227347458227,74.15433738111068,71.67131046864657,69.17635228328447,66.67278843817036,64.16422264622587,61.654583170097766,59.14846539978565
39.33718531313666,41.38114482654038,43.37555842139568,45.33619611869309,47.28056354582485,49.227126613177944,51.194894290042825,53.20318962255894,55.271521439452286,57.39969508755081,59.50830693573488,61.498160357289606,63.27008663229647,64.76672241826478,66.097848412262,67.41504252352604,68.869890792902,70.5478509077473,72.26985037660339,73.81626857571399,75.0698342069879,75.93113344933914,76.2698298956833,75.97819262389717,75.0698342069879,73.60388714491393,71.70021812083982,69.493879524574,67.11992773413161,64.69188446887301,62.23712155260351,59.76149287338572,57.27089226629192,54.77128442870617,52.26875894102116,49.76962361536894,47.28056354582485
40.32680574824438,42.37595572897651,44.37354635231944,46.33616313779577,48.281781899967235,50.22914521203444,52.19742838477882,54.206056673754034,56.2746030538778,58.402912952862266,60.51160767145561,62.50150982664886,64.27346419325795,65.77011623304571,67.10125265551818,68.41845437353287,69.87330875415489,71.55127379077652,73.27327667563478,74.81969697775688,76.07326384178666,76.93456374688165,77.27326041989937,76.98162295400145,76.07326384178666,74.60731530053414,72.70364343601582,70.49729954120286,68.12333807455767,65.69527759701407,63.24048414145888,60.764801117587496,58.27410364582789,55.7743231052105,53.27149004240819,50.77180836540647,48.281781899967235
41.319244415587605,43.37253322479107,45.372652798499416,47.33684328200526,49.283456395686684,51.231455338750564,53.20014785642476,55.20904049311112,57.27775720447143,59.40617525852275,61.51493575613111,63.50487659296772,65.27685325653911,66.77351819724569,68.1046628969217,69.4218706524814,70.87672988363951,72.5546988266984,74.27670442284918,75.8231263941367,77.07669423660721,77.93799466772296,78.27669152065185,77.98505390068712,77.07669423660721,75.61074452132775,73.70707040234123,71.50072230205014,69.12675315534015,66.69867901621868,64.24386132106113,61.76813516206545,59.27736080325997,56.77744317070034,54.27436593006027,51.77425043896057,49.283456395686684
42.31393141716989,44.3705173588785,46.37264880500056,48.33809016162607,50.285493228488384,52.233996972597026,54.20301451084541,56.21211701086341,58.28096893456106,60.40947283932681,62.51828554875246,64.50825708831894,66.28025144940601,67.77692662973854,69.10807789910916,70.42529044671124,71.88015352776563,73.5581255713789,75.28013331949015,76.82655661559772,78.08012523465827,78.94142608327743,79.28012307900207,78.98848533675431,78.08012523465827,76.61417458755167,74.71049867918867,72.50414724099572,70.13017199857802,67.70208701614274,65.24725008165028,62.77148968518493,60.28065429761945,57.78062784411517,55.27735676454567,52.77689684482458,50.285493228488384
43.31041021917302,45.36962078471657,47.3733519893575,49.33978731862488,51.28781783590158,53.23672243025254,55.20599801520869,57.2152671156329,59.284226370253236,61.41279841980449,63.521652571653505,65.511648480679,67.28365688854868,68.78034019617843,70.11149667996565,71.42871303103928,72.88357916777304,74.56155367230622,76.28356312843349,77.82998747605308,79.08355671149423,79.94485789148638,80.28355500054812,79.9919171612442,79.08355671149423,77.61760532479508,75.7139279962006,73.50757390870584,71.1335938280989,68.705500239249,66.25064803426595,63.77486046281069,61.28397663449937,58.783863802824825,56.28043885123472,53.77970548891875,51.28781783590158
44.30831579606824,46.36961438967967,48.37461717667955,50.34184215068409,52.290370968384025,54.239593837167305,56.2090742829038,58.21847563417681,60.28752008548395,62.41614622475535,64.52503327065972,66.51504852216993,68.28706807913906,69.78375783747236,71.11491845997409,72.43213782988084,73.88700639191813,75.56498284968995,77.28699366147289,78.83341884367915,80.08698856834232,80.94829001134556,81.2869872103631,80.99534929402559,80.08698856834232,78.62103659462764,76.71735813879317,74.51100194854155,72.13701802784686,69.70891760803661,67.25405328271833,64.77824414202317,62.28732186488867,59.78714047044926,57.28359337671863,54.78264293912591,52.290370968384025
45.30735672945205,47.37031566522488,49.376328877585806,51.34418105230747,53.29310555585326,55.242581114466944,57.212224189173526,59.22173052062847,61.29084259767963,63.41951166998618,65.52842482466438,67.51845542858722,69.29048383470372,70.78717871300375,72.11834262042386,73.43556438638996,74.89043487339774,76.56841288145938,78.29042476922845,79.83685061384725,81.09042072680649,81.95172237856187,82.2904196489774,81.99878167149826,81.09042072680649,79.62446828717694,77.72078893665051,75.51443107743674,73.14044410885333,70.7123382672782,68.25746432195601,65.78163806146907,63.290685266615384,60.79044945112304,58.28680540439315,55.78568264647359,53.29310555585326
46.40730064466433,48.47157933581174,50.47839526139897,52.446745535275426,54.39598421121127,56.345660377297676,58.31543255014962,60.325022212377604,62.39418796722349,64.52289111676004,66.63182499445493,68.62186778376731,70.3939032135205,71.89060215556603,73.22176867023916,74.53899233796508,75.99386435282665,77.67184359135615,79.393856333137,80.94028270351339,82.19385312466356,83.0551549421057,83.39385226918989,83.1022142431826,82.19385312466356,80.72790031523692,78.82422025459243,76.61786107072069,74.2438716830207,71.81576153817022,69.36087995739078,66.88504010874304,64.39406309141279,61.8937840801693,59.39006307630018,56.888803530277514,54.39598421121127
47.40796242493638,49.473289831805396,51.48074333685582,53.44948913488574,55.3989772429309,57.34881266115727,59.31868731152801,61.32834311844158,63.39755147940127,65.52628167684534,67.63523200270508,69.6252844636756,71.39732546813313,72.89402763559144,74.22519621965006,75.54242139680768,76.99729462432987,78.6752748394837,80.39728825909472,81.94371504676542,83.19728571252705,84.05858766147492,84.39728503353705,84.10564696901292,83.19728571252705,81.73133260959213,79.82765198532616,77.62129175007155,75.24730044231384,72.81918688194034,70.36429924085974,67.88844860717259,65.39745236410548,62.89713906727992,60.3933569790284,57.89198885327261,55.3989772429309
48.40919471244763,50.47535525859822,52.48331510437873,54.452374945236215,56.402061073883885,58.35202290944767,60.32197890399911,62.33168721313913,64.40092939186628,66.52968105774782,68.63864443871087,70.62870457614963,72.40075000527823,73.89745473275838,75.2286249592939,76.54585133449076,78.00072552450379,79.67870651480568,81.40072047241125,82.94714759128883,84.20071845119875,85.06202050452282,85.40071791228398,85.10907981718901,84.20071845119875,82.73476511530609,80.83108404369321,78.62472297395472,76.25073014224392,73.82261387096099,71.36772141979432,68.89186222594704,66.40085072318543,63.900510213187644,61.39667964004951,58.89522532760732,56.402061073883885
49.41088027718094,51.477702574038354,53.486064487810694,55.4553736571699,57.40521698399135,59.35527916892701,61.32529973126145,63.335049713433705,65.40431873414238,67.5330874398484,69.6420611827711,71.63212741306967,73.40417635407798,74.90088311345505,76.23205464362829,77.5492819697111,79.00415692365453,80.68213852919236,82.40415291380472,83.95058029556151,85.20415130956707,86.06545344573459,86.40415088183008,86.11251276247101,85.20415130956707,83.73819778877564,81.83451636210313,79.62815463003389,77.2541605887593,74.82604216582169,72.37114589687343,69.89527990877926,67.4042562942534,64.90389418471325,62.40002512772159,59.898502404516975,57.40521698399135
50.41292590182992,52.48027373806502,54.48895489008595,56.458461997326424,58.408430110768535,60.35857195052897,62.32864376341118,64.33842682274314,66.40771714845172,68.53649937887349,70.64548134616291,72.6355524123945,74.40760414079361,75.90431251289235,77.23548507776539,78.55271315856783,80.00758871884378,81.68557081269503,83.40758553622308,84.95401312662725,86.20758426293864,87.06888646485906,87.40758392344354,87.11594578482607,86.20758426293864,84.74163059539293,82.83794888690934,80.63158662914753,78.25759162784065,75.82947149713081,73.37457219799859,70.89870081727983,68.4076675895542,65.90728833617297,63.40338873366122,60.90181171006162,58.408430110768535
51.515257491350695,53.58302264233119,55.59195724745358,57.5616214869044,59.5116886551135,61.46189372166012,63.4320062140597,65.44181552753956,67.51112276335594,69.63991572847645,71.74890422349664,73.73897912802786,75.51103306878684,77.00774272090611,78.33891610702203,79.65614478684645,81.11102082836923,82.78900330979528,84.51101830232102,86.0574460583288,87.31101729171439,88.17231954582292,88.51101702225694,88.219378868354,87.31101729171439,85.84506350768973,83.94138157553245,81.73501890052802,79.36102313724237,76.93290165107108,74.47799994687479,72.0021242860099,69.51108342822828,67.01069056759943,64.50676672054719,62.0051465969713,59.5116886551135
52.51781616806606,54.58591266418479,56.595048481510204,58.564837455032674,60.51498325034626,62.46523850299367,64.4353832839639,66.4452134358717,68.51453409345,70.64333557878514,72.752329254898,74.74240720590035,76.5144629026145,78.01117357068833,79.34234760862591,80.6595767638948,82.11445318738367,83.79243597642818,85.51445118245752,87.06087906990501,88.31445038033846,89.17575267586872,89.51445016646993,89.22281200043497,88.31445038033846,86.84849650386437,84.94481439417713,82.73845138800687,80.36445501993799,77.9363324579351,75.48142884483475,73.00554978680482,70.51450287300955,68.01409921219278,65.51015612189259,63.00850178875659,60.51498325034626
53.62055515759097,55.6889147195438,57.69821026830412,59.66809825476325,61.61830646104015,63.568601548291596,65.53877195748358,67.54861864917568,69.61794995973973,71.74675820762326,73.85575599599053,75.84583636498539,77.61789345540463,79.11460492984307,80.44577948513233,81.763009017762,83.21788574441767,84.89586877761921,86.61788415310656,88.16431214487775,89.41788351646416,90.27918584487091,90.61788334671661,90.32624517105242,89.41788351646416,87.9519295666129,86.04824731602002,83.84188404700323,81.46788719891732,79.03976378302562,76.58485865482497,74.10897690045651,71.61792517997854,69.11751294697868,66.61355458308614,64.11187309711993,61.61830646104015
54.72343730786821,56.79200571385334,58.801428059939255,60.77139464022517,62.7216523850077,64.67197909018311,66.64216984099093,68.65202966051575,70.72136942643974,72.85018304179263,74.95918409407008,76.94926638223114,78.7213245788364,80.2180366932875,81.5492116591993,82.86644149134057,84.32131845862,85.99930168560915,87.72131719559539,89.26774527016848,90.52131669029197,91.3826190447928,91.72131655556326,91.42967837225635,90.52131669029197,89.05536268220123,87.15168031977146,84.94531684213315,82.57131961305734,80.14319551943323,77.68828918869528,75.21240529423724,72.72134975867908,70.22093072189003,67.71696023520289,65.21525719758998,62.7216523850077
55.82643311414063,57.895167310332994,59.90469030711759,61.87471927190576,63.8250163372478,65.77536813832808,67.74557503459118,69.75544527380798,71.82479175080573,73.95360962634156,76.06261326919355,78.05269708060047,79.82475615518716,81.32146877761707,82.65264406944038,83.96987413930425,85.42475129756696,87.10273467836545,88.82475029510357,90.3711784353965,91.62474989404399,92.48605226925565,92.82474978710971,92.53311159773676,91.62474989404399,90.1587958397285,88.25511338853372,86.04874974531239,83.67475221384461,81.24662758230363,78.79172029711032,76.31583470405937,73.82477614046152,71.32435170347432,68.82037159483289,66.31865145139503,63.8250163372478
56.929519147656876,58.998384950898625,61.007987841501034,62.978066323762164,64.92839459900054,66.87876631918112,68.84898603029217,70.85886453970225,72.92821634331432,75.05703760017198,77.16604329916896,79.15612831957864,80.92818809102027,82.42490111663345,83.75607666713304,85.07330692567754,86.52818423552377,88.20616773840086,89.92818343986801,91.47461163232285,92.72818312154678,93.5894855131967,93.928183036673,93.63654484248545,92.72818312154678,91.26222903054271,89.35854650889507,87.1521827342504,84.7781849627739,82.35005990428786,79.89515186154233,77.41926492031554,74.92820395335563,72.42777523021125,69.92378748456557,67.42205376405434,64.92839459900054
58.315642053780365,60.43350509264317,62.51712308710401,64.58453427870734,66.65231663175186,68.73410719633756,70.83946091653596,72.97347221188274,75.13759983683236,77.3200640004467,79.46411891180946,81.50500982243345,83.38223057519535,85.07289586128226,86.67134174447466,88.28721969277592,90.00952729384966,91.86511606638311,93.70044677747106,95.36446073630546,96.8660185839914,98.17447407257623,98.81874638697664,98.3163886507813,96.8660185839914,94.81193002869217,92.3837198262658,89.75979477753779,87.09078382086145,84.48262905814491,81.9257428024616,79.39504893750323,76.8738602173603,74.34912403480153,71.809463655502,69.24553004302665,66.65231663175186
56.06665907530257,58.135322006469906,60.144801739244954,62.114803888771505,64.06508405273561,66.01542506674711,67.98562502316621,69.99549078366687,72.06483437603421,74.19365042041086,76.30265294975376,78.2927361064227,80.06479480362597,81.56150720771102,82.89268235944755,84.20991232713095,85.6647894033032,87.34277271798972,89.0647882888426,90.61121640088714,91.86478784297583,92.72609020928535,93.06478772409464,92.77314953732909,91.86478784297583,90.39883380852915,88.49515139548828,86.28878782343962,83.91479042194919,81.48666602162137,79.0317591466823,76.55587428373889,74.06481702168614,71.56439490587238,69.06041893305084,66.55870614224973,64.06508405273561
54.260891514655924,56.329137994503796,58.33836488263523,60.30821030906202,62.25839168869827,64.20866965361449,66.17882904692897,68.18866862928141,70.2579953608523,72.38680070198012,74.49579672277252,76.48587605243944,78.2579325438013,79.75464367163943,81.08581800455502,82.40304737498346,83.85792397132874,85.5359068995841,87.2579222022332,88.80435014916289,90.05792149446387,90.9192238087393,91.25792130575176,90.96628313422653,90.05792149446387,88.59196757615237,86.68828538612505,84.48192223008775,82.1079255883279,79.67980253946382,77.2248980624999,74.74901746710103,72.2579678126848,69.7575592642791,67.25360746546767,64.75193765069346,62.25839168869827
53.120212274658286,55.210795887110876,57.253203591254646,59.266773722344766,61.27024043096969,63.28096945944817,65.31426690088334,67.38300329002882,69.49788689942181,71.6527085455393,73.77879143809284,75.79375280644294,77.61777145939558,79.21198207857216,80.68105706253701,82.15722806201092,83.75876050794605,85.53638825396521,87.32291140495802,88.93704320532134,90.33594007751316,91.46789415747531,91.99781790995387,91.57377367825545,90.33594007751316,88.5309456384235,86.34142638522434,83.91878668890445,81.39803370202313,78.88281217164743,76.37939347730062,73.87767978848956,71.37249164578125,68.86069802241141,66.34009005921598,63.809550296671546,61.27024043096969
51.75166950106268,53.81820730429257,55.82639637685196,57.79559836931816,59.745374124393265,61.69539317480957,63.665385983406395,65.67511805301791,67.74437553613413,69.87313691756776,71.9821062065902,73.97216981798643,75.74421724947956,77.24092313548445,78.57209410531398,79.88932102267671,81.34419564825936,83.0221769893499,84.74419119042165,86.29061845918488,87.54418940695541,88.40549150751427,88.7441889314308,88.4525508225012,87.54418940695541,86.07823596563915,84.17455469158216,81.96819324420301,79.59419972283614,77.16608222474605,74.71118759679871,72.23532452908456,69.74430612058066,67.24395329523213,64.74010077992799,62.238607462234825,59.745374124393265
51.10673257357429,53.18171142724772,55.2002505694697,57.182090895522435,59.146822724874255,61.11366630742586,63.10125563474466,65.12749643496542,67.20961286325878,69.34576734459972,71.45960622688403,73.45675119566373,75.24364552598001,76.76853575367932,78.14033645573116,79.50552712897176,81.00575213852605,82.71515355856243,84.4577725611519,86.02604942763718,87.3273015367348,88.28028622310357,88.68605659967734,88.34777279923156,87.3273015367348,85.7517648748147,83.76013689012963,81.48986409613427,79.07376664591453,76.62113259188291,74.15272484404423,71.6696924254755,69.17473123584834,66.671164978998,64.16259566631926,61.65295010275638,59.146822724874255
39.339597163569465,41.383570827358454,43.37799309183511,45.33863619295735,47.28300703807919,49.229572291795485,51.197341377268856,53.20563761968744,55.27397002297545,57.40214404345841,59.51075611813957,61.50060967289255,63.27253602467975,64.76917185507345,66.10029787757412,67.41749200962926,68.87234029570877,70.55030042400651,72.27229990219936,73.81871810705805,75.0722837417014,75.93358298586409,76.27227943282779,75.98064216051111,75.0722837417014,73.60633667558446,71.70266764374671,69.4963290329986,67.12237721610877,64.69433390380492,62.23957090406478,59.76394207631242,57.27334120447313,54.773732894879004,52.271206566618005,49.77206974798153,47.28300703807919
40.32922527972157,42.378386549775115,44.37598407652038,46.33860515982291,48.28422663840507,50.231591687240424,52.19987597859375,54.20850499000272,56.277051835646574,58.40536203023137,60.51405692860999,62.50395918952803,64.27591361707968,65.77256569212864,67.1037021372247,68.42090387174147,69.87575826562122,71.55372331292011,73.27572620518905,74.82214651187337,76.07571337857749,76.93701328511023,77.27570995861969,76.98407249230067,76.07571337857749,74.60976483411606,72.70609296343568,70.4997490571281,68.1257875694914,65.69772705460741,63.24293353279984,60.767250391031155,58.27655270912615,55.77677179382228,53.27393806368589,50.77425520116954,48.28422663840507
41.321670078427495,43.374967884865754,45.37509295193091,47.3392868521877,49.28590212412622,51.23390244657868,53.20259585246893,55.21148906270491,57.28020614361074,59.40862443230449,61.5173850726176,63.50732599337135,65.27930270531411,66.77596767400804,68.10711239164058,69.42432016029812,70.879179401979,72.55714835351245,74.2791539555451,75.82557593045368,77.07914377504682,77.94044420730373,78.27914106062292,77.98750344032396,77.07914377504682,75.61319405722045,73.70951993334309,71.50317182392867,69.12920266055761,66.70112849179871,64.24631074405553,61.77058449148136,59.27980996587277,56.77989203589081,54.27681426548115,51.77669783310236,49.28590212412622
42.31636196864032,44.37295507483228,46.37509088996269,48.34053496197818,50.28793974326369,52.2364445827706,54.20546282623323,56.214565781574635,58.28341799861984,60.411922089636704,62.52073491233293,64.51070651850657,66.2827009179868,67.7793761205332,69.1105274041561,70.42773996215399,71.88260305156035,73.56057510189993,75.28258285467962,76.82900615366125,78.08257477440651,78.94387562393143,79.28257261996583,78.99093487745279,78.08257477440651,76.61662412527843,74.71294821303357,72.5065967675994,70.13262151195774,67.70453650599899,65.2496995297686,62.77393905902787,60.283103539064015,57.783076849474355,55.27980534935955,52.77934468233329,50.28793974326369
43.31284466480116,45.372060931589225,47.37579560955459,49.34223309624534,51.29026497515203,53.239170439284806,55.20844658411906,57.21771604599469,59.28667553346972,61.41524773085828,63.52410197261378,65.51409793450674,67.28610637284957,68.78278969811066,70.11394619321003,71.43116255253487,72.88602869589761,74.56400320576947,76.28601266560212,77.83243701550285,79.08600625228115,79.94730743299218,80.28600454229979,79.99436670278533,79.08600625228115,77.62005486397754,75.71637753230203,73.51002343905989,71.13604334795704,68.70794974043642,66.25309750232555,63.77730987191653,61.28642593851637,58.786312919447425,56.28288763402814,53.782153678442384,51.29026497515203
44.31075334138505,46.37205646942782,48.37706201676811,50.34428870451926,52.2928186035077,54.24204216286648,56.21152305307251,58.22092469126815,60.289969327407704,62.41859558402368,64.52748270128917,66.51749799476116,68.28951757591716,69.78620734824457,71.11736797972482,72.4345873561806,73.88945592347932,75.56743238548847,77.28944320021236,78.83586838422916,80.08943810995365,80.95073955352746,81.28943675274016,80.99779883623552,80.08943810995365,78.6234861349655,76.7198076766856,74.51345148187227,72.13946755284695,69.71136711821768,67.25650276660554,64.78069357911792,62.28977121857169,59.78958967538887,57.286042316671285,54.785091408116074,52.2928186035077
45.30979674061784,47.37275928127839,49.378774686770214,51.346628222575475,53.295553584694844,55.24502969156312,57.21467311910466,59.22417967831444,61.29329190207696,63.421961067523796,65.53087427884279,67.52090491607122,69.29293334138505,70.7896282307923,72.12079214533867,73.43801391650275,74.89288440768658,76.57086241911136,78.2928743092147,79.83930015527052,81.09287026907211,81.95417192128036,82.2928691918508,82.00123121423903,81.09287026907211,79.62691782843181,77.72323847596446,75.51688061313004,73.1428936379346,70.71478778459752,68.25991381840572,65.78408752077907,63.29313465971978,60.79289872616444,58.28925446909753,55.78813133732187,53.295553584694844
46.40974261652994,48.47402417260825,50.48084184030232,52.449193195027675,54.39843255263713,56.34810915396454,58.31788160689911,60.327471449911485,62.39663732120839,64.52534054467284,66.63427446732447,68.62431728307186,70.39635272806208,71.89305167892346,73.22421819925276,74.54144187110435,75.99631388928043,77.6742931304793,79.39630587411281,80.94273224562977,82.19630266744855,83.05760448525014,83.39630181245725,83.10466378634467,82.19630266744855,80.73034985721968,78.82666979503466,76.6203106082892,74.2463212153412,71.81821106115524,69.36332946381148,66.8874895856856,64.39651251580688,61.8962334108534,59.392512240029134,56.891252397243335,54.39843255263713
47.410405955254916,49.47573563837486,51.48319052703045,53.45193718328129,55.40142583251192,57.351261596246644,59.32113646894264,61.33079241935451,63.400000872745295,65.5287311288675,67.63768149041,69.62773397236222,71.39977498891346,72.89647716336896,74.22764575191684,75.54487093234903,76.99974416250197,78.67772437977447,80.39973780085597,81.94616458943196,83.19973525572422,84.06103720495739,84.3997345771171,84.1080965125094,83.19973525572422,81.73378215215259,79.8301015266639,77.6237412891284,75.24974997720535,72.82163640942224,70.3667487551945,67.89089809811031,65.39990181333476,62.89958844212947,60.39580622135891,57.89443786004105,55.40142583251192
48.41163948112775,50.477801835424756,52.48576277993715,54.454823302186014,56.40450986046159,58.354471970291684,60.32442814131761,62.334136564358346,64.40337881645057,66.53213052890592,68.64109393819075,70.63115409228283,72.40319953101024,73.89990426404408,75.23107449414277,76.54830087193866,78.00317506403971,79.6811560560232,81.40317001479589,82.94959713439201,84.2031679947231,85.06447004827359,85.4031674561122,85.1115293609509,84.2031679947231,82.73721465832503,80.83353358574169,78.62717251419286,76.25317967917604,73.82506340201209,71.37017094041047,68.8943117279928,66.40330019212679,63.90295962309244,61.399128944769686,58.89767444534854,56.40450986046159
49.41332602964315,51.480149762563784,53.48851254875558,55.45782225907473,57.40766592694797,59.35772832959174,61.327749032003396,63.33749910458252,65.40676818352263,67.53553692619494,69.64451069159688,71.63457693511326,73.40662588374018,74.90333264752525,76.23450418052659,77.55173150867222,79.00660646427292,80.68458807114544,82.40660245668417,83.95302983901121,85.20660085335106,86.0679029896983,86.40660042585526,86.11496230644356,85.20660085335106,83.74064733215852,81.83696590471577,79.63060417120965,77.25661012731108,74.8284916997057,72.37359542247515,69.89772941964159,67.40670577884049,64.90634362244215,62.40247448196277,59.90095161034451,57.40766592694797
50.41537243568428,52.48272141231398,54.491403256998666,56.460910793687106,58.410879177857424,60.36102119042724,62.331093114494706,64.34087624558506,66.41016661751291,68.5389488772752,70.64793086240655,72.63800193912921,74.41005367357522,75.90676204917261,77.23793461629026,78.55516269872999,80.01003826032134,81.68802035523193,83.41003507949522,84.95646267035204,86.21003380692872,87.0713360089918,87.4100334676251,87.11839532896579,86.21003380692872,84.74408013906468,82.84039842996972,80.63403617106746,78.26004116767793,75.83192103326326,73.37702172755738,70.90115033513993,68.41011708655944,65.9097377959863,63.40583812720865,60.90426098580781,58.410879177857424
51.517704645751905,53.58547070223641,55.594405857267574,57.564070437626796,59.5141378207352,61.46434302444975,63.43445560510081,65.44426497553687,67.51357224803814,69.64236523644647,71.75135374562788,73.74142865848589,75.51348260404433,77.01019225894046,78.34136564683797,79.65859432796192,81.11347037052872,82.79145285279557,84.51346784590486,86.05989560227187,87.31346683586807,88.17476909008985,88.51346656656258,88.22182841262648,87.31346683586807,85.84751305159072,83.94383111894822,81.73746844303861,79.36347267809995,76.93535118898811,74.4804494795743,72.00457380942413,69.5135329350899,67.0131400449415,64.50921614529292,62.007595928214826,59.5141378207352
52.520263815219764,54.58836103027211,56.59749728414937,58.56728652828586,60.51743249417912,62.46768785570248,64.4378327067203,66.44766290383521,68.51698359053071,70.64578509434955,72.75477878170224,74.7448567393136,76.51691243983709,78.0136231101149,79.34479714946654,80.66202630576686,82.11690273008436,83.79488551979622,85.51690072628875,87.06332861402137,88.31689992462196,89.1782022202421,89.51689971087403,89.22526154481274,88.31689992462196,86.85094604794733,84.94726393787495,82.74090093098624,80.3669045616054,77.93878199726859,75.4838783800271,73.00799931462737,70.51695238769425,68.0165487034476,65.51260557140101,63.01095116405013,60.51743249417912
53.623003195983856,55.69136332870255,57.700659224010366,59.670547425277945,61.620755766952826,63.571050940622754,65.54122140541304,67.55106813298664,69.62039946666125,71.7492077292154,73.8582055265038,75.84828590074424,77.62034299418696,79.11705447037474,80.4482290267863,81.76545856023459,83.22033528754798,84.89831832127918,86.62033369713413,88.16676168913168,89.42033306085074,90.28163538932881,90.62033289119888,90.32869471551382,89.42033306085074,87.9543791108403,86.05069685994174,83.8443335903547,81.4703367412275,79.0422133234834,76.58730819199587,74.111426431778,71.62037470087245,69.11996244927614,66.61600405224904,64.11432250737717,61.620755766952826
54.7258856568769,56.794454515972376,58.80387713714853,60.773843887941865,62.724101740195394,64.67442851396348,66.6446193089006,68.65447915690496,70.72381894117198,72.85263256816903,74.96163362752719,76.95171591985167,78.72377411885665,80.22048623469621,81.55166120149879,82.86889103428982,84.32376800209127,86.0017512295008,87.72376673977885,89.27019481453155,90.52376623476034,91.38506858931777,91.72376610010758,91.4321279167841,90.52376623476034,89.05781222654326,87.15412986387082,84.94776638577997,82.57376915587767,80.14564506078327,77.69073872743655,75.21485482833583,72.72379928450127,70.22338023295212,67.71940971996581,65.2177066355986,62.724101740195394
55.82888170974134,57.89761626562634,59.90713948077246,61.87716858090117,63.82746573154651,65.77781758707022,67.74802451835939,69.75789478018065,71.82724127173736,73.95605915651518,76.06506280498718,78.05514661969863,79.82720569618996,81.32391831972188,82.6550936122522,83.97232368263178,85.4272008413088,87.10518422244101,88.82719983941071,90.37362797984622,91.62719943857725,92.48850181383386,92.82719933170327,92.53556114231719,91.62719943857725,90.16124538416149,88.25756293277414,86.05119928919358,83.67720175706981,81.24907712436189,78.79416983709802,76.31828424036213,73.8272256701953,71.32680122149294,68.82282109197767,66.32110091143038,63.82746573154651
56.93196793901316,59.00083402778016,61.01043709171026,62.980515681396724,64.93084402434256,66.88121578773585,68.85143552664746,70.86131405399885,72.93066586916646,75.05948713335951,77.16849283681708,79.15857785984957,80.93063763280296,82.4273506592908,83.75852621035152,85.07575646930533,86.53063377948044,88.20861728262237,89.93063298427333,91.47706117684135,92.73063266613161,93.59193505781718,93.93063258130567,93.63899438710767,92.73063266613161,91.26467857504794,89.36099605324745,87.15463227831765,84.7806345063205,82.35250944690824,79.89760140251929,77.42171445836777,74.93065348619405,72.4302247537513,69.92623699153793,67.42450324157262,64.93084402434256
58.321813655862954,60.43964230250582,62.52320874901936,64.59055332535156,66.65825717699146,68.73996234595532,70.84523088851064,72.97916623160657,75.1432373073165,77.32567000726047,79.46970456929412,81.51056626828637,83.38772762744703,85.07828706965084,86.67659462577333,88.29232774641181,90.01451384208022,91.87002595608502,93.7053093701015,95.3692755361044,96.87073673182269,98.17903129373735,98.8232027841658,98.32091381225737,96.87073673182269,94.81688670089609,92.3889182479871,89.76520763740984,87.09636109835853,84.48831229384977,81.93148803364777,79.40082809107095,76.87965819730758,74.35493729381037,71.81529948934778,69.25140568401193,66.65825717699146
56.07332288340014,58.14198690227154,60.15146729538523,62.12146985419642,64.0717502761296,66.02209145478677,67.99229151713065,70.0021573459913,72.07150098238762,74.20031705471385,76.30931960105261,78.29940276771502,80.07146147067841,81.56817387809612,82.89934903197081,84.21657900121386,85.67145607863908,87.3494393943347,89.07145496588795,90.61788307836366,91.87145452070509,92.73275688715047,93.07145440200625,92.77981621520087,91.87145452070509,90.40550048595514,88.5018180723319,86.29545449919688,83.92145709572259,81.49333269186569,79.03842581066478,76.56254093657748,74.07148365465883,71.5710615034163,69.06708546746843,66.56537256444194,64.0717502761296
54.26755363783727,56.335801843600024,58.34502977968546,60.31487585570605,62.26505764480055,64.21533587105834,66.18549543251086,68.19533512337512,70.26466192483655,72.39346731033106,74.50246335810252,76.49254270363306,78.2645992041385,79.7613103372669,81.09248467357666,82.40971404648081,83.86459064481511,85.54257357467229,87.26458887843313,88.81101682604725,90.06458817174945,90.92589048624058,91.2645879833268,90.97294981173837,90.06458817174945,88.59863425295654,86.69495206200479,84.48858890424303,82.11459225933396,79.68646920486782,77.23156471796386,74.75568410487527,72.26463441892409,69.76422581427929,67.26027391526311,64.7586039223485,62.26505764480055
53.1266630786929,55.21723024041074,57.2596128959685,59.273149940791384,61.27657658457075,63.28726065003421,65.32051174109385,67.38920547250359,69.50405647323669,71.65885965209804,73.78493047475713,75.79987434067716,77.62385675317711,79.21800052529711,80.686983485074,82.16305197845227,83.7644931101802,85.54206054825508,87.32854538821259,88.94263758626657,90.34145150745012,91.47325830399043,92.00308338903133,91.57910701148606,90.34145150745012,88.53665499386578,86.34731503281125,83.92481905302327,81.40416773908308,78.88900819245575,76.38562456253493,73.88392969939035,71.37875189700111,68.86696660987238,66.34637087310442,63.81585241120436,61.27657658457075
51.75832471281059,53.82486685776118,55.833058568225624,57.802262196479035,59.75203898288828,61.70205869166645,63.67205192387178,65.68178426688618,67.7510419261035,69.87980341932952,71.98877277633318,73.97883642770255,75.75088388223588,77.24758978157134,78.57876075995355,79.89598768355472,81.35086231414925,83.02884365927613,84.75085786314932,86.29728513363723,87.55085608241872,88.41215818352109,88.7508556076235,88.45921749853471,87.55085608241872,86.08490263988938,84.18122136350298,81.97485991177848,79.60086638247611,77.1727488702698,74.71785421727532,72.24199110498651,69.75097261702152,67.25061964996587,64.74676688218214,62.245273115668255,59.75203898288828
51.11334229582451,53.188316588583746,55.20684872278056,57.18867967282547,59.15339996292907,61.12023034686182,63.10780578481331,65.1340335400284,67.21613982212926,69.3522884889458,71.46612354381672,73.4632629239674,75.25014553522323,76.77501361043599,78.1467826243731,79.51193626679878,81.01212663661494,82.72150426856597,84.46410776447155,86.03236826696846,87.33358494887243,88.28650259678955,88.69222481744173,88.35397442809594,87.33358494887243,85.75813029169366,83.76656963179013,81.49634662352675,79.08028237111677,76.62766779144219,74.15927081558314,71.67624410932484,69.18128603647354,66.67772228167975,64.16915662158786,61.659517373435804,59.15339996292907
39.34307738223267,41.3870714506223,43.38150621645653,45.34215710971597,47.286532883454626,49.23310128982175,51.2008724064518,53.20916996091228,55.27750320975686,57.40567776720246,59.5142901684828,61.50414391530201,63.276070377803165,64.77270627225636,66.10383233585782,67.42102649789281,68.87587480805809,70.5538349557537,72.2758344474098,73.82225266055696,75.0758183000589,75.9371175468336,76.27581399469068,75.98417672160895,75.0758183000589,73.60987122811215,71.70620218507952,69.49986355344865,67.12591169842275,64.69786831828164,62.24310519818039,59.7674761562475,57.27687490265646,54.77726591244618,52.27473837210958,49.775599400650535,47.286532883454626
40.33271657433254,42.38189412332695,44.37950160456809,46.34212888518557,48.2877542807292,50.235121833915315,52.20340773825714,54.21203779138554,56.28058530828983,58.408895929117776,60.51759108673909,62.507493500107756,64.27944801553596,65.77610014143012,67.1072366191484,68.42443837746048,69.8792927904573,71.55725785315235,73.2792607561071,74.82568106937,76.07924793993041,76.94054784853631,77.27924452275485,76.98760705582859,76.07924793993041,74.61329939084186,72.7096275112761,70.50328358839374,68.12932207048817,65.70126150176094,63.24646788442024,60.77078457264871,58.28008658772295,55.780305132137045,53.27747043973285,50.77778586775315,48.2877542807292
41.32517021433472,43.378480994541505,45.378613982845906,47.34281280993245,49.28943119399379,51.23743350546901,53.206128192130194,55.21502222940072,57.283739843175624,59.412158470213825,61.52091931630106,63.51086035805976,65.28283713975196,66.77950214880244,68.1106468923276,69.42785467987166,70.88271393672585,72.56068290047932,74.28268851099332,75.82911049112334,77.08267833877721,77.94397877267957,78.28267562656157,77.99103800578067,77.08267833877721,75.61672861727828,73.71305448634857,71.50670636377869,69.13273717638305,66.70466296488826,64.24984514131886,61.77411875380852,59.28334398767696,56.783425628824574,54.280347094509466,51.780229304845264,49.28943119399379
42.31986915382838,44.376472590987845,46.37861470607533,48.34406269358023,50.29146994699595,52.23997636602245,54.208995626374715,56.21809923827334,58.28695187831329,60.41545623789639,62.52426922392388,64.51424092614225,66.28623538098375,67.7829106155616,69.11406191973569,70.43127449272393,71.88613759417345,73.56410965421206,75.28611741372346,76.83254071684935,78.08610934002391,78.94741019085484,79.28610718733593,78.99446944444037,78.08610934002391,76.62015868798093,74.71648277013858,72.5101313142629,70.1361560395528,67.70807099967423,65.25323396325959,62.77747338541688,60.286637674540216,57.78661064452548,55.2833385380021,52.782876793393,50.29146994699595
43.316357465251556,45.375581953046606,47.37932163941855,49.345762237029845,51.29379607935208,53.24270279767438,55.211979749829425,57.22124973290275,59.29020955614439,61.41878196670801,63.52763633810483,65.51763237623041,67.28964085851422,68.78632420919898,70.11748072060996,71.43469709183272,72.88956324475414,74.56753776232419,76.28954722749978,77.83597158068983,79.08954081939626,79.95084200114388,80.28953911080603,79.99790127098794,79.08954081939626,77.6235894287791,75.71991209266086,73.51355799113125,71.13957788489373,68.71148425045075,66.25663196457094,63.78084424915315,61.28996016421934,58.78984687493565,56.28642110814883,53.78568629709298,51.29379607935208
44.31427061148776,46.375580278022056,48.38058980566859,50.34781896457429,52.29635042273655,54.24557497787649,56.21505650898895,58.22445856091484,60.29350346357485,62.42212988939677,64.5310171095619,66.52103246354096,68.2930520795734,69.78974187207976,71.12090251650662,72.43812190240578,73.8929904772913,75.5709669454105,77.29297776437511,78.83940295100265,80.0929726782575,80.95427412265406,81.29297132214815,81.00133340540253,80.0929726782575,78.62702070143308,76.72334223962699,74.51698603823587,72.1430020971981,69.7149016412004,67.26003725167368,64.78422799671334,62.29330551589095,59.7931237582265,57.28957601740896,54.78862442974568,52.29635042273655
45.31331756639071,47.3762853051675,49.38230387306871,51.35015937150159,53.29908597164861,55.24856286907706,57.21820680539173,59.22771369301432,61.29682612832835,63.42549542807956,65.5344087210721,67.5244394063258,69.29646785932133,70.79316276474474,72.12432668956691,73.44154846822626,74.8964189654317,76.57439698170607,78.29640887517527,79.84283472330321,81.09640483831947,81.95770649118074,82.29640376197452,82.00476578417147,81.09640483831947,79.63045239622173,77.72677304095563,75.52041517290041,73.14642818817066,70.71832231787337,68.2634483215885,65.78762197040794,63.29666901388305,60.79643291008587,58.29278834972192,55.79166467886158,53.29908597164861
46.41326626956151,48.47755195676176,50.484372136504625,52.452725049769924,54.401965390324406,56.351642619251024,58.32141547605286,60.33100557974865,62.40017161896296,64.52887494902834,66.63780893650562,68.62785179037112,70.39988725733254,71.89658622090602,73.22775274939124,74.54497642719184,75.99984845014731,77.6778276951953,79.39984044150032,80.94626681466193,82.19983723744475,83.06113905576464,83.39983638314904,83.10819835688466,82.19983723744475,80.7338844260591,78.8302043616527,76.6238451707635,74.24985577024813,71.82174560260079,69.36686398137198,66.89102406073987,64.4000469150885,61.8997676750092,59.39604626344274,56.89478599273711,54.401965390324406
47.41393185551744,49.47926482090268,51.48672170466107,53.45546959843105,55.404959028028486,57.354795289971705,59.32467048325125,61.33432664058154,63.40353522725405,65.53226556798765,67.6412159809831,69.63126849319002,71.40330952717991,72.90001171172503,74.23118030674632,75.54840549190025,77.0032787258466,78.68125894617415,80.40327236937601,81.94969915925736,83.20326982631482,84.06457177595934,84.40326914825975,84.11163108353158,83.20326982631482,81.73731672182501,79.83363609457325,77.62727585374884,75.25328453581955,72.8251709573521,70.37028328416667,67.89443259334497,65.40343624842771,62.90312276996994,60.39934035811261,57.89797165712429,55.404959028028486
48.41516716706007,50.48133212863241,52.48929465747125,54.45835616225813,56.40804334003906,58.358005845349595,60.32796227084421,62.33767085812491,64.40691321600644,66.53566499561927,68.64462844574285,70.63468862384829,72.40673407641685,73.90343881745886,75.2346090526955,76.55183543423904,78.00670962935092,79.6846906237592,81.40670458421484,82.95313170484701,84.20670256578543,85.06800461966243,85.40670202761274,85.1150639323558,84.20670256578543,82.74074922865866,80.83706815467593,78.63070708051671,76.25671424073272,73.82859795508855,71.37370547844017,68.89784623924483,66.4068346556437,63.90649400148112,61.40266317148665,58.90120840244981,56.40804334003906
49.41685513415051,51.48368093781636,53.49204498200098,55.46135547236176,57.41119963201726,59.36126234858686,61.33128325298392,63.341033455925896,65.41030261883323,67.53907141480933,69.64804521262533,71.63811147520124,73.41016043481392,74.90686720495512,76.23803874203445,77.55526607315461,79.01014103114503,80.6881226399421,82.41013702681656,83.95656440996595,85.21013542478784,86.07143756139422,86.41013499763983,86.11849687815221,85.21013542478784,83.74418190301691,81.84050047446345,79.63413873888547,77.26014469120318,74.83202625686704,72.37712996769386,69.90126394360671,67.41024026491783,64.90987804095198,62.406008780086864,59.90448569446248,57.41119963201726
50.418902666927764,52.48625328795987,54.4949361314369,56.46444428737125,58.41441306192016,60.364555323673756,62.334627408065614,64.34441064262849,66.41370108120259,68.54248338327268,70.6514653941313,72.64153648598156,74.41358822914702,75.91029660978927,77.24146918014367,78.55869726494426,80.0135728284323,81.69155492487042,83.41356965019389,84.9599972417034,86.21356837866271,87.07487058093145,87.4135680396351,87.12192990091555,86.21356837866271,84.74761471033956,82.84393300036307,80.63757073981637,78.26357573342366,75.83545559366681,73.380556278482,70.90468486919548,68.41365159054321,65.91327224634097,63.409372482010696,60.907795170745516,58.41441306192016
51.52123577179874,53.58900313398266,55.59793908195927,57.56760415389397,59.51767184687803,61.467877248382905,63.437989956288874,65.4477994088533,67.51710673425261,69.64589975624101,71.75488828584233,73.74496321070717,75.51701716318621,77.0137268220865,78.34490021255299,79.66212889555078,81.117004939623,82.79498742310226,84.51700241705299,86.06343017393804,87.31700140783789,88.17830366222293,88.51700113875151,88.2253629847676,87.31700140783789,85.8510476231962,83.94736568985397,81.74100301263917,79.36700724531697,76.93888575196499,74.48398403502777,72.00810835148854,69.51706745328619,67.01667452057181,64.5127505450816,62.011130193177294,59.51767184687803
52.523795651795425,54.59189390352017,56.601030786886824,58.57082042123726,60.52096663309915,62.47122215161701,64.44136710364047,66.4511973659421,68.52051809462331,70.64931962509493,72.75831332865496,74.7483912957962,76.52044700181261,78.0171576752685,79.34833171665913,80.66556087444673,82.1204372999591,83.79842009063323,85.52043529779363,87.0668631859374,88.320434496779,89.18173679252874,89.52043428320496,89.22879611710573,88.320434496779,86.85448061981518,84.95079850918745,82.74443550126281,80.3704391299901,77.94231656228791,75.48741293907506,73.01153386304844,70.52048691717106,68.02008319913949,65.51614000689638,63.01448549253091,60.52096663309915
53.62653559671021,55.69489655244941,57.70419294746405,59.674081458476294,61.62428999538929,63.57458529367101,65.54475583863164,67.55460261794484,69.62393398494392,71.7527422686525,73.86174007880471,75.85182046060905,77.6238775584115,79.12058903712172,80.45176359515165,81.76899312978038,83.22386985804212,84.9018528925371,86.62386826892214,88.17029626124602,89.42386763315639,90.2851699617373,90.62386746364255,90.33222928792736,89.42386763315639,87.95791368291643,86.05423143157708,83.84786816116781,81.47387131053902,79.04574789012379,76.59084275389681,74.11496098524435,71.62390923930266,69.12349696089107,66.61953851608537,64.11785688627403,61.62428999538929
54.729418505498245,56.79798801795981,58.80741103580445,60.77737803246221,62.72763603968434,64.6779629123601,66.64815377092981,68.65801366000045,70.72735347071736,72.85616711450476,74.96516818407298,76.95525048240094,78.72730868486626,80.22402080270788,81.55519577079495,82.8724256045229,84.32730257307708,86.00528580109281,87.72730131179156,89.27372938680328,90.52730080718393,91.38860316182297,91.7273006726407,91.43566248929332,90.52730080718393,89.06134679878465,87.15766443576241,84.9513009570189,82.57730372592482,80.14917962871036,77.69427329160192,75.21838938580663,72.72733383003785,70.22691475720528,67.72294420629669,65.22124105451178,62.72763603968434
55.83241491393805,57.90114998848466,59.91067351849884,61.88070281378285,63.831000087431875,65.78135202146075,67.75155900325595,69.7614292976719,71.83077581022201,73.95959370832641,76.06859736490213,78.05868118437856,79.83074026361638,81.32745288873733,82.65862818228715,83.9758582534104,85.43073541268484,87.10871879429816,88.8307344116018,90.3771625522429,91.63073401109445,92.49203638641586,92.83073390430742,92.53909571490234,91.63073401109445,90.16477995653409,88.26109750486906,86.05473386077053,83.68073632770083,81.25261169331023,78.79770440306064,76.32181880101129,73.8307602213722,71.33033575577713,68.8263555961627,66.32463536210521,63.831000087431875
56.93550142548118,59.00436792596348,61.01397123982473,62.98404998441396,64.93437842499107,66.88475025069522,68.85497002969404,70.8648485829161,72.93420041474624,75.06302168951663,77.17202739940616,79.16211242622062,80.93417220135387,82.43088522910296,83.76206078097285,85.0792910405169,86.53416835116619,88.21215185468999,89.93416755660601,91.48059574933717,92.73416723872309,93.59546963046009,93.93416715396617,93.64252895975311,92.73416723872309,91.26821314752465,89.36453062550378,87.15816685016287,84.78416907741493,82.35604401666711,79.90113596990841,77.42524902153959,74.93418804184772,72.43375929599719,69.9297715098939,67.42803771745706,64.93437842499107
58.32527008958532,60.443093307634385,62.52665161753819,64.59398567878624,66.66167713890047,68.74336882778506,70.84862392436428,72.98254727752891,75.14660942613709,77.32903715903491,79.47306850857768,81.51392559598196,83.39107757867046,85.08162031092466,86.6799060281507,88.29561628272452,90.01778319387358,91.87328320392407,93.70855914987328,95.37251776943414,96.87396370360605,98.18223285399282,98.82638842300452,98.32411030991791,96.87396370360605,94.82015133546082,92.39222105213682,89.76854429692175,87.09972371471211,84.49169163737174,81.9348771639117,79.40422257632758,76.88305565447865,74.35833716290867,71.8187029220543,69.25481540052333,66.66167713890047
56.076855936227005,58.145520531106314,60.155001273910855,62.12500404946395,64.07528460800795,66.02562587385535,67.995825992293,70.00569185735455,72.07503551706701,74.20385160419426,76.3128541595334,78.30293733148798,80.07499603750173,81.57170844668427,82.9028836016913,84.22011357176025,85.674990649849,87.35297396607899,89.07498953800312,90.62141765070714,91.87498909318242,92.73629145969977,93.07498897458015,92.78335078775372,91.87498909318242,90.40903505827188,88.50535264434026,86.29898907062996,83.92499166610507,81.49686726037929,79.04196037586235,76.56607549587366,74.07501820343481,71.57459603343045,69.0706199640533,66.56890700159643,64.07528460800795
54.27108579839425,56.33933491813826,58.34856340918142,60.31840982920281,62.26859183513116,64.21887019978571,66.18902985027788,68.19886959860594,70.26819643707879,72.39700184606824,74.50599790812683,76.49607726205812,78.26813376740569,79.76484490333561,81.09601924144279,82.413248615658,83.86812521504555,85.54610814575102,87.26812345010062,88.81455139807719,90.06812274399184,90.92942505859719,91.26812255572248,90.9764843841006,90.06812274399184,88.60216882494402,86.69848663350271,84.49212347482774,82.11812682825098,79.69000377081818,77.23509927865037,74.75921865619395,72.26816895354303,69.7677603191161,67.26380836703524,64.76213827978408,62.26859183513116
53.130163580830356,55.22072814610357,57.26310684818276,59.27663867088006,61.28005899101785,63.29073595965592,65.32397973482435,67.3926667331051,69.50751258681122,71.66231285073795,73.78838176823601,75.8033228714907,77.62729956358727,79.22143278403493,80.6904012176727,82.16645352990935,83.76788024682332,85.5454381645246,87.33191695651999,88.94600290270023,90.34480372849342,91.47658727283768,92.00639678036283,91.58243111560695,90.34480372849342,88.54003846072621,86.3507268024812,83.92825350860898,81.40761824340234,78.89246848048884,76.38909038517804,73.8873984934773,71.38222232319802,68.8704383518535,66.34984454488769,63.8193294450364,61.28005899101785
51.76185321332036,53.828397657491536,55.83659076489481,57.80579525940112,59.755572591966825,61.70559264938902,63.67558610592167,65.68531859372005,67.75457634619394,69.88333789862108,71.99230729162505,73.98237096416267,75.75441843089723,77.25112433729205,78.58229532020347,79.89952224710828,81.35439688035692,83.0323782276213,84.75439243297802,86.30081970437925,87.55439065369612,88.4156927550863,88.75439017928716,88.46275207011405,87.55439065369612,86.08843721052438,84.18475593290441,81.9783944788788,79.60440094537407,77.1762834256923,74.72138875943381,72.24552562353992,69.7545070934953,67.25415405139682,64.75030114990935,62.248807145716725,59.755572591966825
51.11686787968096,53.191841452615776,55.21037248077215,57.192201951046926,59.15692041996148,61.123748720807114,63.111321966645434,65.13754766300276,67.21965234375271,69.3558000928739,71.46963454367065,73.46677304177639,75.25365380342613,76.77851838232127,78.1502823949006,79.51543019267278,81.01561509517205,82.72498897253311,84.46759002093003,86.03584794059401,87.33705903075888,88.28996609735097,88.69568071697313,88.35743560131465,87.33705903075888,85.76161731692179,83.7700672831148,81.4998521325782,79.08379311975038,76.6311816136755,74.16278633793007,71.67976053322892,69.18480295228862,66.6812395923863,64.17267450876987,61.66303625735648,59.15692041996148
39.3446302331006,41.388633400584794,43.38307374116238,45.34372810916591,47.288106080715686,49.23467589293806,51.20244791531694,53.21074605485276,55.27907968075402,57.407254477645836,59.515867024565566,61.50572085703223,63.27764736890376,64.77428329192281,66.10540937385225,67.42260354925605,68.87745187016182,70.55541202650745,72.2774115241672,73.82382974101037,75.0773953826789,75.93869463061839,76.27739107887385,75.98575380545097,75.0773953826789,73.61144830813251,71.7077792601078,69.50144061916473,67.1274887471329,64.69944533674135,62.24468216296782,59.76905302552606,57.278451601701605,54.77884230798611,52.276314227151985,49.77717429569017,47.288106080715686
40.334274364344076,42.38345917264145,44.381071092892874,46.34370113707278,48.28932827930015,50.236696949245825,52.2049835728635,54.21361409052301,56.28216190676055,58.41047271766185,60.51916799088646,62.50907047223697,64.28102502685172,65.7776771754191,67.10881366768453,68.4260154366076,69.88086985812919,71.55883492768982,73.28083783540967,74.82725815160617,76.08082502388615,76.94212493341654,77.28082160795128,76.98918414075425,76.08082502388615,74.61487647273427,72.71120458920623,70.50486065893278,68.13089912752949,65.70283853479211,63.24804487485059,60.77236148727023,58.28166336721932,55.78188167070704,53.27904654920148,50.77936121492527,48.28932827930015
41.3267319469693,43.38004851258263,45.38018503320147,47.34438605730216,49.29100582914613,51.23900902758146,53.20770428537344,55.21659869144116,57.28531654283684,59.41373532075198,61.52249625859943,63.512437354317484,65.28441416711287,66.7810791941594,68.1122239492308,69.42943174519687,70.88429100881724,72.56225997801991,74.28426559231602,75.83068757477442,77.08425542379315,77.94555585842929,78.28425271256222,77.99261509156642,77.08425542379315,75.61830570065652,73.71463156658197,71.50828343814574,69.13431424003687,66.70624000948499,64.25142215210263,61.7756957044206,59.284920831033375,56.785002280936084,54.281923405974794,51.781805011060015,49.29100582914613
42.32143402995944,44.37804207400957,46.38018699843053,48.34563673196271,50.29304508776991,52.241552211147564,54.21057192495863,56.21967582963396,58.28852865829869,60.41703313764276,62.52584619650406,64.51581794155132,66.28781242107992,67.78448766994146,69.1156389832799,70.43285156295275,71.88771466977258,73.5656867341363,75.28769449664952,76.83411780162345,78.08768642588132,78.94898727729462,79.28768427397489,78.99604653090877,78.08768642588132,76.6217357725385,74.71805985220008,72.51170839166825,70.13773310845502,67.70964805345069,65.25481099019825,62.77905036459589,60.28821456858607,57.788187386766566,55.284915009829206,52.7844527846966,50.29304508776991
43.31792484539978,45.377152999184744,47.38089491894824,49.34733690380601,51.29537162166939,53.24427889926909,55.21355621143044,57.22282642691994,59.29178639988896,61.420358905513126,63.52921333472048,65.51920940684023,67.29121790871855,68.7879012707404,70.11905778942517,71.43627416595353,72.89114032313742,74.56911484414029,76.29112431169844,77.83754866635527,79.09111790592152,79.95241908813139,80.29111619795165,79.99947835799816,79.09111790592152,77.62516651427268,75.72148917617332,73.51513507094813,71.14115495796159,68.71306131151321,66.25820900433197,63.78242125100647,61.29153709849973,58.79142368871999,56.28799770727838,53.78726251474518,51.29537162166939
44.31583998478726,46.37715256702458,48.38216386960204,50.34939413046412,52.297926283904786,54.24715128309069,56.216633100000706,58.22603533642011,60.29508035792881,62.423706859204216,64.53259412525507,66.52260950621584,68.29462913780064,69.79131893930531,71.12247958950545,72.43969897961574,73.89456755788436,75.5725440287282,77.29455484958385,78.8409800373756,80.09454976531286,80.95585121007629,81.29454840969586,81.0029104928428,80.09454976531286,78.62859778766959,76.72491932429108,74.51856311996677,72.14457917357231,69.71647870804586,67.26161430161198,64.78580501656374,62.294882482107,59.794700628799376,57.29115271759315,54.790200827097166,52.297926283904786
45.31488852526746,47.37785858203283,49.383878560140815,51.35173493376348,53.30066208598089,55.25013933594161,57.21978349913201,59.22929053320276,61.298403062853296,63.42707242249446,65.53598575190743,67.52601645857685,69.29804492391642,70.79473983648187,72.1259037658863,73.443125547888,74.89799604777866,76.5759740662156,78.29798596118567,79.84441181023767,81.09798192579558,81.95928357894802,82.2979808498414,82.00634287195307,81.09798192579558,79.63202948304789,77.72835012653375,75.52199225615048,73.14800526716908,70.71989938930881,68.26502537960462,65.78919900454294,63.298246005447325,60.79800982573474,58.29436513012246,55.79324121886967,53.30066208598089
46.414838489194224,48.47912601857839,50.48594731851353,52.45430092677455,54.40354170565101,56.35321921444114,58.32299225133835,60.33258247127989,62.4017485853731,64.53045196297472,66.63938597935947,68.6294288502229,70.40146432698187,71.898163296224,73.22932982834618,74.54655350879963,76.00142553388633,77.67940478065074,79.40141752814704,80.94784390204205,82.20141432525479,83.0627161438058,83.40141347126925,83.10977544493717,82.20141432525479,80.7354615133533,78.83178144795633,76.62542225521935,74.25143285132944,71.8233226776793,69.3684410457995,66.89260110621271,64.40162392677229,61.90134462643677,59.39762310751685,56.896362645990195,54.40354170565101
47.4155050772542,49.480839506293336,51.488297279723085,53.457045725336684,55.40653550292089,57.35637198702878,59.32624732326521,61.33590357286599,63.40511221897242,65.53384259743652,67.64279303337625,69.63284555907451,71.40488660084077,72.90158878988515,74.2327573877931,75.5499825750526,77.00485581069051,78.68283603238038,80.40484945652777,81.95127624699123,83.20484691438989,84.06614886421787,84.40484623658102,84.11320817179912,83.20484691438989,81.73889380949066,79.83521318145267,77.62885293916169,75.254861618554,72.82674803532214,70.37186035368299,67.89600964781681,65.40501327608072,62.90469974979621,60.40091725272811,57.899548400271556,55.40653550292089
48.41674118507713,50.4829073093059,52.49087054463939,54.459932487566746,56.40961994160193,58.35958262326787,60.329539162236955,62.339247822756704,64.4084902278125,66.53724203737272,68.64620550570737,70.636265694521,72.4083111532617,73.90501589787478,75.23618613540258,76.55341251861731,78.00828671507179,79.68626771056135,81.40828167176744,82.95470879286162,84.20827965407088,85.06958170809347,85.40827911609355,85.11664102079399,84.20827965407088,82.74232631661914,80.8386452420124,78.63228416668915,76.25829132477932,73.83017503535363,71.37528255199548,68.89942330085924,66.40841169597174,63.90807100384819,61.40424010621922,58.90278521695345,56.40961994160193
49.41842978474968,51.48525651181794,53.49362111697593,55.46293195517849,57.412776334133014,59.36283919069065,61.33286018515844,63.342610446232726,65.41187964658332,67.54064846632903,69.64962227859934,71.63968854967439,73.41173751418593,74.90844428716147,76.2396158260593,77.5568431585059,79.01171811756191,80.6896997272172,82.41171411468733,83.95814149820342,85.21171251324026,86.07301464996219,86.41171208624732,86.12007396672587,85.21171251324026,83.74575899121139,81.84207756216266,79.63571582566078,77.26172177629121,74.83360333895368,72.37870704445493,69.90284101089023,67.41181731530617,64.91145506121015,62.40758574666181,59.906062565606305,57.412776334133014
50.42047781996975,52.48782917428599,54.49651246315176,56.46602089522466,58.41598984385395,60.36613221672532,62.33620437261014,64.34598765331421,66.41527812160767,68.54406044254395,70.65304246487503,72.64311356347113,74.41516531052483,75.91187369341671,77.24304626521443,78.56027435106782,80.01514991540165,81.69313201252092,83.41514673831718,84.96157433011773,86.21514546724765,87.0764476696081,87.41514512834311,87.1235069895967,86.21514546724765,84.74919179871978,82.84551008835018,80.63914782707019,78.2651528193383,75.8370326771992,73.3821333577875,70.90626194097862,68.41522864891652,65.9148492807996,63.41094947385986,60.90937208684758,58.41598984385395
51.52281132385812,53.590579268289105,55.59951556986162,57.569180861003176,59.519248692169185,61.4694541818741,63.439566946526455,65.44937643571414,67.5186837847021,69.64747682166478,71.75646536037183,73.74654029059086,75.51859424615603,77.01530390684184,78.34647729845392,79.66370598228733,81.11858202703081,82.79656451105072,84.51857950537669,86.06500726249277,87.31857849652803,88.17988075098582,88.5185782275393,88.22694007353408,87.31857849652803,85.85262471172383,83.94894277806962,81.74258010027279,79.36858433188763,76.94046283664493,74.48556111635277,72.00968542684302,69.51864451799722,67.01825156630156,64.51432755699149,62.01270714496455,59.519248692169185
52.52537152069907,54.5934702347043,56.60260739877735,58.572397207134756,60.522543528680686,62.472799117206634,64.44294411427121,66.45277440564135,68.52209515304516,70.65089669540197,72.75989040618927,74.74996837758012,76.522024086046,78.0187347609191,79.34990880321894,80.66713796166978,82.1220143877149,83.79999717881819,85.5220123862764,87.06844027460352,88.32201158555263,89.18331388136012,89.52201137205613,89.23037320593994,88.32201158555263,86.85605770845982,84.95237559758448,82.74601258919789,80.37201621708151,77.94389364787862,75.48899002200298,73.0131109412375,70.52206398691239,68.02166025381521,65.51771703472886,63.01606247264267,60.522543528680686
53.62811171718404,55.69647303993045,57.705769657777935,59.67565830691369,61.62586693088862,63.5761622847381,65.54633286544883,67.55617966783412,69.62551104969349,71.75431934283539,73.86331715872393,75.85339754390118,77.62545464364779,79.12216612348283,80.45334068223441,81.77057021738958,83.22544694607419,84.90342998090975,86.62544535753116,88.1718733500006,89.42544472199626,90.28674705062302,90.62544455254397,90.33380637681533,89.42544472199626,87.95949077165392,86.055808520118,83.84944524934211,81.47544839804371,79.04732497643738,76.59241983809693,74.11653806568326,71.62548631303656,69.12507402266729,66.62111555655584,64.11943388886772,61.62586693088862
54.73099482570065,56.799564629515885,58.80898782424575,60.778954930541076,62.729213006867894,64.67953992364926,66.64973081059445,68.65959071797766,70.72893054048926,72.85774419176397,74.96674526588512,76.95682756689015,78.72888577089856,80.22559788963295,81.55677285829282,82.87400269243858,84.32887966132837,86.00686288961444,87.72887840050082,89.27530647562803,90.52887789607638,91.39018025075185,91.72887776158203,91.43723957822395,90.52887789607638,89.06292388759584,87.15924152441761,84.95287804538313,82.57888081375756,80.15075671559772,77.6958503768118,75.21996646803123,72.72891090694068,70.22849182461725,67.7245212567981,65.22281807494983,62.729213006867894
55.833991392701165,57.902726698533044,59.9122503689554,61.882279751264406,63.83257707976409,65.78292904880053,67.75313605311774,69.76300636206852,71.83235288398016,73.96117078802729,76.07017444821666,78.0602582698179,79.83231735028045,81.32902997611001,82.66020527011449,83.97743534156933,85.43231250111018,87.11029588293805,88.83231150039059,90.37873964112336,91.63231110002866,92.49361347537894,92.83231099328037,92.54067280386685,91.63231110002866,90.1663570454038,88.26267459361495,86.05631094928546,83.68231341579394,81.25418878065295,78.799281489072,76.3233958846532,73.83233730079024,71.33191282766221,68.82793265462573,66.32621239670661,63.83257707976409
56.93707803011672,59.005944714194015,61.01554813950631,62.985626953170865,64.9359554372844,66.88632729077463,68.85654708764943,70.86642565240788,72.93577749166832,75.06459877115546,77.17360448391315,79.16368951241407,80.93574928851942,82.43246231683088,83.76363786906165,85.0808681288689,86.53574543972962,88.21372894342372,89.9357446454579,91.48217283826185,92.73574432769041,93.59704671945036,93.93574424296426,93.64410604874452,92.73574432769041,91.2697902364408,89.36610771432166,87.15974393879745,84.78574616571467,82.3576211043713,79.90271305655585,77.42682610630644,74.93576512326203,72.43533637143257,69.93134857467616,67.42961476330011,64.9359554372844
58.32689107637982,60.44471734416477,62.52828022514694,64.59562019368568,66.66331861526858,68.7450178771732,70.85028052762375,72.98421061667084,75.14827778048472,77.33070830384872,79.47474145815644,81.51560113633406,83.3927583866942,85.08331050655616,86.6816084928434,88.29733159356897,90.01950928260106,91.87501609267645,93.7102962342044,95.3742590933784,96.87571360154136,98.18399702824422,98.82816154200154,98.32587732836338,96.87571360154136,94.82188007433547,92.39392834730904,89.7702325721944,87.10139740750799,84.49335593291421,81.93653596131072,79.40587836532035,76.8847097738665,74.35998992728966,71.82035368442126,69.25646263268762,66.66331861526858
56.07843234749019,58.14709719922705,60.15657809796818,62.126580970172355,64.07686158963482,66.02720289436267,67.99740303781407,70.00726891901856,72.07661258912829,74.20542868285574,76.31443124220839,78.30451441652288,80.07657312389685,81.57328553386641,82.90446068937838,84.22169065981562,85.67656773820022,87.35455105466852,89.07656662675805,90.6229947395639,91.87656618209886,92.73786854864827,93.07656606353964,92.78492787670382,91.87656618209886,90.41061214711672,88.50692973304754,86.30056615908073,83.92656875408734,81.49844434752819,79.04353746153254,76.56765257891226,74.07659528178213,71.5761731034114,69.07219701912722,66.57048403016874,64.07686158963482
54.272661811770035,56.340911339083135,58.35014007759702,60.31998665101764,62.270168753638075,64.22044718000748,66.19060687020479,68.20044664415752,70.26977349913477,72.39857891860126,74.50757498703084,76.49765434470825,78.26971085221504,79.76642198939427,81.09759632830297,82.41482570310282,83.86970230296004,85.54768523404377,87.26970053865591,88.8161284867941,90.0696998328035,90.93100214745976,91.2696996446025,90.97806147296569,90.0696998328035,88.60374591364199,86.70006372198239,84.49370056290022,82.11970391557975,79.69158085682406,77.23667636230893,74.76079573567516,72.26974602557735,69.76933737786979,67.26538540212596,64.76371527280762,62.270168753638075
53.13175981044162,55.22232583436772,57.264706757466655,59.27824151389672,61.28166538658887,63.29234634215045,65.3255942273143,67.39428500820307,69.50913375346187,71.6639356549729,73.7900056427737,75.80494829806989,77.62892820384101,79.22306735213436,80.692043946452,82.16810534915105,83.76954016422826,85.54710343042954,87.33358562014358,88.94767507860132,90.34648326133924,91.47827986871029,92.00809812766278,91.58412644447478,90.34648326133924,88.54170043979677,86.35237288119419,83.9298868425362,81.40924256128304,78.89408730196675,76.39070609736402,73.88901253633475,71.38383544915203,68.87205073861287,66.35145584750342,63.82093885888705,61.28166538658887
51.76342759458022,53.82997306403746,55.83816679437399,57.80737167516605,59.757149251277724,61.70716946416972,63.677163020735975,65.68689557309744,67.75615336715697,69.88491494598347,71.99388435504093,73.98394803701805,75.75599550919348,77.25270141873625,78.58387240366739,79.90109933204536,81.35597396647753,83.03395531469508,84.75596952071336,86.30239679252183,87.55596774207744,88.41726984359596,88.75596726784073,88.46432915863005,87.55596774207744,86.09001429861927,84.18633302044921,81.97997156539748,79.60597803001878,77.17786050700352,74.72296583483026,72.24710268841021,69.75608413960119,67.25573106403908,64.75187810292948,62.25038399274949,59.757149251277724
51.11845001868911,53.19342399601199,55.21195564552765,57.19378594711837,59.1585054391538,61.12533491025157,63.11290938759174,65.13913624058993,67.22124182095924,69.3573900856305,71.4712248757888,73.46836386941672,75.25524567015295,76.78011221323787,78.15187903552193,79.51703011675436,81.01721809073219,82.72659407738162,84.4691965007631,86.03745587143575,87.33867010298272,88.29158311406042,88.6973020038713,88.35905392550347,87.33867010298272,85.76322111771066,83.77166511428008,81.50144554936355,79.08538359300104,76.63277036021532,74.16437412936699,71.68134781818222,69.18638996089241,66.682826379145,64.17426097167184,61.66462216030315,59.1585054391538
39.34701337778547,41.39103050319561,43.38547939534074,45.346139093532294,47.29052043647486,49.23709240524525,51.20486581702005,53.21316485404638,55.28149905834266,57.40967422253857,59.51828699286527,61.508140956712936,63.280067544317234,64.77670351115555,66.10782962119956,67.42502381711077,68.8798721544922,70.55783232410673,72.27983183097587,73.8262500534887,75.07981569848067,75.94111494820692,76.27981139707344,75.98817412312725,75.07981569848067,73.61386861994646,71.71019956426403,69.50386090903628,67.12990901091788,64.70186555412293,62.24710229801758,59.77147301406778,57.2808713291098,54.78126156982539,52.27873265988215,49.77959125580051,47.29052043647486
40.3366650856382,42.385861029612315,44.38347975922477,46.34611404265027,48.2917438642496,50.23911424727683,52.2074019742453,54.21603320448342,56.28458147989025,58.41289258235899,60.521588032916014,62.511490618548876,64.28344523327469,65.7800974166222,67.11123393120253,68.42843571640253,69.88329015100098,71.56125523109318,73.28325814612258,74.82967846681908,76.08324534173693,76.94454525268543,77.2832419277052,76.99160446009284,76.08324534173693,74.61729678741989,72.71362489781393,70.50728095620264,68.13331940409424,65.70525877452593,63.25046504923594,60.774781545366835,58.284083218037594,55.78430115195064,53.28146537221485,50.78177886859544,48.2917438642496
41.32912871620199,43.382454156537435,45.382596095656,47.34680048992683,49.29342239059581,51.24142694960567,53.21012308349751,55.21901805529046,57.28773627119007,59.41615528054639,61.524916359151604,63.51485753764189,65.28683439814867,66.78349945280068,68.11464422558365,69.43185203446885,70.88671130846839,72.56468028603004,74.28668590612776,75.83310789215781,77.0866757432702,77.94797617903188,78.28667303354983,77.99503541222434,77.0866757432702,75.62072601762141,73.71705187872277,71.51070374128767,69.13673452674504,66.70866026696007,64.25384235770957,61.778115817725805,59.28734077981123,56.78742193634933,54.28434253884585,51.78422321549239,49.29342239059581
42.323835621269694,44.3804507322067,46.38259996608504,48.348052377982064,50.29546242483053,52.24397062866484,54.212991038069916,56.22209539185695,58.29094850986709,60.41945317292124,62.52826634350768,64.51823815425335,66.29023267165128,67.78690794242362,69.11805926981985,70.4352718597467,71.89013497480457,73.5681070458028,75.29011481292079,76.83653812072956,78.09010674664916,78.95140759895583,79.29010459594167,78.99846685261387,78.09010674664916,76.62415609131241,74.72048016714511,72.51412869947086,70.14015340321407,67.71206832500724,65.25723122058635,62.781470521721985,60.29063459512014,57.79060718043624,55.287334388690965,52.786871426447874,50.29546242483053
43.320330277829385,45.37956405516983,47.38330940090559,49.349753513765876,51.2977895746873,53.246697710204074,55.21597557460565,57.22524614661539,59.29420634926227,61.4227790007067,63.53163351859391,65.52162964285984,67.29363817479552,68.79032155420816,70.12147808405072,71.43869446871773,72.89356063244016,74.57153515870888,76.29354462992184,77.8399689868287,79.09353822771388,79.95483941063281,80.29353652069557,80.00189868053441,79.09353822771388,77.62758683448243,75.72390949334408,73.5175553824499,71.14357525911069,68.71548159424631,66.26062925438926,63.78484144291434,61.29395718675252,58.79384359213506,56.2904172814187,53.78968150370932,51.2977895746873
44.3182484746727,46.37956552953617,48.38457955481596,50.351811506051845,52.300344726031824,54.24957040637264,56.21905266168858,58.228455181116146,60.29750038493552,62.426127001954555,64.53501433839288,66.52502976074292,68.29704941618458,69.79373923149247,71.12489989054858,72.44211928711852,73.89698787057682,75.5749643456002,77.29697516935667,78.84340035893423,80.09697008791834,80.95827153324456,81.29696873305662,81.00533081603872,80.09697008791834,78.63101810901898,76.72733964322842,74.52098343440463,72.14699947979321,69.71889899964987,67.26403456728093,64.78822523607863,62.2973026193482,59.797120619326535,57.29357244674861,54.79262009171531,52.300344726031824
45.317299447395456,47.38027305990311,49.38629520123415,51.35415291737587,53.303080916454974,55.25255870719096,57.22220321840268,59.231710477120984,61.30082315148124,63.42949260299193,65.5384059882729,67.52843672779352,69.30046521206849,70.79716013558962,72.12832407202308,73.44554585915188,74.90041636316155,76.57839438491578,78.30040628218828,79.84683213265768,81.10040224904644,81.96170390264558,82.30040117369174,82.00876319567257,81.10040224904644,79.63444980530181,77.73077044687324,75.52441257291869,73.15042557741549,70.72231968795373,68.26744565766468,65.79161924597001,63.30066618157207,60.80042988540728,58.296784982327665,55.79566070231925,53.303080916454974
46.41725134529405,48.48154170054518,50.488364718827505,52.45671939319419,54.40596084444513,56.355638782538506,58.32541209569719,60.33500249395664,62.40416872291209,64.53287217343296,66.6418062341611,68.63184913109883,70.40388462288695,71.90058360082466,73.23175013852583,74.54897382304863,76.00384585140463,77.68182510080197,79.40383785012568,80.9502642251457,82.20383464901792,83.06513646792347,83.40383379550815,83.11219576907226,82.20383464901792,80.73788183632513,78.83420176940868,76.62784257383717,74.25385316477087,71.82574298191263,69.3708613336945,66.89502136503175,64.40404413375981,61.90376474099284,59.40004305739561,56.898782303154604,54.40596084444513
47.41791947055853,49.48325614480738,51.49071528297054,53.45946457509797,55.408954886484764,57.358791711387326,59.3286672669158,61.33832365805705,63.40753239533352,65.53626283167519,67.64521330281079,69.6352658492045,71.40730690289945,72.90400909884556,74.23517770118156,75.55240289167091,77.00727612990369,78.68525635368334,80.40726977928114,81.9536965706375,83.20726723855958,84.06856918866896,84.40726656112835,84.11562849626404,83.20726723855958,81.74131413303235,79.8376335037883,77.63127325924756,75.25728193453139,72.829168343991,70.37428064938405,67.89842992044005,65.40743350756462,62.90711990791516,60.40333728013604,57.901968195331264,55.408954886484764
48.41915679985643,50.485324707571394,52.493289026649606,54.462351641673024,56.41203951947492,58.36200247166539,60.33195918470126,62.34166795756772,64.41091043498764,66.53966229048622,68.64862578675624,70.63868599199597,72.41073146020454,73.90743621029554,75.23860645133789,76.55583283711616,78.01070703563019,79.6886880327784,81.4107019951357,82.95712911693857,84.21069997856327,85.07200203280922,85.41069944088568,85.1190613455207,84.21069997856327,82.74474664061304,80.84106556504909,78.63470448794018,76.26071164276945,73.83259534754299,71.37770285389225,68.901843584439,66.41083194689875,63.910491196544115,61.406660195165614,58.90520512147191,56.41203951947492
49.42084636989443,51.487674513438705,53.49603997911538,55.46535135089805,57.4151960662515,59.365259137546985,61.33528027018089,63.345030620428574,65.41429987821611,67.54306873442374,69.65204256886658,71.64210885297912,73.41415782500533,74.91086460232873,76.24203614401605,77.55926347849734,79.01413843918803,80.69212005015979,82.41413443854361,83.9605618226222,85.21413283798877,86.07543497488798,86.41413241123374,86.12249429166039,85.21413283798877,83.74817931556427,81.84449788575579,79.63813614783663,77.26414209587888,74.83602365393725,72.38112735126921,69.90526130316624,67.41423758166543,64.91387528135053,62.41000588445354,59.90848255700929,57.4151960662515
50.42289517584919,52.490247655004595,54.49893162708503,56.468440482747184,58.41840969841114,60.36855224173419,62.33862450728731,64.34840785877073,66.41769837265286,68.54648072252937,70.65546276245895,72.64553387140296,74.41758562442106,75.91429401076384,77.24546658477561,78.56269467224394,80.0175702378752,81.69555233603937,83.41756706256083,84.96399465480783,86.21756579219945,87.0788679947006,87.41756545348373,87.12592731469616,86.21756579219945,84.75161212335757,82.84793041238495,80.64156814998007,78.26757314019395,75.83945299440055,73.3845536685049,70.9086822401569,68.41764892752452,65.91726952272313,63.4133696504216,60.911792147215294,58.41840969841114
51.52522929182014,53.59299812940306,55.601934973382455,57.57160060078145,59.52166864391485,61.47187426891628,63.441987120616076,65.45179666598285,67.52110405115518,69.64989711108797,71.75888566376302,73.74896060219524,75.52101456249439,77.01772422591917,78.34889761928851,79.66612630440368,81.12100235017695,82.7989848350262,84.52099982992777,86.0674275873982,87.32099882164118,88.18230107621065,88.52099855280233,88.22936039876441,87.32099882164118,85.85504503658774,83.95136310245492,81.74500042376525,79.37100465374968,76.94288315560654,74.48798143016805,72.01210573149967,69.5210648063271,67.02067182551464,64.51674776432587,62.01512726007242,59.52166864391485
52.52778997469203,54.59588939782344,56.60502699249271,58.57481706777213,60.52496355757049,62.47521925348694,64.44536431964342,66.45519465560388,68.52451543172761,70.65331699231594,72.76231071418974,74.75238869209939,76.52444440432265,78.02115508136966,79.35232912506429,80.66955828453246,82.12443471139495,83.80241750315645,85.5244327110715,87.07086059967989,88.32443191079385,89.18573420668997,89.52443169741629,89.23279353127418,88.32443191079385,86.85847803350322,84.95479592224798,82.74843291315277,80.3744365397423,77.94631396823735,75.49141033827706,73.01553125024236,70.52448428295862,68.0240805267512,65.52013726648805,63.018482631199575,60.52496355757049
53.630530557079126,55.69889244280496,57.70818940247209,59.6780782634856,61.628287021011246,63.57858246010015,65.54875309565061,67.55859993342783,69.62793133808246,71.75673964569484,73.86573747038277,75.85581786073404,77.62787496346286,79.12458644502335,80.45576100488194,81.77299054084457,83.22786727017792,84.90585030553592,86.62786568251995,88.1742936752126,89.42786504733911,90.28916737603623,90.62786487798124,90.33622670223198,89.42786504733911,87.96191109683977,86.05822884500239,83.85186557366403,81.47786872133851,79.04974529790502,76.59484015632258,74.11895837813928,71.6279066152073,69.1274943064953,66.62353580770137,64.12185408191127,61.628287021011246
54.73341397197413,56.801984222718175,58.81140768878524,60.7813749632617,62.731633145593236,64.68196013003143,66.65215106050385,68.66201099597805,70.73135083658238,72.86016449934236,74.96916558044762,76.95924788555928,78.73130609193467,80.22801821203856,81.55919318157707,82.8764230163637,84.33129998576842,86.00928321446914,87.73129872564331,89.27772680094773,90.53129822149995,91.39260057623122,91.73129808708049,91.43965990370606,90.53129822149995,89.06534421289479,87.16166184947723,84.95529836999631,82.58130113755553,80.15317703794548,77.6982706965864,75.22238678322648,72.73133121397245,70.2309121170903,67.7269415233308,65.22523829536615,62.731633145593236
55.83641078220259,57.90514644281993,59.91467032862468,61.884699844427715,63.83499725706686,65.78534927980392,67.7555563186693,69.76542664991615,71.83477318618813,73.96359109935113,76.0725947650838,78.06267858994448,79.83473767228574,81.33145029920226,82.6626255939041,83.9798556658676,85.43473282581714,87.11271620797412,88.8347318256551,90.3811599665285,91.63473142551622,92.49603380091082,92.83473131882742,92.54309312940093,91.63473142551622,90.16877737079244,88.26509491881366,86.05873127412985,83.68473373999129,81.25660910369928,78.80170181007598,76.32581620202257,73.8347576116802,71.33433312699688,68.83035293337137,66.32863263884914,63.83499725706686
56.93949761270312,59.00836457841025,61.017968174685464,62.98804709430971,64.93837564520695,66.88874754132028,68.85896736561634,70.86884594807132,72.93819779872963,75.06701908545207,77.17602480260952,79.16610983369748,80.9381696112939,82.4348826404681,83.76605819325236,85.08328845346335,86.53816576464845,88.21614926860376,89.93816497081926,91.48459316373481,92.73816465322882,93.59946704502391,93.93816456854987,93.6465263743198,92.73816465322882,91.27221056190069,89.36852803963079,87.16216426382533,84.78816649022903,82.3600414279721,79.90513337853565,77.4292464254014,74.9381854372143,72.43775667621335,69.93376886311532,67.43203502268702,64.93837564520695
58.32933604639959,60.44716402629997,62.53072947347259,64.5980727583413,66.66577508805655,68.74747860140418,70.85274549253627,72.98667936304291,75.15074934233905,77.33318143223839,79.4772155997194,81.51807673232474,83.39523693988565,85.08579432981192,86.6840992037419,88.29982951604656,90.0220132555463,91.87752388299484,93.71280637981681,95.37677161900095,96.87823094037176,98.18652238138135,98.83069191643649,98.32840427814301,96.87823094037176,94.82438553501174,92.39642176994849,89.77271531739049,87.10387196630387,84.4958252161996,81.93900215799306,79.4083428731108,76.88717334435512,74.36245273708866,71.82281537030555,69.2589223367423,66.66577508805655
56.08085163344852,58.14951687919803,60.15899801714177,62.1290010376061,64.0792817505158,66.02962311488525,67.99982329670706,70.0096892026744,72.07903288873328,74.20784899258523,76.3168515580945,78.30693473602906,80.07899344548959,81.57570585666636,82.90688101295287,84.22411098395507,85.67898806279358,87.3569713796274,89.07898695197063,90.62541506493264,91.87898650755915,92.74028887415783,93.07898638906602,92.78734820221575,91.87898650755915,90.41303247246717,88.50935005818707,86.30298648382671,83.9289890781147,81.50086467027717,79.04595778201319,76.57007289535615,74.07901559102974,71.57859339982524,69.07461729267408,66.57290426306282,64.0792817505158
54.27508048737948,56.34333063989294,58.35255975802029,60.32240656675128,62.27258881769475,64.22286733873307,66.19302708983707,68.20286690309734,70.27219378339186,72.40099921892984,74.50999529713238,76.50007466055627,78.27213117137525,79.76884231047083,81.10001665060904,82.41724602630569,83.8721226268834,85.55010555854739,87.27212086356225,88.81854881194838,90.07212015810309,90.93342247283752,91.27211997000697,90.98048179834726,90.07212015810309,88.6061662387672,86.70248404677274,84.49612088706587,82.12212423860464,79.69400117781966,77.23909667970383,74.7632160466621,72.272166325141,69.77175765706127,67.26780564501908,64.76613545117078,62.27258881769475
53.13419088176042,55.224757724578765,57.26713989456425,59.2806762979983,61.28410216509998,63.294785358923534,65.32803555143866,67.39672845588044,69.51157882445258,71.66638164530022,73.79245223396659,75.80739576057499,77.6313774704934,79.22551994665619,80.69450112233608,82.17056762835651,83.77200698967128,85.54957325846615,87.33605735562195,88.95014878583103,90.34896109866331,91.48076503942303,92.0105882112772,91.58661314944598,90.34896109866331,88.54416842263862,86.35483193770932,83.93233874419914,81.41168940136762,78.8965310563811,76.39314810622503,73.89145360803562,71.38627600610354,68.8744908805806,66.3538953808328,63.823377331862986,61.28410216509998
51.765843766565126,53.832390808785505,55.84058549468564,57.809790968029915,59.75956891773467,61.70958936911319,63.67958307912831,65.68931573052782,67.75857358837857,69.88733520770094,71.99630464138409,73.98636833784117,75.75841581836272,77.25512173273438,78.58629272076365,79.90351965140144,81.35839428764913,83.0363756373288,84.75838984436189,86.3048171167951,87.55838806671693,88.41969016843235,88.75838759274444,88.46674948347611,87.55838806671693,86.09243462281933,84.18875334380547,81.98239188717966,79.60839834892641,77.18028082079766,74.72538613955126,72.2495229769844,69.75850439939124,67.25815127249685,64.75429821992854,62.25280394716677,59.75956891773467
51.12087317947767,53.19584738382646,55.214379382176915,57.19621015047322,59.16093021689444,61.12776034497804,63.115335513689686,65.14156301603174,67.22366910145153,69.35981765555498,71.47365263623236,73.47079190804861,75.25767429213238,76.78254193792117,78.15431033758308,79.51946326215938,81.01965296047197,82.72903013127942,84.47163332657902,86.03989351184939,87.34110950697007,88.29402585527984,88.69974714236874,88.36149740074038,87.34110950697007,85.76565643950732,83.77409708471625,81.50387504155196,79.08781143267703,76.63519723050794,74.16680046346022,71.68377386793298,69.18881585549923,66.6852521492068,64.17668655991882,61.66704743418826,59.16093021689444
39.34921687565187,41.39324689995496,43.38770369479313,45.34836831871441,47.29275277722016,49.23932673889196,51.20710143462931,53.21540130104026,55.28373603984001,57.411911543467056,59.52052452024736,61.510378605506105,63.28230526309615,64.77894127042848,66.11006740645358,67.427261621316,68.88210997392281,70.56007015579931,72.28206967117899,73.8284878989312,75.08205354699444,75.94335279837182,76.28204924780312,75.99041197337328,75.08205354699444,73.61610646477504,71.71243740201601,69.50609873358758,67.13214681136219,64.7041033116852,62.24933997949583,59.773710560155806,57.283108633880545,54.78349844435701,52.28096876822161,49.7818260032692,47.29275277722016
40.33887558526192,42.38808181998483,44.38570684226788,46.34834504325782,48.29397734091002,50.24134930702331,52.209638053615265,54.218269942358006,56.286818642089955,58.41513001400047,60.52382562843293,62.5137283104346,64.28568298070995,65.78233519619828,67.11347173140014,68.43067353164187,69.88552797832483,71.56349306814944,73.28549598993368,74.83191631478869,76.08548319214421,76.94678310440324,77.28547977987122,76.99384231187503,76.08548319214421,74.61953463490221,72.71586273967952,70.50951878759082,68.13555721634853,65.7074965527442,63.25270276706476,60.77701915573154,58.28632063685336,55.78653822923704,53.28370184122093,50.784014256993615,48.29397734091002
41.33134480487864,43.384678446542026,45.38482539300078,47.34903290170483,49.29565676965587,51.24366258599393,53.212359529502976,55.221255024091064,57.28997357683413,59.41839280006863,61.52715400875013,63.517095263731406,65.28907216832897,66.78573724849163,68.11688203764211,69.43408985846608,70.88894914205713,72.56691812734346,74.2889237528025,75.83534574213319,77.08891359518034,77.95021403198221,78.28891088685592,77.99727326522574,77.08891359518034,75.62296386721003,73.71928972385336,71.5129415781023,69.138972348373,66.71089806157333,64.25608010439072,61.78035347910958,59.289578289152885,56.78965917458848,54.28657929419602,51.786459112858395,49.29565676965587
42.326056166139395,44.38267780773228,46.384831024059025,48.3502859110782,50.29769752064489,52.24620672294586,54.2152277751598,56.22433254397761,58.29318592937611,60.42169076219939,62.53050403603265,64.52047590749117,66.2924704598847,67.7891457509051,69.1202970912924,70.4375096906951,71.8923728133658,73.57034489049514,75.29235266186843,76.8387759722969,78.09234459975215,78.95364545288442,79.2923424501526,79.00070470658301,78.09234459975215,76.6263939425728,74.72271801486716,72.51636654059249,70.14239123228197,67.71430613263335,65.2594689901681,62.783708223601266,60.29287217631747,57.79284454644015,55.28957137136479,52.78910772794691,50.29769752064489
43.32255437235922,45.381793346536085,47.38554185827273,49.351987937654954,51.30002523971734,53.24893416804832,55.218212542783306,57.22748344425867,59.29644385915418,61.42501664535327,63.533871245190795,65.52386741764573,67.2958759773579,68.79255937284164,70.12371591299527,71.44093230518331,72.8957984749481,74.57377300608307,76.29578248067348,77.84220683965961,79.09577608176363,79.9570772653378,80.29577437562469,80.00413653527161,79.09577608176363,77.62982468706971,75.72614734312296,73.51979322699006,71.1458130940837,68.71771941220086,66.26286704214759,63.787079176935976,61.29619482498498,58.79608105955634,56.29265444455234,53.79191812607297,51.30002523971734
44.320475394658246,46.3817965827575,48.38681312413243,50.35404663746971,52.30258084305508,54.2518071528614,56.22128981331474,58.230692594274274,60.29973796656961,62.428364690549,64.53725209203341,66.52726755263186,68.29928723012,69.79597705818362,71.1271377254237,72.44435712796314,73.89922571621725,75.57720219510298,77.29921302154014,78.84563821276802,80.09920794271952,80.96050938856581,81.29920658855576,81.00756867138554,80.09920794271952,78.6332559626594,76.72957749463981,74.52322128165801,72.14923731945316,69.72113682580216,67.26627236946624,64.79046299561233,62.29954030285158,59.79935816724935,57.29580975313402,54.794856968814926,52.30258084305508
45.31952861506193,47.38250551349333,49.38852965389417,51.356388610678735,53.305317392355576,55.254795682830036,57.22444051565341,59.233947981971795,61.3030607900604,63.431730326469065,65.54064376337845,67.53067453325733,69.30270303503077,70.7993979686762,72.13056191160531,73.44778370347211,74.90265421128825,76.58063223610803,78.3026441355082,79.84906998728746,81.10264010444405,81.96394175845597,82.30263902964332,82.01100105150326,81.10264010444405,79.63668765977812,77.73300829958035,75.5266504223256,73.15266342079545,70.72455752061262,68.2696834713008,65.79385702575306,63.30290390100831,60.802667497228356,58.29902240242515,55.79789778164425,53.305317392355576
46.41948230017843,48.48377526686092,50.49059987309528,52.45895553266662,54.40819760526891,56.35787594008778,58.327649508543715,60.33724007158935,62.40640640669065,64.5351099245973,66.64404402630372,68.63408694733712,70.40612245301391,71.90282143898733,73.23398798184411,74.55121167012749,76.00608370150468,77.68406295333517,79.40607570434761,80.95250208040727,82.20607250488891,83.06737432412207,83.40607165181882,83.11443362528695,82.20607250488891,80.74011969146486,78.83643962314422,76.63008042495332,74.25609101110342,71.82798081973584,69.37309915641926,66.89725916088699,64.40628188171681,61.90600240353257,59.402280567754644,56.90101954301201,54.40819760526891
47.42015184599994,49.48549059508382,51.49295099441848,53.461701068822194,55.41119187350387,57.361029013339845,59.33090477151927,61.340561293460155,63.40977011498816,65.53850060481533,67.64745110847596,69.63750367399459,71.40954473871307,72.90624694103714,74.23741554746516,75.5546407409393,77.00951398157,78.68749420728082,80.40950763421898,81.95593442640049,83.2095050948063,84.07080704517571,84.40950441772404,84.11786635278355,83.2095050948063,81.74355198869864,79.8398713583401,77.63351111172035,75.25951978320742,72.83140618591315,70.37651847932247,67.90066772905193,65.40967127815904,62.909357610711936,60.40557486214091,57.90420556261974,55.41119187350387
48.42139030408312,50.48755985994616,52.4955251805295,54.464588416646976,56.414276686057974,58.3642398882441,60.33419676213765,62.34390563882533,64.41314818311797,66.54190008106889,68.65086360315438,70.64092382357367,72.41296930053167,73.90967405568487,75.24084429997507,76.55807068812237,78.01294488853964,79.69092588722064,81.41293985064178,82.95936697309958,84.21293783510819,85.07423988956052,85.41293729770759,85.12129920228216,84.21293783510819,82.74698449669731,80.84330342024876,78.63694234148974,76.26294949330551,73.83483319271846,71.3799406895562,68.90408140317597,66.41306973546085,63.912728931294,61.40889783403907,58.90744258991282,56.414276686057974
49.42308077085147,51.489910223383376,53.49827648427842,55.46758834915043,57.417433375375055,59.367496645112965,61.33751790542814,63.34726833808227,65.41653764894812,67.54530653885075,69.65428039378352,71.64434668994419,73.41639566891484,74.91310245025613,76.2442739945213,77.56150133088286,79.01637629308416,80.69435790527248,82.41637229450066,83.96279967909908,85.21637069477038,86.07767283183338,86.41637026823518,86.12473214861384,85.21637069477038,83.75041717198025,81.84673574146967,79.64037400224083,77.26637994789127,74.83826150169492,72.38336519147758,69.90749912993954,67.41647538448868,64.91611304146225,62.4122435684657,59.91072010574146,57.417433375375055
50.425130289054316,52.49248380769089,54.50116841114027,56.470677658247496,58.420647120682105,60.37078982152205,62.34086218842124,64.35064560531286,66.41993616132419,68.54871853794475,70.65770059413734,72.64777171264399,74.41982347117394,75.9165318607057,77.24770443676351,78.56493252572423,80.01980809255446,81.69779019168422,83.41980491887585,84.96623251153545,86.21980364916892,87.08110585180009,87.41980331062769,87.12816517180201,86.21980364916892,84.75384998003685,82.85016826850696,80.64380600506257,78.26981099337806,75.84169084420772,73.38679151232013,70.91092007330869,68.41988674166699,65.91950730296496,63.415607370261654,60.91402975967878,58.420647120682105
51.527464970660255,53.595234633618446,55.60417197884408,57.573837916983535,59.52390615599913,61.47411190603002,63.44422483817159,65.45403443545429,67.52334185406511,69.65213493522486,71.76112350080801,73.75119844683012,75.52325241150402,77.01996207745994,78.35113547245321,79.6683641587529,81.1232402054778,82.80122269109343,84.52323768652691,86.06966544432481,87.32323667875974,88.18453893343244,88.52323641005938,88.23159825599123,87.32323667875974,85.85728289347598,83.95360095890086,81.74723827938615,79.37324250786382,76.94512100704038,74.49021927684609,72.0143435697141,69.52330262945372,67.02290962173402,64.51898551260335,62.01736492312206,59.52390615599913
52.530026102680765,54.59812618112633,56.60726417371592,58.57705449566191,60.527201140944754,62.47745693610233,64.44760206610763,66.45743244327464,68.52675324593889,70.65555482337523,72.76454855549419,74.754626539428,76.52668225512349,78.02339293417945,79.35456697916301,80.67179613957134,82.12667256718913,83.80465535955891,85.52667056789615,87.07309845676446,88.32666976803077,89.1879720640088,89.52666955476315,89.23503138859701,88.32666976803077,86.86071589055732,84.95703377895104,82.75067076920098,80.3766743945946,77.9485518209623,75.4936481872273,73.017769092475,70.52672211321601,68.02631833565212,65.52237503733686,63.02072033440112,60.527201140944754
53.632767041685824,55.701129447669345,57.710426723217,59.68031578002987,61.63052466097166,63.58082017883157,65.5509908650602,67.56083773554364,69.6301691612637,71.75897748224844,73.867975315068,75.85805571020063,77.63011281568538,79.1268242988404,80.457998859722,81.77522839643086,83.23010512636365,84.90808816220448,86.63010353952359,88.1765315324225,89.43010290466995,90.29140523343209,90.63010273539933,90.33846455963103,89.43010290466995,87.96414895402552,86.06046670190949,83.85410343005137,81.48010657677668,79.0519831516547,76.59707800707629,74.12119622356123,71.63014445112444,69.12973212546166,66.62577359646538,64.1240918169824,61.63052466097166
54.73565073970968,56.80422140346727,58.81364512028102,60.7836125501761,62.733870830468135,64.68419787742897,66.65438884812554,68.66424880955901,70.73358866688312,72.86240234025682,74.97140342781617,76.96148573672284,78.73354394528559,80.23025606665506,81.56143103700552,82.87866087238443,84.33353784226495,86.01152107134887,87.733536582789,89.27996465825714,90.53353607890531,91.39483843368821,91.73353594455513,91.4418977611656,90.53353607890531,89.06758207018501,87.16389970654632,84.95753622665288,82.58353899345872,80.15541489250852,77.70050854877152,75.22462463117976,72.73356905438175,70.23314994404566,67.72917932631432,65.22747605573284,62.733870830468135
55.838647774708704,57.907383763188506,59.91690784803127,61.88693748719808,63.83723497759169,65.78758704995431,67.75779412074615,69.76766447259709,71.83701102213966,73.96582894372682,76.07483261458214,78.06491644245489,79.83697552653229,81.33368815445326,82.66486344979955,83.98209352223316,85.43697068256034,87.11495406502146,88.83696968291353,90.3833978239169,91.63696928298079,92.49827165841634,92.83696917634697,92.54533098690845,91.63696928298079,90.17101522816561,88.2673327760113,86.06096913100006,83.68697159626353,81.25884695890787,78.80393966339722,76.32805405198498,73.83699545565494,71.33657096029317,68.83259074764105,66.33087041929335,63.83723497759169
56.94173478364189,59.01060200960728,61.02020576387183,62.99028478141496,64.94061339402796,66.89098532952994,68.86120517916638,70.87108377797499,72.94043563916622,75.06925693257494,77.17826265379824,79.16834768727685,80.94040746625127,82.43712049622273,83.76829604951851,85.0855263101026,86.54040362158742,88.21838712578415,89.9404028281672,91.48683102118588,92.74040251074034,93.60170490256795,93.94040242610502,93.64876423186544,92.74040251074034,91.27444841933968,89.37076589693046,87.16440212086513,84.79040434679422,82.36227928369304,79.9073712327586,77.43148427695846,74.94042328401892,72.43999451454246,69.93600668634289,67.43427281906702,64.94061339402796
58.33155661025869,60.44938338870362,62.532947035084646,64.60028799276135,66.66798757999553,68.74968810994915,70.85495202523981,72.98888324215864,75.15295124572884,77.33538223633371,79.47941569283446,81.5202758048155,83.39743393720242,85.08798762893639,86.68628766956348,88.30201292125012,90.0241924149264,91.87970036359243,93.71498120762365,95.37894477667311,96.88040072045195,98.18868653755177,98.83285254899421,98.33056731389584,96.88040072045195,94.82656365039955,92.39860833284607,89.77490937302781,87.10607176663157,84.49802871854375,81.94120782631882,79.4105497265936,76.88938085557683,74.36466078211411,71.82502420402312,69.26113256118244,66.66798757999553
56.083088530268924,58.15175414013133,60.16123549912568,62.13123865659939,64.08151945586506,66.03186087535018,68.00206109263061,70.01192702148167,72.0812707222794,74.21008683548752,76.31908940668622,78.30917258796615,80.08123129935487,81.57794371164728,82.90911886864954,84.22634884017383,85.68122591943177,87.35920923660339,89.08122480918107,90.62765292228744,91.88122436499854,92.74252673164268,93.08122424656644,92.78958605970286,91.88122436499854,90.41527032980503,88.51158791532997,86.30522434060597,83.93122693422984,81.50310252521093,79.0481956348508,76.57231074446331,74.08125343348674,71.58083123042233,69.07685510213943,66.5751420349604,64.08151945586506
54.27731682016737,56.34556755043779,58.354797019371574,60.3246440455563,62.274826433567256,64.2251050420905,66.19526484947923,68.20510469906417,70.27443160275475,72.40323705314464,74.51223314037848,76.50231250911276,78.2743690229926,79.77108016385911,81.10225450513352,82.41948388165893,83.87436048290246,85.55234341510268,87.27435872048969,88.8207866691049,90.07435801539395,90.93566033020056,91.27435782739471,90.98271965571386,90.07435801539395,88.6084040958969,86.70472190359298,84.49835874330887,82.12436209379342,79.69623903113313,77.24133452968984,74.7654538907264,72.2744041586489,69.77399547174298,67.27004342615692,64.76837317267557,62.274826433567256
53.136421198863246,55.226987467033695,57.26936876203146,59.28290400970023,61.28632847724916,63.297010100399675,65.33025867375946,67.39895008802429,69.5137993174566,71.66860149317134,73.79467166018784,75.80961457536392,77.6335950192449,79.22773516011799,80.69671312088659,82.17277604571888,83.77421221677278,85.55177637853862,87.33825913717345,88.9523491837334,90.3511585983299,91.48295739298901,92.01277711728615,91.58880442636836,90.3511585983299,88.54637283755125,86.35704261655177,83.93455444386574,81.41390865293229,78.89875247327608,76.39537074804036,73.89367690749148,71.38849966677842,68.87671483246523,66.3561197598219,63.825602454942114,61.28632847724916
51.768077785714524,53.83462628135017,55.84282185030119,57.81202787123182,59.761806166179454,61.71182683794686,63.68182068976631,65.69155343268831,67.76081134948946,69.88957300623468,71.99854246267475,73.98860617251295,75.76065366074727,77.25735957958139,78.58853057047368,79.90575750319982,81.36063214112525,83.03861349215612,84.760627700127,86.30705497313754,87.5606259233978,88.42192802529513,88.76062544966945,88.46898734034782,87.5606259233978,86.0946724790941,84.19099119930047,81.98462974122006,79.61063620031035,77.18251866745615,74.72762397782515,72.25176080033678,69.76074219614378,67.2603890218125,64.75653588472585,62.2550414617199,59.761806166179454
51.12310904770269,53.198083092738656,55.21661484629831,57.198445287089356,59.16316495044198,61.12999461749338,63.11756930104313,65.1437963477157,67.2259020787222,69.36205042972,71.47588527670283,73.4730243533037,75.25990632803017,76.78477320000952,78.1565404927652,79.52169212379694,81.02188061207833,82.7312569519172,84.47385960553262,86.04211921916897,87.34333397672336,88.29624798317175,88.70196758800076,88.36371901354467,87.34333397672336,85.76788377388823,83.77632677087418,81.50610646679084,79.09004401754711,76.63743049563145,74.16903410485538,71.68600770886216,69.19104980529887,66.68748618640448,64.17892072470293,61.66928181957216,59.16316495044198
39.35201737511491,41.396063783557494,43.39053061632075,45.35120149683582,47.29558991267854,49.242166405697446,51.20994273229927,53.21824365217799,55.28657906989312,57.41475500465856,59.52336824367194,61.513222483144446,63.285149229628956,64.78178528839592,66.11291145742169,67.4301056963555,68.88495406830125,70.56291426575265,72.28491379194224,73.83133202634944,75.08489767831372,75.94619693178835,76.28489338193694,75.99325610689286,75.08489767831372,73.61895059141347,71.71528151966584,69.50894283447025,67.13499088162465,64.70694732747978,62.25218389865009,59.77655430734028,57.28595207454882,54.786341338544474,52.28381068920734,49.78466619570351,47.29558991267854
40.34168497835218,42.390904284317884,44.388537299475914,46.35118047649613,48.296815919187424,50.24418989610686,52.2124799378045,54.221112662966476,56.28966190166747,58.41797361581732,60.52666943840093,62.51657224280824,64.2885269836414,65.78517923995435,67.11631580134924,68.4335176206967,69.88837208272909,71.5663371849156,73.28834011527971,74.83476044541678,76.08832732586856,76.94962723979218,77.28832391582952,76.99668644734575,76.08832732586856,74.62237876491137,72.71870686255443,70.51236289715753,68.13840130161175,65.71034059477564,63.25554673239078,60.77986298455889,58.289164222379284,55.789381380959455,53.28654422031809,50.78685526352415,48.296815919187424
41.334161297156626,43.387505356069184,45.3876586627821,47.35187012738769,49.29849649414454,51.246503907516626,53.215201879385276,55.22409803801705,57.292817018611686,59.42123651350978,61.52999788741144,63.519939239549956,65.29191620015075,66.78858131271646,68.11972612265664,69.43693395864497,70.89179325441897,72.56976224951697,74.29176788178587,75.83818987530896,77.09175773081364,77.9530581689367,78.29175502426224,78.00011740224514,77.09175773081364,75.62580799989455,73.72213385087542,71.5157856945616,69.14181644554247,66.7137421244293,64.2589241063643,61.78319737274026,59.292421989662884,56.79250253074973,54.28942203700164,51.789300765869825,49.29849649414454
42.328878318637194,44.38550825539168,46.38766653016322,48.353124561039216,50.300538155541176,52.249048626074796,54.21807049477157,56.22717579075294,58.296029515782536,60.42453456424306,62.53334796921823,64.52331991779292,66.29531451463714,67.79198983137621,69.12314118826447,70.44035379970323,71.89521693204358,73.57318901696047,75.29519679373878,76.84162010749476,78.09518873690052,78.95648959108142,79.29518658870828,79.00354884483153,78.09518873690052,76.62923807738073,74.72556214518079,72.51921066252244,70.1452353389015,67.717150212018,65.2623130212296,62.78655216866849,60.295715968097014,57.79568806488554,55.29241440291227,52.79194989428005,50.300538155541176
43.32538103359671,45.384626608723565,47.388379141862124,49.3548277190846,51.302866597620266,53.251776532967995,55.22105555591804,57.230326875873786,59.2992875603631,61.427860517724724,63.53671522165382,65.52671145531741,67.29872005031068,68.79540346620756,70.12656001945814,71.44377642119926,72.89864259863887,74.57661713595486,76.29862661483523,77.8450509764624,79.09862022011455,79.95992140452103,80.29861851509258,80.00698067449575,79.09862022011455,77.63266882356305,75.72899147604915,73.52263735326207,71.14865720820379,68.72056350470446,66.2657110962966,63.78992316282974,61.2990386892094,58.79892470681992,56.29549770531614,53.79476069996184,51.302866597620266
44.32330564475285,46.38463208282495,48.38965182009986,50.35688731758887,52.30542277507078,54.254649884411435,56.22413305946196,58.23353617261395,60.302581758903926,62.43120861874215,64.54009610284669,66.53011161202744,68.30213131751856,69.79882116178428,71.12998183941943,72.4472012495412,73.90206984388684,75.58004632767846,77.30205715752057,78.84848235084465,80.10205208202493,80.96335352853183,81.3020507287477,81.010412811384,80.10205208202493,78.63610010049042,76.73242162963959,74.52606541137638,72.15208143952646,69.72398092871836,67.26911644194004,64.79330701391098,62.302384224578134,59.80220191676432,57.29865319585325,54.797699866264196,52.30542277507078
45.32236172012787,47.38534279228535,49.39136947186812,51.35923000449323,53.308159780210076,55.25763870544213,57.227283946769944,59.236791676777614,61.305904654725154,63.434574298969466,65.54348780145614,67.53351860989541,69.30554713389509,70.80224208040019,72.13340603157994,73.45062782946482,74.90549834211586,76.58347637082943,78.30548827293214,79.85191412637516,81.10548424450701,81.96678589904326,82.30548317040991,82.01384519211629,81.10548424450701,79.63953179867087,77.73585243622591,75.5294945547793,73.15550754559388,70.72740163179334,68.27252755831923,65.79670106977198,63.30574786837602,60.80551132790552,58.301865989579056,55.80074093595603,53.308159780210076
46.42231767533992,48.48661395901686,50.49344058223796,52.4617974931968,54.411040355026984,56.3607191937584,58.33049308648762,60.34008385884118,62.40925032876672,64.53795393226537,66.64688808602156,68.63693103766074,70.40896656097863,71.90566555715887,73.23683210656421,74.55405579962417,76.0089278348388,77.68690708975983,79.40891984291726,80.95534622029743,82.20891664555313,83.07021846520246,83.40891579304156,83.11727776638779,82.20891664555313,80.7429638312003,78.83928376109607,76.6329245595781,74.25893513965218,71.83082493747618,69.37594325498182,66.90010322532046,64.40912588531094,61.90884629863153,59.40512426955689,56.903862901228734,54.411040355026984
47.422989025528715,49.488330410030215,51.495792411280476,53.464543479315864,55.414034910570635,57.363872450428474,59.333748466010945,61.34340515409073,63.41261408263327,65.54134464039662,67.65029518536984,69.64034777518052,71.41238885390086,72.9090910643261,74.24025967595173,75.55748487321706,77.01235811689352,78.69033834505734,80.41235177369796,81.95877856692759,83.21234923594776,84.07365118664748,84.41234855930878,84.12071049427155,83.21234923594776,81.74639612910292,79.84271549732875,77.6363552480683,75.26236391473282,72.83425030885988,70.3793625870477,67.90351180968867,65.41251531050676,62.91220155694458,60.408418654946175,57.90704908269676,55.414034910570635
48.4242289173747,50.49040056668433,52.49836715935976,54.46743118437833,56.41711995120312,58.36708347092856,60.33704054914013,62.346749557699354,64.4159921869323,66.54474413880531,68.65370769368101,70.6437679333811,72.41581342145241,73.91251818303556,75.24368843145112,76.56091482260749,78.01578902544219,79.69377002607011,81.4157839908425,82.9622111141322,84.21578197662845,85.07708403134293,85.41578143957963,85.12414334407745,84.21578197662845,82.74982863763245,80.8461475600603,78.63978647920536,76.26579362719346,73.8376773197975,71.3827848045539,68.90692549667334,66.41591379063075,63.91557291811277,61.41174169907762,58.91028623847154,56.41711995120312
49.42592052315328,51.492751638335996,53.501118909301454,55.47043140048545,57.4202768215722,59.3703403433675,61.34036176586082,63.35011230318584,65.41938168147064,67.54815061417196,69.6571244951306,71.64719080659451,73.41923979438587,74.91594658083062,76.24711812837009,77.56434546711998,79.01922043123997,80.69720204497358,82.41921643527428,83.96564382053293,85.21921483659125,86.08051697386236,86.41921441033531,86.12757629065302,85.21921483659125,83.75326131333674,81.84957988193437,79.64321814104198,77.26922408365438,74.8411056320538,72.38620931224746,69.91034323364451,67.41931945777283,64.9189570604951,62.41508749083849,59.91356385628444,57.4202768215722
50.427970946040006,52.495325785005065,54.50401119040647,56.47352093471919,58.423490710596724,60.37363361151134,62.34370610713816,64.35348960710992,66.4227802166328,68.55156262722316,70.66054470407268,72.65061583472557,74.42266760025653,75.91937599383894,77.25054857249555,78.56777666335188,80.022652231705,81.70063433206124,83.4226490601041,84.96907665328776,86.22264779122843,87.08394999402475,87.42264745290882,87.13100931403477,86.22264779122843,84.75669412172775,82.85301240949005,80.64665014472533,78.27265513062952,75.84453497716981,73.3896356376714,70.91376418511547,68.42273082932856,65.92235134756665,63.41845133814226,60.91687359117195,58.423490710596724
51.530306346104446,53.59807705743778,55.60701503933613,57.576681372171706,59.526749859992734,61.476955768833406,63.44706880315047,65.45687846637564,67.52618592745934,69.65497903558123,71.76396761755984,73.75404257322248,75.52609654345312,77.022806212624,78.35397960967998,79.67120829748421,81.12608434541785,82.80406683200694,84.52608182811605,86.0725095863299,87.32608082100866,88.18738307581239,88.52608055248419,88.23444239837767,87.32608082100866,85.86012703543233,83.95644510029541,81.75008241973273,79.37608664629656,76.94796514206864,74.49306340583365,72.01718768795133,69.52614672852678,67.02575368663003,64.52182951660461,62.02020881886871,59.526749859992734
52.53286804862459,54.600968959436926,56.61010745745669,58.57989809271342,60.530044935489414,62.48030085670099,64.45044606780571,66.46027649731242,68.52959733368783,70.6583989325242,72.76739267765635,74.75747066924187,76.52952638934775,78.02623707095546,79.35741111757619,80.67464027917863,82.1295167077558,83.80749950089822,85.52951470977172,87.07594259897013,88.32951391042997,89.19081620651204,89.52951369730198,89.23787553110537,88.32951391042997,86.86356003272434,84.95987792067214,82.75351491009033,80.37951853396493,77.9513959576305,75.49649231910097,73.02061321581616,70.52956622134643,68.02916241665596,65.52521907000774,63.02356428114784,60.530044935489414
53.63560944059863,55.70397250740278,57.71327018417536,59.68315948968848,61.63336852739084,63.58366414530403,65.55383489590302,67.56368180792919,69.63301326040609,71.76182159837616,73.87081944152433,75.86089984273015,77.63295695171543,79.12966843689576,80.46084299907679,81.77807253673343,83.23294926742768,84.91093230388174,86.63294768162646,88.17937567478745,89.43294704718849,90.29424937603318,90.63294687802866,90.34130870223619,89.43294704718849,87.96699309635974,86.06331084388981,83.85694757137152,81.48295071689117,79.05482728962451,76.59992214124067,74.12404035095332,71.63298856644371,69.13257621925042,66.62861765189176,64.12693580420923,61.63336852739084
54.73849349824698,56.80706468660584,58.816488721912805,60.78645634921736,62.73671475393678,64.68704188031253,66.65723290210094,68.66709289650734,70.7364327750686,72.86524646192362,74.9742475576808,76.96432987140776,78.7363880827489,80.23310020572586,81.5642751771077,82.88150501323886,84.33638198372373,86.0143652132944,87.73638072507234,89.28280880074844,90.53638022151856,91.39768257636695,91.7363800872563,91.44474190384759,90.53638022151856,89.07042621265194,87.16674384873235,84.96038036831493,82.58638313416385,80.1582590315114,77.70335268475404,75.2274687617871,72.73641317540685,70.2359940479819,67.732023399802,65.23032007508955,62.73671475393678
55.841490818744944,57.91022722366883,59.919751561325526,61.88978135718639,63.84007894634212,65.79043108173806,67.7606381930822,69.77050857110406,71.83985513750264,73.96867306978997,76.07767674715194,78.06776057885057,79.83981966513315,81.33653229433003,82.66770759049493,83.9849376635256,85.43981482433242,87.1177982071799,88.83981382534009,90.3862419665085,91.63981342566915,92.50111580115674,92.83981331910513,92.54817512965141,91.63981342566915,90.1738593707379,88.27017691836063,86.06381327293352,83.6898157374375,81.26169109873072,78.8067838008228,76.33089818514426,73.8398395812088,71.33941507228354,68.8354348354642,66.3337144641521,63.84007894634212
56.94457805431961,59.013445610859605,61.023049565798885,62.99312870771654,64.94345739871959,66.89382938425221,68.86404926607545,70.87392788565609,72.94327976022603,75.0721010621275,77.18110678851514,79.17119182503038,80.94325160575505,82.4399646367392,83.77114019068469,85.08837045174266,86.5432477636082,88.22123126811155,89.9432469707074,91.48967516385711,92.74324665348837,93.60454904535727,93.94324656890846,93.65160837465677,92.74324665348837,91.27729256199557,89.37361003940939,87.16724626301398,84.79324848834023,82.36512342416671,79.91021537132954,77.43432841214326,74.94326741316726,72.4428386329254,69.93885078554419,67.43711688416707,64.94345739871959
58.33438607736561,60.45221183622891,62.53577395441751,64.60311293718469,66.6708101970829,68.75250819525284,70.85776958516601,72.99169855017749,75.15576487709086,77.33819493480281,79.48222778794504,81.52308703379421,83.40024340512629,85.09079395845951,86.68908989738836,88.30481085446068,90.02698674497815,91.88249242032946,93.7177718617395,95.3817340134481,96.88318709086865,98.19146813528695,98.83563115644058,98.33334796079708,96.88318709086865,94.82935709448078,92.40140894578529,89.77771634455164,87.10888361327419,84.50084370682373,81.94402465271057,79.41336755874167,76.89219924589975,74.36747962543694,71.82784371665078,69.26395325401319,66.6708101970829
56.08593145276713,58.154597525118234,60.16407916488646,62.13408249638657,64.08436340533977,66.03470489483165,68.0049051571509,70.01477111506833,72.08411483458706,74.21293095967924,76.32193353810449,78.31201672363358,80.08407543747153,81.58078785118096,82.91196300909237,84.22919298127981,85.6840700610705,87.36205337867119,89.08406895154667,90.63049706483636,91.88406850765492,92.74537087435684,93.08406838930034,92.79243020241987,91.88406850765492,90.41811447233245,88.51443205760978,86.30806848242389,83.9340710752042,81.50594666468476,79.05103977166209,76.57515487653629,74.08409755711278,71.58367533898421,69.07969918386027,66.57798606896341,64.08436340533977
54.280159026242956,56.34841049036851,58.357640404889366,60.32748770727929,62.27767026939051,64.22794898903524,66.19810886791566,68.20794876363941,70.2772756970472,72.40608116630165,74.51507726500688,76.50515664048626,78.27721315825394,79.77392430136987,81.10509864408746,82.42232802166556,83.8772046237548,85.5551875566361,87.27720286249581,88.82363081140207,90.07720215786168,90.93850447276,91.27720196998551,90.98556379827782,90.07720215786168,88.61124823815996,86.70756604546295,84.50120288444563,82.12720623359115,79.69908316854887,77.24417866287911,74.76829801639408,72.27724827090803,69.77683956008946,67.27288747189672,64.77121714267071,62.27767026939051
53.13925894276872,55.22982472328238,57.27220527574917,59.2857395426135,61.289162822474665,63.29984311272054,65.33309031203169,67.40178046170077,69.51662872443433,71.67143035267512,73.7975001618702,75.81244255817111,77.63642192766396,79.2305600867557,80.69953531927224,82.17559520501663,83.77702866872957,85.55459104241211,87.34107266514008,88.95516153749539,90.35396849256304,91.48576292008109,92.01557971866869,91.59160903978595,90.35396849256304,88.54918860026223,86.35986369499992,83.93737978310836,81.41673700639714,78.90158266428776,76.39820197854554,73.89650869608423,71.39133176190911,68.87954717472255,66.35895246452885,63.828435791099,61.289162822474665
51.77091705305145,53.837467394787325,55.84566408537205,57.814870801835696,59.764649535303676,61.714670487004454,63.68466451894079,65.69439737811274,67.76365536979142,69.89241707407038,72.00138655941578,73.99145028625037,75.76349778428136,77.26020370878356,78.59137470331245,79.90860163869114,81.36347627874758,83.0414576314947,84.76347184065672,86.3098991144006,87.56347006509071,88.42477216721915,88.76346959167252,88.47183148228319,87.56347006509071,86.09751662027124,84.19383533948712,81.98747387955912,79.61348033527526,77.18536279641884,74.73046809613793,72.25460489969657,69.76358626171702,67.26323302713237,64.75937978269235,62.257885168849384,59.764649535303676
51.1259515023866,53.20092541222711,55.21945695805326,57.201287120917925,59.166006442219825,61.13283571803156,63.12040998986468,65.1466366498483,67.22874208009355,69.3648902587324,71.47872499225969,73.47586390319732,75.262745530536,76.78761174584686,78.1593780992618,79.52452863256751,81.02471609399333,82.73409172865613,84.47669392258771,86.04495305112401,87.34616675845467,88.29907877755063,88.70479695477756,88.3665493708092,87.34616675845467,85.77071898659959,83.77916397934813,81.50894515108065,79.09288368592046,76.6402707412797,74.17187466981429,71.688848443149,69.19389063197508,66.69032708724808,64.18176173381856,61.67212301589251,59.166006442219825
39.35501787449247,41.399081825372576,43.393559405637404,45.354236984996064,47.29862963789138,49.24520884117588,51.212986913911806,53.22128896171674,55.28962510633227,57.417801502708386,59.526415022489076,61.51626942707496,63.28819626873681,64.78483238257371,66.11595858693252,67.4331528516391,68.88800124429065,70.56596145841777,72.2879609961813,73.83437923771382,75.08794489385487,75.94924414957498,76.28794060049157,75.9963033247898,75.08794489385487,73.62199780194291,71.71832872057144,69.51199001742354,67.13803803179357,64.70999441933117,62.25523088703078,59.77960111159662,57.28899855062488,54.78938722951514,52.28685553819126,49.78770919396239,47.29862963789138
40.34469500012048,42.393928301369215,44.391569874396396,46.35421837917222,48.299857189199784,50.24723331905021,52.2155247473912,54.22415836808979,56.292708183853534,58.42102026443166,60.52971630987824,62.519619245342625,64.29157406172052,65.78822636174344,67.11936295118265,68.43656479098618,69.89141926945294,71.56938438487502,73.29138732442541,74.83780766021789,76.09137454398478,76.95267445969064,77.29137113633755,76.99973366733178,76.09137454398478,74.6254259790498,72.72175406905436,70.51541008940866,68.14144846784168,65.71338771471824,63.258593770206545,60.7829098762285,58.292210853551296,55.79242754766733,53.28958955979243,50.78989913341961,48.299857189199784
41.33717891998356,43.39053413253707,45.39069424908112,47.35490994920224,49.301538991383225,51.24954811466779,53.21824718757986,55.22714405718921,57.29586349587541,59.424283281637855,61.53304483243717,63.52298628859987,65.29496330916207,66.79162845642104,68.12277328862027,69.43998114084474,70.89484044966281,72.57280945526591,74.29481509482602,75.84123709283779,77.09480495097368,77.95610539051131,78.29480224632067,78.00316462388926,77.09480495097368,75.62885521689743,73.72518106181559,71.51883289419246,69.14486362452016,66.71678926666829,64.26197118341787,61.786244333793405,59.29546874394589,56.79554891634591,54.292467765890976,51.7923453279392,49.301538991383225
42.33190200180981,44.38854082008858,46.39070451085556,48.35616590780185,50.30358162753529,52.25209345593986,54.22111619882776,56.23022205923195,58.299076147897296,60.427581427235936,62.536394972621935,64.52636700376326,66.29836164819983,67.79503699247535,69.12618836703078,70.44340099135627,71.89826413404975,73.57623622730463,75.29824400986996,76.84466732718862,78.09823595868279,78.9595368139864,79.29823381199728,79.0065960677917,78.09823595868279,76.63228529665714,74.72860935964522,72.52225786801061,70.14828252799717,67.72019737195386,65.26536012942692,62.78959918479363,60.298762820100336,57.79873462423588,55.2954604409514,52.79499500595236,50.30358162753529
43.32840954422409,45.387662186892,47.391419025676136,49.35787027728887,51.30591084372298,53.254821857262755,55.22410157424305,57.233373342256826,59.30233431539443,61.43090745601603,63.53976227139373,65.52975857059214,67.30176720336009,68.79845064111291,70.12960720838603,71.4468236203554,72.90168980601234,74.5796643499462,76.30167383341976,77.84809819787463,79.10166744318434,79.96296862848196,80.3016657393583,80.01002789850045,79.10166744318434,77.63571604464391,75.73203869331078,73.52568456339922,71.15170440533015,68.7236106786865,66.2687582292132,63.79297022266695,61.302085618777866,58.80197140409312,56.298543988772295,53.79780624799557,51.30591084372298
44.326337997920035,46.387670057053825,48.392693216120676,50.359930838002214,52.308467635864275,54.25769560124965,56.22717932726846,58.236582796091824,60.30562861150125,62.43425561680051,64.54314318936468,66.53315875056148,68.30517848603475,69.80186834764766,71.13302903641262,72.4502484546526,73.90511705552036,75.58309354456458,77.30510437805233,78.85152957362078,80.10509930611664,80.96640075333083,81.30509795378862,81.01346003621774,80.10509930611664,78.63914732300356,76.73546884912133,74.52911262520342,72.15512864302681,69.72702811384893,67.27216359447667,64.79635410844338,62.30543121571293,59.80524872351589,57.30169967412519,54.80074576072724,52.308467635864275
45.32539713006882,47.3883826709629,49.39441206919966,51.36227428904574,53.31120512906068,55.26068473391433,57.23033041261914,59.23983842495328,61.30895158476508,63.43762134446665,65.54653491716554,67.53656576689063,69.30859431468738,70.80528927496107,72.1364532349746,73.45367503930294,74.90854555713057,76.5865235900132,78.30853549500941,79.8549613502338,81.10853146940983,81.96983312450746,82.30853039606612,82.01689241760806,81.10853146940983,79.64257902232075,77.73889965746982,75.53254177153505,73.15855475415327,70.73044882577261,68.2755747264284,65.79974819184257,63.30879490837776,60.8085582215557,58.304912622494115,55.8037871054363,53.31120512906068
46.425355515834156,48.48965535095681,50.49648413372619,52.46484238452015,54.41408609136019,56.363765469620034,58.33353970954174,60.3431307059968,62.41229732027571,64.54100101541582,66.6499352249006,68.63997820930877,70.41201375151456,71.90871275862298,73.23987931503972,74.55710301321386,76.0119750525372,77.68995431076718,79.4119670662212,80.95839344501525,82.21196387109973,83.07326569119462,83.41196301918609,83.12032499240183,82.21196387109973,80.74601105575243,78.84233098373858,76.63597177865833,74.26198235222697,71.83387213847864,69.37899043545109,66.90315036924844,64.41217296409955,61.91189326125672,59.40817102522345,56.90690928902568,54.41408609136019
47.42602879792691,49.491373004120206,51.49883672050949,53.467588852405754,55.41708095451915,57.36691892267187,59.33679521385024,61.34645207981137,63.415661122932065,65.54439175343316,67.65334234263888,69.6433949584586,71.41543605217035,72.91213827126936,74.24330688845995,75.56053208978442,77.01540533672198,78.6933855675121,80.41539899797553,81.96182579232735,83.21539646200532,84.07669841305866,84.41539578584093,84.12375772070013,83.21539646200532,81.74944335437118,79.84576272108131,77.6394024689935,75.26541113049464,72.83729751543672,70.38240977732724,67.9065589709651,65.41556242008126,62.9152485743175,60.41146550804771,57.91009564379402,55.41708095451915
48.42727022487607,50.49344411559814,52.50141207027664,54.47047693995512,56.42016623935032,58.37013009905829,60.340087396028764,62.34979654577998,64.41903926595668,66.54779127556286,68.65675486554639,70.64681512588999,72.41886062586008,73.91556539432759,75.24673564716008,76.56396204153819,78.01883624696123,79.69681724967367,81.41883121589282,82.9652583400732,84.21882920309153,85.08013125808672,85.41882866641944,85.12719057083501,84.21882920309153,82.75287586346909,80.84919478469396,78.64283370159491,76.26884084548482,73.84072453079874,71.38583200261989,68.9099726717194,66.41896092464043,63.918619978940384,61.4147886295178,58.91333293713143,56.42016623935032
49.42896305017095,51.495795945520655,53.50416429794765,55.47347745971069,57.423323303567884,59.37338709523564,61.34340869136953,63.353159340763426,65.42242879123225,67.55119776975715,69.66017167858118,71.65023800642996,73.42228700366542,74.91899379557431,76.2501653466195,77.56739268792649,79.02226765410086,80.70024926948895,82.42226366093794,83.96869104690354,85.22226206337626,86.08356420087013,86.42226163741927,86.13062351767172,85.22226206337626,83.75630853962448,81.8526271072673,79.64626536459377,77.27227130395346,74.84415284656666,72.38925651649359,69.91339041961962,67.422366611177,64.92200415581361,62.41813448266515,59.9166106641367,57.423323303567884
50.431014441684816,52.4983706942987,54.50705695833339,56.47656723499347,58.426537346467626,60.37668046159786,62.34675309505059,64.35653668397444,66.425827350791,68.55460979775204,70.66359189671849,72.65366304037614,74.42571481340289,75.92242321132221,77.25359579276132,78.57082388564723,80.0256994556309,81.70368155730031,83.4256962862546,84.97212387999932,86.22569501826888,87.08699722124206,87.42569468018658,87.13405654126076,86.22569501826888,84.75974134837358,82.85605963537802,80.6496973691996,78.2757023525221,75.8475821944699,73.39268284682275,70.91681137976502,68.42577799812634,65.92539847026116,63.4214983786932,60.91992048569578,58.426537346467626
51.53335061098825,53.601122444795195,55.61006110836563,57.57972786379388,59.529796618005534,61.48000269688045,63.45011584059456,65.45992557442294,67.5292330809814,69.65802621797101,71.76701481750398,73.75708978348854,75.52914375966861,77.0258534322817,78.35702683154615,79.67425552096125,81.12913157018907,82.80711405782041,84.5291290546529,86.07555681331208,87.32912804825189,88.190430303196,88.52912777991578,88.23748962576815,87.32912804825189,85.86317426236234,83.95949232662392,81.7531296449392,79.37913386945394,76.95101236158094,74.49611061887825,72.02023488948585,69.52919390954257,67.02880083105323,64.52487659582913,62.02325578218735,59.529796618005534
52.535912924330646,54.604014726340694,56.61315376551384,58.58294473622564,60.5330917904533,62.48334784662815,64.45349314456426,66.46332363010993,68.53264450257919,70.66144612432805,72.77043988339317,74.76051788317123,76.53257360799918,78.02928429233899,79.36045834071254,80.6776875035936,82.13256393319793,83.81054672716759,85.53256193661524,87.07898982616712,88.33256113783418,89.19386343402762,89.53256092485563,89.24092275862645,88.33256113783418,86.8666072598799,84.96292514735032,82.75656213587791,80.38256575812613,77.95444317889861,75.49953953523568,73.02366042281523,70.53261341205975,68.03220957832548,65.5282661799282,63.02661129907118,60.5330917904533
53.63865480128912,55.70701857562004,57.716316681975584,59.686206253766684,61.63641545930922,63.586711184347266,65.55688200386619,67.56672896037126,69.63606044149617,71.76486879765204,73.87386665185883,75.8639470595671,77.63600417230029,79.13271565964908,80.46389022322137,81.7811197618928,83.23599649340235,84.91397953051298,86.63599490871341,88.18242290215493,89.4359942747204,90.2972966036535,90.63599410567925,90.34435592986088,89.4359942747204,87.97004032369435,86.06635807084547,83.85999479762036,81.48599794184916,79.05787451228622,76.602969359828,74.12708756228967,71.63603576485401,69.13562339460847,66.63166478617605,64.1299828654737,61.63641545930922
54.74153924397989,56.8101109940182,58.81953537032902,60.789503208995654,62.73976174693675,64.69008895834037,66.66028003483171,68.6701400645415,70.73947996584087,72.86829366713002,74.9772947716645,76.96737709055245,78.73943530486832,80.2361474295664,81.56732240205245,82.88455223898907,84.33942921012103,86.01741244021282,87.73942795235246,89.28585602825123,90.53942744915187,91.40072980407044,91.73942731498379,91.44778913155452,90.53942744915187,89.07347344012865,87.16979107590831,84.96342759492984,82.58943035975423,80.16130625527924,77.70639990528804,75.23051597656598,72.73946037992627,70.23904123420465,67.73507055342415,65.23336717075483,62.73976174693675
55.84453687015551,57.91327372095722,59.92279832929634,61.89282829292617,63.84312598782432,65.79347819070868,67.76368534547129,69.77355575151378,71.84290233595974,73.97172027970348,76.080723964032,78.07080779982692,79.84286688847057,81.33957951903348,82.6707548160748,83.98798488974475,85.44286205106519,87.12084543432627,88.84286105277354,90.3892891941187,91.64286065338295,92.50416302892623,92.84286054689368,92.55122235742364,91.64286065338295,90.17690659832738,88.27322414571141,86.06686049983901,83.69286296352979,81.26473832337646,78.80983102290185,76.33394540265547,73.84288679057704,71.34246226712962,68.83848200443498,66.33676158712183,63.84312598782432
56.94762434839039,59.01649225886955,61.02609642866693,62.99617570374966,64.9465044786833,66.89687651778259,68.86709643406755,70.87697507588837,72.94632696478257,75.07514827577705,77.18415400769405,79.17423904746056,80.94629883005919,82.44301186212755,83.77418741676865,85.09141767833404,86.54629499060724,88.22427849543887,89.94629419826256,91.49272239155255,92.74629388126604,93.60759627317915,93.94629379674544,93.65465560248082,92.74629388126604,91.28033978967454,89.37665726689892,87.17029349015009,84.79629571483093,82.36817064950927,79.91326259463492,77.4373756318231,74.94631462638407,72.4458858346159,69.94189796669731,67.44016402880872,64.9465044786833
58.33739978523681,60.455223215329696,62.538781843054366,64.60611631502879,66.67380825916568,68.75550047459421,70.86075609638684,72.9946799178916,75.1587424152032,77.34117034212017,79.48520181714699,81.52605908468608,83.4032114336327,85.0937548186028,86.69204138889282,88.30775253665792,90.02992019719373,91.88542068005117,93.72069691772003,95.38465583206258,96.8861023623877,98.19437250541512,98.83852869636183,98.33625015909908,96.8861023623877,94.83228852304609,92.40435674874126,89.78067867107816,87.11185707495684,84.5038243442322,81.94700948849082,79.41635469173492,76.89518765379992,74.3704690680176,71.83083468796514,69.26694692098279,66.67380825916568
56.08897737404952,58.157643941577405,60.167125881964196,62.13712939979065,64.08741042618392,66.03775199063047,68.00795230117181,70.01781829021002,72.08716202977287,74.21597816758903,76.32498075375165,78.31506394383024,80.08712266029048,81.5838350755171,82.9150102344019,84.23224020729934,85.68711728766047,87.36510060572056,89.08711617891484,90.63354429240081,91.88711573533446,92.74841810209823,93.08711561706289,92.79547743016428,91.88711573533446,90.42116169987393,88.51747928488615,86.3111157092057,83.93711830108286,81.5089938889568,79.05408699308346,76.57820209288442,74.087144764417,71.5867225301595,69.08274634629741,66.58103318031013,64.08741042618392
54.2832041804667,56.35145643031554,58.36068682191697,60.33053442003387,62.28071716855047,64.2309960071706,66.20115596259559,68.2109959077192,70.28032287294451,72.40912836239681,74.51812447338423,76.50820385608552,78.2802603780158,79.77697152354011,81.10814586780288,82.42537524650803,83.88025184950277,85.55823478311328,87.28025008947913,88.82667803869697,90.08024938533924,90.94155170033576,91.28024919759486,90.9886110258584,90.08024938533924,88.61429546541835,86.7106132723005,84.50425011049813,82.13025345820995,79.70213039061736,77.2472258804224,74.77134522588416,72.28029546604189,69.77988672962054,67.27593459580976,64.7742641854856,62.28071716855047
53.14229155515504,55.232856221845765,57.27523507834853,59.2887671050232,61.29218767216412,63.302864918006506,65.3361089789365,67.40479624021629,69.51964229496784,71.6744426727535,73.80051166466819,75.81545287583418,77.63942979137323,79.23356342397639,80.70253242501667,82.17858536930366,83.7800126492755,85.55757093885362,87.34404996708982,88.95813615747626,90.35693749479324,91.48872194740366,92.01853206341286,91.59456598019713,90.35693749479324,88.55217100652426,86.36285824274242,83.94038406274001,81.41974817065956,78.90459802558902,76.40121971409378,73.89952770632719,71.39435147229703,68.88256744955743,66.36197356721283,63.83145833603872,61.29218767216412
51.77395906082664,53.84051137914554,55.8487092706404,57.81791673179664,59.767695934779056,61.71771718619847,63.687711410982075,65.6974443946203,67.76670246646876,69.89546422164099,72.00443373793476,73.99449748296706,75.76654499148702,77.26325092205795,78.59442192048044,79.91164885869918,81.36652350103728,83.04450485562192,84.76651906605932,86.31294634058833,87.56651729173866,88.42781939411455,88.76651681865255,88.47487870919075,87.56651729173866,86.10056384636695,84.19688256452238,81.99052110261616,79.61652755471968,77.18841000943691,74.73351529775331,72.25765208101942,69.76663340686535,67.26628010776874,64.76242674838775,62.26093193021974,59.767695934779056
51.12899487431294,53.203968475364036,55.222499546722275,57.2043290747968,59.16904761484692,61.13587599705788,63.123449328520124,65.14967510529645,67.23177984859522,69.36792763356164,71.48176210795354,73.47890064051201,75.26578147440748,76.79064618986907,78.16241039780206,79.52755842386739,81.02774353992129,82.73711756393759,84.47971870793492,86.04797672848514,87.34918803706523,88.30209551696827,88.7078104334904,88.36956511183907,87.34918803706523,85.77374581765717,83.78219536879269,81.51197991133223,79.09592069384594,76.64330906771616,74.17491372556425,71.69188788564827,69.19693028549395,66.69336691016717,64.18480180403361,61.67516351368762,59.16904761484692
39.355940536618085,41.40000987939758,43.3944907630346,45.35517040135695,47.2995643565551,49.24614439286748,51.21392300229523,53.222225396779436,55.29056176481498,57.41873830307162,59.52735190914888,61.51720636448394,63.289133235399476,64.78576936616267,66.11689558138146,67.43408985400953,68.88893825302517,70.56689847227773,72.28889801359864,73.8353162573212,75.08888191474603,75.95018117115629,76.28887762230895,75.99724034640504,75.08888191474603,73.62293482129371,71.71926573696422,69.51292702829852,67.13897503259193,64.71093140220506,62.25616783810196,59.7805380060754,57.28993534423425,54.79032384328667,52.287791831697916,49.78864491863024,47.2995643565551
40.345620589081946,42.39485819195533,44.392502395341324,46.35515253766023,48.30079238267355,50.248169174249085,52.21646102878873,54.22509492473931,56.29364491786893,58.42195711107237,60.53065322501803,62.52055620076408,64.29251104036138,65.789163353819,67.12029995187791,68.43750179796882,69.8923562814868,71.57032140097698,73.29232434335086,74.83874468088158,76.09231156566739,76.95361148192106,77.2923081587553,77.0006706895891,76.09231156566739,74.62636299950981,72.72269108716662,70.51634710314141,68.14238547357655,65.71432470622625,63.25953073647207,60.7838467975746,58.29314769483092,55.793364246189384,53.29052600405616,50.79083512599368,48.30079238267355
41.33810684522736,43.39146548598505,45.39162769560601,47.3558446975575,49.30247456205747,51.25048421090078,53.21918362222944,55.228080710364736,57.29680028984983,59.42522016501229,61.533981770182805,63.52392325831832,65.29590029731025,66.79256545523253,68.12371029427332,69.44091815148812,70.89577746431536,72.57374647314737,74.29575211494847,75.84217411433988,77.0957419732845,77.95704241325691,78.29573926921499,78.00410164665621,77.0957419732845,75.62979223823785,73.72611808129261,71.51976991019342,69.14580063417317,66.71772626502931,64.26290816174351,61.787181276465205,59.29640562306487,56.79648568214543,54.29340432984523,51.79328153325983,49.30247456205747
42.33283178977436,44.389473337891175,46.39163869332268,48.35710112486559,50.30451749781041,52.253029743570124,54.22205275514928,56.23115878903434,58.300012989466694,60.428518339767976,62.53733192831058,64.52730398482956,66.2992986438941,67.79597399663322,69.12712537661886,70.4443380049052,71.89920115078081,73.57717324659843,75.29918103094246,76.84560434935617,78.09917298149219,78.96047383714091,79.2991708352698,79.00753309096316,78.09917298149219,76.63322231869637,74.72954638020545,72.5231948858119,70.14921954076004,67.72113437575419,65.26629711732492,62.790536144392334,60.29969972925463,57.79967144344042,55.296397099925855,52.79593138019888,50.30451749781041
43.32934081596294,45.38859563091786,47.39235379308758,49.35880586670151,51.30684695192811,53.25575829686089,55.22503822715818,57.23431013288696,59.30327119474342,61.43184439169178,63.540699241324276,65.53069556066542,67.3027042050438,68.79938764951422,70.13054422109735,71.4477606362105,72.90262682439308,74.58060137036101,76.30261085524631,77.84903522057033,79.10260446638951,79.963905651961,80.30260276293103,80.01096492199295,79.10260446638951,77.63665306723779,75.73297571473074,73.52662158262943,71.15264142056134,68.72454768680404,66.2696952247089,63.793907195700996,61.30302255177256,58.80290826568961,56.29948072317808,53.79874275636206,51.30684695192811
44.327270450706635,46.38860423753435,48.39362844832443,50.360866723159475,52.30940393300071,54.25863216149986,56.22811605686417,58.23751963500658,60.30656552083809,62.435192570846255,64.54408017059933,66.53409574778372,68.30611549247234,69.80280535941708,71.1339660516029,72.45118547233808,73.90605407521048,75.58403056586914,77.30604140047738,78.85246659673567,80.10603632963591,80.96733777706747,81.30603497759961,81.01439705996509,80.10603632963591,78.6400843460376,76.73640587122367,74.53004964556774,72.15606566021708,69.7279651253931,67.27310059600275,64.79729109214134,62.30636816763061,59.80618561876159,57.30263646840949,54.80168237557217,52.30940393300071
45.32633052238815,47.38931743679559,49.39534767063846,51.3632104090688,53.31214157620629,55.2616213899483,57.231267203085196,59.24077530219512,61.30988851790468,63.43855831309318,65.54747190737245,67.5375027697871,69.30953132489816,70.80622628940375,72.13739025213242,73.4546120584412,74.90948257785993,76.58746061202393,78.30947251790948,79.85589837368138,81.10946849317838,81.97077014844854,82.30946742006623,82.01782944155764,81.10946849317838,79.64351604570419,77.73983668011377,75.53347879279953,73.15949177289852,70.7313858400365,68.27651173274089,65.80068518400464,63.309731875315194,60.809495143510546,58.30584946430949,55.804723804810465,53.31214157620629
46.42628965520993,48.49059058190626,50.49742002843465,52.46577869104024,54.415022657602364,56.36470220169157,58.33447654832625,60.344067613661096,62.413234272308415,64.54193799561543,66.65087222222891,68.64091521670893,70.41295076472012,71.90964977518743,73.2408163337592,74.55804003350524,76.0129120740914,77.69089133333843,79.41290408949834,80.95933046872693,82.21290089506616,83.07420271529799,83.41290004333631,83.12126201651193,82.21290089506616,80.74694807941322,78.8432680068124,76.63690880063729,74.26291937220637,71.8348091549012,69.37992744556254,66.9040873681286,64.4131099429585,61.912830204411705,59.409107904767694,56.90784605550161,54.415022657602364
47.42696353109355,49.49230860456267,51.49977284811711,53.468525307001556,55.41801761530992,57.367855715103246,59.337732090988695,61.34738901162339,63.416598089960786,65.54532874281855,67.65427934561956,69.64433196943335,71.41637306775291,72.91307528951785,74.24424390841891,75.561469110991,77.01634235893084,78.6943225905282,80.4163360215519,81.96276281624863,83.2163334861288,84.07763543729084,84.41633281011028,84.12469474493761,83.2163334861288,81.75038037825206,79.84669974449633,77.64033949153949,75.2663481514536,72.8382345335726,70.383346790454,67.90749597517748,65.41649940840253,62.91618553429973,60.41240241753954,57.91103246353552,55.41801761530992
48.42820542987246,50.49438000951531,52.50234838281901,54.47141351211202,56.421102975197954,58.37106693940284,60.34102430361099,62.35073349675895,64.41997624488809,66.54872827223915,68.65769187301336,70.64775213970194,72.41979764332925,73.91650241391274,75.24767266810284,76.56489906347119,78.01977326968975,79.69775427304288,81.41976823970673,82.96619536416085,84.21976622733966,85.08106828242111,85.41976569078332,85.12812759517365,84.21976622733966,82.75381288752467,80.85013180837977,78.64377072459101,76.2697778672213,73.84166155029449,71.38676901813989,68.910909680164,66.4198979204721,63.91955695227884,61.41572556278041,58.91426979915411,56.421102975197954
49.42989862999806,51.49673207249993,53.50510075732481,55.474414125196915,57.42426009899674,59.374323973612405,61.34434562311641,63.35409630695577,65.42336577961103,67.55213477222027,69.66110868960897,71.65117502249382,73.42322402263201,74.91993081622036,76.25110236834308,77.56832971043602,79.02320467724181,80.70118629313842,82.42320068494035,83.96962807112322,85.2231990877233,86.08450122528566,86.42319866185824,86.13156054209064,85.2231990877233,83.75724556381871,81.85356413116807,79.6472023879471,77.27320832630699,74.84508986714178,72.39019353391312,69.91432743142337,67.42330361296976,64.92294113975318,62.4190714347955,59.9175475597207,57.42426009899674
50.431950319229216,52.49930700634215,54.507993534286214,56.477503974568464,58.427474189191514,60.377617370162994,62.347690045977856,64.357473662242,66.4267643466683,68.55554680480824,70.66452891057253,72.65460005822732,74.426651833558,75.9233602328103,77.25453281510465,78.57176090861438,80.0266364790992,81.70461858117221,83.42663331040663,84.97306090432383,86.22663204269446,87.08793424572195,87.42663170468511,87.13499356574334,86.22663204269446,84.76067837267786,82.85699665944938,80.65063439283645,78.27663937536542,75.84851921590166,73.39361986574994,70.91774839423495,68.42671500465046,65.926335462615,63.42243534579943,60.92085740791916,58.427474189191514
51.53428672496594,53.60205890377627,55.610997776865275,57.58066466218152,59.53073349827092,61.48093962940749,63.451052806745864,65.46086256227481,67.53017008281039,69.6589632286728,71.76795183360124,73.75802680275832,75.53008078076702,77.02679045443813,78.35796385438138,79.6751925442916,81.13006859391717,82.80805108186885,84.5300660789237,86.07649383771977,87.33006507273981,88.19136732772702,88.53006480446156,88.23842665030129,87.33006507273981,85.86411128675397,83.96042935083067,81.75406666880109,79.38007089268598,76.95194938369266,74.49704763900208,72.0211719060719,69.53013091982203,67.02973783008561,64.52581357482204,62.024192725555466,59.53073349827092
52.536849226050606,54.60495130197904,56.61409050748095,58.58388158129816,60.53402870051754,62.48428479817467,64.45443012279925,66.46426062556903,68.53358150913208,70.66238313792333,72.77137690127086,74.76145490356697,76.53351062984629,78.03022131502586,79.36139536393821,80.67862452721218,82.13350095713226,83.81148375135616,85.53349896098028,87.07992685064082,88.33349816237154,89.19480045859925,89.53349794943897,89.24185978319971,88.33349816237154,86.86754428434087,84.96386217166454,82.75749915991841,80.38350278166678,77.95538020155,75.50047655630927,73.02459744108091,70.53355042531983,68.03314658265865,65.5292031683558,63.02754825922257,60.53402870051754
53.63959125207384,55.70795524387003,57.71725348226208,59.687143135896335,61.63735239302618,63.58764815099008,65.55781899169222,67.56766596186831,69.63699745179845,71.76580581354389,73.87480367114968,75.86488408085651,77.63694119474168,79.13365268275696,80.46482724675687,81.7820567857402,83.23693351750035,84.91491655481276,86.63693193315328,88.18335992668102,89.43693129929706,90.29823362825735,90.63693113029234,90.34529295446603,89.43693129929706,87.97097734821034,86.06729509524502,83.86093182180264,81.48693496563466,79.05881153536596,76.6039063816554,74.12802458188847,71.63697278047984,69.13656040314896,66.63260178209212,64.13091983894644,61.63735239302618
54.742475813111156,56.811047735787156,58.820472216908826,60.79044012053964,62.740698699427725,64.69102593696546,66.66121703027028,68.67107707083092,70.74041697911906,72.86923068484471,74.97823179207694,76.96831411255116,78.74037232778139,80.23708445300844,81.56825942583393,82.88548926301809,84.34036623434892,86.01834946460089,87.74036497685171,89.28679305281891,90.54036447375965,91.40166682869982,91.74036433962053,91.44872615618495,90.54036447375965,89.07441046468833,87.17072810037553,84.96436461922465,82.5903673837341,80.16224327869894,77.70733692771378,75.23145299722285,72.7403973974298,70.23997824608449,67.73600755528389,65.23430415480097,62.740698699427725
55.84547353323981,57.91421052108642,59.92373521262242,61.89376522781765,63.8440629552168,65.79441517884436,67.76462234695205,69.77449276160695,71.84383935159991,73.97265729886493,76.08166098533468,78.07174482238864,79.84380391175797,81.34051654274077,82.67169184005147,83.98892191391792,85.4437990753962,87.12178245878441,88.84379807731992,90.39022621871938,91.64379767801547,92.50510005357586,92.8437975715492,92.55215938207412,91.64379767801547,90.1778436229217,88.27416117023236,86.06779752422311,83.69379998766394,81.26567534706601,78.81076804580249,76.33488242415214,73.8438238095709,71.34339928165994,68.83941901101227,66.33769857956027,63.8440629552168
56.948561086058675,59.01742910532448,61.0270333411606,62.997112657172906,64.9474414579034,66.89781351346694,68.86803344034404,70.87791208900057,72.94726398229753,75.07608529608683,77.18509102970332,79.17517607046906,80.94723585364375,82.44394888604533,83.77512444090027,85.09235470262158,86.54723201502007,88.22521551995263,89.94723122284634,91.49365941617945,92.7472309059182,93.60853329784489,93.94723082141584,93.65559262714724,92.7472309059182,91.28127681429639,89.37759429146253,87.17123051460507,84.79723273908752,82.36910767341297,79.91419961791246,77.43831265398633,74.94725164656077,72.44682285124992,69.94283497701898,67.44110102790825,64.9474414579034
58.33843935987997,60.45626991443872,62.53983922061262,64.60718749252352,66.67489569921132,68.75660560578028,70.86187887393524,72.99581843088592,75.1598926440107,77.34232708961086,79.48636278066513,81.52722610038464,83.40439075486806,85.09495606969146,86.6932713009276,88.30901245761422,90.03120529544464,91.88672166321375,93.72200770176934,95.38597651984875,96.88744307897474,98.19574657127683,98.83992365694164,98.33763086893896,96.88744307897474,94.83357981206598,92.4055979449086,89.78187543613204,87.1130197746691,84.50496509143555,81.94813739169146,79.4174755671026,76.8963046288586,74.37158287768783,71.83194382079138,69.26804780700239,66.67489569921132
56.08991399713766,58.15858071686297,60.16806274964779,62.138066324743434,64.08834738723306,66.03868897471766,68.00888930008053,70.01875529868401,72.08809904440761,74.21691518613464,76.32591777467536,78.3160009661523,80.08805968341852,81.58477209911148,82.91594725829549,84.23317723141113,85.68805431194758,87.36603763014885,89.08805320344115,90.63448131698746,91.88805275995648,92.74935512673923,93.08805264171042,92.79641445480624,91.88805275995648,90.42209872445349,88.51841630938424,86.3120527335518,83.93805532515134,81.50993091253147,79.05502401578192,76.57913911402359,74.08808178277646,71.58765954356157,69.08368335086652,66.58197016917612,64.08834738723306
54.28414056779181,56.352393059140425,58.36162359737723,60.331471286388705,62.28165409219879,64.23193296738717,66.20209294633888,68.21193290664598,70.28125988165074,72.41006537731107,74.51906149207352,76.50914087699451,78.28119740020423,79.77790854646877,81.10908289120647,82.42631227025808,83.88118887353107,85.55917180736573,87.28118711388716,88.82761506320077,90.08118640989917,90.94248872492587,91.28118622219529,90.98954805044998,90.08118640989917,88.61523248991091,86.71155029666372,84.50518713462006,82.13119048189122,79.70306741351476,77.24816290192894,74.77228224491546,72.28123248066066,69.78082373637007,67.27687158853814,64.77520115328768,62.28165409219879
53.1432732944489,55.23384136871766,57.27622541377036,59.289764293966,61.293193160253864,63.30387971996399,65.3371333822573,67.40582948007867,69.52068228977188,71.675486493107,73.80155798534747,75.8165028222237,77.64048724519296,79.23463472575071,80.70362279079154,82.17969697106318,83.78114316888107,85.55871395288116,87.34520091838341,88.95929531364229,90.35811383715314,91.4899288055469,92.01975936518497,91.59577922271572,90.35811383715314,88.55330634230907,86.36395643421488,83.94145248138474,81.42079552702862,78.90563254184727,76.40224696674481,73.90055105926183,71.3953726832537,68.88358693368122,66.36299051866729,63.832470875144566,61.293193160253864
51.77489448105931,53.84144740690088,55.84964566750739,57.81885335755223,59.768632704844464,61.71865404838533,63.6886483324424,65.69838135433656,67.76763945082595,69.89640122164079,72.00537074744679,73.99543449807231,75.7674820098162,77.2641879422524,78.59535894187164,79.91258588096326,81.36746052400267,83.0454418791521,84.76745608998147,86.3138833647518,87.56745431604361,88.42875641849554,88.76745384305956,88.47581573357547,87.56745431604361,86.10150087050216,84.19781958833164,81.99145812581742,79.61746457681056,77.18934702955255,74.73445231436423,72.25858909139322,69.76757040612057,67.26721708719559,64.7633636924864,62.26186881151709,59.768632704844464
51.129943696278474,53.2049182420305,55.223450764961214,57.205282235092554,59.17000316527877,61.13683428134151,63.12441048974121,65.15063896856957,67.23274581348646,69.36889480283908,71.48273007001974,73.47986976017654,75.26675302150011,76.79162232553749,78.16339309726209,79.52854879385822,81.02874108522218,82.73812003676268,84.48072439286967,86.04898580312833,87.35020445030086,88.30312581711348,88.70885070920389,88.37059846638235,87.35020445030086,85.7747452440594,83.78318084949765,81.51295507954205,79.0968889856144,76.64427332568283,74.17587575229605,71.69284872917328,69.19789048343316,66.69432658984934,64.18576072714724,61.67612112867759,59.17000316527877
39.35921271080288,41.40330116639233,43.39779375952783,45.35848069626019,47.302879267723995,49.249462256862344,51.217242768695144,53.225546392048685,55.2938835520377,57.422060593216116,59.53067450518742,61.52052914041235,63.29245611502293,64.78909230578444,66.12021855949834,67.43741286020563,68.8922612817801,70.57022151920071,72.29222107313134,73.8386393246169,75.0922049865923,75.95350424544898,76.29220069743837,76.00056342081793,75.0922049865923,73.62625788767974,71.72258879286514,69.51625006464056,67.14229803321564,64.7142543392922,62.25949066245853,59.78386062982979,57.293257610438474,54.79364547202243,52.29111232519534,49.79196339577206,47.302879267723995
40.348903138113386,42.398155989032745,44.39580951626492,46.35846546317818,48.30410897689735,50.25148811408268,52.21978147936311,54.22841635099553,56.296966972831285,58.425279565255906,60.533975922009205,62.52387904054099,64.29583396244374,65.7924863235231,67.12362295213609,68.44082482051374,69.8956793219368,71.57364445584707,73.29564740822934,74.84206775192156,76.09563464031919,76.95693455851456,77.29563123601295,77.00399376627801,76.09563464031919,74.62968606982783,72.72601414916255,70.51967014961338,68.14570849169861,65.71764767391858,63.2628536146878,60.78716951656513,58.29647013001113,55.79668617533903,53.29384703194005,50.794154552779446,48.30410897689735
41.34139767572921,43.3947684684795,45.3949380974315,47.359159713973746,49.30579249333988,51.253804005124906,53.222504616034215,55.23140247877518,57.300122557348004,59.42854274940521,61.53730454730447,63.52724614877357,65.29922325309305,66.79588844881337,68.12703331210525,69.44424118700921,70.89910051404783,72.57706953432512,74.29907518406992,75.84549718835174,77.09906505016303,77.9603654916766,78.29906234816178,78.00742472515162,77.09906505016303,75.63311531167668,73.72944114812614,71.52309296470555,69.14912366618381,66.72104925701339,64.26623108270854,61.7905040710486,59.299728192373635,56.799807849772435,54.29672578199438,51.79660171416546,49.30579249333988
42.33612922308805,44.39278044767616,46.39495170383925,48.36041780270858,50.307836491084586,52.256350216237664,54.22537418024285,56.23448082906299,58.30333542567402,60.43184102751542,62.54065476903463,64.53062691550933,66.30262162642543,67.79929700916529,69.13044840839923,70.44766105072557,71.90252420788082,73.5804963127826,75.30250410343154,76.84892742572674,78.10249606013811,78.96379691701003,79.3024939155573,79.01085617089238,78.10249606013811,76.63654539461214,74.73286945087864,72.52651794670552,70.15254258379414,67.72445738701889,65.26962007222086,62.793858998976276,60.303022405029026,57.8029938003714,55.29971888889176,52.799252159893825,50.307836491084586
43.33264350882271,45.39190602388508,47.3956688770521,49.36212386440569,51.31016678858976,53.259079308206736,55.22835999464564,57.2376323885307,59.306593764867486,61.43516716147636,63.544022132531296,65.53401852327212,67.30602720880574,68.80271067708804,70.13386726394869,71.45108369020545,72.90594988734071,74.58392444051879,76.30593393040832,77.85235829881309,79.10592754643817,79.96722873298054,80.30592584428263,80.01428800306019,79.10592754643817,77.63997614511953,75.73629878845145,73.52994464858808,71.1559644723448,68.72787071337197,66.27301820653632,63.79723009790894,61.30634531205362,58.80623077288661,56.302802779524214,53.80206401147014,51.31016678858976
44.3305773300294,46.391917241009004,48.39694517983404,50.36418576918618,52.3127244393646,54.26195360051939,56.231438096160105,58.240842061804074,60.309888197259625,62.438515405746614,64.5474031018758,66.53741873573128,68.30943851308525,69.80612839892964,71.1372891032413,72.45450853282122,73.9093771427994,75.58735363918076,77.30936447776088,78.85578967646437,80.10935941079794,80.9706608590001,81.30935805979578,81.01772014193557,80.10935941079794,78.64340742547978,76.73972894736323,74.53337271554652,72.15938871894497,69.73128816410727,67.276423599206,64.80061403214947,62.30969099498773,59.8095082452345,57.30595873700612,54.80500400811283,52.3127244393646
45.32964073207138,47.39263251516394,49.39866571097164,51.36653028762129,53.315462614305574,55.26494316849107,57.234589458147326,59.24409786484998,61.31321127869941,63.441881199677795,65.55079487045275,67.54082577784797,69.3128543588858,70.80954933839217,72.14071331074518,73.45793512407408,74.91280564913266,76.59078368783878,78.31279559687681,79.85922145458946,81.11279157522412,81.97409323110588,82.31279050293274,82.02115252424504,81.11279157522412,79.64683912638486,77.74315975817314,75.53680186596908,73.16281483713823,70.73470888839122,68.27983475291036,65.80400815401538,63.313054755912546,60.81281786465888,58.30917190138875,55.80804573698062,53.315462614305574
46.429602512980814,48.493907308969774,50.50073910831729,52.46909923066626,54.41834411786155,56.36802424976355,58.33779897466208,60.347390284153946,62.41655710007326,64.545260923223,66.65419521055237,68.64423824073393,70.41627380932339,71.91297283169688,73.2441393979075,74.56136310322543,76.01623514828796,77.69421441114008,79.41622716980211,80.96265355057108,82.21622397781326,83.07752579853053,83.41622312673488,83.12458509976834,82.21622397781326,80.75027116107688,78.84659108639552,76.64023187633936,74.2662424408208,71.83813221090767,69.38325047919824,66.90741036195284,64.41643286581387,61.91615300070784,59.412430475583875,56.91116822552634,54.41834411786155
47.4302784936708,49.49562664136419,51.503092753554526,53.4718463715094,55.42133941071404,57.37117797713182,59.3410546532771,61.35071176771228,63.41992097088175,65.54865170298677,67.65760235397877,69.6476550061292,71.41969612078182,72.91639835199676,74.24756697696081,75.5647921839553,77.01966543544808,78.69764566990679,80.41965910291643,81.96608589883576,83.2196565694326,84.08095852097993,84.41965589393115,84.12801782864565,83.2196565694326,81.75370346069593,79.85002282528889,77.64366256925166,75.26967122354029,72.8415575956523,70.3866698347779,67.91081898790273,65.41982236479888,62.919508390243124,60.415725094510435,57.91435482236979,55.42133941071404
48.43152206494041,50.49769908659313,52.50566894379206,54.474734993336995,56.42442503665494,58.37438937126849,60.34434697381295,62.3540563207886,64.42329916800031,66.55205125825125,68.66101489727518,70.65107518645473,72.42312070304567,73.91982548112964,75.25099574013194,76.56822213901036,78.02309634804888,79.70107735367307,81.42309132191316,82.96951844733769,84.22308931108532,85.08439136647257,85.42308877493939,85.13145067924013,84.22308931108532,82.7571359705878,80.85345489013223,78.64709380389854,76.2731009420639,73.84498461719454,71.3900920709471,68.91423270789116,66.4232209034904,63.92287985556581,61.419048324011186,58.917592307861895,56.42442503665494
49.43321659372457,51.500051975710036,53.508421838781146,55.47773593724493,57.42758237165036,59.3776465402902,61.34766837897442,63.35741918491203,65.42668873621123,67.55545777874497,69.66443172649278,71.65449807722881,73.4265470876563,74.9232538871978,76.25442544313998,77.57165278801887,79.02652775706287,80.70450937476203,82.42652376781501,83.97295115476808,85.22652217181965,86.08782430962475,86.42652174628032,86.13488362644162,85.22652217181965,83.76056864737335,81.8568872136824,79.65052546852093,77.27653140333697,74.84841293786774,72.39351659345354,69.91765047105764,67.42662661711825,64.92626408061774,62.42239426290645,59.920870187392794,57.42758237165036
50.43526933827073,52.502627565546675,54.51131502896658,56.480826049237805,58.43079662949114,60.38094004384905,62.351012869824245,64.36079658300106,66.43008732984843,68.55886982761398,70.66785195747448,72.65792311929783,74.42997490279518,75.9266833067725,77.25785589209836,78.5750839878193,80.02995956008058,81.70794166358428,83.42995639381166,84.97638398834016,86.22995512706916,87.0912573302893,87.42995478931834,87.13831665032016,86.22995512706916,84.76400145662257,82.86031974256844,80.65395747441531,78.27996245413155,75.85184228966426,73.39694293063454,70.92107144331996,68.43003802557016,65.92965843330552,63.4257582269951,60.92418013001935,58.43079662949114
51.53760658208949,53.605379983828485,55.614319599594964,57.58398694532313,59.53405607164332,61.484262388030956,63.454375684556666,65.4641855170073,67.53349308708731,69.66228626440088,71.77127488845464,73.76134986885738,75.53340385334795,77.03011353076933,78.3612869331187,79.67851562478398,81.13339167581952,82.81137416490674,84.53338916274971,86.07981692203096,87.33338815733543,88.19469041247555,88.53338788926237,88.24174973505733,87.33338815733543,85.86743437100833,83.9637524344297,81.75738975117766,79.38339397283005,76.95527245986543,74.50037070812839,72.02449496265803,69.53345395405319,67.03306082444938,64.52913649815231,62.02751552260712,59.53405607164332
52.540169748661654,54.60827279554468,56.6174125906297,58.58720402992293,60.53735137951742,62.487607624216096,64.45775304344285,66.4675836072667,68.53690453015372,70.665706183908,72.77469996243536,74.76477797365717,76.53683370508121,78.03354439323734,79.36471844405943,80.68194760872642,82.13682403976556,83.81480683489076,85.53682204514041,87.08324993518603,88.3368212471425,89.19812354349156,89.53682103437279,89.245182868098,88.3368212471425,86.87086736884096,84.9671852556445,82.7608222429281,80.38682586290454,77.95870327963573,75.50379962880221,73.02792050362069,70.53687347011635,68.03646959581214,65.5325261251291,63.030871115765635,60.53735137951742
53.642912303072606,55.71127706571478,57.72057577213464,59.690465715876925,61.640675155867456,63.590971030543145,65.56114194633305,67.57098896496859,69.64032048611051,71.76912886766925,73.8781267373233,75.86820715411451,77.64026427208304,79.13697576246085,80.46815032797652,81.78537986806546,83.24025660071382,84.91823963874157,86.6402550175786,88.18668301141199,89.44025438420718,90.30155671326378,90.64025421533175,90.3486160394772,89.44025438420718,87.97430043290548,86.07061817952733,83.86425490531485,81.4902580477405,79.06213461497003,76.6072294568205,74.13134764915367,71.64029583366215,69.139883431216,66.6359247654096,64.13424274270939,61.640675155867456
54.74579728361127,56.814369818233416,58.82379467087647,60.793762804784805,62.74402152881697,64.69434885899196,66.66454001189523,68.67440009091865,70.74374002397983,72.87255374543136,74.98155486222637,76.97163718832346,78.74369540679461,80.24040753389683,81.57158250792537,82.88881234598706,84.3436893180229,86.02167254884262,87.74368806148749,89.2901161376973,90.54368755878025,91.40498991379685,91.74368742474371,91.45204924128575,90.54368755878025,89.0777335495383,87.17405118489782,84.96768770313572,82.59369046652893,80.16556635950812,77.7106600049997,75.23477606823863,72.74372045726795,70.24330128598854,67.73933055966984,65.23762709604333,62.74402152881697
55.848795336773804,57.917532810401326,59.92705779684398,61.89708799482233,63.8473858374271,65.7977381345828,67.7679453499946,69.77781579517776,71.84716240483323,73.97598036457995,76.08498405863968,78.07506790015651,79.8471269920982,81.34383962456928,82.67501492283488,83.99224499739779,85.44712215943565,87.12510554327449,88.84712116212278,90.39354930371476,91.64712076312372,92.50842313874483,92.84712065673888,92.55548246724604,91.64712076312372,90.18116670789455,88.27748425494514,86.07112060845076,83.69712307100562,81.26899842883165,78.81409112477174,76.33820549814476,73.84714687469183,71.3467223309591,68.84274203212046,66.34102155055064,63.8473858374271
56.951883153969376,59.0207515588495,61.03035602877205,63.00043548986676,64.950764382039,66.90113649596307,68.87135646038595,70.88123513327301,72.95058704217612,75.07940836587221,77.18841410551289,79.17849914982085,80.95055893503718,82.44727196862004,83.77844752423286,85.09567778650703,86.5505550993496,88.22853860463981,89.95055430778179,91.49698250126772,92.75055399109606,93.6118563830709,93.95055390665833,93.65891571237562,92.75055399109606,91.28459989936675,89.38091737632648,87.17455359908398,84.80055582286323,82.37243075593778,79.91752269821777,77.44163573034169,74.95057471587465,72.45014590800596,69.9461580113997,67.44442402251002,64.950764382039
58.34170329298988,60.45952973807138,62.54309288479321,64.61043319675184,66.67813202303856,68.75983172519867,70.8650948147907,72.99902529542508,75.16309275079514,77.34552343638117,79.48955669560775,81.53041652439822,83.40757408099054,85.09812674659327,86.69642544613018,88.31214929365176,90.03432760924167,91.88983481462657,93.72511520005804,95.38907830569516,96.8905333122926,98.19881756892266,98.84298260266469,98.34069803438342,96.8905333122926,94.83669855503857,92.40874558141039,89.78504870059314,87.11621268816573,84.5081706672683,81.95135037603296,79.42069260515028,76.8995239166346,74.37480399128492,71.83516763203018,69.27127637506933,66.67813202303856
56.093235658897825,58.161902918115004,60.171385278421695,62.14138905651859,64.09167024695832,66.04201191610554,68.01221229400599,70.02207832651534,72.09142209407688,74.2202382496666,76.3292408466371,78.3193240430707,80.09138276319388,81.58809518053982,82.91927034078434,84.23650031467358,85.69137739583144,87.3693607145332,89.09137628817288,90.63780440193304,91.89137584502743,92.7526782118776,93.0913757268718,92.7997375399479,91.89137584502743,90.42542180937403,88.52173939401592,86.31537581764465,83.94137840826022,81.51325399388996,79.05834709403463,76.58246218674904,74.09140484564861,71.59098258886141,69.08700636485636,66.5852931275033,64.09167024695832
54.28746139384627,56.3557147412356,58.364945799248574,60.33479381045257,62.28497681935001,64.23525582416121,66.20541588650771,68.21525590063558,70.28458291030533,72.41338842797109,74.5223845561149,76.51246394890406,78.28452047664891,79.78123162553737,81.11240597195857,82.42963535223808,83.88451195649759,85.56249489112673,87.28451019819958,88.83093814785266,90.08450949475005,90.94581180988374,91.28450930718972,90.99287113541311,90.08450949475005,88.61855557452303,86.71487338081732,84.50851021791836,82.13451356362755,79.70639049247251,77.25148597595654,74.77560531016914,72.28455553027331,69.78414675808871,67.28019456055625,64.77852403694993,62.28497681935001
53.14657058778661,55.237136696512124,57.27951774873091,59.29305267571455,61.296476754935554,63.30715794227794,65.34040606637717,67.4090970671684,69.52394598052788,71.67874797724,73.80481802726287,75.81976077278702,77.64374086538507,79.2378803582933,80.70685742703064,82.18291935820102,83.78435464406155,85.56191822119513,87.3484006084336,88.96249027107538,90.36129888150411,91.49309624828318,92.02291501599112,91.59894298292771,90.36129888150411,88.55651503948397,86.36718655652035,83.94469977694666,81.42405497154596,78.90889939269591,76.40551800733411,73.90382434925817,71.39864720877111,68.88686245525872,66.36626750112234,63.83575040270219,61.296476754935554
51.77821187907316,53.84476695839324,55.85296652738478,57.82217502876763,59.771954887592756,61.721976557675035,63.691971051837854,65.70170420933715,67.77096239317095,69.89972421943366,72.00869377895765,73.99875754940945,75.77080507258103,77.26751101162907,78.59868201549034,79.91590895767618,81.3707836032014,83.04876496035283,84.77077917257168,86.31720644819745,87.57077739999067,88.43207950271218,88.77077692736836,88.47913881780535,87.57077739999067,86.10482395384757,84.20114267052168,81.9947812058522,79.62078765290941,77.1926700986499,74.73777537103845,72.26191212595887,69.77089340127434,67.27054001206405,64.7666864921275,62.26519138854749,59.771954887592756
51.133259976869496,53.208233977701724,55.2267656633405,57.208596013260276,59.173315564775436,61.14014510390648,63.127719652840696,65.15394657308084,67.23605220574998,69.37220050039303,71.48603531028029,73.48317433271562,75.27005619385967,76.7949228511337,78.16668983676121,79.53184110887888,81.03202926141819,82.74140537069175,84.4840078740084,86.0522673290358,87.35348174320778,88.30639509986916,88.71211423792789,88.37386598732269,87.35348174320778,85.77803233520893,83.78647598473209,81.51625616318367,79.10019403569734,76.64758070252837,74.17918441615463,71.69615807552515,69.20120020216963,66.69763660752511,64.18907118122438,61.67943233730236,59.173315564775436
39.36392820881467,41.40804418222185,43.402553634053476,45.36325107858167,47.30765629623484,49.25424353664472,51.22202678742302,53.23033218001237,55.29867048019719,57.42684824544477,59.53546259781939,61.52531749203618,63.297244615939064,64.79388089308159,66.12500720221789,67.44220154335149,68.89704999740442,70.57501026098207,72.29700983306721,73.84342809572934,75.09699376425627,75.95829302663518,76.29698947982922,76.00535220217716,75.09699376425627,73.63104665748256,71.72737754757225,69.52103879118829,67.14708670833878,64.7190429229402,62.26427908380555,59.788648762364915,57.29804522819971,54.7984321720042,52.29589739074498,49.796745558319444,47.30765629623484
40.353633573428496,42.40290837773727,44.40057532889364,46.3632396328842,48.30888842855336,50.256270942780375,52.22456648311527,54.23320275946233,56.30175428646234,58.43006745365565,60.53876415998511,62.52866748408907,64.300622524489,65.79727495413053,67.12841162673297,68.44561352719738,69.90046805439886,71.57843320907008,73.30043617586168,74.84685652842475,76.10042342202235,76.96172334301332,77.30042002146783,77.0087825509141,76.10042342202235,74.63447484529155,72.73080291264479,70.52445889074536,68.15049719201456,65.72243630162961,63.267642113577196,60.791957786214084,58.30125799105133,55.80147330783434,53.29863286685989,50.79893808255556,48.30888842855336
41.34614003432294,43.399528322850514,45.39970863369268,47.363936894012454,49.310573869998066,51.25858806391204,53.227290401889476,55.23618937985019,57.3049101769722,59.433330825270644,61.54209290064625,63.53203466528451,65.30401186365765,66.80067711379674,68.1318220120035,69.44902991237498,70.90388925987406,72.5818582966294,74.30386395781092,75.85028596913358,77.10385383507213,77.96515427880452,78.30385113604862,78.01221351238857,77.10385383507213,75.63790409163349,73.73422991857325,71.52788171741318,69.15391238649548,66.72583791969785,64.27101964314514,61.795292449530464,59.30451624652207,56.8045953256096,54.301512227739906,51.80138632966836,49.310573869998066
42.34088108806559,44.39754624426819,46.39972599592056,48.36519737475359,50.31261939672217,52.26113525179794,54.230160587035755,56.23926812119355,58.308123288193,60.43662925218294,62.54544321394633,64.5354154899325,66.30741027550056,67.80408570143321,69.1352371283794,70.45244979091946,71.90731296431424,73.58528508229472,75.30729288202104,76.85371620990458,78.1072848475917,78.96858570622473,79.30728270537435,79.01564496019361,78.1072848475917,76.64133417813515,74.73765822685372,72.53130670860077,70.15733131997656,67.72924607746214,65.27440868150863,62.7986474638424,60.30781061245864,57.807781548754235,55.30450581956093,52.80403763748953,50.31261939672217
43.337402946194885,45.39667654739267,47.40044615434215,49.36690533669318,51.31495090847534,53.26386511931632,55.23314689439181,57.24241999108776,59.31138182018971,61.439955504254726,63.54881065012455,65.53880714366127,67.31081588844712,68.80749939101194,70.13865599986798,71.45587244216847,72.91073865219316,74.58871321575182,76.31072271284606,77.85714708568631,79.11071633591138,79.97201752385153,80.31071463563168,80.01907679399986,79.11071633591138,77.64476493147302,75.74108756881415,73.53473341777556,71.16075322112394,68.7326594258476,66.277806854598,63.802018631340516,61.311133641149596,58.81101873761119,56.3075900951475,53.806850173530535,51.31495090847534
44.33534279481637,46.39669152295184,48.401724829144484,50.36896875077302,52.3175095234384,54.26674002736186,56.236225387235805,58.24562991077548,60.31467640562094,62.44330384227379,64.55219167715804,66.54220739260427,68.31422721698735,69.81091713004204,71.14207785181158,72.45929729412549,73.914165914334,75.59214241895448,77.31415326325298,78.86057846547689,80.11414820187412,80.9754496511857,81.31414685236084,81.02250893417565,80.11414820187412,78.6481962140798,76.74451773120836,74.53816149052187,72.16417747772215,69.7360768940702,67.281212278043,64.80540262000288,62.31447942065475,59.81429638168353,57.31074635821176,54.809790713572596,52.3175095234384
45.334410991698675,47.397409784397,49.40344724463331,51.371314467818266,53.320248463932785,55.269730084153835,57.239377059867024,59.24888590941862,61.31799960853492,63.44666971061605,65.55558349152375,67.5456144636786,69.31764308204384,70.81433808314716,72.14550206935657,73.46272389279247,74.91759442597093,76.59557247121643,78.31758438479318,79.8640102453,81.11758036757254,81.97888202433488,82.3175792964629,82.02594131751727,81.11758036757254,79.651627916768,77.74794854478228,75.54159064553826,73.16760360385086,70.73949763223388,68.28462345617403,65.8087967850643,63.31784325823082,60.817606137414515,58.31395976516305,55.812832873824604,53.320248463932785
46.43437658514919,48.49868695187902,50.50552213864749,52.473884362628425,54.423130575283295,56.37281155347432,58.3425868229688,60.352178483979586,62.42134552632727,64.55004949322304,66.65898386796655,68.6490269495485,70.42106254776498,71.9177615872801,73.24892816448858,74.56615187782846,76.02102392933577,77.6990031973782,79.42101595964259,80.96744234262931,82.2210127711715,83.08231459258766,83.42101192103107,83.1293738938598,82.2210127711715,80.75505995287523,78.85137987519849,76.64502065955469,74.27103121383189,71.84292096576677,69.38803920184955,66.91219902728662,64.42122142897205,61.92094138165557,59.417218531902535,56.915955704815545,54.423130575283295
47.43505559619584,49.50040816994124,51.507876972458426,53.4766322591577,55.426126350652524,57.375965588881286,59.34584269731813,61.355500090772665,63.42470947366593,65.55344031986522,67.66239104023896,69.65244373318629,71.42448487135405,72.92118711617437,74.25235574986745,75.56958096322899,77.02445421983698,78.70243445841527,80.4244478942841,81.97087469196367,83.22444536359231,84.08574731569436,84.4244446888353,84.13280662338732,83.22444536359231,81.75849225361756,79.85481161583309,77.64845135536092,75.27446000155041,72.84634635925515,70.3914585728173,67.91560768044877,65.4246109762468,62.92429685706648,60.42051330366269,57.91914257349282,55.426126350652524
48.43630157540094,50.502482112885126,52.51045410648811,54.4795214809437,56.42921235963645,58.379177227536644,60.34913517321982,62.35884474166497,64.42808773152828,66.55683991233774,68.66580360643067,70.65586392799102,72.42790946324604,73.92461425212863,75.25578451805919,76.57301092199117,78.02788513508963,79.70586614398354,81.42788011449296,82.97430724131458,84.22787810588116,85.0891801617087,85.4278775703261,85.1362394744979,84.22787810588116,82.76192476440099,80.85824368205843,78.65188259230476,76.27788972404178,73.84977338773734,71.3948808212001,68.9190214220358,66.42800955326663,63.92766839055088,61.423836654474485,58.922380274761565,56.42921235963645
49.437998017093406,51.504836191407215,53.51320775083063,55.48252290114604,57.43236999869697,59.382434590650746,61.352456701702394,63.362207683427854,65.43147734795268,67.56024646236392,69.66922045382049,71.65928683025732,73.43133585549853,74.92804266361097,76.25921422505212,77.57644157394199,79.03131654620837,80.70929816650272,82.43131256135689,83.97773994941883,85.23131096712038,86.09261310527492,86.43131054205003,86.13967242210899,85.23131096712038,83.76535744189417,81.86167600670552,79.65531425875021,77.28132018846412,74.85320171391882,72.39830535340054,69.92243920234526,67.43141529731611,64.9310526697042,62.427182689658736,59.92565832556835,57.43236999869697
50.440052281006224,52.507412725696554,54.51610153594535,56.485613391241515,58.435584497901885,60.385728248272045,62.35580129043677,64.36558514314115,66.43487597985762,68.56365853467312,70.67264069922557,72.66271188144776,74.4347636767028,75.93147208748289,77.26264467717328,78.57987277607776,80.03474835089665,81.71273045646015,83.43474518811715,84.98117278352575,86.23474392277063,87.09604612626816,87.43474358539204,87.14310544631263,86.23474392277063,84.76879025170503,82.86510853646217,80.65874626609158,78.28475124175822,75.85663107008726,73.40173169827571,70.92586018821405,68.43482672991396,65.93444706533313,63.4305467301748,60.92896840414538,58.435584497901885
51.54239073143461,53.61016589385643,55.619106578874735,57.58877458746956,59.53884413164222,61.48905071474043,63.45916418286306,65.4689741260597,67.53828176747008,69.66707499006472,71.77606364165362,73.766138638247,75.53819263206972,77.03490231489043,78.36607572070395,79.683304414896,81.13818046796152,82.81616295868359,84.53817795766125,86.08460571764104,87.33817695335497,88.19947920871525,88.53817668557737,88.24653853130782,87.33817695335497,85.87222316653654,83.96854122901443,81.76217854400238,79.38818276244065,76.96006124375843,74.50515948187642,72.02928371835162,69.53824267756178,67.03784949055996,64.53392506199421,62.0323039046426,59.53884413164222
52.54495485612692,54.613059300918565,56.62219994484137,58.59199191031961,60.54213959159087,62.492396047988876,64.46254160341672,66.4723722551416,68.54169323464427,70.67049492433841,72.7794887247206,74.76956674879295,76.54162248762393,78.03833318006552,79.36950723363711,80.6867364003096,82.14161283295995,83.81959562938275,85.54161084053298,87.08803873113304,88.3416100434145,89.20291233993828,89.54160983087928,89.2499716645533,88.3416100434145,86.87565616472301,84.97197405077769,82.7656110366644,80.39161465408974,77.9634920662829,75.50858840739727,73.03270926788588,70.54166220883619,68.04125828897472,65.5373147371197,63.03565958345236,60.54213959159087
53.64769817127156,55.71606404372049,57.72536342397176,59.69525378538982,61.64546348864941,63.59575953135791,65.56593055525354,67.57577764365733,69.64510920973561,71.77391761982005,73.88291550682034,75.87299593381104,77.64505305765846,79.14176455143763,80.47293911913559,81.79016866081632,83.24504539474347,84.92302843380115,86.64504381335294,88.1914718076264,89.44504318067956,90.30634550987484,90.64504301199023,90.35340483609508,89.44504318067956,87.97908922906834,86.0754069750958,83.86904369977461,81.49504684017546,79.06692340380316,76.61201823926264,74.13613642022219,71.64508458445523,69.14467214585002,66.64071341561657,64.13903127837975,61.64546348864941
54.75058375577714,56.81915717143369,58.82858255896542,60.79855102440999,62.74880995740966,64.69913742095676,66.66932865966538,68.67918879406466,70.74852876279212,72.87734250688462,74.98634363744739,76.97642597163986,78.74848419477712,80.24519632457901,81.57637130033962,82.8936011396647,84.34847811271553,86.02646134435268,87.74847685756487,89.29490493412399,90.54847635541165,91.40977871053833,91.74847622152285,91.45683803803264,90.54847635541165,89.08252234592402,87.1788399808118,84.97247649816971,82.59847925995585,80.17035515007623,77.71544879049532,75.23956484470696,72.74850921764362,70.24809001766457,67.74411924020957,65.24241568567369,62.74880995740966
55.85358228841706,57.92232046143562,59.93184587246273,61.90187633359841,63.85217434206757,65.80252674508354,67.77273402860023,69.78260451773566,71.85195115569968,73.98076913341663,76.08977283840386,78.079856686346,79.85191578199118,81.34862841660501,82.67980371624535,83.99703379181103,85.45191095465447,87.12989433914211,88.85190995844069,90.39833810030991,91.65190955988137,92.51321193558982,92.85190945361376,92.56027126409533,91.65190955988137,90.18595550445721,88.28227305113336,86.0759094039405,83.70191186521984,81.27378722077687,78.81887991269087,76.34299427889897,73.8519356426732,71.35151107616144,68.84753073673559,66.34581018300997,63.85217434206757
56.95667048624246,59.02553944630117,61.03514425324374,63.005223923217216,64.95555294704035,66.9059251449875,68.87614516346599,70.88602387123827,72.95537580261004,75.08419714056913,77.193202888883,79.18328793829073,80.95534772644652,82.45206076173008,83.78323631843404,85.10046658150407,86.55534389498605,88.23332740079123,89.95534310429062,91.50177129799656,92.75534278795388,93.61664517999806,93.9553427036092,93.66370450930619,92.75534278795388,91.28938869606982,89.38570617273236,87.17934239493547,84.80534461770235,82.37721954897597,79.92231148806047,77.44642451449755,74.9553634898927,72.45493466394427,69.9509467351237,67.44921268896326,64.95555294704035
58.3462977139083,60.46411065470444,62.54765356055013,64.61496771473884,66.68263571515308,68.76430188326242,70.86953152340301,73.00343217657668,75.16747742379181,77.34989575269825,79.49392102009116,81.53476937643815,83.41190360669565,85.10241470180529,86.70065907066027,88.31632603144372,90.03845661880004,91.89393371109571,93.72919551683526,95.39313984771859,96.89455688496508,98.20277791932494,98.84690334115828,98.34464578926895,96.89455688496508,94.84081582875879,92.41295781514648,89.78934515962149,87.12057372154291,84.51257331332768,81.95577736869518,79.42513291944273,76.90397162415066,74.37925769893731,71.83963020483445,69.27575457999025,66.68263571515308
56.0980224064257,58.16669044236298,60.17617327421108,62.14617734457387,64.09645871922653,66.04680050594543,68.01700095948559,70.02686704080998,72.09621083981213,74.22502701536031,76.33402962446735,78.32411282803717,80.09617155227359,81.59288397199933,82.92405913377074,84.24128910877366,85.69616619082629,87.37414951024861,89.09616508438842,90.64259319845647,91.8961646417313,92.75746700867853,93.09616452370592,92.80452633675358,91.8961646417313,90.43021060586136,88.5265281900874,86.32016461294042,83.9461672021393,81.51804278524898,79.06313588092215,76.5872509656788,74.09619361039239,71.59577132830589,69.09179505922309,66.59008174173114,64.09645871922653
54.292246938187006,56.36050151804028,58.36973332438815,60.339581799460774,62.2897651007481,64.2400442921805,66.2102044745925,68.22004456620745,70.28937162578524,72.41817717513277,74.52717332254198,76.51725272665917,78.28930926093335,79.78602041359954,81.11719476244446,82.43442414449189,83.8893007501717,85.56728368594469,87.28929899381141,88.83572694395325,90.08929829113714,90.95060060642484,91.28929810378351,90.99765993196178,90.08929829113714,88.62334437056634,86.71966217620052,84.51329901207015,82.1393023555305,79.71117928037512,77.25627475676107,74.78039407834163,72.28934427592706,69.78893546358276,67.28498319449524,64.78331254368082,62.2897651007481
53.15127463279566,55.24183428270571,57.28420550038689,59.29772743695855,61.301135785619465,63.31179931898295,65.34502924408838,67.41370349550144,69.52853960504086,71.68333435050317,73.80939966120326,75.82433553424849,77.64830139658882,79.24241464070764,80.71135557336302,82.18737725104222,83.78877667717805,85.56631657033348,87.35278391190256,88.96685802154832,90.36563405396811,91.49737357462615,92.02715358865595,91.60320820685926,90.36563405396811,88.56092794324042,86.37166986903843,83.9492395243455,81.42863464235322,78.91350340165619,76.41013578423983,73.90844951793764,71.4032764374879,68.8914949571182,66.37090480355042,63.840396068538496,61.301135785619465
51.78299248796924,53.84955066771285,55.85775212042125,57.82696178990845,59.77674238520041,61.726764525412534,63.696759322069795,65.70649267480314,67.7757509843888,69.90451289048121,72.01348249854982,74.00354629754595,75.77559383717028,77.27229978573752,78.60347079570619,79.92069774234682,81.37557239145097,83.05355375148469,84.77556796570403,86.32199524256134,87.5755661950765,88.43686829818611,88.77556572297506,88.48392761329836,87.5755661950765,86.10961274806715,84.20593146307786,81.99956999530545,79.62557643669598,77.19745887235621,74.74256412685892,72.26670084994907,69.77568206852229,67.27532857812051,64.77147487789108,62.26997945381294,59.77674238520041
51.13802641373701,53.21299862398645,55.231527558318305,57.21335422726543,59.178069248514205,61.14489360589367,63.13246270186396,65.15868450061228,67.24078614985251,69.37693216168759,71.49076546891287,73.48790229722043,75.27477955738021,76.79963751738315,78.17139206184642,79.53652879501169,81.03670334720697,82.74607011664511,84.48866653158302,86.05691956159302,87.35812006580642,88.31100710034859,88.71670732998325,88.37847219828133,87.35812006580642,85.78270285548216,83.79117293816888,81.52097266317354,79.10492356940786,76.65231788195382,74.18392582468242,71.70090172671179,69.20594507700378,66.70238246466671,64.1938184723701,61.684182107871536,59.178069248514205
39.36389812598432,41.40801392393499,43.40252326827435,45.363220645804276,47.307625821081075,49.25421303438472,51.221996267699424,53.230301649008084,55.298639941922985,57.42681770255389,59.535432052120484,61.525286944685945,63.29721406763693,64.79385034422872,66.1249766530116,67.44217099388746,68.89701944773333,70.57497971114418,72.29697928311356,73.84339754570442,75.09696321418959,75.95826247654603,76.29695892973243,76.00532165208692,75.09696321418959,73.631016107466,71.72734699765198,69.52100824144753,67.1470561589259,64.71901237411059,62.264248536010754,59.78861821641159,57.2980146855286,54.79840163518486,52.295866864346834,49.79671505043092,47.307625821081075
40.35360339535619,42.402878059688234,44.40054492525284,46.3632091759583,48.308857937949554,50.25624043064445,52.224535957111144,54.233172224501715,56.30172374573036,58.43003690925893,60.5387336133595,62.528636936152736,64.30059197579712,65.79724440500148,67.12838107732344,68.44558297758327,69.90043750462038,71.57840265915925,73.30040562585896,74.8468259783655,76.10039287192993,76.96169279290305,77.30038947135148,77.00875200080299,76.10039287192993,74.63444429523891,72.73077236266855,70.52442834091164,68.15046664244106,65.72240575251904,63.26761156528799,60.791927239386524,58.30122744682906,55.80144276825729,53.29860233555621,50.798907565949534,48.308857937949554
41.34610978022668,43.3994979571999,45.39967819993376,47.36390641789255,49.31054336712038,51.25855754393303,53.227259870898635,55.236158841748676,57.30487963428922,59.43330027967863,61.54206235328506,63.53200411688297,65.3039813146564,66.80064656444851,68.13179146243266,69.44899936264176,70.9038587100104,72.58182774666068,74.30383340776928,75.85025541904702,77.10382328495925,77.96512372867751,78.30382058591675,78.01218296226085,77.10382328495925,75.63787354155221,73.73419936855258,71.52785116750562,69.15388183679451,66.72580737036428,64.27098909446352,61.79526190200899,59.30448570106854,56.80456478384339,54.301481692541586,51.80135580613971,49.31054336712038
42.34085077335588,44.39751584072964,46.399695538214374,48.36516688338217,50.31258888409567,52.261104725591,54.23013005208581,56.239237580598655,58.308092743961296,60.436598705642155,62.54541266600128,64.53538494116171,66.30737972625376,67.80405515191103,69.13520657868048,70.45241924109169,71.90728241438293,73.58525453228005,75.30726233194846,76.85368565979637,78.10725429746262,78.96855515608443,79.30725215523019,79.01561441005273,78.10725429746262,76.6413036280311,74.73762767679784,72.53127615863463,70.15730077017437,67.7292155279516,65.27437813251552,62.79861691577014,60.30778006602779,57.80775100525028,55.30447528127074,52.80400710846416,50.31258888409567
43.33737258320308,45.39664611371507,47.40041567760216,49.366874833205756,51.314920388106756,53.26383458816446,55.23311635629878,57.24238944851359,59.31135127472871,61.43992495696088,63.54878010171609,65.5387765945974,67.31078533900543,68.80746884135169,70.13862545006745,71.45584189226565,72.91070810220816,74.58868266570065,76.31069216274895,77.8571165355609,79.11068578576942,79.97198697370067,80.31068408547776,80.01904624384852,79.11068578576942,77.64473438135096,75.74105701873026,73.53470286776289,71.16072267124142,68.73262887619657,66.27777630535766,63.80198808283109,61.311103093943004,58.810988192727834,56.30755955440284,53.806819640141015,51.314920388106756
44.33531239339344,46.39666106531031,48.401694337280425,50.36893823766226,52.31747899692215,54.266709492284065,56.236194846647635,58.24559936663016,60.31464585918417,62.44327329438221,64.55216112838174,66.54217684330777,68.31419666739097,69.81088658027218,71.14204730193039,72.4592667441631,73.91413536430642,75.59211186887435,77.31412271313641,78.86054791533786,80.11411765172193,80.97541910102643,81.31411630219915,81.02247838401607,80.11411765172193,78.6481656639434,76.74448718110227,74.53813094047231,72.1641469277759,69.73604634430765,67.28118172860647,64.80537207114644,62.31444887283243,59.81426583570526,57.310715815518705,54.80976017671834,52.31747899692215
45.33438055970359,47.39737930770839,49.403416740754565,51.37128394706514,53.32021793253533,55.26969954595933,57.2393465172982,59.24885536402617,61.31796906132361,63.44663916225002,65.5555529424555,67.54558391419748,69.31761253232469,70.81430753329033,72.14547151941134,73.46269334278281,74.91756387590952,76.59554192111332,78.31755383466114,79.86397969515014,81.11754981741225,81.97885147416896,82.31754874629507,82.02591076735106,81.11754981741225,79.65159736662022,77.74791799465858,75.54156009545943,73.16757305385401,70.73946708238284,68.28459290658174,65.80876623593245,63.317812709919764,60.817575590567145,58.31392922092334,55.812802334219825,53.32021793253533
46.434346128845185,48.49865646005577,50.50549162522594,52.473853835806835,54.423100040010524,56.3727810128056,58.342556278827715,60.35214793759721,62.42131497850119,64.55001894448043,66.65895331866659,68.64899639992083,70.4210319979484,71.9177310373542,73.24889761449256,74.5661213277813,76.02099337924753,77.69897264725685,79.42098540949829,80.96741179247087,82.22098222100476,83.08228404241646,83.42098137085833,83.12934334368839,82.22098222100476,80.75502940271843,78.8513493250608,76.6449901094526,74.27100066379488,71.84289041584549,69.38800865213364,66.91216847793618,64.42119088027306,61.92091083411836,59.41718798643517,56.91592516302734,54.423100040010524
47.435025120570145,49.50037766609491,51.507846451458505,53.47660172751783,55.42609581230323,57.3759350462485,59.34581215192905,61.35546954360454,63.42467892535191,65.5534097708237,67.66236049075508,69.65241318344229,71.42445432146013,72.92115656619367,74.25232519983109,75.56955041315204,77.02442366972744,78.70240390827945,80.42441734413006,81.97084414179838,83.22441481342047,84.08571676551898,84.42441413865868,84.13277607321177,83.22441481342047,81.7584617034536,79.85478106568428,77.64842080524039,75.27442945148155,72.84631580927814,70.39142802300327,67.91557713092482,65.42458042723993,62.92426630898173,60.42048275722085,57.91911202997139,55.42609581230323
48.436271084422195,50.50245159948932,52.51042357947054,54.47949094547849,56.42918181884485,58.379146683344814,60.349104626840116,62.35881419387319,64.42805718282695,66.55680936305897,68.66577305680082,70.65583337815471,72.4278789132907,73.92458370210446,75.25575396799081,76.57298037189058,78.02785458496317,79.70583559383624,81.42784956433118,82.9742766911439,84.22784755570527,85.08914961152999,85.42784702014643,85.13620892431904,84.22784755570527,82.76189421423133,80.85821313190084,78.65185204216958,76.27785917394762,73.8497428377161,71.3948502713082,68.91899087237414,66.42797900401538,63.927637842031544,61.42380610725917,58.92234972986435,56.42918181884485
49.437967513917904,51.50480567042774,53.51317721903517,55.48249236264395,57.432339455966655,59.382404045221364,61.3524261545364,63.362177135141025,65.43144679894394,67.56021591289688,69.66918990407476,71.65925628034773,73.4313053054945,74.92801211355226,76.25918367495834,77.57641102382266,79.0312859960685,80.70926761634627,82.43128201118898,83.97770939924386,85.23128041694127,86.09258255509357,86.43127999186791,86.13964187192752,85.23128041694127,83.76532689172001,81.86164545654091,79.6552837086034,77.28128963834985,74.85317116386241,72.39827480344684,69.92240865257428,67.43138474787087,64.93102212083988,62.42715214182948,59.92562777957906,57.432339455966655
50.44002176814318,52.507382198695225,54.51607100035662,56.485582850328626,58.435553953632635,60.385697701860366,62.355770742646655,64.3655545944614,66.4348454306049,68.5636279850566,70.67261014938788,72.66268133148003,74.43473312666009,75.93144153739678,77.26261412705935,78.57984222594352,80.03471780074614,81.71269990629648,83.43471463794437,84.98114223334736,86.23471337258894,87.09601557608468,87.43471303520799,87.1430748961291,86.23471337258894,84.7687597015273,82.86507798629201,80.65871571593556,78.28472069162802,75.856600520003,73.40170114827293,70.92582963835632,68.43479618031478,65.93441651619503,63.43051618185824,60.92893785728927,58.435553953632635
51.5423602108782,53.61013536207386,55.61907604027459,57.58874404464298,59.53881358615139,61.48902016754907,63.45913363457758,65.4689435770681,67.53825121802367,69.66704444032956,71.77603309174295,73.7661080882331,75.53816208199628,77.0348717647826,78.36604517057398,79.68327386474994,81.13814991780252,82.81613240851419,84.53814740748459,86.08457516745995,87.33814640317124,88.19944865853014,88.5381461353918,88.24650798112266,87.33814640317124,85.87219261635596,83.96851067883988,81.76214799383902,79.3881522122978,76.96003069365206,74.5051289318347,72.02925316842503,69.53821212784042,67.03781894120456,64.53389451329087,62.03227335709845,59.53881358615139
52.54492432946151,54.61302876534005,56.62216940385066,58.591961365973944,60.5421090451304,62.49236550017862,64.46251105473804,66.47234170590245,68.54166268504416,70.67046437450915,72.77945817475198,74.7695361987424,76.54159193752616,78.03830262994042,79.36947668349447,80.68670585015414,82.14158228279427,83.81956507920877,85.54158029035327,87.0880081809498,88.34157949322918,89.20288178975184,89.54157928069247,89.24994111436683,88.34157949322918,86.87562561454017,84.97194350059964,82.76558048649522,80.39158410393685,77.96346151615894,75.50855785732466,73.03267871790464,70.54163165901785,68.04122773944685,65.53728418810937,63.035629035362106,60.5421090451304
53.647667639755696,55.71603350512848,57.725332881083375,59.69522323983834,61.64543294141933,63.59572898305643,65.56590000626278,67.57574709422171,69.6450786600135,71.77388706991604,73.88288495680573,75.87296538373141,77.64502250754133,79.14173400129884,80.47290856898287,81.79013811065344,83.24501484457245,84.92299788362357,86.64501326317081,88.19144125744145,89.44501263049295,90.30631495968737,90.64501246180245,90.35337428590756,89.44501263049295,87.97905867888372,86.07537642491496,83.86901314960083,81.49501629001462,79.06689285366527,76.61198768916552,74.13610587019758,71.64505403455989,69.14464159618521,66.64068286636257,64.13900072985602,61.64543294141933
54.75055322041037,56.81912663044943,58.82855201457069,60.79852047790138,62.748779409568684,64.69910687226539,66.66929811042694,68.67915824447311,70.74849821297315,72.87731195692129,74.9863130873963,76.97639542153716,78.74845364464464,80.24516577442932,81.57634075017887,82.89357058949591,84.34844756254026,86.02643079417221,87.7484463073808,89.29487438393767,90.54844580522405,91.40974816035,91.74844567133431,91.45680748784429,90.54844580522405,89.08249179573798,87.17880943062879,84.97244594799227,82.59844870978867,80.17032459992728,77.71541824037871,75.23953429464791,72.74847866768718,70.24805946789112,67.74408869076217,65.24238513680592,62.748779409568684
55.85355174999313,57.922289918552366,59.93181532687231,61.9018457863301,63.8521437937417,65.8024961960827,67.77270347916516,69.78257396802034,71.85192060580388,73.98073858340622,76.0897422883238,78.079826136225,79.85188523184654,81.34859786644671,82.67977316607826,83.99700324163754,85.45188040447587,87.12986378895937,88.85187940825506,90.39830755012254,91.65187900969298,92.51318138540084,92.85187890342459,92.56024071390634,91.65187900969298,90.18592495427002,88.28224250094857,86.07587885376017,83.70188131504764,81.27375667061915,78.81884936255881,76.34296372881258,73.85190509266826,71.35148052630174,68.84750018713468,66.34577963386911,63.8521437937417
56.95663994539163,59.02550890191051,61.03511370670421,63.00519337534588,64.9555223983296,66.90589459574103,68.87611461387485,70.8859933214247,72.95534525265322,75.08416659052136,77.19317233877995,79.18325738815518,80.9553171762922,82.45203021156493,83.78320576826192,85.10043603132686,86.55531334480479,88.23329685060668,89.95531255410377,91.50174074780833,92.75531223776481,93.61661462980855,93.95531215341954,93.66367395911668,92.75531223776481,91.28935814588176,89.38567562254617,87.17931184475283,84.80531406752617,82.37718899881128,79.92228093791616,77.44639396438949,74.95533293984928,72.45490411401613,69.95091618540096,67.44918213960565,64.9555223983296
58.34645745514466,60.4642836164348,62.54784633779802,64.61518610005841,66.68288427855215,68.76458327601314,70.86984566268917,73.00377551652558,75.16784250521341,77.35027293113716,79.49430602242433,81.53516561013488,83.41232267655359,85.10287446861099,86.70117202647756,88.31689467863242,90.03907199131604,91.89457856394462,93.72985855896934,95.39382127010262,96.89527547887556,98.20355840707361,98.84772260849633,98.34543860787849,96.89527547887556,94.84144269051117,92.41349171226908,89.78979660130591,87.12096194582355,84.51292079937235,81.9561010197588,79.42544352881926,76.90427499566651,74.37955519640528,71.83991902344546,69.2760280949835,66.68288427855215
56.097991869303215,58.16665990028811,60.17614272912965,62.14614679762896,64.09642817110708,66.04676995707631,68.01697041013419,70.02683649114735,72.09618028994903,74.22499646536994,76.33399907439963,78.32408227792396,80.09614100213413,81.59285342184472,82.92402858360634,84.24125855860218,85.6961356406491,87.37411896006685,89.09613453420346,90.64256264826955,91.89613409154325,92.75743645848982,93.096133973517,92.80449578656487,91.89613409154325,90.43018005567468,88.52649763990337,86.32013406276131,83.94613665196925,81.51801223509497,79.06310533079665,76.58722041560408,74.0961630604081,71.59574077848289,69.09176450968755,66.59005119270654,64.09642817110708
54.29221640873607,56.36047098073112,58.3697027823076,60.33955125442259,62.28973455384562,64.24001374408813,66.21017392573461,68.22001401685549,70.28934107611505,72.41814662526056,74.52714277254697,76.51722217659193,78.28927871082448,79.78598986346657,81.11716421229602,82.43439359433216,83.88927020000294,85.56725313576864,87.2892684436303,88.83569639376901,90.08926774095107,90.95057005623781,91.28926755359615,90.99762938177469,90.08926774095107,88.62331382038248,86.71963162602086,84.51326846189832,82.13927180537306,79.71114873024317,77.25624420667438,74.78036352833549,72.2893137260645,69.78890491397624,67.28495264534496,64.78328199534162,62.28973455384562
53.15132705371394,55.24189302670453,57.2842738722465,59.29780852623202,61.301232274870785,63.311913091211125,65.34516083285628,67.41385148165865,69.52870012594627,71.68350197027391,73.8095719207004,75.82451452180035,77.64849431535214,79.24263325664936,80.71160956600238,82.18767065127011,83.78910518356679,85.56666826300359,87.35315033407267,88.96723966988525,90.36604759572647,91.49784374695152,92.02766170031488,91.6036902272831,90.36604759572647,88.56126538714389,86.37193838376761,83.94945279014757,81.4288088237285,78.91365375634305,76.41027266031493,73.90857915757763,71.40340210241266,68.89161741768575,66.37102256443397,63.84050564177224,61.301232274870785
51.782961989986816,53.849520149962046,55.85772159065982,57.82693125269917,59.7767118432954,61.72673398050996,63.69672877523851,65.70646212672706,67.77572043551089,69.90448234109431,72.0134519488534,74.00351574766756,75.77556328718697,77.2722692356935,78.60344024562323,79.92066719223546,81.3755418413168,83.05352320133215,84.77553741553874,86.32196469238818,87.57553564489874,88.43683774800587,88.77553517279398,88.48389706311801,87.57553564489874,86.10958219789492,84.20590091291623,81.9995394451636,79.62554588659029,77.19742832231478,74.74253357693152,72.26667030022463,69.77565151915965,67.27529802940305,64.77144433032318,62.26994890828853,59.7767118432954
51.13801775399982,53.212991717201604,55.23152334501961,57.21335361758106,59.178073073889465,61.14490250412244,63.13247693845902,65.15870375106776,67.2408093000227,69.37695754669119,71.49079232499909,73.48793130132358,75.2748130657753,76.7996795402716,78.17144626444193,79.53659723101748,81.03678509774073,82.7461610107349,84.48876338610263,86.0570227061068,87.35823682795845,88.31114963145816,88.71686837215671,88.37862039724483,87.35823682795845,85.78278809660104,83.79123230162688,81.52101289085851,79.10495103728306,76.6523378647934,74.18394166729689,71.70091537379832,69.20595752615856,66.70239395215789,64.19382855599369,61.68418976417844,59.178073073889465
39.36738524131934,41.411521369543856,43.406043169045525,45.36674830966639,47.31115839508773,49.25774874918551,51.225534006001176,53.23384069439942,55.30217982967645,57.43035812524019,59.53897280017091,61.52882788407612,63.30075511732227,64.79739145773121,66.12851780745939,67.44571217820167,68.90056065604219,70.57852093877753,72.30052052415923,73.84693879500716,75.10050446833253,75.96180373329113,76.3005001873675,76.00886290895986,75.10050446833253,73.6345573558012,71.73088823483468,69.52454945782647,67.15059733731306,64.72255348491714,62.267789526911514,59.79215899394197,57.30155508275084,54.80194135436355,52.29940537602769,49.80025141740845,47.31115839508773
40.35710154645827,42.40639242996389,44.40406921305977,46.366739637907415,48.3123923021507,50.259777289766056,52.2280744231368,54.23671172831288,56.30526391826517,58.43357750642531,60.54227446878812,62.53217794345534,64.30413307064384,65.80078555050102,67.1319222553218,68.4491241792869,69.90397872536875,71.58194389524553,73.30394687259061,74.85036723165084,76.10393412905697,76.96523405209544,77.30393073125023,77.01229326009683,76.10393412905697,74.63798554775634,72.73431360633421,70.52796956806523,68.15400783944031,65.72594689587875,63.271152613476005,60.79546811821477,58.30476802378257,55.80498280697138,53.302141415638175,50.802444943019594,48.3123923021507
41.34961674026972,43.403017843080946,45.40320597752526,47.367439103846465,49.31407915349193,51.26209531183008,53.23079891473229,55.239698709492444,57.30842003288777,59.436841015342196,61.54560329394445,63.53554517808955,65.30752244534854,66.80418773534453,68.13533265912332,69.45254057814748,70.90739994063202,72.58536898945607,74.30737465901396,75.85379667549338,77.10736454445475,77.96866498981228,78.30736184761219,78.01572422347618,77.10736454445475,75.64141479738906,73.73774061736377,71.53139240321113,69.15742304856633,66.7293485395619,64.27453018812177,61.798802861241526,59.30802642068787,56.80810507621396,54.30502122389379,51.80489398533159,49.31407915349193
42.344364756703456,44.401040116688776,46.40322609057323,48.36870133652542,50.31612580005957,52.26464321511608,54.233669554660324,56.24277773724921,58.31163332200731,60.440139551238715,62.54895367431129,64.53892604515306,66.31092088539697,67.80759634296449,69.13874779020739,70.45596046755222,71.91082365284105,73.58879578040052,75.31080358677515,76.85722691875165,78.11079555883799,78.97209641876088,79.31079341835164,79.01915567279315,78.11079555883799,76.64484488650261,74.74116892969305,72.53481740112781,70.16084199367128,67.73275671765703,65.27791926226439,62.80215793882222,60.31132089888922,57.811291498974015,55.30801517087829,52.807545924559534,50.31612580005957
43.34089216100743,45.40017388188433,47.403948435404395,49.370410690227146,51.31845820114259,53.267373650655685,55.236656223060805,57.24592983450317,59.314891995215206,61.44346588981617,63.55232116372227,65.5423177325478,67.3143265207306,68.81101004840431,70.14216667336996,71.45938312742106,72.9142493468861,74.59222391804761,76.31423342041867,77.8606577965075,79.11422704863685,79.97552823760076,80.31422534973106,80.02258750779939,79.11422704863685,77.64827564191357,75.74459827486697,73.5382441156435,71.16426390404462,68.73617008217923,66.28131746375217,63.8055291565384,61.3146440166899,58.814528846282,56.31109972840949,53.810358961910254,51.31845820114259
44.33883642421719,46.40019161017895,48.40522884750654,50.372475209736585,52.32101752228843,54.27024900967092,56.239735002518856,58.2491399346674,60.31818669273392,62.44681429649785,64.55570223300776,66.54571800821195,68.31773786703964,69.81442780002342,71.14558853457928,72.46280798621969,73.91767661392106,75.59565312457593,77.31766397306265,78.86408917786497,80.11765891577357,80.97896036589773,81.31765756735078,81.02601964892763,80.11765891577357,78.65170692616574,76.74802843981176,74.54167219262892,72.16768816796551,69.7395875632097,67.28472290973735,64.80891318505988,62.31798986692472,59.817806616127186,57.31425621528561,54.8132998999441,52.32101752228843
45.33790813292023,47.4009120595582,49.406952643118515,51.374821804658296,53.3237570234829,55.27323942448034,57.24288690266914,59.25239607656806,61.32150998461687,63.45018021933957,65.55909408090966,67.54912510049516,69.32115374619937,70.81784876312057,72.1490127594785,73.4662345903169,74.92110512944242,76.59908317947746,78.32109509637839,79.86752095893169,81.12109108240386,81.98239273981113,82.32109001215971,82.0294520330252,81.12109108240386,79.65513863015988,77.7514592554101,75.5451013510099,73.17111429990626,70.74300831153906,68.28813410575873,65.81230738175816,63.32135376064099,60.821116471690544,58.317469799896784,55.816342376146665,53.3237570234829
46.437876518734384,48.50219096555278,50.50902863331128,52.47739239655243,54.42663957998897,56.37632117801144,58.3460968463739,60.35568876484092,62.42485597302715,64.55356004520404,66.6624944839706,68.65253760319874,70.42457322311436,71.92127227518418,73.2524388604476,74.56966257966285,76.02453463589038,77.70251390773424,79.42452667263706,80.97095305724808,82.2245234867424,83.08582530867045,83.4245226372889,83.13288460996773,82.2245234867424,80.75857066730367,78.85489058743306,76.6485313676968,74.2745419145003,71.84643165314046,69.39154986563395,66.91570964909107,64.424731975942,61.92445179517266,59.42072870765783,56.919465457948235,54.42663957998897
47.438557749257754,49.50391356470239,51.51138433764787,53.48014084655492,55.42963570875882,57.37947543902931,59.34935286408117,61.35901046189244,63.42821997641734,65.55695090618043,67.66590167737012,69.65595440019756,71.42799555558804,72.92469781037306,74.25586645045938,75.57309166848421,77.02796492883866,78.70594517043415,80.42795860839712,81.97438540736586,83.22795607975021,84.08925803225854,84.42795540553843,84.13631733997148,83.22795607975021,81.7620029688687,79.85832232934294,77.6519620656226,75.27797070588022,72.8498570530329,70.3949692478721,67.91911832218378,65.42812155858468,62.92780733347979,60.42402359135494,57.92265252571957,55.42963570875882
48.43980549206749,50.50598860459128,52.51396216292197,54.483030507757206,56.43272199828769,58.3826872567728,60.35264545377444,62.36235518442622,64.43159827876909,66.56035052590452,68.66931426033062,70.65937460560701,72.43142015453176,73.92812495132341,75.25929522232826,76.5765216299615,78.03139584603355,79.70937685732221,81.43139082949374,82.9778179573386,84.23138882250498,85.09269087865499,85.43138828738267,85.13975019146002,84.23138882250498,82.76543548030509,80.86175439658051,78.65539330424873,76.28140043127763,73.853284086598,71.39839150520027,68.92253207958984,66.43152016367657,63.931178916886566,61.427347031016225,58.92589038502544,56.43272199828769
49.44150333479877,51.50834355424804,53.51671635609952,55.48603227680283,57.4358798600488,59.38594476204224,61.35596707257871,63.36571818305306,65.43498793050554,67.56375709756061,69.67273112102993,71.66279751629031,73.43484655238127,74.93155336677108,76.26272493223973,77.57995228406735,79.03482725869384,80.7128088808889,82.43482327706229,83.98125066593639,85.23482168411402,86.09612382252448,86.43482125938712,86.14318313937112,85.23482168411402,83.76886815831654,81.86518672203098,79.65882497202942,77.28483089800648,74.85671241681376,72.40181604450069,69.92594987245498,67.43492593000715,64.93456323566429,62.43069313672359,59.9291685612765,57.4358798600488
50.44355871151459,52.510920780265565,54.51961057694716,56.489123043824804,58.439094536031405,60.38923853250053,62.35931173300479,64.36909568790061,66.4383865904382,68.56716918703765,70.67615137699883,72.6662225741614,74.43827437802788,75.93498279379035,77.26615538667738,78.58338348791352,80.03825906460565,81.71624117167775,83.4382559043818,84.98468350043501,86.23825464005776,87.0995568437584,87.43825430295178,87.1466161638129,86.23825464005776,84.77230096853876,82.86861925242526,80.66225698043057,78.28826195313127,75.86014177618426,73.40524239501114,70.92937086828928,68.43833738028975,65.93795766274377,63.43405723321588,60.93247873942511,58.439094536031405
51.5458980456784,53.61367449764474,55.622615965795035,57.59228445988066,59.54235431009296,61.49256108853287,63.46267468233488,65.47248470664309,67.54179240029656,69.67058565605548,71.77957432781145,73.76964933626304,75.54170333692069,77.03841302369595,78.36958643204665,79.68681512808931,81.14169118264161,82.8196736745611,84.5416886743698,86.0881164348612,87.34168767087505,88.20298992639655,88.54168740331383,88.25004924899707,87.34168767087505,85.87573388369677,83.97205194548364,81.76568925918252,79.39169347526672,76.96357195239688,74.50867018308459,72.03279440633654,69.5417533419741,67.04136011293333,64.53743560946494,62.035814318956355,59.54235431009296
52.54846287210911,54.616568340744934,56.6257096063659,58.59550195722777,60.54564988142265,62.495906492871484,64.46605214805446,66.47588286415895,68.54520388512756,70.67400560114444,72.7829994175333,74.77307745101756,76.54513319527342,78.04184389085376,79.37301794643908,80.69024711458043,82.14512354841084,83.823106345784,85.54512155759384,87.09154944859998,88.34512076111947,89.20642305777122,89.54512054875599,89.25348238239255,88.34512076111947,86.87916688214236,84.9754847676486,82.76912175251215,80.39512536806907,77.96700277693851,75.51209911215548,73.03621996214875,70.54517288438937,68.0447689311613,65.54082531985505,63.03917006049802,60.54564988142265
53.65120674442382,55.719573429707665,57.72887330348041,59.69876397080874,61.64897386688939,63.599270032666894,65.5694411357403,67.57928827524309,69.64861987423322,71.77742830521015,73.88642620491503,75.87650663937598,77.64856376752914,79.14527526379955,80.47644983309581,81.79367937594236,83.24855611080615,84.92653915061811,86.64855453069345,88.19498252528919,89.44855389853129,90.30985622782813,90.64855372997826,90.35691555405337,89.44855389853129,87.98259994669338,86.07891769228553,83.87255441615227,81.49855755507016,79.07043411605981,76.6155289468385,74.13964711946788,71.64859526885097,69.1481828037625,66.64422402634197,64.14254180521733,61.64897386688939
54.75409277128159,56.82266683221749,58.83209261150746,60.80206131977273,62.752320405822445,64.70264796705268,66.67283926860607,68.68269944356317,70.752039438413,72.88085319908797,74.98985433973439,76.97993667985602,78.75199490641074,80.24870703818993,81.57988201521911,82.89711185546952,84.35198882926375,86.02997206149959,87.75198757512733,89.29841565194224,90.55198707337986,91.41328942858718,91.75198693959925,91.46034875608542,90.55198707337986,89.0860330637123,87.18235069825457,84.97598721496794,82.60198997557706,80.17386586360362,77.71895950030753,75.24307554790754,72.75201990905772,70.25160068805877,67.74762987315103,65.24592625203216,62.752320405822445
55.857091655096056,57.925830340356285,59.935356062353605,61.90538671622855,63.85568484617855,65.80603732672769,67.77624466012512,69.78611518145166,71.85546184014916,73.98427983102766,76.09328354401833,78.08336739666646,79.85542649502409,81.35213913120728,82.68331443185448,84.0005445081546,85.45542167158808,87.1334050565509,88.85542067617928,90.40184881825157,91.65542027794204,92.51672265371447,92.85542017176029,92.5637819822231,91.65542027794204,90.18946622237505,88.28578376877698,86.07942012107256,83.70542258141768,81.27729793531284,78.82239062427813,76.34650498523851,73.85544633965782,71.35502175646249,68.85104138731012,66.3493207807368,63.85568484617855
56.960180131698934,59.02904949837648,61.0386545521561,63.008734375114585,64.95906349536025,66.9094357548468,68.87965581291617,70.88953454623876,72.9588864940668,75.0877078424723,77.19671359713848,79.18679865028136,80.95885844059,82.4555714771192,83.7867470346223,85.10397729827525,86.55885461222556,88.23683811840787,89.95885382216903,91.50528201603612,92.7588535060879,93.62015589818287,93.95885342181138,93.6672152274935,92.7588535060879,91.29289941409053,89.38921689053537,87.18285311233248,84.80885533435787,82.38073026431249,79.92582220105658,77.44993522332854,74.95887419129866,72.45844535210841,69.95445739969375,67.45272331158759,64.95906349536025
58.349914251537086,60.46773454419785,62.55128846939334,64.61861686418688,66.68630164662734,68.7679860711938,70.87323392179827,73.00715081361491,75.1712081514095,77.35363320756039,79.49766282588557,81.53851742809275,83.41566435776271,85.10619808491624,86.70447203293844,88.32016996465936,90.04232653691652,91.89782002388623,93.73309194511972,95.39704649771608,96.89848420702947,98.20673966236046,98.85088665076705,98.34861438988239,96.89848420702947,94.84469213629133,92.41678242322703,89.79312391302844,87.12431731908994,84.51629425603568,81.95948505663489,79.42883335483987,76.90766803454412,74.38295084275114,71.84331852230757,69.27943438708198,66.68630164662734
56.101531623608324,58.17020022842395,60.17968340563408,62.14968769005554,64.09996919962772,66.05031107245732,68.02051158139678,70.03037769847387,72.09972152050344,74.22853771066941,76.33754032866537,78.32762353746188,80.09968226471086,81.59639468617962,82.92756984906929,84.24479982488789,85.69967690759584,87.37766022754596,89.09967580205205,90.64610391634558,91.89967535975262,92.76097772677089,93.09967524182258,92.80803705484944,91.89967535975262,90.43372132372409,88.53003890764553,86.32367532993037,83.94967791809168,81.52155349935563,79.0666465917538,76.59076167068218,74.09970430500576,71.59928200438978,69.09530570229157,66.59359232610505,64.09996919962772
54.29575527414181,56.36401075666558,58.37324311110214,60.343091925917165,62.29327544135397,64.24355476946971,66.213715039819,68.22355518818627,70.29288228431723,72.4216878568688,74.53068401838823,76.52076343080219,78.29281996985853,79.78953112529157,81.12070547591162,82.43793485925386,83.89281146597395,85.57079440258471,87.2928097110329,88.83923766153266,90.0928090089264,90.9541113243269,91.29280882172418,91.00117064986938,90.0928090089264,88.62685508810384,86.72317289325451,84.51680972822223,82.14281307003557,79.71468999195024,77.25978546313752,74.78390477546624,72.2928549565587,69.792446114801,67.28849379330579,64.78682304932283,62.29327544135397
53.15483149038619,55.2453946564966,57.28777122813696,59.30130023674613,61.30471714920614,63.315390293504805,65.34863012627352,67.41731349618539,69.53215657624025,71.68695526935268,73.8130231601873,75.82796277468078,77.65193638412842,79.24606391840445,80.7150245240426,82.19106811636692,83.79248706518902,85.57003985237313,87.35651538512042,88.97059796215727,90.36939173080222,91.50116274438221,92.03096385702197,91.60700396550479,90.36939173080222,88.56464330145273,86.37534689547329,83.95288582683564,81.43225921008687,78.91711471946785,76.41373960666601,73.9120493162244,71.40687402545991,68.8950907631675,66.37449799613633,63.84398470802914,61.30471714920614
51.7864972091443,53.85305765967669,55.861260492041396,57.83047101706137,59.78025215174972,61.730274636290034,63.700269654497475,65.71000315022232,67.77926155190994,69.90802351647046,72.01699316009366,74.007056979996,75.77910453167047,77.27581048720967,78.60698150165146,79.92420845155482,81.37908310328022,83.05706446542499,84.77907868110948,86.3255059588688,87.5790769119127,88.44037901530656,88.77907644019274,88.48743833043278,87.5790769119127,86.11312346426894,84.20944217806132,82.00308070801628,79.6290871452565,77.20096957353385,74.74607481493678,72.2702115147141,69.7791926917287,67.27883912721319,64.77498529493536,62.27348963612094,59.78025215174972
51.14154930511734,53.21652249015932,55.23505292230189,57.216881595170165,59.18159908269659,61.14842626102377,63.13599832559156,65.16222291248526,67.2443267303093,69.38047398490836,71.49430811018517,73.49144613297959,75.2783258979238,76.80318859274067,78.1749499102092,79.54009455843284,81.04027651471561,82.74964836880758,84.49224809829249,86.06050462611974,87.36171270300444,88.3146140675086,88.7203245910576,88.38208231730579,87.36171270300444,85.78627796407497,83.79473365643479,81.52452274023827,79.10846655088875,76.65585670109661,74.18746234149725,71.70443702262114,69.20947970675842,66.70591655965247,64.19735178668303,61.687714072384935,59.18159908269659
39.37278555385075,41.4169531341187,43.411494202251134,45.37221135261079,47.316629034147496,49.2632242471202,51.23101263432987,53.23932134481832,55.307661783243276,57.435840906356546,59.54445608463055,61.53431146454125,63.30623886841563,64.80287530755065,66.13400172062184,67.45119613756793,68.90604465252852,70.58400496515904,72.3060045712898,73.85242285491162,75.10598853572486,75.96728780470897,76.30598426016219,76.01434698057551,75.10598853572486,73.6400414142089,71.73637227598925,69.53003346679729,67.15608128751002,64.72803733056591,62.27327318706426,59.79764232400751,57.307037824473866,54.80742304714249,52.30488520078744,49.80572792427321,47.316629034147496
40.36251893197026,42.411834907290654,44.409527033150404,46.37220700956449,48.31786571068028,50.26525455798702,52.23355417726715,54.24219308791481,56.31074631239328,58.43906055746503,60.54775791936345,62.53766162898199,64.30961689160253,65.80626944982038,67.13740620491731,68.4546081655548,69.90946274109913,71.5874279347039,73.3094309285176,74.85585129771647,76.10941820106572,76.97071812729928,77.30941480754687,77.01777733545765,76.10941820106572,74.64346961263395,72.73979765751798,70.53345359370462,68.1594918184305,65.73143079188779,63.27663636225299,60.80095160498966,58.31025104355267,55.81046499407671,53.307622119724044,50.80792301251637,48.31786571068028
41.35504775365207,43.408468853251,45.408669196412106,47.372909916091146,49.31955476214797,51.267573985943244,53.23627956274143,55.24518063210398,57.31390277673998,59.442324280639156,61.55108687637305,63.54102894700644,65.31300632176067,66.80967167395261,68.1408166376361,69.45802458576745,70.91288397163653,72.59085303929359,74.31285872192262,75.85928074644913,77.11284862012758,77.97414906802103,78.31284592668831,78.02120830180954,77.11284862012758,75.64689886740186,73.74322467650778,71.53687644208046,69.1629070504099,66.73483247554253,64.2800140072419,61.80428647240308,59.31350966116413,56.81358765572986,54.31050262610216,51.810373295725114,49.31955476214797
42.349806635437304,44.40649791845051,46.40869360209636,48.374174882650294,50.32160315621661,52.27012300560048,54.239150912349146,56.24826010680411,58.31711634346752,60.44562298660367,62.55443736139641,64.54440988025866,66.31640480582328,67.81308031275645,69.14423179167204,70.46144449211943,71.9163076959687,73.59427983847596,75.31628765522524,76.86271099358869,78.11627963741898,78.97758049935464,79.31627749963383,79.0246397534858,78.11627963741898,76.65032896059128,74.74665299515507,72.5403014504978,70.16632601365374,67.73824068536356,65.28340313721719,62.80764164871354,60.31680431455274,57.81677438998639,55.31349712731348,52.81302622025372,50.32160315621661
43.3463426945723,45.405637086194716,47.40941935880002,49.37588640817991,51.323936945086274,53.27285432752842,55.242138144153586,57.25141255884911,59.32037523703302,61.44894946017169,63.557804933876156,65.54780162018852,67.3198104760915,68.81649404294718,70.14765069305167,71.46486716543939,72.9197333996359,74.59770798266155,76.31971749326696,77.86614187442513,79.11971112952605,79.98101232008753,80.31970943276423,80.02807159036463,79.11971112952605,77.6537597192372,75.75008234534366,73.54372817334789,71.169747938424,68.74165407506692,66.28680138302022,63.811012944794115,61.320127571407596,58.82001198455447,56.31658212481457,53.815840039890375,51.323936945086274
44.34429384674712,46.40565911011454,48.4107024819398,50.3779526526975,52.326497368219776,54.27573039027469,56.24521737086812,58.254622940643884,60.3236701094623,62.4522979740002,64.5611860690952,66.55120193755056,68.32322185012849,69.81991181421131,71.15107256871997,72.46829203491421,73.92316067430801,75.60113719437948,77.32314804940181,78.86957325822769,80.12314299849486,80.98444444988698,81.3231416517737,81.03150373297916,80.12314299849486,78.657191006057,76.75351251426858,74.54715625694833,72.1731722137718,69.7450715760838,67.29020686417894,64.81439703551507,62.32347353201483,59.82328995066601,57.3197389609453,54.818781598983975,52.326497368219776
45.34337103563361,47.40638297374532,49.41242843121708,51.380300617532946,53.32923774437806,55.27872136376445,57.248369626058064,59.25787930609546,61.3269935401798,63.4556639818874,65.56457796932969,67.55460906292987,69.32663775129609,70.82333279290076,72.15449680509533,73.47171864748516,74.92658919589101,76.60456725339999,78.32657917548826,79.87300504123507,81.1265751665792,81.98787682499287,82.32657409768566,82.03493611825638,81.1265751665792,79.66062271208907,77.75694333302596,75.55058542057967,73.17659835478213,70.7484923402765,68.2936180881179,65.8177912815821,63.3268375133369,60.826599962016076,58.322952822791734,55.82182456822218,53.32923774437806
46.44334377891298,48.50766459266998,50.51450613198191,52.482872297216204,54.43212099554228,56.3818035608015,58.351579851590714,60.36117217181376,62.43033963878814,64.55904387525436,66.66797841392776,68.65802159190211,70.43005724567885,71.92675631734006,73.2579229151731,74.57514664355674,76.03001870715008,77.70799798492605,79.43001075394605,80.97643714109176,82.23000757207187,83.09130939479869,83.43000672369035,83.13836869613522,82.23000757207187,80.76405475085033,78.86037466755624,76.6540154414338,74.2800259765747,71.85191569446874,69.39703387015152,66.92119358809965,64.43021579817267,61.92993540915248,59.42621195061449,56.92494804140955,54.43212099554228
47.44402847291015,49.50938934698962,51.51686319476138,53.485621610904985,55.43511767578802,57.38495817388137,59.354836093005545,61.36449400971199,63.43370372964574,65.56243478980872,67.67138564029575,69.66143840975053,71.4334795920168,72.9301818623516,74.26135051241444,75.57857573771626,77.03344900391696,78.71142925022076,80.43344269145155,81.97986949243207,83.23344016599572,84.09474211913803,84.43343949263476,84.14180142688211,83.23344016599572,81.76748705369918,79.86380641145621,77.65744614266714,75.28345477366813,72.85534110435455,70.40045326997692,67.92460229229361,65.43360543600636,62.93329104560806,60.42950700898727,57.92813541986375,55.43511767578802
48.445278967806104,50.51146609864658,52.51944209871202,54.48851195780939,56.43820440310259,58.38817027108885,60.358128860268636,62.367838844041046,64.4370821014224,66.56583445205843,68.67479824942365,70.66485863170847,72.43690420196465,73.93360901109818,75.26477929002144,76.58200570343044,78.03687992414265,79.71486093916835,81.43687491393354,82.98330204337515,84.23687290947751,85.0981749661307,85.4368723750305,85.14523427896049,84.23687290947751,82.77091956615453,80.8672384802733,78.66087738391846,76.28688450360036,73.85876814585143,71.4038755412642,68.92801607438503,66.4370040849042,63.936662706917815,61.43283058729668,58.93137352578387,56.43820440310259
49.44697899684141,51.51382240769651,53.52219714833811,55.4915142712193,57.44136261238424,59.3914279981893,61.36145062001836,63.37120193140308,65.4404718082627,67.56924105746756,69.6782151308922,71.66828155552639,73.44033060854818,74.9370374327338,76.26820900448729,77.58543636089911,79.04031133920853,80.71829296436965,82.44030736260164,83.98673475274309,85.2403057716636,86.10160791047346,86.4403053474727,86.14866722733971,85.2403057716636,83.77435224497474,81.87067080697742,79.66430905378277,77.2903149739285,74.86219648236266,72.40730009164402,69.93143388684311,67.44040988600409,64.94004708752874,62.43617680305408,59.93465189778857,57.44136261238424
50.44903611007157,52.51640071314554,54.525092049139985,56.49460547038042,58.444577564225426,60.39472194472772,62.364795392318044,64.37457950668184,66.44387051193209,68.57265317373472,70.68163540334578,72.67170662382244,74.44375844112699,75.94046686466442,77.27163946253975,78.58886756741438,80.04374314702966,81.72172525645591,83.44373999079389,84.99016758785297,86.24373872806537,87.10504093208301,87.44373839138478,87.15210025215306,86.24373872806537,84.77778505583888,82.87410333836675,80.6677410638377,78.29374603191008,75.86562584672987,73.4107264509482,70.93485489822842,68.44382136388342,65.94344156368626,63.439540986896304,60.937962231316874,58.444577564225426
51.55137682329192,53.619155287572866,55.628097977788,57.59776722947389,59.547837557255846,61.49804464052302,63.46815843044557,65.47796858132692,67.54727635650482,69.67606966401605,71.78505836724239,73.77513339419846,75.54718740552191,77.04389709846815,78.37507051077806,79.69229920970864,81.14717526658104,82.82515776036902,84.54717276147456,86.09360052276432,87.34717175924615,88.20847401501928,88.54717149202261,88.25553333763216,87.34717175924615,85.88121797150635,83.97753603221489,81.77117334390225,79.39717755631294,76.96905602690845,74.51415424600127,72.0382784486186,69.5472373474715,67.04684405282973,64.54291943247704,62.04129793417937,59.547837557255846
52.55394274477496,54.62204981110351,56.63119204687422,58.60098499912068,60.55113330239365,62.501390155796656,64.47153596664572,66.48136678321352,68.55068786888894,70.67948962598201,72.78848346734901,74.77856151552035,76.5506172682417,78.04732796871991,79.37850202744771,80.69573119788116,82.15060763355304,83.82859043240924,85.55060564524838,87.0970335368882,88.35060484977915,89.21190714663058,89.55060463768365,89.25896647126172,88.35060484977915,86.88465097035632,84.98096885500667,82.77460583827369,80.40060945091496,77.9724868545978,75.51758318061191,73.0417040142274,70.55065690727189,68.0502529019758,65.54630919789699,63.044653773613035,60.55113330239365
53.65668748654491,55.7250554402445,57.73435608414927,59.70424722884529,61.65445742581987,63.604753783644426,65.57492501027335,67.58477222951522,69.65410387986374,71.78291234344303,73.89191026297314,75.8819907090913,77.65404784396351,79.15075934412143,80.48193391591184,81.79916346057765,83.25404019690299,84.93202323789205,86.65403861878434,88.20046661388305,89.45403798741995,90.31534031687531,90.65403781907963,90.36239964310832,89.45403798741995,87.9880840352283,86.08440178014114,83.87803850274068,81.50404163934441,79.07591819621746,76.62101301969184,74.14513117932214,71.65407930553214,69.15366679911696,66.6497079480619,64.14802559603177,61.65445742581987
54.759574203686185,56.828149271569885,58.837575662191966,60.80754474937474,62.75780407425637,64.70813178791944,66.67832318754094,68.68818342578783,70.75752346140118,72.88633724795282,74.9953384043346,76.98542075370854,78.75747898559621,80.25419112046089,81.58536609946967,82.90259594116404,84.3574729161183,86.03545614928841,87.75747166356456,89.30389974077866,90.55747116245028,91.41877351778336,91.7574710288385,91.46583284528782,90.55747116245028,89.09151715250195,87.18783478650508,84.98147130221267,82.607474060985,80.17934994574425,77.72444357665071,75.24855961393331,72.75750395669095,70.25708470289078,67.75311382953869,65.25141010451826,62.75780407425637
55.86257363550283,57.931313120107575,59.94083932736861,61.910870282009796,63.86116860152853,65.81152120306683,67.78172861430225,69.79159918586248,71.8609458769142,73.98976388833113,76.09876761381099,78.08885147380269,79.86091057639307,81.35762321502523,82.68879851724367,84.00602859468982,85.46090575904404,87.13888914474838,88.86090476489142,90.40733290728053,91.66090436715675,92.52220674302902,92.86090426110897,92.56926607154256,91.66090436715675,90.19495031136688,88.29126785734087,86.08490420883818,83.71090666772548,81.28278201902734,78.82787470339119,76.35198905616265,73.86093039598373,71.36050578675395,68.8565253712139,66.35480468217273,63.86116860152853
56.96566254713332,59.034532548332635,61.04413798729726,63.01421804898621,64.96454731969752,66.9149196752152,68.88513979506544,70.89501856825888,72.96437054176661,75.09319190647348,77.20219767105237,79.19228273002388,80.96434252369207,82.461055562165,83.79223112091518,85.10946138547777,86.56433870015886,88.2423222069297,89.96433791109934,91.51076610521791,92.76433759541709,93.62563998759131,93.96433751124692,93.67269931690583,92.76433759541709,91.2983835032428,89.39470097934804,87.18833720051154,84.81433942137986,82.38621434927616,79.9313062823681,77.4554192981405,74.96435825452397,72.46392939467012,69.95994140543728,67.45820725187562,64.96454731969752
58.3588366470956,60.47660292047212,62.56007587772099,64.62729963350783,66.69486109995232,68.77641137082276,70.88152540213568,73.01532296154959,75.1792914478451,77.36166706600359,79.50566470940936,81.54647341055224,83.42352701046373,85.11389440726515,86.711950959939,88.32742125726645,90.04938683422529,91.90475981264649,93.7399573788111,95.40383679444568,96.90512254572866,98.21312496619272,98.85711340827652,98.35494928088124,96.90512254572866,94.85170546873692,92.4241757555404,89.8008542610463,87.13230603499844,84.5244494601383,81.96773766617528,79.43713926040783,76.91600351800638,74.3913103306717,71.85171347637973,69.2878918787066,66.69486109995232
56.111227341033214,58.17989751523139,60.18938164520222,62.1593865201537,64.1096684019323,66.06001051231806,68.03021117408915,70.0400773897982,72.10942127535421,74.23823750584671,76.34724014836479,78.3373233715802,80.10938210714008,81.60609453341732,82.93726969939202,84.25449967746088,85.7093767619767,87.38736008338272,89.10937565889931,90.65580377381495,91.90937521758664,92.77067758480098,93.10937509991973,92.81773691288916,91.90937521758664,90.44342118112054,88.53973876420176,86.33337518491925,83.95937777021813,81.53125334639017,79.07634642975356,76.60046149260323,74.10940409826367,71.60898174652988,69.10500535335106,66.60329181524217,64.1096684019323
54.305448560494256,56.37370653324501,58.38294039971112,60.35279015178378,62.30297425800113,64.25325396318922,66.22341447613354,68.23325478106517,70.3025819780364,72.43138761460166,74.54038381504733,76.53046325034978,78.30251980259881,79.79923096566482,81.13040532118208,82.44763470809639,83.90251131768622,85.58049425660813,87.30250956666039,88.8489375181477,90.10250886612029,90.963811181832,91.3025086793357,91.01087050738977,90.10250886612029,88.63655494460315,86.73287274842004,84.52650958089967,82.1525129181692,79.72438983200104,77.26948528884651,74.79360457565195,72.30255471124478,69.80214578834352,67.29819332226974,64.79652232126,62.30297425800113
53.16419237538979,55.25472970784608,57.29706694349525,59.31054399277477,61.313897984987975,63.32450051454681,65.35766755137708,67.42628392275589,69.54107578606886,71.69584547309239,73.82189440582121,75.83680652907407,77.66072321420637,79.25474574535227,80.72356179162568,82.19944434769542,83.80071983284412,85.57817786521196,87.36459320222288,88.97861355291874,90.37727697662996,91.50881653788528,92.03846258361578,91.61460933364296,90.37727697662996,88.57283954462031,86.38382482026444,83.96158951558583,81.44112260282719,78.9260754683164,76.42275542832911,73.92109470525523,71.41593565470612,68.90416548499437,66.38359192018248,63.853112085413926,61.313897984987975
51.7961805232645,53.86274723831306,55.870953876784995,57.84016676199157,59.789949384729766,61.73997281917866,63.709968448583155,65.71970233878285,67.78896099455488,69.91772312041309,72.02669286212173,74.01675673969855,75.78880432461617,77.28551029938912,78.616681326171,79.93390828507538,81.38878294403207,83.06676431200059,84.78877853172712,86.33520581197482,87.58877676647737,88.45007887065542,88.78877629580981,88.49713818582016,87.58877676647737,86.12282331708337,84.21914202751479,82.0127805512002,79.63878697699081,77.21066938490077,74.75577459016492,72.2799112256285,69.78889228799414,67.288538519019,64.78468432245535,62.283188016067086,59.789949384729766
51.15115973428896,53.22612575786286,55.2446451860815,57.22645913676074,59.19115850524891,61.15796495879785,63.14551521375017,65.17171931668324,67.25380720228702,69.38994532648535,71.50377344165125,73.50090268870387,75.28776405126807,76.81259195973544,78.18430351598577,79.54939001171172,81.04951756902729,82.75885206504586,84.50142744167364,86.06965826998038,87.37081070771033,88.32360678311628,88.72924167098216,88.39105187435882,87.37081070771033,85.79550475684577,83.80406617690646,81.53393344164078,79.11792938288741,76.66535011315572,74.1969726683271,71.71395631919127,69.21900389742245,66.7154446791442,64.206885641598,61.697257843950425,59.19115850524891
39.37321875907352,41.41738886067473,43.411931473455084,45.37264958655808,47.31706787702488,49.26366347950072,51.23145211765266,53.239760990238125,55.3081015331274,57.436280722579596,59.54489594120312,61.534751344842476,63.30667876239497,64.80331520944416,66.13444162759313,67.45163604824305,68.9064845661793,70.58444488120631,72.30644448900037,73.85286277364617,75.10642845505964,75.9677277243665,76.30642417993005,76.01478690024888,75.10642845505964,73.64048133282344,71.73681219322077,69.53047338144887,67.15652119745009,64.7284772321251,62.2737130737535,59.798082184235966,57.30747763753901,54.807862776121084,52.305324780019845,49.80616723753276,47.31706787702488
40.362953505840224,42.412271492623205,44.40996484841553,46.37264559051606,48.31830477556739,50.265693932279305,52.2339937508377,54.2426327901849,56.311186097594145,58.43950039532595,60.548197789252356,62.53810151770527,64.31005679118248,65.80670935568193,67.13784611480916,68.45504807838645,69.90990265629256,71.58786785179943,73.30987084693331,74.8562912169449,76.10985812077058,76.97115804726025,77.30985472759548,77.01821725543124,76.10985812077058,74.64390953176718,72.74023757555346,70.5338935096924,68.1599317306787,65.73187069748398,63.27707625604663,60.80139147778041,58.31069087890691,55.810904762682014,53.30806176944594,50.80836245104143,48.31830477556739
41.35548341998947,43.40890612260834,45.409107444463544,47.37334877285163,49.31999400340429,51.268013472936246,53.236719207968065,55.24562037950665,57.31434258997581,59.44276413567559,61.55152675683169,63.541468842414545,65.31344622578591,66.81011158296369,68.14125654984606,69.45846450031073,70.91332388805439,72.59129295722116,74.31329864089803,75.85972066606959,77.11328854012618,77.97458898822293,78.3132858469597,78.02164822202141,77.11328854012618,75.64733878694675,73.74366459518137,71.53731635912878,69.16334696449012,66.73527238434298,64.28045390667447,61.80472635516506,59.31394951421085,56.814027455792,54.310942331787714,51.81081283372434,49.31999400340429
42.35024317278433,44.406935732246325,46.40913219426007,48.37461395856749,50.32204253755812,52.270562582085276,54.23959061446587,56.24869989003511,58.31755617895723,60.44606285527327,62.55487725024466,64.54484978097264,66.31684471337685,67.81352022426731,69.14467170572192,70.46188440802126,71.91674761335835,73.5947197570639,75.31672757464483,76.86315091352029,78.11671955765073,78.97802041974774,79.31671742008209,79.02507967388681,78.11671955765073,76.65076888046286,74.74709291433516,72.5407413683879,70.16676592918805,67.73868059670727,65.28384304112546,62.808081539389974,60.317244181643005,57.81721421501902,55.31393687742755,52.8134658372377,50.32204253755812
43.34677992572321,45.406075333077645,47.409858224470725,49.37632565819777,51.3243764376771,53.27329397506884,55.24257789143451,57.25185237052126,59.32081509018728,61.44938933966256,63.558244829383455,65.5482415251139,67.32025038644554,68.81693395644217,70.14809060856189,71.46530708241951,72.92017331779692,74.59814790177364,76.32015741303914,77.86658179460368,79.12015104994282,79.98145224063236,80.32014935335286,80.02851151091576,79.12015104994282,77.65419963936813,75.75052226492572,73.5441680919061,71.17018785511237,68.7420939884292,66.28724129048095,63.8114528417525,61.32056744964487,58.82045182940823,56.31702191019798,53.8162797195848,51.3243764376771
44.34473163014238,46.40609770134935,48.41114156493609,50.37839204099748,52.326936949149385,54.27617009422836,56.24565715400249,58.255062774892394,60.324109976637914,62.452737862080255,64.5616259698879,66.55164184581855,68.32366176270527,69.82035172928107,71.15151248538923,72.46873195275016,73.92360059308125,75.60157711390758,77.32358796945383,78.87001317860225,80.12358291905848,80.98488437055224,81.32358157247373,81.03194365364942,80.12358291905848,78.65763092639375,76.7539524341697,74.54759617603682,72.17361213137622,69.74551149104826,67.29064677445928,64.81483693745955,62.32391341909988,59.82372981125306,57.320178774326024,54.81922132846445,52.326936949149385
45.3438092583395,47.40682183867783,49.412867686858064,51.3807401156495,53.32967739544745,55.279161112503644,57.24880943765348,59.258319158264484,61.327433418484816,63.456103876784965,65.56501787431753,67.55504897385094,69.32707766563709,70.82377270922046,72.15493672268457,73.47215856600039,74.92702911515016,76.60500717325829,78.32701909576238,79.87344496176519,81.1270150872594,81.98831674575372,82.3270140184741,82.03537603902122,81.1270150872594,79.66106263258919,77.75738325318031,75.55102534008907,73.1770382731136,70.74893225651263,68.29405800063618,65.81823118748412,63.3272774074447,60.827039835091455,58.32339265839647,55.8222643372259,53.32967739544745
46.44378235092806,48.50810367507977,50.51494552474775,52.483311882533314,54.43256070229759,56.3822433450935,58.352019685778316,60.36161203820734,62.430779525926965,64.55948377556312,66.66841832224534,68.65846150492897,70.43049716142013,71.92719623465183,73.2583628334925,74.57558656261112,76.03045862679491,77.70843790504641,79.43045067439647,80.97687706174537,82.23044749284458,83.09174931563541,83.430446644549,83.1388086169751,82.23044749284458,80.76449467148012,78.8608145879116,76.65445536127723,74.28046589548323,71.85235561171417,69.39747378444609,66.92163349714284,64.43065569785456,61.93037529214037,59.42665180386004,56.92538784178794,54.43256070229759
47.44446732256877,49.50982860216476,51.51730269642427,53.48606126545786,55.435557426751345,57.38539798639573,59.35527594512624,61.364933887396276,63.43414362379623,65.56287469441246,67.6718255512562,69.66187832444876,71.43391950886948,72.93062178045079,74.26179043131339,75.57901565719857,77.03388892386789,78.71186917054914,80.43388261204187,81.98030941318368,83.23388008684185,84.09518204003498,84.43387941354908,84.14224134778155,83.23388008684185,81.76792697443189,79.86424633197109,77.6578860627757,75.28389469303465,72.85578102240106,70.40089318568134,67.92504220382997,65.43404534011256,62.93373093646383,60.42994687623536,57.92857524514744,55.435557426751345
48.445718038080884,50.51190549104243,52.51988168684497,54.48895166733027,56.43864418916016,58.3886101060059,60.358568726623844,62.368278730687166,64.43752200113819,66.56627436007113,68.67523816248175,70.66529854773327,72.43734411969945,73.93404892982235,75.26521920938039,76.5824456232524,78.03731984433657,79.7153008596618,81.43731483463492,82.98374196420453,84.23731283038194,85.09861488707546,85.43731229598906,85.1456741999072,84.23731283038194,82.77135948696892,80.8676784009148,78.66131730423749,76.2873244233304,73.85920806453379,71.40431545808761,68.92845598790024,66.437443992522,63.93710260401852,61.433270465659206,58.93181337083689,56.43864418916016
49.447418242377346,51.51426190906561,53.52263680512662,55.49195402437806,57.441802426300086,59.391867850888985,61.36189049767219,63.3716418251625,65.44091171239577,67.56968096818603,69.67865504561522,71.66872147260409,73.44077052698313,74.937477351954,76.26864892421133,77.58587628099063,79.04075125959525,80.71873288499415,82.44074728339118,83.9871746736342,85.24074569261428,86.10204783145616,86.44074526846634,86.14910714832398,85.24074569261428,83.77479216585397,81.87111072771943,79.6647489742688,77.29075489394708,74.86263640154968,72.40774000935559,69.93187380192893,67.4408497964091,64.94048698958618,62.436616690238566,59.9350917585338,57.441802426300086
50.44947549481199,52.51684030104522,54.52553176043571,56.495045258180795,58.445017400254955,60.39516181154252,62.36523527894002,64.37501940608725,66.44431041957125,68.57309308660076,70.68207531939026,72.67214654173586,74.44419836011764,75.94090678427833,77.27207938255356,78.58930748771985,80.04418306756945,81.72216517718442,83.44417991165338,84.9906075087931,86.24417864905276,87.10548085309581,87.44417831240628,87.1525401731671,86.24417864905276,84.77822497676954,82.87454325918853,80.66818098445631,78.29418595215765,75.86606576631746,73.41116636936471,70.93529481456088,68.44426127650065,65.94388146967796,63.43998088108302,60.93840210451782,58.445017400254955
51.55181631858183,53.61959494417617,55.62853773235575,57.59820704477319,59.548277410838566,61.49848451854163,63.46859832418578,65.47840848521363,67.54771626692677,69.67650957858666,71.78549828433572,73.77557331277517,75.54762732495362,77.04433701839456,78.37551043102184,79.69273913018395,81.14761518724234,82.82559768118008,84.54761268238957,86.09404044374337,87.3476116802627,88.20891393605598,88.54761141306622,88.25597325866983,87.3476116802627,85.88165789247788,83.97797595309996,81.7716132646261,79.39761747674228,76.96949594681394,74.5145941649773,72.03871836594048,69.5476772618446,67.04728396194407,64.54335933222158,62.04173781726692,59.548277410838566
52.55438232784768,54.622489522252195,56.63163183579307,58.60142483624834,60.55157316990939,62.50183004270815,64.47197586603589,66.48180669065711,68.55112778151964,70.67992954190551,72.78892338527481,74.77900143462351,76.55105718802348,78.04776788889436,79.37894194787405,80.69617111849125,82.15104755431074,83.8290303532858,85.55104556620746,87.09747345789808,88.35104477081882,89.21234706768627,89.55104455874479,89.25940639231817,88.35104477081882,86.88509089136025,84.98140877594199,82.77504575908104,80.40104937148855,77.97292677475565,75.518023100032,73.04214393233464,70.55109682303866,68.05069281356865,65.5467491020529,63.045093664547906,60.55157316990939
53.65712713931585,55.72549519469554,57.73479590033644,59.70468708329969,61.65489730439485,63.60519367761448,65.57536491414798,67.58521213978197,69.65454379424754,71.78335226044038,73.89235018155972,75.88243062861231,77.65448776402317,79.1511992644927,80.48237383648308,81.79960338129473,83.25448011773723,84.93246315882064,86.65447853977841,88.20090653491744,89.45447790847797,90.31578023794603,90.6544777401547,90.36283956417968,89.45447790847797,87.98852395625795,86.08484170111635,83.87847842361433,81.50448156003252,79.07635811657558,76.6214529394644,74.14557109805267,71.65451922240506,69.154106712677,66.65014785571917,64.14846549319527,61.65489730439485
54.760013911792356,56.82858906039607,58.8380155000244,60.80798461758236,62.75824396160948,64.70857168749201,66.67876309497495,68.68862333829534,70.75796337717642,72.88677716580244,74.99577832344559,76.9858606735612,78.75791890587638,80.25463104098841,81.58580602015591,82.90303586196603,84.35791283701327,86.03589607025827,87.75791158458642,89.30433966183247,90.55791108352288,91.41921343886607,91.75791094992462,91.46627276637099,90.55791108352288,89.09195707355204,87.18827470751194,84.98191122313892,82.60791398176401,80.17978986626133,77.72488349670306,75.24899953315858,72.7579438744418,70.25752461801221,67.75355373997505,65.25185000662553,62.75824396160948
55.86301338753853,57.93175293622117,59.94127918238243,61.91131016113394,63.86160849584908,65.81196110708623,67.7821685245614,69.79203910014849,71.86138579379383,73.99020380685718,76.09920753333822,78.08929139391859,79.8613504968483,81.35806313567676,82.68923843802116,84.0064685155592,85.46134567998722,87.13932906575099,88.86134468593528,90.40777282834979,91.66134428824088,92.52264666412115,92.86134418220387,92.56970599263511,91.66134428824088,90.19539023243317,88.29170777837288,86.08534412980619,83.71134658857659,81.28322193967058,78.82831462366556,76.35242897578055,73.86137031443144,71.36094570311464,68.85696528385603,66.35524458820396,63.86160849584908
56.96610233404216,59.03497238610669,61.044577855948916,63.014657936775194,64.9649872195483,66.91535958276413,68.8855797075669,70.8954584839565,72.9648104595228,75.09363182553645,77.20263759090996,79.1927226503487,80.96478244428621,82.46149548291496,83.79267104176513,85.10990130640062,86.56477862114029,88.24276212795831,89.96477783216068,91.51120602629942,92.76477751651042,93.626079908691,93.9647774323488,93.67313923800583,92.76477751651042,91.29882342432197,89.39514090039995,87.18877712151269,84.81477934228823,82.38665427001953,79.9317462028187,77.45585921807007,74.96479817352477,72.46436931201441,69.96038131983013,67.45864716102135,64.9649872195483
58.35571571721647,60.473527495943955,62.55706866001758,64.62438056325938,66.69204591100494,68.77370919337467,70.87893595503162,73.01283404139082,75.17687737746155,77.35929464299731,79.50331922264044,81.54416659170596,83.4212988145656,85.11180633220806,86.7100460254255,88.32570809053195,90.04783457033916,91.90330907104097,93.73856927776458,95.40251199283695,96.90392576230533,98.21214135546168,98.85626336806556,98.3540081413665,96.90392576230533,94.85019277029008,92.42234292902654,89.79873752184747,87.12997164087054,84.52197481368765,81.96518096421579,79.43453766135835,76.91337700228968,74.3886635934168,71.84903686220132,69.28516258256904,66.69204591100494
56.107453104063225,58.17612266776679,60.18560642711084,62.15561107234441,64.10589280933361,66.05623482730935,68.02643542962852,70.03630160696942,72.10564546781347,74.23446168261884,76.34346431559774,78.33354753320413,80.10560626553108,81.60231868993779,82.93349385471242,84.25072383190593,85.70560091571846,87.38358423655812,89.10559981168164,90.65202792635529,91.90559936998513,92.76690173712318,93.10559925221585,92.81396106520762,91.90559936998513,90.43964533368923,88.53596291709732,86.32959933842449,83.95560192483687,81.52747750298968,79.07257058986761,76.59668565897195,74.10562827578244,71.60520594393363,69.10122958618543,66.5995161110648,64.10589280933361
54.301675269219146,56.369932273263714,58.3791655515457,60.34901493902234,62.29919881542432,64.24947837393017,66.2196387925043,68.22947903653196,70.29880619427601,72.42761180593979,74.53660799124305,76.52668741764177,78.29874396475881,79.79545512485558,81.12662947846785,82.4438588639926,83.89873547246607,85.57671841048895,87.29873371991721,88.84516167102036,90.09873301876777,90.96003533435845,91.29873283182073,91.00709465991028,90.09873301876777,88.63277909752082,86.7290969018566,84.52273373530409,82.14873707434114,79.72061399131724,77.26570945374172,74.78982875047578,72.2987789037681,69.79837001243195,67.29441760259962,64.79274670157406,62.29919881542432
53.1607020693138,55.2512611634466,57.29363153486989,59.30715235361882,61.310559348662835,63.32122136289263,65.35444972195853,67.42312253206649,69.53795753981697,71.69275166129624,73.81881656416849,75.83375184582283,77.65771648361712,79.25182746895644,80.72076529197975,82.19678350567679,83.7981798459032,85.57571770091818,87.36218374771593,88.97625651892666,90.37502974778309,91.50676429032542,92.03654096925473,91.61259788104131,90.37502974778309,88.57033032633385,86.38107831114712,83.95865282287224,81.43805137638694,78.92292223003068,76.41955579736455,73.91787016713275,71.41269743605324,68.90091623734045,66.38032649686559,63.84981848153069,61.310559348662835
51.79241111122272,53.85897538935187,55.86718054723541,57.836392514321915,59.78617455820418,61.73619762313578,63.706193014782826,65.71592675153065,67.78518530846311,69.91394737157607,72.02291707512916,74.01298093027043,75.7850285022564,77.28173446954736,78.61290549152895,79.93013244693186,81.38500710307557,83.06298846877863,84.78500268693278,86.33142996621251,87.58500092014764,88.44630302402064,88.7850004490707,88.4933623391704,87.58500092014764,86.11904747143448,84.21536618317333,82.00900470929761,79.63501113954214,77.20689355537509,74.75199877469731,72.27613543517913,69.78511654214356,67.2847628527038,64.78090879784838,62.279412743368255,59.78617455820418
51.147459218991536,53.222431275164865,55.240959972752094,57.22278632495838,59.18750095638579,61.154324867884185,63.141893494635426,65.16811485268678,67.25021615915831,69.38636197456066,71.50019515248376,73.49733179198924,75.28420865623954,76.80906586785082,78.18081934176129,79.54595482385645,81.04612820574432,82.7554941714888,84.49809006252022,86.06634253965497,87.36754184690801,88.32042661640455,88.7261252189405,88.38789121614101,87.36754184690801,85.7921274072068,83.80059976446137,81.5304011714329,79.11435319920497,76.66174816965481,74.19335647629168,71.71033257129852,69.21537602688349,66.71181349907249,64.20324963016967,61.693613479021465,59.18750095638579
39.37501725010214,41.419197816543885,43.41374684039863,45.37446894937014,47.318889767200474,49.265486986307494,51.233276665993884,53.24158621136199,55.30992718782977,57.438106652621016,59.54672203871493,61.53657754084003,63.30850501516326,64.80514149506021,66.1362679342844,67.45346237030708,68.90831090059376,70.5862712255674,72.308270840265,73.85468912916085,75.10825481306566,75.96955408371187,76.30825053973354,76.01661325966006,75.10825481306566,73.64230768784012,71.73863854249706,69.53229972001711,67.15834751646335,64.7303035163535,62.27553929626441,59.7999082969216,57.309303554473644,54.809688344055104,52.30714972643341,49.80799108002758,47.318889767200474
40.36475767746832,42.41408401285308,44.41178247348684,46.3744663935691,48.32012758719351,50.26751802809008,52.23581867375171,54.24445824726551,56.31301189887836,58.44132641517521,60.550023942033505,62.5399277486585,64.31188306719609,65.8085356577674,67.13967243362231,68.45687440940108,69.91172899710983,71.58969420051139,73.31169720112463,74.85811757450952,76.11168448031256,76.97298440786528,77.31168108856409,77.02004361608849,76.11168448031256,74.6457358889365,72.74206392816666,70.53571985380657,68.1617580592719,65.73369699846805,63.278902508044254,60.803217642605745,58.31251688835226,55.8127304950864,53.30988700842569,50.81018681345001,48.32012758719351
41.357292125920395,43.41072148188752,45.41092686581487,47.37517072064887,49.32181754704993,51.26983803651073,53.23854442829017,55.247446023909674,57.316168507618855,59.44459022681167,61.553352953482545,63.54329510111302,65.31527252024978,66.81193789812113,68.14308287828044,69.46029083842953,70.9151502339536,72.5931193093864,74.31512499741225,75.86154702526122,77.11511490088725,77.97641534982773,78.31511220885312,78.02347458366768,77.11511490088725,75.64916514582464,73.74549095044304,71.53914270764474,69.16517330068702,66.73709869862623,64.28228018207636,61.80655256137581,59.31577559708869,56.8158533187577,54.31276780304418,51.81263760899981,49.32181754704993
42.35205549384994,44.40875335121926,46.41095304384905,48.37643681597392,50.323866662626685,52.272387517094856,54.24141607090996,56.25052568314342,58.31938218896492,60.44788900299369,62.5567034817164,64.54667606169316,66.31867102248493,67.81534654980014,69.14649804179274,70.46371075177868,71.91857396329112,73.59654611197004,75.31855393300278,76.86497727400328,78.11854591937939,78.9798467821461,79.3185437827095,79.02690603631805,78.11854591937939,76.65259524069685,74.74891927169894,72.54256772039759,70.16859227142004,67.74050692154623,65.28566933510379,62.80990777844971,60.31907032280844,57.819040181624615,55.31576253308427,52.815290940338855,50.323866662626685
43.34859512642644,45.40789474957913,47.41168020924982,49.37814923820828,51.32620102448536,53.275119204994326,55.244403535332225,57.253678281674254,59.32264117351147,61.45121553229649,63.560071088493515,65.5500678233137,67.32207670717692,68.81876029021001,70.14991695069382,71.46713343065232,72.92199967093114,74.59997425885524,76.32198377286045,77.86840815611163,79.12197741243946,79.98327860366054,80.32197571656283,80.03033787397004,79.12197741243946,77.65602600067848,75.75234862395794,73.54599444668878,71.17201420213448,68.74392032164633,66.28906759920366,63.81327910688533,61.32239363707586,58.82227787828121,56.31884771223977,53.81810508296526,51.32620102448536
44.346549122937695,46.40791854708296,48.412964451724235,50.38021619494715,52.328761902607084,54.277995558296624,56.24748294670965,58.25688877974838,60.32593611815766,62.45456409036366,64.5634522509351,66.5534681578919,68.32548809266217,69.82217806958514,71.15333883233191,72.47055830453513,73.92542694875647,75.60340347271584,77.32541433043662,78.8718395409237,80.12540928216467,80.9867107340803,81.32540793614609,81.03377001719822,80.12540928216467,78.65945728855837,76.75577879452618,74.54942253302042,72.1754384822002,69.7473378309152,67.2924730948848,64.81666322328712,62.32573964325354,59.82555592542701,57.32200469257043,54.82104689848157,52.328761902607084
45.34562857449413,47.408643820393095,49.41469129020726,51.38256472539222,53.33150264001992,55.28098676245392,57.25063534848806,59.260145237499444,61.32925960619703,63.45793013336436,65.56684417277663,67.55687529693589,69.32890400291637,70.82559905471231,72.15676307344553,73.4739849206047,74.92885547284217,76.60683353343701,78.32884545766703,79.87527132473235,81.1288414508494,81.99014310967856,82.32884038251349,82.0372024029625,81.1288414508494,79.66288899543184,77.75920961458786,75.55285169881955,73.17886462695517,70.75075860165754,68.2958843303503,65.82005748973747,63.3291036607462,60.828866001098135,58.325218668881504,55.82409007128395,53.33150264001992
46.44560311689023,48.50992655943375,50.516769697232974,52.485136854201386,54.43438617799414,56.384069142605355,58.35384569038155,60.36343817648125,62.43260575030385,64.56131005460168,66.6702446345245,68.66028783675392,70.43232350451122,71.92902258426129,73.26018918728406,74.57741291945317,76.03228498608766,77.71026426631288,79.43227703703279,80.978703425225,82.23227385681855,83.09357567987517,83.43227300887963,83.14063498122792,82.23227385681855,80.76632103486097,78.86264095015338,76.65628172139422,74.2822922517199,71.85418196104827,69.39930012153268,66.92345981243353,64.43248197429139,61.93220149928882,59.42847788756315,56.92721370606634,54.43438617799414
47.44628924088982,49.51165220358043,51.51912732088598,53.4878865244885,55.43738308593285,57.38722390104428,59.35710202416057,61.366760072532145,63.435969877274886,65.56470099127725,67.67365187450449,69.66370466321072,71.43574585657342,72.93244813332839,74.26361678751034,75.58084201581667,77.03571528443115,78.71369553267894,80.43570897525893,81.98213577707008,83.23570645112062,84.0970084045247,84.43570577811094,84.14406771228164,83.23570645112062,81.76975333823987,79.86607269487499,77.65971242399317,75.28572105117229,72.85760737506013,70.40271952861949,67.92686852946855,65.43587163491233,62.93555717626782,60.43177301805585,57.93040121279503,55.43738308593285
48.4475408720686,50.513729661992045,52.52170667020013,54.49077715450514,56.44046999400004,58.390436113636596,60.36039486473851,62.37010495301911,64.43934827771565,66.56810067108489,68.67706449443634,70.66712489200115,72.43917047106464,73.93587528529389,75.26704556748652,76.5842719832802,78.03914620590822,79.71712722247682,81.43914119831291,82.98556832841378,84.2391391949026,85.10044125176356,85.43913866073441,85.14750056460352,84.2391391949026,82.7731858511159,80.86950476434423,78.66314366632838,76.28915078297686,73.86103441983187,71.40614180567019,68.93028232175203,66.4392703018967,63.938928869742085,61.435096653610145,58.93363942053702,56.44046999400004
49.449241803785625,51.516086532307895,53.52446207343621,55.49377969267175,57.443628346765635,59.393693932326414,61.363716682681655,63.37346807701806,65.44273800730716,67.57150729042996,69.68048138448006,71.6705478212421,73.44259688125427,74.93930370948436,76.27047528383275,77.58770264213732,79.0425776219673,80.72055924835306,82.44257364743501,83.9890010380997,85.24257205732695,86.1038741963017,86.44257163335735,86.15093351317606,85.24257205732695,83.77661853027004,81.87293709156597,79.66657533705296,77.29258125479107,74.86446275894237,72.40956636062444,69.9337001422996,67.4426761173521,64.94231327588264,62.438442914804924,59.93691787336428,57.443628346765635
50.45129963398773,52.51866528343214,54.52735725497715,56.49687107025417,58.446843412503085,60.396987951564654,62.36706150117162,64.37684568137641,66.44613672903454,68.57491941775818,70.68390166373985,72.6739728938424,74.44602471669523,75.94273314344278,77.27390574337768,78.59113384975458,80.04600943057676,81.72399154097499,83.44600627598757,84.99243387346198,86.24600501391782,87.10730721806634,87.4460046774129,87.15436653814281,86.24600501391782,84.7800513413992,82.87636962336614,80.6700073477907,78.29601231395213,75.86789212537263,73.41299272355938,70.93712116010562,68.44608760662553,65.94570777230348,63.44180713471211,60.94022827104564,58.446843412503085
51.5536409165926,53.62142021171705,55.63036340649744,57.60003297098069,59.550103495941144,61.50031070506513,63.4704245759617,65.48023477910247,67.5495425879401,69.6783359168188,71.78732463303852,73.77739966763471,75.54945368336186,77.04616337885598,78.3773367928006,79.69456549292349,81.1494415507538,82.82742404531326,84.54943904695423,86.09586680857365,87.34943804524872,88.21074030112568,88.54943777816456,88.25779962374367,87.34943804524872,85.88348425727705,83.97980231754035,81.77343962839721,79.39944383929118,76.97132230718863,74.51642052149421,72.0405447155919,69.54950359925719,67.04911027753018,64.54518560891843,62.043564024828996,59.550103495941144
52.556207290200376,54.62431501618333,56.63345765250871,58.60325085305432,60.55339931284071,62.503656266141505,64.47380214126183,66.4836329993088,68.55295411170032,70.68175588575289,72.7907497374328,74.78082779166813,76.5528835478847,78.0495942503852,79.38076831041043,80.69799748179025,82.15287391822243,83.83085671769092,85.55287193095506,87.0992998228565,88.35287113590081,89.21417343283468,89.55287092391598,89.26123275746987,88.35287113590081,86.88691725629396,84.98323514059093,82.77687212319879,80.40287573463621,77.97475313617764,75.51984945839207,73.04397028524555,70.55292316623553,68.05251913944169,65.54857539705903,63.04691990468022,60.55339931284071
53.65895239095052,55.72732086835272,57.73662183022897,59.70651317202011,61.65672349322749,63.60701993034424,65.57719120798664,67.5870384601511,69.65637013170443,71.78517860874459,73.8941765364601,75.88425698739123,77.65631412503764,79.15302562680057,80.4842001996208,81.80142974503774,83.25630648196653,84.93428952344159,86.65630490467117,88.20273289997755,89.45630427363614,90.31760660315695,90.65630410538367,90.3646659293932,89.45630427363614,87.99035032129844,86.08666806593081,83.88030478800718,81.50630792365544,79.07818447882882,76.62327929928739,74.14739745355065,71.656345570193,69.15593304671488,66.65197416525767,64.15029175917942,61.65672349322749
54.761839393095585,56.83041487672713,58.83984151975548,60.80981076338537,62.76007018687568,64.71039796347505,66.68058940358681,68.69044966796473,70.75978972040846,72.88860351764407,74.99760468052261,76.98768703371664,78.75974526780618,80.25645740394478,81.58763238377094,82.90486222606148,84.35973920149468,86.03772243505051,87.75973794959441,89.3061660269733,90.55973744874154,91.4210398041266,91.75973731519946,91.46809913163355,90.55973744874154,89.09378343867729,87.1901010724578,84.98373758775014,82.60974034576412,80.18161622917434,77.72670985768715,75.25082589070992,72.75977022587367,70.25935095853059,67.75538006104804,65.25367629312882,62.76007018687568
55.86483905117096,57.933578865808414,59.94310527342469,61.91313635224594,63.86343475003363,65.81378740152581,67.78399484489891,69.79386543719956,71.86321214160967,73.99203016150648,76.10103389214285,78.09111775516656,79.86317685950456,81.35988949914787,82.69106480201502,84.00829487993437,85.46317204466872,87.14115543067922,88.86317105103474,90.40959919355467,91.66317065350755,92.52447302942105,92.86317054751513,92.57153235793663,91.66317065350755,90.1972165976257,88.293534143423,86.08717049459072,83.7131729528761,81.28504830310725,78.83014098557126,76.35425533496168,73.86319666875548,71.3627720487766,68.85879161408408,66.35707089099364,63.86343475003363
56.9679281424153,59.036798405595434,61.04640400359487,63.01648416385059,64.96681349668603,66.91718589185294,68.8874060372112,70.89728482686645,72.96663681097681,75.09545818241419,77.20446395108581,79.19454901246381,80.96660880751911,82.46332184679457,83.79449740605966,85.1117276709978,86.5666049859806,88.24458849299445,89.96660419733273,91.51303239155513,92.76660388181519,93.62790627402214,93.96660379768895,93.67496560333826,92.76660388181519,91.30064978956788,89.39696726553287,87.1906034864348,84.81660570682536,82.38848063387182,79.93357256545586,77.45768557854473,74.96662453014434,72.46619566175887,69.96220765732463,67.46047347673775,64.96681349668603
58.357611141939074,60.475427718649726,62.55897607419544,64.62629727118976,66.69397357130497,68.77564876832666,70.88088741465229,73.01479609884143,75.17884732560734,77.36126898156228,79.50529640076815,81.5461478460925,83.42328835702865,85.11381064516695,86.7120696429027,88.32775192094459,90.04989535966395,91.90538056030024,93.7406473688838,95.40459675515021,96.90602401626072,98.21426207438789,98.85839816255367,98.35613333592974,96.90602401626072,94.85225772964475,92.42437414703261,89.80073881328877,87.13194998835593,84.52393837589025,81.96713587595039,79.4364878398688,76.91532455396575,74.39060901322927,71.85097913220727,69.28709929846494,66.69397357130497
56.10927869007743,58.17794854914149,60.18743248779673,62.15743724416903,64.10771905120812,66.05806111389232,68.02826174497463,70.03812794087824,72.10747181367809,74.23628803607298,76.34529067366697,78.33537389398703,80.1074326278781,81.6041450531898,82.93532021854502,84.25255019616203,85.70742728031479,87.38541060142848,89.10742617674217,90.6538542915329,91.90742573523137,92.76872810240631,93.10742561751161,92.81578743049258,91.90742573523137,90.44147169885312,88.53778928210305,86.33142570313525,83.95742828900892,81.52930386620343,79.07439695138102,76.59851201745931,74.10745462887535,71.60703228740607,69.10305591251635,66.60134240692166,64.10771905120812
54.30350039770126,56.3717578704109,58.38099143325945,60.35084099712958,62.30102498471744,64.25130461418894,66.22146507841988,68.23130535191319,70.30063252863556,72.42943815234682,74.53843434497605,76.52851377568243,78.30057032528237,79.79728148681568,81.12845584134959,82.44568522754662,83.90056183656017,85.57854477501803,87.30056008474817,88.84698803603717,90.10055938389354,90.96186169954277,91.30055919702508,91.00892102509746,90.10055938389354,88.63460546251586,86.7309232666006,84.52456009957984,82.15056343776175,79.72244035321665,77.26753581294196,74.7916551048725,72.30060524960172,69.80019634299421,67.29624390595195,64.79457295655351,62.30102498471744
53.16255854577378,55.25311993463211,57.295493800132505,59.309019234207554,61.312431818132154,63.32310010462999,65.35633492962364,67.4250136906444,69.53985324749684,71.69464994529602,73.82071653201942,75.83565425542437,77.65962394915405,79.25374426058508,80.7226949226916,82.1987274384825,83.80013651978561,85.5776827898421,87.36415418246449,88.97823247977222,90.37701728389376,91.50877237986774,92.03856282857618,91.61461027074614,90.37701728389376,88.57229024392127,86.38301321231108,83.96056767280956,81.43995204172698,78.92481424819289,76.42144292388824,73.91975466742487,71.41458049385172,68.90279813222247,66.38220668615249,63.851695699384095,61.312431818132154
51.79423436291209,53.8607998200351,55.8690056942349,57.83821810551268,59.78800042944846,61.73802367315449,63.70801917982983,65.7177529908185,67.78701159557008,69.91577368903953,72.02474341105247,74.01480727704816,75.78685485529053,77.28356082620132,78.61473185050534,79.93195880760227,81.3868334651069,83.064814831906,84.78682905082088,86.33325633056893,87.58682728477856,88.44812938879915,88.78682681389968,88.49518870395616,87.58682728477856,86.12087383573602,84.21719254684233,82.01083107178668,79.63683749987636,77.20871991187613,74.753825124397,72.27796177277486,69.78694285816215,67.28658913024275,64.78273500682813,62.28123883047351,59.78800042944846
51.14929352865252,53.22426622098679,55.24279589606286,57.22462355605195,59.18933979700208,61.15616554948592,63.143736113581525,65.16995929121272,67.2520620129307,69.38820863937748,71.50204235117202,73.49917977021587,75.28605826912296,76.81091857074077,78.1826764648141,79.54781711239859,81.04799532631391,82.75736461038906,84.499962664551,86.06821742442281,87.36942167373851,88.32231579524375,88.7280211157988,88.38978245195035,87.36942167373851,85.7939957945603,83.80245876045656,81.53225322282267,79.11620061991796,76.66359287397037,74.19519967807803,71.71217497630622,69.21721799715014,66.71365512034215,64.20509074196237,61.69545370991811,59.18933979700208
39.38002184585077,41.424231509494575,43.418798359034895,45.37953157827724,47.323959423269145,49.270561137300604,51.238353712893804,53.246665128881105,55.31500731087918,57.44318754122844,59.55180339296015,61.541659168916865,63.3135868010865,64.81022337231391,66.141349870136,67.45854434890133,68.91339291352742,70.5913532661568,72.31335290004913,73.85977120076194,75.11333689159369,75.97463616596389,76.31333262325926,76.02169534209506,75.11333689159369,73.64738975805653,71.74372059675285,69.53738174450004,67.16342948657521,64.73538538974894,62.28062099805942,59.804989693356376,57.31438440663871,54.814768225852106,52.312227880142245,49.813066164375854,47.323959423269145
40.369778068000805,42.41912761635044,44.416840270715554,46.379533026969725,48.32519980528858,50.27259381676402,52.24089676212188,54.24953782084353,56.31809242948677,58.446407553486026,60.55510544995063,62.545009473926626,64.316964917751,65.81361758081292,67.14475440317774,68.46195641288176,69.91681102784597,71.59477625319802,73.31677926904618,74.86319965181023,76.11676656311118,76.97806649361968,77.31676317532941,77.02512570198809,76.11676656311118,74.6508179651382,72.74714599170034,70.54080189370939,68.16684005602008,65.73877891845122,63.28398429182462,60.80829918401071,58.317597997735874,55.81781083418005,53.31496597559166,50.81526334337862,48.32519980528858
41.36232512392779,43.415772979213386,45.41598965748659,47.380240536930415,49.32689180047073,51.27491512576549,53.243623343580055,55.25252611832265,57.321249361753615,59.44967156332967,61.55843458337577,63.54837690352463,65.32035442210405,66.81701985751224,68.14816487458697,69.46537286166277,70.92023227881965,72.59820137167465,74.32020707179251,75.86662910708571,77.12019698707547,77.98149743836194,78.3201942981897,78.02855667231714,77.12019698707547,75.65424722677687,73.75057302134064,71.54422475978646,69.17025531857661,66.74218065558672,64.28736203093044,61.81163421784959,59.32085691064535,56.82093402086656,54.317847416037026,51.81771528687261,49.32689180047073
42.35709854358072,44.41381113149184,46.41601980663964,48.381509161357776,50.328942532649705,52.27746563909585,54.24649564271817,56.255606191019396,58.324463299912054,60.45297049683985,62.56178520842626,64.55175792533524,66.32375296505629,67.82042853803912,69.15158005933179,70.46879279068963,71.92365601937215,73.60162818187915,75.32363601250933,76.87005935941835,78.12362800825795,78.98492887288666,79.3236258740869,79.0319881271501,78.12362800825795,76.65767732541958,74.75400134844129,72.54764978225333,70.17367430608971,67.745588907856,65.2907512356081,62.81498952625738,60.32415179842903,57.824121171895754,55.32084265878717,52.82036952970522,50.328942532649705
43.35364618284065,45.41295752776614,47.41675012835678,49.38322359273883,51.3312781783398,53.280198146985654,55.249483628340215,57.25875911776396,59.32772248830918,61.45629715102103,63.565152892049426,65.55514973555546,67.3271586820659,68.82384230134579,70.15499898508526,71.47221548200677,72.92708173591353,74.60505633481301,76.32706585643575,77.87349024437654,79.12705950345332,79.98836069615226,80.32705780956005,80.03541996653439,79.12705950345332,77.66110808839385,75.75743070533929,73.55107651625457,71.17709625012259,68.74900233125089,66.2941495407035,63.81836092718706,61.32747524133404,58.82735909729017,56.3239282449546,53.82318439601748,51.3312781783398
44.35160655238111,46.41298529915392,48.41803687880177,50.38529214527183,52.33384007590159,54.28307515130324,56.252563453470316,58.261969876371666,60.33101759476334,62.459645808208606,64.56853411548543,66.55855010870795,68.33057009320197,69.82726009889427,71.1584208800992,72.47564036576604,73.93050902080391,75.60848555347448,77.33049641724125,78.8769216314505,80.13049137487334,80.99179282796197,81.33049003042896,81.03885211113752,80.13049137487334,78.66453937864904,76.7608608795895,74.55450460870573,72.18052054075925,69.752419859009,67.29755506892332,64.82174510112893,62.33082134961606,59.83063732599997,57.32708554837728,54.82612678607049,52.33384007590159
45.35069107367329,47.413713730981286,49.4197657096293,51.38764194301419,53.33658162273602,55.28606687229052,57.255716183692414,59.265226540927415,61.3343412112371,63.46301192988396,65.57192608573929,67.56195727836877,69.33398602381541,70.83068109844578,72.16184513182927,73.47906698967458,74.93393755049718,76.61191561800608,78.33392754703485,79.88035341705444,81.13392354490323,81.9952252046634,82.33392247781677,82.0422844979931,81.13392354490323,79.66797108740776,77.76429170257357,75.5579337793619,73.18394669390437,70.75584064442637,68.30096633021509,65.82513941324979,63.33418544815191,60.833947545787765,58.3302997811559,55.829170414975465,53.33658162273602
46.45066964716223,48.51499897974324,50.52184569909433,52.490215078128415,54.439465803332254,56.389149662725075,58.35892678630208,60.36851964406219,62.437687457286984,64.56639191356716,66.67532658591271,68.66536984248765,70.43740554156952,71.93410463944338,73.26527125409415,74.58249499474483,76.03736706819336,77.7153463539063,79.43735912843499,80.98378551897201,82.23735595194006,83.0986577757356,83.4373551049928,83.14571707712466,82.23735595194006,80.77140312833322,78.8677230404586,76.66136380579164,74.28737432532839,71.8592640154647,69.40438214189595,66.92854177219513,64.437563826023,61.93728315836975,59.43355920341439,56.932294411825055,54.439465803332254
47.451358975214916,49.51672661762644,51.52420457943296,53.49296554740437,55.442463221436185,57.392304746853085,59.36218332703069,61.3718416704089,63.441051665173234,65.56978289980714,67.67873385639152,69.66878668823222,71.4408279064574,72.93753019759728,74.26869886100843,75.58592409604663,77.04079737006941,78.71877762267277,80.44079106827581,81.98721787194805,83.24078854708951,84.10209050108008,84.44078787486694,84.14914980886584,83.24078854708951,81.77483543289975,79.87115478702121,77.66479451145034,75.29080313006628,72.86268943872133,70.40780156525256,67.93195051800161,65.44095353770055,62.94063892614486,60.43685449549778,57.93548220596338,55.442463221436185
48.45261315233843,50.51880565958379,52.526784926622184,54.495856811757875,56.445550534494714,58.39551721797474,60.36547633187665,62.375186654316494,64.44443012983822,66.57318261895473,68.68214650053054,70.67220693233148,72.44425253112843,73.94095735677503,75.27212764629286,76.58935406742964,78.04422829435026,79.72220931437592,81.44422329261138,82.99065042418938,84.24422129154408,85.10552334887053,85.4442207580006,85.15258266173339,84.24422129154408,82.77826794671844,80.87458685795164,78.6682257562141,76.29423286606597,73.86611649083068,71.41122385521663,68.93536433312124,66.44435224520934,63.94401069168633,61.44017825931397,58.938720641845705,56.445550534494714
49.45431610659405,51.52116378746442,53.5295411221515,55.49885985351078,57.44870920874813,59.398775241878155,61.36879828020696,63.37854986040345,65.44781991040573,67.5765892695244,69.68556340978768,71.6756298737231,73.44767894939778,74.94438578668988,76.2755573668523,77.59278472939766,79.04765971263471,80.72564134176432,82.44765574275065,83.99408313458777,85.24765415450227,86.10895629384646,86.44765373102848,86.156015610739,85.24765415450227,83.78170062662073,81.87801918633315,79.67165742886623,77.29766334120984,74.86954483576505,72.41464842042033,69.938782171794,67.44775809282945,64.94739515502813,62.443524622314925,59.94199927576267,57.44870920874813
50.45637554323462,52.52374353716212,54.53243693271196,56.50195163086097,58.45192452967956,60.40206942400633,62.372143202190045,64.38192752991696,66.45121867259348,68.58000142163588,70.68898370429723,72.67905495596744,74.45110679125168,75.94781522519173,77.27898782974124,78.5962159394841,80.05109152301043,81.72907363558647,83.45108837211056,84.99751597051551,86.25108711151682,87.1123893159586,87.45108677540544,87.15944863604948,86.25108711151682,84.7851334383437,82.88145171905379,80.67508944113384,78.30109440301368,75.87297420681773,73.41807479149028,70.94220320398608,68.4511696076323,65.95078969685053,63.446888923028595,60.94530981718418,58.45192452967956
51.55871810159476,53.62649925829494,55.63544358359631,57.6051138489282,59.55518481568352,61.50539230680006,63.47550635912569,65.48531667935794,67.55462456361295,69.68341794036715,71.79240668569976,73.78248173741427,75.55453576300823,77.05124546421106,78.3824188818183,79.69964758461276,81.15452364458939,82.83250614087737,84.55452114371802,86.10094890607601,87.354520143184,88.21582239929373,88.5545198764122,88.26288172192315,87.354520143184,85.88856635469286,83.98488441395861,81.77852172295462,79.40452593045026,76.97640439230257,74.52150259588187,72.04562677089069,69.55458562052686,67.05419223811309,64.55026746137291,62.04864568505998,59.55518481568352
52.561285488226744,54.62939469222131,56.638538226023016,58.60833198290352,60.5584807933712,62.50873797050126,64.47888398962665,66.48871494061115,68.55803611286227,70.68683792491397,72.7958317997009,74.7859098675231,76.55796563157098,78.05467633860249,79.38585040153473,80.70307957503499,82.15795601317069,83.83593881401113,85.55795402822744,87.10438192071508,88.35795323410302,89.21925553122165,89.55795302236609,89.2663148558659,88.35795323410302,86.89199935408385,84.98831723758909,82.78195421871997,80.40795782746017,77.97983522420353,75.52493153790452,73.04905234960708,70.55800520358804,68.0576011286266,65.55365730042104,63.05200165547011,60.5584807933712
53.66403139330255,55.73240104410455,57.74170271842242,59.71159450182161,61.66180510138287,63.612101716160325,65.58227310810261,67.59212043403285,69.66145215309726,71.79026066029755,73.89925860635319,75.88933906806827,77.66139621193037,79.1581077172896,80.48928229241713,81.80651183951707,83.26138857779794,84.93937162036188,86.66138700234724,88.20781499811886,89.46138637205023,90.32268870171765,90.66138620399451,90.3697480279611,89.46138637205023,87.99543241938525,86.09175016338922,83.88538688429333,81.51139001780078,79.08326656916593,76.62836138286737,74.15247952510529,71.66142762031045,69.16101505860148,66.65705610902572,64.1553735818482,61.66180510138287
54.76691903402269,56.8354954491721,58.8449226577377,60.81489225190029,62.76515189633153,64.7154798139449,66.68567134477846,68.69553166770508,70.7648717578587,72.8936855790325,75.00268675646768,76.99276911822093,78.76482735724389,80.26153949623688,81.59271447789433,82.90994432152064,84.36482129802704,86.04280453244715,87.76482004759087,89.31124812533906,90.56481954732376,91.42612190282519,91.76481941393786,91.47318123033787,90.56481954732376,89.09886553699977,87.1951831702815,84.9888196846434,82.61482244095824,80.18669832134586,77.73179194449551,75.25590796797377,72.76485228612276,70.26443298843566,67.76046203688685,65.2587581728494,62.76515189633153
55.86991919904976,57.93865975315305,59.94818660968187,61.918217966738894,63.868516539894614,65.81886930331258,67.7890768186928,69.79894745746408,71.86829419180472,73.99711223070139,76.10611597289139,78.09619984270859,79.86825895096226,81.36497159287106,82.69614689719174,84.01337697617129,85.46825414175743,87.14623752845387,88.86825314928551,90.41468129209854,91.66825275222322,92.52955512822909,92.86825264635475,92.57661445674921,91.66825275222322,90.20229869613522,88.29861624153664,86.09225259196589,83.71825504890265,81.29013039673475,78.83522307494201,76.35933741675694,73.8682787370461,71.36785409298305,68.86387361537777,66.36215281599716,63.868516539894614
56.973008692733956,59.04187954290387,61.05148549723401,63.02156587833677,64.97189535036641,66.92226783437071,68.89248803688182,70.90236686342112,72.9717188712875,75.10054025780512,77.2095460356469,79.19963110241689,80.97169090058003,82.46840394165363,83.79957950207239,85.116809767852,86.57168708351087,88.24967059106918,89.97168629578533,91.51811449024038,92.77168598063679,93.63298837291705,93.97168589660893,93.68004770223678,92.77168598063679,91.30573188822586,89.40204936387664,87.19568558419242,84.82168780351257,82.39356272865493,79.9386546568604,77.46276766393657,74.97170660481754,72.47127771731638,69.96728967882203,67.46555543768294,64.97189535036641
58.3661692169036,60.48393439125404,62.5674057011783,64.63462732799714,66.70218628540748,68.78373382665322,70.88884513505988,73.02264026626928,75.18660694454881,77.36898155669016,79.51297854942985,81.5537863165113,83.43083801718245,85.12120202909402,86.7192541574853,88.33471982190989,90.05668151146767,91.91205203704212,93.74724808973926,95.41112597596441,96.91240863406611,98.22040590363457,98.86439111811953,98.36222919205939,96.91240863406611,94.85899919005861,92.43147721105973,89.80816257532204,87.13961960706624,84.53176642007531,81.97505660815463,79.4444592868555,76.9233241462996,74.39863144740018,71.85903531475734,69.2952149895553,66.70218628540748
56.118572595489525,58.187243956285386,60.19672880663063,62.1667341280768,64.11701629127741,66.0673585812773,68.03755935860306,70.04742564888681,72.11676958247463,74.24558584345759,76.35458850451667,78.34467173863409,80.11673048047776,81.61344291039065,82.94461807869793,84.26184805846819,85.71672514435086,87.39470846685774,89.11672404313835,90.66315215852435,91.91672360257178,92.77802596993433,93.11672348510379,92.82508529802979,91.91672360257178,90.45076956577483,88.54708714822078,86.34072356775313,83.96672615088778,81.53860172320992,79.08369479974219,76.60780985043486,74.11675243442335,71.61633004403984,69.11235358199583,66.61063992145884,64.11701629127741
54.312791976834546,56.38105183242763,58.39028684212721,60.36013730285259,62.31032185575404,64.26060184604324,66.23076254241155,68.24060296572007,70.30993023893575,72.43873592390119,74.54773215377867,76.53781160638688,78.30986816861076,79.80657933744801,81.137753696668,82.45498308628311,83.90985969804274,85.5878426387121,87.30985794997719,88.85628590221114,90.1098572506214,90.97115956656842,91.30985706415261,91.01821889213775,90.1098572506214,88.6439033285791,86.7402211313875,84.53385796198592,82.15986129581994,79.73173820354043,77.2768336495422,74.8009529170497,72.30990301824066,69.80949403398752,67.30554145859912,64.80387026325371,62.31032185575404
53.17153386577979,55.26207067270448,57.304407108139145,59.31788310039549,61.32123581258722,63.33183690556871,65.36500246142265,67.43361746974642,69.54840829106334,71.70317738795728,73.8292259349808,75.84413749891749,77.66805302589886,79.26207342066795,80.73088652567357,82.2067658051119,83.808038371077,85.58549447532994,87.37190858742784,88.98592767187203,90.38458844311774,91.51612329421371,92.04576618411933,91.62191510446095,90.38458844311774,88.58015733964106,86.3911483468691,83.96891763570258,81.44845397221806,78.93340881841627,76.43008989886474,73.92842977732187,71.4232710571688,68.91150115381572,66.39092797965696,63.86044882546449,61.32123581258722
51.80351639965427,53.870087851272956,55.87829736751816,57.84751203724444,59.79729578508528,61.747319937752195,63.71731602927753,65.72705021773623,67.79630906561925,69.9250713134332,72.03404112930336,74.02410505048734,75.7961526605398,77.29285864985522,78.62402968596737,79.94125665167729,81.3961313161015,83.07411268847332,84.79612691125598,86.34255419338513,87.59612514899055,88.45742725376152,88.7961246791187,88.5044865689554,87.59612514899055,86.13017169827322,84.22649040616346,82.0201289251085,79.64613534224215,77.21801773475252,74.76312291269247,72.28725949952901,69.7962404752096,67.29588655164434,64.79203207964738,62.290535283634114,59.79729578508528
51.15850630096831,53.233472178865995,55.25199138324598,57.23380503444979,59.198504034363154,61.16531006632978,63.15285987762991,65.17906356387522,67.26115112538206,69.39728906384708,71.51111705675332,73.50824612528658,75.29510711350163,76.81993431432566,78.19164485829548,79.55673017102411,81.05685662168585,82.76619035771023,84.50876523891193,86.07699554439347,87.37814685020223,88.33094078356963,88.73657413264382,88.39838540365929,87.37814685020223,85.80284351937539,83.81140709027929,81.5412759454321,79.12527294714444,76.67269429948104,74.20431719873551,71.72130103206314,69.22634870985034,66.72278957149251,64.2142306506165,61.70460305469335,59.198504034363154
39.379441283702334,41.42364757363083,43.41821235635726,45.37894428741383,47.32337131763957,49.2699725105064,51.23776475033354,53.24607594943191,55.314417991654835,57.44259813324152,59.551213930984886,61.54106967519223,63.31299728906038,64.80963384969849,66.14076034072644,67.45795481453598,68.9128033751806,70.5907637246034,72.31276335627021,73.85918165561293,75.11274734564152,75.97404661957995,76.31274307672766,76.02110579568989,75.11274734564152,73.64680021306808,71.74313105361492,69.53679220481413,67.16283995319336,64.73479586758086,62.28003149578754,59.80440022648945,57.313795002877086,54.81417893459977,52.311638789253024,49.81247742936372,47.32337131763957
40.36919567450184,42.41854253139921,44.41625354006311,46.378945271804085,48.324611402604454,50.27200500008881,52.24030767880835,54.24894856532761,56.31750306300802,58.44581811654726,60.554515970157894,62.544419968933155,64.31637539823114,65.81302805288816,67.14416486986039,68.46136687563097,69.91622148743502,71.59418671024204,73.31618972432379,74.86261010600035,76.11617701666387,76.97747694682965,77.31617362842218,77.02453615518124,76.11617701666387,74.65022841945576,72.7465564474867,70.54021235223561,68.16625051954986,65.73818939088153,63.28339478004693,60.80770970033524,58.31700856415108,55.81722148990647,53.31437679038615,50.81467444075861,48.324611402604454
41.36174126863996,43.4151869790066,45.415402347751396,47.37965241272494,49.32630316180054,51.27432615829441,53.24303416438933,55.251936802418555,57.320659957763624,59.44908210340978,61.55784508944052,63.547787389586745,65.31976489663631,66.81643032537337,68.14757533816795,69.46478332212175,70.91964273677041,72.5976118276054,74.31961752632127,75.86603956075137,77.11960744023514,77.98090789124963,78.31960475098435,78.02796712519145,77.11960744023514,75.65365768054363,73.74998347627319,71.54363521689365,69.16966577965516,66.74159112372969,64.2867725116078,61.811044720832456,59.320267453387714,56.8203446345032,54.31725815595115,51.81712625115419,49.32630316180054
42.35651352283641,44.41322440280537,46.41543203647184,48.38092074391513,50.32835370654247,52.27687655188299,54.245906387407445,56.25501682717635,58.32387386614596,60.45238101867858,62.56119570326561,64.55116840429801,66.32316343486761,67.81983900255551,69.15099052045099,70.46820324933088,71.92306647602263,73.60103863692629,75.32304646644371,76.86946981266769,78.12303846110568,78.9843393255185,79.32303632664492,79.03139857977135,78.12303846110568,76.65708777874917,74.75341180269616,72.54706023823422,70.17308476522271,67.74499937259607,65.29016171029687,62.814400018650545,60.32356232238091,57.82353175212144,55.32025333925516,52.819780388303684,50.32835370654247
43.35306023375564,45.41237021959443,47.41616199222919,49.38263494234547,51.3306892033787,53.27960896469904,55.24889431259902,57.2581697158662,59.327133030907675,61.45570765838073,63.564563377978885,65.55456020888334,67.32656914813016,68.82325276320742,70.15440944425052,71.47162593920527,72.92649219153193,74.60446678915886,76.32647630989837,77.87290069729542,79.1264699560535,79.98777114858109,80.32646826193024,80.0348304189548,79.1264699560535,77.66051854137646,75.75684115905631,73.55048697134153,71.17650670771138,68.74841279329006,66.29356001063907,63.81777141117492,61.32688575037105,58.82676965099486,56.323338878231624,53.82259517070821,51.3306892033787
44.35101986437169,46.412397530229015,48.41744845188714,50.38470330985403,52.333250982741504,54.28248589353467,56.25197408975657,58.261380444266365,60.33042811860099,62.4590563040758,64.56794459434289,66.55796057756334,68.32998055629216,69.8266705586488,71.15783133771359,72.47505082181937,73.92991947560313,75.60789600726368,77.32990687032947,78.87633208410716,80.12990182727702,80.99120328022963,81.32990048265009,81.03826256339849,80.12990182727702,78.66394983135623,76.76027133287961,74.55391506308317,72.17993099712238,69.75183031890441,67.29696553508617,64.82115557844531,62.33023184681457,59.830047858653245,57.32649614419341,54.82553749414659,52.333250982741504
45.35010379785124,47.41312559584139,49.41917705171208,51.38705296065956,53.33599243572755,55.28547755459813,57.2551267818973,59.26463708484414,61.33375172018347,63.46242241662924,65.57133655898357,67.56136774367428,69.33339648454503,70.83009155652786,72.16125558821275,73.47847744481902,74.93334800464623,76.61132607135349,78.33333799982586,79.87976386950292,81.13333399715091,81.99463565680315,82.33333292991958,82.04169495012755,81.13333399715091,79.66738153989638,77.76370215552483,75.5573442331762,73.18335714929472,70.75525110262029,68.30037679338352,65.8245498852709,63.333595935953895,60.833358061731445,58.32971034723592,55.82858107016878,53.33599243572755
46.450081903953865,48.51441055361333,50.52125685770109,52.48962597909775,54.43887654181502,56.38856029746243,58.35833735427825,60.367930168946216,62.43709795441356,64.56580239307215,66.67473705470177,68.66478030497561,70.43681600042555,71.93351509619805,73.26468170950062,74.5819054491679,76.03677752182637,77.71475680690304,79.43676958099013,80.98319597125527,82.23676640406396,83.09806822777384,83.43676555700173,83.14512752915869,82.23676640406396,80.77081358064834,78.86713349314093,76.66077425915896,74.28678477994663,71.85867447230817,69.40379260268769,66.92795224001334,64.43697430636672,61.93669366105034,59.432969745890716,56.9317050250385,54.43887654181502
47.45077086051189,49.51613796033256,51.523615592333286,53.49237635573496,55.44187390076786,57.39171534382845,59.36159387101212,61.37125218018579,63.44046215291809,65.56919337356538,67.67814432164437,69.66819714848387,71.44023836382638,72.9369406532984,74.26810931563946,75.58533454989711,77.04020782329283,78.71818807539123,80.44020152064374,81.9866283241002,83.24019899911517,84.10150095303774,84.44019832680134,84.14856026082015,83.24019899911517,81.77424588507718,79.87056523949009,77.6642049644629,75.2902135840717,72.8620998944929,70.40721202415789,67.93136098248391,65.44036401212452,62.9400494182981,60.436265019238476,57.93489278585315,55.44187390076786
48.452024742445445,50.518216818685595,52.52619582382388,54.49526754654029,56.44496116686969,58.39492778497494,60.36488685681202,62.3745971521023,64.44384061013662,66.57259308815172,68.68155696297671,70.67161739080815,72.44366298731708,73.94036781163992,75.27153810030842,76.58876452082569,78.04363874724862,79.72161976687343,81.44363374483072,82.99006087623745,84.24363174349176,85.10493380076423,85.44363120987586,85.15199311362443,84.24363174349176,82.77767839878658,80.8739973102511,78.66763620894505,76.29364331958497,73.86552694575147,71.41063431262475,68.9347747949558,66.4437627149347,63.943421175483735,61.43958876818337,58.938131195283745,56.44496116686969
49.45372746219761,51.52057480075784,53.528951927490766,55.498270529904914,57.44811980384823,59.39818578508488,61.368208790024596,63.377960348671564,65.44723038479371,67.57599973510105,69.68497387000616,71.67504033079095,73.44708940464963,74.94379624089105,76.27496782037936,77.59219518243304,79.04707016527504,80.72505179408653,82.44706619485206,83.99349358655323,85.24706460638804,86.10836674568942,86.44706418285678,86.15542606257982,85.24706460638804,83.78111107860212,81.87742963849814,79.6710678813737,77.2970737943428,74.86895529001062,72.41405887664007,69.93819263152704,67.44716855882548,64.94680563219336,62.442935119380394,59.941409808204284,57.44811980384823
50.45578671257958,52.523154434675945,54.5318476651196,56.50136226090406,58.451335095191226,60.40147994832678,62.37155370000819,64.38133801063069,66.4506291422903,68.57941188433907,70.68839416274758,72.67846541191713,74.45051724576001,75.94722567886612,77.2783982828806,78.59562639223316,80.05050197544597,81.72848408776952,83.45049882411836,84.99692642241541,86.25049756335346,87.11179976776125,87.45049722719645,87.15885908785043,86.25049756335346,84.78454389025623,82.88086217111208,80.67449989346395,78.30050485584019,75.87238466052736,73.4174852467668,70.94161366205114,68.45058007066834,65.95020016875169,63.44629941072499,60.94472033295986,58.451335095191226
51.55812912302223,53.62591006388203,55.63485425810521,57.60452444217724,59.55459535770869,61.504802816129626,63.47491684741948,65.48472715407557,67.55403502958632,69.68282840078959,71.79181714274674,73.78189219247646,75.5539462169264,77.05065591746734,78.38182933464991,79.69905803713462,81.1539340968624,82.83191659294997,84.5539315956515,86.10035935792385,87.35393059498166,88.21523285106443,88.55393032817366,88.26229217369252,87.35393059498166,85.88797680655075,83.98429486593217,81.77793217514393,79.40393638303361,76.9758148455868,74.52091305040977,72.04503722763184,69.55399608121354,67.05360270583604,64.54967794163282,62.04805618760723,59.55459535770869
52.560696392199134,54.62880542482567,56.637948854569544,58.60774254694583,60.55789131675381,62.508148467932,64.47829447036075,66.4881254105696,68.55744657588032,70.68624838352619,72.79524225563401,74.78532032188086,76.55737608502073,78.05408679152691,79.3852608541221,80.70249002737651,82.15736646531468,83.83534926599606,85.55736448010197,87.10379237252164,88.35736368586973,89.21866598296694,89.55736347410406,89.26572530761015,88.35736368586973,86.89140980589839,84.98772768949539,82.78136467079753,80.40736827985046,77.97924567715013,75.52434199183821,73.04846280529746,70.55741566240998,68.05701159303332,65.55306777477848,63.051412147517496,60.55789131675381
53.663442204017414,55.73181171876962,57.7411133104835,59.71100504268048,61.66121560996801,63.61151220414662,65.58168358283642,67.5915309002139,69.66086261376965,71.789671117473,73.89866906140222,75.88874952186693,77.66080666500838,79.15751816995063,80.48869274481063,81.8059222917154,83.26079902983952,84.93878207227725,86.66079745417494,88.20722544989265,89.46079682379238,90.32209915344279,90.66079665571385,90.36915847968541,89.46079682379238,87.99484287116536,86.09116061524219,83.88479733628218,81.51080047003786,79.08267702184457,76.62777183632946,74.15188997996167,71.66083807765234,69.16042552037607,66.6564665786983,64.15478406556163,61.66121560996801
54.76632977069798,56.83490607784262,58.84433322083703,60.814302774357145,62.7645623931714,64.71489029443492,66.68508181474974,68.69494213088794,70.76428221666932,72.8930960350676,75.00209721081501,76.99217957157586,78.76423781002683,80.26094994868885,81.59212493013398,82.90935477360543,84.36423174998737,86.04221498430726,87.76423049938144,89.3106585770868,90.56422999904642,91.42553235453433,91.76422986564239,91.47259168204639,90.56422999904642,89.09827598875253,87.1945936220921,84.9882301365619,82.61423289307373,80.18610877381178,77.7312023975833,75.25531842216819,72.76426274228996,70.26384344812107,67.75987250284098,65.25816864994795,62.7645623931714
55.86932987694655,57.93807034531254,59.947597149792244,61.91762847458922,63.86792702741192,65.81827977785267,67.78848728488401,69.79835791826727,71.86770464913764,73.99652268583137,76.10552642668176,78.0956102957113,79.86766940351096,81.3643820451571,82.69555734930921,84.01278742816586,85.46766459365324,87.14564798027016,88.86766360104657,90.41409174382562,91.66766320393039,92.52896557992555,92.86766309804756,92.57602490844516,91.66766320393039,90.2017091478663,88.29802669331363,86.09166304382848,83.71766550092161,81.28954084903188,78.83463352773268,76.35874787042596,73.8676891922809,71.3672645510103,68.86328407838053,66.36156328784539,63.86792702741192
56.97241932396989,59.041290106081334,61.05089601909674,63.0209763745934,64.97130583048417,66.92167830418825,68.89189850007277,70.90177732233556,72.97112932744753,75.09995071221668,77.20895648899523,79.19904155514004,80.97110135294285,82.46781439380797,83.79898995409295,85.11622021977502,86.57109753535549,88.24908104285069,89.97109674752302,91.5175249419511,92.77109643233169,93.63239882460346,93.97109634829242,93.67945815392275,92.77109643233169,91.30514233993975,89.40145981562695,87.19509603601067,84.82109825545494,82.39297318081807,79.93806510941525,77.46217811718859,74.9711170593123,72.47068817402752,69.96670013948227,67.46496590536391,64.97130583048417
58.362110387977864,60.479927429839336,62.56347648257672,64.63079858057061,66.69847594248033,68.78015229458315,70.88539209307966,73.01930180468291,75.18335379641606,77.36577587800161,79.5098035724896,81.55065541298751,83.42779672741129,85.11832044747122,86.71658131667013,88.33226555423124,90.05441063700466,91.90989687492504,93.74516432351149,95.40911435650114,96.91054292552393,98.21878316144958,98.86292061412175,98.36065485686701,96.91054292552393,94.85677341124114,92.42888655762553,89.8052483226733,87.13645727344101,84.52844422761075,81.97164088904569,79.44099239409783,76.91982885353396,74.39511310612191,71.8554829197387,69.2916025475469,66.69847594248033
56.113769325063984,58.18243991013708,60.191924289546975,62.161929319103095,64.11221129832775,66.06255347090728,68.03275417269069,70.0426204142222,72.11196431640985,74.24078055746007,76.34978320639824,78.3398664333886,80.11192517112433,81.60863759866045,82.93981276544285,84.25704274410086,85.71191982908996,87.38990315087716,89.1119187266583,90.65834684173683,91.911918285604,92.77322065286964,93.11191816800596,92.82027998096035,91.911918285604,90.44596424902332,88.54228183188457,86.33591825219168,83.96192083674117,81.53379641158014,79.07888949257817,76.6030045512183,74.11194714937454,71.6115247842578,69.10754836723349,66.60583478673227,64.11221129832775
54.30798990805354,56.376248532762844,58.38548279508845,60.35533279254139,62.30551705342896,64.25579685733706,66.22595743379433,68.23579777971551,70.3051250030874,72.43393065641186,74.54292686704869,76.53300630834349,78.30506286404643,79.80177402911082,81.1329483859102,82.45017777375969,83.90505438410082,85.58303732362785,87.30505263410006,88.85148058584589,90.10505193397003,90.96635424976324,91.3050517472948,91.01341357532502,90.10505193397003,88.63909801227106,86.73541581573873,84.52905264756697,82.15505598364689,79.72693289536261,77.27202834845332,74.79614762857658,72.3050977522573,69.80468880811216,67.30073630418674,64.79906523588573,62.30551705342896
53.16705401586864,55.25761562719633,57.29998983144074,59.31351571296224,61.31692883871675,63.32759773329653,65.36083318514596,67.42951252309217,69.54435252096755,71.69914946853365,73.82521621850157,75.8401541786271,77.66412436251441,79.2582455780802,80.72719748489126,82.2032313872158,83.80464170371361,85.5821887895714,87.3686607004471,88.982739533484,90.38152545977071,91.51328254829099,92.0430743319008,91.61912085604607,90.38152545977071,88.57679574231243,86.38751628546163,83.96506880206411,81.44445179582871,78.92931316397502,76.42594136543899,73.92425285436916,71.41907854094987,68.90729606657872,66.38670445515548,63.85619318031368,61.31692883871675
51.798719260020086,53.86528761516591,55.87349525010379,57.84270875322342,59.792491765543076,61.74251544868436,63.71251123810424,65.72224523158005,67.79150395387303,69.92026612196001,72.02923588934806,74.01929978202443,75.79134737564533,77.2880533554538,78.61922438546641,79.9364513467273,81.39132600757719,83.0693073770704,84.79132159785513,86.33774887875433,87.59131983363875,88.45262193802213,88.79131936324671,88.49968125319694,87.59131983363875,86.12536638378654,84.22168509333804,82.01532361538204,79.64133003817506,77.21321244075273,74.75831763655549,72.28245425518134,69.79143528753113,67.29108146502713,64.78722717309107,62.28573069716373,59.792491765543076
51.15378684971091,53.22875960372015,55.24728937356247,57.22911716033936,59.19383355733048,61.160659488295224,63.14823024021351,65.17445359425021,67.25655645317413,69.39270315825038,71.5065369218029,73.50367441642175,75.2905530738061,76.81541367499476,78.18717199759492,79.5523131459637,81.05249182833425,82.7618614341145,84.50445969798714,86.07271467916516,87.37391940760222,88.3268144357611,88.73252040760985,88.39428129188548,87.37391940760222,85.79849241939269,83.80695447481564,81.53674826391486,79.12069521207378,76.66808720277574,74.1996938612155,71.71666908219719,69.22171206089362,66.71814915025088,64.20958472247808,61.69994760503219,59.19383355733048
39.38208020606575,41.426301827429725,43.42087600251752,45.38161378755531,47.32604452036951,49.272648081593246,51.2404418472599,53.24875403197794,55.317096709388295,57.44527725434327,59.55389329742857,61.54374918591623,63.31567688295276,64.81231349171236,66.14344001361523,67.4606345099456,68.91548308868346,70.59344345267792,72.31544309445835,73.86186140002732,75.11542709370568,75.97672636960627,76.31542282742504,76.02378554581261,75.11542709370568,73.64947995675291,71.74581078889018,69.53947192440225,67.16551964413367,64.73747550756184,62.28271104535324,59.80707961516258,57.31647410477757,54.816857525218666,52.31431646935141,49.815153492231104,47.32604452036951
40.37184291921838,42.42120200707558,44.41892049440454,46.38161688190106,48.32728595525579,50.27468143406206,52.24298532448013,54.251626993547575,56.32018199548207,58.44849736921634,60.55719541757044,62.54709953086672,64.3190550261776,65.81570771902949,67.14684456050753,68.46404658415312,69.9189012103179,71.5968664446905,73.31886946679947,74.86528985341785,76.11885676697818,76.98015669870134,77.31885338082651,77.02721590712943,76.11885676697818,74.6529081662942,72.74923618765044,70.54289207994842,68.16893022452469,65.74086905540932,63.28607437281026,60.81038916539234,58.31968780157857,55.81990032147246,53.31705489909086,50.81735126529536,48.32728595525579
41.364395156271925,43.417850613938434,45.418071933653096,47.38232569987042,49.328978786856084,51.27700327753735,53.245712245760785,55.25461550506364,57.323339060701926,59.451761460513126,61.560524601121585,63.55046699216675,65.32244455161208,66.81911001066499,68.15025504291009,69.46746304105142,70.92232246709827,72.60029156711295,74.32229727220002,75.86871931055242,77.12228719233542,77.98358764458598,78.32228450474348,78.03064687858853,77.12228719233542,75.6563374298851,73.75266322031692,71.54631495105502,69.17234549576929,66.74427080774062,64.28945213865808,61.81372424651866,59.322946798392834,56.82302365733989,54.31993660493859,51.81980368053701,49.328978786856084
42.35917270673298,44.41589134821264,46.41810371474395,48.383595363634385,50.33103018337816,52.27955421527467,54.24858481469492,56.25769574767281,58.32655310439728,60.455060458677224,62.56387526595881,64.55384803913998,66.32584311129698,67.82251870304691,69.1536702363804,70.47088297652107,71.92574621225958,73.6037183804492,75.32572621502345,76.87214956436057,78.12571821462348,78.98701908001739,79.32571608147936,79.03407833431842,78.12571821462348,76.65976753007729,74.75609154981947,72.54973997751387,70.17576449017815,67.74767907207097,65.29284136456137,62.81707959246006,60.326241752776596,57.82621092678923,55.32293205838674,52.82245829794775,50.33103018337816
43.355723636371536,45.41503979839108,47.41883533355299,49.38531062067527,51.333366356658885,53.28228706013935,55.25157301450382,57.26084880929666,59.32981237656669,61.45838716417708,63.567242981161826,65.55723986933222,67.32924884158749,68.82593247576301,70.15708916905936,71.47430567295183,72.92917193245898,74.60714653586876,76.32915606062193,77.87558045048989,79.12914971069638,79.99045090400266,80.32914801761814,80.03751017441462,79.12914971069638,77.66319829428139,75.75952090862387,73.55316671468357,71.17918643968424,68.75109250503886,66.29623968650388,63.820451023181135,61.32956524854515,58.82944894618335,56.32601781181555,53.825273461658554,51.333366356658885
44.35368662492776,46.41506920285299,48.420123114650444,50.38737982900028,52.335928673159486,54.28516433199148,56.254653009665404,58.264059674970525,60.33310754951572,62.46173586209814,64.57062422966345,66.56064025833678,68.33266026326476,69.8293502807798,71.1605110695701,72.47773056076979,73.93259922025271,75.61057575650312,77.33258662275455,78.8790118384934,80.13258158281288,80.99388303638352,81.33258023901539,81.04094231958277,80.13258158281288,78.66662958551268,76.7629510843872,74.55659480964951,72.18261073466499,69.7545100403951,67.29964522809541,64.82383522076906,62.33291139878688,59.83272724950676,57.32917524801272,54.82821608781721,52.335928673159486
45.35277322963941,47.41579893267669,49.42185276423292,51.38973014753852,53.33867055262553,55.28815626536985,57.257805874861276,59.267316424512515,61.33643121876955,63.465102016104794,65.57401621981231,67.56404744057957,69.3360762022448,70.83277128625897,72.163935325663,73.48115718789975,74.9360277522504,76.61400582260063,78.33601775360145,79.8824436248351,81.13601375339556,81.9973154135383,82.33601268682253,82.0443747068868,81.13601375339556,79.67006129504617,77.76638190857219,75.5600239823017,73.18603689125806,70.75793083184314,68.30305650000048,65.82722955165818,63.336275530627404,60.83603752851923,58.33238958618654,55.83125990415738,53.33867055262553
46.4527534597127,48.51708521281058,50.52393340400178,52.492303696193716,54.44155499730711,56.39123922441007,58.361016584612116,60.37060959510585,62.43977750671286,64.56848202545007,66.6774167357767,68.66746001468488,70.43949572663955,71.93619483196137,73.26736145139066,74.58458519552687,76.0394572717756,77.71743655974373,79.43944933583762,80.98587572733823,82.23944616087113,83.10074798497035,83.43944531433141,83.14780728637432,82.23944616087113,80.77349333658654,78.86981324741043,76.66345401031566,74.28946452541871,71.86135420766809,69.40647232010517,66.93063192550017,64.43965393493315,61.93937318811024,59.43564909210484,56.9343840497983,54.44155499730711
47.45344410447481,49.518813670020776,51.52629280077544,53.49505449381398,55.44455262506324,57.39439444237986,59.36427321038656,61.373931674997564,63.44314174785114,65.5718730320585,67.68082401878894,69.67087686835575,71.44291809679815,72.93962039384951,74.27078906105338,75.58801429885801,77.04288757510335,78.72086782949667,80.442881276342,81.98930808077904,83.24287875636881,84.10418071060042,84.4428780844697,84.15124001839801,83.24287875636881,81.77692564164113,79.87324499472959,77.66688471723178,75.29289333232867,72.86477963472385,70.40989175014784,67.93404068313023,65.4430436675924,62.942728993197946,60.43894445059382,57.937571962047485,55.44455262506324
48.454699327856396,50.52089336273663,52.52887355804134,54.49794601884801,56.44764010455276,58.397607019744,60.36756628273835,62.377276701405805,64.44652023890906,66.57527276737285,68.6842366728759,70.67429711874617,72.44634272565256,73.94304755599111,75.27421784851924,76.59144427185177,78.04631850053642,79.72429952198274,81.44631350120423,82.99274063338926,84.2463115010998,85.10761355861754,85.44631096781305,85.1546728714898,84.2463115010998,82.78035815584718,80.8766770662605,78.67031596299354,76.29632307005235,73.86820668984855,71.4133140454187,68.93745450763436,66.44644239175467,63.94610078835538,61.442268267119175,58.94081049168395,56.44764010455276
49.45640311327526,51.523252007413575,53.531630079163364,55.500949267549515,57.45079891092146,59.40086512797983,61.37088828465119,63.380639941226775,65.4499100404251,67.57867943077423,69.68765359002879,71.67772006513107,73.44976914724226,74.94647598825838,76.27764757081007,77.59487493509823,79.04974991973538,80.72773154999257,82.44974595176153,83.99617334408043,85.24974436427735,86.11104650377341,86.44974394100734,86.15810582067337,85.24974436427735,83.78379083605694,81.88010939511862,79.67374763643778,77.29975354656455,74.87163503717625,72.41673861483437,69.94087235375568,67.44984825259283,64.94948527520401,62.4456146719573,59.94408920001962,57.45079891092146
50.458463210082144,52.52583216747496,54.53452614821923,56.50404120918412,58.45401433672474,60.40415937704752,62.37423324916472,64.3840176375158,66.45330881924005,68.5820915930704,70.69107389080523,72.68114515133865,74.45319699173155,75.94990542862737,77.28107803507325,78.59830614619932,80.05318173083694,81.73116384430797,83.45317858145322,84.99960618024056,86.25317732146601,87.11447952602832,87.45317698551638,87.16153884612511,86.25317732146601,84.78722364802394,82.88354192821754,80.67717964933411,78.30318460945442,75.87506441012852,73.42016498924741,70.94429339185973,68.45325977788701,65.95287983568417,63.44897900587836,60.94739980051108,58.45401433672474
51.560806292714,53.62858821442846,55.63753300431705,57.607203557662345,59.557274705973015,61.50748231297426,63.47759643985802,65.48740680820895,67.5567147234567,69.68550811988528,71.79449687718181,73.7845719359311,75.55662596557983,77.05333566912867,78.38450908824103,79.70173779213339,81.15661385299202,82.83459634999032,84.556611353324,86.1030391159855,87.3566103532714,88.2179126094768,88.55661008662798,88.26497193211094,87.3566103532714,85.8906565645668,83.98697462342258,81.7806119316539,79.40661613775302,76.97849459712103,74.52359279629238,72.04771696345665,69.5566757991086,67.0562823917556,64.55235757058014,62.05073571527309,59.557274705973015
52.5633740956482,54.63148390703124,56.640627809650496,58.61042179515654,60.5605707497365,62.51082801884904,64.48097409715325,66.49080508633035,68.56012628318072,70.68892811084814,72.79792199513089,74.78800006853659,76.56005583580274,78.05676654469629,79.38794060882317,80.70516978319482,82.16004622203057,83.83802902343479,85.56004423804242,87.10647213077095,88.3600434443001,89.22134574149466,89.56004323266507,89.26840506614266,88.3600434443001,86.89408956411154,84.99040744729136,82.78404442781529,80.41004803544706,77.98192543021867,75.52702174042105,73.05114254589738,70.56009538877899,68.05969129402312,65.55574743054868,63.05409172289832,60.5605707497365
53.66612033126145,55.7344904642717,57.74379243136714,59.713684396244915,61.66389511019551,63.61419179798254,65.58436323689631,67.59421059314055,69.66354233172962,71.79235085132417,73.9013488049167,75.89142927106339,77.66348641747985,79.16019792431698,80.49137250039269,81.80860204818423,83.26347878702074,84.94146183003221,86.66347721232812,88.20990520829096,89.46347658233438,90.32477891206206,90.66347641435954,90.37183823830846,89.46347658233438,87.99752262953493,86.09384037328064,83.887477093703,81.5134802263307,79.08535677613087,76.63045158705545,74.15456972435163,71.66351781074717,69.16310523332723,66.65914625575822,64.15746367881503,61.66389511019551
54.76900823440383,56.837585032360124,58.84701247333298,60.8169822115468,62.76724194677357,64.71756992233655,66.68776149045215,68.69762183743933,70.76696194308983,72.89577577410103,75.00477695751823,76.9948593227889,78.76691756383923,80.26362970400521,81.59480468641527,82.91203453059052,84.3669115075379,86.04489474231318,87.7669102577034,89.31333833560333,90.56690975767701,91.42821211322625,91.76690962435529,91.47527144074131,90.56690975767701,89.10095574724627,87.19727338032303,84.9909098943026,82.61691264991916,80.18878852906462,77.73388215001033,75.25799816956628,72.76694248072306,70.26652317056609,67.76255219679878,65.2608482932616,62.76724194677357
55.872008607762496,57.94074946574894,59.95027650675813,61.92030797815596,63.870606623379075,65.82095943279288,67.79116697776436,69.80103763563272,71.87038438227333,73.99920242897795,76.10820617591591,78.09829004852489,79.87034915838768,81.3670618012275,82.69823710614548,84.01546718556075,85.4703443514969,87.14832773847527,88.87034335950254,90.41677150243602,91.67034296263132,92.53164533867516,92.87034285681379,92.57870466719712,91.67034296263132,90.2043889064586,88.30070645169734,86.0943428018231,83.72034525820564,81.29222060505188,78.83731328150984,76.36142762021163,73.87036893495105,71.36994428099061,68.86596378575037,66.36424295501837,63.870606623379075
56.97509826682918,59.043969358222256,61.0535754589863,63.02365593084602,64.97398546007742,66.92435798058938,68.89457820658741,70.9044570482842,72.97380906591309,75.10263045862794,77.21163624023815,79.20172130922398,80.97378110866433,82.47049415047687,83.8016697113697,85.11889997749515,86.57377729343183,88.25176080121388,89.97377650608533,91.52020470063596,92.77377619108842,93.6350785833988,93.97377610710097,93.68213791272001,92.77377619108842,91.30782209861025,89.4041395741319,87.1977757942068,84.8237780130871,82.39565293744695,79.94074486426396,77.46485786886925,74.97379680534537,72.47336790998864,69.96937985749733,67.46764559147435,64.97398546007742
58.36478160441199,60.48259805277489,62.566146215946446,64.63346716433038,66.70114317146741,68.78281804977048,70.88805637818042,73.02196477887759,75.18601579456782,77.36843733307941,79.51246467632731,81.55331601261227,83.4304563018438,85.12097819487487,86.71923667622136,88.33491841357649,90.05706139865464,91.9125463130747,93.74781294506317,95.41176215288007,96.91318905310004,98.22142651030978,98.8655622219687,98.36329765213279,96.91318905310004,94.85942365708979,92.4315409770403,89.80790644382145,87.13911823263493,84.53110701567432,81.97430474713437,79.44365683766665,76.92249362203155,74.39777813832256,71.85814834155813,69.29426865638885,66.70114317146741
56.11644794217014,58.18511895994273,60.19460360204117,62.164608794414065,64.11489087626083,66.06523311433766,68.03543385825873,70.04530012698433,72.11464404668703,74.24346029885581,76.35246295455501,78.34254618552083,80.11460492554801,81.61131735440989,82.94249252204288,84.2597225013213,85.71459958680883,87.39258290899747,89.11459848505723,90.66102660030725,91.91459804427498,92.77590041159468,93.1145979267495,92.82295973968803,91.91459804427498,90.44864400757365,88.54496159020326,86.33859801007819,83.9646005938385,81.53647616727358,79.08156924578059,76.60568429998763,74.11462689024106,71.61420451103048,69.11022806889409,66.60851444374877,64.11489087626083
54.31066785488041,56.37892716617871,58.38816184539078,60.358012101257884,62.30819652503132,64.25847643290312,66.228637076247,68.23847746533497,70.30780471650982,72.43661038748368,74.54560660885295,76.53568605645842,78.30774261579876,79.80445378296764,81.13562814111724,82.45285752995159,83.90773414108395,85.58571708124819,87.30773239216265,88.85416034418077,90.10773169246451,90.96903400834351,91.30773150590443,91.01609333390951,90.10773169246451,88.64177777057404,86.73809557367397,84.53173240481621,82.15773573964339,79.72961264913053,77.27470809826701,74.79882737135316,72.30777748248909,69.8073685159716,67.30341597218403,64.80174483301741,62.30819652503132
53.16973005013166,55.260291377604716,57.302665149636525,59.31619046024903,61.31960289466815,63.33027101337976,65.36350566540695,67.43218426723834,69.54702370240054,71.70182033128222,73.82788687296204,75.84282453104936,77.66679408953117,79.26091415148673,80.72986447014517,82.20589660335332,83.80730534383213,85.58485138878646,87.37132263840836,88.98540078789354,90.38418528237844,91.51593982855316,92.0457299089248,91.62177760440359,90.38418528237844,88.57945898119871,86.39018261877929,83.96773761565194,81.44712236401153,78.9319848017926,76.42861360834127,73.9269254221307,71.42175128714487,68.90996895662414,66.38937755617964,63.8588666488985,61.31960289466815
51.8013944573616,53.86796453972438,55.87617322405842,57.84538737791317,59.795170800507776,61.74519474555129,63.715190703486115,65.72492480572372,67.79418359807106,69.92294581062987,72.03191560506134,74.0219795136393,75.79402711642575,77.29073310153721,78.62190413495216,79.93913109869473,81.3940057615384,83.07198713263729,84.79400135453646,86.34042863612174,87.59399959140833,88.45530169600792,88.79399912130648,88.50236101119337,87.59399959140833,86.12804614107355,84.22436484969839,82.0180033700138,79.64400978965,77.21589218661214,74.76099737245096,72.28513397334468,69.7941149740843,67.29376109520814,64.7899067028338,62.28841004836197,59.795170800507776
51.15646562598711,53.2314383013036,55.249967950231124,57.23179557523609,59.196511773130325,61.16333747636652,63.15090798863683,65.17713111759302,67.25923380145221,69.39538040620303,71.50921410371615,73.50635150190685,75.2932299570858,76.81809017604395,78.18984795187521,79.55498846127983,81.05516654593579,82.76453574124386,84.50713373754093,86.07538843634839,87.37659255346153,88.32948642479649,88.73519156564191,88.39695302647829,87.37659255346153,85.80116698029502,83.80963019741536,81.5394248455539,79.12337236652279,76.67076469324061,74.20237153754198,71.71934685708452,69.22438988955807,66.72082702208597,64.21226265733507,61.70262564885539,59.196511773130325
39.38584029182637,41.43008374210562,43.424671289955924,45.38541740980587,47.32985341429685,49.276460347537565,51.2442562856602,53.25256987368036,55.32091345545524,57.449094574716085,59.55771096711315,61.5475670610235,63.31949487647307,64.81613155374686,66.14725811960867,67.46445264800366,68.91930125250221,70.59726163724342,72.31926129342328,73.86567960785712,75.1192453067319,75.98054458542617,76.31924104420045,76.02760376176977,75.1192453067319,73.65329816354392,71.74962898370791,69.54329009688499,67.16933777582838,64.74129356670197,62.28652897576235,59.81089731649688,57.320291397812085,54.82067409030297,52.3181317380584,49.8189664583617,47.32985341429685
40.375614854378,42.424991356623885,44.42272049198587,46.38542350826847,48.33109677117349,50.278494928564854,52.24680054417135,54.25544332741224,56.32399904729144,58.45231487691146,60.56101320253646,62.550917478884855,64.32287306818324,65.81952581541604,67.15066269178487,68.46786474088046,69.9227193874917,71.6006846383311,73.32268767186895,74.86910806552339,76.12267498320816,76.98397491714863,77.32267160003218,77.03103412568566,76.12267498320816,74.65672637757527,72.75305438942823,70.54671026399886,68.1727483762014,65.74468714949857,63.28989236472306,60.81420697548022,58.323505287573084,55.82371722961139,53.320870778037346,50.821165315873564,48.33109677117349
41.3681765496011,43.421645885389964,45.42187567800761,47.38613471398694,49.332791129639844,51.28081774771145,53.24952808579087,55.25843222964811,57.32715635521407,59.455579116899116,61.56434247759148,63.55428499805629,65.32626263210143,66.82292813431724,68.15407319425549,69.4712812125967,70.926140654872,72.60410976795643,74.32611548211466,75.87253752605162,77.12610541110817,77.98740586511866,78.32610272587806,78.03446509920768,77.12610541110817,75.66015564472991,73.75648142761898,71.5501331442868,69.17616366330583,66.74808892956946,64.29327017938779,61.81754214292873,59.32676443755369,56.82684083780535,54.32375296837145,51.823618592281065,49.332791129639844
42.36296164084784,44.41969133307366,46.42191043817783,48.38740627504197,50.334843738907516,52.28336946019505,54.25240114723191,56.26151278242878,58.33037059156469,60.45887823308749,62.56769321505854,64.55766609096332,66.3296612223314,67.82633684834022,69.15748840365401,70.47470115982742,71.92956440844654,73.60753658700969,75.32954442878375,76.87596778255332,78.12953643541445,78.9908373022052,79.32953430414491,79.03789655657488,78.12953643541445,76.66358574775066,74.75990976150612,72.55355817803292,70.17958267030279,67.75149721591704,65.29665944403797,62.82089755738687,60.33005951351441,57.83002832342805,55.32674880644427,52.826273893476454,50.334843738907516
43.3595185770545,45.41884353262954,47.422644424807515,49.38912303930975,51.337180875294436,53.286102920200335,55.255389738034296,57.26466609027176,59.33363001665856,61.462205032268486,63.57106098790982,65.56105795761403,67.33306697686592,68.82975063823304,70.16090734897529,71.47812386559303,72.93299013532356,74.61096474696686,76.3329742774345,77.8793986708205,79.13296793308922,79.9942691275042,80.33296624149885,80.04132839797063,79.13296793308922,77.66701651419979,75.76333912379059,73.55698492098654,71.1830046298001,68.75491066636016,66.30005779673448,63.824269042491494,61.33338310578418,58.83326651441651,56.3298348652051,53.829089600082,51.337180875294436
44.35748634660038,46.41887591824518,48.423934087343255,50.39119344477045,52.339743956559275,54.28898068043108,56.258470043584666,58.2678771513925,60.33692531099254,62.46555380454757,64.57444228216815,66.56445837555617,68.33647841778586,69.8331684568831,71.16432925952029,72.48154876082009,73.93641742841736,75.6143939712027,77.33640484198972,78.88283006052089,80.13639980647712,80.99770126092776,81.33639846386055,81.0447605441702,80.13639980647712,78.67044780721295,76.76676930231606,74.5604130205432,72.18642893271092,69.75832821558666,67.30346336273584,64.82765328324476,62.33672933262244,59.836544953945435,57.33299254377921,54.83203265724649,52.339743956559275
45.3565767545697,47.419608017540554,49.425665231547825,51.39354471401124,53.34248644323742,55.29197300152484,57.26162315517223,59.27113405607504,61.34024907659514,63.468920017574305,65.57783430863495,67.56786558076706,69.33989437203898,70.83658947318304,72.16775352357745,73.48497539383067,74.9398459646217,76.61782404015874,78.33983597475947,79.88626184820933,81.1398319780689,82.00113363891009,82.33983091243319,82.0481929322929,81.1398319780689,79.67387951816072,77.7702001286934,75.56384219683906,73.18985509559809,70.76174901804359,68.30687465401522,65.83104764839491,63.34009352525986,60.8398553410712,58.33620707434966,55.83507681574551,53.34248644323742
46.45656000871449,48.52089618042612,50.5277470584338,52.49611901757703,54.445371370001155,56.39505626835101,58.364834060506894,60.37442734981249,62.443595441014,64.57230007376515,66.68123485342535,68.67127817310237,70.44331390855606,71.94001302747398,73.27117965562636,74.58840340612525,76.04327548748573,77.72125477957061,79.44326755852177,80.98969395178142,82.24326438634543,83.104566210999,83.44326354054964,83.15162551243019,82.24326438634543,80.77731156082359,78.87363146927166,76.667272227745,74.29328273475443,71.86517240260633,69.41029048949744,66.93445004943035,64.44347197782152,61.94319108647613,59.43946673298706,56.93820123300179,54.445371370001155
47.4572530571089,49.52262613330269,51.53010739794933,53.49887041458294,55.448369380472855,57.39821173064604,59.368090841530616,61.377749527449396,63.44695974285314,65.57569111755575,67.68464215931715,69.67469504124252,71.44673628833624,72.94343859617885,74.27460727030623,75.591832513161,77.04670579346353,78.72468605112432,80.44669950023746,81.99312630607065,83.24669698247882,84.1079989371504,84.44669631117017,84.15505824496961,83.24669698247882,81.78074386676914,79.87706321797191,77.6707029369565,75.29671154562945,72.8685978365973,70.41370993174533,67.93785882864415,65.44686174878237,62.946546959677164,60.44276221269796,57.941389360859716,55.448369380472855
48.45851019041655,50.52470701396567,52.53268890380177,54.50176241548375,56.4514571637786,58.401424501953514,60.37138403711282,62.38109463144161,64.45033828209074,66.5790908823821,68.68805483156382,70.67811530311727,72.4501609248273,73.94686576373093,75.27803606175428,76.59526248909508,78.05013672099992,79.72811774503967,81.4501317260611,82.99655885935425,84.25012972771435,85.11143178558132,85.45012919489625,85.1584910984707,84.25012972771435,82.78417638168234,80.88049529059899,78.6741341845401,76.3001412865002,73.87202489722654,71.41713223670357,68.94127267027947,66.45026050334519,63.949918808897934,61.44608612544272,58.944628061642305,56.4514571637786
49.46021549310872,51.527066602044,53.535446019286525,55.50476604196547,57.45461621132078,59.40468276413628,61.374706136839364,63.384457932843276,65.45372812184789,67.58249756920755,69.69147176313018,71.6815382586174,73.45358735247828,74.95029420029249,76.28146578720578,77.59869315467529,79.05356814186831,80.73154977418392,82.45356417738148,83.99999157057991,85.25356259129238,86.1148647310656,86.45356216839434,86.16192404797917,85.25356259129238,83.78760906245334,81.88392762032711,79.67756585943033,77.30357176551026,74.87545324892318,72.42055681380816,69.94469052999793,67.45366638831264,64.95330333865772,62.44943260665366,59.94790690582768,57.45461621132078
50.46227679503653,52.52964751121584,54.53834256022023,56.507858283497654,58.457831828565304,60.407977135400586,62.37805117899126,64.38783567801032,66.45712693101535,68.58590975009557,70.6948920753467,72.6849633520597,74.45701520177838,75.95372364406987,77.28489625397755,78.6021243676287,80.0569999542949,81.73498206939968,83.45699680767882,85.00342440716425,86.2569955487989,87.11829775358119,87.4569952131445,87.1653570736888,86.2569955487989,84.79104187486583,82.88736015411658,80.68099787347434,78.30700283038266,75.87888262534308,73.42398319432388,70.9481115788941,68.45707793275844,65.95669793319718,63.45279700119407,60.95121761414998,58.457831828565304
51.56462083471597,53.6324041529482,55.64134979093082,57.6110208700383,59.56109234977427,61.5113001683204,63.48141443130841,65.49122488749889,67.56053285932315,69.68932629166694,71.79831507080334,73.78839014239439,75.56044417944503,77.05715388727641,78.3883273091364,79.70555601503291,81.16043207750165,82.83841457579668,84.56042958003032,86.10685734324588,87.36042858085656,88.22173083723656,88.56042831444748,88.26879015987927,87.36042858085656,85.89447479176224,83.9907928498697,81.78443015670503,79.41043436025481,76.98231281508785,74.52741100621265,72.0515351590568,69.56049396918087,67.06010051630192,64.55617561401083,62.054553614501756,59.56109234977427
52.567189397601325,54.635300317759274,56.64444489364695,58.61423929650391,60.56438851415763,62.514645951182175,64.48479213751594,66.49462319641279,68.56394443816859,70.69274629434216,72.8017401959593,74.79181827955755,76.5638740526986,78.0605847649912,79.3917588312989,80.70898800726121,82.16386444737492,83.84184724980834,85.56386246513028,87.11029035829858,88.3638616720855,89.22516396941862,89.56386146063645,89.27222329407343,88.3638616720855,86.89790779158761,84.99422567417349,82.78786265358944,80.41386625919777,77.98574365036998,75.53083995418577,73.0549607482962,70.56391357091618,68.06350944002605,65.55956551216909,63.05790969006232,60.56438851415763
53.66993623660382,55.73830724987492,57.74760975142941,59.717502047592305,61.66771297035814,63.618009791422466,65.5881813160816,67.59802872766339,69.66736050189427,71.79616904411431,73.90516701146517,75.89524748570173,77.66730463678113,79.1640161463161,80.4951907241227,81.81242027317678,83.26729701302762,84.94528005685594,86.6672954397188,88.21372343603066,89.4672948102787,90.32859714011637,90.66729464245145,90.37565646636818,89.4672948102787,88.00134085723374,86.09765860050803,83.89129532005099,81.51729845107268,79.08917499801602,76.63426980387155,74.15838793214658,71.6673360024604,69.16692339636046,66.66296436769038,64.1612816999011,61.66771297035814
54.77282461879241,56.8414021155544,58.85082998078157,60.82079998195769,62.77105988292968,64.72138796427838,66.69157960045155,68.70143999136073,70.77078012530038,72.89959397426952,75.0085951686068,76.99867754029839,78.77073578504971,80.26744792735697,81.59862291114084,82.91585275631816,84.37072973407058,86.04871296949423,87.77072848533444,89.31715656351142,90.57072798574748,91.43203034138402,91.77072785254293,91.47908966890338,90.57072798574748,89.10477397512189,87.20109160782445,84.99472812110605,82.62073087544793,80.19260675232593,77.7377003692483,75.26181638164415,72.77076068003683,70.27034134711641,67.76637033278976,65.26466635714672,62.77105988292968
55.875825372455935,57.94456678517443,59.95409416294845,61.9241258430729,63.874424619853414,65.82477751323157,67.79498511222127,69.8048558049509,71.87420257404477,74.00302063500271,76.11202439060793,78.1021082683132,79.87416738111348,81.37088002565284,82.70205533166123,84.01928541187183,85.47416257844696,87.15214596593992,88.87416158732434,90.4205897304777,91.6741611908019,92.535463566915,92.87416108507736,92.5825228954404,91.6741611908019,90.2082071344745,88.30452467941628,86.09816102898803,83.72416348435888,81.2960388294054,78.84113150267004,76.36524583568887,73.87418714029738,71.37376246826952,68.86978194083703,66.36806105287378,63.874424619853414
56.97891533342474,59.04778686516539,61.05739323324126,63.02747387077578,64.97780350442773,66.92817609158362,68.89839636045647,70.90827522982292,72.97762726527307,75.10644866930079,77.21545445779026,79.20553953082103,80.97759933259283,82.4743123757543,83.8054879375126,85.12271820426929,86.57759552071313,88.25557902890364,89.97759473405853,91.5240229287837,92.77759441933846,93.63889681170384,93.97759433542483,93.68595614102775,92.77759441933846,91.31164032673753,89.40795780202347,87.20159402165868,84.82759623973595,82.3994711626674,79.9445630869499,77.4686760870446,74.97761501547981,72.47718610578286,69.97319802774041,67.47146371629245,64.97780350442773
58.368488201621645,60.48629689420663,62.56983343259539,64.63713935790894,66.70479766084344,68.78645327940728,70.89167239650988,73.02556366601677,75.18960192653029,77.37201636799608,79.51603912113144,81.55688386819878,83.43401075985324,85.12450877651112,86.72273605219588,88.33838511533784,90.06050068625335,91.91596830414116,93.75122426415444,95.41516268790585,96.91656777868982,98.22476892084637,98.86888187902724,98.36663282770186,96.91656777868982,94.8628562038042,92.43502806677077,89.81144190971798,87.14269078718843,84.53470347040832,81.97791518519051,79.44727492688452,76.92611595747196,74.40140391987444,71.86177921470215,69.29790850762205,66.70479766084344
56.12026454496639,58.188936178805875,60.19842119491379,62.16842661910117,64.11870884705873,66.06905117838893,68.03925198230452,70.04911828974839,72.1184622343886,74.24727850238764,76.35628116771312,78.34636440433914,80.11842314762875,81.61513557837822,82.94631074722226,84.26354072738403,85.71841781358123,87.3964011363414,89.11841671279782,90.66484482829208,91.91841627240294,92.77971863979958,93.11841615498071,92.82677796789673,91.91841627240294,90.45246223552986,88.5487798178296,86.34241623708928,83.96841881972593,81.54029439116216,79.08538746612254,76.60950251401783,74.11844509301946,71.61802269374246,69.11404621585208,66.61233252714365,64.11870884705873
54.314483503349095,56.382743792196294,58.391979064961134,60.36182968875194,62.31201434443818,64.26229440033092,66.23245513890622,68.24229558945402,70.31162288021399,72.44042857631662,74.54942481296652,76.53950426955691,78.31156083407608,79.8082720042413,81.13944636431333,82.4566757545499,83.91155236680879,85.58953530788028,87.31155061942444,88.8579785718302,90.11154992034119,90.97285223634233,91.31154973394504,91.01991156191434,90.11154992034119,88.64559599817804,86.7419138007544,84.53555063091994,82.1615539639634,79.73343087027763,77.2785263137842,74.80264557685112,72.311595670126,69.8111866717554,67.30723407121303,64.80556283114979,62.31201434443818
53.17349960568136,55.264057223831,57.306425347837575,59.319943197969394,61.32334659819085,63.33400457802752,65.36722877812618,67.43589776052211,69.55072984221954,71.7055223065675,73.83158612635816,75.84651983743596,77.67048122315984,79.26458620976953,80.73351577440181,82.20952478861886,83.8109129334103,85.5884453756016,87.37490798378514,88.98897720041705,90.38774298363421,91.5194643053676,92.04923212695357,91.62529513002985,90.38774298363421,88.58306132738824,86.39382540348268,83.97141281262192,81.45082048993959,78.93569690558871,76.43233361929592,73.93064967829221,71.42547787504368,68.91369742433375,66.39310878091902,63.8626026768457,61.32334659819085
51.80520619117544,53.871778732711235,55.879988911150974,57.84920399150673,59.798987998240804,61.74901231617417,63.7190085140364,65.72874277112633,67.7980016632153,69.92676393909201,72.03573377202719,74.02579770324544,75.7978453190816,77.29455131174332,78.62572235000242,79.94294931727836,81.39782398296069,83.07580535634571,84.79781957983161,86.34424686239369,87.5978178182529,88.45911992316032,88.79781734856415,88.50617923836089,87.5978178182529,86.13186436723106,84.22818307453653,82.02182159239081,79.64782800753244,77.21971039649928,74.76481556815176,72.28895214379891,69.79793309953274,67.29757914039533,64.79372460501945,62.29222769634043,59.798987998240804
51.16027101312967,53.23524266012352,55.25377072898851,57.23559624002665,59.20030983620575,61.167132563577724,63.15469994422334,65.18092013191476,67.2630205280944,69.39916582182968,71.5129986563644,73.51013479446742,75.29701060729876,76.8218658314016,78.19361646223601,79.55874862185057,81.05891889573701,82.76828272709952,84.51087722678326,86.07912823563701,87.38032436409785,88.33320311825729,88.73889739966039,88.40066639492022,87.38032436409785,85.80491728239232,83.8133956802466,81.5432015540322,79.12715656027831,76.67455327792594,74.20616255099488,71.72313915849232,69.22818289370409,66.72462059036896,64.21605704916315,61.70642146460972,59.20030983620575
39.3869714112716,41.43122142446738,43.42581299285011,45.38656161856026,47.33099920797698,49.277607155010784,51.24540374627932,53.2537177562001,55.3220616098707,57.45024290179562,59.55885939921265,61.548715554882975,63.32064340593321,64.81728010380566,66.14840668288363,67.46560122091881,68.92044983316225,70.59841022414093,72.32040988464999,73.866828201749,75.1203939021861,75.98169318172026,76.32038964078183,76.02875235810515,75.1203939021861,73.65444675712352,71.75077757368771,69.54443868014988,67.17048634683042,64.74244211589058,62.2876774862482,59.81204575811179,57.32143971667239,54.82182219030629,52.31927944830798,49.82011347634501,47.33099920797698
40.37674953637921,42.42613127428834,44.4238636109847,46.38656862020868,48.332243142697976,50.279642105402544,52.24794823968439,54.256591357899765,56.32514729362782,58.45346326030909,60.56216166929511,62.55206599466487,64.3240216122204,65.82067437580272,67.1518112626614,68.46901331940849,69.9238679721669,71.60183322795703,73.32383626493097,74.87025666070076,76.12382357962552,76.98512351423264,77.32382019734419,77.03218272280245,76.12382357962552,74.65787497250477,72.75420298150061,70.54785885074153,68.17389695321097,65.74583570919458,63.2910408936999,60.815355449791724,58.3246536644465,55.82486543275351,53.32201867175445,50.822312659894536,48.332243142697976
41.36931407521921,43.422787583477685,45.423019923472495,47.38728054380182,49.33393796021474,51.28196521788331,53.25067596780782,55.25958037760489,57.32830467451862,59.45672754500042,61.56549097186061,63.555433531235224,65.32741118770863,66.82407670290131,68.15522177116546,69.4724297955797,70.92728924273408,72.6052583597479,74.32726407663338,75.8736861222493,77.12725400829004,77.98855446282963,78.32725132377004,78.03561369694464,77.12725400829004,75.66130424073086,73.75763002135221,71.55128173378984,69.17731224508364,66.74923749760534,64.29441872304136,61.81869064319285,59.32791286047629,56.82798912282196,54.32490100774861,51.82476619521027,49.33393796021474
42.36410143361191,44.420834448248115,46.42305557930102,48.38855267527538,50.33599093409275,52.284517163293216,54.25354917732027,56.26266102363809,58.33151896879073,60.4600266966726,62.56884173116369,64.55881463795215,66.33080978712195,67.82748542343063,69.15863698535276,70.4758497463464,71.93071299883806,73.60868518051998,75.33069302445864,76.87711637956082,78.13068503320311,78.99198590041381,79.33068290249716,79.03904515480411,78.13068503320311,76.66473434460201,74.76105835655758,72.55470676972685,70.18073125586517,67.75264579057233,65.29780799934072,62.82204607825042,60.33120797298892,57.83117667343683,55.32789696145821,52.82742170198446,50.33599093409275
43.360660175696566,45.419987775053045,47.42379027781386,49.390269892689076,51.33832836003616,53.28725080823955,55.25653788567419,57.26581440550643,59.33477843986108,61.46335352401866,63.572209521346835,65.56220651556404,67.33421554894537,68.83089921848759,70.16205593447494,71.47927245491852,72.93413872772268,74.61211334184135,76.33412287402706,77.88054726847076,79.13411653135947,79.99541772610772,80.33411484021642,80.04247699659058,79.13411653135947,77.6681651117261,75.76448771988834,73.5581335144194,71.18415321836633,68.75605924626937,66.30120636128336,63.82541757970536,61.334531594271596,58.83441491601482,56.330983112016554,53.83023757181044,51.33832836003616
44.3586293826473,46.42002105695062,48.425080506002004,50.39234065806701,52.3408916712262,54.29012871530054,56.25961828454243,58.269025525387946,60.338073770689206,62.46670231865335,64.57559082936186,66.56560694220622,68.3376269956506,69.83431704123647,71.16547784803672,72.4826973523731,73.93756602240991,75.61554256715999,77.33755343931064,78.88397865868126,80.13754840512959,80.9988498598448,81.33754706286808,81.04590914310025,80.13754840512959,78.67159640527498,76.76791789924422,74.56156161535625,72.1875775236613,69.75947679966592,67.30461193462348,64.82880183343619,62.337877844138475,59.83769339649369,57.33414086346089,54.833180758556125,52.3408916712262
45.3577209340648,47.42075386862555,49.42681209956285,51.394692213135144,53.343634340461705,55.29312115296025,57.26277147020721,59.272282476713215,61.3413975652589,63.470068549424354,65.57898286674754,67.56901415432242,69.34104295449555,70.83773806078968,72.1689021144883,73.48612398715167,74.94099455987899,76.61897263697543,78.34098457265846,79.88741044677465,81.14098057702479,82.00228223807596,82.34097951167087,82.04934153146908,81.14098057702479,79.67502811664794,77.77134872628066,75.56499079274757,73.19100368844079,70.76289760543264,68.30802323172769,65.83219620888688,63.34124205505435,60.841003816123504,58.33735545187503,55.83622501992464,53.343634340461705
46.45770509739479,48.52204259755838,50.52889428335399,52.497266743663644,54.44651941216267,56.39620451232179,58.365982434343834,60.37557580747371,62.444743952669995,64.57344861969922,66.68238342020446,68.67242675213853,70.44446249465719,71.94116161766271,73.27232824843767,74.58955200084952,76.04442408374683,77.72240337706941,79.44441615687961,80.9908425506681,82.2444129855421,83.10571481036231,83.44441213996998,83.15277411180173,82.2444129855421,80.77846015964832,78.87478006738209,76.66842082452298,74.29443132909907,71.86632099262239,69.41143907183317,66.93559861809797,64.44462052212407,61.94433958732827,59.44061515642717,56.939349518841595,54.44651941216267
47.45839886843916,49.523773000105194,51.53125490630349,53.50001832087389,55.44951753769716,57.399360048072765,59.36923926204297,61.37889801449754,63.44810827275873,65.57683967466858,67.68579073297497,69.67584362462885,71.44788487733004,72.94458718841705,74.27575586462598,75.59298110899904,77.04785439052134,78.72583464916451,80.44784809895947,81.9942749052124,83.24784558186661,84.10914753667046,84.44784491073548,84.15620684449618,83.24784558186661,81.78189246586172,79.87821181649755,77.67185153442456,75.29786014116618,72.86974642869845,70.41485851775056,67.9390074038009,65.44801030460025,62.94769548100746,60.44391067258324,57.942537711521936,55.44951753769716
48.45965657596403,50.525854237922886,52.53383663721735,54.502910464843296,56.452605412344724,58.402572877688954,60.37253249467419,62.38224314181525,64.45148682648147,66.58023944836768,68.68920341068127,70.67926388995636,72.45130951611708,73.94801435759575,75.27918465727124,76.59641108581712,78.05128531869013,79.72926634350955,81.45128032507216,82.99770745869847,84.25127832725386,85.11258038522581,85.45127779457665,85.15963969812037,84.25127832725386,82.7853249809875,80.88164388945417,78.6752827825559,76.3012898829831,73.8731734909826,71.41828082562125,68.94242125058668,66.45140906830292,63.95106734648223,61.447234614256175,58.9457764637593,56.452605412344724
49.46136233482258,51.52821410963347,53.5365939313963,55.505914204904,57.45576453239532,59.40583118615561,61.37585462380824,63.385606461731015,65.45487667773574,67.5836461422355,69.69262034658104,71.68268684819694,73.45473594559033,74.9514427954484,76.28261438367298,77.59984175209897,79.05471674006043,80.73269837299486,82.45471277662196,84.0011401700848,85.25471119095226,86.11601333080883,86.45471076816605,86.16307264772651,85.25471119095226,83.78875766192726,81.88507621944387,79.67871445788086,77.30472036274413,74.87660184399274,72.42170540503751,69.94583911439308,67.4548149605248,64.9544518891432,62.45058111842849,59.949055348787624,57.45576453239532
50.463423999068354,52.53079524402425,54.539490614199295,56.509006536599884,58.45898020719632,60.40912559415811,62.37919968930197,64.38898422159318,66.45827549602865,68.58705832871311,70.69604066223701,72.68611194381438,74.4581637963368,75.95487224025052,77.28604485119897,78.60327296560926,80.05814855288537,81.73613066848134,83.45814540710138,85.00457300679668,86.25814414855438,87.11944635340276,87.45814381298871,87.16650567351364,86.25814414855438,84.79219047447367,82.88850875344096,80.68214647226992,78.3081514282126,75.8800312214552,73.42513178738801,70.9492601665339,68.45822651072851,65.95784649392252,63.453945531193995,60.95236608952911,58.45898020719632
51.565768326482775,53.63355206457591,55.64249795753659,57.61216919471359,59.56224077409199,61.51244865623873,63.482562960146225,65.49237344274552,67.5616814315794,69.69047487472103,71.79946366042353,73.78953873587545,75.56159277515147,77.05830248427037,78.38947590695645,79.7067046134555,81.1615806764083,82.83956317509319,84.56157817959738,86.10800594297955,87.36157718068787,88.22287943712038,88.56157691434923,88.26993875976567,87.36157718068787,85.89562339147639,83.99194144935888,81.78557875577451,79.41158295855783,76.98346141202745,74.52855960073299,72.05268374927188,69.56164255172101,67.06124908515478,64.5573241584764,62.05570211561327,59.56224077409199
52.5683371178463,54.636448371355655,56.64559314966033,58.61538767799313,60.565536974739516,62.51579446224649,64.48594068105915,66.49577176091712,68.56509301617366,70.69389488091751,72.80288878774621,74.79296687440886,76.56502264931618,78.0617333626307,79.39290742959403,80.71013660603462,82.16501304653252,83.84299584927535,85.56501106481208,87.11143895811259,88.365010271977,89.22631256935179,89.56501006058386,89.27337189400865,88.365010271977,86.89905639138613,84.99537427379344,82.78901125287629,80.41501485787627,77.98689224796632,75.53198854986198,73.05610934055525,70.56506215708366,68.06465801532983,65.56071406811635,63.05905821159848,60.565536974739516
53.6710841382568,55.739455416176895,57.74875807841556,59.71865047417877,61.66886145972454,63.619158320858446,65.58932987129677,67.59917729951566,69.66850908446219,71.79731763348454,73.90631560497185,75.89639608164062,77.66845323412187,79.16516474446797,80.49633932279498,81.81356887222861,83.2684456123844,84.94642865645831,86.66844403949165,88.21487203590843,89.46844341021799,90.32974574008873,90.66844324243513,90.37680506634216,89.46844341021799,88.00248945709923,86.09880720023179,83.89244391951036,81.5184470500492,79.09032359613362,76.63541840046517,74.15953652602798,71.66848459150688,69.16807197678438,66.66411293275083,64.16243023764882,61.66886145972454
54.77397266446985,56.84255037132661,58.85197836410512,60.82194844434038,62.772208395143366,64.72253650829637,66.6927281649309,68.70258856904516,70.77192871148989,72.90074256585805,75.00974376347843,76.99982613710047,78.77188438296446,80.26859652591551,81.59977151011242,82.917001355591,84.37187833358549,86.04986156920403,87.77187708517955,89.3183051634398,90.57187658572471,91.43317894138747,91.77187645255535,91.4802382689081,90.57187658572471,89.10592257504052,87.20224020763058,84.99587672070234,82.62187947466097,80.19375535085727,77.73884896657003,75.26296497681324,72.7719092713684,70.27148993160418,67.76751890508345,65.2658149077619,62.772208395143366
55.876973532471396,57.945715111969136,59.955242590990935,61.92527433386866,63.875573150201674,65.82592606882356,67.79613368405374,69.80600438726435,71.87535116310876,74.00416922835191,76.11317298656292,78.10325686580042,79.87531597948382,81.37202862453414,82.70320393087036,84.02043401132008,85.47531117808734,87.15329456573501,88.8753101872268,90.42173833044626,91.67530979080921,92.53661216694314,92.87530968511263,92.58367149546957,91.67530979080921,90.20935573443532,88.30567327928779,86.099309628693,83.72531208375968,81.29718742826513,78.84228010056972,76.36639443187994,73.87533573344263,71.37491105598284,68.8709305188718,66.36920961370207,63.875573150201674
56.980063584206576,59.04893524833696,61.058541696779656,63.028622384124006,64.9789520491698,66.92932465636207,68.89954493812519,70.90942381581044,72.97877585661851,75.10759726404744,77.21660305460514,79.20668812885202,80.97874793132478,82.4754609748918,83.80663653691028,85.12386680385677,86.57874412045308,88.25672762876637,89.97874333400652,91.52517152878414,92.77874301936964,93.6400454117516,93.97874293547822,93.68710474107628,92.77874301936964,91.31278892673183,89.4091064019469,87.2027426214499,84.82874483928578,82.40061976178777,79.94571168530824,77.46982468404684,74.97876361006456,72.47833469605627,69.97434661033193,67.47261228522703,64.9789520491698
58.36971175148713,60.48752565135665,62.5710699947131,64.63838600664067,66.70605619633828,68.78772474608482,70.89295676187122,73.02685953346419,75.19090635796562,77.37332556448183,79.51735139948083,81.55820057063988,83.43533645761934,85.12585050523852,86.72409873292445,88.3397697341305,90.06190371145783,91.91738294259966,93.75264606800815,95.41659173242053,96.91801146656206,98.22623699153517,98.87036522699287,98.36810575613313,96.91801146656206,94.86426375497777,92.43639899670185,89.81278035907614,87.14400433467796,84.5360009710029,81.97920329721249,79.44855790182764,76.92739608145322,74.40268173009815,71.86305360637539,69.29917687131153,66.70605619633828
56.121412656307726,58.1900844753667,60.1995696039199,62.16957509780188,64.11985736968738,66.07019972905408,68.04040055100691,70.05026687009136,72.11961082222896,74.24842709498736,76.35742976320697,78.3475130015347,80.11957174580517,81.61628417712214,82.94745934633026,84.2646893267576,85.71956641316817,87.39754973610017,89.11956531267586,90.66599342824354,91.91956487239744,92.78086723981723,93.11956475500625,92.82792656791551,91.91956487239744,90.45361083547272,88.54992841767329,86.34356483674796,83.9695674190468,81.54144298988211,79.0865360637762,76.61065110977387,74.11959368539269,71.61917128008271,69.115194791443,66.61348108362442,64.11985736968738
54.31563132777342,56.38389191051911,58.393127361734585,60.362978096141006,62.313162821551416,64.26344292194639,66.23360368915283,68.24344415817839,70.3127714608396,72.44157716449715,74.55057340574112,76.54065286503283,78.312709431109,79.80942060217508,81.14059496282508,82.4578243534832,83.91270096608082,85.59068390742505,87.31269921915852,88.85912717168084,90.11269852026015,90.97400083629805,91.31269833391329,91.02106016187182,90.11269852026015,88.646744598015,86.74306240043396,84.53669923030586,82.16270256281305,79.73457946817334,77.27967490998728,74.80379417004194,72.31274425794695,69.81233524999976,67.30838263239418,64.80671136199653,62.313162821551416
53.174680884981996,55.26524099358555,57.30761290969919,59.321135768830516,61.324545234655744,63.335210021786764,65.36844123937108,67.43711668031688,69.55195369918027,71.70674895962557,73.83281460691228,75.84775096804148,77.67171784101802,79.26583294934002,80.73477644841657,82.21080098496286,83.81220295793423,85.58974453318795,87.37621294334438,88.9902881576129,90.38906650383744,91.52081013297018,92.05059289947752,91.62664562477386,90.38906650383744,88.58435487238668,86.39509179761023,83.97265744485084,81.45204972748404,78.93691675829467,76.43354816308468,73.93186137182303,71.42668800303218,68.91490629020626,66.3943157957059,63.86380646673216,61.324545234655744
51.8063528386643,53.87292611954716,55.88113674718751,57.85035210609426,59.8001362884489,61.75016071849096,63.720156988486934,65.72989129213293,67.79915021420902,69.92791250912217,72.03688235363342,74.02694629165845,75.79899391141797,77.29569990634965,78.62687094606514,79.94409791440336,81.39897258093913,83.0769539550115,84.7989681789744,86.34539546183018,87.59896641786153,88.46026852286151,88.79896594829701,88.50732783806663,87.59896641786153,86.13301296663312,84.22933167354196,82.02297019065628,79.64897660444663,77.22085899100972,74.76596415839708,72.29010072645391,69.79908166865683,67.29872768538901,64.79487310702,62.29337612191404,59.8001362884489
51.16142823499791,53.236400572409565,55.254929702131705,57.23675663249159,59.20147197546801,61.16829670084222,63.155866184068515,65.18208834653294,67.26419027866703,69.40033645262191,71.51416986656288,73.51130685069253,75.29818443760422,76.82304301526939,78.1947984432804,79.55993620897735,81.06011172704882,82.76947915978978,84.51207600711709,86.08032949342473,87.38153098551021,88.33441988943241,88.74012146193775,88.40188539853463,87.38153098551021,85.80611148854206,83.81457969398599,81.54437803083121,79.12832801143843,76.67572178100318,74.20732942339099,71.72430516615219,69.2293484295437,66.72578574744561,64.21722165330958,61.707585112728594,59.20147197546801
39.39282913170875,41.43711310474308,43.43172547723084,45.392487069367235,47.33693285986505,49.28354605268663,51.25134602360012,53.259662216606216,55.32800747717505,57.456189662533376,59.56480670336586,61.554663178607,63.326591213869364,64.82322801832754,66.15435466579129,67.47154925370856,68.92639790602722,70.60435832928108,72.32635801219101,73.8727763430808,75.12634205160188,75.98764133548208,76.32633779603009,76.03470051208049,75.12634205160188,73.66039489683939,71.75672569477699,69.55038676649323,67.17643436972091,64.74839002590976,62.29362519600387,59.817993111501664,57.32738643488062,54.82776777606037,52.325223017318365,49.82605346328678,47.33693285986505
40.382625691316264,42.43203452107471,44.429783422921254,46.392498744486204,48.33817978459439,50.28558291432212,52.25389173244203,54.262536583951004,56.3310936365681,58.459410312459426,60.56810915278869,62.558013731814455,64.3299694955839,65.82662234376522,67.15775928490255,68.47496138124157,69.92981606580796,71.60778134721504,73.32978440196865,74.87620480868424,76.12977173402525,76.99107167208183,77.3297683563732,77.03813088082111,76.12977173402525,74.66382311920566,72.7601511134175,70.55380695508047,68.17984500718691,65.7517836735832,63.29698869913527,60.82130297236675,58.33060068283774,55.83081155218923,53.32796319010029,50.82825433388891,48.33817978459439
41.37520494442788,43.428700042987614,45.428945564235406,47.39321438266632,49.339876977428204,51.28790754463392,53.256620425612326,55.26552621148947,57.33425139502555,59.46267482846537,61.57143859770446,63.561381358413826,65.33335913094024,66.83002471328032,68.16116982462601,69.47837788046468,70.9332373528652,72.61120649021134,74.33321222120858,75.87963427551219,77.13320216664555,77.99450262392297,78.33319948579977,78.0415618581725,77.13320216664555,75.66725239297577,73.76357816186302,71.55722985241195,69.18326032373233,66.75518550514772,64.30036660441993,61.8246383000571,59.33386011714454,56.83393566590931,54.33084627979839,51.83070920890147,49.339876977428204
42.37000403410566,44.42675424039574,46.4289858545836,48.39448946572371,50.3419318379501,52.290460695299316,54.25949440130607,56.26860734004879,58.337465989006645,60.4659741637449,62.574789469995835,64.56476253658877,66.33675777787174,67.83343346747608,69.1645850635924,70.48179784952777,71.93666112205744,73.61463331987719,75.33664117501641,76.88306453701401,78.1366331946983,78.99793406408205,79.33663106690861,79.04499331857909,78.1366331946983,76.67068250124723,74.76700650388943,72.56065489968555,70.1866793540968,67.75859383236634,65.30375594099684,62.827993841704426,60.337155418791326,57.83712355281966,55.33384283185927,52.83336577942387,50.3419318379501
43.36657212062981,45.4259134000785,47.4297242366807,49.39620902790203,51.344270762177175,53.29319529720564,55.26248371791911,57.27176110495415,59.34072569797766,61.46930113682828,63.578157349860945,65.56815447091815,67.34016357741092,68.83684728925438,70.1680040323819,71.48522057262184,72.94008686133026,74.61806148825758,76.34007102933317,77.88649542924979,79.14006469534667,80.00136589181963,80.34006300651822,80.04842516238722,79.14006469534667,77.67411327186383,75.77043587263404,73.564081653376,71.19010133214101,68.76200731524918,66.30715435078267,63.83136542776239,61.34047919019845,58.840362062342635,56.336929457415096,53.836182493818455,51.344270762177175
44.36454876535416,46.42595131972283,48.43101739179063,50.39828165563975,52.34683526309382,54.296073964025666,56.265564599651526,58.274972528887446,60.344021217641256,62.47265004713985,64.5815387290585,66.5715549425778,68.3435750540515,69.8402651332122,71.17142596155372,72.48864548160259,73.94351416426264,75.62149071917898,77.34350159838554,78.88992682210002,80.14349657109466,81.0047980271788,81.3434952306703,81.0518573105015,80.14349657109466,78.67754456818476,76.77386605628695,74.56750976145452,72.1935256497726,69.76542489022329,67.3105599620965,64.83474974864443,62.343825559224584,59.84364075471295,57.34008758591918,54.83912635106955,52.34683526309382
45.36364623347158,47.42668781755057,49.43275131050703,51.4006346896954,53.349578876955135,55.2990670048448,57.2687181686217,59.27822972156092,61.34734516209828,63.476016369726864,65.58493082294301,67.57496219042488,69.34699103665636,70.84368616959904,72.17485024039507,73.49207212552952,74.94694270827591,76.6249207934413,78.34693273472465,79.89335861228855,81.14692874455972,82.00823040669741,82.34692768066392,82.0552897001439,81.14692874455972,79.68097628175786,77.7772968867339,75.57093894451415,73.1969518243437,70.76884571311626,68.31397128934083,65.83814417739416,63.34718986472063,60.84695134253187,58.34330247363991,55.84217114472624,53.349578876955135
46.46363510131564,48.5279794754484,50.534835341072146,52.50321039462136,54.45246469861985,56.40215084302136,58.371929437023184,60.381523243893554,62.4506916684804,64.57939651287816,66.68833142124384,68.67837481660092,70.4504105956764,71.947109739833,73.27827638417827,74.5955001464884,76.0503722373379,77.72835153706484,79.45036432132,80.99679071784495,82.25036115432303,83.1116629800056,83.4503603099082,83.15872228148737,82.25036115432303,80.78440832650452,78.88072823054225,76.67436898078859,74.30037947277359,71.87226911389916,69.41738715336874,66.94154662890936,64.45056840686081,61.95028724723517,59.446562415773286,56.94529606618845,54.45246469861985
47.46433261165636,49.52971220477531,51.53719743062488,53.50596290428197,55.455463419535675,57.40530675886302,59.37518650623966,61.38484560297708,63.45405608299991,65.58278762569086,67.69173876960744,69.68179171160071,71.45383299331726,72.95053532119196,74.28170400817169,75.59892926040104,77.05380254823501,78.73178281196132,80.45379626528427,82.0002230737091,83.2537937516365,84.11509570712481,84.45379308142392,84.16215501498415,83.2537937516365,81.78784063410393,79.88415998180622,77.67779969426101,75.30380829100908,72.87569456076417,70.4208066182735,67.94495544818955,65.4539582489218,62.95364324687648,60.44985812051121,57.94848459428593,55.455463419535675
48.46559329042128,50.53179529065822,52.53978032609801,54.508855788545986,56.45855176682261,58.40851989019197,60.378479930577285,62.388190850990185,64.45743471167452,66.58618744530102,68.69515147556436,70.68521199479413,72.45725764398446,73.9539624987876,75.28513280701188,76.60235924179332,78.05723347967589,79.73521450852982,81.45722849289258,83.00365562824277,84.25722649780865,85.11852855632387,85.45722596586049,85.16558786924512,84.25722649780865,82.7912731503298,80.88759205646812,78.68123094522653,76.30723803772182,73.87912163161155,71.4242289412146,68.94836932162588,66.45735705991783,63.95701519645614,61.453182211870185,58.95172361277099,56.45855176682261
49.46730140967357,51.53415662999804,53.54253854491324,55.511860116310174,57.46171126206082,59.41177843814998,61.38180221187761,63.39155426670543,65.46082462241947,67.589594175609,69.69856843388682,71.68863496721494,73.46068408288707,74.95739094332077,76.28856253833055,77.60578991170573,79.06066490364327,80.7386465397799,82.46066094562948,84.00708834046054,85.26065936213007,86.12196150241779,86.46065893992251,86.16902081935666,85.26065936213007,83.79470583214268,81.89102438781129,79.684662622801,77.3106685213687,74.88254999141836,72.42765353259227,69.95178720658501,67.460762989677,64.96039980587288,62.45652883485374,59.95500270913723,57.46171126206082
50.46936494870161,52.536738929763146,54.54543596180534,56.514952914549355,58.46492723468211,60.41507303625062,62.38514739815133,64.39493210260588,66.464223487931,68.59300639100951,70.7019887673398,72.69206007408732,74.46411194111762,75.96082039342522,77.2919930097591,78.60922112809757,80.06409671852951,81.74207883666705,83.4640935770511,85.01052117783237,86.26409232022664,87.12539452541728,87.46409198512026,87.17245384554495,86.26409232022664,84.7981386453821,82.89445692288263,80.68809463897549,78.31409958992134,75.88597937427531,73.43107992443657,70.95520827551485,68.46417456967441,65.96379446363736,63.45989334192316,60.95831361762839,58.46492723468211
51.571710764974426,53.639496675598465,55.64844388791862,57.618115943010835,59.56818803797917,61.51839624922091,63.48851076486224,65.49832138411124,67.56762946095976,69.69642295997375,71.8054117796519,73.79548687508148,75.5675409258724,77.06425064165359,78.39542406861409,79.71265277823092,81.16752884368853,82.84551134439063,84.56752635029494,86.11395411453901,87.36752535275261,88.22882760945672,88.56752508677846,88.27588693211536,87.36752535275261,85.90157156293486,83.99788961965317,81.79152692389714,79.4175311227145,76.98940956912922,74.53450774531686,72.05863187157834,69.56759063431437,67.06719709692466,64.5632720440568,62.061649776862325,59.56818803797917
52.574280738576974,54.64239371698142,56.65153954267329,58.621334720268436,60.57148442627195,62.52174217499531,64.49188856186676,66.50171975018596,68.57104107530066,70.69984298439078,72.80883691818613,74.79891502070504,76.57097080475181,78.0676815233542,79.39885559371018,80.71608477262532,82.17096121511128,83.84894401945522,85.57095923610318,87.11738713008779,88.37095844435323,89.23226074194362,89.57095823324943,89.27932006661106,88.37095844435323,86.90500456328118,85.00132244476448,82.79495942212367,80.42096302397589,77.99284040846644,75.53793670042663,73.06205747343827,70.5710102584462,68.07060606047924,65.56666201310753,63.06500597853281,60.57148442627195
53.67702869766609,55.74540134498686,57.75470483867018,59.7245977498053,61.674809060199536,63.62510612866954,65.5952778124997,67.60512532680575,69.67445716719931,71.80326575141954,73.9122637443104,75.90234423356434,77.6744013932996,79.17111290784264,80.50228748886238,81.81951704026011,83.2743937819938,84.9523768273385,86.67439221125383,88.22082020821361,89.47439158284143,90.33569391288331,90.67439141528826,90.38275323914516,89.47439158284143,88.00843762934079,86.10475537173996,83.89839208965044,81.5243952176909,79.09627175933099,76.64136655577671,74.16548466730562,71.67443270776661,69.1740200484274,66.67006092489721,64.16837808846829,61.674809060199536
54.779917969119936,56.84849676309163,58.85792541587193,60.82789590519093,62.7781561138395,64.72848439156061,66.69867615407051,68.70853662651308,70.77787681296653,72.90669069527142,75.01569190987982,77.00577429349075,78.77783254511223,80.27454469139442,81.60571967772856,82.92294952476604,84.37782650401292,86.0558097406401,87.77782525731565,89.32425333600688,90.57782475854438,91.43912711434298,91.77782462555729,91.48618644187027,90.57782475854438,89.11187074755709,87.20818837956509,85.001824891551,82.62782764352666,80.19970351619546,77.74479712564926,75.26891312475368,72.77785739945209,70.27743802427534,67.77346693465748,65.27176282516272,62.7781561138395
55.88291942875253,57.95166187123314,59.96118987415147,61.93122194173985,63.88152096273333,65.83187401197637,67.80208171124127,69.81195246868467,71.88129927945906,74.01011736687568,76.11912113857015,78.10920502573582,79.88126414398894,81.37797679168321,82.70915209971577,84.0263821814028,85.48125934916402,87.15924273761226,88.88125835965968,90.4276865032212,91.68125796378465,92.54256034002638,92.88125785823274,92.5896196685581,91.68125796378465,90.2153039071702,88.31162145156065,86.10525780010406,83.73126025359682,81.3031355953025,78.84822826263934,76.37234258510873,73.88128387091103,71.38085916534416,68.87687857815254,66.37515758394962,63.88152096273333
56.98600995014938,59.054882299317455,61.06448916361033,63.034570108690716,64.98489993618084,66.93527264704935,68.90549299551171,70.91537191624192,72.98472398477406,75.11354540980216,77.2225512110617,79.2126362916012,80.98469609770095,82.48140914336648,83.81258470673131,85.12981497465987,86.58469229204512,88.2626758009938,89.98469150667495,91.53111970172407,92.78469119246871,93.6459935849362,93.98469110869212,93.69305291426512,92.78469119246871,91.31873709963995,89.41505457448832,87.20869079330731,84.83469300989395,82.40656793017378,79.95165984975134,77.47577284147296,74.98471175498162,72.48428281866468,69.98029469319106,67.4785602974197,64.98489993618084
58.37905765251047,60.49681471208177,62.580273858772614,64.64747976602455,66.71502019750751,68.7965475839522,70.90163878705891,73.03541598888756,75.19936931708118,77.38173650094086,79.52572868925085,81.56652955933939,83.44356723621883,85.13390625433087,86.73192571387023,88.34735716869396,90.06929015323979,91.92464256660355,93.75982744357356,95.42369403631987,96.92495385362257,98.2329130874289,98.87687446816065,98.37472879756876,96.92495385362257,94.87160077317034,92.4441359042608,89.8208719135534,87.15236776835923,84.54453959687966,81.98784441998271,79.45725510616785,76.93612440950476,74.41143531709785,71.87184451293889,69.3080335833393,66.71502019750751
56.131572279441244,58.20024573537272,60.209731857658085,62.179737967464135,64.13002062756152,66.08036323469962,68.05056421605602,70.0604306380137,72.12977465640944,74.25859097122844,76.36759366502463,78.35767691839129,80.12973567133004,81.62644810766226,82.95762328008809,84.27485326286248,85.72973035115858,87.40771367560913,89.12972925323879,90.6761573694553,91.92972881398956,92.79103118161382,93.1297286968728,92.83809050972215,91.92972881398956,90.46377477660846,88.56009235793266,86.35372877537257,83.97973135468588,81.55160692021039,79.09669998468117,76.62081501390871,74.12975755963183,71.62933510100598,69.12535851736908,66.62364464066529,64.13002062756152
54.325788415283455,56.3940515953511,58.40328862361959,60.37314033558846,62.32332567718424,64.27360617086629,66.24376719109969,68.25360782342204,70.32293523125975,72.45174100168367,74.56073728352771,76.55081676669215,78.32287334652833,79.8195845255556,81.15075889131339,82.4679882856972,83.92286490128791,85.6008478450427,87.32286315844922,88.86929111200152,90.12286246118458,90.98416477754705,91.32286227527332,91.03122410313681,90.12286246118458,88.65690853821502,86.7532263392428,84.54686316651961,82.17286649428765,79.74474339121754,77.28983881807297,74.8139580515068,72.32290809195567,69.82249899937568,67.31854623097448,64.81687469249758,62.32332567718424
53.18448816684162,55.27502109351528,57.317351620576204,59.33081980830109,61.334163069432066,63.34475355539199,65.37790817637209,67.44651312047299,69.56129624811308,71.71606098772227,73.8421066868469,75.85701412100534,77.6809210966259,79.27492571712375,80.74371710471337,82.21957219036892,83.82082320172273,85.59826506913163,87.38467013667061,88.99867987129555,90.3973210570453,91.52882112862726,92.05844071594743,91.63460566188867,90.3973210570453,88.59293668255222,86.40397001048422,83.98177321642174,81.46133354441307,78.94630301538301,76.44299236866121,73.94133668856489,71.43618040791188,68.92441247123361,66.4038421814836,63.8733680523564,61.334163069432066
51.81649952501346,53.88307933987528,55.89129393732024,57.86051175791596,59.81029749231273,61.76032291311229,63.73031982058809,65.74005453567203,67.80931372275852,69.9380761859053,72.04704613271979,74.03711013089932,75.80915778533148,77.305863800324,78.63703485291023,79.95426183063651,81.40913650471452,83.08711788486107,84.8091321130398,86.35555939849098,87.60913035604372,88.47043246186158,88.80912988757683,88.51749177710688,87.60913035604372,86.14317690298981,84.23949560639315,82.03313411696833,79.65914051881668,77.23102288413659,74.77612801383118,72.30026451480873,69.80924533743266,67.3088911409132,64.80503618259355,62.30353852206679,59.81029749231273
51.17149808249836,53.24646288480987,55.26498043649829,57.246791876552365,59.211488155125366,61.17829107437295,63.165837609999826,65.19203821965944,67.27412338821667,69.41025995533084,71.52408704553979,73.5212147959852,75.30807302021232,76.83289499618225,78.20459806601,79.56967464409594,81.06979292377804,82.77912104837425,84.52169227158579,86.08991871677127,87.391061664992,88.34383978247713,88.74946176974127,88.41128092376955,87.391061664992,85.81577767929718,83.8243571309472,81.55423772890916,79.13824256051936,76.6856685058599,74.21729394562944,71.73427912616296,69.23932753901485,66.73576899074364,64.22721093129299,61.7175848247867,59.211488155125366
39.39422484347733,41.43851690128618,43.433134226541426,45.39389890553909,47.33834664842706,49.28496109008458,51.25276186557062,53.26107857829081,55.32942417379137,57.45760657184387,59.56622374204389,61.556080293363266,63.32800837247987,64.82464520231224,66.15577186605614,67.47296646584854,68.92781512770766,70.60577555864506,72.32777524688784,73.87419358106072,75.1277592915063,75.98905857642112,76.32775503732299,76.03611775307036,75.1277592915063,73.6618121344346,71.75814292793788,69.5518039913824,67.17785157950425,64.74980720882252,62.29504233124118,59.81941016190116,57.32880333406638,54.82918440564973,52.326639166793754,49.827468760000066,47.33834664842706
40.38402579177193,42.43344107122405,44.431193916672925,46.393911693248256,48.339594284971525,50.28699840671892,52.255307863764386,54.26395312790808,56.33251044641614,58.460827291144696,60.569526234161174,62.559430873573234,64.33138667215091,65.82803954047219,67.1591764945313,68.47637860029567,69.93123329243443,71.60919857993997,73.33120163892629,74.87762204824764,76.13118897511615,76.99248891399392,77.33118559856615,77.03954812277354,76.13118897511615,74.66524035846376,72.76156834915608,70.55522418425372,68.18126222437056,65.75320086943935,63.298405857150414,60.82272006304311,58.332017653486204,55.83222830882892,53.329379565578265,50.82967003222903,48.339594284971525
41.37660854788221,43.43010878637733,45.430357445629156,47.39462821574081,49.3412920432838,51.289323398371906,53.25803678667758,55.26694290014974,57.335668294758534,59.46409186221828,61.57285571296538,63.56279852160526,65.33477632175968,66.83144192008511,68.16258704168695,69.47979510500662,70.93465458341737,72.61262372560388,74.33462945996062,75.88105151633246,77.13461940867816,77.99591986660738,78.33461672870709,78.04297910088893,77.13461940867816,75.66866963355369,73.76499539964749,71.55864708498547,69.18467754678969,66.75660271127722,64.3017837805144,61.82605542270285,59.33527714451813,56.835352523405135,54.332262834706086,51.832125226175336,49.3412920432838
42.371410430394214,44.42816472943633,46.43039883929467,48.39590400146578,50.34334735294817,52.29187683596531,54.26091094477147,56.2700241435811,58.33888296008949,60.46739124120808,62.57620661215519,64.56617971679178,66.33817498000353,67.83485068229564,69.16600228655236,70.48321507842545,71.93807835572544,73.616050557387,75.33805841519268,76.88448177883186,78.13805043747837,78.99935130737943,79.33804831038293,79.04641056190192,78.13805043747837,76.67209974287272,74.76842374329772,72.56207213495793,70.18809658181611,67.76001104664991,65.30517313144122,62.82941098972532,60.3385724911909,57.838540490375266,55.335259529212806,52.8347820499379,50.34334735294817
43.36798074151625,45.42732527772572,47.431138098323515,49.39762412184911,51.3456866338629,53.29461166568936,55.26390040618905,57.273177999673706,59.34214272569605,61.47071824898623,63.579574513370304,65.56957166462352,67.34158078852147,68.83826451043532,70.16942126002391,71.48663780497668,72.94150409747132,74.6194787274479,76.34148827063984,77.8879126718594,79.14148193871998,80.00278313560358,80.3414802504426,80.04984240619132,79.14148193871998,77.67553051432074,75.77185311333119,73.56549889079045,71.19151856356058,68.7634245360047,66.30857155261678,63.832782595924215,61.34189629833722,58.84177906344817,56.33834626784835,53.83759896539385,51.3456866338629
44.365959156920965,46.42736430145561,48.432431950229855,50.39969719294811,52.348251418010705,54.29749051338061,56.26698140287397,58.27638949599073,60.34543829031452,62.474067186836265,64.58295590951383,66.5729721470002,68.34499227228858,69.84168235944222,71.17284319291193,72.49006271670137,73.94493140236656,75.6229079597031,77.34491884058943,78.89134406533805,80.14491381493886,81.00621527134888,81.34491247495183,81.05327455468759,80.14491381493886,78.6789618113016,76.77528329800703,74.56892700056913,72.19494288412906,69.76684211611564,67.31197717297078,64.83616693279251,62.34524269573086,59.84505780626215,57.34150448611672,54.840542982268076,52.348251418010705
45.3650580336003,47.42810167682659,49.43416642248299,51.402050579097676,53.35099525675338,55.3004836977902,57.27013506309527,59.27964674612046,61.34876227045427,63.47743353128135,65.58634801684866,67.57637940335351,69.3484082605498,70.84510339983652,72.17626747470285,73.49348936280617,74.94835994793775,76.62633803502409,78.34834997764065,79.89477585602535,81.14834598877763,82.00964765117398,82.34834492522896,82.05670694463319,81.14834598877763,79.68239352539851,77.7787141292659,75.57235618497822,73.1983690610312,70.77026294308575,68.31538850739037,65.8395613742308,63.348607023743,60.8483684341208,58.34471944509151,55.84358790264335,53.35099525675338
46.465048021425005,48.52939403200723,50.536250892698995,52.504626563605456,54.453881256957416,56.40356764995535,58.37334640393121,60.38294031405948,62.4521088051591,64.58081369178187,66.68974862582522,68.67979203628101,70.45182782405934,71.94852697325126,73.27969362082709,74.59691738549367,76.05178947823629,77.72976877948787,79.4517815648012,80.99820796197761,82.25177839883756,83.11308022472545,83.45177755469828,83.1601395262173,82.25177839883756,80.78582557056083,78.88214547371871,76.67578622232367,74.30179671131123,71.8736863471047,69.41880437711332,66.9429638358171,64.45198558375475,61.951704370605256,59.44797944378436,56.94671292469829,54.453881256957416
47.465746421960624,49.53112731525764,51.53861333139736,53.50737929524891,55.45688011961205,57.40672365628282,59.37660353064422,61.3862627093429,63.455473242159144,65.58420481836495,67.69315598266226,69.68320893663949,71.45525022526355,72.95195255713477,74.28312124667863,75.6003465007783,77.05521979011482,78.73320005505124,80.45521350921408,82.001640318156,83.25521099638647,84.11651295203771,84.45521032639257,84.16357225990507,83.25521099638647,81.78925787849022,79.88557722549413,77.67921693664618,75.30522553101517,72.87711179653814,70.42222384653829,67.9463726630908,65.45537544000071,62.9550603954723,60.451275193416805,57.94990153264645,55.45688011961205
48.46700780807257,50.533210841098835,52.54119650411019,54.510272355750374,56.459968579417335,58.409936859438645,60.37989700062019,62.3896079860892,64.45885188867707,66.5876046489049,68.69656869534461,70.68662922408612,72.45867487875898,73.95537973673419,75.28655004699363,76.60377648325951,78.0586507223347,79.7366317521491,81.45864573717847,83.00507287293904,84.25864374274548,85.11994580139003,85.4586432109709,85.16700511431762,84.25864374274548,82.792690394978,80.88900930056201,78.68264818828642,76.30865527889344,73.88053886942413,71.42564617306711,68.94978654287165,66.45877426225559,63.95843236507429,61.454599320410594,58.95314061451545,56.459968579417335
49.4687164892506,51.535572529828535,53.54395494304802,55.51327682342554,57.46312816397415,59.413195464410876,61.38321931814582,63.39297142461085,65.4622418135846,67.59101138788796,69.69998565900508,71.69005219988276,73.46210131990637,74.95880818285775,76.28997977948282,77.60720715403622,79.06208214692032,80.7400637838193,82.46207819019796,84.00850558535475,85.26207660721522,86.12337874760559,86.4620761851454,86.17043806454951,85.26207660721522,83.79612307699874,81.89244163222739,79.68607986639641,77.31208576346538,74.88396723084898,72.42907076729236,69.9532044328665,67.462180200951,64.96181699038317,62.45794597167881,59.95641976119359,57.46312816397415
50.47078047459729,52.53815510702739,54.546852534700264,56.51636973273182,58.466344207495666,60.41649010776703,62.38656453317287,64.39634927861326,66.46564069033718,68.59442361017395,70.7034059966949,72.69347730943451,74.4655291799186,75.96223763422451,77.29341025184047,78.61063837111409,80.06551396229732,81.74349608103992,83.46551082184389,85.0119384228837,86.2655095654295,87.12681177070164,87.46550923043247,87.1738710908333,86.2655095654295,84.79955589040313,82.89587416755447,80.68951188299596,78.31551683275225,75.88739661499017,73.43249716139681,70.9566255057932,68.46559178804122,65.96521166076151,63.46131050119858,60.95973070961989,58.466344207495666
51.573126645313934,53.64091307313943,55.649860599551445,57.619532849359686,59.56960506707132,61.519813356658645,63.48992792270613,65.49973857448649,67.56904667228808,69.69784018460325,71.80682901236979,73.79690411255531,75.56895816608751,77.06566788345472,78.39684131143284,79.71407002179188,81.1689460878458,82.84692858902814,84.56894359526575,86.11537135971506,87.36894259804892,88.23024485481767,88.56894233216155,88.27730417747946,87.36894259804892,85.90298880808686,83.99930686452798,81.79294416825498,79.41894836612818,76.99082681086337,74.53592498407096,72.06004910502901,69.56900785831083,67.06861430406057,64.56468922115157,62.06306690055193,59.56960506707132
52.57569690036509,54.6438102894049,56.652956364441835,58.62275169660282,60.572901500035655,62.52315931094515,64.49330573782531,66.50313695196519,68.57245829371055,70.70126021335794,72.81025415357306,74.8003322598668,76.57238804608934,78.06909876595056,79.40027283711419,80.71750201661845,82.17237845957769,83.8503612643028,85.57237648121529,87.11880437536279,88.37237568972368,89.23367798736541,89.57237547868877,89.28073731203537,88.37237568972368,86.90642180853708,85.0027396898004,82.79637666674927,80.4223802678521,77.99425765100962,75.53935394060449,73.06347470940685,70.57242748691088,68.07202327556158,65.56807920434586,63.066423127382265,60.572901500035655
53.678445082919794,55.74681805624543,57.75612174786566,59.72601478169217,61.67622616942107,63.626523287250265,65.59669500283619,67.60654253763646,69.67587439122995,71.80468298382951,73.91368098181576,75.9037614740658,77.67581863552795,79.17253015107016,80.50370473273092,81.82093428459625,83.27581102670557,84.95379407235279,86.6758094564781,88.22223745356716,89.47580882827077,90.33711115835334,90.67580866077222,90.38417048461719,89.47580882827077,88.00985487467918,86.10617261690376,83.89980933448857,81.52581246193424,79.09768900251632,76.6427837970847,74.16690190527264,71.67584993977778,69.17543726981692,66.67147812736148,64.16979525728776,61.67622616942107
54.7813345317886,56.84991358456307,58.85934239446591,60.82931298117293,62.77957325120519,64.729901568104,66.70009335581899,68.70995384452804,70.77929404145837,72.90810793041399,75.01710914906661,77.00719153505554,78.77924978804768,80.2759619351229,81.6071369219658,82.92436676937442,84.37924374891944,86.05722698578673,87.77924250262896,89.32567058142276,90.57924200402041,91.44054435985134,91.77924187107672,91.48760368738024,90.57924200402041,89.11328799296098,87.2096056248304,85.00324213655779,82.62924488806138,80.20112075989044,77.74621436785418,75.27033036430689,72.7792746342781,70.27885525067093,67.77488414603192,65.2731800098328,62.77957325120519
55.88433613226715,57.9530787801928,59.96260690783191,61.93263905272212,63.88293812243782,65.83329120277706,67.80349892204757,69.81336969240182,71.88271651149176,74.01153460418709,76.12053837909147,78.11062226814457,79.88268138748559,81.37939403580928,82.71056934424564,84.02779942622723,85.4826765942251,87.16065998286393,88.88267560504362,90.42910374868657,91.68267520929776,92.54397758556516,92.88267510378029,92.59103691409814,91.68267520929776,90.21672115262602,88.3130386969065,86.10667504524473,83.73267749836279,81.30455283940196,78.84964550555615,76.37375982592087,73.8827011079712,71.38227639571306,68.87829579659905,66.37657478120057,63.88293812243782
56.98742676547349,59.056299277724236,61.06590624101598,63.035987247453974,64.9863171136162,66.93668984916624,68.9069102135073,70.91678914448494,72.9861412196172,75.11496264883499,77.22396845264225,79.2140535346798,80.986113341643,82.4828263878081,83.81400195149348,85.1312322196558,86.58610953722888,88.26409304632882,89.98610875211497,91.5325369472287,92.78610843801125,93.6474108304991,93.98610835426199,93.69447015982902,92.78610843801125,91.32015434513703,89.4164718198981,87.21010803855424,84.8361102548435,82.40798517459432,79.95307709323322,77.47719008328433,74.98612899381504,72.48570005218723,69.98171191725075,67.47997750465628,64.9863171136162
58.376878154706915,60.49467822732639,62.57820184558011,64.64549107369083,66.71312969935533,68.79476391156129,70.89996167593632,73.03383390452817,75.1978579878598,77.38026454103075,79.52428219228779,81.56511961546549,83.44223161569292,85.13270309348583,86.73089568325217,88.34650842757789,90.0685935260081,91.92404191755443,93.75928601481792,95.42321245115963,96.92459329870118,98.23275407268495,98.87684173751109,98.37460993699374,96.92459329870118,94.87094155059975,92.44317404119738,89.81964165562957,87.15093175734097,84.54297100534568,81.98619826229182,79.45556650804394,76.93441225817864,74.40970405082209,71.87008500477717,69.30622427649668,66.71312969935533
56.1287749442853,58.1974479499048,60.20693379880946,62.1769397391717,64.12722229247007,66.07756483144503,68.04776576894872,70.05763216260546,72.12697616277327,74.25579246602119,76.36479515278113,78.35487840201051,80.12693715256458,81.62364958751706,82.9548247590577,84.2720547411864,85.7269318289638,87.40491515299658,89.12693073033628,90.6733588463743,91.92693029080391,92.78823265837192,93.12693017361167,92.8352919864775,91.92693029080391,90.46097625354835,88.55729383511365,86.3509302530033,83.97693283313797,81.54880840012346,79.09390146718665,76.61801650102775,74.1269590549753,71.62653661101689,69.12256005351422,66.62084622327158,64.12722229247007
54.3229917776907,56.391254243221596,58.40049083763476,60.37034228067128,62.32052745275138,64.2708078382382,66.24096878886263,68.25080937626123,70.32013675516437,72.44894250722052,74.55793877789529,76.5480182544922,78.32007483054295,79.81678600738005,81.14796037173265,82.46518976509152,83.92006637985881,85.59804932295046,87.32006463589671,88.86649258916566,90.12006393818262,90.98136625445579,91.32006375215153,91.02842558004116,90.12006393818262,88.65411001541234,86.75042781682285,84.5440646448136,82.17006797388538,79.74194487313451,77.2870403041051,74.81115954486245,72.32010959836674,69.81970052906965,67.31574780215308,64.8140763374261,62.32052745275138
53.181959531036924,55.27251302668205,57.314874873516175,59.32838443209991,61.33177779171035,63.34242450314471,65.37563708685337,67.44429537804926,69.55911928695025,71.71390712273441,73.83996791734631,75.85489724160743,77.67884954387301,79.2729377751781,80.74184427280667,82.21782759121228,83.81919284449776,85.59671016748891,87.38316317083388,88.99722245868128,90.39596744435596,91.52765183671283,92.05739491705009,91.63347493496813,90.39596744435596,88.5913354105655,86.40214443278668,83.97976786649525,81.4592010278291,78.94409297881211,76.440738480676,73.93905925785683,71.43389004613078,68.92211168466434,66.40152610544104,63.871025339692764,61.33177779171035
51.81370574883721,53.880283766164936,55.88849727149545,57.85771441486776,59.80749972228982,61.75752487052699,63.72752160262891,65.73725620452423,67.80651531870504,69.93527773556991,72.04424765424028,74.034311635871,75.80635928076455,77.30306529023824,78.63423633928366,79.95146331442726,81.40633798643034,83.08431936490587,84.8063335919248,86.35276087666196,87.60633183379616,88.46763393938902,88.80633136502729,88.5146932546233,87.60633183379616,86.14037838124445,84.23669708561218,82.0303355979863,79.65634200311996,77.22822437428398,74.77332951434802,72.29746603377941,69.80644688930012,67.30609275144724,64.8022378976539,62.30074042293877,59.80749972228982
51.16877076097248,53.24374126511957,55.26226757794966,57.24409073958532,59.208801444288994,61.17562086436202,63.16318476459533,65.18940168343103,67.27149953713167,69.40764337383058,71.52147524926784,73.5186099869332,75.3054828631065,76.83033253600587,78.20207522597998,79.56719810570706,81.06735969873499,82.77671756861038,84.51930818215101,86.08755508997552,87.3887423397913,88.34160429251979,88.74728650451732,88.40906387369574,87.3887423397913,85.81335580957472,83.82185107922365,81.55166942905929,79.13563275431527,76.68303435195354,74.21464632430123,71.73162436320199,69.2366688794204,66.73310720305362,64.22454457711586,61.71491057507855,59.208801444288994
39.39404389644454,41.43833490625035,43.432951589495275,45.39371586835399,47.33816335816064,49.28477763793609,51.252578309128324,53.260894954479895,55.329240506564474,57.45742287704621,59.56604003047681,61.555896571934454,63.32782464536638,64.82446147190959,66.15558813354313,67.47278273179622,68.92763139241865,70.60559182236007,72.32759150991156,73.87400984365885,75.12757555385497,75.9888748386357,76.3275712994917,76.03593401527833,75.12757555385497,73.66162839708261,71.75795919116071,69.55162025567743,67.17766784575741,64.74962347855882,62.294858607157465,59.81922644881466,57.32861964058117,54.829000747111294,52.32645557049072,49.82728527423746,47.33816335816064
40.38384427584769,42.43325871924759,44.43101105350099,46.39372851184207,48.33941090243508,50.28681489559058,52.25512426981447,54.26376948046985,56.332326764511436,58.46064358735424,60.569342517059766,62.559247148644204,64.3312029427098,65.8278558084204,67.1589927608045,68.47619486534711,69.93104955650426,71.60901484321928,73.33101790165694,74.87743831064054,76.13100523731104,76.99230517608237,77.33100186061819,77.03936438485675,76.13100523731104,74.6650566208962,72.76138461204475,70.55504044799342,68.18107848966443,65.75301713749785,63.298222130114084,60.82253634473568,58.33183395073755,55.832044633821425,53.32919593997934,50.82948649440502,48.33941090243508
41.37642657787582,43.42992615009868,45.43017440258211,47.39444491970439,49.34110858744645,51.289139840404225,53.257853162946944,55.26675923395416,57.33548460120238,59.463908151289615,61.57267199147114,63.56261479389798,65.33459259047106,66.83125818672437,68.16240330699674,69.47961136934669,70.93447084697837,72.61243998853743,74.33444572245868,75.88086777856245,77.13443567075097,77.9957361285957,78.33443299066651,78.04279536287311,77.13443567075097,75.66848589581508,73.76481166227097,71.55846334828442,69.18449381132218,66.75641897800402,64.30160005113453,61.82587170025134,59.33509343441639,56.835168835324026,54.33207918584836,51.83194164700911,49.34110858744645
42.37122809836218,44.427981866875086,46.43021565322853,48.39572061434511,50.34316383889012,52.29169324080422,54.26072729739697,56.2698404624951,58.33869925728452,60.4672075246134,62.57602288717422,64.56599598687934,66.33799124724854,67.83466694789598,69.16581855109746,70.48303134220089,71.93789461888252,73.61586682004611,75.33787467750611,76.88429804093248,78.13786669945429,78.99916756928829,79.33786457226887,79.04622682380747,78.13786669945429,76.67191600499828,74.76824000571072,72.56188839790704,70.18791284574431,67.75982731231973,65.30498940020122,62.82922726398452,60.338388775252625,57.8383567919163,55.335075861890346,52.834598437945075,50.34316383889012
43.367798121117275,45.427142235164325,47.4309547985839,49.39744066237034,51.345503073568736,53.294428040997076,55.263716740044075,57.27299430676743,59.341959015549634,61.470534527894216,63.5793907856218,65.56938793296084,67.3413970546026,68.83808077521107,70.1692375239621,71.48645406830397,72.94132036030786,74.61929498988914,76.34130453280676,77.8877289338574,79.141298200619,80.00259939744939,80.34129651227019,80.04965866803448,79.141298200619,77.67534677633856,75.77166937557709,73.56531515346188,71.19133482700914,68.7632408008356,66.30838781990036,63.83259886757263,61.3417125777662,58.84159535675147,56.33816258586779,53.83741532733819,51.345503073568736
44.3657763069949,46.42718111577554,48.43224856016704,50.39951367599805,52.34806782100232,54.29730686524266,56.26679772182811,58.27620579370162,60.34525457434076,62.47388346217453,64.58277217956866,66.5727884139483,68.34480853744591,69.84149862356344,71.17265945636842,72.48987897967297,73.94474766494865,75.62272422197142,77.34473510264004,78.8911603272546,80.14473007677685,81.00603153314461,81.34472873673312,81.05309081648127,80.14473007677685,78.67877807323384,76.77509956012034,74.56874326302017,72.19475914719692,69.76665838028066,67.31179343908252,64.83598320236868,62.34505897148266,59.84487409302662,57.341320792500355,54.84035932352106,52.34806782100232
45.36487500108734,47.42791837739376,49.43398296066721,51.40186701650697,53.35081163059445,55.30030003103917,57.26995137022088,59.279463036383504,61.34857854985509,63.47724980378622,65.58616428516001,67.57619566919898,69.34822452497393,70.8449196634383,72.17608373777699,73.49330562549545,74.94817621031788,76.62615429715521,78.34816623959895,79.89459211787727,81.14816225056717,82.00946391292999,82.34816118697351,82.05652320638755,81.14816225056717,79.68220978726286,77.77853039127399,75.57217244725435,73.19818532379688,70.77007920672227,68.315204772572,65.83937764216219,63.34842329657613,60.848184715695055,58.34453574223873,55.84340422747026,53.35081163059445
46.464864843732954,48.529210642188154,50.536067373892884,52.50444296477359,54.45369760765509,56.403383968428386,58.37316270166741,60.38275659841074,62.45192508088854,64.58062996203785,66.68956489275268,68.6796083012513,70.45164408790151,71.9483432364407,73.27950988359777,74.59673364795889,76.05160574045613,77.72958504151006,79.45159782668624,80.9980242237782,82.25159466058867,83.11289648644994,83.45159381641365,83.15995578794048,82.25159466058867,80.78564183237133,78.88196173564324,76.67560248446094,74.30161297383707,71.87350261032174,69.41862064155674,66.94278010244302,64.45180185427124,61.951520648059855,59.4477957336,56.94652923648573,54.45369760765509
47.46556312887583,49.53094385363548,51.53842976733279,53.50719566764222,55.45669645193665,57.40653996302652,59.37641982092735,61.3860789890017,63.455289514974524,65.58402108683592,67.69297224849134,69.68302520091515,71.45506648864381,72.95176881999697,74.28293750920845,75.60016276306567,77.05503605220744,78.733016316987,80.45502977104096,82.00145657991585,83.25502725810705,84.11632921373717,84.45502658808479,84.1633885216035,83.25502725810705,81.78907414025794,79.88539348735239,77.67903319867328,75.30504179335067,72.87692805942226,70.42204011039578,67.94618892868054,65.45519170867846,62.95487666965698,60.451091477412916,57.949717834083145,55.45669645193665
48.46682442329695,50.533027322446486,52.541012904108044,54.51008870529867,56.459784897156595,58.40975315687169,60.3797132849874,62.389424262023425,64.4586681591795,66.58742091595906,68.69638496030191,70.68644548781046,72.45849114177263,73.95519599933664,75.28636630933227,76.60359274540575,78.05846698432633,79.73644801401622,81.4584619989592,83.00488913466657,84.25846000444183,85.1197620630696,85.45845947264479,85.16682137599639,84.25846000444183,82.79250665671177,80.88882556236763,78.68246445022605,76.30847154107786,73.88035513204397,71.42546243645953,68.94960280763898,66.4585905294739,63.95824863666357,61.454415599787524,58.952956907735924,56.459784897156595
49.46853303163459,51.535388965886064,53.5437713145122,55.513093154837705,57.462944470135355,59.41301175445338,61.38303559781727,63.39278769758876,65.46205808225118,67.5908276538176,69.69980192327044,71.68986846316952,73.46191758262904,74.95862444525406,76.28979604166975,77.6070234160704,79.06189840883184,80.73988004563196,82.46189445194206,84.00832184705664,85.26189286889235,86.12319500926942,86.4618924468047,86.17025432621269,85.26189286889235,83.79593933870555,81.89225789399124,79.68589612826662,77.31190202552989,74.88378349325907,72.42888703031566,69.95302069698107,67.46199646701093,64.96163325991239,62.45776224738928,59.95623604789232,57.462944470135355
50.470596959126624,52.537971507122194,54.54666888351093,56.51618604974675,58.46616050446636,60.41630639194322,62.38638080911713,64.39616554924467,66.46545695754662,68.59423987521109,70.70322226041105,72.69329357237393,74.46534544241032,75.96205389645719,77.29322651390694,78.61045463305936,80.06533022414521,81.74331234280936,83.46532708355892,85.0117546845652,86.26532582709135,87.12662803235293,87.46532549208015,87.17368735248408,86.26532582709135,84.79937215208858,82.89569042928517,80.68932814481107,78.31533309472158,75.88721287723381,73.43231342412714,70.95644176938967,68.46540805318173,65.96502792865564,63.4611267739989,60.95954699114196,58.46616050446636
51.572943083898004,53.640729444680574,55.64967693037802,57.61934915494595,59.569421356746815,61.51962963617849,63.48974419569201,65.49955484325544,67.56886293834098,69.69765644893194,71.80664527565003,73.79672037521907,75.56877442839591,77.06548414555756,78.39665757340371,79.71388628366657,81.1687623496432,82.8467448507633,84.56875985695771,86.11518762138036,87.36875885969864,88.23006111645907,88.56875859380008,88.27712043912045,87.36875885969864,85.90280506975529,83.99912312623238,81.79276043002636,79.41876462802196,76.99064307297488,74.53574124656875,72.05986536821429,69.56882412272162,67.06843057065691,64.56450549164204,62.062883177965105,59.569421356746815
52.57551330246601,54.64362663827667,56.652772680991916,58.622567993117116,60.57271778392054,62.52297558676908,64.49312200846306,66.50295321925589,68.57227455884552,70.70107647712436,72.81007041650732,74.80014852231179,76.57220430825222,78.06891502795028,79.40008909900922,80.71731827843709,82.172194721335,83.85017752601071,85.57219274288892,87.1186206370153,88.37219195136383,89.2334942489989,89.57219174031997,89.28055357366853,88.37219195136383,86.90623807019206,85.00255595148391,82.79619292848595,80.42219652968595,77.99407391301625,75.53917020291775,73.06329097226572,70.57224375074244,68.07183954112787,65.56789547300295,63.06623940153406,60.57271778392054
53.67826145605369,55.74663438712052,57.75593805308293,59.7258310710054,61.676042448709694,63.626339560140636,65.59651127161017,67.60635880375388,69.6756906556363,71.80449924714966,73.91349724447542,75.9035777363371,77.67563489757538,79.17234641298808,80.50352099456575,81.82075054637045,83.27562728843111,84.95361033403911,86.6756257181372,88.22205371520948,89.47562508990328,90.33692741998058,90.67562492239765,90.38398674624418,89.47562508990328,88.00967113632348,86.10598887857068,83.89962559619772,81.52562872372047,79.0975052644397,76.64260005925145,74.16671816787245,71.67566620314963,69.17525353456561,66.67129439456339,64.16961152885092,61.676042448709694
54.781150881924844,56.849729901151676,58.859158690687295,60.82912926477027,62.77938952684559,64.72971783866592,66.69990962311368,68.70977010971419,70.77911030528642,72.90792419337991,75.01692541150831,77.007007797189,78.77906605000346,80.27577819697586,81.60695318375284,82.92418303111333,84.37906001061972,86.05704324745588,87.7790587642765,89.325486843057,90.57905826564686,91.44036062147362,91.77905813269757,91.48741994900232,90.57905826564686,89.11310425459676,87.20942188648415,85.00305839824506,82.62906114980986,80.20093702174776,77.74603062990467,75.27014662670109,72.77909089728507,70.2786715147707,67.77470041207884,65.2729962793413,62.77938952684559
55.88415246414607,57.952895085440616,59.96242319691265,61.932455331782506,63.88275439518253,65.83310747149088,67.80331518816814,69.8131859568488,71.8825327748608,74.01135086687188,76.12035464136017,78.11043853016864,79.88249764936864,81.37921029761073,82.71038560599473,84.02761568793812,85.48249285590535,87.16047624451946,88.88249186668202,90.42892001031441,91.6824914709194,92.5437938471835,92.88249136539747,92.5908531757163,91.6824914709194,90.21653741425509,88.31285495854983,86.10649130691463,83.7324937600813,81.30436910120687,78.84946176751436,76.37357608815188,73.88251737068856,71.3820926592978,68.87811206172924,66.37639104907826,63.88275439518253
56.98724308285895,59.05611557396989,61.06572252442878,63.03580352291321,64.98613338406251,66.93650611641317,68.90672647869593,70.91660540834525,72.98595748262196,75.11477891129664,77.22378471477364,79.21386979661703,80.98592960346832,82.48264264956865,83.81381821321244,85.13104848134448,86.58592579889323,88.26390930797356,89.98592501374608,91.53235320885146,92.78592469962909,93.64722709211429,93.98592461587627,93.6942864214441,92.78592469962909,91.31997060676073,89.41628808153314,87.20992430021039,84.83592651653822,82.40780143635759,79.95289335511816,77.47700634538583,74.98594525630256,72.48551631536316,69.98152818165332,67.47979377123957,64.98613338406251
58.37688954028202,60.49470316974667,62.578247107805836,64.64556259595554,66.71323216839858,68.79490004665786,70.90013139264654,73.03403356696529,75.1980799467615,77.38049890584162,79.52452458080796,81.56537352223634,83.44250894211453,85.13302215729442,86.73126929701073,88.34693915904947,90.06907218060007,91.92455080871068,93.75981356204875,95.42375885048304,96.92517782425638,98.2334020831374,98.87752952531696,98.37527059549504,96.92517782425638,94.87143198910383,92.44356913243513,89.81995218141954,87.15117745010218,84.54317491969891,81.98637773343305,79.45573260480394,76.93457093247304,74.40985670126581,71.87022875506028,69.30635233301561,66.71323216839858
56.12859128393643,58.197264259980344,60.20675009092989,62.17675602016341,64.12703856644744,66.07738110094554,68.04758203556909,70.05744842736706,72.12679242633772,74.25560872882568,76.36461141512348,78.35469466408115,80.12675341447857,81.62346584934045,82.95464102082295,84.27187100290924,85.72674809065256,87.40473141465792,89.12674699197858,90.67317510800487,91.9267465524276,92.78804891999192,93.1267464352304,92.8351082480973,91.9267465524276,90.46079251518032,88.55711009676143,86.3507465146806,83.9767490948692,81.54862466195067,79.09371772918414,76.61783276332824,74.12677531781596,71.62635287482088,69.12237631903464,66.62066249184349,64.12703856644744
54.322808163156395,56.391070581757944,58.40030714767636,60.370158573049906,62.320343733996566,64.27062411237733,66.24078505842999,68.25062564287808,70.31995301988087,72.44875877073063,74.55775504067185,76.54783451683743,78.31989109263952,79.8166022693328,81.14777663359308,82.46500602688465,83.91988264159787,85.59786558464596,87.31988089756199,88.86630885081232,90.1198801998184,90.9811825160857,91.31988001377943,91.02824184167076,90.1198801998184,88.65392627706117,86.75024407849683,84.54388090653445,82.16988423569188,79.74176113509333,77.2868565663342,74.81097580757256,72.31992586193428,69.81951679416638,67.31556406997441,64.81389261009122,62.320343733996566
53.181860868822284,55.27242084809984,57.31479256729446,59.32831516631546,61.33172431716275,63.34238875080143,65.37561960397903,67.44429470954324,69.55913147202827,71.71392658727724,73.83999213966544,75.85492836318235,77.67889495121625,79.27300953393781,80.7419523094282,82.21797603993545,83.81937729484338,85.59691839584075,87.38338650471621,88.99746140754387,90.39623910140712,91.52798157218439,92.05776356265049,91.63381682163829,90.39623910140712,88.59152902648657,86.4022673615892,83.9798341388786,81.45922722092806,78.94409473907656,76.4407264195496,73.93903977629711,71.4338664888023,68.92208484151602,66.40149444313957,63.87098528162984,61.33172431716275
51.8135223222349,53.88010022150428,55.88831365510691,57.857530754000535,59.80731603337975,61.75734116371558,63.727337884299274,65.73707247876058,67.8063315881531,69.93509400197826,72.04406391880016,74.03412789934404,75.80617554361109,77.30288155272231,78.63405260153516,79.95127957650914,81.40615424837594,83.08413562674173,84.80614985368449,86.35257713837476,87.60614809548146,88.46745020105955,88.80614762669276,88.51450951629306,87.60614809548146,86.14019464296274,84.23651334739381,82.03015185988608,79.65615826523552,77.22804063678336,74.77314577752847,72.29728229817184,69.80626315585317,67.30590902185338,64.80205417492512,62.30055671241374,59.80731603337975
51.168609468112706,53.243581769671664,55.2621108443046,57.243937700960615,59.2086529532277,61.17547757484785,63.16304694888946,65.18926900880619,67.27137086117993,69.40751698942604,71.52135037327912,73.51848731347565,75.30536480826149,76.83022321178028,78.20197839068004,79.56711586526066,81.06729111100893,82.77665835673557,84.5192550821532,86.0875084398104,87.3887096533712,88.3415980302329,88.74729922412398,88.40906342340838,87.3887096533712,85.81329080110883,83.8217595358305,81.5515582640593,79.13550850564185,76.6829024282971,74.21451015536431,71.73148594303026,69.2365292309229,66.73296656849352,64.22440250307055,61.714766012135016,59.2086529532277
39.39766691962454,41.44197890477493,43.43660843754152,45.39738072496674,47.34183328005328,49.28845079980397,51.25625355837455,53.264571552068674,55.33291797309741,57.4611008953911,59.569718384451704,61.559575123286024,63.33150331049295,64.82814020286673,66.1592669067374,67.47646153579919,68.93131022117329,70.60927067104885,72.33127037243578,73.87768871470071,75.13125442988971,75.99255371735467,76.33125017912874,76.03961289412919,75.13125442988971,73.6653072671264,71.76163804970014,69.55529909275671,67.1813466436463,64.75330220673499,62.298537211644785,59.822904833199615,57.33229763265851,54.83267803975005,52.33013161752548,49.83095910887167,47.34183328005328
40.38747868516523,42.43690986176853,44.43467242733517,46.39739625495913,48.34308267105855,50.29048923790499,52.258800269753124,54.26744655094497,56.336004524811784,58.46432178568445,60.57302098180074,62.56292577005084,64.33488165442259,65.83153457238409,67.16267155829232,68.47987368728809,69.93472839809084,71.61269370062769,73.33469677004659,74.88111718579064,76.13468411642401,76.99598405732584,77.33468074259034,77.04304326620488,76.13468411642401,74.66873549525415,72.76506347727165,70.55871929618732,68.18475730675263,65.75669589925423,63.301900793696106,60.82621483361456,58.33551212821712,55.83572225607847,53.33287257335354,50.833161371017525,48.34308267105855
41.38007007544755,43.433582982783705,45.433839376518634,47.3981149570801,49.3447818231447,51.292815120179895,53.2615297589289,55.270436679846,57.3391625946995,59.4675864924868,61.576350544131955,63.56629347090927,65.3382713391602,66.83493697688579,68.16608212376661,69.48329020552522,70.93814969874971,72.61611885286662,74.33812459550374,75.88454665697327,77.13811455230714,77.99941501184284,78.33811187449201,78.04647424620335,77.13811455230714,75.67216477359716,73.76849053280574,71.56214220530003,69.18817264364903,66.76009776641345,64.30527876162137,61.829550272071316,59.33877175906312,56.83884671924136,54.33575628473362,51.83561735106116,49.3447818231447
42.374878841704806,44.43164322848686,46.43388348961166,48.39939247471924,50.34683823984116,52.29536926498396,54.26440436659641,56.27351820640996,58.34237743589108,60.470885979212085,62.579701509620065,64.56967470802529,66.34167002528635,67.8383457588508,69.16949738317166,70.48671018967983,71.94157347873758,73.61954568986835,75.34155355424616,76.88797692193137,78.14154558294965,79.00284645412577,79.3415434575654,79.04990570871091,78.14154558294965,76.67559488549814,74.77191888045837,72.56556726192449,70.19159169016616,67.763506121884,65.3086681479173,62.83290590163756,60.34206721671438,57.84203488354004,55.33875333033589,52.83827479900161,50.34683823984116
43.37145463597884,45.43080719938081,47.43462491007718,49.40111397094897,51.34917839990792,53.298104656225405,55.267394184923205,57.276672287257696,59.34563734109091,61.474213072504696,63.583069463457946,65.57306668913722,67.3450758559348,68.84175960266981,70.17291636818342,71.49013292475215,72.94499922657894,74.62297386407127,76.34498341247956,77.89140781691043,79.14497708565348,80.00627828354911,80.34497539873425,80.05333755418656,79.14497708565348,77.6790256589955,75.77534825366851,73.56899402303671,71.19501368103086,68.76691962719063,66.31206659716585,63.83627755747908,61.3453911119494,58.845273613248594,56.34184034768643,53.841092210026744,51.34917839990792
44.3694374157203,46.43084894443183,48.43592047942654,50.40318813483075,52.35174388215442,54.30098394972188,56.27047546493907,58.2798839619836,60.348933016512575,62.47756207823059,64.5864509013693,66.57646719792884,68.34848735726709,69.84517746412146,71.17633831023099,72.49355784324004,73.94842653631221,75.62640309961398,77.34841398464054,78.894839211938,80.14840896303295,81.00971042024618,81.34840762412387,81.05676970362438,80.14840896303295,78.68245695760291,76.7787784408657,74.57242213700593,72.19843800883808,69.77033721996266,67.31547223980172,64.83966193374974,62.348737579262234,59.84855248039436,57.344998787202684,54.844036620334606,52.35174388215442
45.36853976418975,47.43158848274662,49.4376563160199,51.40554238880985,53.35448827517715,55.30397748804833,57.27362935007301,59.28314135372952,61.35225708460189,63.480928476550616,65.58984304185603,67.57987447524799,69.35190335946999,70.84859851439327,72.17976259929185,73.49698449471282,74.95185508572334,76.62983317754431,78.35184512344696,79.89827100385469,81.15184113779284,82.01314280082671,82.35184007509974,82.06020209431726,81.15184113779284,79.68588867299079,77.78220927412579,75.57585132474102,73.20186419148567,70.77375805698196,68.31888359190665,65.84305640646235,63.352101962771286,60.851863206941516,58.34821392180197,55.84708185304143,53.35448827517715
46.46853251251345,48.532882556569206,50.53974186987334,52.5081190624216,54.45737471543879,56.4070617211685,58.376840869442844,60.386435034077536,62.45560368911546,64.58430867981293,66.69324367714566,68.68328712481627,70.45532293404507,71.9520220956478,73.28318875118629,74.6004125216609,76.05528461906964,77.7332639240791,79.45527671200063,81.00170311078273,82.25527354858389,83.1165753749778,83.45527270512366,83.1636346764945,82.25527354858389,80.7893207191778,78.88564062016692,76.67928136472634,74.30529184632584,71.87718146897697,69.4222994756666,66.9464588928715,64.45548056683216,61.95519922175906,59.45147405990065,56.95020712303386,54.45737471543879
47.469233107176485,49.5346172051131,51.54210516913446,53.510872341200866,55.46037392744631,57.41021795052231,59.38009813787127,61.3897575185852,63.45896818152474,65.58769984033681,67.69665105486771,69.68670403838266,71.45874534403207,72.95544768575382,74.28661638161765,75.60384164032715,77.05871493336721,78.73669520128627,80.4587086575192,82.00513546773556,83.25870614671308,84.12000810276595,84.45870547725815,84.16706741065305,83.25870614671308,81.79275302792044,79.88907237320305,77.68271208114413,75.3087206696492,72.88060692474107,70.42571895623283,67.94986773984735,65.45887045804079,62.95855530880161,60.45476992018749,57.953395927795185,55.46037392744631
48.47049623673642,50.536701815349396,52.544689025178485,54.51376583608635,56.46346266458292,58.413431330714516,60.383391720335055,62.39310286615206,64.46234687202227,66.59109969781603,68.7000637841267,70.6901243363125,72.46217000449843,73.95887487029202,75.29004518556764,76.60727162549239,78.06214586750704,79.74012689968876,81.4621408863612,83.00856802313328,84.26213889353266,85.12344095249597,85.46213836218587,85.17050026543924,84.26213889353266,82.7961855450537,80.89250444927151,78.68614333444738,76.3121504204002,73.8840340026517,71.42914129160451,68.95328163526597,66.46226930804602,63.961927327753926,61.45809413501274,58.956635165890674,56.46346266458292
49.47220630293167,51.53906436524389,53.547448006667025,55.51677064860928,57.466622469289064,59.416690076213385,61.38671412714743,63.396466360886066,65.46573683183719,67.59450645818112,69.70348076094416,71.69354732042967,73.46559645117867,74.96230332033554,76.29347492094196,77.61070229839939,79.06557729361658,80.74355893239448,82.46557334007724,84.0120007360369,85.26557175836797,86.12687389901134,86.4655713366377,86.17393321596768,85.26557175836797,83.79961822758679,81.89593678173108,79.68957501387732,77.31558090725224,74.88746236806462,72.43256589284837,69.9566995376726,67.46567526876726,64.96531199223315,62.461440855995946,59.959914436575815,57.466622469289064
50.474271388350346,52.54164762625217,54.55034602906207,56.51986383166985,58.469838687563026,60.41998483111364,62.390059413044696,64.39984425950554,66.46913573629631,68.59791869743825,70.70690110907674,72.6969724365855,74.46902431558237,75.96573277481356,77.29690539558952,78.61413351716809,80.06900911020307,81.74699123043698,83.46900597227604,85.01543357395305,86.26900471687239,87.13030692234528,87.46900438214485,87.17736624248685,86.26900471687239,84.80305104139782,82.8993693176885,80.69300703152449,78.31901197834884,75.89089175537117,73.43599229252354,70.96012062045064,68.46908687333953,65.96870669370165,63.46480544085054,60.963225483432794,58.469838687563026
51.576618432688505,53.64440613529479,55.65335443586966,57.62302716560721,59.57309968585217,61.523308168542954,63.49342285882973,65.50323359079218,67.57254174023821,69.70133528533762,71.81032413304013,73.80039924494795,75.57245330523673,77.06916302651322,78.40033645699938,79.71756516918789,81.17244123671155,82.85042373907756,84.5724387461367,86.11886651109172,87.37243774972207,88.23374000665025,88.57243748404863,88.28079932931988,87.37243774972207,85.90648395940427,84.00280201516232,81.79643931761503,79.42244351316113,76.99432195375671,74.53942011961915,72.06354422750552,69.57250295748482,67.07210936167739,64.56818420472406,62.06656175249327,59.57309968585217
52.579189381444834,54.64730378260472,56.65645047221868,58.62624618534822,60.57639622892134,62.52665419310506,64.49680071859724,66.50663199637903,68.57595337911516,70.7047553247836,72.813749280822,74.80382739641979,76.57588318800504,78.07259391096903,79.4037679841233,80.72099716507961,82.17587360920538,83.85385641486997,85.57587163243451,87.12229952698343,88.37587084157963,89.23717313934786,89.57587063071446,89.28423246402403,88.37587084157963,86.90991696011068,85.00623484083181,82.79987181676928,80.42587541602512,77.99775279589699,75.54284907966203,73.06696983808932,70.57592259709809,68.07551835276453,65.57157422277886,63.06991804133666,60.57639622892134
53.68193811478993,55.7503118916412,57.75961607112943,59.72950940736135,61.67972098570196,63.63001822518997,65.60019001904637,67.61003760436009,69.67936949048828,71.80817810374093,73.91717611428615,75.90725661392082,77.6793137796394,79.17602529764426,80.50719988088501,81.82442943390282,83.27930617693804,84.95728922333093,86.67930460797376,88.22573260538141,89.4793039802718,90.34060631045477,90.67930381290799,90.38766563672355,89.4793039802718,88.0133500264561,86.10966776825035,83.90330448503242,81.5293076110121,79.10118414898636,76.6462789389276,74.17039703888082,71.67934505870619,69.17893236256555,66.6749731734638,64.17329022046351,61.67972098570196
54.784828000945055,56.85340769160767,58.86283688878065,60.83280771552623,62.78306813685481,64.73339655031742,66.70358840015702,68.71344892895914,70.78278915171248,72.91160305706055,75.02060428568129,77.01068667753142,78.78274493390188,80.27945708293171,81.61063207102865,82.92786191935198,84.38273889963187,86.060722137091,87.78273765434399,89.32916573339068,90.58273715613655,91.44403951204721,91.78273702329986,91.49109883958002,90.58273715613655,89.11678314489924,87.21310077642713,85.00673728751738,82.63274003785742,80.20461590761667,77.74970951190784,75.27382550182463,72.78276976014448,70.28235035575827,67.7783792140957,65.27667501207657,62.78306813685481
55.88782994857594,57.956573102875296,59.966101537921844,61.93613387334288,63.88643306314741,65.83678622013136,67.80699398871101,69.81686479088748,71.8862116304733,74.01502973617937,76.12403351899547,78.11411741270061,79.88617653472302,81.38288918459808,82.71406449402977,84.03129457673737,85.48617174531854,87.16415513442709,88.88617075693281,90.43259890077647,91.6861703615053,92.54747273783596,92.88617025607273,92.59453206637205,91.6861703615053,90.22021630469239,88.31653384870178,86.1101701965343,83.73617264872888,81.30804798812522,78.85314065136448,76.37725496654163,73.88619623934423,71.38577151059368,68.88179088209384,66.38006981445328,63.88643306314741
56.99092085736635,59.05979377157759,61.069400978878235,63.03948213654829,64.98981209802814,66.94018489441237,68.91040529789063,70.9202842541258,72.98963634552572,75.1184577850702,77.22746359515698,79.21754868088689,80.98960848997831,82.48632153737472,83.81749710185008,85.13472737058865,86.58960468862472,88.26758819809747,89.98960390414237,91.53603209941542,92.78960359029135,93.65090598282939,93.98960350660944,93.69796531216178,92.78960359029135,91.32364949730504,89.41996697185097,87.21360319010574,84.83960540566203,82.41148032410891,79.95657224043424,77.48068522636797,74.98962412955875,72.48919517484086,69.98520701658066,67.48347256252117,64.98981209802814
58.38046909349849,60.498275821245954,62.581809414620906,64.64911153398636,66.71676535171295,68.79841609096093,70.90363034099057,73.03751727038728,75.20155229942009,77.38396494286829,79.52798653310892,81.56882961081008,83.44595310820313,85.13644507577565,86.73466444543509,88.35030523041456,90.07241385576538,91.92787709143076,93.76313034759815,95.42706603909602,96.92846560420995,98.23665754545519,98.88076473868465,98.378519619222,96.92846560420995,94.8747676654589,92.44695334724257,89.82337944641455,87.15463772027469,84.54665645853814,81.98987171593635,79.45923339601404,76.93807550235896,74.41336433781416,71.87374092256606,69.30987249002628,66.71676535171295
56.132268612810066,58.20094218079144,60.2104283711014,62.180434523069664,64.13071720974156,66.08105983384048,68.05126082610866,70.06112725510837,72.13047127803974,74.2592875957379,76.36829029128491,78.35837354568108,80.1304322992132,81.6271447358887,82.95831990853483,84.27554989146984,85.73042697989504,87.40841030444955,89.13042588215134,90.67685399841227,91.93042544297256,92.79172781061081,93.13042532587458,92.83878713871984,91.93042544297256,90.46447140556023,88.56078898682443,86.35442540415241,83.98042798326138,81.5523035484223,79.09739661224806,76.62151164032763,74.13045418400428,71.63003172172876,69.12605513158897,66.62434124332437,64.13071720974156
54.32648457507952,56.39474793294343,58.40398506916695,60.373836848053514,62.3240222318294,64.27430275243339,66.2444637899874,68.254304433488,70.32363184852542,72.45243762351973,74.56143390814302,76.55151339294162,78.32356997371969,79.82028115329194,81.15145551939935,82.46868491403819,83.92356152983382,85.60154447375365,87.32355978727469,88.86998774089749,90.12355909012189,90.98486140650658,91.32355890424046,91.03192073209742,90.12355909012189,88.6576051671027,86.75392296803528,84.54755979513445,82.17356312257806,79.74544001893086,77.29053544476233,74.81465467637389,72.32360471357418,69.82319561520077,67.31924283647707,64.8175712796492,62.3240222318294
53.185496447169854,55.276053125622525,57.31841981879148,59.33193577892527,61.335336890466266,63.345992301761726,65.37921385400358,67.44788039943667,69.5627106182218,71.71750202753327,73.84356515776406,75.85849786891063,77.68245718415302,79.27655835157103,80.7454826583462,82.2214858155252,83.82286874250735,85.60039773849306,87.38685815739572,89.00092511091202,90.3996861536582,91.53139905796728,92.06116124023663,91.63722812153325,90.3996861536582,88.59501580809537,86.40579012906113,83.98338574958053,81.46279923571406,78.9476791924935,76.44431790938106,73.94263504384585,71.43746383131241,68.92568385682759,66.4050959118693,63.874591024622816,61.335336890466266
51.81719497281057,53.88377523494826,55.8919901041412,57.86120809324859,59.81099393388833,61.761019422508824,63.731016373622424,65.74075111687078,67.81001032209818,69.93877279676116,72.04774275057866,74.03780675287604,75.80985440968163,77.30656042604738,78.63773147951466,79.9549584578836,81.4098331324779,83.08781451304026,84.80982874150757,86.3562560271364,87.60982698479327,88.47112909066712,88.80982651640153,88.5181884059152,87.60982698479327,86.14387353161442,84.2401922347778,82.03383074490533,79.65983714593625,77.23171950980199,74.77682463691636,72.30096113330207,69.80994194774041,67.3095877366231,64.80573275229446,62.30423504553271,59.81099393388833
51.17227693191984,53.247248318407586,55.265775986993475,57.24760096249764,59.21231389958038,61.17913587307166,63.166702460376825,65.19292190295137,67.27502171958784,69.41116668120034,71.52499929711455,73.52213511599628,75.30901025943439,76.83386421817542,78.20561303894294,79.5707430832714,81.07091137841947,82.78027385090621,84.52286746477387,86.09111753883059,87.39231164347721,88.34518656789713,88.75087809819166,88.41264900220763,87.39231164347721,85.8169092463197,83.82539148997782,81.5552002075964,79.13915711010927,76.6865549401218,74.21816482847574,71.73514176225338,69.24018567549119,66.73662351507,64.22806018249445,61.71842495866677,59.21231389958038
39.40077645605959,41.4451064297146,43.439746982181326,45.40052613769159,47.34498303671107,49.29160333502692,51.25940788370691,53.2677270337218,55.33607419994517,57.464257595465156,59.572875372357316,61.5627322804591,63.33466056523784,64.831297514067,66.16242425415962,67.4796189096425,68.9344676162433,70.61242808321404,72.3344277964661,73.8808461460356,75.13441186550645,75.99571115527337,76.33440761783477,76.042770332161,75.13441186550645,73.66846469760537,71.76479547031313,69.55845649496584,67.18450401224628,64.75645951555029,62.30169441438633,59.82606184718449,57.33545431020589,54.83583411746858,52.333286627030816,49.834112221050745,47.34498303671107
40.390597986398504,42.44004351337935,44.437814853258814,46.40054414312212,48.34623401145177,50.29364278546424,52.26195523886946,54.270602438138994,56.33916100359042,58.46747864011138,60.5761780646978,62.56608298730217,64.33803894911917,65.83469191189029,67.16582892654834,68.4830310765148,69.93788580416533,71.61585112027075,73.337854199107,74.88427462064874,76.13784155468059,76.99914149740948,77.33783818329889,77.04620070637831,76.13784155468059,74.67189292943289,72.76822090361975,70.56187670792815,68.18791469181767,65.75985323686746,63.305058047116404,60.82937193721193,58.33866896476286,55.838878616473096,53.336028085695716,50.836315376784,48.34623401145177
41.38319717077076,43.436721514249825,45.43698488985928,47.40126481277491,49.347934421683675,51.2959694716939,53.26468523920401,55.27359288899228,57.342319273464426,59.47074346943447,61.57950770242783,63.56945073584636,65.34142866556718,66.8380943388588,68.16923950855866,69.48644760696183,70.94130711355851,72.61927627844486,74.34128202855658,75.88770409462771,77.141271992659,78.00257245364485,78.34126931679,78.04963168807657,77.141271992659,75.67532221071241,73.77164796370579,71.56529962460624,69.19133004178249,66.76325512688399,64.30843605526658,61.8327074467978,59.34192872181734,56.842003304032204,54.33891219629179,51.83877206642905,49.347934421683675
42.37801215098193,44.43478564392866,46.43703145775868,48.40254389379673,50.34999183768643,52.298524254889145,54.26756025269643,56.27667467113665,58.345534273403274,60.474043053411265,62.582858727762556,64.57283201081161,66.34482737686233,67.84150313865595,69.17265478108845,70.48986760080754,71.94473090047885,73.62270312015735,75.34471099046777,76.89113436180531,78.14470302496451,79.0060038972916,79.34470090112487,79.05306315193329,78.14470302496451,76.6787523249441,74.7750763149713,72.56872468723537,70.19474909867213,67.7666635004966,65.31182547348979,62.836063132821536,60.34522427964751,57.84519164645701,55.341909558823914,52.84143007780784,50.34999183768643
43.374592894881516,45.43395270438566,47.4377748293344,49.404266631989266,51.3523327913542,53.30126015300597,55.27055039320098,57.27982895486818,59.348794304612284,61.47737022389674,63.58622672910238,65.57622402196515,67.34823322748773,68.84491699662846,70.17607377651743,71.49329034357172,72.94815665382256,74.62613129809922,76.34814085121624,77.89456525854595,79.14813452898827,80.00943572779744,80.34813284329502,80.05649499847976,79.14813452898827,77.68218310029135,75.77850569104902,73.57215145311352,71.19817109776955,68.77007702020278,66.3152239480795,63.83943483347484,61.34854825439912,58.848430517558654,56.34499682776713,53.84424793617757,51.3523327913542
44.37257961428871,46.433996905952384,48.439071949003434,50.406341782314605,52.35489890376661,54.304139848925644,56.27363192897633,58.28304079064159,60.35209008005462,62.48071929089332,64.58960820471707,66.57962455460122,68.3516447446759,69.84833486931387,71.17949572683317,72.49671526816468,73.951583967923,75.62956053660956,77.35157142537344,78.89799665497172,80.15156640741536,81.01286786535367,81.35156506947935,81.05992714876749,80.15156640741536,78.685614400367,76.78193588052221,74.57557957086544,72.20159543211112,69.77349462440381,67.31862961082895,64.84281924531356,62.35189478482715,59.85170949693722,57.348155467001206,54.84719270163336,52.35489890376661
45.371685096720995,47.4347383967379,49.440809017173066,51.408696819674006,53.3576437971316,55.30713370672865,57.2767860171362,59.28629831022272,61.355414227534936,63.48408573784562,65.59300037512958,67.58303185084597,69.35506075946373,70.85175592850197,72.18292002245654,73.50014192448306,74.95501252080041,76.63299061689528,78.35500256576427,79.90142844799814,81.15499858300677,82.01630024661614,82.354997521086,82.06335954013495,81.15499858300677,79.68904611692025,77.78536671558874,75.57900876160292,73.205021619945,70.77691547049437,68.3220409788982,65.8462137462571,63.35525921843258,60.85502031256928,58.351370760134614,55.850238216278214,53.3576437971316
46.47168033692617,48.536034021962394,50.54289554921464,52.511274115332185,54.46053063462816,56.410218193463606,58.379997697666425,60.389592092041,62.45876089506402,64.58746597970845,66.69640103417174,68.68644451543567,70.45848034402755,71.95517951683341,73.28634617955964,74.60356995527711,76.05844205689789,77.73642136529956,79.45843415557545,81.00486055580697,82.25843099445777,83.11973282130845,83.45843015161057,83.1667921228476,82.25843099445777,80.79247816403222,78.88879806306366,76.6824388039712,74.3084492789016,71.8803388896893,69.42545687532916,66.94961625507352,64.45863786225613,61.95835639809714,59.45463102407325,56.95336371008085,54.46053063462816
47.472382912209184,49.53776990294307,51.545259625296396,53.51402788800473,55.46353016199242,57.4133746241406,59.383255094019674,61.39291465709029,63.46212543749053,65.59085717087027,67.69980843074643,69.68986144092466,71.46190276194267,72.95860511255637,74.28977381412516,75.60699907699592,77.06187237337909,78.73985264399055,80.46186610209213,82.0082929134589,83.26186359311077,84.12316554952619,84.4618629241424,84.1702248574311,83.26186359311077,81.795910473509,79.89222981723779,77.68586952228037,75.31187810549216,72.883764351168,70.42887636595246,67.95302511983427,65.46202778502507,62.961712541264774,60.45792698424647,57.95655269250307,55.46353016199242
48.47364761556334,50.53985549205144,52.54784409817583,54.516921775003624,56.466619149472706,58.416588164141416,60.3865487780248,62.396260068586,64.4655041676879,66.59425705266725,68.70322117496892,70.69328174831755,72.46532742870161,73.96203230155277,75.29320262135641,76.61042906458398,78.06530330925207,79.74328434357074,81.46529833172633,83.01172546941149,84.26529634034611,85.12659839959719,85.46529580938552,85.17365771255459,84.26529634034611,82.79934299122495,80.89566189420947,78.68930077708481,76.31530785883635,73.8871914336143,71.43229870930648,68.95643902936891,66.46542666008023,63.965084604764996,61.46125127835607,58.9597920716223,56.466619149472706
49.475358931999764,51.542218819309994,53.55060356941871,55.51992689881655,57.46977915290505,59.41984703649197,61.38987126543526,63.39962361406222,65.46889415901332,67.59766383233362,69.70663816366303,71.6967047399456,73.46875388037628,74.96546075513477,76.29663235933509,77.61385973941398,79.0687347367372,80.74671637721121,82.46873078607115,84.0151581827555,85.26872920551139,86.13003134638318,86.46872878408765,86.17709066335074,85.26872920551139,83.8027756742205,81.89909422738594,79.69273245770623,77.3187383477466,74.89061980262721,72.43572331688597,69.95985694297954,67.46883264068386,64.96846930460282,62.46459806227017,59.96307145424706,57.46977915290505
50.47742501044192,52.544802697585425,54.55350198064028,56.52302032899186,58.47299552892588,60.423141892081745,62.3932166153062,64.40300155295697,66.47229308848276,68.60107608691035,70.71005852122218,72.70012986206282,74.47218174874409,75.96889021242129,77.30006283604976,78.61729095970894,80.0721665544155,81.7501486759956,83.47216341876899,85.01859102102122,86.27216216427772,87.13346436993191,87.47216182979345,87.18052369008237,86.27216216427772,84.8062084883986,82.90252676391236,80.69616447629909,78.3221694204768,75.89404919279107,73.43914972158973,70.96327803465022,68.47224426103702,65.97186403413602,63.467962697074825,60.9663825899562,58.47299552892588
51.57977284338874,53.64756169672526,55.656510696127896,57.62618385909188,59.57625665243005,61.52646530943295,63.49658011186902,65.50639091621085,67.57569911227567,69.70449268696903,71.81348155266745,73.80355667515688,75.57561074154479,77.07232046635006,78.40349389910028,79.72072261294018,81.17559868179055,82.85358118522504,84.57559619302577,86.12202395843735,87.37559519733529,88.23689745440734,88.57559493185494,88.28395677708403,87.37559519733529,85.90964140669638,84.00595946183779,81.79959676314024,79.42560095658567,76.99747939344448,74.54257755267656,72.06670164876326,69.57566035770768,67.07526672438708,64.57134150059484,62.06971892954226,59.57625665243005
52.58234441834499,54.650459733134014,56.6596069775194,58.62940303454464,60.57955329488951,62.529811397432,64.49995801194005,66.50978934717058,68.57911076690856,70.70791273606591,72.81690670638775,74.80698483038418,76.5790406268103,78.07575135257511,79.40692542752636,80.7241546097934,82.17903105497217,83.85701386148482,85.57902907963796,87.12545697454922,88.37902828935785,89.24033058724027,89.57902807864596,89.28738991192205,88.37902828935785,86.91307440763403,85.00939228786575,82.80302926289023,80.42903286047877,78.00091023738477,75.54600651588729,73.07012726494915,70.57908000726242,68.07867573315441,65.57473155011782,63.0730752743641,60.57955329488951
53.6850936488823,55.75346815106677,57.76277277094758,59.73266638015723,61.68287813056071,63.633175479868655,65.60334734437882,67.6131949752904,69.68252689078727,71.81133552268322,73.92033354456527,75.91041405086597,77.68247122042673,79.1791827406546,80.51035732532164,81.82758687937974,83.28246362325073,84.96044667031674,86.68246205542673,88.22889005312199,89.48246142818095,90.34376375845457,90.6824612609388,90.3908230847278,89.48246142818095,88.01650747416298,86.11282521556876,83.90646193162621,81.53246505628259,79.10434159190281,76.64943637766714,74.17355447018704,71.68250247676113,69.1820897569883,66.67813052577951,64.17644749792247,61.68287813056071
54.78798392977069,56.85656419624739,58.865993743004466,60.83596478642994,62.786225344331854,64.73655384496143,66.70674575088013,68.71660631587378,70.78594656193727,72.91476048208256,75.02376171970138,77.01384411684234,78.78590237626238,80.28261452705661,81.61378951628558,82.93101936543462,84.38589634637788,86.06387958437125,87.78589510199501,89.33232318126998,90.58589460414967,91.44719696013225,91.78589447140949,91.4942562876686,90.58589460414967,89.1199405927518,87.21625822397137,85.0098947344865,82.6358974837762,80.20777335166704,77.75286695264302,75.27698293665993,72.78592718446221,70.28550776131902,67.78153658623575,65.27983232480173,62.786225344331854
55.89098619077188,57.95972980216874,59.96925851470826,61.939291022119164,63.889590320326406,65.83994354649661,67.810151359587,69.820022190489,71.8893690485762,74.0181871660269,76.12719095598482,78.11727485388928,79.88933397833213,81.38604662960762,82.7172219399378,84.03445202330076,85.48932919240843,87.167312581941,88.88932820474103,90.43575634876586,91.68932780960091,92.55063018598868,92.88932770424495,92.59768951452756,91.68932780960091,90.22337375266056,88.31969129642525,86.11332764380128,83.73933009516222,81.31120543307563,78.85629809368359,76.380412404178,73.8893536686328,71.38892892499476,68.88494826996865,66.3832271551698,63.889590320326406
56.99407734832877,59.0629506253849,61.07255805294943,63.04263934713481,64.9929693946567,66.94334224595522,68.91356268476214,70.92344166379698,72.99279376988153,75.12161521874776,77.230621034503,79.22070612356592,80.99276593457846,82.4894789830864,83.82065454827489,85.13788481753363,86.59276213598756,88.27074564579686,89.99276135207535,91.53918954749221,92.79276103845243,93.6540634310358,93.99276095483134,93.7011227603704,92.79276103845243,91.326806945365,89.42312441971669,87.21676063760913,84.84276285250374,82.41463776977363,79.9597296840105,77.48384266622756,74.99278156279263,72.49235259625851,69.9883644169443,67.48662992545484,64.9929693946567
58.38357425401698,60.501377348875266,62.58490549705391,64.6522005793792,66.71984610411984,68.801487821663,70.90669307259573,73.04057197721238,75.20460103128482,77.38701035021936,79.5310297902791,81.57186978133574,83.44898700275662,85.13946778556628,86.7376725369126,88.35329801541269,90.07539379821864,91.93084893100114,93.76609718765104,95.43002782709564,96.93141717498224,98.23959210322184,98.88368863667749,98.38145078749164,96.93141717498224,94.87774445002687,92.44995568316389,89.82640444422134,87.15768009197927,84.54971002594425,81.99293183357553,79.4622970976832,76.94114119307872,74.41643164278707,71.87681061257575,69.31294638559763,66.71984610411984
56.135424721603115,58.204098797221874,60.21358529571428,62.18359163869671,64.13387444576325,66.08421714670258,68.05441818840595,70.06428464930933,72.13362869278907,74.26244502353131,76.37144772701032,78.36153098607042,80.1335897422908,81.63030218052168,82.96147735416567,84.27870733782856,85.73358442683855,87.411567751864,89.13358332989264,90.6800114463548,91.93358289103304,92.79488525873472,93.13358277402018,92.84194458684686,91.93358289103304,90.46762885347918,88.5639464344716,86.35758285129259,83.98358542947565,81.55546099298958,79.10055405389289,76.62466907677164,74.13361161117685,71.63318913236665,69.12921251276583,66.62749857212549,64.13387444576325
54.329639897508244,56.397904060870815,58.40714168618011,60.376993768234456,62.32717934310557,64.27745998567815,66.24762110170244,68.25746179584561,70.32678924350103,72.45559503920131,74.56459133641573,76.5546708286179,78.3267274136633,79.82343859570452,81.154612963396,82.47184235919028,83.92671897591416,85.60470192058155,87.32671723462146,88.87314518856368,90.12671653797531,90.98801885446066,91.32671635222897,91.03507818005644,90.12671653797531,88.66076261473147,86.7570804152326,84.55071724152697,82.17672056750084,79.74859746123914,77.2936928824316,74.81781210578733,72.32676212827025,69.82635300365001,67.32240017816066,64.8207285381944,62.32717934310557
53.188631097572596,55.279186038589955,57.321550086236144,59.335062551886566,61.33845943180053,63.34911009401631,65.38232675052032,67.4509887901391,69.56581556449396,71.7206050230946,73.84666687836227,75.86159774068287,77.68555322769815,79.279647333589,80.74856191877538,82.22455424646202,83.82592752583218,85.60345014984313,87.38990652079568,89.00396928983633,90.4027215674842,91.53441890796637,92.06417066308492,91.64024471525249,90.4027215674842,88.5980721352518,86.40886539873958,83.98647620181254,81.46590042819318,78.95078693234808,76.44742935301062,73.94574847595808,71.44057835562396,68.92879926165266,66.40821260810063,63.877709970696344,61.33845943180053
51.82034706955552,53.88692935805966,55.89514545839597,57.86436421093862,59.814150532907604,61.764176328788025,63.73417347760082,65.74390834844682,67.81316763586085,69.94193016269747,72.05090014824191,74.04096416919472,75.81301183675322,77.30971785934034,78.6408889167992,79.9581158980796,81.41299057501297,83.09097195745908,84.81298618723383,86.35941347366756,87.61298443179625,88.47428653792377,88.81298396374491,88.52134585318427,87.61298443179625,86.14703097805125,84.2433496801275,82.03698818822707,79.66299458555446,77.23487694283213,74.77998205825699,72.30411853383967,69.81309931119344,67.31274503394125,64.80888993178,62.307392015552594,59.814150532907604
51.17542836557624,53.25039927040905,55.268926198910734,57.250750184254855,59.21546190272001,61.182282482344235,63.16984760282354,65.19606566773327,67.27816441283771,69.41430876037983,71.52814097208082,73.52527620074585,75.31215010652477,76.83700172570252,78.20874719978283,79.57387333309012,81.07403796967942,82.78339792969047,84.52598990573881,86.09423825141242,87.39542861414533,88.34829645758823,88.75398290122384,88.4157573344331,87.39542861414533,85.82003487843448,83.82852423273198,81.55833820839999,79.14229861697264,76.68969850366526,74.22130952963484,71.73828706667989,69.2433313090743,66.73976941289,64.23120646605577,61.721571909182344,59.21546190272001
39.401723017247775,41.44605846413809,43.44070236947657,45.40148361467586,47.34594183538162,49.29256297910359,51.26036807244182,53.2686875742784,55.33703496723436,57.465218506737926,59.57383637120557,61.56369333080856,63.33562164527444,64.83225861128068,66.16338536239417,67.48058002591591,68.93542873897513,70.61338921114726,72.33538892800938,73.88180727980136,75.135373000575,75.99667229104233,76.33536875384326,76.04373146796436,75.135373000575,73.66942583111071,71.76575660081667,69.5594176198698,67.18546512692436,64.75742061203832,62.30265547860043,59.82702285396758,57.33641521462471,54.83679483938377,52.33424702393194,49.83507204067196,47.34594183538162
40.39154751865658,42.44099741191506,44.43877142147709,46.401502373284124,48.347193291989676,50.29460273755413,52.26291562348186,54.27156310208531,56.340121847531975,58.46843959834749,60.57713909244808,62.56704405593099,64.33900004131145,65.83565301771631,67.16679004112179,68.48399219746878,69.93884693024539,71.61681225047916,73.33881533218076,74.88523575548646,76.13880269055237,77.00010263383716,77.33879931991667,77.04716184283329,76.13880269055237,74.67285406406391,72.76918203586823,70.56283783573224,68.1888758115054,65.76081434211753,63.30601912674999,60.830332971260475,58.339629917558426,55.839839424395194,53.336988635589776,50.8372754682879,48.347193291989676
41.384149074478216,43.43767689753683,45.437942397456965,47.40222364157846,49.34889408502487,51.29692966839484,53.265645779341355,55.27455365089561,57.34328017825371,59.47170446494863,61.58046875311891,63.57041181898403,65.34238976740764,66.83905545152055,68.17020062816331,69.48740873163078,70.94226824229608,72.62023741045908,74.34224316284502,75.88866523031626,77.14223312916826,78.00353359059531,78.34223045389139,78.05059282504874,77.14223312916826,75.6762833462369,73.77260909733926,71.56626075471218,69.19229116544642,66.76421623908861,64.30939714713898,61.83366850248805,59.34288971301302,56.84296418022896,54.33987286765111,51.839732373836036,49.34889408502487
42.378965945358644,44.43574220895773,46.43798971225664,48.40350319827512,50.350951805076335,52.29948464582674,54.26852091630988,56.27763551080275,58.346495226492905,60.47500407851514,62.58381979666255,64.57379310546527,66.34578848636069,67.84246425674331,69.17361590468644,70.4908287284251,71.94569203132568,73.6236642536049,75.34567212572037,76.89209549816914,78.14566416197975,79.00696503465707,79.3456620386101,79.05402428931595,78.14566416197975,76.67971346117773,74.77603744970402,72.56968581916826,70.19571022549201,67.76762461822113,65.31278657507636,62.83702420568952,60.34618530132359,57.84615257685033,55.34287032661216,52.842390556646365,50.350951805076335
43.37554819523805,45.43491020944708,47.438733677477465,49.40522631434709,51.35329300020491,53.30222069816526,55.27151115484007,57.280789856263596,59.349755296041366,61.47833127248725,63.587187812455284,65.57718512575923,67.34919434306426,68.84587811902219,70.17703490328498,71.49425147352959,72.9491177863435,74.62709243268438,76.34910198723406,77.89552639544578,79.1490956664051,80.01039686549223,80.34909398108489,80.05745613618822,79.1490956664051,77.68314423708784,75.77946682665421,73.5731125864965,71.19913222709428,68.77103814230848,66.31618505737634,63.840395919977226,61.34950930026885,58.84939149097217,56.345957672104845,53.84520855112494,51.35329300020491
44.373536113331724,46.434955158434164,48.44003126884677,50.40730176480753,52.35585930435137,54.30510051652601,56.274592768432655,58.28400174103726,60.353051101915966,62.48168035812601,64.59056929954156,66.5805856656502,68.35260586507674,69.84929599512554,71.18045685611636,72.49767639998007,73.95254510177274,75.63052167209764,77.35253256199863,78.89895779229695,80.15252754515095,81.01382900330988,81.35252620751102,81.06088828673452,80.15252754515095,78.68657553761022,76.78289701681989,74.57654070539937,72.202556563424,69.7744557499869,67.31959072624554,64.84378034263784,62.35285584990028,59.852670504498604,57.34911637210496,54.8481534246379,52.35585930435137
45.37264254930551,47.43569724327874,49.44176871173562,51.40965704051797,53.3586043499503,55.308094471532826,57.277746918365125,59.28725929951344,61.35637527355172,63.48504681987515,65.59396147905927,67.58399296765326,69.35602188369364,70.8527170570265,72.18388115373645,73.50110305777278,74.95597365570478,76.63395175310002,78.35596370287152,79.90238958566104,81.15595972099536,82.01726138477983,82.3559586593096,82.06432067830724,81.15595972099536,79.69000725451804,77.78632785243607,75.57996989705032,73.20598275283587,70.77787659883748,68.32300209917209,65.84717485217092,63.356220298748,60.8559813472356,58.35233171347387,55.85119902506506,53.3586043499503
46.472638547691496,48.53699334053279,50.543855541400504,52.512234525439794,54.46149130830935,56.41117903543247,58.3809586479299,60.390553112205,62.45972196025387,64.58842707348256,66.69736214532836,68.68740563681337,70.45944147129666,71.95614064751115,73.28730731242433,74.60453108973698,76.05940319263934,77.7373825020731,79.45939529306534,81.00582169373786,82.25939213264718,83.12069395963682,83.45939128998646,83.16775326118278,82.25939213264718,80.79343930191142,78.88975920034724,76.68339994014366,74.30941041304492,71.88130002022305,69.42641799945832,66.95057736780497,64.4595989546697,61.95931745427774,59.4555920157005,56.95432458696408,54.46149130830935
47.47334172559828,49.538729596494505,51.54621985383747,53.514988448384074,55.464490931623914,57.41433552736396,59.38421608320547,61.393875701759825,63.46308651789862,65.59181827396624,67.70076954763914,69.69082256592992,71.46286389162398,72.95956624494312,74.2907349482477,75.60796021238457,77.06283350978492,78.74081378121556,80.46282723988571,82.00925405160248,83.26282473145955,84.12412668798527,84.4628240626392,84.1711859958956,83.26282473145955,81.79687161161156,79.8931909548676,77.68683065902829,75.31283924062956,72.88472548344046,70.42983749314158,67.95398623797692,65.46298888704119,62.96267361452195,60.458888006265084,57.95751362344127,55.464490931623914
48.47460690779506,50.54081548343427,52.548804514395,54.517882454687225,56.46757999527364,58.41754911598805,60.387509798105526,62.397221132706505,64.46646526017501,66.59521816316214,68.70418229641442,70.69424287620203,72.4662885602975,73.96299343529599,75.29416375647733,76.61139020070979,78.06626444618522,79.74424548115408,81.46625946976094,83.01268660772391,84.26625747882139,85.12755953816,85.46625694797828,85.17461885112169,84.26625747882139,82.80030412950481,80.89662303211412,78.6902619142895,76.31626899476274,73.88815256726681,71.4332598389243,68.9574001518065,66.46638776971801,63.9660456915763,61.46221232449771,58.96075304546835,56.46757999527364
49.47631860462974,51.54317904721339,53.551564134650334,55.52088767321308,57.47074005917028,59.42080802693444,61.39083231003872,63.400584693621525,65.4698552610878,67.59862494870112,69.70759928872211,71.69766587011534,73.46971501349176,74.9664218899546,76.29759349524844,77.61482087612487,79.06969587408888,80.74767751507895,82.46969192429705,84.01611932120193,85.26969034408705,86.13099248502833,86.46968992275657,86.1780518019993,85.26969034408705,83.80373681264106,81.90005536550869,79.69369359527343,77.31969948429922,74.89158093737504,72.43668444843146,69.96081806882606,67.46979375637105,64.9694304021723,62.46555912755912,59.96403246215176,57.47074005917028
50.478384985209,52.54576311329828,54.554462664176086,56.52398117857541,58.473956483187095,60.42410291315994,62.39417767937424,64.4039626447704,66.47325419816688,68.60203720793899,70.71101964914939,72.70109099404638,74.47314288306569,75.96985134809563,77.30102397259199,78.61825209688425,80.07312769209939,81.75110981408909,83.47312455714675,85.01955215957398,86.27312330293309,87.13442550864244,87.47312296852283,87.18148482879559,86.27312330293309,84.80716962693086,82.90348790220824,80.69712561415403,78.32313055752647,75.89501032840828,73.44011085466522,70.96423916320242,68.4732053815257,65.97282514024445,63.46892377756154,60.96734362489502,58.473956483187095
51.58073305809765,53.6485222615549,55.65747147358253,57.62714476835977,59.577217644789116,61.52742635482814,63.497541191386674,65.50735201775062,67.57666022799964,69.70545381169725,71.8144426828711,73.80451780858007,75.57657187682369,77.07328160270264,78.40445503614168,79.72168375048405,81.17655981973809,82.85454232349767,84.57655733152404,86.12298509707452,87.37655633605388,88.23785859316972,88.5765560706323,88.28491791584858,87.37655633605388,85.91060254531727,84.00692060027109,81.80055790122354,79.42656209402986,76.99844052975169,74.54353868696641,72.06766277946294,69.57662148200731,67.07622783727301,64.5723025931444,62.070679985939165,59.577217644789116
52.58330482358126,54.65142041635069,56.66056782953055,58.6303639911893,60.580514317489005,62.53077246212844,64.50091910372042,66.51075045643029,68.5800718874264,70.7088738637305,72.81786783839821,74.80794596495001,76.58000176284902,78.07671248946599,79.40788656496397,80.72511574762981,82.179992193129,83.85797499989965,85.5799902182319,87.12641811325341,88.37998942812666,89.24129172604381,89.57998921746137,89.2883510507273,88.37998942812666,86.91403554632528,85.01035342640807,82.8039904011548,80.42999399823603,78.00187137423964,75.54696765114099,73.07108839735332,70.58004113458682,68.07963685141968,65.57569265224186,63.074036347792955,60.580514317489005
53.68605420539406,55.75442892826804,57.7637336821425,59.73362737440819,61.68383917716342,63.63413655988509,65.60430844589233,67.6141560906775,69.6834880151101,71.81229665267841,73.92129467800982,75.91137518633869,77.6834323570685,79.18014387797274,80.51131846307372,81.82854801744836,83.28342476157366,84.96140780884444,86.68342319409658,88.22985119187935,89.48342256698962,90.3447248972908,90.68342239978446,90.3917842235654,89.48342256698962,88.01746861291008,86.11378635419769,83.90742307003465,81.53342619428838,79.10530272919237,76.65039751368585,74.17451560394406,71.68346360648636,69.18305087952321,66.67909163550296,64.17740858487004,61.68383917716342
54.78894460638381,56.857525048057425,58.866954701178756,60.83692581053113,62.787186409986774,64.73751493713772,66.707706860119,68.71756743612426,70.78690768928007,72.91572161392759,75.02472285428416,77.0148052530349,78.7868635133828,80.28357566471387,81.61475065428726,82.93198050368753,84.38685748483263,86.06484072298854,87.78685624072511,89.33328432006954,90.58685574298994,91.44815809899441,91.78685561027913,91.49521742653181,90.58685574298994,89.12090173154323,87.21721936266897,85.01085587300909,82.63685862197926,80.20873448930163,77.75382808926892,75.27794407149074,72.78688831609296,70.28646888724279,67.78249770199093,65.28079342247938,62.787186409986774
55.89194696273091,57.960690713204016,59.97021951017338,61.94025206991381,63.89055140110361,65.84090464832437,67.81111247495758,69.8209833145996,71.89033017831602,74.01914829934015,76.128152091471,78.11823599065318,79.89029511583246,81.38700776753403,82.71818307813759,84.03541316169994,85.49029033096781,87.1682737206294,88.89028934351896,90.43671748759893,91.6902889484663,92.5515913248714,92.89028884313365,92.59865065341116,91.6902889484663,90.22433489148716,88.3206524351774,86.11428878241453,83.74029123352182,81.31216657098403,78.85725923079141,76.38137353986104,73.89031480177593,71.38989005360826,68.88590939051129,66.3841882613641,63.89055140110361
56.99503819597737,59.06391158343247,61.07351907801437,63.04360041373582,64.99393048743681,66.94430335544351,68.91452380499953,70.92440279097136,72.99375490152386,75.1225763532263,77.23158217070622,79.22166726078328,80.99372707238031,82.49044012122644,83.8216156866319,85.1388459560489,86.59372327462997,88.27170678454169,89.99372249089123,91.54015068635186,92.79372217733773,93.65502456993488,93.99372209373513,93.70208389927016,92.79372217733773,91.32776808421951,89.4240855585121,87.21772177629433,84.84372399098763,82.41559890789938,79.96069082150083,77.48480380258704,74.99374269713621,72.49331372700686,69.98932554128675,67.48759103840888,64.99393048743681
58.384626774090776,60.502436217949295,62.58597388239005,64.65328126293984,66.72094128082902,68.80259876503503,70.90781974309577,73.04171267207059,75.20575216815925,77.38816729710679,79.53219049488101,81.573035880239,83.45016406970541,85.14066439925631,86.73889469783616,88.35454692615293,90.07666515271492,91.93213444614867,93.76739143997821,95.43133090840662,96.93273811192759,98.24094277203938,98.88505793443588,98.38280737977243,96.93273811192759,94.87902132326653,92.45118790258593,89.82759705932625,87.15884234404453,84.55085271208537,81.99406307232691,79.46342207286754,76.94226269213205,74.417550320717,71.87792512233335,69.31405354556676,66.72094128082902
56.136385452973045,58.20505968304529,60.214546275305096,62.1845526764054,64.13483552010317,66.08517824442188,68.0553793011664,70.06524577177674,72.13458982150853,74.26340615621956,76.37240886211194,78.3624921225911,80.13455087962939,81.63126331833351,82.96243849228112,84.27966847616548,85.73454556535337,87.41252889052211,89.13454446865023,90.6809725851736,91.93454402988775,92.7958463976087,93.13454391290077,92.84290572572178,91.93454402988775,90.46858999229082,88.56490757320053,86.35854398986726,83.98454656776863,81.55642213078141,79.1015151907956,76.62563021209192,74.13457274367619,71.63415025983518,69.13017363127051,66.6284596746944,64.13483552010317
54.33060038961932,56.39886479806255,58.40810257218081,60.37795474647683,62.32814037949046,64.27842105917314,66.24858219907274,68.25842290862441,70.32775036620414,72.4565561682044,74.56555246924981,76.55563196370458,78.32768855004835,79.82439973284079,81.15557410101422,82.47280349716006,83.92768011416636,85.60566305906121,87.32767837325898,88.87410632729839,90.127677676767,90.98897999328298,91.32767749106176,91.03603931888028,90.127677676767,88.6617237534548,86.75804155382467,84.55167837987418,82.17768170540084,79.74955859834367,77.29465401812465,74.8187732389685,72.32772325697351,69.82731412436742,67.32336128464917,64.82168961938729,62.32814037949046
53.18963207965372,55.28019005710695,57.322558728209984,59.3360773010029,61.3394815763254,63.35014053827007,65.383365750803,67.45203566499507,69.56686845899438,71.72166132674522,73.84772541019532,75.86265950360578,77.68662168099638,79.28072812790612,80.74965970292135,82.2256709566189,83.8270610964736,85.60459485634219,87.39105830160958,89.0051283835559,90.40389597931552,91.53562051948586,92.065390497283,91.64145201750947,90.40389597931552,88.59920999836953,86.40997015726936,83.98755442672365,81.46695988299052,78.9518349446559,76.44847089242802,73.94678654020849,71.44161451109426,68.92983387829494,66.40924496781844,63.878738398479115,61.3394815763254
51.821306580220934,53.887889485266896,55.896105960190425,57.865324945015516,59.8151114134335,61.76513730280065,63.735134511765295,65.74486942143407,67.81412873385418,69.94289127656512,72.05186127176273,74.04192529839167,75.81397296922184,77.31067899370188,78.64185005237519,79.95907703454145,81.41395171218647,83.09193309520575,84.81394732537831,86.36037461205692,87.61394557032918,88.47524767653385,88.81394510238141,88.52230699179819,87.61394557032918,86.14799211641193,84.2443108181574,82.03794932563994,79.66395572184052,77.2358380771137,74.78094318898194,72.30507965823509,69.81406042430555,67.31370612693118,64.80985098891824,62.30835300895893,59.8151114134335
51.17640001628929,53.25137176289084,55.26989998480744,57.25172570061352,59.216439548806065,61.18326256443338,63.17083024842218,65.19705072101785,67.27915133879263,69.41529675951892,71.52912967764576,73.52626593780673,75.31314200658828,76.83799771451672,78.20974903745056,79.57488200586806,81.07505303634645,82.78441738728945,84.52701222567421,86.09526359195723,87.39646049424395,88.34934071274174,88.75503604605696,88.41680431148612,87.39646049424395,85.82105162135323,83.82952854872283,81.55933333513696,79.14328761632368,76.69068390864555,74.22229294645304,71.73926942919334,69.24431309633474,66.74075073835478,64.23218711737672,61.72255139489546,59.216439548806065
39.40513269859303,41.44948785110583,43.444143827936315,45.4049325967135,47.34939557592233,49.29601976337946,51.26382681766188,53.27214758616876,55.34049579543398,57.46867985332406,59.577298033091125,61.567155178114774,63.33908359946378,64.83572062731292,66.166847418105,67.48404211056922,68.93889084688075,70.61685133777954,72.33885106763904,73.88526942743266,75.13883515289675,76.00013444588572,76.33883090954912,76.04719362293164,75.13883515289675,73.6728879778044,71.7692187367029,69.56287973559584,67.18892720583395,64.76088262545801,62.3061173758237,59.830484544421125,57.33987653653446,54.840255504222625,52.33770651861681,49.83852945696461,47.34939557592233
40.39496789693992,42.44443351033354,44.44221713165595,46.40495406700883,48.35064876740888,50.29806063077643,52.26637507392333,54.275023558217754,56.34358295170438,58.47190111401645,60.58060085839011,62.570505969048725,64.34246203926506,65.83911506475572,67.1702521196546,68.48745429897349,69.94230905020567,71.62027438530285,73.34227747732052,74.88869790697717,76.14226484576588,77.0035647910521,77.34226147781615,77.05062400014657,76.14226484576588,74.67631621481044,72.77264417803681,70.56629996189962,68.1923379084513,65.7642763870833,63.30948107948831,60.83379475987826,58.34309141363978,55.84330039888613,53.34044868109788,50.84073386344524,48.35064876740888
41.38757799082242,43.44111834156557,45.44139148971297,47.40567749060777,49.35235093865921,51.3003884422951,53.26910578972219,55.278014459704465,57.34674150149719,59.4751661148305,61.583930601655084,63.57387378433816,65.34585180009773,66.84251752317076,68.17366272481017,69.49087084651063,70.94573037182417,72.62369955178437,74.3457053123582,75.89212738487018,77.14569528667698,78.00699574969258,78.34569261353197,78.05405498422405,77.14569528667698,75.67974550020014,73.77607124449418,71.5697228891669,69.19575327670788,66.76767830909296,64.31285914394088,61.8371303690228,59.34635134734697,56.84642540053039,54.34333335047279,51.84319154631345,49.35235093865921
42.38240166876896,44.43918790765434,46.44144149359876,48.40695875988776,50.35440975338361,52.30294411904096,54.271981371243925,56.28109659958221,58.34995672363297,60.47846583492925,62.58728171075654,64.5772551122806,66.34925054662168,67.84592634792736,69.17707801571055,70.49429085392084,71.94915416844782,73.62712640009049,75.34913427870472,76.89555765515433,78.14912632131018,79.01042719524831,79.3491241996326,79.05748644996916,78.14912632131018,76.68317561769413,74.77949960081662,72.57314796020069,70.19917234811581,67.77108670809886,65.31624860685234,62.84048613406951,60.34964704539652,57.84961399227649,55.34633115660856,52.845850346331886,50.35440975338361
43.37898934068912,45.43835929257173,47.44218759613527,49.40868323644744,51.35675181784826,53.30568072662666,55.27497196269755,57.28425116728815,59.353216931215684,61.48179311346074,63.59064977858429,65.58064716548304,67.35265642520858,68.84934022571042,70.1804970257204,71.49771360745123,72.95257992949306,74.63055458326572,76.35256414297348,77.8989885543607,79.15255782718143,80.01385902726926,80.3525561432042,80.06091829801443,79.15255782718143,77.68660639563066,75.78292898090805,73.57657473274966,71.20259435873646,68.77450024795988,66.3196471169118,63.84385789744539,61.35297113144665,58.85285306128462,56.34941877770359,53.84866883084568,51.35675181784826
44.37698157445652,46.43840693251741,48.44348688577817,50.41075976749049,52.359318812298454,54.308560985814296,56.27805385645691,58.287463228478146,60.35651284665596,62.48514226621725,64.59403130697191,66.58404773149394,68.35606796459007,69.85275811411955,71.18391898760903,72.50113854058937,73.95600724970627,75.6339838259298,77.35599471992475,78.90241995274349,80.15598970707488,81.01729116602809,81.35598837050088,81.06435044949177,80.15598970707488,78.69003769776141,76.7863591735669,74.58000285579622,72.20601870222407,69.77791786815799,67.32305280781398,64.8472423590683,62.35631775021639,59.85613219775425,57.352577696480665,54.851614093398666,52.359318812298454
45.37609144349601,47.43915115616804,49.445225677776946,51.41311590134093,53.36206440598798,55.31155529078558,57.28120822879018,59.2907209269889,61.35983710525899,63.48850878123966,65.59742351927125,67.58745505422866,69.3594839969929,70.8561791857877,72.18734329241785,73.50456520369009,74.95943580743537,76.63741390951236,78.35942586253326,79.9058517473232,81.15942188383013,82.02072354824503,82.3594208229904,82.06778284180342,81.15942188383013,79.6934694159458,77.78979001116193,75.58343205073606,73.20944489731721,70.78133872694549,68.32646419822835,65.85063689952639,63.35968225394117,60.85944313807752,58.35579321151266,55.85466000266939,53.36206440598798
46.47609017158183,48.540448952881206,50.54731357898115,52.51569406767214,54.464951799490464,56.41464013250261,58.38442013489494,60.39401485083401,62.46318386099023,64.59188907713124,66.70082421155954,68.69086773984367,70.46290359553788,71.9596027840246,73.29076945681149,74.60799323986731,76.06286534738365,77.74084466053333,79.46285745410461,81.00928385636487,82.2628542962049,83.12415612369492,83.46285345421569,83.17121542526547,82.2628542962049,80.7969014643524,78.89322136064372,76.68686209643977,74.3128725620355,71.88476215621806,69.42988011239481,66.95403943970605,64.46306095342007,61.96277932257789,59.45905365158819,56.95778580973693,54.464951799490464
47.47679551913055,49.542186558895466,51.54967874237242,53.51844853164255,55.467951768256526,57.41779684496966,59.387677710303194,61.39733752861656,63.46654847342535,65.59528031117662,67.70423163452207,69.69428468202065,71.46632602454989,72.96302838760954,74.2941970971635,75.61142236585874,77.06629566692123,78.7442759413012,80.46628940201835,82.01271621499532,83.2662868955911,84.12758885251395,84.4662862273037,84.17464816044378,83.2662868955911,81.80033377485674,79.89665311641068,77.69029281739628,75.31630139319913,72.88818762569541,70.43329961709486,67.9574483293601,65.46645092036371,62.96613554430317,60.46234975157131,57.960975040829254,55.467951768256526
48.47806242531583,50.54427351812378,52.55226407863101,54.5213429674789,56.471041106140376,58.42101060865295,60.39097153643472,62.40068302959283,64.46992725919013,66.59868022701093,68.70764439968883,70.69770500265886,72.46975070011649,73.96645558284605,75.29762590898756,76.614852356838,78.06972660522007,79.74770764252982,81.46972163276138,83.01614877172457,84.26971964340835,85.13102170306217,85.46971911298826,85.17808101603936,84.26971964340835,82.80376629338826,80.90008519464662,78.69372407430191,76.31973115017296,73.89161471449027,71.43672197162168,68.96086225865278,66.46984983048095,63.96950767015666,61.46567415665443,58.96421461733803,56.471041106140376
49.47977549170669,51.546637933452516,53.55502423537858,55.52434852700142,57.474201387727746,59.42426965855651,61.394294136657464,63.40404664609238,65.47331729462046,67.60208703369311,69.71106140500655,71.70112800479978,73.47317715878185,74.96988404138082,76.30105565061154,77.61828303435959,79.07315803463061,80.75113967747862,82.47315408798627,84.01958148568502,85.2731525090355,86.13445465022694,86.47315208804075,86.18151396721021,85.2731525090355,83.80719897703113,81.90351752882651,79.69715575659106,77.32316164196405,74.89504308854205,72.44014658806906,69.96428018794552,67.47325583891379,64.97289241948553,62.46902102865222,59.96749415664347,57.474201387727746
50.48184296007642,52.54922267571138,54.557923190836945,56.527442303060795,58.4774179845453,60.427564655080346,62.39763957607167,64.40742464136002,66.4767162590966,68.60549930971254,70.71448177575996,72.70455313526112,74.47660503269813,75.97331350259839,77.30448613021946,78.62171425679088,80.0765898538371,81.75457197730148,83.47658672138263,85.02301432443997,86.27658546816843,87.13788767407634,87.47658513402465,87.18494699423927,86.27658546816843,84.81063179172301,82.90695006614934,80.7005877765076,78.3265927169808,75.89847248270527,73.4435729998113,70.96770129206317,68.47666748135524,65.9762871883006,63.47238573337144,60.97080541671808,58.4774179845453
51.58419189683241,53.651982360835845,55.660932338381016,57.6306061077277,59.580679283311625,61.53088818429738,63.50100314370761,65.5108140493581,67.58012231067475,69.70891592679044,71.8179048176776,73.80797995497792,75.58003402990269,77.07674375964721,78.40791719556636,79.72514591171772,81.18002198242509,82.85800448735512,84.58001949619384,86.12644726224443,87.38001850151696,88.24132075879038,88.58001823630686,88.28838008147697,87.38001850151696,85.91406471042858,84.01038276470689,81.80402006439932,79.43002425490451,77.00190268653299,74.5470008364846,72.0711249160554,69.58008359555755,67.0796899097302,64.57576459238427,62.074141855018055,59.580679283311625
52.58676434827525,54.654880941862544,56.66402896275605,58.63382550112863,60.58397606488661,62.53423436108841,64.50438110019105,66.51421251583199,68.58353398736102,70.7123359893956,72.82132997970983,74.81140811546172,76.58346391866358,78.08017464834865,79.41134872581512,80.72857790991674,82.18345435656943,83.86143716426908,85.58345238324607,87.12988027866453,88.38345159377045,89.24475389181269,89.58345138327303,89.29181321650233,88.38345159377045,86.91749771168989,85.01381559123658,82.8074525649832,80.43345616023802,78.00533353299272,75.55042980412932,73.07455054008247,70.58350325902725,68.08309894324427,65.5791546859529,63.077498278192294,60.58397606488661
53.68951427472798,55.75788979215439,57.76719502844831,59.73708901974206,61.68730101098015,63.637598514001866,65.60777047740538,67.6176181721398,69.68695012874372,71.81575878673445,73.92475682448455,75.91483734011558,77.68689451505426,79.18360603839368,80.51478062505701,81.83201018057125,83.2868869256121,84.96486997362021,86.68688535938409,88.2333133574819,89.48688473277684,90.34818706317733,90.68688456570493,90.3952463894568,89.48688473277684,88.02093077847573,86.1172485193378,83.910885234381,81.5368883571851,79.10876488951044,76.65385966942847,74.1779777515439,71.68692573957038,69.18651298671986,66.68255369657427,64.180870563941,61.68730101098015
54.79240510812082,56.86098618055884,58.870416216625216,60.84038756333527,62.79064831239748,64.74097693503371,66.71116891944574,68.72102953509628,70.7903698137867,72.91918375464357,75.02818500485691,77.01826740940336,78.79032567309187,80.28703782635571,81.61821281716918,82.93544266747395,84.39031964934568,86.06830288808683,87.7903184062296,89.33674648582408,90.59031790889105,91.45162026497431,91.79031777628597,91.4986795925156,90.59031790889105,89.12436389726847,87.22068152805646,85.01431803776657,82.64032078558617,80.21219665086184,77.75729024719755,75.28140622295649,72.79035045603743,70.28993100664033,67.78595978477843,65.28425544018202,62.79064831239748
55.895407807743396,57.96415205893507,59.97368115987862,61.94371390802192,63.894013357959324,65.84436668096876,67.81457455636038,69.8244454274692,71.89379231145256,74.02261044534215,76.13161424529633,78.12169814907858,79.8937572769093,81.39046993014492,82.72164524173272,84.03887532601297,85.49375249585762,87.17173588598368,88.89375150919562,90.44017965347406,91.69375111445775,92.55505349092543,92.89375100920904,92.60211281946825,91.69375111445775,90.22779705733903,88.32411460076119,86.1177509474983,83.74375339769239,81.31562873353013,78.86072139045513,76.38483569439515,73.89377694716559,71.39335218268971,68.88937149053511,66.38765030972932,63.894013357959324
56.99849931349627,59.06737309842269,61.07698083428829,63.04706231955271,64.99739248750677,66.94776541566821,68.91798590392429,70.92786491487158,72.99721704151005,75.12603850342384,77.23504432711316,79.22512942084128,80.99718923454276,82.49390228460646,83.82507785079312,85.14230812077992,86.59718543981876,88.27516895009914,89.99718465670458,91.54361285232271,92.79718434340091,93.6584867360477,93.99718425986495,93.70554606538545,92.79718434340091,91.33123025017191,89.42754772425175,87.22118394163707,84.84718615560556,82.41906107122799,79.96415298254169,77.4882659595565,74.99720484684771,72.4967758637745,69.99278765499119,67.4910531111114,64.99739248750677
58.38803482119077,60.505840504956225,62.589372533548314,64.6566726306857,66.72432406526723,68.80597221196275,70.91118387594058,73.04506849927608,75.20910181130132,77.39151349939408,79.53553447174401,81.57637666244626,83.45349835633515,85.1439871097861,86.74220227864691,88.35783866508336,90.07994359994765,91.93540450713931,93.77065632662878,95.43459056635311,96.93598719541686,98.24417424776956,98.8882783777913,98.38603534752514,96.93598719541686,94.88229650217947,92.45448952650898,89.83092213792276,87.16218540445638,84.55420735999522,81.9974244997171,79.46678720972915,76.94562988766319,74.42091918700288,71.88129645713802,69.31742923314268,66.72432406526723
56.1398461518519,58.20852093800568,60.21800786785788,62.188014478200884,64.13829745378256,66.08864026227452,68.05884137317182,70.06870787873042,72.1380519509715,74.2668682999714,76.3758710145527,78.36595428014093,80.13801304012401,81.63472548053191,82.96590065557265,84.28313064025434,85.73800773008281,87.41599105576742,89.1380066342536,90.6844347509974,91.93800619584073,92.79930856363117,93.13800607894697,92.84636789174766,91.93800619584073,90.47205215808876,88.56836973870077,86.36200615481212,83.98800873169927,81.55988429290784,79.10497734972071,76.62909236531986,74.13803488674796,71.6376123847944,69.13363572395717,66.63192171000712,64.13829745378256
54.33406022709029,56.402325517901744,58.41156382777953,60.381416334174745,62.33160217651984,64.28188298981057,66.25204421566886,68.26188498069595,70.33121247400638,72.4600182986886,74.56901461352672,76.55909411609157,78.3311507071099,79.82786189260693,81.15903626251557,82.4762656599271,83.93114227795024,85.609125223664,87.33114053843013,88.87756849281945,90.13113984249317,90.9924421591194,91.33113965693593,91.03950148472214,90.13113984249317,88.66518591893487,86.76150371883213,84.55514054400001,82.18114386791672,79.75302075799556,77.29811617269479,74.822235384495,72.33118538637812,69.83077622502049,67.32682333407372,64.82515157773959,62.33160217651984
53.19307064938228,55.28362682854632,57.325992761468854,59.33950771739009,61.34290761288575,63.35356165943618,65.38678180478888,67.45544705538623,69.57027628434619,71.72506713308255,73.85112989692772,75.86606207677809,77.69002029190526,79.2841194300584,80.75304094315302,82.22904098827989,83.83042114284945,85.60794830773747,87.39440756339232,89.00847331442867,90.40723183837805,91.53894027017154,92.06869945603805,91.64476839799465,90.40723183837805,88.60256750261455,86.4133472670523,83.99094725056185,81.4703638231124,78.95524566140904,76.45188544265011,73.95020314854531,71.4450322498773,68.93325252842581,66.41266495457924,63.882160713870604,61.34290761288575
51.82476288417335,53.89134800896764,55.899565832524644,57.8687856536404,59.818572649321155,61.76859887527016,63.73859630080045,65.74833135024355,67.81759075269335,69.94635335255686,72.05532338250907,74.0453874295738,75.81743511218298,77.31414114347811,78.6453122065239,79.96253919187947,81.41741387208675,83.09539525716956,84.81740948877432,86.36383677633467,87.61740773512375,88.4787098416063,88.81740726754887,88.52576915688428,87.61740773512375,86.15145428058634,84.24777298114091,82.04141148640198,79.66741787854559,77.23930022660204,74.78440532566522,72.3085417721301,69.81752249757703,67.31716812775652,64.8133128606662,62.31181465125189,59.818572649321155
51.17985595716105,53.25482720523472,55.27335466114124,57.25517935210131,59.21989193898776,61.1867135119211,63.17427967770213,65.20049872437497,67.28259823308366,69.41874301822985,71.53257551798472,73.52971116725502,75.31658595502533,76.84143924144301,78.21318710046916,79.57831602088359,81.07848326466863,82.78784501514357,84.53043815835018,86.09868773572059,87.39988076505212,88.35275365461094,88.75844372315325,88.42021564135268,87.39988076505212,85.82448085693866,83.83296514398724,81.56277537261747,79.14673328267145,76.6941317037152,74.22574191898748,71.74271902612708,69.24776303395515,66.74420094946812,64.23563772774368,61.72600269557978,59.21989193898776
39.40850434411552,41.45287896713478,43.4475468713405,45.40834307384121,47.3528107547089,49.29943794953594,51.267246941331805,53.275568961372954,55.343917977192646,57.4721025472744,59.58072103857293,61.570578366801385,63.342506893756166,64.83914398270915,66.17027081270565,67.48746553376645,68.94231429305248,70.62027480245405,72.34227454515559,73.88869291285528,75.14225864295375,76.00355793843423,76.3422544029498,76.05061711560256,75.14225864295375,73.67631146230059,71.77264221052077,69.56630318949448,67.1923506233561,64.76430597827292,62.30954061383085,59.833907578129526,57.343299206103296,54.8436775245727,52.34112738279593,49.84194826758626,47.3528107547089
40.39835011179264,42.447831257696,44.445624376003934,46.408367223431554,48.35406566034686,50.30147991262909,52.26979589438777,54.278445372355435,56.34700540613791,58.47532397502903,60.58402396668487,62.573929222760356,64.34588537679869,65.84253845078857,67.1736755368045,68.49087773882079,69.94573250828793,71.6236978580709,73.34570096028136,74.89212139621303,76.14568833868009,77.00698828594383,77.34568497338427,77.05404749513548,76.14568833868009,74.67973970331103,72.776067658062,70.56972342611482,68.1957613437942,65.76769977106731,63.312904372347035,60.837217890577776,58.34651425529884,55.84672272518793,53.343870089518134,50.844153641235366,48.35406566034686
41.39096864184509,43.44452137071107,45.444802075742516,47.40909277658686,49.355769193345445,51.30380859430254,53.272527163434944,55.28143662230407,57.35016417238384,59.47858910845207,61.58735379155692,63.577297089661954,65.34927517195277,66.8459409335203,68.17708615985764,69.4942942995732,70.94915383935995,72.62712303097629,74.34912879964017,75.89555087713265,77.14911878185899,78.01041924644414,78.34911611082035,78.05747848105273,77.14911878185899,75.68316899187906,73.77949472944613,71.5731463615704,69.1991767261953,66.77110171781631,64.31628248033661,61.840553576708146,59.34977432560642,56.84984796970515,54.34675519098079,51.8466120921353,49.355769193345445
42.38579904560042,44.44259514065725,46.44485473659222,48.41037573798937,50.357829089663014,52.306364962006015,54.27540318419754,56.28451903880676,58.35337956633808,60.481888933809955,62.590704965432735,64.58067845857009,66.35267394571812,67.84934977757732,69.18050146496344,70.49771431747243,71.95257764348688,73.63054988438108,75.35255776941639,76.89898114981904,78.15254981829212,79.013850693476,79.35254769828637,79.06090994825804,78.15254981829212,76.68659911189565,74.78292308967895,72.57657143910325,70.20259580882978,67.77451013645809,65.31967197780419,62.843909402861016,60.35307013208356,57.853036754244215,55.34975334014251,52.84927150198655,50.357829089663014
43.38239207482233,45.44176986957899,47.445602950910995,49.412101558781636,51.36017201307608,53.309102118203896,55.27839412435716,57.287673826101866,59.35663991030543,61.48521629589028,63.59407308467368,65.58407054428773,67.35607984592683,68.85276367067928,70.18392048624821,71.501137079328,72.95600341048748,74.63397807160311,76.35598763640732,77.90241205093207,79.15598132559197,80.01728252666857,80.35597964294169,80.0643417974623,79.15598132559197,77.69002989183437,75.78635247287403,73.57999821681057,71.20601782836101,68.77792369190428,66.32307051529133,63.847281214738416,61.35639430419758,58.85627597628766,56.352841233546386,53.85209047067977,51.36017201307608
44.38038857272498,46.44182016833872,48.446903918537615,50.41417915749588,52.36273968958133,54.31198281295059,56.28147629493526,58.29088606159999,60.35993593400204,62.48856551496246,64.59745465386908,66.58747113610639,68.35949140246979,69.85618157124713,71.18734245708586,72.50456201907389,73.9594307354275,75.63740731747916,77.35941821551918,78.90584345082816,80.15941320661932,81.02071466635729,81.3594118710985,81.06777394985954,80.15941320661932,78.69346119555429,76.78978266799629,74.58342634395134,72.209442178921,69.78134132447244,67.32647622796324,64.85066571485802,62.35974099127938,59.859555234231266,57.35600036848601,54.85503611762377,52.36273968958133
45.3795018338259,47.44256650524419,49.44864404352708,51.416536139232385,53.365485824812,55.314977463704295,57.28463088701157,59.294143898471816,61.36326027853305,63.491932082621474,65.60084689855825,67.59087847932503,69.36290744849376,70.85960265256571,72.19076676899753,73.50798868741921,74.96285929690828,76.64083740361107,78.36284935984253,79.90927524660901,81.16284538427453,82.02414704931232,82.36284432427072,82.07120634290132,81.16284538427453,79.696892915,77.79321350754654,75.58685554214074,73.21286837962751,70.78476219307814,68.32988763565643,65.85406028587155,63.36310554922542,60.862866270974635,58.35921605510576,55.85808233204733,53.365485824812
46.47950325900443,48.54386598111245,50.550733003467236,52.51911497883057,54.46837364825801,56.41806257991874,58.387842967546604,60.39743793214217,62.466607102468444,64.59531242029192,66.70424761655482,68.69429118119834,70.46632705784995,71.96302625846221,73.29419293902872,74.61141672775906,76.06628883983427,77.74426815665547,79.46628095277498,81.01270735660401,82.26627779736361,83.127579625348,83.46627695603789,83.17463892694286,82.26627779736361,80.80032496440771,78.89664485858015,76.69028559042366,74.31629604880112,71.88818563014344,69.43330356353721,66.95746285030347,64.46648429174098,61.96620253200753,59.4624766313828,56.9612083813536,54.46837364825801
47.4802107502756,49.54560492104875,51.55309900764473,53.52186997736206,55.471373958347414,57.42121951028588,59.39110068141291,61.40076069709808,63.46997176903916,65.59870368749793,67.7076550599223,69.69770813627959,71.46974949544287,72.96645186812663,74.29762058385529,75.6148458570544,77.06971916173526,78.7476994390293,80.46971290176899,82.0161397159911,83.26971039731674,84.13101235463199,84.46970972955596,84.17807166258112,83.26971039731674,81.80375727570662,79.9000766155788,77.69371631342727,75.31972488350098,72.89161110580591,70.4367230791224,67.96087175920681,65.4698742928436,62.96955881447917,60.4657728394769,57.96439780473534,55.471373958347414
48.48147935985237,50.547692939753276,52.55568501153019,54.52476483759875,56.47446356718825,58.42443344693635,60.39439461744662,62.40410626726704,64.47335059777262,66.60210362965229,68.71106784128465,70.70112846716003,72.47317417782016,73.96987906818839,75.30104939923078,76.61827585065598,78.07315010190993,79.75113114153261,81.47314513336946,83.0195722733209,84.27314314558399,85.13444520554924,85.47314261558185,85.18150451854174,84.27314314558399,82.8071897948688,80.90350869479235,78.69714757195769,76.32315464328151,73.89503819950994,71.44014544228884,68.9642857037778,66.47327323007335,63.9729309885486,61.46909733037258,58.967637533879696,56.47446356718825
49.483193779435965,51.55005819645643,53.558445698359094,55.527770734043,57.47762406386485,59.427692634136505,61.397717304903836,63.40746993868686,65.47674066730798,67.60551045722502,69.71448485945692,71.70455147743027,73.4766006418912,74.97330753055303,76.30447914367355,77.62170653025889,79.07658153280934,80.75456317749313,82.47657758927488,84.02300498775801,85.2765760115683,86.13787815300694,86.4765755909053,86.18493747000235,85.2765760115683,83.81062247901221,81.90694102974817,79.70057925553644,77.3265851373003,74.89846657745812,72.44357006559349,69.96770364519703,67.47667926002569,64.97631577614747,62.472444270482924,59.970917194341766,57.47762406386485
50.48526232259866,52.55264360680941,54.56134507466024,56.53086477756456,58.48084083141809,60.43098773964053,62.401062813559236,64.410847977546,66.48013965885379,68.60892274982544,70.71790524041306,72.70797661434386,74.48002852009799,75.97673699481032,77.30790962551873,78.62513775434215,80.08001335319756,81.75799547811897,83.4800102232114,85.02643782689131,86.28000897098471,87.14131117708881,87.48000863710422,87.18837049726136,86.28000897098471,84.8140552941014,82.91037356768683,80.7040112764765,78.33001621408516,75.90189597471392,73.44699648277839,70.97112475893954,68.48009091954737,65.97971057533806,63.47580902926502,60.97422855058457,58.48084083141809
51.58761211289959,53.65540382238635,55.66435455630115,57.6340287945461,59.584102265709575,61.534311355360174,63.50442643615395,65.51423742014349,67.58354573191744,69.71233938006381,71.82132829042868,73.81140343918184,75.58345752070795,77.08016725427183,78.4113406926414,79.72856941058014,81.18344548272347,82.86142798880995,84.58344299845132,86.12987076499604,87.38344200455822,88.24474426198736,88.58344173955709,88.29180358468162,87.38344200455822,85.9174882131223,84.01380626673321,81.80744356518065,79.43344775341224,77.00532618099622,74.55042432377154,72.0745483905711,69.58350704730637,67.0831133208771,64.57918793118883,62.07756506521713,59.584102265709575
52.59018524210494,54.658302824550574,56.66745144589548,58.637248356480015,60.58739915485857,62.53765760081147,64.50780443625945,66.5176359140794,68.58695742565698,70.71575945311453,72.82475345888828,74.81483160373034,76.58688741217165,78.08359814488819,79.41477222429955,80.73200140981983,82.18687785761222,83.86486066622977,85.58687588584382,87.13330378165449,88.3868750969903,89.24817739515615,89.58687488665875,89.29523671985183,88.3868750969903,86.92092121463388,85.01723909365084,82.8108760664093,80.4368796598596,78.00875702940418,75.55385329484493,73.0779740206615,70.58692672153614,68.08652237352706,65.58257805881668,63.08092154897902,60.58739915485857
53.69293570668931,55.761312009173295,57.770617722121685,59.740512008869985,61.69072418633847,63.64102180822256,65.61119384809741,67.62104159218417,69.69037358057494,71.81918225874405,73.92818030876441,75.91826083161035,77.69031801070764,79.18702953645307,80.51820412466012,81.8354336813003,83.29031042724577,84.96829347598239,86.69030886225192,88.23673686066103,89.49030823613842,90.35161056663702,90.69030806919815,90.39866989292129,89.49030823613842,88.02435428161836,86.12067202206,83.9143087363189,81.54031185769074,79.11218838746818,76.65728316286541,74.18140123693544,71.69034921061957,69.18993643219102,66.68597709647133,64.18429388281767,61.69072418633847
54.79582696731808,56.86440866298284,58.873839077417955,60.84381065864916,62.794071555530024,64.74440027251046,66.7145923176191,68.72445297244111,70.79379327636099,72.92260723323352,75.03160849318579,77.02169090345875,78.79374917044791,80.29046132562146,81.62163631766012,82.93886616885858,84.39374315144832,86.07172639076768,87.79374190931178,89.34016998915331,90.59374141236515,91.45504376852625,91.79374127986456,91.50210309607135,90.59374141236515,89.12778740056876,87.22410503102307,85.01774154011068,82.64374428679345,80.21562015004689,77.76071374279445,75.28482971216772,72.79377393386508,70.2933544641666,67.78938320613214,65.28767879722871,62.794071555530024
55.898830006114,57.96757475204055,59.97710415332568,61.94713708762035,63.897436654886235,65.84779005277863,67.81799797634596,69.82786887854553,71.89721578255367,74.02603392915493,76.13503773683895,78.12512164516632,79.89718077561679,81.39389343036814,82.72506874292839,84.04229882791796,85.49717599833245,87.17515938891748,88.89717501244795,90.44360315692248,91.69717461802111,92.55847699455059,92.89717451285534,92.60553632309644,91.69717461802111,90.23122056076447,88.32753810392178,86.1211744501648,83.7471768994566,81.3190522336893,78.86414488776637,76.3882591866381,73.89720043037335,71.39677564978419,68.89279492891919,66.39107369707216,63.897436654886235
57.001921781116806,59.070795958764634,61.08040393303048,63.05048556605077,65.00081582713148,66.9511888147288,68.92140934122247,70.93128837684668,73.00064051937892,75.129461991382,77.23846782120651,79.2285529185421,81.00061273432289,82.49732578558961,83.8285013525481,85.1457316230979,86.60060894258905,88.27859245323368,90.00060816009194,91.54703635586571,92.80060784703515,93.661910239731,94.000607763565,93.70896956907114,92.80060784703515,91.33465375369667,89.43097122756629,87.22460744455947,84.85060965781184,82.42248457216033,79.9675764812136,77.4916894542057,75.00062833432568,72.50019933846329,69.99621110689239,67.49447652250069,65.00081582713148
58.39508410746106,60.5128487969107,62.59631938001931,64.66354006751611,66.73109791791458,68.8126442548206,70.91775436185067,73.05154842170823,75.21551430226977,77.39788847054425,79.54188517620213,81.58269253116418,83.45974339386683,85.15010591232142,86.74815608865977,88.36361970898227,90.08557968336147,91.94094912670263,93.77614451163453,95.44002172306023,96.94130301640071,98.24929801330828,98.89328180372092,98.39112084892801,96.94130301640071,94.88789694018577,92.4603783736277,89.83706676406605,87.1685261156145,84.56067442339207,82.00396548597152,79.47336864315216,76.9522337681373,74.42754128474094,71.88794547049774,69.32412570672386,66.73109791791458
56.1474821910942,58.21615820267631,60.22564587647547,62.19565294792312,64.14593621413518,66.09627920811832,68.06648043835123,70.07634702092467,72.14569114276911,74.27450752325718,76.3835102569861,78.37359353383303,80.14565230030553,81.64236474446803,82.97353992191766,84.29076990835642,85.74564699959649,87.42363032641794,89.14564590569314,90.6920740229227,91.94564546805077,92.8069478359943,93.14564535136245,92.85400716411831,91.94564546805077,90.47969142995714,88.57600900991308,86.36964542480057,83.99564799945264,81.56752355668533,79.11261660644358,76.63673160948798,74.14567410853505,71.64525156666714,69.14127483471142,66.63956069432744,64.14593621413518
54.34169436806019,56.40996160333404,58.419201093856856,60.389054332093735,62.33924063573912,64.28952174345972,66.2596831587437,68.26952404602099,70.3388516180706,72.46765749273663,74.57665383796953,76.5667333584064,78.33878995972599,79.83550115118307,81.1666755249156,82.48390492511629,83.93878154538024,85.61676449289862,87.33877980891725,88.88520776407766,90.13877911420337,91.00008143107263,91.33877892897223,91.04714075668727,90.13877911420337,88.67282519010271,86.7691429889585,84.56277981218365,82.1887831325524,79.76066001631992,77.30575541982066,74.82987461169148,72.33882457804714,69.83841535333016,67.33446234949204,64.83279039246351,62.33924063573912
53.20045269217664,55.290989267232476,57.33332534960587,59.346800875494665,61.3501530229299,63.36075348208084,65.39391838451469,67.46253279144602,69.57732315302448,71.73209198954763,73.85814036639428,75.87305168355525,77.6969666995491,79.29098615172734,80.75979795901502,82.23567579276802,83.83694707075632,85.61440232430249,87.4008158959542,89.01483442171286,90.41349402265797,91.54502679557092,92.07466829308407,91.65081817099787,90.41349402265797,88.6090657114066,86.42005924747369,83.99783056301271,81.47736833314002,78.96232405324585,76.45900562804098,73.9573457718991,71.45218719751975,68.9404174116865,66.41984440988742,63.88936555597115,61.3501530229299
51.832389238365806,53.89897925479835,55.90720005032222,57.87642171435982,59.82620987196154,61.776236839630556,63.74623474240303,65.75597009986441,67.82522970071116,69.95399242652081,72.06296253306112,74.05302662515982,75.82507433372625,77.32178038003968,78.652951452721,79.9701784451048,81.42505313095852,83.1030345205887,84.82504875534957,86.37147604485293,87.62504700478098,88.48634911187585,88.82504653802783,88.53340842718389,87.62504700478098,86.15909354887694,84.25541224680717,82.04905074717277,79.67505713037619,77.24693946252916,74.79204453337411,72.31618092962088,69.82516156554641,67.32480703607757,64.82095148454161,62.319452769481146,59.82620987196154
51.187427367063535,53.262393180687795,55.28091228630851,57.26272580538151,59.227424642676894,61.19423048863821,63.18178010419557,65.20798360659502,67.29007102510776,69.4262088816258,71.54003682059012,73.53716581035926,75.3240266334085,76.84885352201464,78.22056361935807,79.58564841013852,81.08577437253528,82.79510777324373,84.53768243585911,86.10591251066558,87.40706331706068,88.35985630534122,88.76548897548614,88.42730071755383,87.40706331706068,85.83176114221743,83.84032566209142,81.57019521894979,79.15419268854802,76.70161431534596,74.23323736641262,71.7502212802445,69.2552690019566,66.75170989886027,64.24315102946001,61.733523522539244,59.227424642676894
39.40962400573147,41.45400509118677,43.44867695417645,45.409475623977585,47.35394486535304,49.30057305834238,51.268382693208906,53.276705128640515,55.345054412159556,57.47323915224021,59.581857746937516,61.57171513597248,63.34364369797834,64.84028080721198,66.1714076502206,67.48860238077275,68.9434511476841,70.62141166322684,72.34341141019073,73.88982978051445,75.14339551215113,76.00469480845857,76.34339127325694,76.05175398566752,75.14339551215113,73.67744832965231,71.7737790743283,69.5674400466907,67.19348746847882,64.765442801919,62.31067739937167,59.83504429586263,57.34443580297675,54.84481390596733,52.342263380451755,49.84308358365595,47.35394486535304
40.39947328146906,42.44895958273837,44.44675585316071,46.40950066284172,48.35520033992724,50.302615385102754,52.27093187753445,54.279581685307164,56.34814193160693,58.47646063544359,60.58516070917355,62.57506601351358,64.34702219537284,65.84367528545982,67.17481238180366,68.49201459135332,69.94686936687276,71.62483472153,73.34683782712348,74.89325826513786,76.14682520882579,77.00812515674588,77.34682184441078,77.05518436596977,76.14682520882579,74.6808765719918,72.77720452392977,70.57086028673517,68.19689819483173,65.76883660505857,63.31404117609338,60.8383546405027,58.347650909289854,55.84785920812939,53.34500626781026,50.84528927831322,48.35520033992724
41.39209461155778,43.445651448814466,45.445934662024065,47.410226922808796,49.35690432489727,51.30494435558499,53.27366333020747,55.282573050912006,57.35130076969469,59.47972581288016,61.58849056113138,63.578433897545494,65.35041200191836,66.84707777626238,68.17822301079707,69.49543115649192,70.95029070108242,72.6282598965675,74.3502656679165,75.89668774706203,77.15025565275735,78.01155611786345,78.35025298241786,78.05861535249764,77.15025565275735,75.68430586161475,73.78063159694909,71.57428322490847,69.20031358192743,66.77223856001865,64.31741929853308,61.841690352185026,59.350911024935755,56.850984533257346,54.34789151268495,51.84774798412675,49.35690432489727
42.38692724766083,44.443726614048515,46.44598820473571,48.41151044583599,50.358964580201196,52.30750095262077,54.27653949675627,56.28565555922785,58.354516220676274,60.48302567317407,62.59184175650611,64.58181528005034,66.35381078472523,67.85048662672531,69.18163832061776,70.49885117787252,71.9537145076997,73.63168675166455,75.35369463883106,76.90011802054573,78.1536866897879,79.01498756538527,79.35368457033704,79.06204682018762,78.1536866897879,76.68773598246858,74.78405995847979,72.57770830459842,70.20373266828807,67.77564698517767,65.32080880747,62.845046198619315,60.354206867400535,57.8541733817853,55.35088977569866,52.85040759638453,50.358964580201196
43.38352205500915,45.442902452865994,47.446737119966926,49.41323671278617,51.36130778870361,53.31023829090577,55.279530552653114,57.288810419405664,59.357776609910374,61.48635306298466,63.59520989281134,65.58520737655994,67.35721669211034,68.85390052491167,70.18505734564474,71.50227394249129,72.95714027667697,74.63511494022976,76.35712450672548,77.90354892229159,79.15711819756194,80.0184193989667,80.35711651535206,80.06547866977655,79.15711819756194,77.69116676307189,75.78748934270502,73.5811350840178,71.20715469077678,68.77906054579665,66.32420735406053,63.848418026594615,61.35753106807958,58.857412654621925,56.35397775948316,53.85322672577928,51.36130778870361
44.38151996820639,46.44295363410173,48.44803864452547,50.415314665866006,52.363875691586344,54.313119130216634,56.28261281510868,58.29202271275747,60.36107266953776,62.48970230406732,64.59859147555103,66.58860797694432,68.36062825434924,69.85731842951508,71.18847931945257,72.5056988844303,73.96056760318581,75.63854418717186,77.36055508655446,78.90698032268995,80.1605500789656,81.02185153896406,81.36054874379437,81.0689108224791,80.1605500789656,78.69459806731925,76.79091953864487,74.58456321251745,72.2105790436841,69.7824781824705,67.3276130739579,64.85180253949143,62.360877777834475,59.8606919528833,57.357136966168156,54.85617250030454,52.363875691586344
45.380634355153546,47.44370067240837,49.44977921194159,51.41767192902017,53.36662200655718,55.316113895737175,57.28576748011875,59.295280595552,61.36439704258868,63.49306888919665,65.60198373099053,67.59201532696167,69.36404430489416,70.86073951403668,72.19190363372171,73.50912555451632,74.96399616591177,76.6419742741499,78.36398623144694,79.91041211886944,81.16398225691954,82.02528392216405,82.36398119719317,82.0723432157632,81.16398225691954,79.69802978718357,77.79435037884404,75.58799241178542,73.21400524625372,70.78589905433489,68.331024487386,65.85519712064648,63.364242353776774,60.864003021628946,58.36035270973869,55.859218816009815,53.36662200655718
46.480636675513054,48.54500070559736,50.551868523281684,52.520250992079056,54.46950997270356,56.41919910305867,58.38897961854802,60.39857466567385,62.46774388916134,64.59644924073369,66.70538445751981,68.69542803423116,70.46746391783864,71.96416312247544,73.29532980562402,74.61255359623779,76.0674257098261,77.74540502786587,79.46741782483114,81.01384422918086,82.2674146702457,83.12871649839417,83.46741382914016,83.1757757999971,82.2674146702457,80.80146183692355,78.89778173039272,76.69142246092437,74.31743291690609,71.88932249398664,69.43444041981864,66.95859969312782,64.46762111057642,61.967339308063345,59.46361333122168,56.96234494571627,54.46950997270356
47.48134487829782,49.54674008826945,51.554234806520384,53.523006168034016,55.47251039607983,57.422356105747895,59.39223737836922,61.401897459563,63.47110857369992,65.59984051894587,67.70879190765977,69.69884499359543,71.47088635827959,72.96758873415766,74.29875745193571,75.61598272662971,77.07085603251151,78.74883631077276,80.47084977418373,82.0172765888191,83.27084727038698,84.13214922783249,84.47084660280099,84.17920853578799,83.27084727038698,81.8048941484862,79.90121348780019,77.69485318460741,75.32086175277962,72.892747971702,70.43785993901668,67.96200860842009,65.47101112301658,62.97069561069699,60.4669095751983,57.96553443291978,55.47251039607983
48.482614053239516,50.548828458619596,52.55682103199452,54.52590116913123,56.475600094852595,58.425570099806976,60.39553135087999,62.40524305269739,64.47448741669488,66.603240469836,68.71220469439751,70.7022653278753,72.4743110429174,73.97101593582096,75.30218626848995,76.61941272110163,78.0742869733088,79.75226801369912,81.47428200606876,83.02070914634822,84.2742800188036,85.13558207887223,85.47427948894018,85.1826413918698,84.2742800188036,82.80832666785768,80.9046455673382,78.69828444367712,76.3242915134917,73.89617506703539,71.44128230505062,68.96542255806204,66.47441006924508,63.97406780076953,61.47023409457559,58.96877421272461,56.475600094852595
49.484328921954926,51.55119399457918,53.55958189476004,55.528907177401436,57.478760662918376,59.42882933257653,61.39885406729073,63.408606742345484,65.47787749754987,67.60664730434237,69.71562171683627,71.7056883408437,73.4777375087826,74.9744443994567,76.3056160138683,77.62284340139536,79.07771840470235,80.75570004999543,82.47771446220008,84.02414186094356,85.27771288490644,86.13901502642712,86.47771246435353,86.18607434342657,85.27771288490644,83.81175935216726,81.90807790255155,79.7017161276839,77.32772200824988,74.89960344627681,72.44470693063124,69.9688405035061,67.47781610633984,64.97745260107038,62.47358105729279,59.97205391339915,57.478760662918376
50.48639782184697,52.55377962667595,54.562481410740986,56.53200130969499,58.48197748713959,60.432124474251594,62.40219959892762,64.41198479567285,66.48127649808023,68.61005960244613,70.71904210117876,72.70911347989883,74.48116538841344,75.97787386472292,77.30904649645606,78.6262746260269,80.08115022548279,81.7591323508878,83.48114709631588,85.02757470020241,86.28114584441693,87.14244805058615,87.48114551062385,87.18950737076192,86.28114584441693,84.81519216738829,82.91151044069466,80.7051481489637,78.33115308562158,75.90303284455906,73.4481333496226,70.97226162044316,68.48122777153054,65.98084741034276,63.476945834018636,60.97536530156063,58.48197748713959
51.58874789544382,53.65654001831267,55.66549100327025,57.635165397144775,59.58523896641249,61.535448118681856,63.505563239763404,65.51537424975403,67.58468257827502,69.71347623705253,71.82246515388212,73.81254030643655,75.58459439015365,77.0813041249852,78.41247756416809,79.72970628270006,81.18458235532,82.8625648617903,84.58457987169808,86.1310076384068,87.38457887806513,88.24588113554596,88.58457861313337,88.29294045824273,87.38457887806513,85.91862508651386,84.01494313990325,81.80858043793747,79.43458462541444,77.00646305165604,74.5515611920495,72.07568525461025,69.5846439037891,67.08425016388385,64.58032475018479,62.07870184152834,59.58523896641249
52.591321249601904,54.65943916025451,56.66858798089213,58.6383850150156,60.588535891265835,62.53879438692182,64.50894125434728,66.51877275280474,68.58809427767461,70.71689631357016,72.82589032447501,74.81596847233412,76.58802428251447,78.08473501623712,79.41590909629404,80.73313828228515,82.18801473045586,83.86599753937803,85.58801275920352,87.13444065514435,88.38801197055648,89.24931426876333,89.58801176027998,89.29637359346106,88.38801197055648,86.92205808810851,85.01837596694966,82.81201293938014,80.43801653223149,78.00989390071064,75.55499016426089,73.07911088671307,70.58806358159019,68.08765922288512,65.58371488911706,63.082058345399545,60.588535891265835
53.69407189279487,55.76244845584324,57.77175432699558,59.74164871180663,61.69186095108587,63.64215861242094,65.61233067767701,67.62217843814403,69.69151043708504,71.82031912195141,73.92931717604434,75.91939770128492,77.69145488176247,79.18816640830649,80.51934099702589,81.83657055403981,83.29144730028547,84.96943034926392,86.69144573570125,88.23787373421368,89.49144510975162,90.3527474402828,90.69144494285507,90.39980676656867,89.49144510975162,88.0254911551589,86.12180889546099,83.91544560945961,81.54144873035605,79.11332525928786,76.65842003318461,74.18253810458435,71.69148607350817,69.19107328659013,66.68711393574421,64.18543069519951,61.69186095108587
54.79696329522531,56.86554519774204,58.87497573775953,60.844947396829426,62.795208342772014,64.74553709106573,66.71572915631984,68.72558982414307,70.7949301364367,72.92374409862492,75.03274536180962,77.02282777398321,78.79488604206786,80.29159819787526,81.62277319032057,82.94000304181566,84.3948800246437,86.07286326415498,87.79487878283226,89.34130686275581,90.59487828601569,91.45618064220264,91.79487815354977,91.50323996974903,90.59487828601569,89.12892427416162,87.22524190450517,85.01887841338618,82.64488115969166,80.21675702227391,77.76185061383055,75.28596658108435,72.7949107990035,70.29449132256687,67.79052005252659,65.28881562227932,62.795208342772014
55.899966446594505,57.96871135672592,59.978240857695866,61.94827385377506,63.89857345998281,65.84892688272922,67.8191348222863,69.82900573480504,71.89835264545951,74.02717079627982,76.13617460652941,78.12625851636531,79.89831764768527,81.39503030293972,82.72620561582272,84.04343570104774,85.49831287165136,87.17629626238872,88.89831188602489,90.44474003056452,91.69831149170133,92.55961386825129,92.89831138656308,92.60667319679814,91.69831149170133,90.23235743439889,88.3286749774683,86.12231132354734,83.74831377253966,81.32018910623962,78.86528175937146,76.38939605656097,73.89833729729743,71.39791251136018,68.89393178096608,66.39221053217821,63.89857345998281
57.00305831096264,59.071932618956595,61.08154067234861,63.05162235440977,65.00195264639967,66.95232565372405,68.92254619290892,70.93242523672353,73.00177738453098,75.13059885988275,77.23960469174357,79.22968979027647,81.00174960674738,82.49846265841342,83.82963822562809,85.14686849636473,86.601745816006,88.27972932677154,90.00174503371372,91.54817322953915,92.80174472073887,93.66304711345097,94.00174463729057,93.71010644279193,92.80174472073887,91.33579062736405,89.43210810116389,87.22574431802691,84.85174653104158,82.42362144496725,79.96871335327029,77.49282632492722,75.00176520266704,72.50133620255987,69.99734796342565,67.49561336558787,65.00195264639967
58.3925939175477,60.51039951228741,62.5939314074423,64.66123133213371,66.72888256349181,68.81053048910653,70.91574193255774,73.04962635924285,75.21365952484939,77.3960711314737,79.54009205113267,81.58093416619558,83.45805570628957,85.14854418565423,86.74675899628895,88.36239500763608,90.08449962779082,91.93996033641963,93.77521203339495,95.43914614931779,96.94054252800669,98.24872916345339,98.89283303225625,98.39059018014896,96.94054252800669,94.88685245263798,92.45904610310953,89.83547926985949,87.1667429621464,84.55876519204004,82.00198249227797,79.47134529011812,76.95018801679466,74.42547735569232,71.88585468427377,69.32198756333749,66.72888256349181
56.14440459839285,58.21308011634342,60.22256749046316,62.192574376167,64.14285752530627,66.0932004445692,68.06340162673094,70.07326817828098,72.14261228014401,74.27142864794791,76.38043137396373,78.37051464627537,80.14257341013378,81.63928585278384,82.97046102926313,84.2876910149941,85.74256810566553,87.42055143202906,89.1425670109864,90.68899512802028,91.94256657303367,92.80386894091552,93.1425664562626,92.85092826903652,91.94256657303367,90.47661253507768,88.57293011529788,86.36656653067837,83.99256910623077,81.56444466506507,79.10953771766508,76.63365272576681,74.14259523382947,71.64217270804001,69.13819600473249,66.63648191527908,64.14285752530627
54.33861754002807,56.406883992026266,58.41612300695732,60.385975950391085,62.336162068213824,64.28644305733116,66.25660439631,68.26644523434203,70.33577277467361,72.46457862920502,74.57357496219419,76.56365447543179,78.33571107260178,79.832422261658,81.1635966338502,82.48082603292733,83.93570265228863,85.61368559908007,87.33570091459418,88.88212886944399,90.13570021938762,90.99700253615899,91.33570003402511,91.04406186176882,90.13570021938762,88.66974629550542,86.76606409478075,84.55970091878848,82.1857042405864,79.7575811268963,77.30267653490804,74.8267957348069,72.33574571547385,69.8353365162795,67.33138355791668,64.82971168173256,62.336162068213824
53.19763046840458,55.28818660499178,57.33055247308431,59.34406734337131,61.34746713516864,63.35812106534033,65.3913410907204,67.46000623090046,69.57483537545289,71.72962617638615,73.85568890898769,75.87062104353166,77.69457916484626,79.28867812995335,80.75759940481603,82.23359918456151,83.83497910271242,85.61250611145272,87.39896526791101,89.01303091640526,90.41178922556281,91.54349727595962,92.07325620630571,91.6493253239866,90.41178922556281,88.60712540228815,86.41790563092022,83.99550598648506,81.47492282223052,78.95980482097389,76.45644469297787,73.95476244760187,71.44959157569878,68.93781187582474,66.41722433362474,63.886720148049676,61.34746713516864
51.82931554703474,53.895903592997456,55.90412319134208,57.87334411300698,59.82313180255943,61.773158471446095,63.74315618197417,65.75289141535852,67.8221509362863,69.95091361136188,72.05988368705071,74.04994776100867,75.8219954591189,77.31870149938261,78.6498725681825,79.96709955773518,81.42197424131437,83.09995562911277,84.82196986260229,86.36839715132294,87.6219681107922,88.48327021764041,88.82196764370805,88.53032953293635,87.6219681107922,86.15601465543867,84.25233335442606,82.04597185676364,79.67197824356839,77.24386058212767,74.78896566433957,72.31310208081538,69.82208275280226,67.32172828764351,64.81787285068896,62.31637433931469,59.82313180255943
51.18441618746685,53.259387423737266,55.27791486150758,57.259739528203184,59.22445208522667,61.19127362400248,63.17883975383806,65.20505876675041,67.28715824920057,69.4233030192986,71.537135509148,73.53427114395471,75.32114590139545,76.84599913048078,78.21774690749447,79.58287573206711,81.08304288619718,82.7924045751025,84.53499767817345,86.10324721318891,87.40444015082284,88.35731286685863,88.76300281074977,88.42477481543389,87.40444015082284,85.82904045496278,83.83752491626154,81.56733527374327,79.15129326971527,76.69869174115918,74.23030198430939,71.74727910623244,69.25232312212668,66.74876104411494,64.24019783184332,61.73056281602352,59.22445208522667
39.413821721347745,41.45822702016499,43.452913715784675,45.41372162994627,47.35819671814299,49.30482865098446,51.272640695265856,53.28096468705421,55.34931497357063,57.47750035059116,59.58611933269566,61.575976949556235,63.347905642888904,64.84454282810864,66.17566971987023,67.49286448598384,68.94771328146521,70.62567382001728,72.34767358295099,73.89409196310629,75.1476577005061,76.00895699991185,76.34765346576995,76.05601617727305,75.1476577005061,73.68171051109212,71.77804124248902,69.57170219008074,67.19774956663261,64.76970481960564,62.31493927428832,59.839305916722154,57.34869697100788,54.84907426665745,52.34652230337575,49.8473399528585,47.35819671814299
40.40368414105678,42.45318975831643,44.45099783894506,46.41375000069179,48.35945432437235,50.30687234030953,52.275190746096655,54.283841789560256,56.35240283210493,58.48072204154599,60.589422422785475,62.57932790795964,64.35128419405638,65.84793734445486,67.17907447949455,68.49627671726967,69.95113151546535,71.62909688838522,73.35110000665398,74.89752045247174,76.15108740073389,77.01238735111312,77.35108403961911,77.05944656045784,76.15108740073389,74.68513875841133,72.78146669980961,70.5751224429544,68.20116031514665,65.77309866150576,63.3183031192211,60.84261638197623,58.35191229132502,55.85211994928818,53.34926586753005,50.849546850248004,48.35945432437235
41.39631596226168,43.44988819269096,45.45018080341953,47.41447890889944,49.361160002760286,51.30920239288132,53.27792288676643,55.28683358849767,57.35556193936459,59.48398738388944,61.59275237622637,63.58269585617421,65.35467404328249,66.8513398654966,68.18248513074458,69.49969329884223,70.95455286143095,72.63252207141116,74.3545278528206,75.90094993815967,77.15451784748555,78.0158183145435,78.35451517976546,78.06287754927357,77.15451784748555,75.68856805198664,73.78489377895565,71.57854539131031,69.20457571983181,66.77650064723062,64.32168129580153,61.84595218939481,59.35517257684134,56.85524557644267,54.35215164973104,51.8520065111547,49.361160002760286
42.39115696245457,44.44796858572444,46.450237650242144,48.41576453618739,50.36322160309092,52.311759849163835,54.28079959953688,56.28991644081259,58.35877760401226,60.48728737507909,62.5961036521517,64.58607728962224,66.35807285996559,67.85474873996068,69.18590045823053,70.50311333326654,71.95797667737901,73.63594893284866,75.35795682800017,76.90438021463068,78.15794888675441,79.01924976390094,79.35794676938258,79.06630901877944,78.15794888675441,76.69199817597752,74.78832214534913,72.58197047908226,70.20799482015335,67.77990909680798,65.32507084771096,62.84930811181806,60.35846855414199,57.85843466471974,55.35515033931742,52.8546668817755,50.36322160309092
43.38775843201607,45.44714858304164,47.450989191610574,49.41749247477355,51.36556587974708,53.31449786968028,55.28379108906984,57.29307157406218,59.362038162848506,61.49061486878742,63.59947185239214,65.58946942656632,67.36147879423865,68.85816265719697,70.18931949727855,71.50653610823812,72.9614024537621,74.6393771264463,76.36138669927973,77.90781111874753,79.16138039630499,80.02268159893936,80.36137871574525,80.06974086980962,79.16138039630499,77.69542895907065,75.79175153343392,73.58539726491634,71.21141685372285,68.78332267680801,66.3284694284094,63.85268000010778,61.361792861846425,58.861674127864546,56.35823866173368,53.85748661327568,51.36556587974708
44.38576164797351,46.44720307068911,48.45229280284726,50.419571755567205,52.36813463080564,54.31737925063425,56.28687369576548,58.296284084176136,60.3653343570988,62.49396419233739,64.60285348587863,66.59287005904415,68.36489037781877,69.86158057692045,71.19274148221494,72.50996105839427,73.96482978614901,75.6428063773827,77.36481728179552,78.91124252102782,80.16481227911875,81.02611374009312,81.3648109452572,81.07317302365612,80.16481227911875,78.69886026529421,76.79518173243719,74.58882539850734,72.21484121542508,69.78674032886471,67.33187517537863,64.85606456087741,62.365139656551236,59.86495357718576,57.3613981372292,54.86043286581352,52.36813463080564
45.384880253183255,47.447952736964226,49.454035027919346,51.4219300731184,53.37088161921463,55.320374446155256,57.29002863403869,59.29954213903059,61.368658837006066,63.49733084292335,65.60624578159675,67.59627743453439,69.36830644530238,70.86500167344292,72.1961658053169,73.51338773500224,74.96825835354042,76.64623646753098,78.36824842882055,79.91467431870095,81.16824445819185,82.02954612421095,82.36824339950499,82.07660541784816,81.16824445819185,79.70229198672709,77.79861257506774,75.59225460181634,73.21826742497522,70.79016121293859,68.33528661029393,65.85945918002989,63.36850429992079,60.86826476583528,58.36461409417896,55.863479560993994,53.37088161921463
46.48488592755696,48.54925485828802,50.556125655861706,52.5245099734246,54.47377012002087,56.423459994830125,58.393240989381994,60.40283634572637,62.47200576839447,64.60071124641476,66.70964654009572,68.699690162022,70.4717260716912,71.96842529140682,73.29959198422982,74.61681578190019,76.07168790115767,77.74966722376318,79.47168002389732,81.01810643019789,82.27167687240629,83.13297870116955,83.47167603212581,83.18003800280266,82.27167687240629,80.805724037712,78.90204392854622,76.69568465416265,74.32169510116806,71.89358466228103,69.43870255978112,66.9628617826703,64.47188311023895,61.97160114744226,59.46787488503634,56.96660599193825,54.47377012002087
47.48559679619887,49.5509958997743,51.55849298466834,53.52726581413761,55.47677096785249,57.426617268490645,59.39649892138368,61.40615924802057,63.47537052025375,65.60410256586405,67.7130540156104,69.70310713743348,71.47514852280302,72.97185091064918,74.30301963610586,75.62024491640068,77.07511822678214,78.75309850866721,80.4751119745933,82.02153879077707,83.27510947325263,84.13641143118608,84.47510880632146,84.18347073916556,83.27510947325263,81.80915635026274,79.90547568748539,77.6991153803914,75.32512394143907,72.89701014768795,70.44212209251546,67.96627072190014,65.47527316515774,62.974957525617455,60.47117126345509,57.96979571826466,55.47677096785249
48.48686808941501,50.553085587647274,52.56108004037594,54.530161343001396,56.479861003575905,58.42983147764434,60.399793030564126,62.40950492719999,64.47874941668272,66.60750254948468,68.71646682248826,70.70652748445013,72.4785732159103,73.97527811831299,75.30644845707653,76.6236749141336,78.07854916991215,79.7565302131787,81.47854420754462,83.02497134905303,84.2785422222288,85.13984428268472,85.47854169288513,85.18690359570132,84.2785422222288,82.8125888704185,80.9089077682391,78.70254664148163,76.32855370564147,73.90043724912616,71.44554446929322,68.96968469054153,66.47867214510218,63.97832977564926,61.474495889545224,58.973035687880596,56.479861003575905
49.488584640908975,51.55545216990625,53.563841562328705,55.53316777025327,57.48302183911753,59.43309088115004,61.403115855455894,63.4128686851446,65.48213953994923,67.61090940996962,69.7198838609124,71.7099505075278,73.48199968849778,74.97870658671138,76.30987820596022,77.62710559701559,79.08198060315719,80.75996225073314,82.48197666452222,84.02840406424112,85.2819750887758,86.14327723060386,86.48197466863539,86.19033654761839,85.2819750887758,83.81602155535052,81.91234010441735,79.70597832709208,77.3319842031699,74.90386563321297,72.4489691034013,69.9731026510656,67.48207820895766,64.98171462354102,62.477842936964265,59.97631553922034,57.48302183911753
50.490654877371206,52.558038632817556,54.566741601652154,56.53626223515147,58.48623887565836,60.43638615834823,62.40646147319816,64.41624679268048,66.48553857414225,68.6143217286928,70.72330425794256,72.71337565460666,74.4854275734641,75.98213605575768,77.31330869133015,78.63053682370142,80.08541242540714,81.76339455262408,83.48540929930971,85.03183690397044,86.28540804863877,87.146710255052,87.48540771517312,87.19376957523974,86.28540804863877,84.8194543710656,82.91577264332628,80.70941034964474,78.33541528274034,75.90729503534104,73.45239552916087,70.97652377997173,68.48548989538861,65.98510947058708,63.481207780920386,60.97962704697244,58.48623887565836
51.59300601240227,53.66079968410304,55.669751609650206,57.639426586626726,59.58950052346454,61.5397099103494,63.50982518237829,65.51963628978797,67.58894468105551,69.71773837966498,71.8267273207162,73.81680248751286,75.5888565794391,77.08556631902024,78.4167397612504,79.73396848200511,81.18884455641071,82.86682706431917,84.58884207522505,86.13526984254825,87.38884108256677,88.25014334024125,88.58884081789489,88.29720266294754,87.38884108256677,85.92288729058328,84.01920534314274,81.81284263962878,79.43884682427836,77.01072524549045,74.55582337695975,72.07994742363871,69.58890604450572,67.08851225410965,64.58458675044876,62.082963681864086,59.58950052346454
52.59558020939811,54.66369934975391,56.67284891708756,58.64264641407799,60.5927975820923,62.543056263972304,64.51320325120868,66.5230348269893,68.59235640166177,70.72115846917225,72.83015249930189,74.82023065846514,76.59228647516105,78.0889972126535,79.42017129512904,80.73740048288431,82.19227693247232,83.87025974253592,85.59227496315364,87.1387028595822,88.39227417528019,89.25357647364075,89.59227396520998,89.30063579834604,88.39227417528019,86.92632029248918,85.0226381706716,82.81627514187332,80.44227873248055,78.01415609696774,75.55925235343491,73.0833730632817,70.59232573568752,68.09192133690755,65.58797693173561,63.08632026107948,60.5927975820923
53.69833152178937,55.76670906110246,57.77601552500208,59.74591027722779,61.696122748095135,63.646420557242365,65.61659271759487,67.62644053943433,69.69577257790408,71.82458128786344,73.93357935721514,75.9236598914278,77.69571707707681,79.19242860661288,80.52360319725196,81.8408327556661,83.29570950303669,84.97369255292111,86.69570793998723,88.24213593888675,89.49570731465161,90.35700964530477,90.69570714791877,90.40406897159664,89.49570731465161,88.02975335978661,86.12607109956588,83.91970781258918,81.54571093170448,79.11758745746788,76.66268222574276,74.18680028713753,71.69574823822585,69.19533541950011,66.69137601198021,64.18969267068205,61.696122748095135
54.8012234555126,56.8698061330478,58.87923714358851,60.849209094298885,62.799470224062404,64.7497990896785,66.71999123041228,68.72985194694746,70.79919229061538,72.92800627271998,75.0370075480156,77.02708996731036,78.79914823949962,80.29586039768182,81.6270353916508,82.94426524425722,84.3991422279781,86.07712546820846,87.79914098738479,89.34556906761557,90.59914049105556,91.46044284733935,91.79914035871961,91.50750217489049,90.59914049105556,89.13318647898538,87.22950410891399,85.02314061702089,82.64914336191266,80.22101922198016,77.76611280907468,75.29022876838758,72.79917297215059,70.29875347046803,67.79478215544513,65.29307764522842,62.799470224062404
55.904227028663485,57.9729725540262,59.982502428488104,61.95253565605714,63.90283540816955,65.8531889240372,67.82339692350351,69.83326787468535,71.90261481024174,74.03143297686978,76.14043679673185,78.13052071221983,79.90257984679764,81.39929250393695,82.73046781802927,84.04769790413637,85.50257507544865,87.1805584667567,88.902574090789,90.44900223557248,91.70257369685224,92.56387607347905,92.9025735918171,92.61093540202967,91.70257369685224,90.23661963937828,88.33293718211831,86.12657352758296,83.75257597545323,81.32445130715723,78.86954395674749,76.39365824763428,73.902599477135,71.40217467115994,68.89819390506284,66.3964725928023,63.90283540816955
57.00731922785944,59.076194024225,61.08580237408137,63.05588423988536,65.00621464768358,66.9565877289198,68.92680831565531,70.9366873901571,73.00603955772931,75.13486104562773,77.24386688511798,79.23395198813697,81.00601180719363,82.50272486035567,83.8339004285302,85.15113069996696,86.60600802017069,88.28399153138919,90.00600723864576,91.55243543466472,92.8060069259779,93.66730931875102,94.00600684261147,93.71436864809496,92.8060069259779,91.34005283246695,89.43637030600539,87.23000652238076,84.85600873450485,82.42788364684631,79.97297555233841,77.49708851899285,75.00602738781484,72.50559837180359,70.00161010433172,67.49987545611509,65.00621464768358
58.4004062206095,60.51816556174144,62.6016281282667,64.66883845526773,66.73638409555724,68.81791714880575,70.92301400481716,73.05679624777427,75.22075332956506,77.40312260201239,79.54711614117085,81.58791895047004,83.46496057039153,85.15530661598397,86.75333526103401,88.36877633463448,90.09071739026362,91.94607489631738,93.78126291562342,95.4451326838205,96.94639892341687,98.25436885203578,98.89833693432456,98.3961866930293,96.94639892341687,94.89302999490697,92.46554906818339,89.84227083758884,87.17375577657688,84.5659205715634,82.00922127979555,79.47862971455277,76.95749776842179,74.43280766199551,71.89321535965459,69.32940178834582,66.73638409555724
56.15287898838224,58.22155586474129,60.231044063538846,62.20105146038492,64.15133493169282,66.10167805657578,68.071879371023,70.08174600794521,72.15109016479443,74.2799065675035,76.38890931474475,78.37899259953684,80.15105137058885,81.64776381740096,82.97893899655054,84.29616898422928,85.75104607646549,87.42902940408922,89.15104498392122,90.69747310149356,91.95104454682257,92.81234691487413,93.15104443027923,92.85940624300345,91.95104454682257,90.48509050848786,88.58140808798078,86.37504450200461,84.00104707507941,81.57292262950635,79.1180156742862,76.6421306684708,74.15107315172366,71.65065058168855,69.14667379954501,66.64495956993751,64.15133493169282
54.34708982574874,56.415358433218074,58.42459875691452,60.3944525116072,62.34463914078904,64.29492045628676,66.26508200524711,68.27492297879553,70.34425060641078,72.47305651635008,74.58205288303235,76.57213241608136,78.34418902467048,79.84090022033354,81.17207459676457,82.48930399893356,83.94418062077878,85.62216356957067,87.3441788864732,88.89060684217776,90.14417819262246,91.00548050966319,91.34417800762145,91.05253983528625,90.14417819262246,88.67822426813905,86.77454206625988,84.56817888811403,82.19418220597903,79.76605908529271,77.31115448089074,74.83527365869756,72.34422359998172,69.84381433055249,67.33986124704775,64.83818914839058,62.34463914078904
53.20581821624704,55.296352233884264,57.338684422133014,59.35215480416849,61.35550072254962,63.36609419077337,65.39925188620153,67.46785965996324,69.58264495076371,71.7374109154718,73.86345741531525,75.87836601060798,77.70227539054375,79.29628444617158,80.76508193989824,82.24094382797973,83.84220089974187,85.61964677006885,87.40605438063622,89.02006674412256,90.41871343668225,91.55022328718613,92.07984942650292,91.65600986651765,90.41871343668225,88.61431592353524,86.4253373523643,84.00313102205766,81.48268460455932,78.96764996361335,76.46433699089862,73.96268006204426,71.4575230955013,68.94575460587288,66.425183505143,63.894707963170234,61.35550072254962
51.83777920096149,53.904372669402505,55.91259556222761,57.88181852680415,59.83160750436605,61.78163499546194,63.751633235020975,65.7613688098487,67.83062855070278,69.95939136539178,72.06836152597974,74.05842564985858,75.83047337674287,77.3271794336546,78.65835051313567,79.97557751047927,81.4304522003176,83.10843359315682,84.83044783014495,86.37687512101947,87.63044608175127,88.49174818927824,88.83044561557804,88.53880750460753,87.63044608175127,86.16449262488281,84.26081132096107,82.05444981787198,79.68045619476635,77.25233851569638,74.79744356662789,72.32157992743609,69.83056050018703,67.33020585805548,64.82635010578822,62.324851033896735,59.83160750436605
51.19281759400693,53.26778269872614,55.28630071507911,57.26811277681192,59.23280982050731,61.199613614916316,63.18716107152078,65.2133625461836,67.29544838753537,69.43158534021457,71.54541268422332,73.5425408052586,75.32939980660106,76.8542232515778,78.22592842281867,79.5910074567206,81.09112803374343,82.8004577360424,84.54302998773107,86.11125751827451,87.41240281631082,88.36518538059102,88.77081056235001,88.432627499984,87.41240281631082,85.83711339155258,83.84568837819644,81.57556567457578,79.15956830475251,76.70699295873752,74.23861768422368,71.75560248598109,69.26065069216457,66.75709197798652,64.24853367634036,61.7389071510746,59.23280982050731
39.41554106557109,41.459956275157055,43.45464904188056,45.41546073981165,47.35993822113983,49.30657168471797,51.2743847151817,53.28270934399214,55.35106004103862,57.479245678760634,59.587864819432085,61.577722529542356,63.3496512766275,64.84628849294857,66.17741540466486,67.4946101853339,68.94945899250908,70.62741954047891,72.34941930994913,73.89583769412852,75.14940343388722,76.01070273456114,76.34939920085296,76.05776191198461,75.14940343388722,73.68345624164283,71.77978696760455,69.57344790505755,67.19949526309411,64.7714504831317,62.31668487937819,59.84105141782567,57.35044228676736,54.85081925196974,52.34826670020564,49.84908330444114,47.35993822113983
40.405408865247395,42.454922388705654,44.45273530332742,46.41549047431245,48.361196699864536,50.30861593174585,52.276935120676086,54.28558666991202,56.35414803836227,58.48246745474876,60.59116796185283,62.58107352104297,64.35302984980439,65.84968302488858,67.18082017576654,68.49802242509448,69.95287723257161,71.63084261296639,73.35284573642323,74.89926618543491,76.1528331355693,77.01413308695507,77.35282977580532,77.06119229634922,76.1528331355693,74.68688449100026,72.78321242808462,70.57686816318224,68.20290602067877,65.77484434089662,63.320048752229965,60.84436193244741,58.353657694677,55.85386509032749,53.351010541374706,50.85129069411332,48.361196699864536
41.39804498056125,43.451623511529135,45.45191996871577,47.416220466456814,49.36290307137506,51.31094642722076,53.27966754294522,55.288578646213864,57.35730725579482,59.485732864589096,61.59449795683105,63.5844414955277,65.3564197164998,66.8530855583073,68.18423083612629,69.50143901339345,70.95629858334897,72.63426779926205,74.35627358478925,75.90269567266336,77.15626358347524,78.01756405133207,78.35626091682727,78.0646232861014,77.15626358347524,75.69031378619327,73.78663950973832,71.58029111570593,69.20632143256336,66.77824633921361,64.32342695097034,61.847697779051146,59.35691804972181,56.85699084110237,54.3538965435051,51.853750745942975,49.36290307137506
42.39288940424146,44.449706044332146,46.45197816792705,48.417506955027434,50.36496522223011,52.31350423519591,54.28254447928596,56.29166163932868,58.36052300789669,60.48903290935476,62.59784926572598,64.58782294982691,66.35981854704853,67.85649444259512,69.1876461708427,70.50485905315662,71.9597224031161,73.63769466329472,75.3597025617145,76.90612595035708,78.15969462366027,79.02099550144086,79.35969250713939,79.0680547563505,78.15969462366027,76.69374391146815,74.79006787812216,72.58371620678587,70.2097405385991,67.78165479878545,65.32681652046855,62.851053732576915,60.3602140822112,57.8601800275095,55.356895407689024,52.85641142696434,50.36496522223011
43.389493600692205,45.44888774374555,47.452730784185164,49.41923557782074,51.367309936085405,53.31624253495198,55.28553614630758,57.2948168843474,59.363783636151595,61.49236044558876,63.601217492135305,65.59121510332095,67.3632244923269,68.8599083676286,70.19106521562955,71.50828183236567,72.96314818253043,74.64112285895214,76.36313243437962,77.90955685544441,79.163126133938,80.02442733707561,80.36312445405363,80.0714866079706,79.163126133938,77.69717469558039,75.7934972677867,73.5871429952455,71.21316257670401,68.7850683867182,66.33021511512747,63.854425645553505,61.36353843372143,58.863419568548025,56.359983868708326,53.85923140490823,51.367309936085405
44.387498987101296,46.44894358472341,48.45403524950787,50.4213154020526,52.36987903430524,54.319124137602216,56.288618893901756,58.29802948318276,60.36707988550347,62.49570980289283,64.6045991463926,66.5946157489347,68.36663608464207,69.86332629354075,71.19448720512094,72.51170678588508,73.96657551732326,75.64455211152338,77.36656301799512,78.91298825849492,80.16655801732888,81.02785947870271,81.3665566840034,81.07491876228531,80.16655801732888,78.70060600261283,76.79692746804378,74.59057113092041,72.21658694200602,69.78848604507115,67.3336208731773,64.85781022591762,62.36688526319651,59.86669907969846,57.36314345422885,54.862177853098174,52.36987903430524
45.386619318868654,47.44969432663773,49.45577815306501,51.42367415117222,53.37262629835473,55.322119509123795,57.29177394402241,59.30128760846186,61.370404409147326,63.49907648027039,65.60799145859687,67.5980231348511,69.37005215905873,70.86674739497522,72.19791153183814,73.5151334651625,74.97000408662421,76.64798220296927,78.36999416589299,79.91642005677944,81.16999019686006,82.03129186319617,82.36998913859867,82.07835115684898,81.16999019686006,79.70403772468768,77.80035831166953,75.59400033588341,73.22001315441332,70.79190693414239,68.33703231688736,65.86120486062255,63.37024993416421,60.87001031742503,58.36635949851535,55.86522470359904,53.37262629835473
46.48662636605675,48.55099730264379,50.55786931989754,52.52625439416663,54.47551501799896,56.425205197515666,58.39498638814929,60.404581871057786,62.473751375251084,64.60245690502688,66.71139223018113,68.701435870614,70.47347179095038,71.97017101683781,73.30133771362054,74.61856151417919,76.07343363575711,77.75141296023139,79.47342576166255,81.01985216876162,82.27342261143806,83.13472444045297,83.47342177149531,83.18178374209845,82.27342261143806,80.80746977618213,78.9037896659379,76.6974303895425,74.3234408328739,71.89533038745128,69.44044827335503,66.96460747560715,64.47362876638768,61.97334673798642,59.469620358698194,56.968351257840865,54.47551501799896
47.48733832584595,49.55273902308918,51.56023707665882,53.52901050696731,55.47851603956151,57.42836258208558,59.398244390624996,61.407904817722496,63.47711615466493,65.60584824135466,67.71479971608176,69.70485285259369,71.4768942464298,72.97359663917454,74.30476536777408,75.62199065036137,77.07686396258453,78.75484424595284,80.47685771290838,82.02328452972593,83.27685521257297,84.13815717070614,84.47685454590984,84.18521647869542,83.27685521257297,81.81090208913731,79.90722142550398,77.70086111681321,75.32686967494482,72.89875587600636,70.44386781162981,67.96801642463473,65.47701883869311,62.976703147081,60.47291679214453,57.97154108204103,55.47851603956151
48.48861048608065,50.55482925022913,52.562824472183834,54.53190625184766,56.48160621319988,58.43157687927817,60.401538555744736,62.41125053212039,64.48049507296459,66.60924823837198,68.71821253120304,70.70827320482354,72.48031894300368,73.9770238492944,75.30819419055243,76.625420649429,78.08029490666934,79.75827595111315,81.48028994629612,83.02671708830756,84.2802879617782,85.14159002239262,85.48028743264726,85.18864933541701,84.2802879617782,82.81433460961408,80.9106535067553,78.70429237873043,76.3302994405758,73.90218297994329,71.44729019280507,68.97143040105264,66.48041783243757,63.980075421654306,61.47624146191254,58.97478112934722,56.48160621319988
49.490327726342464,51.55719626074215,53.56558626394411,55.534912850590075,57.484767158220194,59.43483635266669,61.40486142503812,63.41461431801898,65.48388521359027,67.61265510949002,69.72162957617003,71.71169623203895,73.48374541834258,74.98045231964213,76.31162394087085,77.62885133337038,79.08372634067219,80.76170798918253,82.48372240362013,84.03014980373827,85.28372082850697,86.14502297046086,86.48372040853543,86.19208228748161,85.28372082850697,83.81776729480089,81.91408584332848,79.70772406499731,77.33372993923808,74.90561136601336,72.45071483040343,69.97484836774899,67.4838239072463,64.98346028902517,62.47958854400029,59.97806104235468,57.484767158220194
50.49239850986783,52.55978306370869,54.56848651747336,56.53800745162441,58.487984281664126,60.438131685334895,62.408207078023565,64.41799244774253,66.48728426156153,68.61606743665278,70.72504997839329,72.71512138240197,74.48717330549272,75.98388179023564,77.31505442737955,78.63228256089704,80.08715816352363,81.76514029148217,83.48715503868254,85.03358264366015,86.28715378851426,87.14845599502735,87.48715345518261,87.19551531521998,86.28715378851426,84.8212001107182,82.91751838255087,80.71115608807094,78.3371610197085,75.90904076971552,73.45414125893328,70.97826950155411,68.48723560237093,65.98685515153211,63.48295341547396,60.98137259905559,58.487984281664126
51.5947500793477,53.662544384990596,55.67149669552411,57.64117191116608,59.591245998451456,61.54145548136516,63.511570815177265,65.52138196246082,67.59069037941072,69.71948409432356,71.82847304528872,73.81854821791481,75.59060231320105,77.0873120547262,78.41848549820367,79.73571421986807,81.1905902950046,82.86857280350165,84.59058781481609,86.1370155823908,87.39058682255676,88.25188908031049,88.59058655799124,88.29894840302069,87.39058682255676,85.92463303039636,84.02095108261612,81.81458837846849,79.44059256196081,77.01247098111429,74.55756910893093,72.08169314910944,69.59065175838829,67.09025794732618,64.58633240684367,62.084709272799884,59.591245998451456
52.59732462131991,54.66544426499728,56.67459413795599,58.64439182439925,60.59454311183352,62.54480186993557,64.5149489062109,66.52478051364012,68.59410210869696,70.7229041891475,72.83189822714591,74.82197639093597,76.59403221029875,78.09074294933413,79.42191703279963,80.73914622127701,82.1940226714451,83.8720054819759,85.59402070291787,87.14044859954603,88.39401991536107,89.25532221378455,89.59401970537527,89.30238153849291,88.39401991536107,86.92806603242965,85.02438391034245,82.81802088104118,80.44402447072994,78.0159018335832,75.5609980871512,73.0851187918386,70.5940714550469,68.0936670398641,65.58972260546636,63.08806588285388,60.59454311183352
53.70007620761628,55.76845414651764,57.77776085303057,59.747655755640224,61.69786832129729,63.64816619094445,65.61833839022025,67.6281862371796,69.69751829182862,71.82632701205858,73.93532508765574,75.92540562554075,77.69746281330639,79.19417434406716,80.52534893549195,81.8425784944792,83.29745524231022,84.97543829256544,86.69745367988894,88.24388167894689,89.49745305480465,90.35875538550772,90.6974528881388,90.40581471180204,89.49745305480465,88.03149909982821,86.12781683939346,83.92145355201755,81.54745667040385,79.1193331948704,76.66442796084424,74.18854601814397,71.69749396193214,69.19708113018741,66.69312169947068,64.19143831693383,61.69786832129729
54.80296835879935,56.871551353552064,58.8809825566794,60.850954626759076,62.801215831761056,64.75154474539755,66.7217369170254,68.73159765349854,70.80093801000803,72.92975200026444,75.03875328051713,77.02883570272661,78.80089397659586,80.29760613575009,81.6287811303427,82.94601098340402,84.40088796749032,86.07887120801499,87.8008867273956,89.34731480775214,90.60088623126586,91.46218858758927,91.80088609898309,91.50924791514235,90.60088623126586,89.13493221910724,87.23124984886596,85.02488635665603,82.65088910096918,80.22276496000735,77.76785854527554,75.29197450133819,72.80091869930708,70.30049918729127,67.79652785385687,65.29482331090841,62.801215831761056
55.90597210458682,57.97471788176564,59.98424790909894,61.95428123141747,63.904581043249095,65.85493459723152,67.82514262121886,69.83501358822564,71.90436053397445,74.03317870707262,76.14218253086912,78.13226644867055,79.90432558458176,81.40103824249255,82.73221355707986,84.04944364354802,85.50432081515032,87.18230420669198,88.90431983088644,90.45074797576972,91.70431943710796,92.56562181376624,92.90431933211505,92.61268114231842,91.70431943710796,90.23836537956382,88.33468292216904,86.12831926738221,83.7543217147932,81.32619704568026,78.87128969382093,76.39540398212799,73.90434520702989,71.40392039285331,68.89993961214287,66.39821827390277,63.904581043249095
57.009064440828865,59.07793943708643,61.08754790828655,63.057629849297044,65.00796030449592,66.95833341598451,68.92855402218262,70.93843310924478,73.00778528490679,75.13660677794056,77.24561262055357,79.2356977254087,81.0077575455237,82.50447059929809,83.83564616786549,85.1528764395888,86.60775376002272,88.28573727142665,90.0077529788119,91.55418117491008,92.80775266626972,93.66905505906779,94.00775258293679,93.71611438841296,92.80775266626972,91.34179857270304,89.43811604613447,87.23175226231024,84.85775447406982,82.42962938576287,79.97472129010444,77.49883425471134,75.00777311988324,72.50734409736239,70.00335581829185,67.501621149455,65.00796030449592
58.402226540182156,60.51999106375703,62.60346139823663,64.67068176441019,66.73823923612198,68.81978516104725,70.92489485711002,73.05868855047912,75.22265415815683,77.40502817459304,79.54902478204585,81.58983199602983,83.46688257207956,85.15724457965109,86.75529408822916,88.37075700930265,90.09271639695106,91.94808547008014,93.78328062658173,95.44715760717085,96.94843843365128,98.2564326531223,98.90041595638507,98.39825533384548,96.94843843365128,94.89503350949676,92.46751611027125,89.84420553590715,87.17566568101604,84.56781450012494,82.01110586185372,79.48050918271294,76.95937439853445,74.43468198885746,71.89508628353249,69.3312667118121,66.73823923612198
56.154623991529306,58.223301147275905,60.23278951568712,62.20279701766114,64.15308055523029,66.10342372240365,68.07362506405838,70.08349171853934,72.15283588669764,74.28165229658575,76.39065504819246,78.38073833555146,80.15279710808302,81.64950955575115,82.98068473544996,84.29791472352929,85.75279181608732,87.43077514397024,89.15279072398212,90.69921884166521,91.95279028705914,92.8140926551456,93.15279017056267,92.86115198327664,91.95279028705914,90.48683624864653,88.58315382798989,86.37679024173467,84.0027928142999,81.57466836782037,79.11976141099183,76.64387640231404,74.15281888046424,71.65239630132899,69.14841950297105,66.6467052445377,64.15308055523029
54.34883439610498,56.41710344689608,58.42634403976986,60.396197961316275,62.34638469567068,64.29666607829589,66.26682767044369,68.2766686718641,70.3459963174312,72.47480223876639,74.58379861237842,76.5738781495021,78.34593476043979,79.84264595746168,81.17382033476454,82.49104973756943,83.94592635992554,85.62390930912886,87.34592462631697,88.8923525821973,90.14592393274506,91.00722624984118,91.3459237478184,91.05428557546699,90.14592393274506,88.67997000813801,86.7762878060214,84.56992462743261,82.19592794448872,79.76780482236347,77.31290021540832,74.83701938867142,72.34596932185565,69.84556003798103,67.341606928738,64.83993478432424,62.34638469567068
53.207596471267976,55.29813296700627,57.34046892860468,59.35394429495872,61.357296249202335,63.36789649153279,65.40106117044493,67.4696753716521,69.58446557596335,71.73923432341891,73.86528264205148,75.88019387479545,77.70410871599077,79.29812784572758,80.76693920909182,82.24281654830446,83.84408738570119,85.62154234823717,87.40795573501275,89.02197406965593,90.42063327026382,91.55216533227008,92.08180635347216,91.65795655895325,90.42063327026382,88.61620591417858,86.42720031531177,84.0049723241464,81.4845105846835,78.96946660373547,76.46614834763655,73.96448858228297,71.45933005776985,68.94756031213772,66.4269873692994,63.89650861810151,61.357296249202335
51.839521995989855,53.906116579689325,55.91434015009993,57.88356353484784,59.83335277731811,61.78338043751995,63.753378785886156,65.76311443093944,67.83237421702631,69.96113706042993,72.07010723847932,74.06017137262555,75.83221910542787,77.32892516576364,78.6600962474415,79.9773232463875,81.43219793751315,83.11017933138913,84.83219356909683,86.37862086041434,87.63219182140583,88.4934939290724,88.83219135541994,88.54055324440853,87.63219182140583,86.16623836422578,84.2625570597057,82.0561955555005,79.68220193035657,77.25408424766076,74.79918929215876,72.32332564151767,69.8323061938585,67.33195151532848,64.82809569821006,62.32659651103555,59.83335277731811
51.19457191230921,53.26953770394687,55.288056775784085,57.2698702496579,59.23456903132505,61.201374813657836,63.18892436225566,65.21512780176528,67.29721517136268,69.43335299984838,71.54718092036028,73.54430988318582,75.33117064973527,76.85599743153814,78.22770737609994,79.59279198833266,81.09291778370398,82.8022510697077,84.54482565754918,86.11305565344648,87.41420628900237,88.36699895398787,88.77263139188483,88.43444329508998,87.41420628900237,85.83890450959744,83.84746935409456,81.57733915099197,79.16133678064423,76.70875850132973,74.24038160432816,71.75736554569889,69.26241328243675,66.75885419140268,64.2502953396112,61.740667863136295,59.23456903132505
39.417206765831246,41.461631573204784,43.45633021928592,45.41714558147396,47.3616253803419,49.308260326304136,51.27607431179832,53.28439955750815,55.3527506521165,57.48093654230466,59.589555836534075,61.579413636948374,63.35134243608796,64.84797968252792,66.17910661356856,67.49630140833321,68.9511502268328,70.6291107839229,72.35111055972312,73.89752894779951,75.15109468984255,76.01239399174457,76.35109045845644,76.05945316922842,75.15109468984255,73.68514749485719,71.78147821555542,69.57513914318994,67.20118648329611,64.77314167143865,62.31837601109491,59.84274244884091,57.352133138293425,54.85250978348712,52.349956661830106,49.85077225383614,47.3616253803419
40.40707977558132,42.45660095554598,44.45441855148104,46.41717663665351,48.3628847040019,50.31030511341797,52.27862506075296,54.28727709978449,56.35583878384526,58.484158400639984,60.59285902963266,62.582764660500644,64.35472103057903,65.85137422956909,67.18251139578507,68.49971365630081,69.9545684727662,71.6325338603998,73.35453698888077,74.90095744098551,76.15452439293298,77.01582434529351,77.35452103447714,77.06288355473558,76.15452439293298,74.6885757461884,72.78490367909515,70.57855940639983,68.20459724966484,65.77653554456724,63.321739910983766,60.84605301127084,58.355348631028605,55.85555577265262,53.352700771263386,50.8529801202406,48.3628847040019
41.39972004939172,43.45330468190603,45.45360486405809,47.41790767849602,49.36459174674066,51.312636037805376,53.28135775572609,55.29026924784799,57.35899810797045,59.48742387584501,61.59618906483607,63.586132660425676,65.3581109141919,66.85477677497381,68.18592206496675,69.50313025111377,70.9579898282033,72.63595904986187,74.35796483937676,75.90438692970582,77.15795484195678,78.01925531058725,78.35795217634704,78.06631454539456,77.15795484195678,75.69200504294807,73.78833076317733,71.58198236295965,69.20801266852143,66.77993755507856,64.3251181311841,61.849388895821875,59.35860905340553,56.85868164314286,54.35558698637584,51.85544055064454,49.36459174674066
42.39456778843616,44.4513892868935,46.4536643729405,48.41919500114338,50.36665443073002,52.31519418636367,54.284234908574774,56.29335237731496,58.362213944763894,60.49072397249428,62.59954040565913,64.58951413491741,66.36150975816827,67.85818566877506,69.18933740668518,70.50655029604711,71.96141365166892,73.63938591640772,75.36139381799254,76.90781720858362,78.161385883029,79.02268676142367,79.36138376733217,79.06974601636347,78.161385883029,76.69543516946638,74.79175913348863,72.58540745724304,70.2114317800909,67.78334602432918,65.32850771771545,62.85274487946765,60.36190513934028,57.86187092458019,55.358586019641976,52.85810153226129,50.36665443073002
43.39117462564987,45.450572634640594,47.45441803013547,49.42092428653111,51.368999567974,53.31793275653851,55.28722674747837,57.29650773057213,59.3654746402446,61.494051549910594,63.602908657410666,65.59290630443861,67.36491571410431,68.86159960135942,70.19275645702962,71.50997307935978,72.96483943401873,74.6428141140599,76.36482369199946,77.91124811461077,79.16481739401091,80.0261185976359,80.36481571478063,80.07317786855484,79.16481739401091,77.69886595456555,75.795188524683,73.58883424824529,71.21485382258797,68.78675961994405,66.33190632589384,63.856116816351275,61.365229533272554,58.86511054105185,56.361674614886,53.860921748864044,51.368999567974
44.38918211395658,46.45062978620157,48.45572332256559,50.423004637034865,52.37156900238875,54.320814573881876,56.29030963152023,58.29972041532626,60.368770942957426,62.49740093990252,64.60629033178265,66.59630696277334,68.36832731487857,69.86501753326476,71.19617845093204,72.51339803613621,73.96826677114143,75.64624336821436,77.36825427667992,78.91467951840723,80.16824927796071,81.02955073972134,81.36824794515435,81.07661002332296,80.16824927796071,78.70229726238128,76.79861872615433,74.5922623859383,72.21827819137603,69.79017728439436,67.33531209467422,64.8595014156909,62.36857639641951,59.8683901120784,57.3648343069559,54.86386838652561,52.37156900238875
45.38830411774648,47.451381569778604,49.45746688317578,51.425363804090345,53.37431653337157,55.32381011584434,57.293464789955166,59.30297860880535,61.372095508956306,63.500767643225316,65.60968265995227,67.59971435878653,69.37174339600928,70.86843863945606,72.19960278115036,73.51682471799876,74.97169534229165,76.64967346091683,78.37168542542308,79.91811131728377,81.17168145793548,82.03298312457864,82.37168040008613,82.08004241824652,81.17168145793548,79.70572898507785,77.80204957074382,75.59569159250303,73.22170440655023,70.7935981783051,68.33872354690126,65.86289606545701,63.371941094113566,60.87170139733166,58.368050435820265,55.86691538744047,53.37431653337157
46.4883124943863,48.55268537346948,50.5595585718759,52.52794437894789,54.477205464940965,56.426895939539705,58.39667732006103,60.406272925535546,62.47544250867875,64.60414808857516,66.71308344420846,68.70312710256331,70.47516303322988,71.97186226509415,73.30302896571158,74.62025276906726,76.07512489289229,77.75310421917632,79.47511702186353,81.02154342973586,82.27511387286557,83.13641570212418,83.47511303324987,83.18347500378164,82.27511387286557,80.80916103706579,78.90548092577711,76.69912164743346,74.3251320872069,71.89702163545516,69.44213951012887,66.96629869239587,64.47531994755036,61.97503785561695,59.47131136313864,56.970042061084996,54.477205464940965
47.489025510856465,49.55442775142701,51.56192674307338,53.53070075524133,55.48020665474645,57.43005343151549,59.39993539078452,61.40959591516915,63.47880731477673,65.6075394412482,67.71649094016695,69.70654409090372,71.47858549293895,72.97528789042755,74.30645662207067,75.62368190687798,77.07855522088468,78.75653550568938,80.47854897364186,82.02497579107313,83.27854647427995,84.13984843260653,84.4785458078764,84.18690774060533,83.27854647427995,81.81259335041261,79.90891268595033,77.70255237571321,75.32856093102086,72.90044712705895,70.4455590537691,67.96970765091163,65.4787100366932,62.97839429465418,60.47460784987426,57.97323198006717,55.48020665474645
48.49029851072264,50.556518500799406,52.56451446768142,54.53359670931451,56.48329696194318,58.43326781396587,60.403229610076494,62.41294166367304,64.48218625425622,66.61093945123903,68.71990376327125,70.70996444818209,72.48201019286992,73.97871510292583,75.30988544659957,76.62711190723819,78.08198616589411,79.75996721147797,81.48198120745224,83.02840834995081,84.28197922370697,85.14328128447494,85.48197869478204,85.19034059750686,84.28197922370697,82.81602587120022,80.91234476768349,78.70598363843132,76.3319906980353,73.90387423341566,71.44898143920292,68.97312163486043,66.48210904380176,63.98176659299375,61.47793256194038,58.97647210260945,56.48329696194318
49.49201641799549,51.558885926038585,53.567276520726324,55.536603474130246,57.48645801298386,59.43652735502968,61.406552522368884,63.416305476642506,65.4855764116927,67.61434633265429,69.72332081457441,71.71338747940453,73.48543667087334,74.98214357516133,76.31331519830741,77.63054259220547,79.08541760063085,80.76339925004605,82.48541366511168,84.03184106561645,85.28541209061177,86.14671423268753,86.48541167080379,86.19377354971422,85.28541209061177,83.81945855663376,81.91577710463915,79.70941532533385,77.33542119779564,74.90730262140633,72.45240608018133,69.97653960753411,67.48551512921773,64.98515147922839,62.481279677601705,59.97975207533659,57.48645801298386
50.49408773130323,52.56147305831847,54.57017698169483,56.5396982070003,58.48967522058565,60.43982274141567,62.40989820948421,64.4196836278529,66.48897547300695,68.61775866799005,70.72674122182676,72.71681263294798,74.48886456013835,75.98557304725318,77.3167456859189,78.6339738205464,80.08884942406476,81.76683155274151,83.48884630044034,85.03527390572484,86.28884505075881,87.15014725736859,87.48884471755694,87.19720657756598,86.28884505075881,84.8228913727469,82.91920964416512,80.712847348912,78.33885227913757,75.91073202663287,73.45583251139391,70.97996074608345,68.48892683276145,65.98854635670781,63.48464457572369,60.98306367944008,58.48967522058565
51.59643972150832,53.664234641067935,55.67318732442648,57.642862771194686,59.59293700417511,61.543146580084155,63.51326197372778,65.52307315962567,67.59238160144662,69.72117533214778,71.83016429271375,73.8202394709851,75.59229356952521,77.08900331293296,78.42017675761826,79.73740548016373,81.19228155600806,82.87026406507515,84.59227907678522,86.1387068446035,87.39227808491223,88.25358034274271,88.59227782044971,88.30063966545666,87.39227808491223,85.92632429258053,84.0226423444713,81.81627963970998,79.44228382208163,77.01416223924153,74.55926036352089,72.08338439740427,69.59234299546108,67.09194916438572,64.58802358824475,62.08640039080967,59.59293700417511
52.599014597559574,54.66713472865915,56.6762848975885,58.64608276749999,60.596234170581795,62.546493002498096,64.5166400862633,66.52647172434135,68.5957933391386,70.72459543212047,72.83358947773908,74.8236676460098,76.59572346795517,78.09243420848482,79.42360829290898,80.74083748208562,82.19571393281552,83.87369674379872,85.59571196505472,87.14213986187619,88.39571117780454,89.25701347628895,89.59571096790052,89.3040728010003,88.39571117780454,86.92975729473716,85.02607517238886,82.81971214260054,80.44571573139977,78.01759309267072,75.56268934343122,73.08681004312214,70.5957626974234,68.09535826635599,65.59141380365567,63.089757030728094,60.596234170581795
53.70176644910869,55.770144774975776,57.77945171643809,59.74934676468118,61.69955942213362,63.64985735036957,65.62002958733909,67.62987745862486,69.699209528942,71.82801825911811,73.93701634076349,75.9270968822048,77.69915407202026,79.19586560396701,80.52704019615268,81.84426975569495,83.29914650397187,84.97712955458618,86.69914494215891,88.2455729413703,89.499144317318,90.3604466480694,90.69914415071705,90.4075059743661,89.499144317318,88.03319036223363,86.12950810159165,83.92314481382917,81.54914793150945,79.12102445472014,76.6661192184656,74.19023727179965,71.6991852085183,69.19877236416583,66.69481291098505,64.19312948851221,61.69955942213362
54.8046588108823,56.87324211283196,58.88267350246224,60.852645688140484,62.8029069660042,64.75323592614414,66.72342812769011,68.73328888347139,70.8026292524168,72.93144325056755,75.04044453562068,77.03052696065282,78.80258523614901,80.29929739624453,81.63047239144109,82.94770224494289,84.40257922938312,86.0805624701928,87.80257798977121,89.34900607024956,90.60257749383464,91.46387985019642,91.80257736160337,91.51093917775141,90.60257749383464,89.13662348159036,87.23294111118462,85.02657761866786,82.65258036242065,80.22445622046203,77.76954980396158,75.29366575687663,72.80260994923444,70.3021904272118,67.79821907594749,65.29651450130126,62.8029069660042
55.907662723852965,57.976408744893234,59.985938920268836,61.955972334343784,63.90627220400813,65.85662579490135,67.82683384263511,69.83670482496692,71.90605178058621,74.03486995995013,76.14387378755674,78.13395770759851,79.90601684480103,81.40272950345894,82.7339048185256,84.05113490534336,85.50601207722659,87.18399546899447,88.90601109334591,90.45243923832585,91.70601069972076,92.5673130764095,92.90601059476873,92.61437240496318,91.70601069972076,90.24005664210863,88.33637418458329,86.13001052955295,83.75601297651919,81.3278883066151,78.872980953352,76.39709523916082,73.90603645960917,71.40561163749013,68.90163084262798,66.399909479229,63.90627220400813
57.0107551928119,59.07963038264708,61.08923897135779,63.059320985199065,65.00965148630127,66.96002462708657,68.93024525213247,70.94012435135821,73.00947653485443,75.13829803286136,77.24730387849849,79.23738898513179,81.00944880627169,82.50616186063908,83.83733742958691,85.15456770158772,86.6094450222446,88.28742853382809,90.00944424133793,91.55587243751286,92.80944392891743,93.6707463217397,94.00944384561696,93.71780565108605,92.80944392891743,91.34348983529682,89.43980730862462,87.23344352460711,84.8594457360137,82.43132064707879,79.97641255030618,77.50052551293024,75.00946437456733,72.50903534574256,70.00504705543972,67.50331236663403,65.00965148630127
58.400240402053825,60.51804233356968,62.60156873805714,64.66886156693786,66.73650443604102,68.81814326458365,70.92334563374766,73.05722196859313,75.221249109303,77.4036573636265,79.54767611513189,81.58851511774881,83.4656303294051,85.15610753049076,86.75430760056057,88.36992817738778,90.09201984754172,91.94747238547684,93.78271904109035,95.4466480626721,96.94803413859974,98.2562036185817,98.90029673832912,98.39806121739312,96.94803413859974,94.89436948807725,92.46658890368306,89.8430449218439,87.1743261332785,84.56635965244892,82.00958355765917,79.47894996947782,76.95779470182484,74.43308566846342,71.89346540200893,69.32960252177028,66.73650443604102
56.15210055143483,58.22077730312431,60.2302654262361,62.20027277617149,64.15055621791198,66.10089932392394,68.07110062623052,70.0809672553176,72.1503114071204,74.27912780662598,76.38813055191925,78.37821383556594,80.15027260595775,81.64698505238789,82.9781602312924,84.29539021879238,85.75026731088498,87.42825063839305,89.15026621814478,90.69669433566773,91.95026578096775,92.81156814900373,93.15026566440353,92.8586274771323,91.95026578096775,90.48431174266778,88.58062932222748,86.3742657363758,84.00026830967798,81.57214386450943,79.11723691000695,76.64135190546884,74.15029439099865,71.64987182502422,69.14589505011594,66.64418083337125,64.15055621791198
54.34631158192319,56.4145799915715,58.42382019515445,60.393673875392864,62.34386045764414,64.29414174318791,66.26430327287697,68.27414423398821,70.34347185359293,72.47227775844709,74.58127412203714,76.57135365326795,78.34341026080905,79.84012145586574,81.17129583190777,82.488525233793,83.94340185541026,85.62138480401856,87.34340012079369,88.88982807641979,90.14339942681846,91.00470174383449,91.34339924178431,91.05176106945635,90.14339942681846,88.67744550239027,86.77376330061705,84.56740012266886,82.19340344089477,79.76528032085055,77.31037571758787,74.83449489742219,72.34344484232076,69.84303557933742,67.33908250731773,64.83741042907826,62.34386045764414
53.2053066889643,55.29586107361632,57.33822427410689,59.35173562074445,61.355131145593816,63.36578028704267,65.39899537581405,67.467655972561,69.5824816439238,71.73727047785792,73.86333192485017,75.87826219512974,77.7022164562485,79.29630830085333,80.76521977292441,82.24120863270421,83.84257882262912,85.62009940614391,87.40655448082023,89.02061590986332,90.41936538065212,91.55105773709087,92.08080615308354,91.65688250160733,90.41936538065212,88.61472264551094,86.42552197493973,84.00313763987836,81.48256530556401,78.96745390635243,76.46409751305458,73.96241727276245,71.45724750217688,68.94546869016713,66.42488245015426,63.89438053320282,61.355131145593816
51.83700174933036,53.90359472011602,55.911817310585946,57.88104008767175,59.830828947025054,61.78085636266172,63.75085455366832,65.76059009715969,67.8298498178298,69.95861261970558,72.06758277250182,74.05764689179912,75.82969461604264,77.32640067142648,78.65757174992726,79.97479874655585,81.42967343581975,83.10765482819633,84.82966906486337,86.37609635554023,87.62966731615617,88.49096942362084,88.82966684989935,88.53802873894708,87.62966731615617,86.16371385942672,84.26003255577197,82.05367105318092,79.67967743098482,77.2515597535328,74.7966648073351,72.32080117325228,69.8297817551107,67.32942712922103,64.82557140589196,62.324072385442605,59.830828947025054
51.192109331322854,53.2670800819199,55.285606773431425,57.26743044170588,59.23214176994439,61.19896190322331,63.186526553994184,65.2127441777465,67.2948425797236,69.43098673062732,71.5448188128906,73.54195385255554,75.32882736200935,76.85367823200815,78.22542263440569,79.59054751531662,81.09071098035237,82.8000701358109,84.5426615873915,86.11090937959644,87.41209854408015,88.36496412002313,88.77064893478463,88.43242449812922,87.41209854408015,85.83670758196716,83.84519921325229,81.57501487266347,79.15897640395222,76.70637694923771,74.23798833949587,71.75496606971988,69.26001041751717,66.75644860594706,64.2478857826353,61.73825143933455,59.23214176994439
39.419618281113415,41.464056977112406,43.45876413097094,45.4195847955407,47.36406794801077,49.31070503905858,51.27852040652971,53.286846544923506,55.35519821482336,57.483384470342344,59.5920039867776,61.58186191786622,63.35379079233111,64.85042808235454,66.18155504135845,67.49874985652015,68.95359869140671,70.63155926169429,72.35355904665437,73.89997744036987,75.15354318571849,76.01484248939761,76.3535389567173,76.06190166696877,75.15354318571849,73.68759598676677,71.78392669984851,69.57758761327524,67.2036349274352,64.7755900694241,62.32082432719156,59.84519061921759,57.354581048940545,54.85495723106605,52.35240328474596,49.853217412005506,47.36406794801077
40.40949883018983,42.45903108959284,44.45685545965424,46.4196177618125,48.36532849433554,50.31275060770395,52.28107165248835,54.28972440027823,56.3582865410429,58.48660644783804,60.595307253209484,62.585212987798826,64.35716941766484,65.85382265124784,67.18495983965863,68.5021621163637,69.95701694583556,71.63498234394407,73.35698547969525,74.90340593627576,76.15697289084687,77.01827284461788,77.35696953428396,77.06533205412924,76.15697289084687,74.69102424095422,72.7873521678157,70.5810078838436,68.20704570651495,65.77898396478463,63.32418826620433,60.84850125082829,58.35779666442241,55.85800343845776,53.35514778237075,50.855425968265415,48.36532849433554
41.40214512160787,43.45573858342044,45.4560441558027,47.42035032262294,49.367036508375634,51.31508215274913,53.283804742077606,55.292716796889266,57.36144601955752,59.48987201762898,61.598637346620706,63.588581024537206,65.36055932575806,66.85722521399691,68.18837052160609,69.5055787206027,70.96043830801554,72.63840753798806,74.36041333327336,75.90683542715485,77.16040334148818,78.02170381123818,78.36040067738088,78.06876304610051,77.16040334148818,75.69445353998086,73.79077925541196,71.58443084624386,69.21046113546035,66.78238599294173,64.32756651745825,61.85183719029092,59.36105718423221,56.86112948218195,54.35803430567876,51.85788694648514,49.367036508375634
42.39699765818406,44.45382618697438,46.456105559848694,48.4216388522222,50.36909996383716,52.317640794148105,54.286682208223965,56.29580012366448,58.3646619789038,60.49317218935636,62.6019887336453,64.59196252824849,66.36395818916486,67.86063412156454,69.19178587345681,70.50899877301754,71.963862136833,73.64183440817065,75.36384231433543,76.91026570774609,78.16383438384423,79.02513526312748,79.36383226933992,79.0721945181109,78.16383438384423,76.69788366829846,74.79420762851242,72.58785594516286,70.21388025503737,67.78579447619802,65.33095612863741,62.85519321752183,60.36435334750499,57.864318901132606,55.3610335836151,52.86054836307828,50.36909996383716
43.39360831673443,45.45301191994976,47.456860723333506,49.42336909641763,51.37144571374564,53.32037975563226,55.28967429584918,57.29895563354795,59.3679227716635,61.49649982636545,63.60535702206826,65.59535472096175,67.36736416052307,68.8640480650754,70.1952049318433,71.5124215622683,72.9672879234306,74.64526260870927,76.36727219028398,77.91369661513318,79.16726589584515,80.0285671001754,80.36726421756131,80.07562637112899,79.16726589584515,77.70131445482573,75.79763702192055,73.59128273984439,71.21730230389007,68.78920808292929,66.3343547563791,63.858565189000075,61.36767780282398,58.867558626759674,56.36412237308882,53.86336892503215,51.37144571374564
44.39161884660443,46.453070967994,48.458167212630514,50.4254502084633,52.374015634651116,54.32326188364715,56.29275737733751,58.302168442630744,60.371219151592214,62.49984926365826,64.60873872554714,66.59875539770438,68.37077577353804,69.86746600565314,71.19862693212878,72.51584652375784,73.9707152639248,75.64869186515473,77.37070277650551,78.91712802000905,80.17069778060372,81.03199924292412,81.37069644854859,81.07905852655324,80.17069778060372,78.70474576377498,76.80106722514894,74.59471088045765,72.22072667772265,69.7926257562028,67.33776054068716,64.86194981579817,62.37102471469581,59.87083828442985,57.36728221934089,54.866315836868495,52.374015634651116
45.390743269901805,47.453824258911254,49.45991172402981,51.42780998029279,53.37676355189964,55.32625767224593,57.295912692508495,59.30542673479853,61.37454377888085,63.503216004525115,65.61213107681944,67.60216280832807,69.37419186438431,70.87088711872781,72.20205126741331,73.51927320936119,74.97414383775096,76.65212195967558,78.37413392647181,79.92055981974232,81.17412996122042,82.03543162830786,82.37412890396732,82.08249092199756,81.17412996122042,79.70817748737119,77.80449807113301,75.5981400893402,73.22415289690068,70.79604665711655,68.3411720052386,65.86534448735853,63.37438945106419,60.87414963845657,58.37049847059356,55.869363055439734,53.37676355189964
46.49075357032886,48.55512926030453,50.56200416789848,52.53039103537273,54.47965279013516,56.42934369173204,58.399125347030136,60.408721129863665,62.477890827251215,64.60659647967452,66.71553187941254,68.70557556370142,70.47761150931622,71.97431074982927,73.30547745599563,74.6227012633988,76.07757339047552,77.7555527193783,79.47756552388307,81.02399193287437,82.27756237666001,83.13886420627122,83.47756153751752,83.18592350794601,82.27756237666001,80.81160954007318,78.90792942727319,76.7015701461103,74.32758058073519,71.89947011982491,69.44458797824825,66.96874713159576,64.47776833519768,61.97748615133014,59.47375949506029,56.97248990186583,54.47965279013516
47.49146811587147,49.556872589715475,51.56437293880583,53.53314779295319,55.48265422339642,57.432501339129345,59.40238351651149,61.41204418167531,63.48125567196243,65.60998785600002,67.71893938992523,69.70899256124605,71.48103397514578,72.97773637949894,74.30890511554625,75.62613040356607,77.08100372015365,78.75898400703687,80.48099747643195,82.02742429475134,83.28099497847876,84.14229693708522,84.4809943124508,84.18935624509777,83.28099497847876,81.81504185398677,79.91136118832493,77.70500087585017,75.33100942707144,72.90289561584035,70.44800752965251,67.97215610384143,65.48115844870506,62.98084263369586,60.47705605890812,57.97567995800216,55.48265422339642
48.49274233072754,50.558964094784464,52.56696113961331,54.53604404973868,56.48574472385863,58.43571584495193,60.405677814193325,62.41538997953221,64.48463464209011,66.6133878847641,68.72235222458133,70.71241292582988,72.48445867993459,73.98116359543894,75.3123339426083,76.62956040579667,78.08443466650105,79.76241571373467,81.4844297108539,83.03085685405736,84.28442772822675,85.14572978921686,85.48442719959996,85.19278910225967,84.28442772822675,82.81847437522421,80.91479327075541,78.7084321397272,76.3344391960878,73.90632272569862,71.45142992124869,68.9755700986878,66.4845574751521,63.984214966426364,61.480380832181694,58.97892018941471,56.48574472385863
49.49446120319921,51.56133212015305,53.56972357074996,55.53905105487064,57.488905928315916,59.43897548394517,61.40900078870732,63.41875383167459,65.48802482385267,67.61679478107993,69.72576928505325,71.71583596285069,73.48788516179371,74.98459207040614,76.31576369632671,77.63299109224852,79.08786610229976,80.76584775302435,82.48786216899876,84.03428957006301,85.28786059538632,86.14916273763836,86.48786017581492,86.19622205467377,85.28786059538632,83.82190706101477,81.91822560826449,79.71186382754954,77.33786969743707,74.90975111646846,72.45485456711816,69.97898808001091,67.48796357591726,64.9875998799578,62.48372799642557,59.98220024855917,57.488905928315916
50.496533283128656,52.56391972896566,54.57262433189325,56.54214597851342,58.49212325769827,60.44227094806337,62.41234652521024,64.42213201397743,66.49142390447483,68.6202071282424,70.72918969958288,72.7192611209963,74.49131305411899,75.98802154466614,77.31919418553397,78.63642232176774,80.09129792657654,81.76928005629257,83.49129480471271,85.03772241044123,86.29129355573552,87.15259576248525,87.49129322272147,87.19965508268953,86.29129355573552,84.82533987741128,82.92165814822972,80.71529585185777,78.34130078004017,75.91318052390085,73.45828100221283,70.98240922542537,68.49137529164378,65.99099477910312,63.487092933108926,60.98551192125642,58.49212325769827
51.59888588214412,53.666681690071584,55.67563491292624,57.64531069414538,59.59538513795364,61.54559484843149,63.51571032865421,65.52552157042888,67.59483004823944,69.72362380178708,71.8326127762459,73.82268796268622,75.59474206593481,77.09145181206682,78.42262525849992,79.73985398232028,81.19473005918883,82.87271256908082,84.59472758136336,86.1411553495341,87.39472659004943,88.25602884799096,88.59472632573596,88.3030881707104,87.39472659004943,85.92877279746983,84.02509084888453,81.8187281432352,79.44473232398516,77.0166107382603,74.561708857421,72.08583288219508,69.59479146401296,67.09439760397755,64.59047197623704,62.0888486870717,59.59538513795364
52.60146124162431,54.669582078047824,56.6787326752612,58.64853081066012,60.59868238108953,62.54894131981864,64.51908847230398,66.52892015473238,68.598241798095,70.72704390921025,72.83603796585568,74.82611614061013,76.59817196629265,78.09488270898453,79.42605679479593,80.74328598498442,82.19816243652727,83.8761452481652,85.59816046987557,87.14458836697679,88.39815968306911,89.25946198164166,89.59815947328337,89.30652130635735,88.39815968306911,86.93220579980496,85.02852367707882,82.82216064658569,80.44816423409779,78.02004159307911,75.56513783977691,73.08925853223772,70.59821117365013,68.09780671959686,65.59386221594134,63.09220537020539,60.59868238108953
53.70421347700726,55.7725923628327,57.781899644278226,59.75179490325998,61.7020076935448,63.652305706561606,65.62247799807571,67.63232590456296,69.70165799755267,71.83046674212137,73.93946483251878,75.92954537910626,77.70160257188789,79.19831410555078,80.52948869883751,81.8467182591829,83.30159500810507,84.97957805923902,86.70159344717237,88.2480214466058,89.50159282268366,90.36289515350505,90.7015926561766,90.40995447980518,89.50159282268366,88.03563886744313,86.13195660650123,83.92559331817934,81.55159643483805,79.12347295623144,76.66856771675235,74.19268576434786,71.70163369083654,69.2012208282401,66.69726134255274,64.19557786229058,61.7020076935448
54.80710614351571,56.87568988999435,58.88512154950351,60.855093902458435,62.80535528575663,64.75568431318936,66.72587655802832,68.73573734174937,70.80507772869015,72.93389173826435,75.042893030264,77.03297545938065,78.80503373723113,80.30174589868875,81.6329208947592,82.95015074889847,84.4050277338508,86.08301097507292,87.80502649493761,89.35145457559216,90.60502599928056,91.46632835569787,91.80502586712382,91.51338768325557,90.60502599928056,89.13907198691233,87.23538961626855,85.02902612330777,82.65502886624972,80.22690472284872,77.77199830378893,75.29611425214931,72.80505843638755,70.30463889988457,67.80066752281954,65.2989629023051,62.80535528575663
55.910110298408625,57.978856672328305,59.988387061928364,61.95842060877932,63.90872056213041,65.8590742064353,67.82928228853129,69.83915329303915,71.90850026294149,74.03731845137222,76.14632228449231,78.13640620777596,79.90846534684708,81.40517800658611,82.73635332234636,84.0535834096701,85.50846058195978,87.186443974055,88.90845959863364,90.45488774375345,91.70845920523035,92.56976158196318,92.90845910033747,92.61682091051902,91.70845920523035,90.24250514751984,88.33882268980558,86.1324590344228,83.75846148074551,81.33033680969658,78.87542945440214,76.39954373659589,73.90848495059973,71.4080601169876,68.90407930164722,66.40235790184212,63.90872056213041
57.01320295941542,59.0820784293668,61.09168718812106,63.06176930735202,65.01209987487857,66.9624730580576,68.93269371037717,70.9425728272042,73.01192502203693,75.14074652724022,77.24975237725343,79.23983748645982,81.01189730908281,82.50861036430828,83.83978593380664,85.15701620620901,86.61189352718851,88.28987703903181,90.01189274672198,91.55832094300793,92.81189243447758,93.67319482733481,94.01189235122405,93.7202541566829,92.81189243447758,91.34593834077887,89.44225581395673,87.23589202965951,84.86189424055527,82.43376915071175,79.97886105232686,77.50297401208161,75.01191286860373,72.51148383065681,70.0074955241003,67.50576080639874,65.01209987487857
58.4064023697794,60.52416939917343,62.607643489612514,64.67486870990969,66.74243190230926,68.82398405087625,70.92909995526216,73.06289918502361,75.22686891504162,77.40924522523241,79.55324331622677,81.5940526599037,83.47110756628807,85.16147729152685,86.75953688762304,88.37501037187513,90.09697862293145,91.95235328863501,93.78755189589396,95.45143236358857,96.95272024262714,98.26072620631365,98.9047168686098,98.40255122695245,96.95272024262714,94.8992979150091,92.47176288154698,89.84843666897987,87.17988482613859,84.57202592078619,82.01531276338828,79.48471361162115,76.96357745521341,74.4388839318867,71.89928658117596,69.33546410817615,66.74243190230926
56.158762012889596,58.2274398307145,60.23692860106742,62.20693635216823,64.15722004675985,66.1075633141508,68.07776472028041,70.0876314163711,72.15697561132924,74.2857920382298,76.39479480018169,78.3848780936236,80.1569368696612,81.65364931935787,82.98482450035817,84.30205448938679,85.75693158270751,87.43491491120464,89.15693049164284,90.70335860958838,91.95693005513616,92.81823242330532,93.15692993875064,92.86529175144041,91.95693005513616,90.49097601653895,88.58729359552781,86.38093000861136,84.00693257996903,81.57880813134142,79.12390117070134,76.64801615524048,74.15695862129863,71.65653602059837,69.15255918381638,66.65084485707301,64.15722004675985
54.352971391859356,56.42124149321205,58.43048272396845,60.40033704091633,62.3505240245032,64.30080556620368,66.27096726069482,68.28080832816484,70.3501360162733,72.47894196461385,74.58793835464762,76.57801790142726,78.35007451793052,79.84678571817253,81.17796009754133,82.49518950185318,83.95006612541994,85.6280490755983,87.3500643934631,88.89649234976007,90.15006370055201,91.01136601777941,91.35006351580154,91.05842534341166,90.15006370055201,88.68410977565193,86.78042757297263,84.5740643933342,82.20006770847341,79.77194458293826,77.31703996993278,74.8411591324284,72.35010904641774,69.84969972831124,67.34574655807504,64.84407430522964,62.3505240245032
53.211751961613814,55.302289655583365,57.344627441700084,59.35810521810558,61.361460090844815,63.37206360862385,65.40523166421576,67.4738489732378,69.58864155333774,71.74341164631008,73.86946084436468,75.88437335236972,77.70829083419088,79.30231483494356,80.77113290450379,82.2470177145529,83.8482952077919,85.62575456649809,87.41217074611865,89.02619196786027,90.42485721618277,91.55640001751698,92.08604823410954,91.66219349119827,90.42485721618277,88.62041543081922,86.43139676373738,84.00915829920001,81.48868915127517,78.97364065423903,76.47031984350599,73.96865870663984,71.46349942881176,68.95172907587227,66.43115524233059,63.90067493939452,61.361460090844815
51.84365478465823,53.91025201124384,55.918477187363095,57.88770156781186,59.83749143804849,61.78751949898887,63.75751810520069,65.7672539166708,67.83651380994804,69.96527672139811,72.0742469408267,74.06431109930396,75.83635884613051,77.33306491458039,78.66423600146416,79.9814630042074,81.43633769838371,83.11431909471656,84.83633333412946,86.38276062649673,87.63633158810359,88.49763369610099,88.83633112256166,88.54469301145338,87.63633158810359,86.17037813018516,84.26669682424722,82.06033531739706,79.68634168742292,77.25822399613475,74.80332902538693,72.32746534761388,69.83644585158792,67.33609108680275,64.83223511600337,62.33073565563713,59.83749143804849
51.19871582852892,53.27368195231371,55.29220153451131,57.27401569120015,59.238715313231395,61.20552205678733,63.19307261692852,65.21927700650151,67.30136511505192,69.43750336701635,71.55133156628477,73.54846093614098,75.33532255622022,76.86015095147583,78.23186320407429,79.59695051358412,81.09707883216655,82.80641385098474,84.54898956841576,86.11722075637357,87.4183739727509,88.37117152166192,88.77680746805959,88.43861693700971,87.4183739727509,85.84306621956459,83.85162616006069,81.58149233074566,79.16548754249729,76.71290784484427,74.24453016332049,71.76151368866786,69.26656119841437,66.76300192515875,64.25444280735503,61.74481487094096,59.238715313231395
39.4217137213728,41.46616447933181,43.46087902196878,45.42170429150242,47.36619035647267,49.31282931045906,51.28064587813227,53.288972791792716,55.35732496131416,57.48551153411083,59.5941312435244,61.58398928809926,63.355918227981675,64.85255555585587,66.18368253914498,67.50087737202082,68.9557262211389,70.63368680288805,72.35568659580312,73.90210499441602,75.15567074263542,76.01697004785791,76.35566651570545,76.06402922550488,75.15567074263542,73.68972354023907,71.7860542467061,69.57971514779388,67.20576243942045,64.77771754132644,62.3229517279762,59.84731789344937,57.35670809760586,54.85708387757208,52.35452921505939,49.85534207023443,47.36619035647267
40.41160081819416,42.46114269981574,44.45897295301595,46.42173891749951,48.36745196464311,50.314875557839265,52.28319755572258,54.29185091904567,56.36041345644247,58.488733615093324,60.597434573643795,62.58734039831161,64.3592968801012,65.85595014372703,67.18708735141328,68.50428964217826,69.95914448294573,71.63710989015136,73.35911303221647,74.90553349268404,76.1591004495337,77.02040040452971,77.35909709461473,77.06745961410124,76.1591004495337,74.69315179690702,72.78947971851844,70.58313542475284,68.20917322953926,65.78111145599466,63.326315700966816,60.85062858514124,58.359923819689115,55.86013027448598,53.35727404981573,50.85755122561139,48.36745196464311
41.4042523357615,43.4578534655854,45.45816371922528,47.42247279748625,49.369160822227265,51.31720764190547,53.285930988022926,55.29484353151199,57.36357306903918,59.49199926702897,61.60076471760654,63.59070846702113,65.3626868094548,66.85935272153907,68.19049804444738,69.50770625460345,70.96256585098172,72.64053508817466,74.36254088847129,75.90896298543797,77.16253090157979,78.02383137230206,78.36252823877729,78.07089060721214,77.16253090157979,75.69658109790245,73.79290680916657,71.58655839222534,69.21258866724645,66.78451349947655,64.32969397918971,61.85396457229275,59.3631844241161,56.86325646865808,54.36016084078133,51.8600126795912,49.369160822227265
42.399109038870364,44.45594367330817,46.45822676916296,48.423762375284994,50.37122494768738,52.319766711320426,54.28880872625791,56.29792702964282,58.366789134818504,60.49529950395913,62.60411614475561,64.59408999610864,66.36608568973628,67.86276164106233,69.19391340509765,70.51112631351572,71.96598968444707,73.64396196151557,75.36596987165791,76.91239326751727,78.16596194505082,79.02726282510574,79.3659598315821,79.0743220801271,78.16596194505082,76.70001122778271,74.7963351846893,72.58998349517017,70.21600779377778,67.78792199489627,65.33308361177467,62.85732063737585,60.36648065455438,57.86644600703448,55.36316033120562,52.86267447394701,50.37122494768738
43.39572301614699,45.455131477783354,47.45898324081354,49.42549345217421,51.37357122967502,53.3225060126438,55.2918010298896,57.301082675551015,59.37005001206174,61.49862719272258,63.60748446502649,65.59748220896344,67.36949167448813,68.86617559406247,70.19733247046842,71.51454910792353,72.96941547473374,74.64739016456102,76.36939974929268,77.91582417608544,79.16939345793668,80.03069466287941,80.36939178047483,80.07775393386311,79.16939345793668,77.70344201555025,75.79976458002002,73.59341029304707,71.21942984815014,68.7913356112818,66.33648225650647,63.860692638898385,61.369805163185674,58.869685827459364,56.36624928936138,53.86549533582691,51.37357122967502
44.39373618752751,46.455192172865395,48.46029076955152,50.42757522559434,52.376141573081696,54.325388410466616,56.294884282853616,58.30429559260908,60.373346459049856,62.50197667109464,64.61086619378374,66.60088290169269,68.37290329813374,69.86959354217197,71.20075447629732,72.51797407350622,73.97284281815593,75.65081942299611,77.37283033685259,78.91925558189871,80.17282534339763,81.03412680620417,81.37282401199488,81.08118608985717,80.17282534339763,78.70687332548388,76.80319478477435,74.59683843619646,72.22285422636368,69.7947532922179,67.33988805429973,64.86407728954325,62.37315211737341,59.87296556037664,57.3694092695155,54.86844248577492,52.376141573081696
45.39286271209528,47.45594677286063,49.46203610668063,51.4299355226503,53.37888982578923,55.32838441326081,57.29803973414464,59.30755397048469,61.37667113956661,63.505343444567245,65.61425856511991,67.60429032500515,69.37631939741765,70.87301466122457,72.20417881598172,73.52140076235833,74.97627139430608,76.65424951909614,78.37626148788118,79.92268738237601,81.17625752457184,82.03755919204511,82.37625646783653,82.08461848575377,81.17625752457184,79.71030504986143,77.80662563196955,75.60026764709198,73.2262804490189,70.79817419921353,68.34329952955457,65.86747198003115,63.37651688732916,60.87627697413082,58.372625627058326,55.87148989337351,53.37888982578923
46.492874683272916,48.557252814420494,50.56412920638874,52.53251699478763,54.48177933035413,56.431470602784685,58.40125249671722,60.41084843358111,62.48001823018603,64.60872394559654,66.717659383638,68.70770309044966,70.47973904904654,71.97643829707076,73.30760500805621,74.62482881897446,76.07970094887517,77.75768028005228,79.47969308613554,81.0261194960986,82.27968994045389,83.14099177037136,83.47968910172239,83.18805107206119,82.27968994045389,80.81373710318357,78.91005698907102,76.70369770545973,74.32970813561329,71.9015976667491,69.44671551105954,66.97087463929147,64.4798957981217,61.97961353441248,59.47588673589516,56.97461688985459,54.48177933035413
47.49359055676734,49.55899697013821,51.566498498124524,53.53527408350327,55.484780975048636,57.43462838516041,59.404510751966484,61.41417153939231,63.48338310843155,65.6121153424634,67.72106690679053,69.71112009598787,71.48316152019154,72.97986393050635,74.31103267037861,75.62825796118832,77.08313128001731,78.76111156870567,80.48312503935361,82.02955185844431,83.28312254262383,84.14442450147337,84.4831218769221,84.19148380949785,83.28312254262383,81.81716941758934,79.91348875088573,77.70712843646771,75.33313698414003,72.90502316659595,70.4501350692066,67.9742836234611,65.48328593278887,62.98297005440753,60.479183366712334,57.977807065104756,55.484780975048636
48.494865826803625,50.561089131505184,52.56908711249555,54.53817060318437,56.48787164335545,58.43784299812759,60.407805117727264,62.417517380110624,64.48676210517618,66.61551538753145,68.72447975147898,70.71454046691625,72.48658622919926,73.98329114943539,75.31446149964061,76.63168796504335,78.08656222752673,79.76454327619305,81.4865572743067,83.03298441812234,84.28655529265058,85.14785735383359,85.48655476428269,85.19491666688592,84.28655529265058,82.82060193921745,80.91692083392178,78.7105597013512,76.33656675489502,73.90845027949516,71.45355746615458,68.9776976277716,66.48668497603074,63.9863424170054,61.48250819314252,58.981047391067506,56.48787164335545
49.49658553751956,51.56345767806657,53.5718498719924,55.541177817023,57.49103298104997,59.44110272216926,61.41112814627867,63.4208812662734,65.49015230806509,67.6189222967879,69.72789681991367,71.71796350897276,73.49001271440693,74.98671962677498,76.31789125510511,77.63511865278447,79.08999366424769,80.76797531610944,82.48998973287311,84.03641713442325,85.28998816003137,86.15129030243654,86.48998774066547,86.19834961947944,85.28998816003137,83.82403462531809,81.92035317191153,79.71399138997239,77.33999725762425,74.91187867267863,72.4569821162718,69.98111561660649,67.49009109012616,64.98972735424317,62.48585539957874,59.98432752526247,57.49103298104997
50.498658283235116,52.56604570073219,54.57475089382757,56.544272906345526,58.49425041619466,60.4443982537953,62.414473925673065,64.42425947557899,66.49355140545556,68.62233465422149,70.73131724076336,72.72138867111522,74.49344060938995,75.99014910291797,77.32132174569827,78.63854988332702,80.0934254892565,81.77140761987509,83.49342236892164,85.03984997503585,86.29342112055618,87.15472332742743,87.49342078770523,87.20178264763767,86.29342112055618,84.82746744196069,82.92378571225825,80.71742341491466,78.34342834132258,75.91530808202674,73.46040855473794,70.98453676798309,68.49350281643302,65.9931222722046,63.489220369751365,60.98763925753114,58.49425041619466
51.601011410982515,53.66880799042822,55.67776168181733,57.647437753495964,59.59751238040111,61.547722207747455,63.51783776316124,65.52764905346301,67.59695756252937,69.72575133591843,71.83474032244266,73.82481551597743,75.59686962331524,77.09357937181312,78.42475281976421,79.74198154469175,81.19685762244977,82.87484013305811,84.59685514583785,86.14328291431471,87.39685415500945,88.25815641304746,88.59685389082543,88.30521573577161,87.39685415500945,85.93090036221456,84.02721841321586,81.82085570679534,79.44685988613688,77.01873829790668,74.56383641262204,72.08796042948495,69.59691899719992,67.09652511201362,64.59259943946066,62.090976070630646,59.59751238040111
52.60358719030485,54.67170863927889,56.680859608442674,58.65065797440856,60.600809690173776,62.551068721666226,64.52121593383269,66.53104765477788,68.60036932294858,70.72917144981207,72.83816551603388,74.82824369641921,76.60029952534735,78.09701026991705,79.42818435693324,80.74541354800053,82.20029000024935,83.87827281245589,85.60028803456086,87.14671593190502,88.40028724813976,89.26158954678888,89.60028703845678,89.30864887150832,88.40028724813976,86.93433336470474,85.03065124165047,82.82428821054525,80.45029179693948,78.02216915393231,75.56726539710182,73.09138608328355,70.6003387135024,68.0999342394867,65.59598970026295,63.09433279129537,60.600809690173776
53.706339759034805,55.774719131165526,57.78402670787514,59.753922149876374,61.70413505552166,63.65443314216776,65.62460548105206,67.6344534181106,69.7037855307907,71.83259428785887,73.94159238585708,75.93167293691378,77.70373013227146,79.20044166742483,80.5316162616678,81.84884582271069,83.30372257219315,84.9817056237784,86.70372101202497,88.25014901165122,89.50372038784211,90.36502271872425,90.7037202214166,90.41208204502738,89.50372038784211,88.03776643246596,86.13408417126364,83.92772088245592,81.55372399822737,79.12560051804249,76.670695275763,74.19481331837476,71.7037612359791,69.20334835753833,66.69938884362013,64.19770531316989,61.70413505552166
54.80923269019539,56.877816822732655,58.887248716622594,60.85722121485176,62.80748268971624,64.75781177559048,66.72800405802792,68.73786486601377,70.80720526858295,72.93601928807804,75.04502058611047,77.03510301877438,78.80716129866943,80.30387346131005,81.63504845813947,82.95227831283233,84.40715529822941,86.08513853980969,87.807154059923,89.3535821407306,90.60715356450868,91.46845592097422,91.80715343241665,91.51551524853431,90.60715356450868,89.14119955203279,87.23751718118234,85.03115368783597,82.65715643007371,80.22903228542003,77.77412586413755,75.29824180854231,72.80718598572903,70.30676643665035,67.80279503717824,65.30109037682882,62.80748268971624
55.912237055189735,57.98098373557343,59.990514311220224,61.96054797338269,63.91084799941294,65.86120169010407,67.83140980204251,69.84128082580953,71.91062780811617,74.0394460044212,76.14844984232951,78.1385337684286,79.91059290912254,81.40730556980049,82.73848088616316,84.05571097392627,85.51058814656895,87.18857153894845,88.9105871637244,90.45701530896568,91.71058677051379,92.57188914728489,92.9105866656723,92.61894847584261,91.71058677051379,90.24463271271784,88.34095025483953,86.13458659915071,83.76058904491447,81.3324643728713,78.87755701581271,76.40167129486687,73.91061250327391,71.41018765968039,68.90620682655538,66.40448539513278,63.91084799941294
57.01532988298371,59.084205596206644,61.09381450263804,63.063896713396375,65.01422733861024,66.9646005586068,68.93482123461266,70.94470036672583,73.01405257140394,75.14287408285708,77.25187993667066,79.2419650481117,81.01402487202273,82.5107379279934,83.8419134979699,85.15914377072102,86.61402109198067,88.29200460404961,90.0140203118964,91.56044850827875,92.81401999980491,93.67532239269255,94.01401991659216,93.72238172204212,92.81401999980491,91.34806590603841,89.44438337908605,87.23801959454592,84.86402180499806,82.43589671436538,79.9809886145803,77.5051015718432,75.01404042392306,72.5136113780539,70.00962305738162,67.50788831458497,65.01422733861024
58.40481303836337,60.52261473122172,62.6061407779941,64.67343314458448,66.74107546888774,68.82271370475596,70.9279154827287,73.06179129038837,75.22581803857375,77.40822607449319,79.55224468474225,81.59308348458151,83.47019828393599,85.16067475023284,86.75887385994011,88.37449343118925,90.09658425763163,91.95203626323274,93.78728259039272,95.45121128006886,96.95259668475157,98.26076504701788,98.9048574664387,98.40262242314621,96.95259668475157,94.89893369070418,92.47115478494494,89.84761229189864,87.17889464471804,84.57092889939021,82.01415323491658,79.48351988218683,76.96236474520369,74.43765581788988,71.89803570811915,69.33417310416233,66.74107546888774
56.15667469034351,58.22535217427826,60.23484074192952,62.20484836739416,64.15513198279838,66.105475199649,68.07567657326356,70.08554324837019,72.15488742981302,74.28370384813408,76.39270660486883,78.38278989524309,80.15484866951257,81.65156111818625,82.98273629853017,84.29996628708008,85.75484338001617,87.43282670820355,89.15484228842675,90.70127040623996,91.95484185171014,92.8161442198376,93.15484173526866,92.86320354797064,91.95484185171014,90.48888781320602,88.58520539237364,86.37884180579067,84.00484437775731,81.57671993021299,79.1218129714951,76.64592795945498,74.1548704316112,71.65444784178632,69.15047102438182,66.64875673208762,64.15513198279838
54.3508845865327,56.41915415808067,58.42839506714894,60.39824918469343,62.34843604259085,64.29871750406869,66.26887914694746,68.27872018110827,70.34804784776287,72.47685378248445,74.58585016423663,76.5759297061467,78.34798631984324,79.84469751846132,81.17587189678827,82.49310130034013,83.94797792329635,85.625960872983,87.34797619050654,88.8944041465934,90.1479754972622,91.0092778144234,91.34797531242286,91.05633714005239,90.1479754972622,88.6820215725099,86.77833937011435,84.57197619100526,82.19797950711117,79.76985638329566,77.31495177334139,74.8390709412671,72.34802086493656,69.8476115640934,67.34365842461642,64.84198622645377,62.34843604259085
53.20988126255733,55.300435533072374,57.34279855977101,59.35630967684571,61.35970492370667,63.37035375317353,65.40356852032788,67.4722288210726,69.58705426615873,71.7418429719437,73.86790433517902,75.88283448400249,77.70678849363077,79.30087987433663,80.76979070775687,82.2457788561003,83.84714841222913,85.62466857713824,87.41112338588468,89.02518454002842,90.42393343499212,91.55562476895695,92.08537249992887,91.66144931954958,90.42393343499212,88.61929207375353,86.4300926476028,84.00770930994577,81.48713768119882,78.97202671210758,76.46867056212338,73.96699045246132,71.46182075362594,68.95004199946001,66.42945584428381,63.89895407513174,61.35970492370667
51.84157010099181,53.908165994753006,55.91639036110331,57.88561423941394,59.83540379306413,61.78543165190962,63.75543012808831,65.76516585563341,67.8344256948539,69.96318857198773,72.07215877054853,74.0622229167555,75.83427065650955,77.33097672086744,78.66214780512584,79.9793748059541,81.43424949859195,83.11223089368579,84.83424513223873,86.38067242407661,87.63424338537314,88.49554549320371,88.83424291960733,88.5426048085479,87.63424338537314,86.16828992782706,84.26460862260416,82.05824711708789,79.68425348954963,77.25613580259464,74.80124083953538,72.32537717544515,69.83435770381085,67.33400298252468,64.83014708922755,62.328647766633566,59.83540379306413
51.19668500745074,53.27165572640675,55.29018236930038,57.27200597252887,59.23671722071346,61.203537262425826,63.19110181683726,65.21731935008731,67.29941768167275,69.4355617922366,71.54939384794605,73.54652884883814,75.33340227698686,76.8582529932935,78.22999717583798,79.59512179982283,81.09528502451712,82.80464401492355,84.54723535891078,86.11548303757287,87.41667195623835,88.36953706700842,88.77522154760965,88.43699734279929,87.41667195623835,85.8412815631228,83.84977366152654,81.5795896663535,79.16355142796459,76.71095210835865,74.24256357334967,71.75954134320381,69.26458571262422,66.7610239184125,64.25246112044103,61.742826820954164,59.23671722071346
39.42708914808378,41.47157082179923,43.46630430230796,45.42714137457557,47.37163490439458,49.31827863315404,51.28609827698098,53.29442717767134,55.362780627736115,57.49096801372352,59.59958821774538,61.589446553188296,63.361375660737394,64.85801308562404,66.18914013115662,67.50633500943428,68.96118389502811,70.63914450615354,72.36114431945748,73.90756273062249,75.16112848619977,76.02242779537795,76.36112426457842,76.06948697321927,75.16112848619977,73.69518127497473,71.7915119644882,69.58517283395085,67.21122006782379,64.78317506699632,62.32840907136975,59.85277491248473,57.36216453850882,54.86253928773044,52.3599827895969,49.86079238438262,47.37163490439458
40.41699302733066,42.4665595713508,44.46440490333876,46.4271802545139,48.37289923411141,50.32032662015225,52.28865106085537,54.29730600180669,56.36586955578191,58.494190359945264,60.60289171109743,62.592797766638654,64.36475438150956,65.86140772213588,67.19254497922557,68.50974730602641,69.96460217574497,71.64256760626668,73.3645707645145,74.91099123494473,76.16455819763436,77.02585815576998,77.36455484692884,77.07291736549578,76.16455819763436,74.69860953800034,72.79493744615563,70.58859312728904,68.214630886236,65.78656903115065,63.331773131446354,60.85608575816616,58.36538053381409,55.865586170394636,53.36272848843055,50.863003075314296,48.37289923411141
41.409657939897144,43.463278723285455,45.46360097520339,47.42791751559729,49.374610253725905,51.32266008574501,53.29138537153359,55.300299167515675,57.36902951203437,59.4974562224198,61.606221984624966,63.59616591729103,65.36814436535404,66.86481033855468,68.195955700675,69.51316393943301,70.9680235587899,72.64599281448893,74.36799862762985,75.91442073250391,77.1679886532809,78.02928912649509,78.36798599382263,78.07634836152764,77.1679886532809,75.70203884404185,73.7983645446258,71.59201610776182,69.21804634639992,66.78997111391033,64.33515147879145,61.859421867545436,59.368641355117035,56.86871275016857,54.3656159654097,51.865465748680734,49.374610253725905
42.40452532208987,44.46137560561807,46.463668243626046,48.42920977996671,50.37667609641267,52.32522025217689,54.294263807139004,56.30338310483543,58.37224585060426,60.50075662646637,62.609573514614084,64.59954751141836,66.37154328888573,67.86821928872054,69.19937108387876,70.51658401499834,71.97144740416795,73.6494196959248,75.37142761626166,76.91785101839713,78.17141969960966,79.03272058164242,79.37141758879525,79.07977983676093,78.17141969960966,76.70546897792715,74.80179292635691,72.59544122102506,70.22146549075526,67.79337964050525,65.33854116623993,62.86277802964469,60.37193775770214,57.871902594636154,55.36861600044617,52.868128511252706,50.37667609641267
43.401147805443316,45.460568719436665,47.46442806815274,49.430942991076435,51.3790237421346,53.32796042451746,55.29725666440089,57.306539099378426,59.37550694438093,61.504084447877474,63.612941916511886,65.6029397758964,67.37494930796578,68.87163326604195,70.20279016715035,71.52000682262377,72.97487320390977,74.65284790539522,76.37485749821832,77.92128192999243,79.17485121476366,80.03615242127621,80.37484953940854,80.08321169233703,79.17485121476366,77.70889976887352,75.80522232661522,73.59886802709167,71.22488755927463,68.79679328163478,66.34193985451775,63.866150108171425,61.37526240297419,58.8751426580302,56.37170539093829,53.870950141851054,51.3790237421346
44.39916774714318,46.46063363594122,48.46573826101288,50.43302645961931,52.3815951684237,54.33084351386515,56.30034035686151,58.30975229317983,60.37880356324399,62.50743403153666,64.61632371005823,66.60634050959973,68.37836095885802,69.87505123345542,71.20621218718725,72.52343179869737,73.97830055483655,75.65627716892985,77.37828808920852,78.92471333820833,80.17828310202486,81.03958456607735,81.37828177229423,81.08664384979159,80.17828310202486,78.71233108133023,76.80865253528057,74.60229617674128,72.22831194871674,69.80021098221042,67.34534568687403,64.86953481993612,62.37860946561864,59.87842258380766,57.37486571428681,54.87389790208559,52.3815951684237
45.398299657358265,47.461391591150594,49.467485714513685,51.43538810284595,53.38434428092182,55.33384006564785,57.30349615703162,59.31301089072676,61.38212838018566,63.51080088857857,65.61971613281864,67.60974796543381,69.38177707976777,70.87847236782972,72.2096365381486,73.52685849587613,74.98172913694307,76.65970726907739,78.38171924295969,79.92814514059262,81.1817152846279,82.04301695309012,82.38171422921977,82.09007624684733,81.1817152846279,79.71576280771032,77.81208338558001,75.60572539279599,73.23173818028408,70.80363190479403,68.34875718956182,65.87292955893587,63.381974321659584,60.881734150644746,58.378082344253926,55.87694579416609,53.38434428092182
46.498315910735506,48.56270029869246,50.56958049515805,52.53797064391301,54.48723446809595,56.436926690982816,58.40670919654147,60.416305528189014,62.48547557909049,64.61418145593872,66.72311699215285,68.713160756691,70.48519674856124,71.98189601583677,73.31306273917363,74.63028655910114,76.0851586962398,77.76313803324601,79.48515084337502,81.03157725582876,82.28514770164406,83.14644953234642,83.48514686396591,83.19350883407482,82.28514770164406,80.81919486262186,78.91551474514527,76.70915545525864,74.33516587395206,71.90705538470186,69.45217319284056,66.97633225670063,64.48535330077996,61.9850708324345,59.48134366933343,56.98007317524201,54.48723446809595
47.499035187818606,49.56444657226059,51.57195112179214,53.54072858133712,55.4902366546994,57.44008481931161,59.409967671616016,61.41962877240239,63.48884054328525,65.61757290545354,67.7265245477016,69.71657778271693,71.48861923332984,72.9853216589245,74.3164904086001,75.63371570656048,77.08858903113425,78.7665693244492,80.48858279830823,82.03500961937577,83.2885803047141,84.14988226418663,84.48857963984842,84.19694157224173,83.2885803047141,81.82262717828917,79.91894650891551,77.71258618951674,75.33859472809314,72.91048089436859,70.45559276826961,67.97974127143166,65.48874348968018,62.98842744887446,60.484640471794734,57.9832636557839,55.4902366546994
48.50031316231751,50.566540415739134,52.57454079613814,54.54362577482662,56.49332775319627,58.443299706893185,60.41326221186483,62.422974722975596,64.49221960824975,66.62097299230902,68.72993741810322,70.71999816990653,72.49204395315067,73.98874888551445,75.3199192435006,76.63714571457885,78.09201998162187,79.77000103396034,81.49201503462263,83.03844218000731,84.29201305545527,85.15331511713276,85.49201252775094,85.20037443020937,84.29201305545527,82.82605970091853,80.92237859350368,78.71601745697984,76.34202450330422,73.91390801506192,71.45901517893435,68.98315529999903,66.4921425759676,63.99179988802314,61.487965434466645,58.98650422408116,56.49332775319627
49.50203502148008,51.56891029813271,53.57730439723106,55.54663352358588,57.49648943238117,59.44655964891612,61.416585378915414,63.426338696333374,65.49560986528603,67.62437993473267,69.73335450694661,71.72342122486964,73.49547044694074,74.99217736893455,76.32334900344043,77.64057640562444,79.09545142070667,80.77343307548298,82.49544749426951,84.04187489706499,85.29544592340312,86.15674806620075,86.4954455045639,86.20380738326293,85.29544592340312,83.8294923878139,81.92581093272531,79.71944914764849,77.34545500957026,74.91733641443156,72.46243983993867,69.98657330808672,67.4955487242288,64.99518488602084,62.491312749042805,59.98978455063248,57.49648943238117
50.50410947362561,52.57149938151517,54.5802060872264,56.54972903754984,58.49970713859736,60.44985535356636,62.4199312682417,64.42971697484771,66.49900900565406,68.62779231849133,70.73677494399485,72.72684639725614,74.49889834873562,75.99560684990362,77.32677949758565,78.64400763878973,80.09888324759163,81.7768653805235,83.49888013117561,85.04530773827823,86.29887888437796,87.1601810915607,87.49887855194504,87.20724041178627,86.29887888437796,84.83292520508726,82.9292434740498,80.72288117421581,78.34888609607577,75.92076582868964,73.46586628704588,70.98999447474438,68.49896047765334,65.99857985220844,63.494677805049236,60.993096435584135,58.49970713859736
51.60646395652829,53.6742625133965,55.683217405651774,57.6528942217855,59.60296931797261,61.55317944485576,63.523295192986026,65.53310660766398,67.60241519683966,69.73120902108266,71.84019803853101,73.83027325024909,75.60232736806752,77.09903712262931,78.43021057447086,79.74743930223613,81.20231538227401,82.88029789471841,84.60231290877249,86.14874067803383,87.40231191918846,88.2636141774737,88.60231165533625,88.31067350021,87.40231191918846,85.93635812584176,84.03267617578348,81.82631346738631,79.45231764311815,77.02419604846668,74.56929415178847,72.09341814837494,69.60237667994376,67.1019827302952,64.5980569428868,62.096433369874305,59.60296931797261
52.60904081191778,54.67716383087527,56.686315753357576,58.65611471027243,60.60626679853691,62.55652606778408,64.52667343291472,66.53650525257937,68.60582698433373,70.73462915156036,72.84362324232676,74.83370143714423,76.60575727439088,78.10246802377347,79.43364211387757,80.75087130719717,82.20574776125548,83.8837305749193,85.60574579803573,87.15217369600256,88.40574501260232,89.26704731144764,89.60574480318266,89.31410663617675,88.40574501260232,86.93979112872931,85.03610900483402,82.82974597215994,80.45574955568912,78.02762690758541,75.57272314171183,73.09684381180008,70.60579641332957,68.1053918881497,65.60144725776372,63.09979018673194,60.60626679853691
53.71179423502518,55.78017485356908,57.78948318704809,59.759379098132825,61.709592299449824,63.65989057480965,65.63006303510484,67.63991105051836,69.70924321366536,71.83805200276996,73.9470501202493,75.93713068276085,77.70918788472095,79.20589942369429,80.53707402038812,81.85430358321868,83.30918033413737,84.98716338687926,86.70917877592863,88.25560677604909,89.50917815252967,90.37048048356758,90.70917798631316,90.41753980987835,89.50917815252967,88.04322419680591,86.13954193493609,83.93317864488316,81.55918175838065,79.1310582741506,76.67615302469358,74.2002710545319,71.70921894936542,69.20880603031533,66.70484644404073,64.20316278495723,61.709592299449824
54.81468784449618,56.8832729665117,58.89270546112549,60.862678331696074,62.81294004124723,64.7632692769085,66.73346165571184,68.74332252588886,70.81266296851395,72.94147701343653,75.05047832693117,77.0405607686868,78.81261905382223,80.30933121949477,81.64050621826944,82.95773607438119,84.41261306091819,86.0905963034165,87.81261182416696,89.35903990536684,90.61261132937486,91.47391368596402,91.81261119744873,91.52097301353017,90.61261132937486,89.14665731662309,87.24297494524278,85.03661145090811,82.66261419134099,80.23449004347668,77.77958361649739,75.30369955076387,72.81264370987729,70.31222412856678,67.80825267166482,65.30654790921734,62.81294004124723
55.91769274798597,57.98644021384473,59.99597126633401,61.96600522404272,63.916305436351365,65.8666592459316,67.83686743435693,69.84673850748565,71.91608552158493,74.04490373807181,76.15390758825254,78.14399152156776,79.91605066642097,81.41276332950537,82.74393864741197,84.06116873630123,85.51604590984869,87.19402930295684,88.91604492823848,90.46247307379113,91.71604453552175,92.57734691239094,92.91604443081191,92.62440624095349,91.71604453552175,90.25009047750679,88.34640801920797,86.14004436273473,83.76604680706595,81.33792213247449,78.88301477089436,76.40712904190175,73.91607023596396,71.41564536678791,68.91166448808043,66.40994297562145,63.916305436351365
57.02078600325973,59.08966233999385,61.099271624925365,63.06935407027066,65.01968484333854,66.97005815769936,68.94027889441367,70.95015806570555,73.01951029561762,75.14833182308917,77.25733768664341,79.24742280381189,81.01948263102412,82.51619568890479,83.84737126010671,85.16460153375166,86.61947885572945,88.29746236837671,90.01947807662489,91.56590627325434,92.81947776492537,93.68078015789087,94.01947768181712,93.72783948724425,92.81947776492537,91.35352367098504,89.44984114369893,87.2434773585362,84.86947956785136,82.4413544751961,79.98644637182224,77.51055932269838,75.01949816339277,72.51906909721868,70.01508074036735,67.51334593325137,65.01968484333854
58.41371321007061,60.531461165028574,62.61490666475696,64.68209493477436,66.74961458013384,68.83111935264212,70.9361879971314,73.069945081588,75.2338834304189,77.41624227938912,79.56022907688168,81.60102220816717,83.478044149505,85.1683551227967,86.76633792504474,88.38173099309572,90.10363176710183,91.95896385611394,93.7941361923159,95.45799011209033,96.95922429838757,98.2671408493907,98.91107548406248,98.4089480552695,96.95922429838757,94.90593446628151,92.47853368166443,89.8553265191905,87.18686593597616,84.57906583307644,82.0223870772051,79.49180674802732,76.9706810375298,74.44599599169524,71.90641116621167,69.3426107786456,66.74961458013384
56.16634414689024,58.23502317621127,60.24451268205219,62.21452088901442,64.16480487093152,66.1151483217043,68.08534984581246,70.09521661804214,72.16456086203956,74.2933773200702,76.40238010095196,78.39246340552452,80.16452218797774,81.66123464138633,82.9924098247681,84.30963981553383,85.76451691025011,87.44250023987115,89.16451582108941,90.71094393951518,91.96451538534446,92.82581775366496,93.16451526916205,92.87287708180747,91.96451538534446,90.49856134640947,88.59487892474972,86.38851533662331,84.01451790577136,81.58639345321306,79.13148648559861,76.65560145772574,74.16454390165734,71.66412126149669,69.16014435440499,66.65842990266549,64.16480487093152
54.36055164916624,56.42882367287757,58.438066070855925,60.40792111132416,62.358108550965866,64.30839038374812,66.27855226551084,68.28839345384085,70.35772121979306,72.486527217549,74.59552363763191,76.58560320208034,78.35765982876771,79.85437103490197,81.18554541805119,82.50277482512047,83.95765145090255,85.63563440286501,87.35764972196807,88.90407767902735,90.15764903026616,91.0189513477338,91.35764884583809,91.06601067337785,90.15764903026616,88.69169510482989,86.78801290112096,84.58164971956185,82.2076530311935,79.7795298994188,77.32462527534216,74.84874441813506,72.35769429700096,69.85728491625562,67.35333163441184,64.85165918315431,62.358108550965866
53.21921762273615,55.30974619599354,57.352070094186416,59.36552952562994,61.36886218311403,63.37944076843493,65.41258312087476,67.48117677321694,69.59595126874305,71.75071111957277,73.87675362341068,75.891656424031,77.7155538051462,79.30954072703071,80.77830774762018,82.25413568748078,83.85536251396027,85.63278840709384,87.41918332623928,89.033182569908,90.4318017796144,91.56326282607994,92.092856265852,91.66903919395591,90.4318017796144,88.627469837358,86.43855065018529,84.01639191125861,81.49597915740769,78.98096503704713,76.4776636722049,73.9760129752697,71.47085943165321,68.9590937015152,66.4385266479669,63.90805815676933,61.36886218311403
51.85122734366152,53.91782940631424,55.92605752062437,57.895283723045466,59.845074741992875,61.7951035362197,63.765102614246956,65.77483873023277,67.84409881965084,69.97286185561478,72.0818321507605,74.07189635375963,75.84394412624823,77.34065020954561,78.67182130595535,79.9890483156469,81.44392301540542,83.12190441623393,84.84391865876705,86.39034595305525,87.6439169157881,88.50521902439085,88.84391645105859,88.55227833977298,87.6439169157881,86.17796345651857,84.27428214798613,82.06792063629618,79.69392699748352,77.26580929047275,74.8109142918276,72.33505056440751,69.8440309798782,67.3436760572602,64.8398198052498,62.33831984498718,59.845074741992875
51.20626958887675,53.28123318446596,55.299748881964405,57.28155784128002,59.246251066716596,61.21305049372569,63.200593354285914,65.22679051223524,67.30887299606964,69.44500802462224,71.55883410206624,73.55596037370586,75.34281549692167,76.86763161094005,78.2393262952332,79.60439307354042,81.10450218580426,82.81382401464595,84.55639113375781,86.12461324785764,87.42574681919709,88.37850719178672,88.78411643139205,88.44594442996555,87.42574681919709,85.85048453791252,83.8590818069268,81.58897557961578,79.17298919585943,76.72042029423446,74.25204858428211,71.76903527628394,69.27408451382526,66.77052662758827,64.26196953459386,61.752345099103366,59.246251066716596
39.42806916232933,41.47255646826588,43.46729339884568,45.42813262130742,47.37262751105135,49.31927210966392,51.28709231389428,53.29542157657485,55.36377525992445,57.49196279405602,59.60058308818381,61.59044147661599,63.36237061471002,64.85900805727002,66.19013511414192,67.50733000069071,68.96217889292954,70.64013950940662,72.36213932642497,73.90855773987666,75.16212349679435,76.02342280669316,76.36211927614013,76.07048198456991,75.16212349679435,73.69617628396097,71.79250697038586,69.5861678340872,67.21221505743877,64.7841700378957,62.3294040090627,59.8537697910873,57.36315931178932,54.86353387323359,52.360977040693115,49.86178604151219,47.37262751105135
40.41797609899818,42.46754713598827,44.465395214999155,46.428172276217,48.37389233657105,50.32132041357998,52.28964529930768,54.29830052766576,56.36686426683761,58.4951851885981,60.603886611273,62.59379270887389,64.36574934798907,65.86240270264307,67.1935399687329,68.5107423020986,69.96559717709135,71.64356261186072,73.36556577305663,74.91198624530185,76.16555320905536,77.02685316776297,77.36554985911744,77.07391237751685,76.16555320905536,74.69960454814475,72.79593245384866,70.5895881304093,68.21562588100537,65.78756401106523,63.332768085004304,60.85708066482198,58.366375356869185,55.86658084439003,53.36372289694134,50.86399701218606,48.37389233657105
41.410643451855336,43.46426781569883,45.46459225343462,47.428910153258585,49.37560375005727,51.323654130854564,53.29237977000571,55.30129379416253,57.37002428569602,59.498451089427846,61.60721690840418,63.5971608744543,65.3691393417605,66.86580532609509,68.19695069535894,69.5141589393275,70.96901856287059,72.64698782194097,74.3689936374218,75.91541574373639,77.16898366535784,78.03028413902598,78.36898100650879,78.07734337408084,77.16898366535784,75.70303385510553,73.79935955374384,71.59301111325043,69.21904134526034,66.79096610098038,64.33614644494182,61.86041679646826,59.3696362176818,56.86970749441153,54.36661049889602,51.86645990769618,49.37560375005727
42.405512779548985,44.46236591399692,46.46466029036915,48.43020290705911,50.37766990558271,52.326214497137215,54.29525833265558,56.304377811492145,58.3732406739619,60.50175152391907,62.610568457128295,64.60054248043033,66.37253827317136,67.86921428184328,69.2003660826714,70.51757901792666,71.97244241041884,73.65041470485156,75.37242262704561,76.91884603032446,78.17241471220717,79.03371559460025,79.37241260187632,79.08077484973649,78.17241471220717,76.7064639897205,74.80278793660595,72.59643622839342,70.22246049286281,67.79437463325469,65.33953614238516,62.863772976241535,60.37293265162798,57.87289739464168,55.36961063314797,52.869122846654406,50.37766990558271
43.402136812523864,45.461559995058224,47.46542072571288,49.43193650697425,51.38001779974512,53.32895482815664,55.298251290775866,57.30753386954815,59.37650180718586,61.505079369495434,63.613936873896606,65.60393475431295,67.37594429850517,68.87262826359549,70.2037851692041,71.52100182796002,72.97586821188315,74.65384291549243,76.37585250978961,77.9222769424712,79.1758462277744,80.03714743457293,80.37584455280307,80.08420670564777,79.1758462277744,77.70989478124596,75.80621733776195,73.59986303595198,71.22588256395943,68.797788278892,66.34293483859602,63.86714506879663,61.376257321792735,58.87613750229899,56.372700102401595,53.871944617295185,51.38001779974512
44.40015798762549,46.461625680609814,48.46673140391452,50.43402028432895,52.38258942331001,54.331838043483884,56.30133506330239,58.31074711376566,60.379798457360465,62.50842897233544,64.61731867924598,66.60733549548077,68.3793559543611,69.87604623452569,71.20720719182935,72.52442680594481,73.97929556417708,75.65727217995608,77.37928310140472,78.9257083511248,80.17927811536354,81.04057957964304,81.37927678593755,81.08763886336843,80.17927811536354,78.7133260941623,76.80964754713983,74.60329118678578,72.22930695544713,69.80120598304549,67.34634067724885,64.8705297916959,62.37960440419543,59.879417463210984,57.375860488272025,54.874892488709534,52.38258942331001
45.39929087898422,47.46238424706219,49.46847924296908,51.436382172796385,53.38533869244176,55.334834695279355,57.30449092703003,59.31400575133152,61.38312329915553,63.51179584460172,65.62071111137467,67.61074295723951,69.38277207921058,70.8794673716912,72.21063154484509,73.52785350464048,74.98272414736874,76.66070228084098,78.3827142556519,79.9291401538565,81.18271029822688,82.04401196686925,82.38270924306053,82.09107126063535,81.18271029822688,79.71675782090722,77.81307839800476,75.6067204037804,73.23273318863806,70.80462690846886,68.34975218493429,65.87392453953336,63.382969275919095,60.88272905793616,58.37907716786842,55.87794046905124,53.38533869244176
46.49930791248076,48.56369344028436,50.570574329840824,52.53896490859738,54.48822900397121,56.43792140000883,58.40770401699132,60.41730042055909,62.486470517787396,64.61517642404577,66.72411197814463,68.71415575319918,70.48619175113103,71.9828910219137,73.3140577475007,74.63128156906949,76.0861537075267,77.76413304559486,79.4861458564609,81.03257226936839,82.28614271544964,83.14744454629502,83.4861418779634,83.19450384803042,82.28614271544964,80.82018987610832,78.91650975801889,76.71015046698903,74.33616088359469,71.90805039063062,69.4531681921797,66.97732724431273,64.48634826748716,61.98606576186185,59.482338532342226,56.981067920191265,54.48822900397121
47.500027809619624,49.56544009967565,51.57294519966216,53.541723000636225,55.49123128929773,57.4410795913621,59.41096253211282,61.42062368998609,63.48983549764007,65.6185678831518,67.72751953959519,69.71757278295746,71.48961423838153,72.98631666675982,74.31748541822137,75.63471071748444,77.08958404310474,78.76756433726254,80.48957781170655,82.03600463313424,83.28957531868367,84.15087727826969,84.48957465397031,84.19793658633037,83.28957531868367,81.82362219200544,79.91994152214536,77.71358120183922,75.33958973875855,72.91147590208632,70.4565877707571,67.98073626461134,65.48973846626734,62.98942239587177,60.48563536607301,57.98425845635008,55.49123128929773
48.50130627680913,50.56753424959568,52.575535067110735,54.54462031687777,56.49432246616507,58.44429452897194,60.41425710414923,62.42396966057224,64.49321457503262,66.62196797761999,68.73093241468115,70.72099317310946,72.49303896017224,73.9897438947454,75.32091425414907,76.63814072626127,78.09301499413492,79.77099604714235,81.49301004826894,83.03943719393948,84.29300806955499,85.15431013132255,85.4930075419716,85.2013694444036,84.29300806955499,82.82705471481722,80.92337360701629,78.7170124697723,76.34301951478143,73.91490302419953,71.46001018392073,68.98415029759772,66.49313756039668,63.992794848966184,61.48896035356495,58.98749906879496,56.49432246616507
49.50302852736881,51.56990437534661,53.57829882152268,55.547628163086955,57.49748420756143,59.447554510705885,61.4175802964311,63.4273336498149,65.49660484193325,67.62537492608588,69.73434950724253,71.72441623042387,73.49646545552585,74.99317237927323,76.32434401490417,77.64157141790884,79.09644643365034,80.77442808895762,82.4964425081127,84.04286991113503,85.29644093760615,86.15774308047527,86.49644051886287,86.20480239754099,85.29644093760615,83.83048740185735,81.92680594646235,79.72044416081391,77.3464500216918,74.91833142469616,72.4634348469084,69.98756830919282,67.49654371488205,64.99617985803292,62.492307687841674,59.99077943038907,57.49748420756143
50.50510329038608,52.572493651966795,54.58120063324108,56.55072375441057,58.50070196316045,60.45085024687705,62.42092620578437,64.43071194093741,66.50000399013079,68.62878731464036,70.73776994724173,72.72784140467658,74.49989335856168,75.99660186112149,77.3277745096965,78.64500265155192,80.09987826087709,81.7778603942304,83.49987514517503,85.0463027524577,86.29987389866301,87.16117610590248,87.49987356630623,87.20823542613083,86.29987389866301,84.83392021924564,82.93023848796494,80.72387618767732,78.3498811087087,75.92176083984873,73.46686129558984,70.99098947863433,68.49995547324679,65.99957483300616,63.49567275948496,60.99409134315596,58.50070196316045
51.607458020166334,53.67525693727451,55.684212048299315,57.65388900005517,59.60396418173437,61.55417436318605,63.524290146424704,65.53410158376104,67.60341018753076,69.73220402103819,71.8411930441201,73.83126825915073,75.60332237887852,77.100032134545,78.43120558709532,79.74843431537761,81.20331039583077,82.88129290860967,84.6033079228959,86.14973569230014,87.40330693353854,88.26460919186884,88.60330666974679,88.31166851460735,87.40330693353854,85.93735314009135,84.03367118984,81.82730848108277,79.45331265615695,77.0251910603357,74.57028916158185,72.09441315447442,69.6033716794583,67.10297771806624,64.59905190973389,62.09742829952418,59.60396418173437
52.61003507159003,54.6781583765616,56.68731047271602,58.65710953728785,60.60726169341288,62.55752100597333,64.52766839897042,66.53750023661944,68.60682197995718,70.73562415453708,72.84461824977487,74.83469644722155,76.60675228598365,78.10346303624303,79.43463712690968,80.7518663206396,82.20674277502755,83.88472558895685,85.60674081225754,87.15316871033781,88.40674002700405,89.26804232588512,89.60673981763237,89.31510165061599,88.40674002700405,86.94078614305127,85.03710401900277,82.8307409860429,80.45674456905016,78.02862192001794,75.57371815249692,73.09783881965332,70.6067914159563,68.10638688145548,65.60244223446195,63.10078513390589,60.60726169341288
53.71278865034493,55.78116949595595,57.790477967300475,59.76037396384113,61.71058721902253,63.66088552876154,65.6310580111749,67.64090604086286,69.71023821320371,71.83904700814465,73.94804512917293,75.93812569377127,77.71018289693419,79.20689443660345,80.53806903374378,81.85529859690004,83.31017534808035,84.98815840103293,86.71017379022857,88.25660179043905,89.51017316697241,90.37147549803869,90.71017300079401,90.41853482435086,89.51017316697241,88.04421921118532,86.14053694919389,83.93417365891412,81.5601767719973,79.13205328703036,76.67714803626579,74.20126606377708,71.7102139544623,69.20980102801416,66.70584142855792,64.2041577460405,61.71058721902253
54.81568238338812,56.88426768566322,58.89370028971473,60.86367322811711,62.81393498042263,64.76426424337154,66.73445663973045,68.74431752123725,70.81365797115959,72.94247202071446,75.05147333702595,77.04155578043785,78.81361406652795,80.31032623275286,81.6415012318819,82.95873108825214,84.4136080749968,86.09159131766236,87.81360683852888,89.3600349198002,90.61360634385012,91.47490870046182,91.81360621195424,91.52196802802908,90.61360634385012,89.14765233104809,87.24396995957129,85.03760646505657,82.66360920516064,80.23548505671143,77.78057862869431,75.30469456111385,72.81363871693473,70.31321912975235,67.80924766238803,65.30754288134071,62.81393498042263
55.918687384979066,57.987434993932865,59.99696613329158,61.96700014484182,63.91730039108599,65.86765422232499,67.83786242468442,69.84773350680568,71.91708052669681,74.04589874686036,76.15490259927684,78.14498653390665,79.91704567951757,81.41375834304037,82.74493366122826,84.0621637503227,85.51704092403494,87.19502431727584,88.91703994264964,90.46346808825899,91.71703955002283,92.57834192690991,92.91703944533697,92.62540125547334,91.71703955002283,90.251085491968,88.34740303359257,86.14103937697644,83.76704182104672,81.33891714599099,78.88400978358712,76.4081240531286,73.91706524457753,71.41664037074094,68.91265948372941,66.41093795650752,63.91730039108599
57.02178071812958,59.090657168452694,61.10026652233799,63.07034901041948,65.02067981042285,66.9710531419746,68.94127388974857,70.95115306817789,73.02050530268698,75.14932683307671,77.25833269840544,79.24841781661732,81.02047764443097,82.51719070265962,83.84836627408478,85.16559654789259,86.62047387000118,88.2984573827538,90.02047309107509,91.56690128774956,92.82047277944697,93.68177517242668,94.02047269635776,93.72883450178077,92.82047277944697,91.35451868547497,89.45083615812807,87.24447237285192,84.87047458195994,82.44234948893622,79.98744138490858,77.5115543346212,75.02049317324142,72.52006410336824,70.01607573992595,67.5143409210925,65.02067981042285
58.41484989444237,60.532607694231544,62.6160679504365,64.68327529161077,66.75081741301538,68.83234663797383,70.93743967508655,73.07121851244031,75.23517305843798,77.41754091991208,79.56153354648697,81.6023350457269,83.47937400187506,85.16971529996368,86.76773773962884,88.38317231515074,90.10510791826758,91.96046198389824,93.79564788036505,95.45951550335243,96.96077740430113,98.26874010793222,98.9127036629199,98.41055650940687,96.96077740430113,94.90741918211609,92.4799491034334,89.85668049276926,87.18817280607878,84.58034235266304,82.02364584075234,79.49305579649274,76.97192469445713,74.44723527306579,71.90764398284264,69.34383219617779,66.75081741301538
56.167338742528045,58.23601793061168,60.245507532835845,62.215515799537215,64.16579981910736,66.11614329391169,68.08634483348055,70.09621161568799,72.16555586611182,74.29437232822198,76.40337511158441,78.39345841761559,80.16551720090958,81.6622296548046,82.99340483849848,84.31063482949185,85.76551192439099,87.44349525415933,89.16551083547981,90.71193895396851,91.96551039983467,92.826812768175,93.16551028367888,92.87387209631851,91.96551039983467,90.49955636085542,88.59587393911067,86.38951035082572,84.01551291968418,81.58738846661078,79.13248149808237,76.65659646858295,74.16553890961494,71.66511626428314,69.16113934797757,66.65942487985775,64.16579981910736
54.3615459988694,56.42981827449961,58.439060825438574,60.40891596072174,62.359103460127926,64.30938533105547,66.2795472373595,68.28938844152782,70.35871621768118,72.48752222191285,74.59651864593357,76.58659821269742,78.3586548407194,79.85536604762584,81.18654043127049,82.50376983870112,83.9586464647735,85.63662941696975,87.35864473623508,88.90507269339425,90.15864404469158,91.01994636219075,91.35864386030579,91.06700568783634,90.15864404469158,88.69269011918507,86.78900791534122,84.58264473353043,82.2086480447024,79.78052491211004,77.32562028658256,74.84973942679349,72.35868930105656,69.85827991210263,67.35432661563307,64.8526541383743,62.359103460127926
53.22027440067285,55.310807681292104,57.35313874729884,59.36660764693289,61.36995177016675,63.38054322367552,65.41369884211268,67.48230470425364,69.59708853369821,71.75185367077219,73.87789962967798,75.892807440549,77.71671519621373,79.310721255624,80.77951462426128,82.25537191686752,83.85662489443689,85.63406806053817,87.42047395312855,89.03448454065263,90.43312751301474,91.56463075724368,92.09425247027859,91.67041595432714,90.43312751301474,88.62873887585994,86.4397683432936,84.01756845533455,81.49712659485205,78.98209473177315,76.47878333041854,73.97712724518189,71.47197074200247,68.96020262592808,66.43963207306822,63.90915748556529,61.36995177016675
51.85222068452562,53.918823380930334,55.92705188028111,57.896278321465786,59.84606949094798,61.79609838126956,63.76609752112665,65.77583367701823,67.84509379213988,69.97385684442096,72.08282714948916,74.07289135832269,75.84493913417424,77.34164521941734,78.67281631707543,79.99004332767753,81.44491802816758,83.12289942958523,84.84491367252724,86.39134096706715,87.64491192994757,88.50621403862966,88.84491146532453,88.5532733540157,87.64491192994757,86.17895847050102,84.27527716162857,82.06891564930439,79.69492200933344,77.26680430026228,74.81190929796128,72.33604556403512,69.84502596790774,67.34467102460627,64.84081473574412,62.339314709971745,59.84606949094798
51.207280897481404,53.28224579790407,55.300763500345184,57.282575142092625,59.24727166889693,61.21407487207618,63.20162170649908,65.22782259679481,67.3099079836292,69.44604467583363,71.55987184838379,73.55699971906104,75.34385819541059,76.86868064797595,78.24038439957327,79.60546177440935,81.10558079942713,82.81490943588408,84.55748099276882,86.12570779008166,87.42685150066343,88.37963106084261,88.78525408451195,88.4470725194648,87.42685150066343,85.85156575034974,83.86014375339963,81.59002328021631,79.1740273976072,76.72145292398855,74.25307813202056,71.77006318966642,69.27511153546816,66.77155293337118,64.26299479534418,61.75336855297829,59.24727166889693
39.428824360195605,41.4733160054434,43.46805559410501,45.42889647316606,47.37339241065215,49.32003767943512,51.28785831542301,53.29618785699549,55.364541720077156,57.49272936834495,59.60134973189399,61.59120816115126,63.3631373227783,64.85977477895459,66.19090184456272,67.50809673748392,68.96294563484233,70.64090625544256,72.36290607532257,73.90932449053606,75.16289024848649,76.0241895589405,76.36288602857735,76.07124873684452,75.16289024848649,73.69694303441392,71.7932737184593,69.58693457772186,67.21298179296737,64.78493675900503,62.330170704588454,59.85453644108745,57.3639258806451,54.864300297418154,52.36174320723704,49.86255175044012,47.37339241065215
40.41873365243826,42.46830815100682,44.46615834643991,46.42893672514549,48.37465761815869,50.322086227517566,52.290411456110235,54.2990669058981,56.3676307877529,58.495951800114966,60.60465327789386,62.59455940789921,64.36651606569315,65.86316943115463,67.19430670417854,68.51150904260209,69.96636392165829,71.6443293597002,73.36633252316747,74.91275299681098,76.1663199613842,77.02761992053243,77.36631661203762,77.07467913030798,76.1663199613842,74.70037129949006,72.79669920330532,70.59035487634287,68.21639262050512,65.78833073912023,63.33353479275311,60.85784733643547,58.36714196407334,55.86734733675257,53.36448918476384,50.864762936638755,48.37465761815869
41.41140288540173,43.4650300077806,45.465356129561684,47.42967507674656,49.37636933509975,51.324420138698045,53.293146050093995,55.302060250045855,57.37079085484547,59.499217730495104,61.607983593210236,63.597927584980795,65.36990606711271,66.86657206002533,68.19771743479282,69.51492568277587,70.96978530954411,72.64775457121195,74.36976038849554,75.91618249592,77.169750418192,78.03105089220992,78.36974775981234,78.07811012728195,77.169750418192,75.70380060715908,73.80012630429837,71.59377786100868,69.21980808791203,66.79173283454827,64.33691316239234,61.86118348523715,59.37040285532578,56.87047404089563,54.36737688300471,51.867226003297375,49.37636933509975
42.40627371199275,44.46312904290942,46.4654247585895,48.43096820762483,50.37843573164879,52.3269806589538,54.29602471062407,56.305144329018276,58.37400728139916,60.502518188442124,62.61133515636857,64.60130920008557,66.37330500459399,67.86998102007443,69.2011328252708,70.51834576371235,71.97320915876438,73.6511814552587,75.37318937888361,76.91961278304335,78.17318146544244,79.0344823481131,79.37317935548414,79.08154160326299,78.17318146544244,76.70723074233618,74.80355468803185,72.5972029775999,70.2232272380162,67.79514137119818,65.3403028675361,62.86453967862724,60.373699313433804,57.87366398408753,55.37037709369629,52.869889078150706,50.37843573164879
43.40289893886162,45.4623238691747,47.466185664531764,49.432702107091515,51.38078381721985,53.329721112225855,55.29901774644972,57.3083004360073,59.37726844501488,61.5058460526364,63.61470358459371,65.60470148121381,67.37671103474598,68.87339500524024,70.204551914316,71.5217685756009,72.97663496155579,74.65460966680138,76.37661926223423,77.92304369561498,79.176612981328,80.03791418834687,80.37661130665239,80.08497345943258,79.176612981328,77.71066153430783,75.80698408987948,73.60062978630795,71.22664931109844,68.79855502030848,66.34370156985892,63.867911781990344,61.37702400277692,58.87690412584702,56.37346662363095,53.87271095668582,51.38078381721985
44.40092106422766,46.462390147231886,48.46749671666032,50.434786122367406,52.383355592773995,54.33260442461284,56.30210158066225,58.31151371906739,60.38056511931316,62.50919567025406,64.61808539903663,66.60810222813258,68.38012269442615,69.87681297887987,71.20797393893542,72.52519355505814,73.98006231490302,75.65803893198077,77.38004985433079,78.9264751046058,80.18004486916982,81.0413463336242,81.38004353997852,81.08840561735818,80.18004486916982,78.71409284757829,76.8104142998063,74.6040579380541,72.23007370416212,69.8019727272185,67.34710741336286,64.87129651346815,62.38037110040217,59.88018411382811,57.37662705767076,54.875658913757604,52.383355592773995
45.400054711500246,47.46314918461094,49.469244852761214,51.4371481997783,53.38610498258262,55.335601153462164,57.305257493357175,59.31477238746544,61.383889980256285,63.5125625542498,65.62147783838302,67.61150969445593,69.38353882231092,70.8802341181959,72.21139829353393,73.52862025492252,74.9834908989307,76.66146903343375,78.3834810089601,79.92990690760516,81.18347705223373,82.04477872101491,82.38347599725364,82.09183801478781,81.18347705223373,79.71752457460425,77.8138451511069,75.60748715577284,73.23349993860393,70.80539365482974,68.3505189248987,65.87469126811453,63.383735984208386,60.883495730039385,58.379843775503545,55.87870696209929,53.38610498258262
46.50007234603293,48.56445875202109,50.57134017556298,52.539731085610185,54.48899538992046,56.438687919360376,58.408470622188275,60.4180670811663,62.48723721408665,64.61594314300378,66.72487871088174,68.71492249403855,70.48695849664051,71.98365777012523,73.31482449744583,74.63204832027911,76.08692045975224,77.76489979863851,79.48691261007241,81.03333902332948,82.28690946961567,83.14821130057119,83.48690863227725,83.19527060231202,82.28690946961567,80.82095663002845,78.91727651146684,76.71091721955622,74.33692763455338,71.90881713872801,69.45393493520018,66.97809397829823,64.48711498536669,61.98683245101944,59.483105170328315,56.9818344672195,54.48899538992046
47.50079272088819,49.56620570866625,51.57371123274564,53.54248929677047,55.49199775130717,57.441846159270256,59.411729168163575,61.421390370018855,63.490602206002805,65.61933460949928,67.72828627687932,69.71833952667241,71.49038098580317,72.98708341632607,74.3182521691636,75.6354774694303,77.09035079585692,78.76833109066408,80.49034456555881,82.03677138726394,83.29034207297603,84.15164403264947,84.49034140838,84.19870334071445,83.29034207297603,81.82438894610263,79.92070827586781,77.71434795486257,75.34035649050524,72.912242651562,70.4573545162032,67.98150300288631,65.4905051917588,62.990189098566006,60.486402028150394,57.98502504622786,55.49199775130717
48.502071567666704,50.56830009468128,52.576301248968235,54.54538670758514,56.4950889885543,58.445061135423856,60.41502376469043,62.424736356023814,64.49398129297043,66.62273470983256,68.73169915557426,70.7217599191068,72.49380570911158,73.99051064538693,75.32168100588271,76.63890747879148,78.09378174730512,79.77176280082796,81.49377680231225,83.04020394820301,84.29377482394763,85.15507688578458,85.49377429645733,85.20213619886903,84.29377482394763,82.82782146905495,80.92414036095656,78.7177792231577,76.34378626715355,73.91566977476916,71.46077693129206,68.98491703927729,66.49390429192982,63.99356156240478,61.48972703476467,58.98826569268584,56.4950889885543
49.503794119774646,51.570670407924595,53.57906512150336,55.548394628873666,57.498250777880884,59.44832114775278,61.4183469764115,63.42810035750482,65.49737156747098,67.62614166295369,69.73511625100014,71.72518297823271,73.49723220566975,74.99393913076818,76.32511076726595,77.64233817090285,79.0972131871523,80.77519484286867,82.49720926230765,84.04363666550478,85.29720769207836,86.15850983500255,86.497207273409,86.20556915207096,85.29720769207836,83.83125415620663,81.92757270057552,79.7212109144867,77.34721677456034,74.91909817613404,72.46420159580781,69.98833505357464,67.49731045121058,64.9969465799995,62.493074384219454,59.991546081278315,57.498250777880884
50.505869122300155,52.57325983342295,54.58196702700212,56.55149027979829,58.50146857152643,60.45161690820895,62.42169290119436,64.43147865834119,66.50077072170066,68.62955405520304,70.73853669327292,72.72860815392322,74.50066010966171,75.99736861329384,77.32854126255683,78.64576940491406,80.1006450146424,81.7786271483204,83.50064189949035,85.04706950691175,86.3006406531984,87.16194286048159,87.50064032090026,87.20900218071208,86.3006406531984,84.83468697368345,82.93100524221538,80.7246429415782,78.35064786197125,75.92252759197576,73.46762804570206,70.99175622516094,68.50072221338145,66.0003415617416,63.49643946791008,60.99485801547519,58.50146857152643
51.60822404228492,53.67602323693653,55.68497851651021,57.654655572754834,59.60473082030059,61.554941043794045,63.525056854081626,65.53486830887489,67.60417692388843,69.7329707645335,71.84195979195582,73.83203500953857,75.6040891307374,77.10079888725497,78.43197234035132,79.74920106903187,81.20407714980504,82.88205966284166,84.60407467730676,86.15050244682112,87.40407368812407,88.26537594648906,88.60407342437887,88.3124352692293,87.40407368812407,85.93811989459942,84.03443794419935,81.8280752351647,79.45407940973224,77.02595781300971,74.57105591265672,72.09517990270336,69.6041384226139,67.10374445217417,64.59981862772118,62.09819498885325,59.60473082030059
52.610801244741296,54.678924770069656,56.688077000028116,58.65787614754318,60.60802835595072,62.55828770188147,64.528435116348,66.53826696785288,68.60758872011499,70.73639090036008,72.84538499904285,74.83546319851516,76.60751903844482,78.10422978937972,79.43540388047975,80.7526330745258,82.20750952916775,83.88549234330158,85.60750756674423,87.15393546491188,88.40750678162937,89.26880908053798,89.60750657229465,89.31586840527018,88.40750678162937,86.94155289761511,85.03787077344856,82.83150774026849,80.45751132287363,78.02938867312608,75.57448490433583,73.09860556923338,70.60755816150966,68.10715361982766,65.60320896003891,63.10155183673619,60.60802835595072
53.71355494341333,55.78193596396602,57.79124454152772,59.761140603907066,61.71135390058774,63.66165223681385,65.63182473626796,67.6416727769535,69.71100495637769,71.83981375581513,73.94881187957772,75.9388924457838,77.7109496498734,79.20766119007882,80.53883578756316,81.85606535097031,83.3109421023522,84.98892515546714,86.71094054477543,88.25736854505529,89.5109399216293,90.37224225271744,90.71093975548023,90.41930157903069,89.5109399216293,88.04498596579343,86.14130370370832,83.9349404132538,81.56094352601781,79.1328200404831,76.67791478871109,74.20203281442959,71.71098070191876,69.21056776977085,66.70660816015898,64.2049244595871,61.71135390058774
54.81644877166151,56.885034212815896,58.8944669011826,60.86443989184535,62.81470167709054,64.76503096106295,66.7352233709474,68.7450842611831,70.81442471672753,72.94323876985129,75.05224008833301,77.04232253302098,78.8143808198466,80.31109298649704,81.64226798589911,82.95949784246851,84.41437482937314,86.0923580721676,87.81437359312352,89.3608016744499,90.6143730985321,91.47567545516114,91.81437296665948,91.52273478272924,90.6143730985321,89.14841908569133,87.24473671414016,85.03837321948674,82.66437595933749,80.23625181043764,77.78134538162095,75.30546131261751,72.8144054659017,70.3139858741954,67.81001439877045,65.30830960339304,62.81470167709054
55.91945384883357,57.98820156803353,59.99773277431996,61.96776682735188,63.91806709974135,65.86842094766712,67.83862916076195,69.84850024981142,71.91784727416484,74.04666549716104,76.15566935130002,78.14575328694264,79.91781243313736,81.41452509699792,82.74570041540251,84.06293050465499,85.51780767849425,87.1957910718374,88.91780669728219,90.46423484293524,91.71780630472469,92.57910868162556,92.91780620005733,92.62616801018966,91.71780630472469,90.25185224663913,88.34816978820467,86.14180613147845,83.76780857534766,81.33968389993427,78.88477653689579,76.40889080530782,73.91783199474338,71.41740711731615,68.91342622390684,66.41170468531101,63.91806709974135
57.022547241983446,59.091423779820104,61.10103318683019,63.07111570783735,65.02144652859292,66.97181987338925,68.94204062968402,70.9519198136123,73.02127205166312,75.15009358430113,77.25909945099703,79.24918457001277,81.02124439828978,82.51795745678652,83.84913302838368,85.16636330231694,86.62124062452631,88.29922413736011,90.02123984573772,91.56766804244688,92.82123953416462,93.68254192715524,94.02123945109008,93.72960125650988,92.82123953416462,91.35528544016825,89.45160291277449,87.24523912741094,84.87124133635939,82.4431162430518,79.98820813852043,77.51232108733666,75.02125992435882,72.52083085163574,70.01684248311551,67.51510765525447,65.02144652859292
58.4120219274308,60.529822880620074,62.61334781872894,64.68063875254605,66.7482793883539,68.82991578734847,70.93511573304313,73.06898990679606,75.23301543842983,77.41542279744921,79.55944096990207,81.60027914127198,83.47739266277782,85.16786685173967,86.76606298498766,88.3816794396376,90.10376765115332,91.95921800688316,93.79446331606167,95.45839097705687,96.95977430133718,98.26793919944282,98.91202944832412,98.40979588540407,96.95977430133718,94.90611644123271,92.4783427380886,89.8548048592705,87.18609074958898,84.57812728380297,82.02135295300818,79.49072033001335,76.96956559801508,74.44485699937442,71.90523737521329,69.34137562753598,66.7482793883539
56.16389118081081,58.23256981842103,60.242059086457985,62.21206714602742,64.16235103504413,66.11269442652441,68.08289591248682,70.09276266009861,72.16210688824023,74.29092333620571,76.39992611096686,78.39000941194055,80.16206819231945,81.65878064452787,82.98995582713968,84.30718581734374,85.76206291160875,87.44004624086644,89.16206182183247,90.70848994010296,91.96206138584122,92.82336375411279,93.16206126959317,92.87042308225293,91.96206138584122,90.49610734701545,88.59242492556544,86.38606133783026,84.01206390769272,81.58393945640529,79.12903249104586,76.65314746718614,74.16208991827187,71.66166729086989,69.15769040651126,66.65597599518655,64.16235103504413
54.3580992898749,56.4263706920334,58.435612712616035,60.40546751914977,62.35565481133615,64.3059365500035,66.27609837121605,68.28593952046865,70.35526726125181,72.48407324303034,74.59306965339752,76.58314921213312,78.3552058355277,79.85191703975684,81.18309142168374,82.50032082786149,83.95519745292728,85.63318040431287,87.35519572301558,88.90162367982839,90.1551950309227,91.01649734831268,91.35519484639039,91.0635566739529,90.1551950309227,88.68924110565982,86.7855589022838,84.5791957213457,82.20519903411142,79.77707590435415,77.32217128385713,74.84629043302047,72.35524032324275,69.8548309627503,67.35087771699239,64.84920532988707,62.35565481133615
53.21709615582424,55.30765007259619,57.350012560663956,59.363522966257634,61.36691735155273,63.37756521409757,65.41077898446784,67.47943836781587,69.5942631116049,71.74905142021835,73.87511252386656,75.8900422962621,77.71399552644786,79.30808546939474,80.77699432344784,82.25298026683876,83.8543478586442,85.63186672616852,87.41832071071818,89.03238101286574,90.43112812317287,91.56281628817837,92.09256189605986,91.66864017575523,90.43112812317287,88.6264910200736,86.43729545075318,84.01491520434652,81.49434576235934,78.97923612633622,76.47588073045155,73.9742010256499,71.46903154918914,68.9572529742979,66.43666708205504,63.906165770975775,61.36691735155273
51.848777473451015,53.91537797246514,55.923605136774825,57.89283075010081,59.842621397637686,61.79264995477237,63.76264888024845,65.7723848977758,67.84164492377602,69.97040791948116,72.0793781901454,74.06944237874933,75.84149014294067,77.33819622143747,78.66936731476719,79.98659432221216,81.44146902016578,83.11945041954073,84.84146466106498,86.38789195473208,87.64146291710088,88.50276502550791,88.8414624521087,88.54982434088043,87.64146291710088,86.17550945826821,84.27182815057463,82.06546664044956,79.69147300449461,77.26335530256739,74.80846031294223,72.33259660157444,69.84157704566073,67.34122217407452,64.83736601298753,62.335866214355434,59.842621397637686
51.2039033177857,53.278873938677194,55.297400430890306,57.27922383252296,59.243934832597816,61.210754590519585,63.198318846285886,65.22453609904375,67.30663421246543,69.44277819800459,71.55661017141627,73.55374505214021,75.34061822830141,76.86546846827235,78.23721196942954,79.6023357971271,81.1024982769344,82.81185675579704,84.55444776632147,86.12269509308156,87.42388324988555,88.3767469189503,88.78243036389163,88.44420687763646,87.42388324988555,85.84849462025674,83.85698816639479,81.58680524176361,79.17076771720902,76.71816881634298,74.24978051295226,71.76675840563148,69.27180284206801,66.76824110165484,64.25967838222014,61.75004421852485,59.243934832597816
39.43086883993755,41.475372228807615,43.47011901110293,45.43096437345214,47.375463146460746,49.322110228935884,51.28993203339518,53.298262329736474,55.36661667922925,57.494804636385325,59.603425187809904,61.593283727552546,63.36521295286728,64.86185044589347,66.19297753514459,67.51017244531154,68.96502135652514,70.64298198828388,72.36498181590855,73.91140023588991,75.1649659966352,76.02626530859177,76.36496177874253,76.0733244865696,75.1649659966352,73.69901877920908,71.79534945681469,69.58901030406457,67.2150574973725,64.7870124243872,62.3322463007335,59.85661191402599,57.36600113398168,54.86637515922921,52.36381737179204,49.864624676542775,47.375463146460746
40.42078450715331,42.47036837389143,44.468224297045246,46.431006241292195,48.37672938774412,50.324159437809286,52.29248559430199,54.30114164334812,56.36970591134754,58.49802716890571,60.606728795813225,62.596635013515154,64.36859172185963,65.86524511656951,67.1963824083592,68.51358476047082,69.96843965052403,71.64640509742247,73.36840826703671,74.9148287444645,76.16839571125598,77.02969567159684,77.36839236350991,77.07675488143097,76.16839571125598,74.70244704670016,72.79877494540415,70.59243060890716,68.21846833565743,65.79040642329954,63.335610421977506,60.85992286786649,58.36921732119254,55.86942238307458,53.36656367753653,50.86683644601901,48.37672938774412
41.41345882830608,43.46709341617897,45.46742409552582,47.43174587720138,49.37844192592942,51.32649387375989,53.29522052193552,55.30413519764366,57.372866108976794,59.501293179258454,61.610059160344406,63.600003221722474,65.37198174397739,66.86864776010489,68.19979314976695,69.51700140861435,70.97186104411094,72.64983031280826,74.37183613497072,75.91825824539879,77.17182616943145,78.0331266443959,78.37182351232207,78.08018587951445,77.17182616943145,75.70587635628591,73.80220204936836,71.5958535985111,69.22188381159445,66.79380853364711,64.33898881787258,61.863259063096024,59.37247829482469,56.87254923368742,54.36945163635792,51.86929997585908,49.37844192592942
42.4083337114032,44.46519498667254,46.46749432694607,48.4330400285709,50.38050897476408,52.32905481071512,54.29809944736,56.3072194434408,58.3760826391492,60.504593700684154,62.61341076256622,64.60338486153245,66.37538069788714,67.87205673179348,69.2032085488118,70.52042149587646,71.97528489785623,73.65325719992987,75.37526512742716,76.92168853397084,78.17525721776735,79.03655810118933,79.3752551088173,79.08361735637612,78.17525721776735,76.7093064929843,74.8056304354601,72.59927871902173,70.22530296846901,67.79721708213884,65.34237854385609,62.866615293337404,60.375774818322185,57.875739293147205,55.37245205391902,52.87196341848711,50.38050897476408
43.40496216933555,45.464391829697554,47.4682565064768,49.434774738718275,51.38285757834687,53.33179559484098,55.301092693480626,57.31037568285777,59.37934388501452,61.50792161526424,63.6167792217971,65.6067771622696,67.37878674107859,68.87547072619768,70.20662764465658,71.52384431278566,72.97871070423912,74.65668541391304,76.3786950124194,77.92511944769231,79.17868873451448,80.03998994212964,80.3786870606391,80.08704921324464,79.17868873451448,77.71273728616345,75.80905983917944,73.60270553084061,71.22872504692498,68.80063074064807,66.34577726271974,63.86998742595031,61.37909955956789,58.87897952719784,56.37554174807546,53.874785589018046,51.38285757834687
44.40298686642229,46.464459711263004,48.46956857056955,50.43685939788361,52.38542976523152,54.33467916990196,56.304176694634776,58.31358907103805,60.38264062459899,62.51127127287491,64.62016106084997,66.61017792475228,68.38219841110829,69.87888870716984,71.21004967467286,72.52726929622784,73.98213806043698,75.66011468102948,77.38212560581894,78.92855085759577,80.18212062304013,81.04342208796777,81.38211929448396,81.09048137172499,80.18212062304013,78.71616860039227,76.81249005059186,74.60613368505584,72.23214944425379,69.80404845501809,67.34918311935232,64.87337218064431,62.3824466983901,59.8822595884363,57.37870231247673,54.87773377790559,52.38542976523152
45.40212255943906,47.46522002311864,49.47131751057125,51.439221986634735,53.38817948162955,55.33767610728313,57.30733273985044,59.31684782287762,61.38596553736272,63.5146381886142,65.62355351972968,67.61358540342886,69.38561454720758,70.88230985230575,72.21347403355489,73.53069599925506,74.98556664672716,76.6635447840199,78.38555676148243,79.93198266131947,81.18555280664677,82.04685447580358,82.3855517521708,82.09391376959493,81.18555280664677,79.7196003281789,77.8159209030716,75.6095629047343,73.23557568208085,70.80746938855037,68.35259464130849,65.87676695371776,63.38581161489553,60.88557126279568,58.38191913378911,55.880782010276434,53.38817948162955
46.50214182056639,48.56653060319943,50.57341347187371,52.54180527849721,54.49107014825479,56.44076303872302,58.41054597387537,60.420142582810826,62.48931281232498,64.61801880256375,66.72695440773231,68.71699821281635,70.48903422805711,71.98573350885437,73.31690024086662,74.63412406712203,76.08899620934446,77.76697555044493,79.48898836341557,81.03541477761871,82.28898522445948,83.15028705571315,83.48898438752119,83.19734635746863,82.28898522445948,80.82303238420681,78.9193522643674,76.7129929700731,74.33900338071717,71.91089287714823,69.45601065988066,66.98016967852726,64.48919064200794,61.98890802993024,59.485180610753034,56.98390966148395,54.49107014825479
47.502863488273405,49.56827836430709,51.575785036114794,53.54456381203738,55.49407271548421,57.44392141004221,59.413804603350684,61.42346592423506,63.4926778368887,65.62141028905742,67.73036198603549,69.7204152532324,71.49245672239465,72.98915915872155,74.32032791528283,75.63755321826571,77.09242654687445,78.77040684343902,80.49242031955346,82.0388471420095,83.29241782816176,84.15371978807184,84.4924171638833,84.20077909614844,83.29241782816176,81.8264647007602,79.92278402951116,77.71642370661402,75.34243223880162,72.91431839371228,70.45943024744821,67.983578714724,65.49258086900032,62.992264714111116,60.48847753377363,57.987100356456494,55.49407271548421
48.50414336233946,50.57037338926926,52.57837545496653,54.547461478796464,56.49716411613784,58.44713649050732,60.4170992661563,62.42681195196806,64.49605694976944,66.62481040526353,68.7337748744975,70.72383565184356,72.49588144981038,73.99258639069238,75.32375675414372,76.64098322920833,78.09585749945391,79.7738385543716,81.49585255682399,83.04227970331075,84.29585057940471,85.15715264142949,85.49585005216649,85.20421195452317,84.29585057940471,82.82989722409286,80.92621611518948,78.719854975889,76.34586201714257,73.91774551987999,71.46285266774734,68.98699276032887,66.49597998552206,63.99563720702747,61.491802592138924,58.99034109496458,56.49716411613784
49.50586673053189,51.572744209925744,53.58113964717991,55.550469603273186,57.5003260351786,59.45039658563579,61.42042253048588,63.43017598656982,65.49944724483771,67.62821737098312,69.73719197767556,71.72725871587201,73.49930794962856,74.99601487838328,76.3271865172269,77.64441392257488,79.09928894019899,80.77727059702244,82.4992850172298,84.04571242089997,85.29928344775084,86.16058559082411,86.49928302928157,86.20764490789983,85.29928344775084,83.8333299115464,81.92964845527638,79.72328666799572,77.34929252589279,74.9211739235947,72.46627733639852,69.99041078193935,67.49938615778058,64.99902224770169,62.49514998267037,59.99362155662304,57.5003260351786
50.50794238124187,52.57533403833503,54.584041806477615,56.553565415496706,58.50354393178989,60.4536924118147,62.42376849702606,64.43355431369494,66.50284641539228,68.63162977323196,70.74061242610131,72.7306838954537,74.50273585620795,75.99944436274212,77.330617013867,78.64784515758234,80.10272076840172,81.78070290295844,83.50271765473823,85.04914526253512,86.30271640904182,87.16401861644334,87.5027160769025,87.21107793667966,86.30271640904182,84.8367627292628,82.93308099728763,80.72671869570449,78.35272361437,75.92460334130146,73.46970378957505,70.99383195933012,68.50279793025203,66.00241724776234,63.49851509896469,60.99693354881609,58.50354393178989
51.61029781597966,53.67809776175069,55.68705349747029,57.656730836494134,59.60680626229528,61.55701659956695,63.5271324830573,65.53694398509448,67.6062526305373,69.73504649049913,71.84403552966785,73.83411075415748,75.60616487933734,77.10287463815826,78.43404809273241,79.75127682249088,81.20615290413002,82.88413541786404,84.60615043281321,86.15257820262556,87.40614944410319,88.2674517025621,88.60614918048404,88.31451102530693,87.40614944410319,85.94019565036893,84.03651369956637,81.83015098978092,79.45615516297732,77.02803356381568,74.57313165913489,72.09725564147959,69.60621414766013,67.1058201527346,64.60189428465411,62.10027056822808,59.60680626229528
52.61287542717777,54.6809995488605,56.69015214093447,58.65995151291983,60.61010386282014,62.56036329906131,64.53051077163084,66.54034266063401,68.60966443704817,70.73846663262509,72.84746074063105,74.83753894558535,76.60959478867476,78.10630554143783,79.4374796337108,80.75470882861241,82.20958528394166,83.88756809862903,85.60958332245589,87.15601122086007,88.40958253771618,89.27088483669934,89.60958232848151,89.31794416143521,88.40958253771618,86.94362865353557,85.03994652904957,82.83358349527359,80.45958707679046,78.03146442510698,75.57656065288171,73.10068131166624,70.60963389304493,68.10922933192839,65.60528463751196,63.10362745264962,60.61010386282014
53.71562945038305,55.78401094438259,57.79331980940104,59.763216049960405,61.713429458951126,63.66372786685959,65.63390041243127,67.64374848287972,69.7130806814736,71.84188949307998,73.9508876242424,75.94096819479957,77.71302540139709,79.20973694305354,80.54091154146882,81.858141105555,83.31301785748245,84.99100091103674,86.71301630064995,88.25944430111754,89.5130156778016,90.3743180089489,90.71301551173192,90.42137733526505,89.5130156778016,88.0470617218337,86.14337945949501,83.93701616856748,81.56301928046776,79.13489579339651,76.67999053889814,74.20410855976469,71.71305643860444,69.2126434910312,66.70868385393496,64.20700010450214,61.713429458951126
54.81852353628574,56.88710935329078,58.896542269840765,60.86651540193631,62.81677727632655,64.76710661719513,66.73729906368385,68.74715997754268,70.81650044830224,72.94531451108456,75.05431583543954,77.04439828358099,78.81645657239713,80.31316874019925,81.64434374034023,82.96157359744856,84.41645058478622,86.09443382792935,87.81644934912732,89.3628774306027,90.61644885477224,91.47775121144821,91.81644872296263,91.52481053901865,90.61644885477224,89.15049484182667,87.24681247007425,85.04044897504542,82.6664517142106,80.2383275640912,77.78342113311058,75.30753706025615,72.81648120667526,70.31606160272581,67.81209010548629,65.31038527132725,62.81677727632655
55.921528818003864,57.99027683556439,59.99980822297806,61.969842388272355,63.92014273141913,65.87049662450457,67.84070486665273,69.85057597445208,71.91992301088183,74.04874124154406,76.15774510034467,78.1478290387283,79.9198881865029,81.41660085127755,82.7477761702686,84.06500625994886,85.51988343413178,87.19786682775172,88.9198824533886,90.4663105991599,91.7198820610187,92.58118443795681,92.91988195640133,92.62824376652274,91.7198820610187,90.25392800284993,88.35024554425576,86.14388188723156,83.76988433055664,81.34175965417529,78.8868522894193,76.4109665547748,73.91990773876154,71.41948285161683,68.91550194089317,66.41378037151591,63.92014273141913
57.024622373530775,59.093499148206405,61.10310869898868,63.07319130910301,65.02352218602046,66.97389556666077,68.94411634601548,70.95399554482569,73.02334779246154,75.1521693311841,77.26117520157996,79.25126032277123,81.0233201523022,82.52003321152445,83.85120878358708,85.16843905785987,86.623316380342,88.30129989339547,90.02331560192557,91.56974379872858,92.82331529050137,93.68461768352155,94.0233152074665,93.73167701287763,92.82331529050137,91.35736119643896,89.45367866891841,87.2473148833184,84.87331709183493,82.44519199775907,79.99028389186452,77.51439683825478,75.0233356709522,72.52290659051636,70.01891820825361,67.51718335596107,65.02352218602046
58.41784438654567,60.53561274731371,62.61908883334027,64.68631663268916,66.75388286455028,68.83543831979652,70.9405575227156,73.07435969400177,75.2383316142448,77.42070914312026,79.56470802232812,81.60551849752136,83.48257570463126,85.17294953029133,86.77101448590129,88.38649358236587,90.10846654253103,91.96384417954938,93.79904462018047,95.4629269405565,96.96421856657643,98.27223076987269,98.91622534195253,98.41405703368729,96.96421856657643,94.9107869925869,92.48324259008686,89.85990806892215,87.19134985683627,84.58348684743333,82.02677128899225,79.49617082350014,76.97503393801614,74.45033982299832,71.9107415980803,69.34691758360516,66.75388286455028
56.170180057463114,58.238859698892085,60.2483495763379,62.21835801362381,64.16864214071192,66.1189856841382,68.08918726785494,70.09905407855379,72.16839834732825,74.29721482108734,76.40621761153339,78.3963009217297,80.16835970742441,81.66507216270846,82.99624734729349,84.31347733893688,85.76835443435824,87.44633776454717,89.16835334615953,90.71478146482792,91.96835291079944,92.8296552791964,93.16835279471965,92.8767146073427,91.96835291079944,90.5023988716938,88.59871644970632,86.39235286096861,84.0183554290002,81.59023097445595,79.13532400331768,76.65943896917368,74.16838140192584,71.66795874182787,69.16398179921224,66.66226728431856,64.16864214071192
54.36438661153983,56.432659606522606,58.441902594239394,60.41175800026586,62.36194567032899,64.31222765018008,66.28238962656164,68.29223087595608,70.36155868123876,72.4903647039618,74.599361139227,76.58944071260254,78.36149734443543,79.85820855354676,81.18938293860606,82.50661234706854,83.96148897396989,85.63947192683375,87.36148724656245,88.90791520400688,90.16148655547144,91.02278887306049,91.36148637120628,91.0698481987105,90.16148655547144,88.6955326297643,86.79185042553515,84.58548724300564,82.21149055286504,79.78336741793782,77.3284627882675,74.85258192110562,72.3615317822254,69.86112236983186,67.35716903159846,64.85549648009336,62.36194567032899
53.22318317183003,55.31372150244002,57.35606025795349,59.369539314858244,61.37289573823985,63.38350099631407,65.4166708459847,67.48528980623178,69.60008364861991,71.7548544564828,73.88090412178553,75.89581730735279,77.71973619217067,79.3137627809501,80.78258441358204,82.25847319295443,83.85975422249405,85.63721591691501,87.42363358039097,89.03765633606395,90.43632479756553,91.56787330473804,92.09752534425189,91.67366797225368,90.43632479756553,88.63187534584756,86.44284973551802,84.02060570637079,81.50013262224175,78.98508172574915,76.48175955770398,73.98009769213391,71.47493801405888,68.96316733844824,66.44259303166291,63.91211190426543,61.37289573823985
51.855058416461695,53.921662922542,55.929892521373915,57.8991196443463,59.84891124367938,61.798940408398764,63.768939724810465,65.77867599465259,67.84793618317065,69.97669928204519,72.0856696154469,74.07573384094063,75.84778162639498,77.34448771719407,78.67565881841679,79.99288583161896,81.44776053419787,83.12574193729782,84.84775618140742,86.39418347666617,87.64775443996794,88.50905654887654,88.84775397564889,88.5561158642737,87.64775443996794,86.18180098001577,84.27811967017247,82.07175815603725,79.69776451275888,77.26964679780428,74.81475178506402,72.33888803255982,69.84786840331427,67.34751340095136,64.8436570068593,62.34215679402439,59.84891124367938
51.21014088920333,53.28510718946423,55.303627042825994,57.28544156230734,59.250141630839806,61.216948885111435,63.20449998270422,65.23070487706319,67.31279337823264,69.44893185519891,71.56276020257566,73.5598897886945,75.34675186226923,76.87158111478047,78.24329459367826,79.60838333629626,81.1085129955014,82.8178489349912,84.56042525259063,86.12865707390837,87.42981166151455,88.38261180532454,88.78824961583572,88.45005779143372,87.42981166151455,85.85450073436733,83.86305806928806,81.59292231330467,79.1769162403831,76.72433578914136,74.25595769078667,71.77294099509326,69.27798838423504,66.77442901416181,64.26586975502089,61.75624157423265,59.250141630839806
39.433805251875555,41.47832549795852,43.4730826061966,45.43393440396181,47.378437247136944,49.32508693301925,51.2929104147225,53.30124179447135,55.3695968421664,57.497785242705504,59.606406063809544,61.5962647621446,63.36819407887761,64.86483162479868,66.19595874798733,67.51315368290906,68.96800261401067,70.64596326178645,72.36796310052793,73.91438152735317,75.16794729211027,76.02924660622361,76.36794307711202,76.07630578430742,75.16794729211027,73.7020000698704,71.79833073823227,69.59199156823892,67.2180387300574,64.78999360105789,62.335227378020164,59.85959281446016,57.36898171919583,54.86935518244148,52.36679639415172,49.86760192120707,47.378437247136944
40.4237300699681,42.47332738407078,44.47119152893988,46.43397859124177,48.37970497232295,50.32713709040347,52.29546457881948,54.30412148805058,56.37268631032808,58.50100791984454,60.60970976081356,62.59961610439653,64.37157288530202,65.86822632199551,67.19936364072181,68.51656601248155,69.97142091831998,71.64938637793128,73.37138955636894,74.91781003922875,76.1713770092044,77.0326769712571,77.37137366375566,77.07973618117535,76.1713770092044,74.7054283408279,72.80175623219512,70.59541188201212,68.22144958376896,65.79338762695194,63.338591546746784,60.86290385226165,58.37219805537785,55.87240267113677,53.36954317102527,50.86981452792999,48.37970497232295
41.41641169487626,43.47005699892867,45.470394220311164,47.434720070671986,49.38141868933702,51.32947227961802,53.298199985379284,55.30711534399558,57.37584669533172,59.50427404499118,61.61304019598845,63.60298435728221,65.37496293713028,66.87162898658076,68.2027743976227,69.51998267206494,70.97484232009037,72.65281159887792,74.37481742804357,75.92123954278304,77.17480746934298,78.03610794566615,78.37480481405703,78.0831671808514,77.17480746934298,75.70885765316497,73.80518334042421,71.59883487870428,69.2248650719502,66.79678975871525,64.34196998032989,61.866240114134456,59.37545914725911,56.87552973199465,54.37243150388812,51.87227872262846,49.38141868933702
42.41129240080153,44.46816220874567,46.47046675183873,48.43601568687376,50.38348667447376,52.33203381471057,54.30107929103745,56.31019982925554,58.37906337424005,60.507574657535145,62.61639185428257,64.60636603255438,66.37836191462168,67.87503797497685,69.20618980896455,70.52340276840695,71.9782661803309,73.65623849041319,75.37824642346894,76.92466983343458,78.17823851923703,79.03953940373738,79.3782364117342,79.08659865897715,78.17823851923703,76.7122877920471,74.80861172990096,72.60226000484087,70.22828423854314,67.8001983242049,65.34535973622712,62.86959639727273,60.37875576461764,57.87871995834715,55.37543221839297,52.874942693166304,50.38348667447376
43.407925496688016,45.46736194667236,47.471230759503285,49.437751560686735,51.38583602161938,53.33477507374937,55.30407283901886,57.31335625876167,59.38232473816771,61.510902644439795,63.61976035801959,65.60975836143851,67.38176797653017,68.87845198264193,70.20960891456954,71.52682559252293,72.98169199186913,74.65966670789953,76.38167631081762,77.92810074880656,79.18167003722083,80.04297124569192,80.38166836449412,80.09003051684897,79.18167003722083,77.71571858695944,75.81204113630704,73.60568682112512,71.23170632471258,68.80361199620552,66.34875847883372,63.8729685718713,61.38208058036511,58.881960324873916,56.37852214827595,53.87776528283274,51.38583602161938
44.405953885284745,46.46743212994684,48.4725442761883,50.43983714410213,52.38840879893465,54.33765902585681,56.307157079803574,58.31656979783308,60.385621571464995,62.514252359457046,64.62314223239792,66.61315914626181,68.38517966141579,69.88186997413936,71.21303095233257,72.53025058168512,73.98511935215876,75.66309597779642,77.38510690608749,78.93153216002003,80.18510192672804,81.04640339233501,81.38510059908356,81.09346267612563,80.18510192672804,78.71914990256391,76.81547134985189,74.60911497888449,72.23513072816363,69.80702972128373,67.35216435431137,64.87635335989016,62.38542777832208,59.885240491267155,57.381682899800055,54.88071380447232,52.38840879893465
45.40509251480831,47.468194271211104,49.474294370123616,51.44220046683966,53.39115898412442,55.34065626256789,57.31031331524159,59.31982866944588,61.388946558612815,63.517619320761526,65.62653471931611,67.6165666426704,69.38859580930632,70.88529112762924,72.21645531736321,73.53367728925235,74.9885479416966,76.66652608299367,78.38853806323544,79.93496396478348,81.18853411111374,82.04983578080973,82.3885330573614,82.09689507462761,81.18853411111374,79.72258163144244,77.81890220402417,75.61254420137598,73.23855697084993,70.81045066331518,68.35557589122503,65.87974815941408,63.388792741764476,60.88855224909321,58.38489986964865,55.88376230100155,53.39115898412442
46.50511411078349,48.569506304898205,50.57639124794106,52.544784341525144,54.49405002293494,56.44374343162889,58.41352670026339,60.423123524450034,62.4922938926164,64.62099997087716,66.72993562957325,68.71997946613195,70.4920154995146,71.98871479080842,73.31988152955512,74.63710536072273,76.09197750689157,77.76995685117029,79.49196966634682,81.03839608190798,82.2919665295448,83.15326836122642,83.49196569318084,83.20032766300292,82.2919665295448,80.82601368833696,78.92233356666333,76.71597426894746,74.34198467334303,71.91387415865887,69.45899192166911,66.98315090521771,64.49217180613181,61.99188908247862,59.488161464516395,56.98689016190504,54.49405002293494
47.505837634275295,49.571255220745776,51.57876354002238,53.54754333781466,55.49705288563419,57.44690199157506,59.41678544959588,61.42644694133645,63.49565896404293,65.62439148607653,67.73334322554007,69.7233965177187,71.49543800128026,72.9921404459383,74.32330920784474,75.64053451472643,77.09540784646745,78.7733881455546,80.49540162341987,82.04182844695379,83.29539913373785,84.1567010939876,84.49539846991524,84.20376040208089,83.29539913373785,81.82944600557818,79.92576533287331,77.71940500726046,75.34541353448864,72.91729968057709,70.46241151865942,67.98655995807769,65.4955620626941,62.99524581924494,60.49145848112394,57.9900810233344,55.49705288563419
48.50711898292911,50.57335116286374,52.581354536814615,54.55044137196046,56.500144520844145,58.45011722177048,60.42008020753906,62.42979302896653,64.49903811411977,66.62779162506675,68.73675612802187,70.72681692519609,72.49886273459171,73.99556768208618,75.32673804977998,76.64396452793908,78.09883880067076,79.77681985759061,81.49883386143266,83.0452610087749,84.29883188537033,85.16013394766472,85.49883135849392,85.20719326077165,84.29883188537033,82.83287852945676,80.9291974193979,78.72283627794198,76.34884331525922,73.92072681099444,71.4658339464375,68.98997401690832,66.49896120268593,63.998618353899715,61.49478361377342,58.99332189397256,56.500144520844145
49.50884352254387,51.57572271186966,53.58411918789936,55.553449788096714,57.50330662607864,59.45337743575071,61.423403547383714,63.43315711111036,65.50242843871123,67.63119860887033,69.74017324232756,71.7302399962617,73.50228923908932,74.9989961730924,76.33016781530324,77.64739522310734,79.10227024270468,80.78025190111728,82.50226632242757,84.04869372677675,85.30226475402563,86.1635668973129,86.50226433584352,86.21062621439916,85.30226475402563,83.83631121734359,81.93262976015649,79.72626797116504,77.35227382593786,74.9241552180821,72.4692586210247,69.99339204901617,67.50236739357292,65.00200342770259,62.498131063266925,59.9966024605111,57.50330662607864
50.51092010366909,52.57831311862394,54.58702171150415,56.556545831851196,58.50652467048856,60.456673356269064,62.42674957386295,64.4365354759707,66.50582763269882,68.63461102547264,70.74359369958535,72.73366518142882,74.50571714938285,76.00242566008261,77.33359831388007,78.65082645954482,80.10570207193038,81.78368420774837,83.50569896040358,85.0521265687394,86.30569771556199,87.16699992313337,87.50569738365061,87.21405924337802,86.30569771556199,84.83974403540392,82.93606230270083,80.72969999975984,78.35570491594564,75.92758463846596,73.47268507891269,70.99681323473877,68.50577918082998,66.00539845405797,63.5014962263611,60.99991453595277,58.50652467048856
51.61327627729209,53.681077301232236,55.69003369171095,57.65971143664051,59.60978711831223,61.55999761890281,63.53011360746959,65.53992517732141,67.60923386644289,69.73802775413222,71.84701681016192,73.8370920445658,75.6091461754601,77.10585593758725,78.43702939428266,79.7542581255884,81.20913420847062,82.88711672320571,84.60913173884967,86.15555950908978,87.40913075081815,88.27043300941185,88.60913048737987,88.31749233216331,87.40913075081815,85.94317695678302,84.03949500540276,81.83313229453952,79.45913646576778,77.03101486310504,74.57611295221201,72.10023692350123,69.60919540997352,67.1088013799007,64.60487544919665,62.10325162144254,59.60978711831223
52.61585447520484,54.68397945290427,56.69313256476451,58.66293225895804,60.61308481195924,62.56334437783339,64.53349193380481,66.54332387663361,68.612645687716,70.74144790530042,72.85044202668902,74.84052023951229,76.61257608713727,78.10928684252453,79.4404609364811,80.75769013261078,82.21256658892665,83.89054940440859,85.61256462878691,87.15899252753059,88.41256384458572,89.27386614367589,89.61256363549464,89.320925468417,88.41256384458572,86.94660996016634,85.04292783522176,82.83656480059038,80.4625683805451,78.03444572608282,75.5795419489269,73.10366259893667,70.61261516467282,68.1122105756596,65.60826583153805,63.10660855831213,60.61308481195924
53.71860896425039,55.786991137843074,57.79630041548147,59.766196911803206,61.71641048200546,63.66670899280787,65.6368816045774,67.64672971774797,69.7160619438583,71.8448707729322,73.95386891471648,75.94394949151922,77.71600670171667,79.21271824545592,80.5438928452075,81.8611224102684,83.31599916297891,84.99398221716385,86.71599760721477,88.26242560795183,89.51599698479384,90.37729931602605,90.71599681883812,90.42435864234636,89.51599698479384,88.0500430286364,86.14636076593374,83.93999747432731,81.5660005849877,79.13787709571089,76.68297183729908,74.20708985120106,71.71603771762527,69.2156247479103,66.71166507136259,64.209981251794,61.71641048200546
54.821503419994485,56.8900897765015,58.8995230205893,60.86949635569968,62.81975835805008,64.77008778058826,66.74028027961933,68.75014122738718,70.81948171998674,72.94829579663309,75.05729712941866,77.04737958251727,78.81943787419064,80.31615004364589,81.64732504484749,82.96455490272945,84.41943189068863,86.09741513433234,87.81943065587771,89.36585873756695,90.61943016186186,91.48073251860524,91.81943003014271,91.52779184617897,90.61943016186186,89.15347614876588,87.24979377672457,85.04343028115686,82.66943301933796,80.241308867468,77.78640243338128,75.31051835499906,72.81946249156394,70.31904287004046,67.815071341488,65.3133664516612,62.81975835805008
55.92450899532129,57.993257441153204,60.00278908855972,61.972823414997166,63.923123859710046,65.87347781761838,67.84368610147008,69.85355723618332,71.92290428994761,74.05172253161376,76.16072639710575,78.15081033942391,79.9228694894663,81.41958215555303,82.75075747538588,84.0679875656802,85.52286474035641,87.20084813437364,88.92286376028625,90.46929190622731,91.72286336818559,92.58416574517722,92.92286326364004,92.63122507374578,91.72286336818559,90.25690930989747,88.353226851074,86.14686319362208,83.7728656361661,81.34474095839535,78.88983359117402,76.41394785214212,73.92288902830751,71.42246412721423,68.91848319163729,66.41676157807589,63.923123859710046
57.02760278392675,59.09647989856472,61.10608965571977,63.076172393739895,65.02650335127298,66.97687678336429,68.94709759581956,70.95697681599151,73.02632907738587,75.15515062484228,77.26415650054909,79.25424162486321,81.02630145619412,82.52301451645776,83.85419008918856,85.1714203639487,86.62629768682237,88.30428120019118,90.02629690894013,91.57272510587786,92.82629659772962,93.68759899079225,94.02629651475175,93.73465832015043,92.82629659772962,91.36034250357244,89.45665997586993,87.25029618993042,84.87629839782706,82.4481733026484,79.99326519479712,77.51737813770507,75.02631696419469,72.5258878726878,70.02189947069888,67.52016458333698,65.02650335127298
58.42078822279295,60.538553979764416,62.622026162976496,64.68924891841455,66.756809205927,68.83835819421589,70.94347094610444,73.07726736456726,75.2412350013226,77.42361014677957,79.5676074844542,81.60841574670582,83.48546845421362,85.17583426054375,86.77388873436388,88.3893568548136,90.11132060518713,91.96669243108197,93.80188928610933,95.46576798311608,96.96705228099788,98.27505228119836,98.91903920672337,98.4168761136741,96.96705228099788,94.91363879053745,92.48611271143304,89.86279443968755,87.19424868413924,84.58639370115145,82.02968283849928,79.49908494229578,76.97794948268623,74.45325652485482,71.91366000964742,69.34983900987616,66.756809205927
56.173160111007576,58.241840227599695,60.251330393512475,62.2213390095925,64.17162324937293,66.12196686472366,68.09216849471292,70.10203533527434,72.17137962328258,74.30019610925122,76.4091989071218,78.39928222168369,80.17134100989468,81.66805346663455,82.99922865215362,84.31645864447832,85.77133574044706,87.44931907107677,89.17133465299511,90.71776277185185,91.97133421793379,92.83263658639008,93.17133410193364,92.8796959145393,91.97133421793379,90.50538017869565,88.60169775645377,86.3953341672415,84.02133673440646,81.59321227832054,79.13830530444683,76.6624202654347,74.17136268950863,71.67094001393382,69.16696304374192,66.66524847982332,64.17162324937293
54.36736592902213,56.435639677977406,58.444883123492446,60.41473881329205,62.364926662225116,64.31520875624182,66.28537080607342,68.29521210287052,70.3645399386844,72.49334598078872,74.60234242783955,76.59242200814501,78.36447864397218,79.86118985539451,81.19236424193652,82.5095936514805,83.96447027925075,85.64245323281435,87.36446855302871,88.91089651077212,90.16446786241197,91.02577018009524,91.36446767827324,91.07282950574987,90.16446786241197,88.69851393649452,86.79483173186154,84.5884685485787,82.21447185706242,79.78634871968796,77.33144408567541,74.8555632107859,72.36451305812989,69.86410362116868,67.36015023916153,64.85847760983692,62.364926662225116
53.226148142649635,55.316685228171394,57.359022087819255,59.372498640429384,61.37585203119181,63.386453885738206,65.41962022669418,67.4882359576071,69.60302733131195,71.75779674104822,73.88384549254371,75.89875735298781,77.72267349393388,79.31669502124976,80.78550968549547,82.26139070195916,83.862664815458,85.64012194185412,87.42653670330998,89.04055645902689,90.43921863641336,91.57075598448796,92.1004005473796,91.67654831718023,90.43921863641336,88.63478417801785,86.44577214678719,84.02353900048419,81.50307361447835,78.98802741065356,76.48470789713133,73.98304745670202,71.47788856139786,68.9661185168415,66.4455451355879,63.915065620605304,61.37585203119181
51.858034714567445,53.92464111741877,55.93287186864646,57.90209970621859,59.851891756089685,61.80192120841254,63.7719207098757,65.78165709915235,67.8509173645991,69.97968051230936,72.08865087540822,74.07871511836393,75.85076291388322,77.34746901050565,78.67864011546456,79.99586713139195,81.45074183616029,83.12872324102347,84.85073748635686,86.397164782369,87.65073574611239,88.51203785525843,88.85073528211197,88.55909717066726,87.65073574611239,86.18478228563032,84.28110097476943,82.07473945873596,79.70074581199106,77.27262809086989,74.81773306718796,72.34186929521164,69.85084963125405,67.35049456698732,64.84663806260109,62.34513765370107,59.851891756089685
51.2131178867746,53.28808384189874,55.30660316494098,57.28841697490391,59.25311617020765,61.2199224256652,63.207472472156056,65.23367637929759,67.31576411261604,69.45190214954279,71.56573020726184,73.56285937043252,75.34972055709912,76.874548133062,78.2462592136663,79.61134515353059,81.11147219085653,82.82080632977242,84.56338147361163,86.1316120562556,87.43276396212359,88.38555903103841,88.79119319586422,88.45300390089791,87.43276396212359,85.85745924235053,83.86602167303997,81.59588968507333,79.17988612460715,76.72730714717031,74.25892986401803,71.77591360061737,69.28096122562751,66.77740204490195,64.26884306217626,61.75921535931414,59.25311617020765
39.4356213186075,41.4801519845437,43.474915475465764,45.43577125108552,47.38027661010405,49.326927905197294,51.2947524236332,53.3030844730541,55.37143995231932,57.49962862692064,59.60824961471786,61.59810841108144,63.37003778432155,64.8666753629378,66.19780250710377,67.51499745732684,68.96984640072151,70.64780705839769,72.36980690401063,73.9162253350662,75.16979110230307,76.03109041774954,76.36978688909393,76.07814959589885,75.16979110230307,73.70384387708773,71.8001745397359,69.59383535908427,67.21988250143858,64.7918373378158,62.337071053347216,59.86143638047187,57.37082509036499,54.871198206228186,52.36863879929511,49.86944322752735,47.38027661010405
40.42555179308764,42.47515741931029,44.47302664618691,46.435816872053614,48.38154525251609,50.32897864887207,52.29730696057199,54.30596440149749,56.37452956638323,58.50285139345078,60.611553366734654,62.601459788126675,64.37341661388331,65.87007007652753,67.2012074119038,68.51840979580837,69.97326471140386,71.65123017887316,73.37323336276475,74.9196538489822,76.17322082092602,77.03452078403683,77.37321747689731,77.08157999400706,76.17322082092602,74.70727215018789,72.80360003702012,70.59725567837759,68.22329336468559,65.79523138038766,63.3404352514236,60.86474747017101,58.374041518628474,55.87424585863151,53.37138586738125,50.87165635176647,48.38154525251609
41.418237932617245,43.47188986056777,45.47223112570843,47.436559490996956,49.383259698184375,51.331314303691606,53.30004266316399,55.30895844389693,57.377690067206004,59.506117589553384,61.61488384557552,63.60482806862878,65.37680668407609,66.87347275412404,68.20461817838122,69.52182646246291,70.9766861182326,72.65465540325707,74.37666123675152,75.92308335415592,77.17665128227802,78.037951759441,78.37664862811911,78.08501099466756,77.17665128227802,75.71070146422558,73.80702714788539,71.60067867945111,69.22670886043522,66.7986335253884,64.34381370830229,61.86808377323706,59.3773026836014,56.877373049445225,54.3742744314452,51.87412095742494,49.383259698184375
42.41312223775954,44.46999731992186,46.47230507897425,48.437856012636985,50.38532826206523,52.333876208502716,54.302922203850784,56.31204307717272,58.38090683805039,60.509418258419004,62.61823553852885,64.60820976582069,66.3802056761437,67.8768817528473,69.20803359732406,70.52524656441733,71.98010998248796,73.65808229752051,75.38009023401202,76.92651364609284,78.18008233313518,79.04138321830209,79.38008022652689,79.08844247357463,78.18008233313518,76.71413160445752,74.8104555394545,72.60410380906521,70.23012803303519,67.80204210138473,65.34720348268966,62.87144008907177,60.38059935897695,57.88056337895679,55.3772753294958,52.87678525427252,50.38532826206523
43.40975820046097,45.469198847241785,47.47307021664078,49.43959260573156,51.38767806881944,53.33661776109301,55.305915938417215,57.31519962417602,59.38416827495428,61.512746290028645,63.62160406977581,65.6116021121029,67.38361174962151,68.88029576870917,70.211452708962,71.52866939298791,72.98353579721274,74.66151051717219,76.38352012281727,77.92994456248502,79.18351385188339,80.04481506088354,80.38351217986667,80.09187433206657,79.18351385188339,77.71756240044118,75.81388494752127,73.60753062810954,71.23355012397246,68.80545578172459,66.35060223997215,63.87481228962231,61.38392422077516,58.883803827369206,56.380365405085186,53.87960810301348,51.38767806881944
44.407788870852514,46.46927045324456,48.474384631198305,50.44167876044149,52.39025121108959,54.33950194625899,56.309000327321456,58.31841325651564,60.38746516617695,62.51609604052979,64.6249859659894,66.61500291073533,68.38702344368977,69.88371376671242,71.2148747515134,72.53209438568577,73.98696316003156,75.6649397887877,77.3869507192432,78.93337597450822,80.1869457419973,81.04824720802421,81.38694441491637,81.09530649183543,80.1869457419973,78.72099371689598,76.81731516238423,74.61095878805963,72.23697453120776,69.80887351342173,67.35400812709824,64.87819709823981,62.38727145528425,59.88708405876028,57.38352627227292,54.88255683033249,52.39025121108959
45.40692931548634,47.47003372529879,49.4761354383997,51.44404253686824,53.39300168604723,55.34249936799074,57.31215668033897,59.32167220216223,61.390790199302785,63.51946302999883,65.62837847023859,67.61841041810436,69.39043959886865,70.887134925366,72.21829912034462,73.53552109605923,74.99039175157685,76.66836989534909,78.39038187730876,79.93680777991435,81.19037792686456,82.05167959689385,82.39037687355949,82.0987388907281,81.19037792686456,79.72442544644937,77.82074601760269,75.61438801228988,73.24040077689764,70.81229446070665,68.35741967325737,65.88159191411322,63.390636447739126,60.890395868178416,58.386743333934135,55.88560549014227,53.39300168604723
46.506952354673615,48.571346657485215,50.578232882730475,52.54662677180626,54.49589295491154,56.44558668392919,58.41537015869437,60.42496711593125,62.494137569800756,64.62284370246934,66.73177939425159,68.72182325026532,70.49385929486175,71.99055859264365,73.32172533555303,74.63894916975693,76.0938213183651,77.77180066460838,79.4938134811484,81.04023989754896,82.29381034567783,83.155112177624,83.49380950966888,83.2021714794135,82.29381034567783,80.82785750387959,78.9241773810722,76.71781808124143,74.3438284817747,71.91571796022001,69.46083571103964,66.98499467289362,64.49401553513434,61.99373274251457,59.49000500168012,56.98873348066223,54.49589295491154
47.507677025259,49.57309628709722,51.58060562470197,53.54938605412869,55.49889600024551,57.448745360468735,59.41862898211251,61.428290579462015,63.49750267019394,65.62623523541214,67.7351870011366,69.72524030875682,71.49728180121883,72.9939842510265,74.32515301623688,75.64237832552848,77.09725165920563,78.77523195985202,80.49724543879947,82.04367226299962,83.29724295017425,84.15854491063396,84.49724228663341,84.20560421873756,83.29724295017425,81.83128982154597,79.92760914794124,77.72124882064979,75.34725734481243,72.91914348544773,70.46425531385432,67.98840373605343,65.49740580997427,62.99708951178478,60.493302076135265,57.99192444498124,55.49889600024551
48.50895928538117,50.57519279612464,52.583196978728765,54.55228431536223,56.50198778043848,58.45196068321489,60.42192379886177,62.43163670411545,64.50088184326225,66.62963538848558,68.73859991228427,70.72866072171459,72.50070653817453,73.99741148975625,75.3285818600724,76.64580834014427,78.10068261441262,79.77866367257008,81.50067767727106,83.04710482514209,84.3006757020475,85.16197776450853,85.50067517539475,85.20903707762365,84.3006757020475,82.834722345762,80.93104123498891,78.72468009220066,76.35068712708483,73.92257061849187,71.46767774625525,68.99181780305909,66.50080496447333,64.00046207223875,61.496627254701025,58.99516539729112,56.50198778043848
49.510684549072096,51.577564795335476,53.58596191344941,55.55529291177797,57.50515000076231,59.4552209706593,61.42524718538348,63.43500081564579,65.50427218610248,67.63304238346717,69.7420170334681,71.73208379713,73.5041330455646,75.00083998281173,76.33201162710395,77.6492390364262,79.10411405724321,80.78209571663805,82.5041101386301,84.050537543399,85.3041085708939,86.16541071431344,86.50410815288929,86.21247003140617,85.3041085708939,83.83815503391668,81.93447357616267,79.72811178611377,77.35411763895542,74.9259990276644,72.4711024245116,69.99523584165556,67.50421116687488,65.00384716651894,62.499974740639885,59.99844602865771,57.50515000076231
50.51276170530268,52.58015555957434,54.588864662238336,56.55838909864549,58.508368136528944,60.45851694949036,62.428593248911994,64.43837920383086,66.50767139457439,68.63645480894156,70.74543749618513,72.73550898574956,74.50756095815385,76.00426947142844,77.33544212687788,78.65267027374759,80.10754588710121,81.78552802369882,83.50754277689515,85.05397038556407,86.30754153258196,87.16884374025831,87.50754120081146,87.21590306050811,86.30754153258196,84.84158785218958,82.93790611903657,80.73154381525626,78.3575487299093,75.92942844970304,73.47452888531186,70.99865703252817,68.50762296327116,66.00724220912751,63.5033399326618,61.00175815555667,58.508368136528944
51.615118335642904,53.68292002601713,55.691876821213086,57.6615548170395,59.61163065686894,61.56184125840957,63.53195731192575,65.54176892369487,67.61107763981484,69.739871544643,71.84886061109474,73.83893585162673,75.61098998605324,77.10769975022404,78.4388732082306,79.75610194049273,81.21097802414329,82.88896053949719,84.61097555557063,86.15740332607513,87.41097456795849,88.2722768266355,88.61097430463205,88.31933614939106,87.41097456795849,85.94502077373741,84.04133882200001,81.83497611047062,79.46098028048233,77.03285867565552,74.57795676092262,72.10208072537824,69.61103919966857,67.11064514787063,64.60671917845798,62.10509528189017,59.61163065686894
52.61769689621367,54.685822403031,56.69497583617954,58.66477572953512,60.614928408076224,62.56518805407859,64.53533566160208,66.54516763770134,68.61448947021272,70.74329170140035,72.85228583106097,74.84236404874814,76.61441989917664,78.11113065618594,79.4423047511832,80.75953394807195,82.21441040499766,83.89239322097075,85.61440844568993,87.16083634464349,88.41440766182161,89.2757099609779,89.61440745281928,89.32276928572227,88.41440766182161,86.9484537772546,85.04477165202661,82.83840861686649,80.46441219585563,78.03628953967572,75.58138575947208,73.105506404058,70.61445896012528,68.11405435386871,65.61010957902361,63.10845225117876,60.614928408076224
53.72045167320273,55.78883426686298,57.79814379954841,59.76804045396098,61.71825412381067,63.668552698213446,65.63872535090094,67.64857349047871,69.71790573359743,71.84671457346826,73.95571272181809,75.94579330248135,77.7178505149039,79.21456205993059,80.54573666050814,81.86296622617152,83.31784297936608,84.99582603394083,86.7178414242623,88.26426942516592,89.51784080210558,90.37914313339027,90.7178406362203,90.42620245971318,89.51784080210558,88.05188684583098,86.14820458290338,83.94184129087728,81.5678444007713,79.13972091013119,76.6848156493004,74.20893365889748,71.71788151764746,69.2174685342463,66.71350883331301,64.2118249703924,61.71825412381067
54.8233463575518,56.891933047533726,58.901366494077905,60.87133995467502,62.821602036119614,64.77193150913908,66.74212404064743,68.75198500937498,70.8213255154742,72.95013960069012,75.0591409386868,77.04922339484949,78.82128168828896,80.31799385876604,81.64916886062322,82.96639871898338,84.42127570732674,86.09925895127984,87.82127447303994,89.36770255486138,90.62127397923378,91.48257633601884,91.82127384757055,91.5296356635946,90.62127397923378,89.15531996604483,87.25163759382497,85.04527409792416,82.671276835497,80.24315268254499,77.78824624653834,75.31236216473928,72.8213062952131,70.32088666282684,67.81691511491934,65.31521019068344,62.821602036119614
55.9263521143629,57.99510082491628,60.00463263302855,61.97466705907112,63.92496756656365,65.87532156454002,67.84552987416937,69.85540102551852,71.92474808999755,74.0535663384654,76.16257020809346,78.1526541528436,79.92471330428774,81.4214259711855,82.7526012915387,84.06983138221253,85.52470855719366,87.20269195145646,88.92470757753952,90.47113572358549,91.7247071856053,92.58600956262998,92.92470708110412,92.63306889120017,91.7247071856053,90.25875312724335,88.35507066827817,86.14870701056189,83.77470945262314,81.34658477399356,78.89167740524837,76.41579166350454,73.92473283483542,71.42430792512033,68.92032697418117,66.41860533330885,63.92496756656365
57.02944604703798,59.09832337181213,61.107933256529506,63.07801607361024,65.02834708097315,66.97872054486712,68.94894137778239,70.95882061115837,73.02817288105709,75.15699443391202,77.26600031290162,79.25608543914603,81.02814527158952,82.52485833249686,83.85603390564063,85.173264180702,86.62814150381772,88.30612501738142,90.02814072626565,91.57456892328668,92.82814041518722,93.68944280827614,94.0281403322446,93.7365021376356,92.82814041518722,91.36218632097149,89.4585037931565,87.25214000700717,84.87814221452061,82.4500171186603,79.99510900959956,77.51922195035502,75.0281607730075,72.52773167465745,70.02374326047541,67.52200835143661,65.02834708097315
58.422642807430606,60.540409312583236,62.623882617240014,64.69110682200936,66.75866881758894,68.84021966411483,70.94533426966589,73.07913234116747,75.24310120875793,77.42547703907664,79.5694748197022,81.61028371783036,83.48733771827476,85.17770582891876,86.77576331463271,88.3912345889951,90.11320098576873,91.9685744814708,93.80377236681039,95.46765210498182,96.96893850858478,98.27694201531826,98.92093113806773,98.41876654643474,96.96893850858478,94.91551982187454,92.48798847761111,89.86466553666921,87.19611620180015,84.58825891246791,82.03154670050908,79.50094806603641,76.9798121967108,74.45511890636924,71.91552189988744,69.35170003386074,66.75866881758894
56.175003153543116,58.24368356384126,60.25317390806009,62.223182634655615,64.173466944093,66.12381060390135,68.09401226249238,70.10387912151236,72.17322342140929,74.30203991492488,76.41104271738463,78.40112603464499,80.1731848244113,81.66989728205107,83.00107246814748,84.3183024608933,85.77317955720036,87.45116288810254,89.17317847020999,90.71960658918317,91.97317803533335,92.83448040382635,93.17317791938243,92.88153973197736,91.97317803533335,90.50722399601332,88.60354157361421,86.3971779841086,84.02318055073789,81.59505609369903,79.14014911813452,76.66426407611333,74.17320649482305,71.67278380968177,69.16880682244454,66.66709222822287,64.173466944093
54.369208516585644,56.4374827315836,58.44672646007116,60.41658232527547,62.366770284770936,64.31705244935522,66.28721454458747,68.29705587068491,70.36638372537061,72.49518977945479,74.60418623379049,76.59426581837943,78.36632245667556,79.8630336695264,81.19420805698485,82.51143746719734,83.96631409550464,85.64429704950078,87.36631237001534,88.91274032794357,90.16631167969173,91.02761399743324,91.36631149563118,91.07467332309074,90.16631167969173,88.7003577536443,86.7966755487617,84.59031236501323,82.2163156726466,79.78819253375949,77.33328789706292,74.85740701739684,72.36635685622575,69.86594740407892,67.3619939950145,64.86032131758844,62.366770284770936
53.22799665444032,55.31853409772745,57.36087150213608,59.37434877433411,61.37770303649444,63.38830586901676,65.42147321817382,67.49008987701058,69.60488196007255,71.75965177154984,73.88570078562094,75.90061302682923,77.72452995620651,79.31855293789735,80.78736960446042,82.2632528515447,83.8645289523246,85.64198739131534,87.4284029866498,89.04242360438708,90.4410875874798,91.57262814206497,92.10227485332962,91.67842114565771,90.4410875874798,88.63664882083785,86.44763288773905,84.02539661432591,81.50492901632089,78.98988146409383,76.48656118781516,73.98490033788292,71.47974121765577,68.96797099177101,66.44739734457329,63.91691736627632,61.37770303649444
51.85987543580383,53.92648301108129,55.93471447462383,57.9039427539017,59.853735082257586,61.80376471235277,63.77376432819922,65.78350079130027,67.85276110429784,69.98152428219427,72.0904946636494,74.08055891739863,75.85260671913922,77.34931281936116,78.68048392662945,79.99771094424136,81.45258565036298,83.13056705631607,84.85258130240592,86.39900859888374,87.65257956290012,88.51388167219291,88.85257909909666,88.56094098760894,87.65257956290012,86.18662610209051,84.2829447906006,82.07658327339382,79.70258962450617,77.27447189957333,74.81957686912821,72.34371308511584,69.85269339970225,67.35233829717174,64.84848172461092,62.34698119451994,59.853735082257586
51.21496294278569,53.2899289970817,55.30844847250637,57.290262486342925,59.25496193256096,61.22176847501866,63.20931882353416,65.23552301434377,67.31761096829733,69.45374913166549,71.5675772726151,73.56470655731621,75.35156799882799,76.87639605653231,78.2481078262654,79.61319457147694,81.11332236217774,82.82265701847352,84.56523249958302,86.13346343814973,87.43461611459341,88.38741264173908,88.79304785412441,88.45485783234422,87.43461611459341,85.8593096111823,83.86787057764577,81.59773750697221,79.18173322457413,76.72915382365262,74.26077630625925,71.77775991864317,69.28280747587866,66.77924824074576,64.27068917859465,61.76106133840479,59.25496193256096
39.438472038843585,41.48301905221874,43.47779255671931,45.43865457304233,47.38316387906336,49.329817698777944,51.297643843697514,53.30597694373654,55.37433310007239,57.50252220463729,59.61114345395174,61.601002404107646,63.372931865999135,64.86956949590933,66.20069667298566,67.51789164721427,68.97274060989494,70.65070128310342,72.37270113949666,73.91911957718901,75.17268534831621,76.0339846658542,76.37268113791394,76.08104384410626,75.17268534831621,73.70673811843287,71.80306877211706,69.59672957474412,67.22277668656201,64.79473146862041,62.33996508777584,59.8643302434007,57.373718647614396,54.87409121848532,52.371530840990985,49.87233354532897,47.38316387906336
40.42841138749682,42.478030054354576,44.47590725420844,46.438702443265086,48.3844339604719,50.33186936225796,52.30019896557096,54.30885724064754,56.37742294303561,58.50574511140903,60.614447292275486,62.60435383573851,64.37631073185997,65.8729642352171,67.20410159671476,68.52130399967277,69.9761589305757,71.65412441037304,73.37612760282101,74.92254809430605,76.1761150693377,77.03741503410853,77.37611172753677,77.08447424416033,76.1761150693377,74.71016639489451,72.80649427461202,70.60014990269772,68.22618756476876,65.79812553735735,63.34332933189769,60.867641414519625,58.37693522034024,55.877139127722614,53.374278365947276,50.87454748147616,48.3844339604719
41.42110460988823,43.47476692985079,45.47511453908826,47.43944684994257,49.386149549293904,51.3342057475443,53.3029351325944,55.31185157556676,57.38058362556164,59.50901141883109,61.61777783962191,63.60772215956672,65.37970083086404,66.87636693322638,68.20751237821639,69.52472067742093,70.9795803453402,72.65754964014951,74.37955548043519,75.92597760202048,77.17954553259335,78.04084601107394,78.37954288020269,78.08790524636522,77.17954553259335,75.71359571160028,73.8099213896131,71.60357291064497,69.22960307239205,66.80152770312564,64.34670782532376,61.87097778221187,59.38019649998327,56.880266522418054,54.377167292732096,51.87701273187127,49.386149549293904
42.41599456172668,44.472877918419044,46.47519072286101,48.440744792085724,50.38821902114069,52.336768232390156,54.305815042006856,56.31493644105778,58.383800540640266,60.51231217605715,62.62112958695042,64.61110389114751,66.38309984579958,67.87977594815148,69.21092780908407,70.52814078818042,71.98300421589423,73.66097653869303,75.38298448057475,76.92940789597398,78.1829765849615,79.04427747117418,79.38297447975665,79.09133672649808,78.1829765849615,76.71702585394979,74.81334978446478,72.60699804571473,70.23302225441623,67.8049362956054,65.35009762871942,62.87433414934249,60.383493266379034,57.88345701377111,55.38016847873919,52.879677540651386,50.38821902114069
43.41263502207356,45.47208225304742,47.47595763334,49.4424825136297,51.39056954895419,53.33951024551999,55.308809069297965,57.31809317239696,59.387062092033176,61.51564027780236,63.624498161356456,65.61449626472475,67.38650593742791,68.88318997687286,70.21434693018679,71.53156362373963,72.9864300356183,74.66440476174182,76.38641437166513,77.9328388139667,79.18640810490896,80.04770931473914,80.38640643400615,80.09476858596295,79.18640810490896,77.72045665161426,75.81677919513695,73.61042486908929,71.23644435283353,68.8083499890283,66.35349640902625,63.8777063906079,61.3868182004241,58.88669759065009,56.38325878292059,53.8825007958425,51.39056954895419
44.41066927228751,46.472156091110364,48.477273456531044,50.444569564618256,52.39314326378559,54.34239479632089,56.31189369058012,58.32130695106079,60.39035907413228,62.51899008397257,64.62788009182634,66.61789708502164,68.38991764590244,69.8866079850828,71.21776898025047,72.53498862198438,73.98985740240505,75.66783403605368,77.38984496990477,78.93627022726025,80.18983999597472,81.05114146266044,81.38983866977793,81.09820074650402,80.18983999597472,78.72388796940307,76.82020941206781,74.61385303247626,72.23986876600576,69.81176773110954,67.35690231442702,64.88109123154163,62.39016549227813,59.88997792401325,57.386419831567665,54.88544984584256,52.39314326378559
45.4098125645764,47.472921137213305,49.479025382744325,51.44693405281765,53.39589419334682,55.34539250832306,57.31505022806269,59.32456601285551,61.393684179390846,63.52235711762769,65.63127262326535,67.621304609586,69.39333381251569,70.89002915183752,72.22119335504418,73.53841533676044,74.99328599709969,76.67126414475507,78.39327612940986,79.93970203367468,81.19327218159748,82.05457385214967,82.39327112899414,82.10163314600959,81.19327218159748,79.72731970001527,77.82364026892756,75.61728225943438,73.24329501640779,70.81518868663639,68.36031387509092,65.88448607306498,63.39353053024932,60.893289814371826,58.38963703726944,55.8884987618157,53.39589419334682
46.50983786796013,48.57423547901662,50.581123715852705,52.54951885293957,54.49878582313198,56.44848005469075,58.41826385284483,60.42786101881799,62.497031607143185,64.62573782516967,66.73467356885928,68.72471745539502,70.4967535175843,71.99345282554503,73.32461957498506,74.6418434139525,76.0967155663876,77.77469491571293,79.49670773439207,81.04313415210956,82.29670460101036,83.15800643337154,83.49670376555838,83.20506573518144,82.29670460101036,80.83075175828586,78.92707163369977,76.72071233055104,74.3467227250249,71.9186121926914,69.46372992438577,66.98788885220405,64.4969096537719,61.99662675295366,59.4928988193507,56.991626955684936,54.49878582313198
47.51056433817239,49.575986228422394,51.58349716363668,53.55227858400603,55.50178915499316,57.45163891414826,59.421522792492496,61.431184555526954,63.50039675298079,65.62912938594931,67.73808119287332,69.72813452471914,71.50017603114466,72.99687848903132,74.32804725942509,75.64527257249752,77.1001459092121,78.77812621230473,80.50013969295003,82.04656651819539,83.30013720598271,84.16143916677183,84.50013654288392,84.20849847489163,83.30013720598271,81.83418407661927,79.93050340160278,77.72414307167784,75.35015159103114,72.92203772311129,70.46714953633804,67.99129793152275,65.50029995728676,62.99998357321772,60.49619598456026,57.99481808142272,55.50178915499316
48.511848028258015,50.57808362684885,52.58608907811262,54.55517720150709,56.504881162643315,58.45485438209295,60.42481770149983,62.434530738264584,64.50377596211939,66.63252956111728,68.74149411761647,70.73155494627478,72.50360077381762,74.0003057318117,75.3314761062419,76.6487025893146,78.10357686599377,79.78155792609283,81.50357193214136,83.04999908084201,84.30356995823372,85.16487202095618,85.50356943193181,85.21193133408414,84.30356995823372,82.8376166013647,80.93393548947111,78.72757434459268,76.35358137565962,73.9254648602764,71.4705719759915,68.99471201135387,66.50369913454554,64.00335617414682,61.499521235161865,58.99805916186361,56.504881162643315
49.51357442792034,51.580456332365955,53.588854457816694,55.558186080755036,57.50804356352552,59.458114784791874,61.42814116125102,63.43789489589804,65.50716633358927,67.63593657363552,69.74491124959113,71.73497802851438,73.50702728574552,75.00373422808212,76.3349058756397,77.65213328734373,79.1070083100742,80.78498997101009,82.50700439407171,84.05343179949907,85.30700282737993,86.16830497100696,86.5070024096538,86.21536428810991,85.30700282737993,83.84104928993958,81.93736783129623,79.73100603958834,77.35701188940027,74.92889327271979,72.47399666000427,69.99813006013,67.50710535501176,65.00674130055296,62.50286877827821,60.00133989493591,57.50804356352552
50.515652486408186,52.5830476574462,54.5917575598867,56.56128249214598,58.511261842617444,60.46141085510706,62.43148728290447,64.44127332067626,66.51056556478494,68.63934901302892,70.74833172087288,72.73840322255029,74.51045520193645,76.00716371925058,77.33833637729174,78.65556452605188,80.11044014092418,81.78842227874495,83.51043703279018,85.05686464198172,86.31043578930594,87.17173799714699,87.51043545775647,87.21879731740489,86.31043578930594,84.84448210854598,82.94080037468709,80.73443806959004,78.36044298183839,75.93232269735452,73.47742312537335,71.00155125908228,68.5105171657461,66.01013636866043,63.50623401568352,61.00465210256384,58.511261842617444
51.61800983327161,53.68581256918398,55.69476999932225,57.66444838876917,59.614524476724895,61.5647352366414,63.53485139205365,65.54466306958489,67.6139718280615,69.74276575977798,71.85175484258036,73.84183009272648,75.61388423269452,77.1105940000715,78.44176746013514,79.75899619389766,81.21387227875363,82.89185479507833,84.61386981182554,86.16029758274485,87.41386882487134,88.27517108367908,88.61386856172034,88.32223040644108,87.41386882487134,85.9479150303585,84.04423307806086,81.8378703654864,79.46387453358949,77.03575292536752,74.58085100461045,72.10497495834518,69.61393341352375,67.11353932764233,64.60961329750153,62.10798929297518,59.614524476724895
52.6205889628001,54.68871529972634,56.69786923692932,58.667669442741,60.617822318235866,62.56808208994765,64.53822977834875,66.54806180664451,68.6173836727748,70.74618592530388,72.85518006794207,74.84525829326002,76.61731414808683,78.11402490764088,79.44519900427085,80.76242820235046,82.21730466023291,83.89528747697652,85.6173027022305,87.16373060151325,88.41730191888438,89.27860421814442,89.61730171002128,89.32566354289389,88.41730191888438,86.95134803408581,85.04766590841315,82.84130287242351,80.46730644989782,78.03918379102315,75.58428000603813,73.10840064211484,70.61735318301305,68.11694854970413,65.61300372665836,63.11134631312437,60.617822318235866
53.723344191530614,55.791727444215596,57.80103737703256,59.77093427946646,61.72114810564838,63.671446779830845,65.64161949671261,67.65146767771945,69.72079994752181,71.84960880433145,73.9586069629816,75.94868754970143,77.72074476561497,79.2174563126614,80.54863091453483,81.86586048114343,83.32073723509734,84.99872029028364,86.72073568102958,88.2671636821945,89.52073505928732,90.38203739065438,90.72073489351256,90.42909671698133,89.52073505928732,88.05478110282894,86.15109883954841,83.94473554686394,81.57073865555559,79.14261516277665,76.68770989815087,74.2118279009942,71.72077574770442,69.2203627428317,66.716403003641,64.21471907270741,61.72114810564838
54.826239234527606,56.89482644768293,58.904260211851565,60.87423386931897,62.8244960748508,64.774825627068,66.74501820952841,68.75487921113867,70.82421973841687,72.95303383707721,75.0620351832493,77.05211764421907,78.82417594042934,80.32088811250952,81.65206311539524,82.9692929745056,84.42416996345167,86.10215320789013,87.82416872998712,89.370596812016,90.62416823650995,91.48547059336038,91.82416810493447,91.53252992093938,90.62416823650995,89.1582142231751,87.25453185067514,85.04816835425181,82.67417109087032,80.24604693622075,77.79114049720198,75.31525641004245,72.8242005309603,70.32378088153192,67.81980930325922,65.31810432504042,62.8244960748508
55.92924527606104,57.99799440192368,60.00752646215976,61.97756104446823,63.9278616504528,65.87821571129005,67.84842406136076,69.85829523880916,71.9276423200981,74.05646057923687,76.16546445535371,78.15554840391927,79.92760755756257,81.42432022573271,82.75549554690228,84.07272563817156,85.52760281363106,87.2055862082791,88.92760183462956,90.47402998084013,91.72760144295644,92.588903820033,92.92760133852488,92.63596314860575,91.72760144295644,90.26164738447872,88.3579649252912,86.15160126716019,83.77760370846397,81.34947902848702,78.89457165735112,76.41868591135267,73.92762707509897,71.42720215185749,68.92322117681724,66.42149949309811,63.9278616504528
57.03233943476029,59.10121708920737,61.110827174051366,63.0809101151666,65.0312412007052,66.9816147144929,68.9518355795069,70.96171483359808,73.03106711683887,75.15988867816333,77.26889456230313,79.2589796915758,81.03103952576477,82.52775258768203,83.85892816147373,85.17615843700773,86.6310357605031,88.30901927437259,90.03103498346904,91.5774631806207,92.83103467259785,93.69233706572794,94.03103458971049,93.73939639508941,92.83103467259785,91.36508057829022,89.46139805029875,87.25503426382026,84.88103647073251,82.4529113738028,79.99800326284455,77.52211620022311,75.03105501685567,72.53062590776969,70.02663747445851,67.52490253141178,65.0312412007052
58.42550727368919,60.543271708689346,62.62674191040462,64.6939621049962,66.76151937449471,68.84306507942809,70.94817455604016,73.08196805370955,75.24593351567113,77.42830745102782,79.57230400604045,81.61311114474412,83.49016156772518,85.18052330249222,86.77857245449543,88.39403500217944,90.11599407652149,91.97136295196223,93.80655798648512,95.47043484381055,96.97171542099385,98.27970922532393,98.92369226845497,98.42153182333433,96.97171542099385,94.91831111202436,92.4907943361387,89.86748431455592,87.19894488341512,84.59109397556779,82.03438549703816,79.50378890529936,76.98265416962626,74.45796179931436,71.91836615215017,69.35454668298364,66.76151937449471
56.177896195214416,58.246577066294364,60.256067690249324,62.226076590227464,64.17636100894636,66.12670473850226,68.09690644196533,70.10677332994402,72.17611764849254,74.30493415384814,76.41393696350772,78.40402028500148,80.1760790772079,81.67279153625948,83.0039667232617,84.32119671666823,85.77607381350602,87.4540571448357,89.17607272723981,90.72250084639566,91.97607229265289,92.83737466120344,93.17607217677923,92.88443398935728,91.97607229265289,90.51011825320441,88.60643583055858,86.40007224059278,84.02607480638164,81.59795034784781,79.14304336963063,76.6671583228887,74.17610073318279,71.67567803303314,69.17170101905427,66.66998637729155,64.17636100894636
54.37210084447216,56.44037579062312,58.44961996305321,60.41947610344185,62.369664236393504,64.31994651168797,66.29010867814719,68.29995005021257,70.36927793450539,72.49808400738428,74.60708047314883,76.59716006445791,78.36921670662748,79.86592792171939,81.19710231061572,82.51433172187697,83.9692083510268,85.64719130570151,87.36920662668703,88.9156345849052,90.16920593682332,91.03050825465621,91.36920575288539,91.0775675803182,90.16920593682332,88.70325201057196,86.79956980529775,84.59320662081879,82.21920992711804,79.7910867858578,77.33618214495041,74.86030125779061,72.36925108326065,69.86884160728975,67.36488815577647,64.86321540288625,62.369664236393504
53.230877923717074,55.32141437710095,57.36375027420729,59.37722555537212,61.38057740645425,63.39117753300573,65.42434209256052,67.49295618391398,69.60774630424682,71.76251500414156,73.88856329168867,75.90347447935517,77.72738922721058,79.32140818476827,80.79021931108375,82.26609638621889,83.8673669883459,85.64482179548654,87.43123508354086,89.04525331613104,90.44391230296439,91.57544398535632,92.10508475221476,91.68123513261233,90.44391230296439,88.63948545692455,86.45048031999082,84.02825269903542,81.50779122144431,78.99274740012919,76.4894292343304,73.98776951745643,71.48261101957115,68.97084129540588,66.45026838405171,63.919789687703926,61.38057740645425
51.86276483569315,53.929374250337915,55.937606831398995,57.90683580364876,59.85662856890663,61.8066584779006,63.77665827319764,65.78639485211835,67.8556552397162,69.9844184649703,72.09338887522371,74.08345314590636,75.85550095740729,77.35220706327635,78.68337817416776,80.00060519442238,81.45547990266714,83.13346131033009,84.8554755576067,86.4019028548151,87.65547381925977,88.51677592878278,88.8554733557653,88.56383524421017,87.65547381925977,86.18952035793627,84.2858390454596,82.07947752641206,79.70548387416272,77.27736614324995,74.82247110219434,72.34660729929922,69.85558758022421,67.35523241766352,64.85137573814676,62.34987501792489,59.85662856890663
51.21785377387339,53.29281955377054,55.311338607567876,57.29315205730599,59.257850809268504,61.22465655762457,63.21220607046702,65.23840947639438,67.32049681987175,69.45663463338857,71.57046254404716,73.5675914924852,75.35445222886463,76.87927895363612,78.25098881661474,79.6160733335056,81.1161990396878,82.82553226444087,84.56810681235422,86.13633676611511,87.43748731044535,88.39027980279604,88.79591211667591,88.45772410592616,87.43748731044535,85.86218574219873,83.87075076003987,81.60062068511452,79.18461840023329,76.73204017105337,74.26366330178261,71.78064725785867,69.28569500262009,66.78213591802705,64.27357707563841,61.76394961542114,59.257850809268504
39.4416324072927,41.48619753117315,43.480982129142674,45.44185105915541,47.38636473780594,49.33302135438129,51.30084930117256,53.309183565119866,55.377540471535895,57.50573005242779,59.614351591459155,61.60421071199099,63.37614027209317,64.87277795882838,66.20390517236379,67.52110017318647,68.9759491572328,70.6539098476484,72.37590971598443,73.92232816102916,75.17589393646625,76.03719325632129,76.37588972917351,76.08425243468719,75.17589393646625,73.7099467014115,71.80627734516517,69.59993812926781,67.22598520725656,64.79793992913889,62.34317344152602,59.86753840715815,57.37692647273067,54.877298439842136,52.37473698712938,49.87553778168155,47.38636473780594
40.431581587213756,42.481214701084525,44.4791007337228,46.44190142118336,48.38763641338382,50.33507403685174,52.30340507105535,54.312064270230934,56.380630568080875,58.5089531145635,60.6176555253964,62.60756220409348,64.37951917816729,65.8761727266274,67.20731011706309,68.52451254112907,69.9793674889901,71.65733298244483,73.3793361843718,74.92575668169246,76.17932366014486,77.04062362675474,77.37932032081198,77.0876828368969,76.17932366014486,74.71337498159714,72.80970285343274,70.60335846681555,68.22939610203616,65.80133402686229,63.34653773665846,60.870849668476424,58.38014320549641,55.880346633608156,53.37748501822094,50.87775261728697,48.38763641338382
41.42428265633531,43.477956489012726,45.478311126483106,47.44264780837508,49.389353268629634,51.33741123137288,53.30614175259069,55.31505892921274,57.38379145190345,59.51221954530874,61.62098614863538,63.61093057591968,65.38290930908934,66.87957544725057,68.21072091520901,69.52792923116706,70.9827889125461,72.66075821819533,74.38276406600453,75.92918619222158,77.18275412550952,78.04405460544973,78.38275147507773,78.09111384081274,77.18275412550952,75.71680430125863,73.81312997301555,71.60678148237767,69.23281162281344,66.80473621563752,64.3499162705728,61.87418610776356,59.38340461217453,56.88347425417014,54.38037434683936,51.880218581942074,49.389353268629634
42.41917886383217,44.47607138738199,46.478389781291526,48.44394732419991,50.391423746350895,52.33997435879978,54.30902207048908,56.318144051959024,58.38700852676922,60.51552040042323,62.62433795620241,64.61431234559751,66.38630834935867,67.88298448012455,69.21413635928732,70.53134935168111,71.98621279007797,73.66418512148047,75.38619306933361,76.93261648840905,78.18618517955153,79.04748606692274,79.38618307590146,79.09454532230356,78.18618517955153,76.72023444595413,74.81655837150382,72.61020662349145,70.23623081527802,67.80814482637814,65.35330610610478,62.877542531721346,60.3867014794053,57.886664924816216,55.383375851853685,52.88288395785737,50.391423746350895
43.415824306856294,45.47527883205129,47.47915865575394,49.44568629587771,51.3937750729772,53.34271688212996,55.312016422069775,57.321300987511236,59.39027020499661,61.518848579866784,63.627706578421396,65.61770474941306,67.38971446109474,68.88639852309211,70.21755549087547,71.53477219498254,72.98963861534037,74.66761334829269,76.38962296295554,77.93604740817493,79.18961670082757,80.05091791157726,80.3896150311588,80.09797718284628,79.18961670082757,77.72366524548056,75.8199877850623,73.6136334516631,71.23965292198193,68.81155853429483,66.35670491191865,63.88091481809195,61.39002649348767,58.88990564401442,56.386466409276466,53.88570766332684,51.3937750729772
44.41386252293746,46.475355142870654,48.480476039477054,50.44777433979313,52.39634942211026,54.34560183799273,56.31510130078743,58.32451492827755,60.39356728777146,62.52219844770886,64.63108854684147,66.62110559371051,68.39312618552896,69.88981654260937,71.22097754926146,72.53819719937229,73.99306598652294,75.67104262559155,77.39305356320446,78.93947882287583,80.19304859294783,81.05435006036336,81.39304726773047,81.10140934424281,80.19304859294783,78.72709656474727,76.82341800428405,74.61706161885758,72.2430773417313,69.8149762878799,67.36011083756468,64.8842996948266,62.39337384887018,59.89318609034544,57.38962765894982,54.88865707080309,52.39634942211026
45.41300896996502,47.476122154326575,49.48222920536897,51.450139616517305,53.3991008552958,55.3485998715656,57.3182580426261,59.32777411874477,61.396892472940905,63.525565530314694,65.6344811084022,67.62451313732437,69.3965423648095,70.89323771833872,72.22440193066063,73.5416239190257,74.99649458470654,76.6744727366638,78.39648472430432,79.94291063040723,81.19648077940752,82.05778245053895,82.39647972758156,82.10484174442735,81.19648077940752,79.73052829653247,77.8268488629621,75.62049084883769,73.2465035973536,70.81839725253741,68.36352241429745,65.8876945647657,63.39673893726575,60.8964980703723,58.392845024224215,55.89170627056201,53.3991008552958
46.5130367817071,48.57743805775138,50.58432852309431,52.55272504276799,54.50199288492047,56.45168767321002,58.42147182962432,60.43106922684203,62.50023996412139,64.62894627670994,66.73788207790415,68.72792599825317,70.49996207993229,71.99666139916945,73.32782815584432,74.6450520000889,76.09992415676365,77.77790350950337,79.49991633055231,81.0463427497287,82.2999131994847,83.16121503230565,83.49991236464973,83.20827433413814,82.2999131994847,80.83396035573406,78.93028022917747,76.72392092235296,74.34993131011407,71.92182076583946,69.46693847634626,66.99109736645876,64.5001181008113,61.99983508012747,59.49610693296964,56.99483468970793,54.50199288492047
47.513765245608795,49.57919004770197,51.58670275280018,53.55548527096737,55.504996534205446,57.454846735309715,59.42473089803467,61.43439284462005,63.50360516030372,65.63233786832811,67.74128972089426,69.73134307957795,71.50338460147265,73.00008706830948,74.33125584444554,75.64848116170646,77.10335450178604,78.7813348075887,80.5033482901149,82.04977511651822,83.30334580498429,84.16464776613833,84.50334514237524,84.21170707427603,83.30334580498429,81.8373926748064,79.93371199822593,77.72735166538351,75.3533601794089,72.92524630201135,70.47035809842146,67.99450646367879,65.50350843609317,63.00319195688412,60.49940419871973,57.99802599427045,55.504996534205446
48.51505051985663,50.58128843143385,52.58929528815959,54.558384283152805,56.50808879383979,58.45806236410985,60.42802590924836,62.437739091705154,64.5069844094021,66.63573806797304,68.74470266069886,70.73476351065858,72.50680935047939,74.00351431557723,75.33468469456511,76.65191118096223,78.10678546031224,79.78476652256221,81.50678053010361,83.05320767972331,84.30677855765379,85.16808062066588,85.50677803174057,85.21513993380806,84.30677855765379,82.84082520013833,80.93714408700339,78.73078293980936,76.35678996664753,73.92867344374187,71.47378054610951,68.99792055771834,66.50690763856585,64.00656460265282,61.502729529124906,59.00126721665882,56.50808879383979
49.51677817798593,51.583661919419875,53.59206116083044,55.56139347573112,57.51125139475015,59.46132289449132,61.43134945012544,63.44110330041306,65.51037481258876,67.63914509991895,69.74811980462792,71.73818660045822,73.51023586743443,75.00694281540933,76.33811446658433,77.65534188092694,79.11021690577725,80.78819856842034,82.51021299266685,84.05664039882366,85.31021142713215,86.17151357098905,86.51021100971451,86.2185728881033,85.31021142713215,83.84425788917869,81.9405764295501,79.73421463600432,77.36022048245985,74.9321018598088,72.47720523649934,70.0013386177718,67.51031387904465,65.00994976464906,62.506077135584206,60.004548062403856,57.51125139475015
50.518857236023955,52.58625386581815,54.59496465427634,56.56449013585615,58.51446983262228,60.46461906615542,62.43469563617147,64.44448176573025,66.51377406895851,68.64255755473225,70.75154028539797,72.74161180049458,74.5136637876154,76.01037230940466,77.34154497031696,78.65877312117135,80.1136487377262,81.79163087690196,83.51364563188764,85.06007324165816,86.31364438932178,87.17494659734527,87.51364405801716,87.22200591761211,86.31364438932178,84.84769070815457,82.94400897351369,80.73764666695791,78.36365157654228,75.93553128731955,73.48063170692996,71.00475982567494,68.51372570566315,66.01334486100498,63.509442423266634,61.00786035946584,58.51446983262228
51.62121537667497,53.68901927086786,55.697977404415184,57.66765622992715,59.61773259276487,61.56794352813502,63.5380597964309,65.54787154681541,67.61718035221604,69.7459743137202,71.85496341463632,73.84503867543332,75.61709282154038,77.11380259246928,78.44497605481173,79.7622047902365,81.21708087642789,82.89506339382804,84.6170784113217,86.16350618270054,87.41707742509644,88.27837968404896,88.61707716213974,88.32543900681806,87.41707742509644,85.95112363026035,84.04744167734205,81.84107896360973,79.46708312959845,77.03896151761523,74.58405959018438,72.1081835320422,69.6171419660482,67.11674784240803,64.61282174499074,62.11119762086456,59.61773259276487
52.62379513651304,54.69192239306021,56.70107688867046,58.67087744063073,60.62103053431703,62.571290445293585,64.5414382232934,66.55127030941405,68.62059221278844,70.74939448896019,72.85838864597534,74.84846687974692,76.62052273944627,78.1172335018195,79.44840760025815,80.7656367996571,82.22051325859948,83.89849607619668,85.62051130204308,87.16693920169061,88.42051051927552,89.2818128186505,89.62051031056666,89.32887214340562,88.42051051927552,86.95455663422041,85.05087450805512,82.84451147114655,80.47051504694264,78.04239238508266,75.58748859480065,73.11160922145065,70.62056174554407,68.12015708226576,65.61621220582175,63.11455469735874,60.62103053431703
53.72655086569709,55.79493484847039,57.80424522456549,59.77414240176515,61.724356401136745,63.674655185858214,65.64482797385635,67.6546762007596,69.7240085001229,71.85281737569788,73.96181554575907,75.95189613918859,77.72395335896944,79.22066490825345,80.55183951156246,81.8690690792182,83.32394583401337,85.00192888987719,86.72394428109335,88.27037228254775,89.52394365981024,90.38524599126856,90.72394349415794,90.4323053176,89.52394365981024,88.05798970314827,86.15430743947672,83.94794414606288,81.57394725342256,79.1458237582742,76.69091848944419,74.21503648480547,71.7239843181777,69.22357128951805,66.71961150794468,64.2179275016642,61.724356401136745
54.82944630601553,56.89803409875873,58.90746821480161,60.87744209036799,62.82770443336749,64.77803407332239,66.74822671222907,68.75808775026778,70.82742830100871,72.9562424145632,75.06524376979223,77.05532623608752,78.8273845353673,80.32409670922343,81.65527171324857,82.97250157319004,84.42737856280382,86.10536180778001,87.82737733025027,89.37380541250887,90.62737683713752,91.48867919406035,91.82737670565919,91.53573852164288,90.62737683713752,89.16142282364108,87.25774045083077,85.05137695382851,82.67737968938985,80.24925553285962,77.79434909050397,75.31846499740595,72.82740910773737,70.32698943942924,67.823017827517,65.32131278949436,62.82770443336749
55.932452662973304,58.00120224892848,60.010734588475145,61.980769343899766,63.93107005899685,65.88142418947335,67.85163258434622,69.86150379070821,71.93085089061965,74.05966916157993,76.16867304488535,78.15875699767773,79.93081615375732,81.42752882333707,82.75870414541096,84.07593423733988,85.53081141332937,87.20879480840422,88.93081043505089,90.47723858144383,91.73081004366705,92.59211242080107,92.93080993931258,92.63917174937663,91.73081004366705,90.26485598506105,88.36117352562722,86.15480986703672,83.7808123075014,81.35268762603181,78.89778025224741,76.42189450153555,73.9308356568794,71.43041071865298,68.92642971691282,66.42470798572666,63.93107005899685
57.03554707206919,59.10442509173818,61.114035398288635,63.08411847681313,65.03444964895714,66.98482321801865,68.95504411859261,70.9649233956327,73.03427569365425,75.16309726436148,77.27210315420689,79.2621882868344,81.03424812295705,82.53096118599308,83.86213676050258,85.17936703656014,86.63424436047615,88.31222787468437,90.03424358401595,91.58067178131236,92.83424327337437,93.69554566655006,94.0342431905482,93.74260499591378,92.83424327337437,91.36828917896493,89.46460665077795,87.25824286393477,84.88424507018104,82.4561199720666,80.00121185900622,77.52532479264377,75.0342636026073,72.53383448162768,70.02984602712466,67.5281110464029,65.03444964895714
58.42865775581407,60.54641815218645,62.62988230041158,64.69709467157804,66.76464272097378,68.84617839515033,70.95127786565644,73.08506244015473,75.24902125799588,77.43139149642062,79.57538566034971,81.61618936653801,83.4932328101231,85.1835821059311,86.7816149992759,88.3970605215424,90.11900531002121,91.97436517142222,93.80955464404315,95.47342588086899,96.9746950907365,98.28266996562593,98.92664114732545,98.42448879212117,96.9746950907365,94.92131883258617,92.49383047917107,89.87054566263723,87.20202555304466,84.5941870950023,82.03748590009184,79.50689329355428,76.98576076953897,74.46107019412406,71.92147719886684,69.35766240575411,66.76464272097378
56.18110344915718,58.24978483070562,60.25927576456091,62.22928485661768,64.17956939640202,66.12991320322637,68.1001149564,70.10998187646007,72.17932621567144,74.30814273414377,76.41714555177953,78.40722887796325,80.17928767287289,81.67600013348846,83.00717532149413,84.32440531563256,85.77928241305843,87.45726574486167,89.17928132759445,90.72570944695264,91.97928089332848,92.84058326194281,93.17928077754041,92.88764259009977,91.97928089332848,90.51332685373767,88.60964443081856,86.40328084034293,84.02928340520076,81.60115894501074,79.14625196385488,76.67036691188312,74.17930931285414,71.67888659607775,69.17490955247368,66.67319485804347,64.17956939640202
54.37530730766164,56.44358306380697,58.45282772805044,60.42268417329683,62.3728724984086,64.32315489635123,66.29331714171786,68.30315856470793,70.37248648180042,72.5012925755006,74.61028905392646,76.60036865268034,78.37242529914101,79.86913651671563,81.20031090720482,82.51754031962793,83.97241694971122,85.65039990513768,87.37241522664492,88.9188431851843,90.17241453729072,91.03371685522481,91.37241435348862,91.08077618089177,90.17241453729072,88.70646061081342,86.80277840510539,84.59641521981712,82.22241852463847,79.79429538074918,77.33939073517692,74.86350983971533,72.37245965038599,69.87205014802205,67.36809664948264,64.8664238129909,62.3728724984086
53.23406118637439,55.324595708594444,57.366928665160714,59.3804000620882,61.38374720947479,63.39434205702486,65.42750117441398,67.496110256919,69.6108965481995,71.76566307952592,73.89170994970829,75.90661908203485,77.7305295739848,79.32454068089183,80.7933409987453,82.26920603298478,83.87046590771178,85.64791362940241,87.43432241612803,89.04833599546959,90.44698523493966,91.57849960820243,92.10812877781439,91.68428713384108,90.44698523493966,88.64258164513163,86.45359757057201,84.03138682969356,81.51093729235606,78.99590074961492,76.492586701108,73.99092919469174,71.48577191091837,68.97400316554531,66.45343168972961,63.922955494302215,61.38374720947479
51.86596805515215,53.93257950750838,55.940813326592234,57.91004306653812,59.859836315809645,61.80986653377633,63.779866527874276,65.78960323510356,67.85886370534593,69.9876269830643,72.09659742522132,74.08666171466342,75.85870953697709,77.35541564910218,78.68658676400736,80.00381378718967,81.45868849778653,83.13666990734374,84.85868415593504,86.40511145395286,87.65868241887196,88.51998452865007,88.85868195571979,88.56704384408997,87.65868241887196,86.19272895697918,84.2890476434093,82.08268612232249,79.70869246634904,77.2805747288115,74.82567967600127,72.34981585218722,69.8587960958211,67.35844086675709,64.85458406875127,62.35308313789655,59.859836315809645
51.2210556902299,53.29602093481657,55.314539166082824,57.29635151534997,59.261048912924096,61.22785311210619,63.21540099467414,65.24160286941152,67.32368902193888,69.45982615294652,71.57365361434071,73.57078190677822,75.35764126754573,76.88246539195518,78.25417153512349,79.6192517048673,81.11937334443465,82.82870377643744,84.5712765038072,86.1395045363395,87.44065092118832,88.39343554215193,88.79906220139218,88.46087811392495,87.44065092118832,85.86535898080922,83.87393190233992,81.60380767169994,79.18780928368788,76.7352333404054,74.26685773552684,71.78384236209565,69.28889047269244,66.78533168178045,64.27677326811586,61.76714654916867,59.261048912924096
39.444910034370096,41.48949392671084,43.48429002109655,45.44516611589417,47.38968432596977,49.33634384097125,51.3041736550655,53.31250912518519,55.38086680891814,57.5090568834332,59.6176787227014,61.6075380197957,63.379467681674754,64.87610542729833,66.20723267861672,67.52442770699915,68.97927671318692,70.65723742143447,72.37923730214692,73.925655754811,75.17922153471447,76.04052085697069,76.37921733064417,76.08758003545455,75.17922153471447,73.71327429430053,71.80960492776306,69.60326569266871,67.2293127355999,64.80126739512112,62.34650079686307,59.87086556560361,57.38025328023849,54.88062462166708,52.37806205469265,49.87886087010965,47.38968432596977
40.43486940274887,42.48451748843678,44.48241267467039,46.44521906022037,48.3909576536082,50.3383975794349,52.306730096488394,54.315390253318824,56.383957168252834,58.51228010657434,60.620982755724015,62.61088957456563,64.38284662942232,65.87950022462317,67.2106376450477,68.5278400909881,69.98269505642295,71.66066056403096,73.3826637757812,74.92908427914934,76.1826512611467,77.04395122966238,77.38264792437147,77.09101043989818,76.1826512611467,74.7167025783454,72.81303044201289,70.60668604015895,68.23272364755412,65.80466152288349,63.349865144858356,60.87417692039649,58.38347017885536,55.8836731102935,53.3808106102983,50.88107663783522,48.3909576536082
41.42757860365451,43.4812643672235,45.481626288181886,47.44596749984904,49.39267582126632,51.34073561257631,53.30946731121861,55.31838524813048,57.387118260681305,59.51554666512078,61.624313457611294,63.614257996132665,65.38623679342135,66.88290296868135,68.21404846044223,69.53125679376222,70.98611648908968,72.66408580597243,74.38609166157835,75.9325137925953,77.1860817286969,78.04738221014975,78.3860790802951,78.0944414455871,77.1860817286969,75.72013190106992,73.81645756634383,71.6101090636125,69.23613918196307,66.8080637355011,64.35324372073117,61.87751343387819,59.386731717181405,56.886800964923566,54.38370035534163,51.88354334268688,49.39267582126632
42.42248129404227,44.47938331739497,46.48170750376464,48.44726864650271,50.39474734138847,52.343299405917904,54.31234805243581,56.32147063747337,58.39033550113632,60.518847621678105,62.62766532760418,64.61763980529089,66.38963585994435,67.88631202015596,69.21746391821094,70.53467692438497,71.98954037385276,73.66751271417135,75.38952066821278,76.93594409109794,78.1895127844736,79.0508136730454,79.38951068243472,79.0978729284852,78.1895127844736,76.72356204819658,74.81988596860066,72.61353421098971,70.23955838524714,67.81147236516563,65.35663358956634,62.88086991672661,60.390028688908586,57.889991821373044,55.38670219094686,52.886209306331295,50.39474734138847
43.419131900722334,45.478593985054346,47.4824784135328,49.44900891371125,51.397099495834624,53.346042457974846,55.315342740081576,57.32462778465384,59.3935973108037,61.52217588164133,63.63103399937225,65.62103224044273,67.39304199251828,68.88972607788699,70.22088306066522,71.53809977570972,72.99296620485462,74.67094094488365,76.39295056445816,77.93937501270133,79.19294430712645,80.05424551882905,80.3929426387365,80.10130479014487,79.19294430712645,77.72699284965265,75.8233153851503,73.61696104413268,71.24298050053858,68.81488608810241,66.36003242181346,63.88424224984023,61.39335378593451,58.893232688058276,56.38979301080661,53.88903347842958,51.397099495834624
44.41717422670864,46.4786728584313,48.4837974144576,50.45109798660974,52.39967450230233,54.34892783360803,56.31842788558262,58.32784189340883,60.396894497909926,62.525525813394694,64.63441600712052,66.62443310961221,68.39645373349171,69.89314410912212,71.22430512767573,72.54152478646768,73.99639358059261,75.67437022527804,77.39638116678933,78.94280642886065,80.19637620033949,81.05767766851133,81.39637487613712,81.10473695242794,80.19637620033949,78.73042417045087,76.82674560674613,74.6203892152729,72.24640492710385,69.81830385360902,67.36343836843987,64.88762716367576,62.39670120715229,59.89651325145914,57.39295446880581,54.89198325636261,52.39967450230233
45.41632394304766,47.47944190661228,49.48555186504534,51.453464080492125,53.40242645739977,55.35192620042834,57.32158483919787,59.33110121722079,61.400219765891904,63.52889294672866,65.63780859989672,67.6278406729673,69.39986992589957,70.896565294152,72.22772951592022,73.54495151117548,74.99982218239182,76.67780033880717,78.39981232954186,79.94623823754964,81.19980838766652,82.06111005939826,82.39980733664618,82.10816935331613,81.19980838766652,79.73385590345165,77.83017646730846,75.62381844838475,73.249831188136,70.82172482772873,68.36684996182497,65.89102206306245,63.40006634780322,60.89982532441027,58.39617199944709,55.89503275021201,53.40242645739977
46.51635435424238,48.580759428367756,50.587652203142085,52.55605015560778,54.505318901382864,56.455014266618974,58.42479879430246,60.434396431161474,62.503567322803676,64.63227373338798,66.74120959417482,68.73125354956487,70.50328965144153,71.99998898236461,73.33115574653704,74.64837959625041,76.1032517573187,77.78123111359682,79.50324393710159,81.04967035778986,82.30324080843211,83.1645426417295,83.50323997423655,83.21160194358539,82.30324080843211,80.83728796361808,78.93360783501944,76.72724852438569,74.35325890519027,71.92514834854096,69.47026603709085,66.99442488812844,64.50344555282504,62.00316240792317,59.49943403945602,56.99816140281473,54.505318901382864
47.517084884234755,49.58251270391181,51.59002724316351,53.558810898991936,55.508322879617836,57.458173538719095,59.42805799615101,61.43772013295225,63.50693257115881,65.63566535696445,67.74461725683003,69.73467064332607,71.50671218125169,73.00341465736366,74.33458343945057,75.65180876105208,77.10668210461883,78.78466241322991,80.50667589770529,82.05310272530859,83.30667341447808,84.16797537601028,84.50667275237652,84.21503468416657,83.30667341447808,81.84072028345616,79.93703960525492,77.73067926938913,75.35668777789309,72.9285738906737,70.47368566965653,67.99783400389981,65.50683592102737,63.00651934322369,60.5027314093974,58.001352892695365,55.508322879617836
48.518371800172574,50.58461210872855,52.59262042195209,54.5617103201935,56.51141540038627,58.46138933421555,60.43135311328231,62.44106644672135,64.51031186166793,66.63906558197513,68.74803021224301,70.73809108427756,72.51013693682219,74.00684190928175,75.33801229299283,76.65523878283507,78.11011306495283,79.78809412943187,81.51010813852034,83.0565352890925,84.31010616758124,85.17140823089349,85.51010564207083,85.21846754405041,84.31010616758124,82.8441528093959,80.94047169497455,78.73411054538084,76.36011756783667,73.9320010371354,71.47710812567092,69.00124811266373,66.51023514962952,64.00989203546015,61.50605682250389,59.004594262185506,56.51141540038627
49.520100762468395,51.58698640759702,53.59538680549035,55.564719837479714,57.51457820858809,59.46464999691585,61.43467673823103,63.44443070835828,65.51370229772307,67.64247263405414,69.75144736856055,71.74151418191175,73.51356345898691,75.01027041280481,76.34144206772862,77.65866948480564,79.11354451185272,80.79152617626502,82.51354060173945,84.05996800865219,85.31353903740381,86.17484118149895,86.51353862030588,86.22190049862489,85.31353903740381,83.84758549891868,81.94390403826904,79.73754224281865,77.36354808579591,74.93542945695745,72.48053282266943,70.00466618440399,67.51364141084757,65.01327723433883,62.5094044946062,60.00787522469456,57.51457820858809
50.52218085635335,52.58957899787481,54.59829070452372,56.567816755370714,58.517796811005965,60.467946273609016,62.4380229910078,64.44780921568646,66.51710158018099,68.64588510484725,70.75486785916338,72.74493938816644,74.51699138330281,76.01369990972968,77.34487257361744,78.66210072664214,80.11697634494054,81.79495848552051,83.5169732414808,85.0634008518513,86.31697199986664,87.17827420807922,87.51697166881577,87.22533352835538,86.31697199986664,84.85101831827743,82.94733658282617,80.74097427475868,78.36697918158234,75.93885888744866,73.48395929834535,71.00808740158305,68.51705325392703,66.01667235996892,63.51276983439135,61.01118761443804,58.517796811005965
51.62453981961649,53.69234491414959,55.701303776647975,57.67098305405915,59.621059701760174,61.571270818954915,63.54138720423336,65.55119903011654,67.62050788414501,69.74930187651852,71.85829099620608,73.84836626804066,75.62042042050969,77.11713019511949,78.44830365982355,79.76553239697088,81.22040848454616,82.89839100306084,84.62040602132804,86.16683379318309,87.42040503585811,88.28170729496074,88.62040477310285,88.32876661773722,87.42040503585811,85.95445124068709,84.05076928712558,81.84440657219348,79.47041073599098,77.04228912010993,74.58738718576299,72.11151111531264,69.62046952737725,67.12007536460727,64.61614919747058,62.1145249494018,59.621059701760174
52.62712023265216,54.69524844221347,56.704403516507625,58.674204427185614,60.62435774698616,62.57461780228435,64.5447656731363,66.5545978191815,68.62391976115235,70.75272206182532,72.86171623373944,74.85179447627158,76.62385034102046,78.1205611063152,79.45173520662827,80.76896440739444,82.22384086743519,83.90182368591698,85.62383891237737,87.17026681240283,88.42383813020932,89.28514042970342,89.62383792166034,89.33219975446437,88.42383813020932,86.95788424488838,85.05420211821257,82.84783908035169,80.47384265440863,78.04571998945494,75.5908161936836,73.11493681056454,70.62388931724303,68.12348462290711,65.61953969112592,63.11788208428689,60.62435774698616
53.729876480462224,55.7982612198346,57.807572055303964,59.777469517246445,61.727683696096435,63.67798259537069,65.64815545706752,67.6580037315337,69.72733606153135,71.85614495655307,73.96514313843964,75.95522373882241,77.72728096261108,79.22399251421393,80.55516711901066,81.87239668775155,83.32727344341849,85.00525649998444,86.72727189168789,88.27369989344231,89.52727127088068,90.38857360243348,90.72727110535521,90.43563292876956,89.52727127088068,88.06131731400765,86.15763504993095,83.95127175576124,81.57727486174056,79.14915136413671,76.69424609094982,74.21836407855739,71.7273118981073,69.22689884479706,66.72293901930199,64.22125493493873,61.727683696096435
54.83277233252957,56.901360725906414,58.91079520660054,60.880769308185364,62.83103179364413,64.78136152452257,66.75155422192512,68.76141529771505,70.83075587277071,72.95957000176014,75.06857136637501,77.05865383818912,78.83071214064992,80.32742431634648,81.65859932155244,82.97582918235521,84.43070617266093,86.1086894181944,87.8307049410514,89.37713302354811,90.63070444831637,91.4920068053142,91.83070431693871,91.53906613290046,90.63070444831637,89.16475043465242,87.26106806152049,85.05470456391836,82.68070729838408,80.25258313990494,77.79767669409122,75.32179259483908,72.83073669419966,70.33031700632623,67.826345359553,65.32464025955491,62.83103179364413
55.93577901636526,58.004529079119635,60.01406170811897,61.98409664294583,63.93439747111745,65.88475167376183,67.85496011506366,69.86483135138914,71.93417847059928,74.06299675381035,76.17200064456533,78.162084601738,79.93414376034238,81.43085643138286,82.762031754394,84.07926184700653,85.5341390235452,87.21212241906233,88.93413804601599,90.48056619259793,91.73413765493191,92.59544003212551,92.9341375506574,92.64249936070398,91.73413765493191,90.268183596193,88.36450113650389,86.15813747743726,83.78413991703238,81.35601523401591,78.90110785748686,76.42522210189045,73.93416324852672,71.43373829477122,68.92975726536167,66.42803548498492,63.93439747111745
57.03887368495006,59.10775208310267,61.11736261941002,63.08744584033326,65.03777710222741,66.9881507285698,68.95837166599493,70.96825096681724,73.03760328015626,75.16642486058699,77.27543075634512,79.26551589244926,81.03757573057584,82.53428879477129,83.86546437002465,85.18269464662478,86.63757197097668,88.31555548553598,90.0375711951112,91.58399939255762,92.83757088470753,93.6988732779305,94.03757080194481,93.74593260729655,92.83757088470753,91.37161679019259,89.46793426180304,87.2615704745819,84.88757268013799,82.45944758079582,80.00453946555697,77.52865239531769,75.03759119836997,72.5371620650649,70.03317358860053,67.53143856883575,65.03777710222741
58.43186265382637,60.54961452275798,62.633065889174944,64.70026174127335,66.76779032241409,68.84930481649285,70.95438315880014,73.08814889162181,75.25209368002622,77.43445611214058,79.57844522713157,81.61924168531127,83.49627039133382,85.18659342108461,86.78459198235714,88.40000155302053,90.1219161745183,91.97725700111329,93.81243472869198,95.47629409668764,96.97753930200555,98.28547420284679,98.92942033601607,98.42728506481953,96.97753930200555,94.92422227888216,92.49679394409736,89.87356235106677,87.2050830406047,84.5972708711098,82.04058505591122,79.51000086428364,76.98887301026085,74.46418622482804,71.92459882914787,69.36079390962989,66.76779032241409
56.184429664751306,58.25311157530412,60.262602830312645,62.23261212142263,64.18289678666845,66.13324067356695,68.10344247825623,70.11330943156256,72.18265379218704,74.31147032425241,76.42047315015391,78.41055648119789,80.18261527890893,81.6793277411453,83.01050293019087,84.32773292508782,85.78261002312303,87.46059335541703,89.18260893849043,90.72903705805831,91.98260850455708,92.84391087323749,93.18260838885769,92.89097020139769,91.98260850455708,90.51665446481877,88.61297204161644,86.40660845061251,84.03261101450548,81.60448655259911,79.14957956839785,76.67369451100637,74.1826369023158,71.68221416830892,69.17823709400393,66.67652234499387,64.18289678666845
54.378632703788796,56.44690929934086,58.45615447325618,60.42601123443009,62.37619975867956,64.32648228372385,66.2966446108631,68.30648608662702,70.37581403771016,72.50462015298771,74.61361664453457,76.60369625100356,78.37575290191114,79.87246412205864,81.20363851419856,82.52086792782575,83.97574455887633,85.6537275150818,87.37574283712975,88.922170796002,90.17574214830353,91.03704446634252,91.37574196464222,91.08410379201464,90.17574214830353,88.7097882215921,86.80610601543448,84.59974282930757,82.22574613259732,79.79762298598351,77.34271833557702,74.86683743151217,72.3757872268461,69.87537769713077,67.37142414985763,64.86975122672871,62.37619975867956
53.237335298579694,55.32786574330436,57.3701924911486,59.38365568679049,61.386992902634375,63.39757660388145,65.43072423041166,67.49932273694569,69.61410094331909,71.76886289578118,73.89490677323832,75.90981156576763,77.73371307146303,79.32770760181481,80.79648509757729,82.27232470723135,83.87356193065955,85.65099469106718,87.43739397297198,89.05139772667268,90.45002638383718,91.58150420719119,92.1111088878362,91.68728408537534,90.45002638383718,88.64567190110972,86.45673230044795,84.0345572019246,81.51413287622358,78.99911170195818,76.4958063469457,73.99415350781044,71.48899878757602,68.97723210887413,66.45666366412397,63.92619274925367,61.386992902634375
51.86929008975986,53.935903653823146,55.94413875588526,57.913369291403725,59.86316304226415,61.81319358042276,63.78319378054033,65.79293062073722,67.86219117662498,69.99095450871268,72.09992498393177,74.08998929281441,75.8620371263335,77.35874324494179,78.68991436400651,80.00714139022286,81.46201610325716,83.1399975147774,84.86201176473118,86.40843906358776,87.66201002899854,88.52331213904097,88.86200956620112,88.57037145449384,87.66201002899854,86.19605656651581,84.29237525181304,82.08601372861293,79.71202006878009,77.28390232437725,74.82900725938558,72.35314341389304,69.8621236188817,67.36176832089959,64.85791140010221,62.356410250966306,59.86316304226415
51.2243691879135,53.29933330225127,55.3178497968333,57.29965982257497,59.26435436050194,61.23115528876443,63.21869972917348,65.24489837095523,67.32698200890746,69.46311769886235,71.57694421167739,73.57407111903146,75.36092757532185,76.88574620929975,78.25744449840397,79.62251548948882,81.12262854269292,82.83195307799099,84.57452196139884,86.14274593737383,87.4438835397114,88.39665154061208,88.80226626028926,88.46409045669358,87.4438835397114,85.86861192799348,83.87720153758296,81.60708964666064,79.19109948653171,76.73852836970215,74.27015543446288,71.78714147670993,69.29219035973121,66.78863218889693,64.2800746804394,61.77044952660772,59.26435436050194
39.4464636536249,41.491056437377935,43.48585797807354,45.446737467104185,47.39125782388514,49.337918711977636,51.305749410681244,53.314085452208374,55.382443504184295,57.51063381254636,59.61925579404752,61.609115174785785,63.38104488488014,64.87768265840126,66.2088099276188,67.52600496905725,68.98085398573423,70.65881470242941,72.38081458900501,73.92723304527865,75.180798827298,76.04209815069171,76.38079462475426,76.08915732923151,75.180798827298,73.71485158434524,71.81118221293248,69.60484296874382,67.230889995067,64.80284462504552,62.34807797437091,59.87244264983687,57.38183019822,54.88220124324016,52.379638148399835,49.88043602622872,47.39125782388514
40.43642784871342,42.48608302716346,44.48398254981181,46.44679163476195,48.39253193416555,50.33997295070374,52.30830617023696,54.31696678074303,56.38553398801193,58.51385711196153,60.62255987401042,62.6124667592435,64.38442385236992,65.88107746971355,67.21221490434483,68.52941736064793,69.98427233440813,71.66223784872109,73.38424106512491,74.93066157135799,76.18422855503474,77.04552852445329,77.38422521947115,77.0925877347334,76.18422855503474,74.71827987021834,72.81460773001629,70.60826332094419,68.23430091515746,65.80623876703845,63.351442347409204,60.875754048912,58.3850471754065,55.88524987155256,53.38238695248674,50.8826522355335,48.39253193416555
41.42914090198225,43.48283231768987,45.48319768911541,47.44754104670625,49.394250723561456,51.34231138113003,53.31104363756084,55.31996193464934,57.388695179264474,59.51712373105198,61.6258906131562,63.61583520437455,65.3878140320387,66.88448022487373,68.21562572791066,69.53283406945559,70.98769377139094,72.66566309359544,74.38766895289491,75.93409108618579,77.18765902362031,78.04895950578975,78.38765637618019,78.0960187412623,77.18765902362031,75.72170919439395,73.8180348565966,71.61168634813615,69.23771645602417,66.80964099095101,64.35482094315924,61.87909059754233,59.38830877609888,56.888377837069044,54.385276894805514,51.88511929104308,49.394250723561456
42.42404666357652,44.48095318735624,46.48328011783302,48.448842965943626,50.39632273750689,52.34487548993948,54.313924579319405,56.32304745028861,58.39191249816504,60.52042473566644,62.62924251272244,64.61921703223605,66.39121311099902,67.8878892851601,69.219041192165,70.53625420486722,71.99111765957971,73.66909000412218,75.39109796109523,76.93752138578517,78.19109008021877,79.05239096935932,79.3910879789432,79.0994502248271,78.19109008021877,76.72513934267235,74.82146326063875,72.61511149848059,70.24113566443387,67.81304962958049,65.35821082777133,62.88244710828934,60.39160579732976,57.89156878154026,55.38827888702356,52.88778553311599,50.39632273750689
43.42069971648354,45.48016538186839,47.48405199180109,49.45058384689251,51.39867528412133,53.34761879247337,55.31691942617128,57.326204697725004,59.39517437010025,61.52375303377468,63.63261120796369,65.622609482233,67.39461925344457,68.8913033498851,70.22246033976697,71.53967705999293,72.99454349330055,74.6725182366821,76.39452785858342,77.94095230825904,79.1945216035239,80.0558228156779,80.39451993573975,80.10288208701589,79.1945216035239,77.72857014504251,75.8248926786054,73.61853833397865,71.24455778379348,68.81646335963282,66.36160967254084,63.885819463546795,61.39493093364899,58.89480971809539,56.39136983120912,53.89060992627317,51.39867528412133
44.41874398949054,46.48024546922499,48.48537175885389,50.45267340725778,52.401250601992245,54.35050436696693,56.320004698057176,58.32941888606223,60.398471606631986,62.527102995805095,64.63599323434312,66.62601036318526,68.39803100225322,69.8947213866714,71.22588241086319,72.54310207376768,73.9979708711966,75.67594751854293,77.39795846190103,78.9443837251093,80.19795349725459,81.05925496578476,81.39795217353307,81.10631424971896,80.19795349725459,78.73200146656629,76.82832290132592,74.62196650698812,72.2479822135877,69.81988113078711,67.36501562910638,64.88920439495834,62.39827838605531,59.89809033695643,57.39453138789973,54.893559879704895,52.401250601992245
45.417895254626615,47.48101548227825,49.48712681804907,51.455039888257645,53.404002804338205,55.35350289165851,57.32316175199858,59.332678273044365,61.40179691384523,63.530470153170825,65.6393858419072,67.62941793589246,69.40144720087994,70.89814257610729,72.22930680235055,73.54652880086999,75.0013994747087,76.67937763323599,78.40138962543648,79.94781553434666,81.20138568499252,82.06268735700863,82.4013846343538,82.10974665094048,81.20138568499252,79.73543320014295,77.83175376278092,75.62539574158359,73.25140847718271,70.82330210938937,68.36842723038029,65.8925993082954,63.40164355146146,60.90140245392911,58.39774899688125,55.89660951287553,53.404002804338205
46.51792689727961,48.58233377069658,50.58922763953292,52.55762627076409,54.50689544461777,56.456591083174175,58.42637578674119,60.43597353712687,62.505144501896254,64.63385095890465,66.74278684792264,68.73283081991292,70.50486693135787,72.001566267817,73.33273303554124,74.64995688784538,76.10482905099505,77.78280840894945,79.5048212336176,81.05124765502214,82.30481810608423,83.16611993960734,83.50481727219159,83.21317924147431,82.30481810608423,80.83886526076641,78.9351851312004,76.72882581876206,74.3548361962711,71.92672563375947,69.47184331190758,66.99600214443399,64.50502277613207,62.00473957238367,59.50101109907439,56.99973827607511,54.50689544461777
47.518658406055906,49.58408765527332,51.59160306343022,53.560387258209886,55.50989957868816,57.45975045475903,59.4296350518042,61.43929727871749,63.508509774967536,65.63724259762091,67.74619451989392,69.73624791956568,71.50828946508571,73.00499194559167,74.33616073049768,75.65338605415548,77.10825939937422,78.78623970931574,80.50825319471454,82.05468002288633,83.30825071238905,84.1695526741004,84.50825005052792,84.2166119822655,83.30825071238905,81.84229758096728,79.93861690199822,77.73225656470012,75.3582650705884,72.93015117871607,70.47526294944296,67.99941126899378,65.50841315993,63.00809653541853,60.5043085183749,58.00292985374756,55.50989957868816
48.51994609972279,50.58618754381514,52.59419654703447,54.56328687317708,56.51299222316521,58.46296632922551,60.43293021911245,62.442643624077164,64.5118890850944,66.64064283464828,68.74960748270115,70.73966836519335,72.5117142237657,74.00841919971276,75.33958958566139,76.65681607713572,78.11169036056467,79.78967142609969,81.51168543592107,83.05811258694442,84.31168346569766,85.17298552915209,85.51168294037807,85.22004484231601,84.31168346569766,82.84573010719495,80.94204899216419,78.73568784143367,76.36169486181342,73.93357832741907,71.47868540940183,69.00282538473317,66.51181240091061,64.01146924966845,61.50763397065998,59.00617129292509,56.51299222316521
49.521675679850034,51.588562226828046,53.59696317258903,55.566296544289116,57.51615512956843,59.46622705460999,61.436253883888924,63.446007910788495,65.5152795367205,67.64404989626503,69.75302464488755,71.74309146653906,73.51514074839844,75.01184770498438,76.34301936168413,77.66024678005653,79.11512180814432,80.79310347339475,82.51511789945087,84.06154530672177,85.31511633568329,86.17641847989128,86.51511591873683,86.22347779702278,85.31511633568329,83.84916279694625,81.94548133581294,79.73911953946026,77.36512538078972,74.9370067490201,72.4821101095311,70.00624346200988,67.51521867195359,65.01485446601963,62.51098167385972,60.00945231074945,57.51615512956843
50.523756264453425,52.59115512213485,54.599867263763784,56.569393584293096,58.519373809937505,60.46952338105916,62.43960016827842,64.44938643801878,66.51867883153733,68.64746237462838,70.75644514014854,72.74651667573957,74.5185686746732,76.01527720329707,77.34644986859439,78.66367802264722,80.11855364177165,81.79653578301685,83.51855053943885,85.0649781500936,86.31854929827554,87.17985150657769,87.51854896734488,87.22691082685824,86.31854929827554,84.8525956164864,82.94891388065122,80.74255157186758,78.36855647738341,75.94043618092323,73.48553658769193,71.00966468358325,68.51863052283119,66.01824960551794,63.5143470383278,61.01276474439946,58.519373809937505
51.62611561741777,53.693921280595376,55.7028804884241,57.672559979916144,59.622636762567126,61.572847965898674,63.54296440659593,65.55277626824552,67.62208514531075,69.75087915230814,71.85986828088845,73.84994355795192,75.62199771343484,77.11870748978839,78.44988095561123,79.76710969357461,81.22198578180547,82.89996830084816,84.6219833194818,86.16841109156246,87.42198233436973,88.28328459354346,88.6219820717099,88.33034391632341,87.42198233436973,85.95602853904005,84.05234658517381,81.8459838696733,79.47198803243279,77.04386641470519,74.58896447708183,72.11308840080063,69.62204680247086,67.1216526211637,64.61772642099844,62.116102114213604,59.622636762567126
52.62869633989676,54.696825000935206,56.70598034937272,58.67578142998815,60.62593485690711,62.57619498057561,64.54634289541492,66.55617506984855,68.6254970301039,70.75429934238397,72.86329352135627,74.85337176803861,76.62542763517962,78.12213840185836,79.45331250305944,80.77054170447329,82.22541816503438,83.90340098393526,85.6254162106865,87.17184411089102,88.42541542880247,89.286717728353,89.6254152203292,89.33377705311673,88.42541542880247,86.95946154335557,85.05577941643791,82.84941637812591,80.47541995135894,78.04729728493966,75.59239348656786,73.11651409882086,70.62546659724921,68.12506188820021,65.62111693020384,63.119459276760566,60.62593485690711
53.73145283339868,55.799837931199264,57.80914898429067,59.77904658112604,61.72926084500135,63.679559798543366,65.6497326951539,67.65958099215234,69.72891333666257,71.8577222408969,73.96672042838559,75.95680103206237,77.72885825774969,79.22556981045103,80.55674441595256,81.87397398520751,83.32885074128747,85.006833798186,86.72884919012031,88.27527719201686,89.52884856953852,90.39015090113614,90.72884840407318,90.43721022747441,89.52884856953852,88.06289461256554,86.15921234829688,83.95284905376911,81.57885215909451,79.15072866032742,76.69582338507651,74.21994136901088,71.72888918201265,69.22847611702451,66.72451627072219,64.22283214936833,61.72926084500135
54.834348880526306,56.902937558444876,58.91237221188737,60.88234642054522,62.83260897349203,64.78293874744419,66.75313147255835,68.76299256623238,70.83233315280674,72.96114728910828,75.07014865816959,77.06023113259815,78.8322894365659,80.32900161313437,81.6601766188997,82.97740648011049,84.43228347074398,86.11026671654147,87.83228223958169,89.37871032219121,90.63228174702557,91.49358410405898,91.83228161569562,91.54064343164694,90.63228174702557,89.1663277332823,87.26264535999803,85.05628186211169,82.68228459605838,80.25416043665598,77.79925398920406,75.32336988703646,72.83231398119979,70.33189428405757,67.82792262076944,65.32621749141137,62.83260897349203
55.937355719215816,58.00610600784705,60.015638773970494,61.9856737937866,63.93597467552567,65.88632891235856,67.85653737565546,69.8664086261757,71.93575575452832,74.06457404354302,76.17357793782713,78.16366189707493,79.93572105687537,81.43243372860786,82.76360905206298,84.08083914499937,85.53571632179819,87.21369971752489,88.93571534462396,90.48214349129545,91.7357149536819,92.5970173309037,92.93571484944525,92.64407665948356,91.7357149536819,90.26976089488001,88.36607843507,86.15971477577779,83.78571721496094,81.35759253121168,78.90268515338238,76.42679939547199,73.93574053798318,71.435315576871,68.93133453435347,66.42961273067337,63.93597467552567
57.040450510729826,59.1093290881837,61.1189397333351,63.08902302171771,65.03935432612973,66.98972797960809,68.95994893449094,70.96982824657972,73.0391805671752,75.1680021522123,77.27700805077146,79.26709318852267,81.03915302759856,82.53586609234324,83.86704166794902,85.18427194480617,86.63914926936458,88.31713278409018,90.0391484937808,91.58557669129831,92.83914818348988,93.70045057673524,94.0391481007572,93.74750990610238,92.83914818348988,91.37319408892495,89.4695115604394,87.26314777303926,84.88914997826838,82.46102487834457,80.00611676207373,77.53022968999781,75.03916848977602,72.53873935063194,70.03475086376368,67.53301582550282,65.03935432612973
58.4335282486952,60.55128625339235,62.634746816734165,64.70195455484819,66.76949714405832,68.8510268779554,70.95612042275863,73.08989971285912,75.25385459596964,77.43622264502113,79.58021539291657,81.62101706631829,83.49805637659361,85.1883983058251,86.78642157044774,88.40185700983955,90.1237933378271,91.97914786083669,93.81433403951948,95.47820194769696,96.97946442543788,98.28742808958056,98.93139224644199,98.42924468242934,96.97946442543788,94.92610477992436,92.49863325907623,89.87536336951723,87.20685470246984,84.59902361736802,82.04232673589831,79.51173648943667,76.99060527518566,74.46591576272465,71.92632433794897,69.36251231403077,66.76949714405832
56.18600630232207,58.254688463483234,60.264179870633555,62.234189256042185,64.18447398072358,66.13481790555605,68.10501973465011,70.11488670370642,72.18423107447506,74.31304761297993,76.42205044279721,78.41213377614365,80.18419257518183,81.68090503818603,83.01208022772425,84.32931022298051,85.78418732130442,87.4621706538309,89.18418623706569,90.73061435673289,91.98418580328988,92.8454881720016,93.18418568763249,92.89254750016335,91.98418580328988,90.51823176348171,88.6145493401452,86.40818574889097,84.03418831232686,81.60606384960741,79.15115686396345,76.67527180400442,74.18421419073682,71.68379144856726,69.17981435971814,66.67809958485164,64.18447398072358
54.38020895314855,56.448485946357806,58.45773136172298,60.42758827256307,62.377776891151186,64.32805947640807,66.29822184228595,68.30806334305072,70.37739131023642,72.50619743573596,74.61519393349873,76.60527354362262,78.37733019663688,79.87404141800324,81.20521581092517,82.52244522512274,83.97732185663158,85.6553048132061,87.37732013551022,88.92374809454014,90.1773194469341,91.03862176502281,91.37731926333949,91.08568109069736,90.1773194469341,88.71136552011178,86.80768331374117,84.60132012721695,82.22732342978112,79.79920028187661,77.34429562917997,74.86841472103946,72.37736450910785,69.87695496643516,67.37300139607513,64.87132843190307,62.377776891151186
53.23895109175476,55.32948447035383,57.371815685552406,59.38528478225827,61.38862914414072,63.39922086548775,65.4323767600423,67.50098287631624,69.61576690003518,71.77053214713584,73.89657817795452,75.91148609310753,77.73539406470488,79.32940052243632,80.7981944394688,82.27405234300457,83.87530586486267,85.65274939046841,87.43915551144974,89.05316633507351,90.45180980200584,91.58331392448652,92.11293622596108,91.68909930532902,90.45180980200584,88.64741998486022,86.45844838362873,84.03624763921478,81.51580517291674,79.00077294054486,76.49746133029188,73.99580513290377,71.4906485681243,68.97888040238924,66.45830977669496,63.927835062303814,61.38862914414072
51.870864746645715,53.93747931110158,55.9457150209569,57.914945933366724,59.864739921847814,61.81477061169281,63.78477090940925,65.79450781259764,67.86376840905868,69.99253176690308,72.10150225778484,74.09156657587718,75.86361441470467,77.36032053638428,78.69149165741953,80.00871868507318,81.46359339926221,83.14157481171243,84.86358906231163,86.41001636156557,87.66358732720926,88.52488943737694,88.86358686457989,88.57194875283595,87.66358732720926,86.19763386444706,84.29395254920757,82.08759102500633,79.71359736334517,77.28547961569,74.83058454492752,72.3547206891651,69.86370087584618,67.36334554521508,64.85948856624697,62.35798731370346,59.864739921847814
51.22595664215163,53.30092156973362,55.319439313906386,57.30125101148697,59.265947607007135,61.23275088878488,63.22029780592105,65.24649877390296,67.32858422116124,69.4647209479934,71.57854814333739,73.5756760472974,75.36253459343995,76.88735717793726,78.25906111826319,79.62413871365695,81.12425794499968,82.83358672315067,84.57615837240334,86.14438526719258,87.44552918881219,88.39830914835983,88.80393245892807,88.46575069482563,87.44552918881219,85.87024295001416,83.87882055206032,81.60869978236079,79.19270370204025,76.74012911244458,74.27175425632657,71.78873927995441,69.29378760719518,66.7902289901981,64.28167083041944,61.77204455044463,59.265947607007135
39.45016800071862,41.49478197166525,43.48959649020672,45.450484067223904,47.39500953929494,49.341673699261364,51.30950650585706,53.31784390896212,55.386202838405296,57.514393703989214,59.62301602440985,61.61287560445889,63.38480542944305,64.88144326943971,66.21257058130817,67.52976565385714,68.98461469552828,70.66257543235284,72.38457533289946,73.93099379777416,75.18455958483531,76.0458589109396,76.3845553859292,76.09291808961254,75.18455958483531,73.71861233583292,71.81494295280311,69.6086036869441,67.23465067369293,64.80660523327572,62.35183845770041,59.87620291090725,57.38559006313784,54.88596040186175,52.38339604919676,49.88419169289358,47.39500953929494
40.44014369730908,42.48981577692844,44.487725632667406,46.45054114990587,48.39628551449651,50.34372913003843,52.31206402347553,54.32072571502208,56.38929361888064,58.517617185153824,60.62632021622426,62.61622725965812,64.38818444397546,65.88483811408189,67.21597558256576,68.53317806356158,69.98803305715981,71.6659985874496,73.38800181494224,74.934422328002,76.18798931568045,77.04928928725033,77.38798598300403,77.09634849763619,76.18798931568045,74.72204062606244,72.8183684766399,70.61202405036792,68.23806161317079,65.80999940917785,63.355202890412414,60.87951441550027,58.38880722754379,55.8890093630246,53.38614544537697,50.88640895441566,48.39628551449651
41.43286593029146,43.48657081430908,45.48694440771919,47.45129287873729,49.398005785401615,51.3460685071351,53.31480209269199,55.32372124802686,57.39245504561599,59.5208839485114,61.6296510441514,63.61959576093862,65.39157466098285,66.88824089569647,68.21938642560254,69.53659478674626,70.99145450442718,72.66942383931254,74.39142970741327,75.93785184612247,77.19141978673315,78.05272027061014,78.3914171415846,78.09977950616657,77.19141978673315,75.72546995369575,73.82179560858006,71.61544708646804,69.24147716942542,66.8134016600046,64.35858153352683,61.8828510478844,59.39206897684562,56.89213759276663,54.389035857773365,51.88887684549046,49.398005785401615
42.4277790101781,44.484696257868265,46.48702972716359,48.45259663892839,50.4000789760544,52.34863336765707,54.31768351231027,56.326807064611216,58.395672551440356,60.5241850676386,62.633003014186414,64.62297763336719,66.39497376957938,67.89164997697996,69.22280190531112,70.54001493356904,71.99487840077884,73.67285075538616,75.39485871934477,76.94128214833526,78.19485084528979,79.05615173578565,79.39484874583303,79.10321099131997,78.19485084528979,76.72890010471852,74.82522401687635,72.61887224388289,70.24489639004858,67.81681031999616,65.36197145573291,62.88620762510952,60.39536611603627,57.895328746980226,55.392038223175945,52.89154375101654,50.4000789760544
43.424437892118576,45.48391209065603,47.487803898680156,49.45433898232973,51.4024324571472,53.35137726703972,55.32067873852617,57.329964550942194,59.39893457175032,61.52751345664069,63.63637176536068,65.62637011873775,67.39837993554755,68.89506405837056,70.2262210651792,71.5434377977518,72.99830424097861,74.67627899234864,76.39828861979441,77.9447130728834,79.1982823701491,80.0595835833788,80.39828070380855,80.10664285476965,79.1982823701491,77.73233090926692,75.82865343821952,73.62229908499276,71.24831851910216,68.82022406700375,66.3653703303413,63.88958003313235,61.398691345985526,58.89856985002466,56.39512946361103,53.894368670923654,51.4024324571472
44.422486804608965,46.48399507075244,48.489125491303625,50.45642970425569,52.405008517045104,54.35426331538744,56.323764311568,58.33317892891178,60.40223192605552,62.5308634908167,64.63975383613536,66.62977102776657,68.4017917030263,69.89848210838446,71.22964314601114,72.5468628187152,74.001731624017,75.67970827770381,77.40171922546254,78.94814449137999,80.2017142651134,81.0630157344973,81.40171294253764,81.11007501847348,80.2017142651134,78.73576223251956,76.83208366362001,74.62572726245637,72.25174295659048,69.82364185161555,67.36877631059035,64.89296500642484,62.402038872709326,59.90185060103883,57.39829125546828,54.89731904254219,52.405008517045104
45.42164176031114,47.48476738295639,49.490882000720305,51.458797107698544,53.407761308546924,55.35726221626237,57.32692160457137,59.336438466418855,61.405557326750866,63.534230705446376,65.64314647893667,67.63317862275844,69.40520791647162,70.90190330831916,72.23306754522575,73.55028955152312,75.00516023161057,76.68313839517033,78.40515039086361,79.95157630192409,81.2051464538304,82.06644812652416,82.40514540410109,82.1135074204893,81.2051464538304,79.7391939674684,77.83551452720206,75.62915650058707,73.25516922629231,70.82706284089912,68.37218793066205,65.89635995300353,63.4054040971034,60.90516282290815,58.401509051122616,55.90036900769418,53.407761308546924
46.521676337353185,48.58608749821984,50.59298397404361,52.56138422267105,54.51065441657134,56.460350706408576,58.430135829079234,60.43973384998162,62.50890498900199,64.63761155663188,66.74654751292044,68.73659152446643,70.50862765871118,72.00532700836183,73.33649378454959,74.65371764302711,76.10858981113643,77.78656917308507,79.50858200052548,81.05500842363668,82.3085788756992,83.16988070976016,83.50857804252837,83.21694001165358,82.3085788756992,80.84262602918099,78.93894589730982,76.73258658057148,74.3585969502277,71.93048637374703,69.47560402710931,66.9997628155264,64.50878336859408,62.0085000246234,59.504771301491274,57.00349803442927,54.51065441657134
47.52241017842969,49.58784283403139,51.595360312659594,53.56414579167884,55.513658921973956,57.4635103150504,59.433395244772655,61.44305768640923,63.512270320968014,65.64100323142395,67.74995520709048,69.74000863815792,71.51205020177429,73.00875269275039,74.33992148437392,75.65714681293156,77.11202016208676,78.79000047519855,80.51201396279767,82.05844079232405,83.31201148262082,84.17331344475906,84.51201082133258,84.22037275294512,83.31201148262082,81.84605835024628,79.94237766944764,77.73601732873661,75.36202582839212,72.93391192543251,70.47902367648678,68.00317196102769,65.51217378955394,63.01185705374493,60.5080688384071,58.006689821296305,55.513658921973956
48.52369972531092,50.589943875218054,52.59795452259371,54.56704586836025,56.51675186122978,58.46672637769041,60.43669053164494,62.446404107044486,64.51564967784097,66.6444034970852,68.75336818751705,70.74342909492825,72.51547496786371,74.01217995212096,75.34335034340128,76.66057683876463,78.11545112531797,79.7934321933692,81.515446204937,83.0618733570355,84.31544423641898,85.17674630021222,85.51544371155408,85.22380561339278,84.31544423641898,82.84949087716004,80.94580976067715,78.73944860723776,76.36545562267054,73.93733907947622,71.48244614584476,69.0065860933885,66.51557306003053,64.0152298204495,61.51139438404873,59.009931426528226,56.51675186122978
49.525430777639095,51.592319473589555,53.60072172483662,55.57005590601585,57.519915001632,59.46998725244174,61.44001429132486,63.44976845350419,65.51904016657032,67.64781058142898,69.75678536368805,71.74685220511788,73.51890149837732,75.0156084615591,76.34678012249063,77.66400754394977,79.11888257451737,80.79686424176494,82.5188786692072,84.0653060773314,85.31887710679314,86.18017925127006,86.51887669020755,86.22723856841476,85.31887710679314,83.85292356745592,81.94924210517003,79.7428803066673,77.36888614407039,74.94076750531616,72.48587085343414,70.01000418385779,67.51897935448481,65.01861507843503,62.51474216134892,60.0132125761605,57.519915001632
50.52751253155144,52.5949130957346,54.60362627385521,56.57315323699656,58.523133867746935,60.473283697451876,62.443360651042696,64.45314702815818,66.52243949083653,68.65122307783099,70.76020587004871,72.75027742133787,74.52232942931978,76.01903796317877,77.35021063183487,78.66743878833762,80.12231440943029,81.80029655226062,83.5223113097828,85.06873892111483,86.3223100696938,87.18361227820938,87.52230973904958,87.23067159850044,86.3223100696938,84.85635638742826,82.9526746506783,80.74631234018821,78.37231724258763,75.94419694058377,73.48929733751606,71.01342541590216,68.52239122394417,66.0220102509792,63.51810758463266,61.01652511443311,58.523133867746935
51.62987281311541,53.69767983128723,55.706639861985835,57.67631986360006,59.626396967816206,61.576608376398625,63.54672494915049,65.55653689602597,67.62584582798428,69.75463986982818,71.86362901959846,73.85370430912162,75.62575847178618,77.12246825229485,78.45364172078355,79.77087046069144,81.2257465504845,82.90372907078532,84.62574409029214,86.17217186291037,87.42574310603277,88.28704536537589,88.62574284360025,88.33410468816419,87.42574310603277,85.95978931032496,84.05610735573265,81.84974463887772,79.47574879916371,77.0476271770361,74.59272523160557,72.11684914143042,69.62580751833232,67.1254132928539,64.62148701398661,62.11986256729041,59.626396967816206
52.63245427295129,54.700584009791555,56.709740011471055,58.679541497021546,60.62969517918735,62.57995546577189,64.55010348542642,66.55993572750525,68.62925773132984,70.75806007126783,72.86705426705872,74.8571325236303,76.6291883964714,78.1258991664481,79.45707326976506,80.77430247272225,82.2291789345233,83.90716175442272,85.62917698186702,87.17560488249822,88.42917620065977,89.29047850034476,89.62917599236695,89.3375378251151,88.42917620065977,86.96322231491278,85.05954018741882,82.85317714803182,80.47918071930164,78.05105804939006,75.59615424482168,73.120274846047,70.62922732481667,68.12882258070857,65.62487756024541,63.12321979575135,60.62969517918735
53.73521135189982,55.80359730378052,57.8129088754322,59.782806793696764,61.73302126017447,63.683320343028285,65.65349332283283,67.66334167352221,69.73267405261369,71.86148297880025,73.97048117963793,75.96056179116385,77.73261902137533,79.22933057669424,80.56050518387516,81.87773475435507,83.33261151141915,85.01059456911025,86.73260996159468,88.27903796382984,89.53260934155003,90.39391167325437,90.7326091762279,90.44097099959788,89.53260934155003,88.06665538433887,86.16297311961279,83.95660982423179,81.58261292799898,79.15448942646006,76.69958414629092,74.22370212147258,71.73264991887118,69.23223682605646,66.72827693017358,64.22659272067675,61.73302126017447
54.83810786382659,56.90669721976491,58.91613228484047,60.88610674863702,62.83636946239754,64.78669933898783,66.75689213013449,68.76675326642359,70.83609388044536,72.96490803417046,75.0739094138269,77.06399189448534,78.83605020204392,80.33276238068996,81.66393738778822,82.98116724997128,84.43604424138587,86.11402748781242,87.83604301128923,89.38247109416753,90.63604251915946,91.49734487627757,91.8360423879432,91.54440420386973,90.63604251915946,89.17008850522713,87.26640613157983,85.06004263301627,82.68604536572622,80.25792120412379,77.80301475276826,75.32713064365365,72.8360747254327,70.33565500620435,67.83168330356375,65.32997810424537,62.83636946239754
55.94111507150926,58.00986589837078,60.01939899124005,61.98943421357259,63.93973522295468,65.89008954125359,67.86029805696135,69.87016934130554,71.93951649144333,74.0683347942872,76.17733869698068,78.16742266117313,79.93948182382363,81.4361944972051,82.76736982171818,84.08459991542622,85.53947709284503,87.217460489071,88.93947611651662,90.48590426340141,91.73947572591291,92.60077810320196,92.93947562176652,92.64783743178513,91.73947572591291,90.27352166696099,88.36983920686282,86.16347554703312,83.78947798523467,81.36135329973925,78.90644591881167,76.4305601553874,73.93950128806914,71.43907630942715,68.93509523567528,66.43337337646688,63.93973522295468
57.04421015594491,59.11308916064637,61.12270006515658,63.09278351428458,65.04311492001017,66.99348863814947,68.96370963463139,70.97358897356648,73.04294131145292,75.17176290746627,77.28076881269999,79.27085395437575,81.04291379571373,82.53962686176723,83.8708024382127,85.18803271568234,86.6429100407328,88.32089355585468,90.04290926582037,91.58933746350718,92.84290895579801,93.70421134909674,94.04290887313694,93.7512706784665,92.84290895579801,91.37695486111399,89.47327233239974,87.266908544573,84.89291074902299,82.46478564771326,80.00987752898331,77.53399045253101,75.04292924450758,72.54250009145,70.0385115797909,67.53677649745673,65.04311492001017
58.437181136942755,60.554931644641144,62.63838097069551,64.70557418584143,66.77309965923358,68.85461077228126,70.95968574182314,73.09344846686862,75.25739101568507,77.43975220163611,79.58374051063659,81.62453581177377,83.50156216514515,85.19188100185461,86.78987408240494,88.40527791375271,90.12718771934968,91.98252550718055,93.81770135974358,95.4815588329557,96.98280020608102,98.29072872523363,98.93467085947574,98.43253831569572,96.98280020608102,94.92949263945519,92.50207388611273,89.87885078961419,87.21037799219147,84.60257001927646,82.04588665920896,79.5153038108862,76.99417670235123,74.46949052192625,71.9299040201247,69.36610067675731,66.77309965923358
56.1897654990637,58.25844825738649,60.26794002706754,62.23794963717545,64.18823450348275,66.13857851870613,68.1087804059531,70.11864741253913,72.18799180747976,74.31680836132895,76.42581120047697,78.41589453930982,80.18795334151034,81.68466580634419,83.01584099705624,84.33307099316876,85.78794809218054,87.46593142526102,89.18794700888029,90.73437512878422,91.98794657547995,92.84924894426626,93.1879464599227,92.8963082724317,91.98794657547995,90.52199253550529,88.61831011184907,86.41194651999845,84.03794908234518,81.60982461768826,79.15491762860654,76.67903256252953,74.18797493835552,71.68755217673548,69.18357505322999,66.68186021675153,64.18823450348275
54.38396722484208,56.45224516560825,58.46149115631172,60.43134842378356,62.381537267166294,64.3318199959006,66.3019824540867,68.31182401442464,70.38115201998039,72.50995816983729,74.61895468241158,76.60903430124463,78.38109095927874,79.87780218354945,81.20897657833478,82.52620599389152,83.98108262649231,85.65906558394624,87.3810809068607,88.92750886626641,90.18108021888062,91.04238253708773,91.38108003544491,91.0894418627681,90.18108021888062,88.715126291794,86.81144408491588,84.60508089744494,82.23108419828017,79.80296104730013,77.3480563891464,74.8721754712942,72.38112524204985,69.88071566850184,67.37676204312922,64.87508898115769,62.381537267166294
53.24266483022559,55.333194624073116,57.37552038083817,59.388982267331556,61.392317897826956,63.40289981981127,65.43604561207235,67.50464243037453,69.61941934615894,71.77418056769835,73.90022396742721,75.9151280671947,77.73902813841167,79.3330200226342,80.80179387526813,82.27762942632697,83.87886303384403,85.65629340591431,87.44269117051661,89.05669335569661,90.45531872718198,91.58679071580634,92.11639148706632,91.6925693731641,90.45531872718198,88.65097208368783,86.46203958255028,84.0398701736801,81.51944987252523,79.004431151524,76.5011271842464,73.99947509014382,71.49432077912377,68.98255443032164,66.46198646941583,63.93151639747191,61.392317897826956
51.87461922371195,53.94123617195437,55.94947333008943,57.91870514057436,59.868499695269406,61.81853074655997,63.78853127683962,65.79826833012717,67.86752902326816,69.99629244248679,72.10526297069035,74.09532731072798,75.86737516220458,77.3640812912027,78.69525241693337,80.01247944801192,81.46735416495247,83.14533557961866,84.86734983175586,86.41377713195664,87.66734809815534,88.52865020862139,88.86734763592641,88.57570952409506,87.66734809815534,86.20139463472717,84.29771331820885,82.091351791622,79.71735812560424,77.28924037019922,74.83434528568586,72.3584814054519,69.86746154850871,67.36710614008012,64.86324902249999,62.36174752355194,59.868499695269406
51.22970500649694,53.30466894041878,55.32318515778256,57.30499481263122,59.269688894086386,61.23648930022718,63.22403319117994,65.25023131689908,67.33231455346035,69.46845001338599,71.5822763747832,73.57940306104204,75.36625905370228,76.89107681126337,78.26277384665083,79.62784337257517,81.12795505516186,82.83727864918336,84.57984691898822,86.14807024742339,87.44920644782452,88.40197179568551,88.80758460945802,88.46941012821202,87.44920644782452,85.87393808112914,83.8825303545861,81.61242043341025,79.19643158666625,76.74386124026326,74.27548873116693,71.79247499939244,69.29752400571239,66.7939659338583,64.2854085698949,61.775783665895446,59.269688894086386
39.45121161282685,41.49583154948303,43.490649722197375,45.451539576542366,47.39606648891866,49.34273157014105,51.310564970251846,53.318902756733564,55.38726193324331,57.515452955722935,59.62407537157236,61.613935007740906,63.385864865074296,64.88250272378833,66.2136300476659,67.5308251289746,68.98567417768328,70.66363492017565,72.38563482465605,73.93205329195253,75.1856190804333,76.04691840730077,76.38561488255138,76.09397758601119,75.1856190804333,73.7196718297275,71.8160024434267,69.609663171466,67.23571014707198,64.80766468683362,62.35289787609034,59.87726226671617,57.38664930740299,54.88701944725662,52.38445474042864,49.885249755065345,47.39606648891866
40.441190547916904,42.49086738641043,44.48878015163332,46.451597480004,48.39734298922302,50.34478733656165,52.31312270131649,54.32178469724931,56.3903527972451,58.518676488062326,60.62737959488055,62.617286682858634,64.38924389285239,65.88589757781513,67.21703505583079,68.53423754377928,69.98909254296328,71.66705807775159,73.38906130836651,74.93548182334845,76.18904881215363,77.05034878432927,77.38904548029014,77.09740799474488,76.18904881215363,74.72310012118365,72.81942796916493,70.61308353805,68.2391210920087,65.8110588722835,63.35626232560449,60.88057380101961,58.389866524523896,55.89006850213943,53.3872043033233,50.8874673128582,48.39734298922302
41.43391536564066,43.48762404193147,45.48799995039907,47.45234986119789,49.399063677274015,51.34712698021042,53.31586094000657,55.32478033699603,57.3935142902848,59.52194329204086,61.630710447805654,63.62065519994901,65.39263412037315,66.8893003668784,68.22044590434996,69.53765427101209,70.99251399312644,72.67048333158232,74.39248920216119,75.93891134239601,77.19247928390101,78.05377976825878,78.39247663939767,78.10083900383884,77.19247928390101,75.72652944979053,73.82285510261426,71.61650657665837,69.2425366525961,66.81446113068841,64.35964098205518,61.883910456986115,59.39312831566936,56.893196806278866,54.390094848078434,51.88993543920141,49.399063677274015
42.42883050614138,44.4857507733586,46.48808608378172,48.453654139743264,50.401137199250044,52.34969205239054,54.318742494174785,56.32786623831683,58.396731848740885,60.52524444341117,62.63406243768242,64.62403708492621,66.39603323731427,67.89270945407402,69.22386138840994,70.54107442104782,71.99593789177652,73.67391024921776,75.39591821514327,76.94234164534467,78.195910343009,79.05721123388645,79.39590824406437,79.10427048943953,78.195910343009,76.72995960158603,74.82628351210838,72.61993173606402,70.2459558766582,67.81786979669484,65.36303091484652,62.8872670529293,60.39642548807366,57.896388019549164,55.39309731855778,52.89260253153462,50.401137199250044
43.42549102936161,45.48496763057199,47.48886090221559,49.45539689492472,51.40349094346206,53.352436119826635,55.321737827207386,57.3310237919128,59.399993910828385,61.528572858006015,63.63743120460559,65.62742958025687,67.39943940990564,68.89612354015712,70.22728055173178,71.54449728778079,72.99936373380052,74.67733848741986,76.39934811642678,77.94577257047686,79.19934186830591,80.0606430818385,80.39934020237185,80.10770235324424,79.19934186830591,77.73339040674776,75.82971293440225,73.62335857875402,71.24937800844125,68.82128354847649,66.3664297978566,63.89063947580917,61.3997507443861,58.89962916947161,56.39618864240717,53.895427599757596,51.40349094346206
44.42354124818836,46.48505142517347,48.49018300886196,50.457487943909115,52.40606721229098,54.355322301596445,56.324823485045016,58.33423822327674,60.40329129829479,62.5319229124959,64.64081328788052,66.63083049719111,68.40285118264129,69.89954159389546,71.23070263530497,72.54792231076829,74.00279111828681,75.68076777375892,77.40277872275672,78.949203989437,80.20277376361756,81.06407523324185,81.40277244136442,81.11113451722984,80.20277376361756,78.73682173048718,76.83314316055731,74.62678675747172,72.25280244809599,69.8247013368775,67.36983578477415,64.894024460894,62.40309829203531,59.90290995769584,57.39935050047977,54.898378089124094,52.40606721229098
45.42269724303958,47.48582438474584,49.49193992661489,51.4598556070824,53.40882016968017,55.358321308392505,57.32798084536054,59.337497803166784,61.40661672531168,63.535290143249256,65.64420594060353,67.63423809845764,69.40626740025908,70.90296279678631,72.23412703669536,73.55134904518272,75.00621972702962,76.68419789200635,78.4062098886831,79.95263580034901,81.20620595261025,82.06750762549478,82.406204903137,82.11456691946933,81.20620595261025,79.74025346582239,77.83657402473833,75.63021599659785,73.2562287195173,70.82812232916858,68.37324741013872,65.89741941683243,63.406463533038476,60.90622220910065,58.402568348695155,55.90142814775132,53.40882016968017
46.52273264631386,48.587145014391034,50.594042224259425,52.56244292829386,54.5117134094065,56.46140988262344,58.43119512330017,60.44079322037135,62.509964408455176,64.6386710072325,66.74760698246226,68.73765100514586,70.5096871458103,72.00638649917525,73.33755327774608,74.65477713796182,76.1096493074676,77.7876286705409,79.50964149876188,81.05606792235363,82.30963837469785,83.17094020891025,83.50963754173023,83.2179995108111,82.30963837469785,80.84368552784164,78.9400053953214,76.7336460773723,74.35965644481746,71.93154586440355,69.47666351078695,67.00082228678427,64.50984281771217,62.00955943425943,59.50583064078526,57.00455724868951,54.5117134094065
47.52346714409268,49.58890075882415,51.59641882043093,53.56520466105084,55.514718019364324,57.46456955801287,59.43445458140627,61.44411708350199,63.513329757004044,65.64206269218235,67.75101468288275,69.74106812279021,71.51310969150191,73.00981218542609,74.34098097894105,75.6582063088783,77.1130796591419,78.79105997314633,80.513073461365,82.05950029127278,83.31307098179312,84.17437294405156,84.5130703206662,84.22143225224355,83.31307098179312,81.84711784915032,79.94343716783654,77.73707682616454,75.36308532406508,72.93497141798366,70.48008316349873,68.00423143818202,65.51323324913564,63.01291648198881,60.50912821081775,58.00774909445897,55.514718019364324
48.52475721278039,50.59100212455882,52.59901323487627,54.568104867736125,56.51781104162035,58.467785673636484,60.43774990194393,62.44746352533241,64.5167091270392,66.64546296590595,68.75442766827035,70.74448858269793,72.5165344596776,74.01323944627472,75.34440983905628,76.66163633551466,78.11651062294771,79.79449169170746,81.516505703767,83.0629328561682,84.31650373572913,85.17780579961777,85.51650321099228,85.22486511280303,84.31650373572913,82.85055037625727,80.94686925936549,78.7405081051634,76.36651511920327,73.93839857353115,71.48350563550322,69.00764557522288,66.51663252791734,64.01628926346294,61.51245378274558,59.01099074644648,56.51781104162035
49.52648867963356,51.59337798066603,53.60178059949607,55.57111500859861,57.52097424790915,59.47104659044467,61.44107368834558,63.450827888615336,65.52009962621563,67.64887005664897,69.75784484837897,71.74791169537775,73.51996099184709,75.01666795688604,76.34783961900911,77.66506704133734,79.11994207260318,80.79792374041307,82.51993816824563,84.06636557661011,85.3199366062127,86.18123875076533,86.51993618972874,86.22829806791376,85.3199366062127,83.85398306670646,81.95030160409604,79.74393980498797,77.36994564128548,74.94182700056464,72.48693034519312,70.01106366940675,67.52003882896348,65.01967453317135,62.515801580910065,60.01427193319161,57.52097424790915
50.528570762785996,52.59597180746542,54.604685277428786,56.574212421508975,58.524193166324125,60.47434306883778,62.444420069273434,64.45420647662229,66.52349895877381,68.65228255813005,70.76126535786494,72.75133691357419,74.5233889241038,76.02009745943684,77.35127012903865,78.66849828623126,80.12337390787809,81.80135605115476,83.52337080898667,85.06979842050941,86.32336956920017,87.18467177777586,87.52336923863663,87.23173109806987,86.32336956920017,84.85741588680051,82.95373414979298,80.7473718388224,78.37337674034433,75.94525643677957,73.49035683094223,71.01448490439944,68.52345070365487,66.02306971502018,63.51916702075438,61.01758450092257,58.524193166324125
51.63093130581392,53.69873870550866,55.70769896790094,57.6773791131491,59.627456307907636,61.57766777428209,63.54778438421623,65.5575963550886,67.626905302503,69.75569935415857,71.86468850989526,73.85476380292666,75.62681796761332,77.12352774929195,78.45470121853128,79.77192995898668,81.2268060492196,82.90478856987465,84.62680358962736,86.17323136239696,87.42680260560806,88.2881048649989,88.62680234323959,88.33516418778954,87.42680260560806,85.96084880979382,84.05716685499706,81.85080413776076,79.47680829735032,77.0486866739838,74.59378472635501,72.11790863226778,69.62686700219572,67.12647276428008,64.62254646325285,62.120921977162126,59.627456307907636
52.633512973265866,54.70164301301736,56.71079919862878,58.68060079819591,60.63075455223098,62.58101488468742,64.55116293385451,66.56099519498007,68.63031721107234,70.75911955879788,72.86811375932433,74.85819201868047,76.63024789312651,78.12695866403178,79.45813276794452,80.77536197133628,82.23023843348643,83.90822125366702,85.63023648130647,87.17666438205781,88.43023570028978,89.29153800001262,89.63023549204777,89.33859732478484,88.43023570028978,86.96428181445827,85.06059968680208,82.85423664711234,80.48024021782942,78.05211754693453,75.59721374062138,73.12133433874166,70.63028681197609,68.12988205799648,65.62593701994469,63.12427922418233,60.63075455223098
53.73627021705735,55.804656409419536,57.8139681270811,59.783866135849735,61.73408065937373,63.68437977863756,65.65455278186687,67.66440114767389,69.73373353650233,71.86254246886992,73.97154067346622,75.96162128720222,77.73367851868757,79.23039007474351,80.56156468239729,81.87879425322211,83.33367101056328,85.01165406847758,86.73366946111685,88.28009746344736,89.53366884122346,90.39497117295784,90.73366867594166,90.44203049930283,89.53366884122346,88.0677148839452,86.16403261909036,83.95766932346913,81.58367242679758,79.15554892447817,76.70064364292422,74.22476161564143,71.73370940864666,69.23329630799687,66.72933639815372,64.22765216383868,61.73408065937373
54.83916685985662,56.907756406703456,58.91719158768163,60.88716612331699,62.83742888235747,64.78775878784734,66.75795159758661,68.76781274587475,70.83715336762481,72.96596752625584,75.0749689088955,77.06505139130809,78.83710969987773,80.33382187910874,81.66499688658232,82.98222674903913,84.43710374067368,86.11508698727732,87.83710251087709,89.38353059383107,90.63710201886735,91.4984043760093,91.83710188768309,91.54546370360264,90.63710201886735,89.17114800488179,87.26746563113227,85.06110213237801,82.68710486473975,80.25898070251787,77.80407425006322,75.32819013899254,72.83713421728456,70.3367144918375,67.83274277811651,65.33103755909956,62.83742888235747
55.94217417143588,58.01092514984569,60.02045833471607,61.99049361407069,63.940794659392935,65.89114900063004,67.86135753109502,69.87122882496294,71.94057598123472,74.06939428797244,76.17839819303373,78.16848215861845,79.94054132207141,81.43725399591717,82.76842932072813,84.08565941465346,85.54053659224681,87.21851998861338,88.94053561615657,90.48696376310144,91.74053522564816,92.60183760295612,92.94053512152713,92.64889693154024,91.74053522564816,90.27458116665397,88.37089870647469,86.16453504649363,83.79053748441879,81.3624127984317,78.90750541663174,76.43161965165496,73.94056078156905,71.44013579799122,68.93615471544477,66.43443284060137,63.940794659392935
57.04526933834883,59.11414846334944,61.123759440886715,63.09384293527543,65.04417436952764,66.99454810587338,68.96476911406825,70.97464846056239,73.0440008033174,75.17282240242132,77.28182830953438,79.27191345231518,81.04397329429008,82.54068636071209,83.87186193739399,85.18909221503608,86.6439695402251,88.32195305545855,90.04396876550169,91.59039696323617,92.84396845555494,93.70527084886871,94.04396837291404,93.75233017823919,92.84396845555494,91.3780143608374,89.47433183205877,87.26796804411187,84.89397024834253,82.46584514664258,80.0109370272202,77.53504994953568,75.04398873931552,72.54355958234038,70.03957106370098,67.53783596895715,65.04417436952764
58.4383214382396,60.55607756093586,62.6395353033421,64.70673939571272,66.77427768830046,68.8558027477781,70.9608916296209,73.09466676139701,75.25861854823843,77.44098487445353,79.58497650805926,81.6257765818416,83.50281263957154,85.19314877195193,86.79116445958626,88.40659196457807,90.12852163482364,91.9838719569266,93.81905554352693,95.48292083230396,96.98417801234751,98.29213285440963,98.9360914831897,98.43394768952865,96.98417801234751,94.9308314397527,92.50337316480092,89.88011502151159,87.21161535873284,84.60379007545913,82.04709658826363,79.5165081989583,76.99537801536704,74.47068933934908,71.93109915039146,69.36728930556136,66.77427768830046
56.19082455519195,58.259507481656215,60.268999353414216,62.239009026790185,64.18929393297478,66.1396379736493,68.10983987727025,70.11970689442347,72.18905129617012,74.3178678543398,76.42687069611506,78.41695403649271,80.1890128395836,81.68572530493263,83.01690049597522,84.33413049232881,85.78900759153427,87.46699092477074,89.18900650849828,90.73543462846887,91.98900607520366,92.85030844401098,93.1890059596746,92.89736777217743,91.98900607520366,90.52305203518213,88.61936961143587,86.41300601941734,84.0390085814574,81.61088411625497,79.15597712620526,76.68009205840563,74.18903443116074,71.68861166406407,69.18463453080044,66.68291967697407,64.18929393297478
54.38502602050653,56.453304228074245,58.46255038077447,60.432407748662285,62.38259665533991,64.33287942447285,66.30304190864994,68.3128834857618,70.38221150212127,72.51101765883644,74.62001417558116,76.61009379686644,78.38215045631395,79.87886168140247,81.21003607671244,82.5272654926519,83.98214212556015,85.6601250832617,87.382140406348,88.9285683658595,90.18213971853575,91.04344203677618,91.38213953514477,91.09050136245821,90.18213971853575,88.7161857913747,86.81250358435366,84.60614039661618,82.23214369696461,79.80402054511859,77.3491158854283,74.87323496484163,72.38218473072257,69.88177514848107,67.37782150761869,64.87614841810998,62.38259665533991
53.24375955685829,55.33429203555343,57.37662188048637,59.39008916716821,61.39343133715987,63.40402059851989,65.43717395704545,67.50577773920718,69.62055997859142,71.7753242151395,73.90136958546569,75.91627654282843,77.74018253116625,79.33418533046694,80.8029742106896,82.27882650305473,83.88007502580876,85.65751524948725,87.44391927277368,89.05792792789924,90.45656685236364,91.58806290837431,92.11767980520574,91.69384660144533,90.45656685236364,88.65218787304657,86.46322608713314,84.04103320894575,81.52059630683522,79.00556746627683,76.50225777467406,74.00060260735304,71.49544660834576,68.98367889872435,66.46310894198535,63.93263539301185,61.39343133715987
51.87567695093064,53.94229457037129,55.95053213629551,57.91976419964948,59.86955891377215,61.81959006683414,63.78959066259607,65.7993277581467,67.86858847850965,69.99735191500929,72.10632245372145,74.09638679993816,75.86843465497634,77.36514078603508,78.69631191308787,80.01353894513075,81.46841366284605,83.14639507813617,84.86840933070641,86.41483663117378,87.66840759752878,88.52970970807885,88.8684071354126,88.57676902355665,87.66840759752878,86.20245413391308,84.29877281703469,82.09241128977615,79.71841762253169,77.29029986494459,74.83540477655941,72.35954088943504,69.86852102020868,67.3681655898748,64.86430843326603,62.36280686493842,59.86955891377215
51.2307737996464,53.305738477781745,55.324255838667256,57.30606702344441,59.27076298783885,61.23756554772295,63.22511170517298,65.25131195964013,67.33339685193063,69.46953326072189,71.58336024671411,73.58048784498567,75.36734575010912,76.89216712286654,78.26386932979878,79.62894489946135,81.12906223579346,82.838389712542,84.58096051343267,86.14918651294032,87.45032849626162,88.40310478776735,88.80872546328024,88.47054552742377,87.45032849626162,85.87504674399597,83.88362802909751,81.61350998277628,79.19751571835224,76.74494219395663,74.27656792702919,71.79355326309788,69.29860176081313,66.79504328066746,64.28648532066846,61.77685938611543,59.27076298783885
39.45416436831438,41.498801176308575,43.49362968317082,45.454525977873615,47.39905696347385,49.345724650031315,51.31355972861671,53.321898599296134,55.39025847451538,57.518449940699355,59.62707262642334,61.61693242129894,63.388862370116655,64.88550028176378,66.21662763960337,67.53382274568473,68.98867181429577,70.66663257281675,72.38863248842196,73.93505096256729,75.18861675506272,76.04991608408855,76.3886125600774,76.09697526290503,75.18861675506272,73.72266949953973,71.81900010398851,69.61266081477214,67.23870775886594,64.81066224257293,62.35589533237382,59.88025954601936,57.38964627125809,54.89001584870243,52.387450140293836,49.88824337593417,47.39905696347385
40.44415246206135,42.493842758868254,44.491763752216684,46.45458620252393,48.40033494878237,50.3477813656598,52.31611806331189,54.3247809200557,56.39334957473169,58.52167361776205,60.63037693879659,62.62028415274666,64.39224143535384,65.8888951623305,67.22003266730225,68.53723517491304,69.99209018989364,71.67005573740398,73.39205897684869,74.93847949726657,76.19204648925823,77.05334646314697,77.39204315969374,77.10040567364673,76.19204648925823,74.7260977944648,72.822425635104,70.61608119029319,68.24211871924044,65.814056455024,63.35925982940489,60.88357116434449,58.39286363745799,55.893065168627274,53.390200174660635,50.890461771587695,48.40033494878237
41.4368845895587,43.49060399055134,45.49098644607744,47.45534042861658,49.402056816532195,51.35012176312402,53.318856781277105,55.327776861670856,57.396511255281496,59.52494053661751,61.63370786241643,63.62365271454769,65.39563169260654,66.89229797245885,68.2234435313257,69.54065191359396,70.99551164824618,72.67348099679955,74.3954868743867,75.94190901893604,77.19547696297013,78.0567774486876,78.39547432029151,78.10383668433444,77.19547696297013,75.729527125825,73.82585277282129,71.61950423599492,69.24553429208092,66.81745873486011,64.36263852357087,61.88690788700242,59.39612554693808,56.8961936831641,54.393091093729126,51.89293056327528,49.402056816532195
42.431805557563735,44.488734364112936,46.49107488130096,48.45664617308117,50.404131275498244,52.35268743387812,54.321738715955405,56.33086300262809,58.39972896258115,60.52824177917198,62.63705990840603,64.62703463501268,66.39903083314636,67.89570707637404,69.2268590276916,70.54407207271615,71.99893555339621,73.67690791885188,75.39891589033985,76.94533932396567,78.19890802363737,79.06020891559399,79.39890592614103,79.1072681712001,78.19890802363737,76.73295727980579,74.82928118570288,72.6229294010306,70.24895352586837,67.82086741787673,65.36602848629752,62.89026453588073,60.3994228132713,57.89938506344795,55.396093861367746,52.89559818390316,50.404131275498244
43.4284707223854,45.48795411843389,47.49185152923448,49.45839009278687,51.40648576381739,53.355431976573044,55.32473435106789,57.33402074645093,59.402991142816404,61.53157026614366,63.64042871986749,65.63042715851063,67.4024370244683,68.8991211757276,70.2302782007807,71.54749494666106,73.00236140057925,74.68033616055965,76.40234579398151,77.94877025074956,79.20233955017187,80.063640764561,80.4023378853873,80.11070003600881,79.20233955017187,77.73638808670198,75.83271061068542,73.62635624818918,71.2523756653705,68.82428118315951,66.36942739306767,63.89363700077655,61.40274814413934,58.90262634594238,56.39918542111461,53.898423671566576,51.40648576381739
44.42652463557618,46.48804021647922,48.493175089550775,50.46048206670024,52.40906262350788,54.358318535663386,56.327820248709855,58.33723532881521,60.406288624063365,62.53492037808158,64.6438108384934,66.63382809780165,68.40584881207056,69.90253923999882,71.2337002921062,72.55091997537271,74.00578878916028,75.68376544968116,77.40577640218314,78.95220167102067,80.20577144646577,81.06707291676992,81.405770125125,81.11413220079129,80.20577144646577,78.73981941181808,76.83614083897447,74.62978443045358,72.25580011115187,69.82769898227644,67.3728333988439,64.89702201921031,62.40609575096603,59.905907239397436,57.402347466445576,54.901374493926795,52.40906262350788
45.4256835691735,47.48881500682703,49.494933162088614,51.462850464397135,53.4118160500302,55.36131784200663,57.33097779938552,59.340495028565115,61.40961412551812,63.53828765443305,65.64720351927511,67.637235716813,69.40926504148808,70.90596045124965,72.23712469964963,73.55434671433044,75.00921740115308,76.68719557013705,78.40920756959504,79.95563348297318,81.20920363623809,82.07050530966225,82.40920258748899,82.11756460366325,81.20920363623809,79.74325114824593,77.83957170484922,75.63321367239476,73.25922638743592,70.83111998307282,68.37624503917678,65.90041700161834,63.409461038940066,60.909219574329256,58.4055654633047,55.904424816904026,53.4118160500302
46.5257213090565,48.59013709115699,50.59703637692125,52.565438368856974,54.514709662212354,56.46440665403097,58.434192228431314,60.443790540909376,62.51296186774562,64.64166855460851,66.75060458340442,68.74064863758542,70.51268479640487,72.00938416027392,73.34055094558407,74.65777481071555,76.1126469841706,77.79062635042445,79.51263918085291,81.05906560580365,82.31263605894449,83.17393789358516,83.51263522655162,83.22099719550704,82.31263605894449,80.8466832111324,78.94300307677665,76.73664375540352,74.36265411659565,71.9345435250585,69.47966115170544,67.00381989257944,64.5128403608956,62.01255686578678,59.50882787338389,57.00755412769013,54.514709662212354
47.52645766400731,49.59189399118189,51.599413701465636,53.56820056470022,55.51771456785447,57.467566518184015,59.43745180648129,61.44711447955672,63.51632726319113,65.64506026828477,67.7540123015013,69.74406576640854,71.51610734952995,73.01280985179127,74.34397865065526,75.66120398449414,77.11607733789228,78.7940576544211,80.51607114439186,82.06249797537828,83.3160686665309,84.17737062912926,84.51606800586015,84.22442993733793,83.3160686665309,81.85011553312944,79.94643485035877,77.74007450596909,75.36608299890665,72.93796908399665,70.48308081384684,68.00722906065246,65.51623082191036,63.01591396613961,60.512125537071,58.01074614003694,55.51771456785447
48.52774920837721,50.59399627474597,52.60200869427322,54.57110113903923,56.52080782483685,58.470782783646314,60.44074722222531,62.45046098132751,64.51970667044924,66.64846056480894,68.75742530091884,70.74748623518889,72.51953212360559,74.01623711681998,75.34740751384706,76.66463401340212,78.1195083033231,79.79748937408647,81.51950338753662,83.06593054079394,84.31950142085671,85.18080348501516,85.5195008964819,85.22786279821366,84.31950142085671,82.85354806078269,80.94986694273459,78.7435057863755,76.36951279647622,73.94139624379685,71.48650329333563,69.01064321092863,66.51963012417906,64.01928678938229,61.51545118333671,59.013987924250145,56.52080782483685
49.5294818475172,51.59637285973564,53.60477651809849,55.57411157177293,57.523971217454246,59.47404381939225,61.44407108419662,63.45382539218684,65.5230971991702,67.65186767364901,69.7608424921631,71.75090935491096,73.5229586604579,75.01966563074899,76.35083729624172,77.66806472102785,79.12293975426833,80.80092142366851,82.52293585260477,84.06936326164879,85.32293429164969,86.18423643641646,86.5229338754531,86.23129575357541,85.32293429164969,83.8569807516655,81.95329928813733,79.74693748731723,77.37294332048822,74.94482467420573,72.48992800896585,70.01406131561745,67.52303644386713,65.02267209224327,62.51879904050584,60.01726921595119,57.523971217454246
50.531564861768395,52.598967265302065,54.60768156060304,56.577209216382116,58.527190283774814,60.477340392192986,62.44741752510684,64.45720401795629,66.52649655517831,68.65528018949391,70.7642630104875,72.75433457869688,74.52638659643141,76.02309513593306,77.35426780820939,78.6714959673528,80.12637159056695,81.80435373510579,83.52636849381378,85.07279610587582,86.32636725488271,87.18766946362837,87.52636692454728,87.2347287839307,86.32636725488271,84.86041357210374,82.95673183436776,80.75036952203833,78.37637442107876,75.9482541130997,73.49335449942984,71.01748255894798,68.52644833335481,66.02606730040583,63.52216452718383,61.02058186699094,58.527190283774814
51.63392614422236,53.701734622872266,55.71069554049923,57.680376091947224,59.63045354276147,61.58066517257295,63.55078188765941,65.56059392639538,67.62990291751997,69.75869699692308,71.8676861695329,73.8577614724857,75.62981564289095,77.12652542787822,78.45769889924031,79.77492764124408,81.22980373272097,82.90778625437783,84.62980127482584,86.17622904802349,87.42980029148553,88.29110255101126,88.62980002929808,88.3381618738085,87.42980029148553,85.96384649537018,84.06016453999528,81.85380182168046,79.47980597930044,77.05168435243027,74.59678239858479,72.12090629343409,69.62986464363958,67.12947037055126,64.62554400685525,62.123919409356034,59.63045354276147
52.636508398817156,54.70463929520814,56.71379600098287,58.68359792299145,60.63375188027429,62.5840123424574,64.55416047508665,66.56399279007668,68.6333148408622,70.76211721061115,72.87111142452993,74.86118969176067,76.63324557074557,78.12995634427692,79.46113044987449,80.7783596544952,82.23323611763266,83.9112189386084,85.63323416679971,87.1796620678908,88.43323338632194,89.29453568615185,89.6332331782236,89.34159501092932,88.43323338632194,86.96727950025148,85.0635973721364,82.85723433159065,80.48323790074446,78.05511522706871,75.60021141582138,73.12433200516055,70.63328446274114,68.13287968084474,65.62893459305194,63.12727670886218,60.63375188027429
53.739266108788144,55.8076529812371,57.81696511181758,59.786863376533645,61.73707806138573,63.687377283617806,65.65755035309279,67.66739876165276,69.73673117801755,71.86554012786527,73.97453834309107,75.96461896307719,77.73667619816504,79.23338775630526,80.5645623652963,81.88179193709657,83.33666869522136,85.01465175376677,86.73666714684404,88.28309514944425,89.5366665273784,90.39796885919773,90.73666636221064,90.44502818554693,89.5366665273784,88.0707125699105,86.16703030469141,83.96066700839074,81.58667011047842,79.1585466059519,76.70364132048165,74.22775928622926,71.73670706681003,69.2362939440025,66.73233399467941,64.23064969017796,61.73707806138573
54.84216312169764,56.9107532084378,58.920188717190925,60.89016345598793,62.84042634308102,64.7907563302995,66.76094919261905,68.77081037484069,70.8401510184465,72.9689651909516,75.07796658202793,77.06804906940124,78.84010738083019,80.33681956171552,81.6679945702505,82.98522443348148,84.44010142573799,86.11808467284257,87.84010019678999,89.38652827995799,90.64009970511974,91.50140206232916,91.84009957402601,91.54846138992579,90.64009970511974,89.17414569098366,87.27046331694504,85.06409981765152,82.69010254902847,80.26197838505479,77.80707192949177,75.33118781288931,72.84013188131996,70.33971213828622,67.83574039322966,65.33403511850476,62.84042634308102
55.945170727098656,58.01392213409021,60.02345557914157,61.993491019755794,63.94379216671753,65.89414657282433,67.86435514502298,69.8742264658242,71.94357363944304,74.07239195719262,76.18139586895013,78.1714798384722,79.94353900419458,81.4402516793534,82.77142700500677,84.08865709954657,85.54353427763361,87.22151767439772,88.94353330221685,90.48996144933159,91.7435329119779,92.6048352893394,92.94353280792873,92.65189461792613,91.7435329119779,90.27757885286422,88.3738963924555,86.16753273204642,83.79353516918997,81.36541048181246,78.91050309754536,76.434617328178,73.94355845026513,71.44313345272866,68.93915234531099,66.43743042625157,63.94379216671753
57.048266127259126,59.11714559246822,61.12675677652754,63.09684039891448,65.04717191384054,66.9975457016744,68.96776674299375,70.97764611086505,73.04699846738853,75.17582007523256,77.28482598766043,79.27491113356635,81.04697097734247,82.54368404480664,83.87485962215715,85.19208990028696,86.6469672258678,88.32495074141681,90.04696645167895,91.59339464954827,92.84696614194608,93.70826853530231,94.0469660593622,93.75532786467491,92.84696614194608,91.38101204713368,89.47732951817294,87.27096572988634,84.89696793349663,82.46884283069309,80.0139347093126,77.53804762814323,75.0469864117108,72.54655724365664,70.0425687052768,67.54083357543831,65.04717191384054
58.441279597689274,60.559032973604715,62.642486598849146,64.70968537023937,66.7772173918715,68.85873562897831,70.96381770515686,73.09758676777781,75.26153403554514,77.44389784723847,79.5878878545098,81.62868559360507,83.50571690415163,85.19604457583978,86.794049204572,88.4094651289549,90.1313850818905,91.98672927253965,93.82190907584601,95.48577054145134,96.9870199891711,98.29496195479823,98.93891251492957,98.43677422438176,96.9870199891711,94.93369249728443,92.50625355536795,89.88301255621383,87.2145260354365,84.60670922007027,82.05002068688658,79.51943500813437,76.99830632880834,74.47361887359247,71.93403048833017,69.37022382390923,66.7772173918715
56.193820986991966,58.262504388963876,60.2719965493976,62.24200640169694,64.1922914206553,66.1426355333062,68.11283748323308,70.12270453027041,72.19204895126474,74.32086552165276,76.42986837085793,78.41995171560434,80.19201052121329,81.68872298801922,83.01989817999652,84.33712817703193,85.79200527678512,87.46998861046274,89.19200419449643,90.73843231465548,91.9920037615008,92.85330613036751,93.19200364605143,92.9003654585369,91.9920037615008,90.52604972134668,88.62236729734587,86.41600370485239,84.0420062660252,81.61388179927998,79.15897480649289,76.68308973382162,74.19203209789218,71.69160931530753,69.18763215444773,66.68591725156104,64.1922914206553
54.38802171570934,56.45630067779757,58.46554728862796,60.43540494049428,62.38559402617119,64.33587690955221,66.30603946723241,68.31588109178114,70.38520913869385,72.51401531480428,74.62301184334315,76.61309147156331,78.38514813500802,79.88185936240922,81.21303375920299,82.53026317622471,83.98513981000247,85.66312276840428,87.38513809197659,88.93156605178729,90.18513740463891,91.04643972297366,91.38513722137449,91.0934990486603,90.18513740463891,88.71918347726745,86.81550126984229,84.6091380813509,82.23514138032266,79.80701822602765,77.35211356199201,74.87623263367212,72.38518238576731,69.88477277894042,67.38081909427268,64.87914592688827,62.38559402617119
53.246740010882775,55.3372711761796,57.37959902122597,59.39306366619677,61.396402637143126,63.406988308169105,65.44013796537261,67.50873834090416,69.62351797605399,71.77828073770053,73.90432514403739,75.91923070350396,77.74313379726932,79.33713125707229,80.80591278602802,82.28175688881704,83.88299811529211,85.6604335197393,87.44683448139182,89.06083997154059,90.45947226614801,91.59095654888178,92.12056555742954,91.6967377785883,90.45947226614801,88.65510910491173,86.46616164461577,84.04398024725734,81.52355146609813,79.0085275758909,76.50522068455356,74.0035670206118,71.49841184734656,68.9866448034209,66.46607582301868,63.9356039749654,61.396402637143126
51.87866962454408,53.94528914214925,55.95352786131026,57.92276063978338,59.87255580477067,61.8225872456443,63.79258802659149,65.80232524166296,67.87158603901014,70.00034952438077,72.10932009281152,74.09938445650283,75.87143232161318,77.36813845849952,78.69930958929115,80.01653662406122,81.4714113439675,83.14939276102216,84.87140701481707,86.4178343160384,87.67140528283534,88.532707393623,88.87140482103803,88.57976670911248,87.67140528283534,86.20545181868934,84.30177050079263,82.09540897163447,79.72141530092097,77.29329753716283,74.8384024378281,72.36253853121755,69.87151862725412,67.37116313497172,64.86730586798909,62.365804103454664,59.87255580477067
51.23376694007077,53.308731254143794,55.32724805562917,57.30905849197974,59.27375353525825,61.2405550415519,63.22810009025362,65.25429930335834,67.33638338568268,69.47251933029844,71.58634601074512,73.58347316286937,75.37033013243541,76.89514973667644,78.26684941374417,79.6319220268764,81.13203659746033,82.8413621748239,84.58393173753721,86.1521564303881,87.4532955847753,88.40606652278862,88.81168335244192,88.47350608490845,87.4532955847753,85.87802038057048,83.88660704105175,81.61649296946457,79.2005013553137,76.74792938556007,74.27955597854617,71.79654177061677,69.30159051713643,66.79803223672303,64.28947456829881,61.77984913788258,59.27375353525825
39.45651851518349,41.50116876594655,43.49600550681962,45.45690693303324,47.401441164066085,49.3481109264799,51.315947342424565,53.3242870769604,55.392647508890335,57.520839328604495,59.629462229356335,61.619322150684866,63.391252172394516,64.88789012621712,66.21901751111662,67.53621263693606,68.99106172140465,70.66902249269677,72.39102241716591,73.93744089676815,75.1910066924624,76.0523060232079,76.39100249978492,76.09936520210888,75.1910066924624,73.72505943310117,71.82139003017951,69.61505072721437,67.24109764620019,64.81305208524455,62.3582850958021,59.88264916843512,57.392035642334406,54.892404771668055,52.38983826523008,49.89063008341867,47.401441164066085
40.44651390638989,42.49621492649793,44.494142475814364,46.45696900714341,48.40272033258364,50.35016839840946,52.31850615807461,54.327169700686824,56.39573879731523,58.524063120978326,60.6327666126939,62.6226739270146,64.39463126747796,65.89128502793002,67.22242255437956,68.53962507765667,69.99448010522354,71.67244566287037,73.39444890935042,74.94086943409945,76.19443642863001,77.05573640388366,77.39443310089727,77.1027956144505,76.19443642863001,74.72848773079019,72.82481556557943,70.61847110985617,68.24450861887502,65.81644631920935,63.36164963069321,60.88596085370618,58.395253127315925,55.89545430277039,53.39258867525179,50.892849146654946,48.40272033258364
41.43925185816853,43.492979804357105,45.49336747641029,47.45772470319983,49.404443140283405,51.352509396491584,53.3212452579119,55.33016588282162,57.39890062726741,59.52733013136424,61.636097592641164,63.6260425244397,65.39802154842016,66.89468785484237,68.22583343075637,69.54304182545911,70.9979015701011,72.67587092669987,74.39787680987095,75.944298957858,77.1978669039072,78.05916739070798,78.39786426268245,78.10622662640807,77.1978669039072,75.73191706434412,73.8282427066973,71.62189416120967,69.2479242014784,66.81984861612119,64.36502835490955,61.88929762950178,59.39851513108144,56.89858298494548,54.395479892561895,51.8953184684692,49.404443140283405
42.43417746939976,44.49111307987911,46.493457745677816,48.45903161566709,50.40651834581567,52.35507554417161,54.32412749576923,56.33325221471392,58.402118453161094,60.53063144657145,62.639449683339734,64.62942447318028,66.4014207077627,67.8980969720792,69.2292489369272,70.5464619918211,72.0013254804301,73.67929785227142,75.40130582819138,76.9477292645457,78.20129796581679,79.06259885863327,79.40129586947438,79.10965811428161,78.20129796581679,76.73534722006609,74.83167112227795,72.62531933073119,70.25134344301472,67.823257312691,65.36841834148774,62.8926543205572,60.40181247225436,57.901774498300654,55.39848289696809,52.89798651002653,50.40651834581567
43.43084633253851,45.49033514253881,47.49423585130549,49.46077646323202,51.408873427017426,53.35782046553855,55.327123371569854,57.33641011010374,59.40538072753287,61.53395999121079,63.64281853028794,65.63281701912108,67.40482691400857,68.90151108200627,70.23266811779857,71.54988487151229,73.0047513317237,74.6827260967724,76.40473573371195,77.9511601926456,79.20472949333735,80.06603070840895,80.40472782946867,80.1130899798903,79.20472949333735,77.73877802834426,75.83510054940271,73.62874618145017,71.25476558866714,68.82667108873108,66.3718172671892,63.89602681893007,61.40513786252603,58.90501588642442,56.40157464467089,53.90081233188752,51.408873427017426
44.42890318930517,46.49042307590533,48.495560569864516,50.46286917410172,52.41145075748882,54.36070732526659,56.330209460280656,58.339624812780514,60.40867828350133,62.53731014892155,64.64620067708044,66.6362179762253,68.40823871345609,69.90492915466973,71.23609021530089,72.55330990478475,74.00817872356727,75.68615538811088,77.40816634340484,78.95459161396124,80.20816139041389,81.06946286125972,81.40816006980006,81.11652214530771,80.20816139041389,78.74220935455722,76.83853077939204,74.63217436654051,72.25819003933009,69.83008889638612,67.37522328799145,64.89941186393523,62.408485516503546,59.908296863724175,57.404736839203636,54.9037634195671,52.41145075748882
45.428064464417886,47.491199324963816,49.49731956250157,51.46523815704533,53.41420455780238,55.363706870279984,57.3333671626295,59.34288460803114,61.41200384426591,63.54067746160422,65.64959338021848,67.63962560937516,69.41165495227531,70.90835037258154,72.2395146277469,73.55673664736243,75.01160733814957,76.6895855103264,78.41159751200038,79.95802342674278,81.21159358080739,82.07289525466149,82.41159253263527,82.11995454868361,81.21159358080739,79.74564109185567,77.84196164661634,75.63560361072462,73.26161631948861,70.83350990395928,68.37863494025058,65.90280686743341,63.41185084190252,60.91160926520777,58.407954954497555,55.9068139531704,53.41420455780238
46.52810406604708,48.5925225683451,50.59942350812284,52.56782652622009,54.517098466746134,56.4667958717709,58.4365817120721,60.446180196179796,62.51535163356971,64.64405839061652,66.75299446209229,68.74303854136949,70.51507471465425,72.0117740868927,73.34294087757252,74.66016474662071,76.11503692322239,77.7930162920104,79.51502912419772,81.06145555023127,82.31502600400682,83.17632783898873,83.51502517207192,83.22338714092739,82.31502600400682,80.84907315543313,78.9453930196149,76.73903369551361,74.36504405172354,71.93693345132368,69.48205106224526,67.00620977513405,64.51523019356308,62.014946609490096,59.51121745858687,57.009943431156984,54.517098466746134
47.52884190074066,49.59428038911213,51.60180141301319,53.57058909103661,55.52010360798059,57.46995588632505,59.439841385689704,61.44950419499655,63.51871706638106,65.64745012718112,67.75640219427319,69.74645567909947,71.51849727370211,73.01519978260623,74.34636858573214,75.66359392267972,77.11846727857537,78.79644759711556,80.51846108848231,82.06488792032816,83.31845861198457,84.17976057485374,84.51845795167728,84.22681988307573,83.31845861198457,81.85250547797861,79.94882479404714,77.74246444749215,75.36847293647529,72.94035901453097,70.48547073189987,68.00961895649343,65.51862067815526,63.01830375177168,60.51451519689513,58.013135576227555,55.52010360798059
48.5301346208921,50.59638340397578,52.6043968666426,54.573489958311086,56.52319705198582,58.47317227117428,60.44313687729125,62.45285074452599,64.52209650329728,66.65085044187208,68.75981520486934,70.74987615494928,72.52192205247866,74.01862705096545,75.34979745137525,76.66702395339772,78.12189824530094,79.79987931766073,81.5218933322189,83.06832048615834,84.32189136662096,85.18319343099438,85.52189084253467,85.23025274420345,84.32189136662096,82.85593800606716,80.95225688709775,78.74589572902002,76.37190273598213,73.9437861777196,71.48889321735192,69.01303311731509,66.52201999913773,64.02167660829429,61.517840902391015,59.01637746579418,56.52319705198582
49.531868194076324,51.598760569717456,53.60716505634903,55.576500623598946,57.52636059306417,59.476433401686165,61.44646079947415,63.456215193292735,65.52548705555841,67.65425756513133,69.76323240498616,71.75329928028236,73.52534859306212,75.02205556753792,76.35322723571551,77.67045466246,79.12532969727383,80.80331136794109,82.52532579775678,84.0717532073422,85.32532423766045,86.18662638259784,86.52532382169284,86.23368569976518,85.32532423766045,83.85937069729547,81.95568923303605,79.74932743085188,77.37533326153175,74.94721461081788,72.49231793771523,70.01645123037393,67.5254263336791,65.02506193757023,62.52118880657325,60.01965884112089,57.52636059306417
50.53395195019977,52.601355436428236,54.61007038933346,56.57959845281874,58.52957977723145,60.47973004970805,62.4498072881765,64.45959384915018,66.52888643025072,68.65767009242086,70.76665293035273,72.75672450852181,74.52877653199704,76.0254850748201,77.35665774922742,78.67388590992519,80.12876153438808,81.80674367993262,83.52875843933859,85.07518605183037,86.32875720108916,87.19005940997023,87.52875687093542,87.23711873027924,86.32875720108916,84.86280351800792,82.95912177969154,80.75275946627946,78.37876436334268,75.95064405184644,73.49574443193586,71.01987248034777,68.528838234956,66.02845716669873,63.52455433056687,61.02297155853854,58.52957977723145
51.63631382180655,53.704123160135765,55.71308459983398,57.682765474929695,59.63284312976134,61.58305488979444,63.55317168866307,65.56298378147068,67.63229280742225,69.76108690893372,71.87007609498758,73.86015140584541,75.63220558080704,77.12891536843054,78.46008884148401,79.77731758472146,81.23219367718947,82.91017619964452,84.63219122064659,86.1786189941853,87.43219023784725,88.29349249748047,88.63218997580404,88.340551820283,87.43219023784725,85.96623644149203,84.06255448565646,81.85619176648233,79.48219592253298,77.05407429287123,74.5991723340725,72.12329622010674,69.63225455459795,67.13186025348514,64.62793383985657,62.12630915359044,59.63284312976134
52.63889654421932,54.707028123154956,56.716185243380096,58.685987422300244,60.63614154152471,62.58640210707004,64.5565503061994,66.56638266410701,68.63570474253505,70.7645071298316,72.87350135442094,74.86357962792594,76.63563551052724,78.13234628615095,79.46352039309097,80.78074959869087,82.23562606261498,83.91360888422429,85.63562411285531,87.1820520142171,88.43562333280693,89.29692563272214,89.63562312482308,89.3439849575038,88.43562333280693,86.96966944654605,85.06598731806534,82.85962427683756,80.4856278447458,78.05750516885438,75.6026013536756,73.12672193601827,70.63567438112639,68.13526957698673,65.63132444956183,63.12966649491581,60.63614154152471
53.74165462562817,55.81004203994978,57.819354499531556,59.78925296817873,61.73946778157212,63.689767085846185,65.65994020810368,67.66978865072791,69.7391210890328,71.86793005280816,73.97692827650323,75.96700890146923,77.73906613942741,79.23577769922841,80.56695230928491,81.88418188186235,83.33905864061154,85.01704169965977,86.73905709308607,88.2854850959011,89.53905647396121,90.40035880584827,90.73905630888433,90.44741813220078,89.53905647396121,88.07310251634219,86.1694202508329,83.96305695399091,81.58906005508999,79.16093654880486,76.70603126021425,74.2301492204087,71.73909699109001,69.23868385062788,66.73472386984837,64.23303950942453,61.73946778157212
54.84455193343035,56.91314245034121,58.922578220255474,60.89255312092547,62.84281611004701,64.79314616238433,66.76333906659826,68.77320027585705,70.8425409368769,72.9713551204364,75.08035651823482,77.07043900956069,78.84249732326782,80.33920950547129,81.67038451485195,82.98761437869977,84.44249137145187,86.12047461895554,87.84249014317996,89.38891822651851,90.64248965178021,91.50379200904337,91.84248952075859,91.55085133664261,90.64248965178021,89.17653563752415,87.27285326325523,85.06648976353205,82.69249249412434,80.26436832875484,77.80946187071518,75.3335777497052,72.84252181027864,70.34210205323232,67.83813028320857,65.33642496409728,62.84281611004701
55.94755977293971,58.016311521412206,60.025845173767834,61.99588074286882,63.9461819708138,65.89653642860677,67.86674503405754,69.87661637631842,71.94596356375885,74.07478189028237,76.1837858073752,78.17386978003441,79.94592894756502,81.44264162377002,82.77381695009461,84.09104704512403,85.54592422360437,87.22390762068527,88.94592324872423,90.49235139597435,91.74592285869998,92.60722523610414,92.94592275470806,92.65428456469297,91.74592285869998,90.27996879949112,88.37628633889958,86.16992267814948,83.79592511467024,81.36780042618489,78.9128930399521,76.43700726708646,73.94594838293726,71.44552337427899,68.94154224704468,66.43982029275526,63.9461819708138
57.05065535894474,59.11953509522161,61.1291464438314,63.099230168203405,65.04956174740795,66.999935576266,68.97015664397792,70.98003602888187,73.0493883963756,75.17821001118355,77.28721592784608,79.27730107624194,81.04936092145326,82.54607398974778,83.87724956763105,85.19447984614945,86.64935717204247,88.32734068784292,90.04935639827956,91.59578459625632,92.84935608871709,93.71065848210718,94.04935600617864,93.75771781148143,92.84935608871709,91.38340199382912,89.47971946472329,87.27335567616603,84.89935787928201,82.47123277559916,80.01632465265845,77.54043756871252,75.04937634733034,72.54894717044876,70.04495861634034,67.54322345853949,65.04956174740795
58.44368444085977,60.561438851930134,62.64489402877352,64.71209480543673,66.77962919035295,68.86114999855366,70.96623463953252,73.10000598939314,75.26395496023333,77.44631971955795,79.59031033973542,81.63110895868937,83.50814205827761,85.1984729184977,86.79648171493994,88.41190200365283,90.13382561871126,91.98917212009894,93.82435334920243,95.48821625563428,96.98946861741264,98.29741543575193,98.94136903670072,98.43922867220392,96.98946861741264,94.93613393464028,92.50868770676448,89.88544024658948,87.21694877306531,84.60912876645482,82.05243836628726,79.52185166602834,77.00072241980088,74.47603450451032,71.93644543950282,69.37263757650521,66.77962919035295
56.196209934142914,58.26489371498489,60.27438610542667,62.24439610028672,64.19468120909977,66.14502537909925,68.11522736592127,70.1250944367694,72.19443887309963,74.32325545322291,76.43225830834795,78.42234165657523,80.19440046419051,81.69111293215724,83.02228812487934,84.33951812245795,85.79439522264761,87.47237855667669,89.19439414095434,90.74082226126357,91.99439370819691,92.85569607711096,93.19439359281107,92.90275540528265,91.99439370819691,90.52843966793716,88.62475724373351,86.41839365086165,84.04439621134344,81.616271743369,79.16136474840081,76.68547967184796,74.19442202899899,71.69399923407396,69.19002205122635,66.68830710924993,64.19468120909977
54.39041007596178,56.45868963922928,58.467936615083886,60.43779449321565,62.387983721513734,64.33826669592415,66.30842931216938,68.31827097451438,70.38759904577097,72.51640523733496,74.62540177527102,76.6154814090167,78.38753807564626,79.88424930489012,81.21542370286612,82.53265312075018,83.98752975522072,85.66551271418047,87.38752803814003,88.93395599818913,90.1875273511805,91.04882966959036,91.38752716801689,91.0958889952807,90.1875273511805,88.72157342364133,86.81789121589419,84.61152802680216,82.237531324677,79.8094081684307,77.35450350093281,74.87862256645133,72.38757230756246,69.88716268114669,67.38320896157617,64.88153573214278,62.387983721513734
53.24913645210992,55.33966811237387,57.381996711097415,59.39546235162368,61.39880252816306,63.409389552243866,65.44254060432993,67.51114226368693,69.62592288027112,71.78068619775067,73.90673096737768,75.92163705365712,77.74554123827494,79.33954071032937,80.80832500969755,82.28417219882928,83.8854161750001,85.6628533956376,87.44925551110752,89.06326219402038,90.46189698718037,91.5933857068409,92.12299768820473,91.69916786490232,90.46189698718037,88.65752786468725,86.46857500560102,84.04638928155491,81.5259574399224,79.0109316841205,76.50762373747271,74.00596950696635,71.50081402251138,68.98904672771118,66.4684773793661,63.93800489030312,61.39880252816306
51.88105557728308,53.94767660729019,55.95591624531596,57.9251495935745,59.87494511779708,61.82497678799028,63.794977716487466,65.80471502678947,67.87397588547532,70.00273940978491,72.1117100018945,74.10177437950901,75.8738222526446,77.37052839417413,78.70169952794481,80.0189265648878,81.47380128653981,83.15178270500036,84.87379695977108,86.42022426159312,87.6737952287422,88.53509733971917,88.87379476719893,88.58215665521796,87.6737952287422,86.20784176417368,84.30416044546558,82.09779891479388,79.72380524131634,77.2956874726413,74.84079236458231,72.36492844244577,69.8739085108049,67.37355296916381,64.86969561423868,62.36819369337263,59.87494511779708
51.23615860030762,53.311123051580864,55.329640063881314,57.311450782283345,59.27614617269293,61.24294807604197,63.230493542585904,65.25669314813788,67.33877753570566,69.47491365525036,71.5887404508448,73.58586777110395,75.37272509324379,76.89754536396734,78.26924599443926,79.63431972176933,81.1344353346534,82.8437616278196,84.58633165715283,86.15455684243086,87.45569706293155,88.4084700184658,88.81408829747343,88.47591002435311,87.45569706293155,85.88041939102199,83.88900402573728,81.61888845623261,79.20289584330077,76.7503232876655,74.28194955658505,71.79893517680705,69.30398382956243,66.80042547387804,64.29186769557113,61.78224207516624,59.27614617269293
39.458284396786986,41.50294472636753,43.49778764072543,45.45869291430088,47.40322957860003,49.34990089738755,51.317738316016914,53.326078698228514,55.39443954755181,57.52263163232486,59.6312546942936,61.62111471043008,63.393044786790355,64.88968277223395,66.2208101774216,67.53800531803967,68.99285441439744,70.67081519526468,72.39281512637953,73.93923361007312,75.19279940816563,76.05409874020052,76.39279521721849,76.10115791916482,75.19279940816563,73.72685214592676,71.82318273747909,69.61684342420583,67.24289032436698,64.81484472992558,62.36007768107052,59.88444164797957,57.39382793343738,54.89419672680047,52.391629622040625,49.89242037749544,47.40322957860003
40.44828525932547,42.49799431929028,44.495926783964364,46.4587563750458,48.40450963422897,50.35195893635367,52.32029749226258,54.328961549104065,56.39753097708591,58.52585551115311,60.63455913083658,62.62446652041004,64.39642390425098,65.8930776898012,67.22421523235369,68.5414177673766,69.99627280438,71.67423836962668,73.39624162138142,74.94266214937778,76.19622914581186,77.05752912208888,77.3962258194525,77.10458833270599,76.19622914581186,74.73028044568801,72.82660827609128,70.62026381218641,68.246301306264,65.81823898002027,63.36344224434713,60.887753383443254,58.39704550747528,55.89724641623293,53.39438031370932,50.894639941251626,48.40450963422897
41.441027577896875,43.494761930883065,45.495153514039174,47.45951317320859,49.406233146656206,51.3543003847488,53.32303687840819,55.33195791156828,57.40069291905235,59.52912259016385,61.63789015301525,63.627835144544235,65.39981420295439,66.89648052929734,68.22762611799241,69.54483452201788,70.99969427414973,72.6776636367805,74.39966952413815,75.94609167470256,77.1996596222626,78.06096010987562,78.39965698212791,78.10801934561562,77.1996596222626,75.73370978088668,73.83003541975869,71.62368686777731,69.24971689618704,66.82164128973463,64.3668209910937,61.89109019907879,59.4003075819312,56.90037522409463,54.39727175462582,51.89710966052809,49.406233146656206
42.43595667040978,44.49289738215743,46.49524515838337,48.46082096138622,50.4083089119263,52.35686689000376,54.32591934357373,56.33504438661396,58.4039108338618,60.53242395984239,62.64124227723434,64.63121711448444,66.40321337639422,67.89988965652205,69.2310416315145,70.5482546938079,72.00311818836161,73.68109056499057,75.40309854423343,76.94952198263343,78.20309068510366,79.06439157856481,79.4030885896264,79.11145083424485,78.20309068510366,76.73713993791412,74.83346383736293,72.62711204066207,70.25313614353308,67.8250499964659,65.37021099555454,62.89444692175641,60.4036049792151,57.9035668372199,55.40027493654827,52.899778017676965,50.4083089119263
43.432628306375285,45.49212117549828,47.49602435691821,49.462566504613584,51.410664437641515,53.35961209527977,55.328915399830066,57.33820239564096,59.40717317881233,61.535752547718005,63.64461115078868,65.63460967725172,67.4066195938293,68.90330377437661,70.2344608182206,71.55167757780734,73.00654404273709,74.68451881158578,76.40652845116267,77.95295291171999,79.20652221336353,80.06782342894681,80.40652055018154,80.11488270045328,79.20652221336353,77.74057074722842,75.83689326609387,73.63053889405049,71.2565582937967,68.82846378057124,66.37360993544976,63.89781944522865,61.4069304140246,58.90680830453914,56.40336682517086,53.902604090102315,51.410664437641515
44.43068737009577,46.492210484899054,48.49734994387009,50.464659768016105,52.413242121080614,54.36249918041065,56.332001631794526,58.34141718852189,60.410470790803146,62.539102739746895,64.64799331869906,66.63801064771135,68.41003140215781,69.90672185333213,71.237882920354,72.55510261449928,74.00997143702679,75.68794810458643,77.40995906197368,78.95638433381878,80.20995411102686,81.0712555822788,81.40995279095804,81.11831486634674,80.20995411102686,78.74400207426376,76.840323497358,74.63396708125956,72.25998274811954,69.83188159462776,67.37701596751772,64.90120451015571,62.41027810335336,59.91008934470136,57.406529131567495,54.905555376704854,52.413242121080614
45.429850400763996,47.49298782762687,49.4991096263515,51.46702918974816,53.41599620164388,55.365498904366774,57.33515944786018,59.34467705537406,61.41379639603517,63.5424700796688,65.6513860385987,67.64141829146155,69.41344764802594,70.910143076238,72.24130733647569,73.55852935979101,75.01340005355058,76.69137822812121,78.41339023145666,79.9598161472219,81.21338630188606,82.0746879760625,82.41338525414653,82.12174727010049,81.21338630188606,79.74743381221494,77.84375436559408,75.63739632712529,73.26340903118296,70.83530260728176,68.38042762871859,65.9045995294662,63.41364345681164,60.913401796082084,58.409747335657784,55.908606068224856,53.41599620164388
46.52989139823966,48.59431194000724,50.601214119881334,52.56961790734266,54.518890333084386,56.46858804791006,58.43837408757015,60.44797270035697,62.51714422063439,64.64585103030153,66.75478713377646,68.74483123186947,70.5168674159996,72.01356679451297,73.3447335892187,74.66195746120346,76.11682964016433,77.79480901085233,79.51682184435833,81.06324827120372,82.31681872545516,83.17812056069292,83.51681789386359,83.22517986264413,82.31681872545516,80.85086587631048,78.9471857393957,76.740826413249,74.36683676572352,71.93872615867889,69.48384375781038,67.00800244971731,64.51702283074351,62.016739179969775,59.51300991023109,57.011735671569824,54.518890333084386
47.530630342371445,49.59607045110063,51.60359245988582,53.572380748796604,55.52189565095398,57.471748175227305,59.4416338328395,61.451296744285685,63.52050968146074,65.64924278402661,67.75819487651684,69.74824837627739,71.52028997948804,73.01699249337261,74.3481612996939,75.66538663897222,77.12025999674034,78.7982403167886,80.52025380920196,82.06668064169219,83.3202513337263,84.18155329679854,84.52025067369152,84.22861260503049,83.3202513337263,81.8542981992671,79.95061751446536,77.7442571662869,75.37026565230525,72.94215172508697,70.48726343309798,68.0114116410381,65.52041333301284,63.02009635368738,60.516307704486465,58.0149279161499,55.52189565095398
48.53192394406547,50.59817401425597,52.60618825901611,54.5752818356992,56.52498923517939,58.47496464958675,60.444929381315134,62.4546433296221,64.5238891406131,66.6526431123381,68.76160789549414,70.75166885742749,72.52371476178911,74.02041976422888,75.35159016717486,76.66881667104725,78.12369096443668,79.80167203799337,81.52368605338228,83.07011320783315,84.32368408859557,85.18498615313014,85.52368356472554,85.23204546634713,84.32368408859557,82.85773072768205,80.95404960802188,78.7476884486556,76.37369545326456,73.94557889081605,71.490685923021,69.01482580976622,66.52381266802593,64.02346923516156,61.51963345439009,59.01816988470513,56.52498923517939
49.53365821754935,51.60055161541617,53.60895672304166,55.57829267534433,57.52815288756622,59.47822585114932,61.4482533486416,63.45800780680992,65.52727971052343,67.65605024640811,69.76502510226314,71.75509198696747,73.52714130516998,75.02384828278329,76.35501995297386,77.67224738118662,79.12712241718003,80.80510408879731,82.52711851927236,84.07354592926366,85.32711695981986,86.18841910488518,86.52711654402394,86.23547842205879,85.32711695981986,83.8611634191694,81.95748195436173,79.7511201511548,77.37712597996699,74.9490073259307,72.49411064693292,70.01824392910049,67.52721901370356,65.02685458424206,62.522981393820345,60.0214513227301,57.52815288756622
50.53574252989133,52.60314682786965,54.61186227381313,56.58139064297575,58.53137216008892,60.481522555568176,62.45159987317605,64.4613864852258,66.53067909922419,68.65946278227825,70.76844563290959,72.75851721854593,74.53056924632523,76.02727779163851,77.35845046764354,78.67567862950668,80.13055425490583,81.80853640120438,83.53055116113367,85.07697877394763,86.33054992339527,87.1918521323779,87.53054959337781,87.23891145269185,86.33054992339527,84.86459624008742,82.9609145013359,80.7545521871121,78.38055708269292,75.95243676855966,73.4975371439701,71.02166518405517,68.53063092381939,66.0302498290898,63.52634694579133,61.02476408991453,58.53137216008892
51.638104843215174,53.705914826088375,55.71487665720902,57.68455777495929,59.63463558275278,61.58484744041938,63.55496430210357,65.56477643545135,67.63408548751438,69.7628796056016,71.87186880173508,73.86194411851973,75.6339982968975,77.13070808649749,78.46188156081905,79.77911030498147,81.23398639819258,82.91196892124611,84.63398394266352,86.18041171645794,87.4339829602698,88.29528521998358,88.63398269833473,88.3423445427901,87.4339829602698,85.96802916373471,84.06434720755377,81.85798448773537,79.48398864260945,77.05586701085468,74.60096504834227,72.12508892776742,69.6340472504769,67.13365292835275,64.62972647728729,62.12810172446828,59.63463558275278
52.640687916374176,54.70882000704712,56.71797743800606,58.68777980954535,60.63793405018539,62.58819469322644,64.55834294221417,66.56817533229919,68.63749743145218,70.76629983190499,72.87529406449458,74.86537234270371,76.6374282280164,78.13413900520888,79.46531311315539,80.78254231948944,82.23741878400335,83.91540160608767,85.63741683504836,87.1838447366131,88.43741605532188,89.29871835530106,89.63741584742388,89.34577768008586,88.43741605532188,86.97146216891826,85.06778004016343,82.86141699842429,80.48742056539868,78.05929788784603,75.60439406971969,73.12851464681673,70.63746708257361,68.1370622617571,65.63311710461807,63.13145909714754,60.63793405018539
53.74344627626829,55.81183409685845,57.82114680310859,59.79104542465291,61.74126033441998,63.691559700204934,65.66173286203606,67.67158133019993,69.74091378495442,71.86972275917196,73.97872098921684,75.96880161791653,77.74085885802675,79.23757041907282,80.56874502992824,81.88597460308834,83.34085136230567,85.0188344217309,86.74084981541884,88.28727781839498,89.54084919654953,90.40215152848734,90.74084903154076,90.44921085484235,89.54084919654953,88.07489523881719,86.17121297309033,83.96484967584246,81.59085277620035,79.16272926859673,76.7078239776666,74.2319419336976,71.74088969695677,69.24047654325815,66.73651653889422,64.23483213654266,61.74126033441998
54.846343805166015,56.914934644596926,58.92437061031647,60.89434563235059,62.84460869796783,64.7949387991279,66.76513173475209,68.77499296428198,70.84433363835797,72.97314783020548,75.08214923304378,77.07223172733308,78.8442900427483,80.34100222594,81.6721772359547,82.98940710026503,84.44428409338866,86.12226734119159,87.84428286562368,89.39071094909008,90.64428237442672,91.50558473173018,91.84428224345919,91.55264405933141,90.64428237442672,89.17832836008077,87.27464598563914,85.06828248559384,82.69428521559783,80.26616104918185,77.81125458928531,75.33537046497075,72.84431451965327,70.34389475210105,67.83992296335816,65.33821761096823,62.84460869796783
55.949351820197876,58.018103824695345,60.02763763247715,61.99767329791092,63.94797458657298,65.89832908311762,67.86853771349914,69.87840907184935,71.9477562696525,74.07657460275425,76.18557852384725,78.17566249885854,79.94772166774484,81.44443434473423,82.77560967156207,84.09283976695855,85.54771694573381,87.22570034305221,88.947715971256,90.4941441186076,91.74771558139271,92.60901795882886,92.94771547744372,92.65607728741925,91.74771558139271,90.28176152211248,88.37807906138387,86.17171540037809,83.79771783643193,81.36959314711598,78.91468575940937,76.43879998392092,73.94774109509606,71.44731607809922,68.9433349360074,66.44161295530436,63.94797458657298
57.05244754553968,59.121327485049335,61.13093895703065,63.10102275786586,65.0513543852631,67.00172824487899,68.9719493323787,70.98182873005288,73.05118110577155,75.18000272580066,77.28900864563812,79.27909379590082,81.05115364218818,82.54786671110526,83.87904228938797,85.19627256819771,86.65114989432479,88.32913341031374,90.0511491208812,91.5975773189385,92.8511488114465,93.71245120486196,94.05114872894214,93.75951053423746,92.8511488114465,91.38519471650187,89.48151218728727,87.27514839852705,84.90115060127243,82.47302549693033,80.01811737281989,77.5422302867922,75.05116906169894,72.55073987819901,70.04675131229811,67.54501613353253,65.0513543852631
58.44549195494757,60.56324739387293,62.646704111372514,64.71390687916471,66.78144361069349,68.86296697184767,70.96805415952784,73.1018277804853,75.26577844237687,77.44814414264313,79.59213537139982,81.63293486400065,83.50996973999891,85.20030376623431,86.79831670094828,88.41374132315558,90.13566857445589,91.99101737024853,93.82620001506962,95.49006435214127,96.99131960737276,98.29927124410182,98.94322786435549,98.44108544058255,96.99131960737276,94.93797778455485,92.51052432220797,89.88727044665043,87.21877405535102,84.61095088002384,82.05425862604967,79.52367091149326,77.00254110236493,74.47785273024634,71.93826299029027,69.37445393717327,66.78144361069349
56.198001907408255,58.26668597230771,60.276178535197786,62.246188636942534,64.19647381312403,66.14681802612056,68.1170200406047,70.1268871293049,72.19623157713326,74.32504816455548,76.43405102411896,78.42413437495601,80.19619318407553,81.69290565291261,83.02408084619307,84.34131084417898,85.79618794469584,87.47417127898844,89.19618686344901,90.74261498387082,91.99618643087018,92.85748879981969,93.19618631553195,92.90454812799314,91.99618643087018,90.53023239053121,88.62654996617547,86.42018637301993,84.04618893298364,81.61806446408758,79.16315746748411,76.68727238802109,74.19621473998416,71.69579193580697,69.19181473647404,66.69009976519014,64.19647381312403
54.392201609200455,56.4604816232016,58.46972887273279,60.4395869205068,62.38977625573496,64.34005929839455,66.31022195854882,68.32006364923153,70.38939173873993,72.51819794189021,74.6271944868718,76.61727412476023,78.38933079377762,79.88604202440303,81.2172164232654,82.53444584179601,83.98932247678596,85.66730543616401,87.38932076041391,88.93574872064175,90.18932007373789,91.05062239220408,91.38931989064987,91.09768171789719,90.18932007373789,88.723366146073,86.81968393808445,84.6133207485421,82.2393240455945,79.81120088788526,77.35629621779154,74.88041527869042,72.38936501156624,69.88895537046375,67.38500162472491,64.88332834877038,62.38977625573496
53.2509356234868,55.34146777522932,57.38379712231789,59.397263751382226,61.4006051250161,63.411193492612966,65.44434592974707,67.5129488638772,69.62773045497508,71.78249432436795,73.90853945472313,75.92344606410018,77.74735133187701,79.34135280198966,80.81013985222646,82.28599010592418,83.88723681238568,85.66467583639448,87.45107909753716,89.0650869647939,90.46372423886602,91.59521736412054,92.12483229730185,91.70100044397982,90.46372423886602,88.65934919719936,86.47039097742149,84.04820095721095,81.52776607669057,79.01273846844992,76.50942947393287,74.00777468085661,71.502618887406,68.99085134350008,66.47028162980627,63.93980850425278,61.4006051250161
51.8828453054895,53.949467469419574,55.957707796363636,57.92694157181832,59.876737365377195,61.82676920750251,63.7967702466251,65.8065076283261,67.87576853300058,70.00453208650458,72.11350269636733,74.10356708442075,75.87561496357327,77.37232110858406,78.70349224458826,80.0207192831604,81.47559400612124,83.15357542563588,84.87558968113817,86.42201698341063,87.67558795082371,88.53689006194261,88.87558748947092,88.58394937744836,87.67558795082371,86.20963448593838,84.30595316662198,82.09959163481554,79.7255979592656,77.29748018690415,74.84258507230415,72.36672113852703,69.87570118613502,67.3753456074873,64.87148818662737,62.36998614855189,59.876737365377195
51.2379530243851,53.31291761189189,55.33143483352204,57.31324583198821,59.27794156708295,61.244743864689596,63.232289746131414,65.25848974136521,67.34057443202543,69.47671072526637,71.59053763519711,73.58766512240632,75.37452279463525,76.89934372714436,78.27104530430113,79.63612013797588,81.13623678581318,82.84556378973625,84.58813428239995,86.15635995663374,87.45750123573181,88.4102761945621,88.81589591270397,88.47771664108778,87.45750123573181,85.88222111351402,83.8908037367423,81.62068667987712,79.204693075203,76.75211993781477,74.28374588495139,71.8007313345357,69.3057798941875,66.80222146376255,64.29366357634721,61.78403776729239,59.27794156708295
39.461273156271915,41.5059505348906,43.500803892085514,45.46171567369476,47.406256453995816,49.35293040547056,51.32076952019197,53.329110997979484,55.39747255334423,57.5256650864774,59.63428842115239,61.624148597661105,63.39607876646559,64.89271680539767,66.22384424490366,67.54103941055432,68.99588852702323,70.67384932408729,72.39584926644366,73.94226775705792,75.19583355920727,76.05713289342312,76.39582937118706,76.10419207249461,75.19583355920727,73.72988629210059,71.82621687430549,69.61987754359554,67.24592441191382,64.81787876082967,62.36311161147529,59.887475399547114,57.39686136624698,54.89722959129941,52.39466147444844,49.89545043223552,47.406256453995816
40.45128327397181,42.50100593388987,44.498946713185475,46.4617814800083,48.40753801022017,50.354989403607924,52.323329306403195,54.331994233089034,56.40056422157147,58.5288891115475,60.63759294769491,62.627500464562075,64.39945792177832,65.89611174978326,67.22724931957467,68.54445187446618,69.99930692743195,71.67727250553409,73.3992757662113,74.94569629970061,76.19926329935458,77.06056327736266,77.39925997531834,77.10762248806483,76.19926329935458,74.7333145953672,72.82964241835137,70.62329794060689,68.2493354094106,65.82127303820884,63.366476222767375,60.890787219914074,58.4000790909281,55.90027954855505,53.397412642537006,50.89767084264655,48.40753801022017
41.44403297927242,43.49777816975971,45.498176368771226,47.46254014244293,49.40926271473029,51.35733161373024,53.32606917685354,55.334990900589304,57.40372635301553,59.5321563066405,61.640924041310086,63.63086913387603,65.40284825052562,66.8995146105655,68.2306602208804,69.5478686406757,71.00272840547694,72.68069777831118,74.40270367275062,75.9491258276748,77.20269377779047,78.06399426677746,78.40269113949965,78.11105350258495,77.20269377779047,75.73674393334807,73.8330695663315,71.62672100336559,69.25275101171533,66.82467536957927,64.36985500762493,61.894124102940765,59.40334128496029,56.90340856902182,54.400304461694816,51.90014123425024,49.40926271473029
42.438967960597566,44.49591730144623,46.498270339132816,48.46384941193051,50.411339426825485,52.3598987238411,54.32895202652219,56.33807761778594,58.406944418230296,60.53545776845992,62.64427622223073,64.63425113967637,66.40624744781177,67.9029237546852,69.23407574683749,70.55128882164752,72.006152326257,73.68412471098445,75.40613269584813,76.95255613770851,78.20612484220716,79.06742573675879,79.40612274819338,79.11448499249241,78.20612484220716,76.74017409258371,74.8364979873588,72.63014618193947,70.25617026888872,67.8280840934992,65.37324504233516,62.89748087910891,60.40663877715863,57.90660035091307,55.403307943894745,52.902810125238005,50.411339426825485
43.435644286969065,45.49514402233177,47.49905138637854,49.46559613190682,51.41369570445765,53.36264440936341,55.33194838802824,57.34123581903583,59.41020688256826,61.538786429471784,63.64764514079067,65.63764373090648,67.40965368417392,68.90633788594943,70.23749494341331,71.55471171293456,73.00957818584561,74.6875529611221,76.40956260516029,77.95598706846408,79.20955637171758,80.07085758816638,80.40955470969715,80.1179168597154,79.20955637171758,77.74360490365069,75.83992741880657,73.63357303984331,71.2595924269524,68.83149789124731,66.37664400623976,63.90085344503795,61.40996428730601,58.90984195219532,56.40640007089007,53.90563662150538,51.41369570445765
44.43370708388112,46.495235659369754,48.5003784422624,50.46769032994675,52.416273984959275,54.36553187577434,56.33503486231331,58.34445076450149,60.413504589323594,62.54213667955146,64.65102734442294,66.64104472395744,68.41306550752503,69.90975597554836,71.24091705338037,72.55813675541074,74.013005584273,75.69098225693443,77.41299321786258,78.95941849188758,80.21298827037347,81.0742897423124,81.4129869512266,81.12134902641408,80.21298827037347,78.74703623207711,76.84335765222707,74.63700123063632,72.26301688746616,69.8349157161322,67.38005005736426,64.90423854366384,62.41331203643314,59.913123098692495,57.40956256650995,54.90858824459593,52.416273984959275
45.43287308417061,47.49601485209766,49.502139291651105,51.47006049391159,53.41902853957883,55.3685319024209,57.33819287073652,59.34771075247116,61.41683026977452,63.545504065549906,65.65442009267568,67.64445238563864,69.41648176531669,70.91317720690193,72.24434147571968,73.5615635052934,75.0164342040809,76.69441238270082,78.41642438884669,79.96285030634212,81.21642046202052,82.07772213674218,82.41641941501271,82.12478143080695,81.21642046202052,79.7504679711324,77.84678852217468,75.64043047934663,73.26644317544336,70.83833673738073,68.38346173369047,65.90763358972166,63.416677437355105,60.9164356344766,58.41278092080361,55.91163920323979,53.41902853957883
46.53291644279708,48.59734043443551,50.60424471199618,52.572649800875496,54.52192304738361,56.47162128625277,58.441407663138165,60.45100649359199,62.520178154077655,64.64888505275458,66.75782121035766,68.74786534027855,70.51990154275417,72.01660093188187,73.34776773339763,74.66499161034969,76.11986379330122,77.79784316720318,79.51985600293983,81.06628243115847,82.31985288621487,83.18115472188538,83.51985205520408,83.22821402385787,82.31985288621487,80.85390003610429,78.95021989733476,76.74386056772806,74.369870913884,71.94176029559941,69.48687787478735,67.01103653120245,64.52005684896,62.01977308535865,59.516043614604015,57.01476901863461,54.52192304738361
47.53365726360294,49.59910011325156,51.606623788018176,53.575413110275406,55.52492866404023,57.47478160431429,59.4446675296099,61.45433061382977,63.523543662292695,65.65227683550748,67.76122897095992,69.75128249598251,71.52332411375406,73.02002663606328,74.35119544778969,75.66842079101059,77.12329415194614,78.80127447454527,80.52328796872911,82.06971480230926,83.32328549498229,84.18458745839803,84.5232848354085,84.23164676664686,83.32328549498229,81.8573323597565,79.9536516734826,77.74729132255797,75.37329980356122,72.94518586742174,70.4902975596035,68.01444573937347,65.52344738113106,63.02313031225182,60.51934150349669,58.01796143153986,55.52492866404023
48.53495235647246,50.60120460387018,52.609220171580446,54.57831456868979,56.52802248545498,58.47799823008464,60.447963174290834,62.45767725973545,64.52692315905855,66.65567718685875,68.76464200411434,70.75470298609832,72.52674890201702,74.02345391114346,75.3546243183795,76.67185082538111,78.12672512128452,79.80470619686587,81.52672021365998,83.07314736897594,84.32671825024545,85.18802031505267,85.52671772674131,85.23507962828305,84.32671825024545,82.86076488872348,80.95708376789486,78.75072260634894,76.3767296069774,73.94861303744813,71.49372005708935,69.01785992147578,66.52684673987758,64.02650323593281,61.52266732851817,59.021203533708174,56.52802248545498
49.536687814549374,51.603582941562784,53.61198909963042,55.581325703268845,57.53118632612552,59.48125955183288,61.45128721797984,63.46104178499883,65.53031375882341,67.6590843392157,69.7680592221358,71.75812612275448,73.53017545012986,75.02688243305036,76.35805410664597,77.67528153734241,79.13015657533117,80.80813824855542,82.53015268014579,84.07658009082371,85.33015112178241,86.1914532670641,86.53015070627687,86.23851258424835,85.33015112178241,83.864197580649,81.96051611491393,79.75415430997703,77.3801601356299,74.9520414759736,72.49714478700395,70.02127805142518,67.53025310439276,65.02988861851372,62.52601532757217,60.0244850777903,57.53118632612552
50.53877306776335,52.60617873885731,54.61489501879943,56.584423905030306,58.534405748105726,60.48455635164996,62.454633803126015,64.46442050157343,66.53371317122011,68.66249688960036,70.77147976171341,72.76155135998103,74.53360339504086,76.0303119445665,77.36148462327412,78.67871278710854,80.1335884140914,81.8115705616654,83.53358532247994,85.08001293583887,86.33358408560596,87.19488629476032,87.53358375581898,87.24194561508273,86.33358408560596,84.8676304019148,82.96394866242721,80.7575863468303,78.38359123990355,75.9554709213097,73.50057128880545,71.02469931480519,68.53366502946011,66.03328388995126,63.529380926868214,61.027797929157614,58.534405748105726
51.641136128273885,53.70894720142533,55.717909694656385,57.687591222868704,59.637669289404585,61.58788131222303,63.55799828016282,65.56781048208624,67.63711957831806,69.76591372444398,71.87490293762762,73.86497826443774,75.6370324485941,77.13374224153745,78.46491571800405,79.78214446373109,81.2370205581992,82.91500308226506,84.63701810438506,86.18344587861203,87.43701712267745,88.29831938252755,88.63701686092531,88.34537870534075,87.43701712267745,85.97106332583813,84.06738136907295,81.86101864816473,79.48702280104855,77.05890116575341,74.60399919695905,72.12812306520468,69.63708136798473,67.1366870103189,64.63276049592713,62.13113563053072,59.637669289404585
52.64371979473765,54.71185275103963,56.72101070762005,58.6908134049841,60.640967851004476,62.59122862513328,64.56137695845887,66.57120940297351,68.64053153718376,70.76933395989107,72.87832820601345,74.86840649217983,76.64046238207901,78.1371731619251,79.46834727157412,80.78557647915002,82.24045294466163,83.9184357675494,85.64045099706775,87.1868788989758,88.44045021788585,89.30175251797321,89.64045001013304,89.34881184276334,88.44045021788585,86.97449633124077,85.07081420202223,82.86445115941808,80.49045472481282,78.06233204445014,75.60742822133787,73.13154878956162,70.64050120950046,68.14009636047427,65.63615115307233,63.13449305624661,60.640967851004476
53.746478625703446,55.81486713351687,57.82418025701868,59.794079137195965,61.74429420998382,63.694593679817416,65.66476690858924,67.67461541995466,69.74394790253439,71.87275689441542,73.98175513520135,75.9718357702167,77.74389301396724,79.24060457711953,80.57177918932621,81.88900876347194,83.34388552348115,85.02186858354409,86.7438839776747,88.29031198092329,89.54388335923755,90.40518569126127,90.74388319434405,90.45224501762047,89.54388335923755,88.07792940131357,86.17424713521868,83.96788383728426,81.59388693638839,79.16576342655443,76.71085813166695,74.2349760806552,71.74392383135955,69.24351065527071,66.73955061101263,64.23786613773825,61.74429420998382
54.849376528595215,56.91796791358466,58.927404210518404,60.89737943784584,62.84764263285925,64.79797281660544,66.76816580536158,68.77802706918098,70.84736776534209,72.9761819712092,75.08518338257268,77.07526588187476,78.84732420017929,80.34403638504267,81.6752113961299,82.99244126122252,84.44731825497468,86.12530150328371,87.84731702806712,89.39374511174981,90.64731653721324,91.50861889458483,91.84731640633717,91.55567822218944,90.64731653721324,89.18136252271516,87.27768014798141,85.0713166473912,82.69731937640006,80.26919520821387,77.81428874517638,75.33840461527203,72.84734865998969,70.34692887466628,67.84295705425905,65.34125164557668,62.84764263285925
55.952384840532005,58.02113727810831,60.030671348801036,62.00070717718643,63.9510085685544,65.90136313064932,67.87157180320239,69.88144318876849,71.95079040410072,74.07960874832987,76.18861267618936,78.1786966551793,79.95075582635883,81.44746850467502,82.77864383235413,84.09587392837153,85.55075110764564,87.22873450536576,88.95075013384842,90.49717828137165,91.75074974425739,92.61205212174761,92.95074964038096,92.65911145034069,91.75074974425739,90.28479568485639,88.38111322389595,86.17474956245769,83.80075199772168,81.37262730700073,78.91771991680113,76.44183413687603,73.95077524014206,71.45035020904015,68.94636904181613,66.44464701643315,63.9510085685544
57.05548080156882,59.12436108485666,61.13397276552695,63.104056695703335,65.0543884046209,67.00476231626513,68.97498343723686,70.98486285651248,73.05421524614405,75.18303687500503,77.29204280021304,79.28212795363362,81.05418780174111,82.55090087171129,83.88207645066964,85.1993067299722,86.65418405649521,88.33216757280303,90.05418328359181,91.60061148178534,92.8541829743732,93.71548536783163,94.05418289192644,93.76254469720922,92.8541829743732,91.38822887933276,89.48454634993412,87.27818256083066,84.90418476294913,82.47605965749187,80.02115153140274,77.5452644418537,75.05420321048294,72.55377401578778,70.04978542993932,67.54805021571086,65.0543884046209
58.448483077492924,60.56623552547647,62.64968775983823,64.71688473366244,66.78441463679836,68.86593056912159,70.9710103461556,73.10477735844144,75.26872309953306,77.45108606174634,79.59507551959335,81.63587246996103,83.51290217676441,85.2032269901672,86.8012278828466,88.41663989491369,90.1385565650072,91.99389868423498,93.8290772094092,95.49293738340882,96.99418421886513,98.302121834345,98.9460696685725,98.44393323719146,96.99418421886513,94.94086317313233,92.51343076257635,89.89019555526488,87.22171347425942,84.61389951960298,82.05721266002767,79.52662789697756,77.0054997258349,74.48081268304031,71.94122490711676,69.37741931712623,66.78441463679836
56.201034802579926,58.26971934797653,60.27921220257129,62.249222485116746,64.19950777525526,66.14985206098335,68.12005412225926,70.12992124115715,72.19926570843509,74.3280823082039,76.43708517527517,78.42716853052681,80.19922734219085,81.6959398125001,83.0271150067251,84.34434500539994,85.7992221064703,87.47720544120868,89.1992210259786,90.74564914659092,91.99922059370189,92.86052296271144,93.19922047844422,92.90758229088783,91.99922059370189,90.53326655322898,88.62958412861599,86.42322053498056,84.04922309406788,81.62109862361288,79.16619162424328,76.69030653985752,74.1992488830449,71.69882606321724,69.19484883599861,66.69313381513966,64.19950777525526
54.39523376004527,56.46351453648467,58.47276224895316,60.44262058368537,62.39281009979092,64.34309325789732,66.3132559923259,68.3230977309432,70.39242585132541,72.52123207407445,74.6302286309739,76.62030827586997,78.39236494892648,79.88907618188887,81.2202505822506,82.53748000187485,83.99235663774341,85.67033959782906,87.39235492257008,88.93878288310023,90.19235423637363,91.05365655493512,91.3923540534135,91.10071588063289,90.19235423637363,88.72640030849608,86.82271810009917,84.61635490979504,82.24235820545631,79.81423504527237,77.35933037078769,74.88344942387224,72.39239914281767,69.89198947687183,67.38803568686804,64.88636233222073,62.39281009979092
53.25395102232751,55.344481743928384,57.386808913367034,59.400272665906385,61.40361055613987,63.41419501426512,65.4473434210721,67.51594264575994,69.63072140113431,71.78548366452193,73.91152774519884,75.92643283242049,77.75033494832499,79.34433060430632,80.81310964980736,82.28895098593185,83.8901897475169,85.66762352388801,87.45402345123051,89.06802787215602,90.46665792699726,91.59813823235072,92.12774457598209,91.703918629854,90.46665792699726,88.6623001095795,86.47335748888108,84.05117997005496,81.5307539323629,79.0157317145088,76.51242576917043,74.0107726131071,71.50561771879765,68.99385089976023,66.47328224918826,63.942810975746795,61.40361055613987
51.88587440303089,53.952498485049446,55.96073997733323,57.92997447541131,59.879770724565745,61.82980285752261,63.799804083773495,65.80954158624938,67.87880256871578,70.00756617160357,72.11653681149669,74.10660121720804,75.87864910653846,77.37535525743795,78.70652639722024,80.02375343854817,81.47862816372299,83.15660958502068,84.87862384176049,86.42505114479479,87.67862211265447,88.53992422401346,88.87862165162389,88.58698353953102,87.67862211265447,86.2126686472333,84.30898732688786,82.10262579316188,79.72863211410652,77.30051433550926,74.84561920984484,72.36975525637706,69.87873526888353,67.37837962763733,64.87452209524551,62.37301985890453,59.879770724565745
51.24098223726202,53.31594642834696,55.33446304085493,57.316273224370846,59.2809679564764,61.247769106844274,63.235313780986544,65.2615126422961,67.34359645099597,69.47973223880295,71.59355881602956,73.59068581743531,75.37754247094918,76.90236147774569,78.27406030016773,79.63913191451617,81.13924555076596,82.84857048647261,84.59113963090032,86.15936388233143,87.46050208103674,88.41327121050941,88.81888674093548,88.48071037482823,87.46050208103674,85.8852290889229,83.8938175653322,81.62370483650052,79.20771411767123,76.7551426731101,74.28676955659391,71.803755502712,69.30880433328328,66.80524612034377,64.29668855041992,61.787063290312105,59.2809679564764
39.46755486685564,41.512268040337126,43.50714332230271,45.46806876746763,47.41261818924316,49.359297667985686,51.327140343608846,53.33548412152756,55.40384715920578,57.53204063365759,59.640664540871,61.630525054076315,63.40245541696453,64.89909356819398,66.23022107975032,67.54741629795606,69.00226545664768,70.68022628771641,72.40222625367406,73.94864475881809,75.20221056948458,76.06350990827936,76.4022063876094,76.11056908757578,75.20221056948458,73.73626329215824,71.8325938547384,69.62625448742062,67.25230128888587,64.82425551888198,62.36948815853245,59.89385157114101,57.40323686861831,54.90360390051944,52.40103365881225,49.90181884244361,47.41261818924316
40.45758441604204,42.507335629233324,44.50529386504505,46.46813949826487,48.41390289593523,50.36135867987902,52.329701410426026,54.33836816332531,56.40693932856216,58.53526496575799,60.64396925636481,62.63387704048115,64.40583465174657,65.90248856888391,67.23362619586258,68.55082879246758,70.0056838789458,71.68364948403763,73.40565276344722,74.95207330846888,76.20564031488294,77.0669402965253,77.405636995724,77.11399950740602,76.20564031488294,74.73969160278415,72.83601941019212,70.62967490339189,68.25571231913383,65.82764985354412,63.372852870631505,60.8971635697598,58.406454909570314,55.90665442006194,53.40378582713085,50.90404103038458,48.41390289593523
41.45034962990812,43.50411757376796,45.50452966270521,47.46890207470243,49.41563010319527,51.363702489227435,53.332442297660535,55.3413654712398,57.41010185780874,59.53853240456216,61.647300499958675,63.637245804648586,65.40922504357013,66.9058914743556,68.2370371300606,69.55424558296426,71.00910537436451,72.68707476862059,74.40908067792796,75.9555028420054,77.20907079748656,78.07037128935806,78.40906816306685,78.1174305253073,77.20907079748656,75.74312094660613,73.8394465672267,71.63309798119911,69.25912794743343,66.83105223038076,64.37623173550189,61.9005005942721,59.40971735464919,56.909783886886686,54.40667844039531,51.90651283352122,49.41563010319527
42.44529697483755,44.50226443245302,46.504628516502706,48.47021445416813,50.41770880312587,52.36627086921666,54.335325954582316,56.34445269682516,58.41332023879497,60.54183405982852,62.65065279992254,64.6406278857362,66.4126242909208,67.90930065394582,69.24045268212461,70.55766578321291,72.01252930893418,73.6905017106642,75.41250970732861,76.95893315645392,78.21250186521118,79.07380276205228,79.41249977426992,79.12086201789836,78.21250186521118,76.74655111047787,74.84287499544051,72.63652317171706,70.26254722523916,67.83446099038773,65.37962183371977,62.903857482741984,60.41301504611749,57.912976023096974,55.409682553018996,52.909182845288754,50.41770880312587
43.44198314871355,45.50149729968284,47.505413445081274,49.471963644700935,51.420066659387764,53.36901756300253,55.33832295695119,57.347611301641166,59.41658295378312,61.5451628743877,63.654021812970285,65.6440205367231,67.41603056701976,68.91271481336331,70.24387189942166,71.56108868980012,73.01595517946765,74.69392996823913,76.41593962164359,77.9623640907136,79.21593339734713,80.0772346156131,80.41593173776533,80.12429388725137,79.21593339734713,77.74998192522452,75.84630443259226,73.639950039101,71.2659693996788,68.83787481677842,66.38302084803131,63.90723013780776,61.416340714434426,58.9162179056305,56.412775180470774,53.91201023140036,51.420066659387764
44.440053783435445,46.50159382355753,48.5067435849558,50.47405980498844,52.42264619340577,54.3719058298999,56.34140993998115,58.35082656745385,60.4198808594937,62.54851324634319,64.65740409159957,66.64742157720389,68.41944242191033,69.91613292530764,71.24729402583526,72.56451374442005,74.019382586582,75.69735926995443,77.41937023831662,78.96579551691823,80.21936529808687,81.08066677146809,81.41936398087557,81.12772605564064,80.21936529808687,78.75341325657152,76.84973467054002,74.64337823741832,72.26939387319024,69.84129266439712,67.3864269391644,64.91061530718328,62.419688589106386,59.91949927537459,57.415938073359115,54.91496256093764,52.42264619340577
45.4392260184093,47.50237690032493,49.50850688423867,51.47643152725134,53.425401743293094,55.37490649203616,57.344568352253276,59.35408680970605,61.42320669786433,63.55188072907788,65.66079689937874,67.65082927653066,69.42285870473513,70.9195541743969,72.25071846122822,73.56794050394129,75.02281121328474,76.70078940040602,78.42280141245229,79.9692273335802,81.2227974913879,82.0840991672543,82.42279644591636,82.13115846137532,81.2227974913879,79.75684499794485,77.8531655440809,75.64680749210072,73.27282017148372,70.84471370368965,68.38983864724582,65.91401040939625,63.42305408967687,60.92281198836105,58.41915674300023,55.91801408040014,53.425401743293094
46.53927433423426,48.603705568806475,50.61061425040887,52.579022071580084,54.528297041263784,56.477996380346724,58.44778346522642,60.45738275266548,62.52655470751401,64.65526179306424,66.76419806430768,68.7542422610502,70.52627850204158,72.02297791345374,73.35414472926695,74.67136861664773,76.12624080797758,77.80422018862706,79.52623302904685,81.0726594601486,82.32622991689504,83.18753175347413,83.52622908710357,83.23459105549125,82.32622991689504,80.86027706475659,78.95659692209296,76.75023758522227,74.37624791811243,71.94813727622987,69.49325481354705,67.01741339544813,64.52643358037506,62.0261495798957,59.52241968711428,57.02114434098726,54.528297041263784
47.54001909508142,49.60546769922851,51.61299487168002,53.58178636341931,55.53130328521499,57.481157098870085,59.451043586158875,61.46070703311173,63.52992031522015,65.6586536367601,67.76760586241035,69.75765944046981,71.52970108881152,73.026403628808,74.35757245188236,75.67479780338056,77.12967117096596,78.80765149892063,80.52966499682151,82.07609183268997,83.32966252670438,84.19096449084125,84.52966186809837,84.23802379912553,83.32966252670438,81.86370938986906,79.96002870050444,77.75366834381433,75.37967681428853,72.95156285941928,70.49667451836804,68.02082263899567,65.52982417532391,63.029506918429334,60.52571777469501,58.02433710728613,55.53130328521499
48.54131731864166,50.60757413703282,52.61559248224117,54.58468860181196,56.534397604601665,58.48437404252303,60.45433943281989,62.46405380618074,64.53329989095437,66.66205403648269,68.77101892532919,70.7610799494089,72.53312588959128,74.02983091275614,75.36100132899907,76.67822784257038,78.1331021437518,79.81108322358384,81.53309724332816,83.07952440046037,84.33309528279455,85.19439734817412,85.53309476005853,85.24145666143262,84.33309528279455,82.86714191999508,80.96346079671335,78.75709963059137,76.3831066228629,73.95499003846777,71.50009703173183,69.02423684917662,66.53322358389809,64.0328799307222,61.52904375742412,59.027579489971046,56.534397604601665
49.54305526374363,51.60995402105564,53.61836238449726,55.587700355596084,57.53756184056817,59.48763561659743,61.45766363682969,63.467418432377315,65.53669055339786,67.6654612272325,69.77443616697491,71.76450310100515,73.53655244763871,75.03325944170157,76.36443112244595,77.68165855835679,79.13653360053473,80.81451527713273,82.53652971106469,84.08295712318417,85.33652815498786,86.19783030072387,86.53652774009201,86.24488961793045,85.33652815498786,83.87057461284053,81.9668931451584,79.76053133658951,77.38653715560946,74.9584184841541,72.50352177424881,70.02765500141228,67.53662998796204,65.03626538363615,62.53239188165631,60.03086125671692,57.53756184056817
50.5451424922946,52.61255104620783,54.621269077106234,56.59079904890656,58.54078157632989,60.49093261670012,62.4610103492283,64.47079722906491,66.5400900155435,68.6688738080899,70.77785672530322,72.76792835008973,74.53998040043484,76.0366889588042,77.3678616431858,78.68508981115889,80.1399654414667,81.81794759171848,83.53996235439152,85.08638996889462,86.3399611193324,87.20126332884732,87.5399607900293,87.24832264918744,86.3399611193324,84.87400743483649,82.97032569380352,80.76396337532385,78.3899682631326,75.9618479351738,73.50694828605288,71.03107628248095,68.54004194441964,66.03966071089818,63.53575758030985,61.03417428482362,58.54078157632989
51.64750712150378,53.71532048366406,55.72428436697653,57.69396675694166,59.644045366699274,61.59425773624895,63.56437492726906,65.57418727316488,67.64349646212774,69.77229066711998,71.88127991609991,73.87135526395821,75.64340946024652,77.14011926020913,78.4712927411792,79.78852149019107,81.2433975872982,82.92138011348942,84.64339513708454,86.18982291221965,87.44339415681738,88.30469641695367,88.64339389544932,88.35175573978091,87.44339415681738,85.97744035933931,84.07375840134759,81.86739567815131,79.49339982685669,77.06527818412857,74.61037620214553,72.13450004692004,69.64345830785891,67.14306387557441,64.63913722823106,62.13751212648185,59.644045366699274
52.65009203359462,54.718226807259995,56.72738586736716,58.697189248790366,60.64734412600045,62.597605175343986,64.56775368573425,66.57758624452224,68.6469084523341,70.775710921764,72.88470519629809,74.87478349917043,76.64683939869877,78.14355018411607,79.4747242973395,80.79195350752258,82.24682997512878,83.92481279970343,85.64682803039258,87.19325593302143,88.44682725235398,89.30812955266848,89.64682704490599,89.35518887746977,88.44682725235398,86.9808733652019,85.07719123500983,82.87082819058969,80.49683175266796,78.06870906640576,75.61380523282558,73.13792578242027,70.64687816914957,68.14647326089799,65.64252794797069,63.140869663546525,60.64734412600045
53.75285185356205,55.8212418041807,57.83055580368986,59.80045522685914,61.75067064190414,63.70097033018459,65.67114369949637,67.68099230156206,69.75032484256003,71.87913387152504,73.98813213486144,75.9782127831364,77.75027003452959,79.24698160210372,80.57815621714741,81.89538579336252,83.35026255503419,85.02824561643604,86.75026101149585,88.29668901531655,89.55026039396614,90.41156272617015,90.75026022931456,90.4586220525382,89.55026039396614,88.08430643563979,86.18062416877221,83.97426086939645,81.60026396586828,79.17214045135184,76.71723514815598,74.2413530823583,71.75030080670413,69.24988758360776,66.7459274555931,64.24424283341851,61.75067064190414
54.85575054164349,56.924343072016924,58.93378006432485,60.9037557226593,62.85401918933596,64.8043495464691,66.77454264677417,68.78440398258337,70.8537447251114,72.98255896041226,75.0915603896741,77.08164289950032,78.85370122387087,80.35041341224388,81.68158842558286,82.9988182923179,84.45369528738956,86.13167853676131,87.85369406228226,89.400122146419,90.6536935721486,91.51499592966329,91.85369344146454,91.56205525727489,90.6536935721486,89.18773955733114,87.28405718198414,85.0776936802499,82.70369640716952,80.27557223526684,77.82066576563497,75.34478162399498,72.85372564779183,70.35330582515829,67.8493339382728,65.34762841140622,62.85401918933596
55.958759476923476,58.027512823735776,60.037047446402,62.00708361689924,63.95738522389509,65.90773992361082,67.87794868470175,69.88782012740677,71.9571673795407,74.08598574713153,76.19498968919697,78.18507367653993,79.95713285253409,81.4538455336359,82.7850208631022,84.10225096042322,85.5571281407446,87.23511153930818,88.9571271683762,90.50355531625983,91.75712677935685,92.61842915696064,92.95712667563285,92.6654884855593,91.75712677935685,90.29117271970237,88.38749025825516,86.18112659590889,83.80712902951464,81.37900433584392,78.92409694041037,76.44821115117065,73.95715223783179,71.45672717711668,68.95274595712843,66.4510238379413,63.95738522389509
57.061855932794884,59.13073693783464,61.140349056640986,63.11043325836522,65.06076513843215,67.0111391593083,68.98136035055347,70.99123981518065,73.0605922340219,75.1894138814251,77.29841981790842,79.28850497795881,81.06056482988765,82.55727790206879,83.88845348244561,85.20568376278288,86.66056109013712,88.33854460711437,90.06056031836778,91.60698851684735,92.86056000960289,93.72186240315143,94.0605599272771,93.76892173253346,92.86056000960289,91.39460591436126,89.49092338457629,87.2845595947521,84.91056179555446,82.48243668775598,80.02752855751265,77.55164146057058,75.0605802160205,72.56015099782124,70.05616237009352,67.55442708141184,65.06076513843215
58.45821990990852,60.575912963586774,62.65927616992492,64.72635808187316,66.79375237647453,68.87512077080478,70.98005336575437,73.11368911947044,75.27753712306115,77.45984570074712,79.60379998355229,81.6445464377905,83.52147346747788,85.2116152775721,86.80937695558501,88.42453845274777,90.1462449033153,92.00145437203221,93.83655104561842,95.5003285035863,97.00140804156702,98.30906704555997,98.95284028607347,98.45082293480452,97.00140804156702,94.94849981572806,92.52148564116227,89.89862128056181,87.23042345256161,84.62279264265734,82.06621292508825,79.53568678283673,77.01459114388558,74.48993050273563,71.95038173406537,69.38664492363378,66.79375237647453
56.211621824511894,58.28030804456684,60.28980191582848,62.25981282851127,64.2100985158195,66.16044305503591,68.13064527939329,70.14051250353788,72.20985703860264,74.33867368140244,76.44767657464045,78.437759945278,80.2098187658103,81.7065312412505,83.03770643876743,84.35493643984344,85.80981354284289,87.48779687913485,89.20981246498303,90.75624058625917,92.00981203375926,92.87111440297804,93.20981191878235,92.9181737311647,92.00981203375926,90.54385799281947,88.64017556730987,86.43381197200193,84.05981452803486,81.63169005214652,79.17678304313623,76.70089794159341,74.20984025419537,71.70941737982173,69.20544005541416,66.7037248617734,64.2100985158195
54.4058181878016,56.47410162153956,58.48335094746585,60.45321028232202,62.40340042883231,64.35368398930072,66.32384698259446,68.33368888827624,70.4030171162616,72.5318234073174,74.64082000575365,76.63089967507324,78.40295636220722,79.89966760331447,81.23084200890182,82.54807143233768,84.00294807126846,85.68093103382027,87.40294636027294,88.94937432185684,90.20294567574791,91.06424799464148,91.40294549323342,91.11130732035556,90.20294567574791,88.73699174712922,86.83330953730903,84.62694634434999,82.25294963516274,79.8248264663539,77.36992177656559,74.89404080241513,72.4029904728095,69.90258072027825,67.39862677599962,64.89695314708766,62.40340042883231
53.26416990334053,55.3546722285179,57.396956158880045,59.41036279489532,61.41363151737917,63.42413834614082,65.45720672226258,67.5257322867439,69.64045473088737,71.7951851022041,73.92120833822403,75.93608319808597,77.75992272258365,79.3538029162432,80.82242299112752,82.2980872208767,83.89916818782251,85.67649773660213,87.46283144726863,89.07676741528691,90.47525407416035,91.60647972487843,92.13591543683427,91.71220683805329,90.47525407416035,88.67123837469552,86.48260556747243,84.06067632201386,81.540425890971,79.02551071526833,76.5222653192115,74.0206446698819,71.5155076300224,69.00375520480671,66.48320766471285,63.95277316852008,61.41363151737917
51.8964481891978,53.96307895627818,55.97132451008247,57.940561526693784,59.89035936371806,61.840392510298656,63.810394388740235,65.82013231214782,67.88939356573931,70.01815734074233,72.12712808529903,74.1171925525528,75.88924047735577,77.38594664877893,78.71711780172893,80.03434485266152,81.48921958555258,83.16720101306458,84.88921527411749,86.43564257980705,87.68921354922321,88.55051566141898,88.8892130893156,88.59757497697765,87.68921354922321,86.22326008193443,84.31957875800263,82.11321721758664,79.73922352631378,77.31110572598324,74.8562105617564,72.3803465396617,69.88932642983025,67.38897057041211,64.88511264930274,62.38360972195514,59.89035936371806
51.25147539520462,53.326431715609246,55.34493623439016,57.32673023754039,59.29140505578954,61.25818342817817,63.24570413172289,65.27188047915453,67.35394677659308,69.49007252901043,71.6038925003847,73.60100985612615,75.387846282902,76.91262705412102,78.28427117987911,79.64927887194176,81.14933270983174,82.85861657834076,84.60115895152312,86.1693549508885,87.47043198271336,88.423085357062,88.82861772888705,88.49049905981899,87.47043198271336,85.89530057058893,83.90400526795017,81.63397847459069,79.21804505479669,76.76550722129186,74.2971526958178,71.81414850051014,69.31920271012086,66.81564881529695,64.30709754907242,61.79748318812349,59.29140505578954
39.46746950251624,41.51218218991785,43.50705717415579,45.46798243377708,47.41253173820639,49.35921114189195,51.32705376916026,53.33539751584462,55.40376053339395,57.53195399506325,59.64057789450197,61.630438403135145,63.40236876338781,64.89900691309235,66.23013442367028,67.54732964116239,69.00217879928064,70.6801396298876,72.40213959552474,73.94855810047149,75.20212391102233,76.06342324975492,76.40211972906368,76.1104824290483,75.20212391102233,73.73617663383476,71.8325071966814,69.62616782986075,67.2522146322338,64.82416886384479,62.36940150636043,59.89376492406754,57.40315023063245,54.90351727873582,52.40094706588283,49.901732300764905,47.41253173820639
40.45749878783035,42.50724961328104,44.50520761204237,46.46805309770265,48.41381640211699,50.3612721264397,52.3296148185876,54.33828154668805,56.40685269594532,58.53517832299438,60.643882607429944,62.6337903879172,64.40574799709071,65.90240191301771,67.2335395392198,68.55074213525836,70.0055972212815,71.68356282600683,73.40556610516208,74.95198665002711,76.20555365634937,77.06685363794239,77.40555033712423,77.11391284882069,76.20555365634937,74.73960494436074,72.83593275198021,70.62958824557454,68.25562566203703,65.82756319772903,63.3727662170906,60.897076920265775,58.40636826728971,55.90656779064281,53.40369922061895,50.90395446456811,48.41381640211699
41.45026379109677,43.50403142597695,45.50444332629659,47.46881562099035,49.41554357539121,51.363615914071616,53.332355692014815,55.34127884590612,57.41001521979001,59.538445758489104,61.64721384898718,63.63715915079658,65.40913838805776,66.90580481788255,68.23695047297119,69.55415892542524,71.00901871646431,72.68698811042947,74.40899401953496,75.9554161834881,77.2089841388964,78.07028463072875,78.40898150442413,78.11734386667604,77.2089841388964,75.74303428810339,73.83935990889184,71.63301132317741,69.25904128998366,66.83096557394828,64.37614508087444,61.900413942856815,59.409630708959526,56.909697251406314,54.406591823099944,51.90642624853701,49.41554357539121
42.445210968134305,44.502178179733505,46.50454211377983,48.470127958224424,50.41762224832822,52.366184276816696,54.3352393379746,56.34436606458789,58.413233596488226,60.54174741112858,62.650566147334516,64.64054123086184,66.41253763472858,67.9092139969911,69.24036602468067,70.55757912541213,72.0124426508467,73.69041505234586,75.41242304885003,76.95884649787666,78.21241520657608,79.07371610338612,79.4124131155931,79.12077535923069,78.21241520657608,76.74646445191217,74.84278833700806,72.63643651353317,70.2624605675092,67.83437433346522,65.37953517822993,62.90377082980169,60.41292839772187,57.91288938280516,55.40959592716287,52.90909624508507,50.41762224832822
43.44189700828619,45.5014109634994,47.50532698965216,49.47187711520855,51.4199800831533,53.36893095691096,55.33823633164096,57.347524663923735,59.41649630807274,61.54507622360268,63.65393515909916,65.6439338810373,67.41594391028794,68.91262815602629,70.24378524169634,71.56100203179156,73.01586852123157,74.6938433098198,76.41585296309705,77.96227743208875,79.21584673867639,80.07714795691768,80.41584507906151,80.12420722855474,79.21584673867639,77.74989526660886,75.84621777408233,73.63986338078837,71.26588274172644,68.83778815946698,66.38293419185699,63.90714348365705,61.41625406389096,58.916131261519496,56.41268854781876,53.91192361911314,51.4199800831533
44.43996753657483,46.501507421013656,48.50665708764795,50.47397324884996,52.42255960014933,54.37181921293825,56.341323307762494,58.35073992538629,60.41979421108162,62.5484265939032,64.65731743671004,66.647334920874,68.41935576475024,69.91604626766718,71.2472073678866,72.5644270862466,74.01929592822796,75.6972726114549,77.41928357971616,78.96570885825565,80.21927863938785,81.08058011274947,81.41927732215026,81.12763939692107,80.21927863938785,78.75332659791619,76.84964801196863,74.64329157900353,72.26930721506139,69.84120600677696,67.38634028244677,64.91052865207183,62.4196019368581,59.919412628232024,57.41585143531245,54.91487593905731,52.42255960014933
45.43913968688514,47.5022904450381,49.50842035366274,51.47634494995212,53.42531513652156,55.37481986644494,57.34448171455061,59.35400016418549,61.423120047307805,63.55179407532424,65.66071024368088,67.65074261968957,69.4227720472351,70.9194675165156,72.2506318031023,73.56785384563693,75.02272455483705,76.7007027418429,78.42271475380906,79.96914067488763,81.2227108326664,82.08401250851725,82.422709787174,82.1310718026375,81.2227108326664,79.75675833925807,77.85307888546072,75.64672083360485,73.27273351321479,70.84462704582447,68.38975199009698,65.91392375352225,63.422967436075425,60.922725338812185,58.41907010067135,55.917927450904244,53.42531513652156
46.53918793539418,48.60361907161165,50.610527693409836,52.57893547747821,54.52821042376229,56.47790974790502,58.44769682317059,60.457296104404094,62.526468055255364,64.65517513826796,66.76411140796824,68.75415560380335,70.52619184427172,72.02289125538128,73.35405807100034,74.67128195823949,76.12615414945559,77.80413353001343,79.52614637036964,81.07257280143222,82.32614325815572,83.18744509472248,83.5261424283477,83.23450439673898,82.32614325815572,80.86019040604481,78.95651026343407,76.75015092666199,74.3761612597323,71.9480506181702,69.49316815605596,67.01732673896889,64.52634692569957,62.02606292843687,59.522333041386304,57.02105770544594,54.52821042376229
47.539932642737895,49.605381168742355,51.612908293697465,53.58169975597653,55.53121665919522,57.48107046099037,59.45095694064764,61.46062038267482,63.529833661610496,65.65856698113627,67.76751920556168,69.75757278290092,71.52961443082754,73.02631697058382,74.35748579350408,75.6747111448899,77.12958451238501,78.80756484026692,80.52957833811732,82.07600517395474,83.32957586795092,84.190877832078,84.52957520933177,84.2379371403618,83.32957586795092,81.86362273113745,79.9599420418148,77.75358168520299,75.37959015582015,72.95147620120525,70.49658786060527,68.02073598203603,65.52973751979594,63.02942026545449,60.52563112626896,58.024250466945944,55.53121665919522
48.54123082378523,50.60748758010508,52.615505887596726,54.584601983777574,56.534310971819764,58.484287400326664,60.45425278456588,62.46396715401701,64.53321323627235,66.66196738020199,68.77093226807634,70.76099329158441,72.5330392314373,74.02974425441153,75.36091467053217,76.67814118401425,78.13301548512402,79.81099656489835,81.5330105846026,83.07943774171014,84.33300862402984,85.19431068940165,85.53300810128341,85.24137000265978,84.33300862402984,82.86705526124774,80.96337413799931,78.75701297193947,76.38301996432449,73.95490338013124,71.50001037375347,69.0241501918357,66.5331369276935,64.03279327654407,61.528957106856524,59.02749284582163,56.534310971819764
49.5429687351149,51.6098674431297,53.618275776623705,55.587613729153276,57.53747520241839,59.487548970974615,61.457576986398635,63.467331778843004,65.5366038978647,67.66537457043044,69.77434950940125,71.76441644297779,73.53646578934982,75.03317278326139,76.36434446390871,77.68157189974872,79.13644694186978,80.81442861842197,82.53644305232213,84.08287046442204,85.33644149621426,86.1977436419441,86.53644108131012,86.24480295915035,85.33644149621426,83.87048795408069,81.96680648642501,79.76044467790541,77.38645049701546,74.95833182572031,72.5034351160993,70.0275683437687,67.5365433312204,65.03617872850293,62.53230522938887,60.03077460954387,57.53747520241839
50.54505593684201,52.61246445160833,54.62118245872986,56.59071241578883,58.540694933919156,60.49084596835755,62.46092369706925,64.4707105744427,66.54000335933479,68.66878715087407,70.77777006747493,72.76784169190135,74.53989374203888,76.03660230028817,77.3677749845927,78.68500315250961,80.13987878277226,81.81786093298767,83.53987569563549,85.08630331012304,86.33987446055171,87.20117667006173,87.53987413124204,87.24823599040162,86.33987446055171,84.87392077606673,82.97023903505475,80.76387671661423,78.38988160449445,75.96176127666283,73.50686162776755,71.0309896245972,68.53995528725173,66.0395740550069,63.53567092669317,61.03408763525056,58.540694933919156
51.647420544749224,53.715233875826186,55.724197740262255,57.693880118525314,59.643958720906326,61.594171085747604,63.56428827373843,65.57410061767919,67.64340980538283,69.77220400957569,71.88119325806954,73.87126860564202,75.64332280176559,77.14003260163288,78.47120608254178,79.78843483150908,81.24331092858036,82.92129345474272,84.64330847831778,86.18973625344057,87.44330749803109,88.30460975816348,88.6433072366578,88.35166908099055,87.44330749803109,85.9773537005617,84.07367174258661,81.86730901942143,79.49331316818352,77.06519152555636,74.6102895437524,72.13441338884562,69.64337165035272,67.14297721908146,64.63905057354351,62.13742547500381,59.643958720906326
52.65000543992524,54.71814018891196,56.72729923403391,58.69710260616803,60.64725747752283,62.59751852312914,64.567667031115,66.57749958835122,68.64682179516362,70.77562426395903,72.8846185381073,74.8746968407528,76.64675274015038,78.14346352549205,79.47463763866692,80.7918668488146,82.24674331639235,83.92472614094413,85.64674137161737,87.19316927423641,88.4467405935632,89.30804289387466,89.6467403861111,89.35510221867577,88.4467405935632,86.98078670641804,85.07710457623918,82.8707415318437,80.49674509396702,78.06862240778491,75.6137185743469,73.13783912419454,70.64679151137484,68.14638660392747,65.64244129243313,63.14078301055645,60.64725747752283
53.75276524646263,55.821155177488905,57.83046916510244,59.80036858089824,61.750583991295585,63.70088367660968,65.67105704401303,67.68090564484707,69.75023818505176,71.87904721351318,73.98804547654335,75.97812612463825,77.75018337592768,79.24689494344177,80.57806955844694,81.89529913463392,83.350175896283,85.02815895766666,86.75017435271388,88.2966023565268,89.55017373517185,90.4114760673734,90.75017357051699,90.45853539374136,89.55017373517185,88.08421977685097,86.18053750999387,83.97417421063767,81.60017730714526,79.1720537926924,76.71714848960937,74.24126642401247,71.75021414871625,69.24980092625817,66.7458407993809,64.24415617922828,61.750583991295585
54.85566392388169,56.92425643870155,58.933693421566744,60.903669074048366,62.85393253703603,64.80426289181469,66.77445599060499,68.7843173254366,70.853658067335,72.98247230223618,75.09147373125498,77.08155624093828,78.85361456522644,80.35032675355181,81.68150176686021,82.99873163357296,84.45360862862668,86.13159187798401,87.85360740349495,89.4000354876255,90.65360691335147,91.51490927086425,91.85360678266484,91.56196859847577,90.65360691335147,89.18765289853837,87.28397052319968,85.07760702148099,82.70360974842899,80.27548557657678,77.82057910703446,75.34469496555381,72.85363898963476,70.35321916750787,67.84924728152512,65.34754175626341,62.85393253703603
55.958672850697084,58.027426185162525,60.036960800333304,62.006996966184886,63.95729857025263,65.90765326809957,67.87786202798821,69.88773346991732,71.9570807215515,74.08589908882507,76.19490303069765,78.18498701792717,79.95704619385594,81.45375887491993,82.78493420436195,84.10216430166525,85.55704148197242,87.23502488052458,88.95704050958464,90.50346865746337,91.75704012055749,92.61834249815978,92.95704001683146,92.66540182675834,91.75704012055749,90.29108606090648,88.38740359946587,86.18103993713193,83.80704237076023,81.37891767712955,78.92401028176707,76.44812449265385,73.95706557954045,71.45664051922749,68.95265929995574,66.45093718204241,63.95729857025263
57.06176929984895,59.130650295087776,61.140262407944505,63.110346605981306,65.06067848372412,67.01105250311696,68.98127369340787,70.9911531574192,73.06050557586383,75.18932722301523,77.29833315934542,79.2884183193058,81.06047817118275,82.55719124333385,83.88836682369143,85.20559710401463,86.66047443135758,88.33845794832573,90.06047365957285,91.60690185804853,92.86047335080178,93.72177574434912,94.06047326847435,93.7688350737311,92.86047335080178,91.3945192555629,89.49083672578314,87.28447293596878,84.910475136789,82.48235002902231,80.02744189883538,77.55155480199372,75.06049355762258,72.5600643397425,70.05607571258349,67.55434042491285,65.06067848372412
58.4583162530473,60.576022026197066,62.65940429841386,64.72651085199944,66.7939341891667,68.87533418174158,70.98029829955127,73.11396216640206,75.27783110397415,77.46015133021201,79.60411314717516,81.64487041728577,83.52181943990585,85.2120004494208,86.80981336931902,88.42502853135491,90.14678001666579,92.0020179036135,93.83713211292158,95.50092729207176,97.002042672876,98.30976137068771,98.95357202025752,98.45152915434153,97.002042672876,94.94904600396939,92.5219422327207,89.89899843308552,87.23073971888772,84.62306968154925,82.06646701603557,79.53592831842217,77.01482571180631,74.49015941604725,71.95060229299345,69.38685075183459,66.7939341891667
56.21153520181876,58.28022140818827,60.28971527114162,62.25972617867488,64.2100118627374,66.1603563998823,68.13055862290693,70.14042584619146,72.20977038070228,74.33858702315044,76.44758991617462,78.43767328668639,80.20973210714621,81.70644458254446,83.03761978003452,84.35484978109093,85.80972688407459,87.48771022035386,89.20972580619326,90.75615392746394,92.00972537496087,92.87102774417791,93.20972525998164,92.9180870723645,92.00972537496087,90.54377133402488,88.64008890852261,86.43372531322836,84.05972786928626,81.63160339344228,79.17669638451076,76.70081128310815,74.20975359596011,71.70933072203219,69.20535339841888,66.70363820619008,64.2100118627374
54.405731586308306,56.474014998330574,58.483264311071565,60.45312363775464,62.40331377911322,64.3535973362935,66.32376032747177,68.33360223178829,70.4029304588943,72.53173674939191,74.64073334748872,76.6308130166087,78.40286970362766,79.89958094466832,81.23075535021297,82.54798477361769,84.00286141252344,85.68084437505512,87.40285970149375,88.94928766306907,90.2028590169551,91.06416133584594,91.40285883443697,91.11122066155988,90.2028590169551,88.73690508834245,86.83322287853392,84.62685968559654,82.25286297644891,79.82473980771059,77.36983511804735,74.89395414411945,72.40290381491057,69.90249406308689,67.39854012006901,64.89686649339836,62.40331377911322
53.26416301935973,55.35467142517027,57.39696461453883,59.41038348132096,61.413667015355415,63.42419046785463,65.45727598218318,67.5258173208816,69.64055182412822,71.7952890252165,73.92131672519625,75.9361980583882,77.76005098724005,79.3539559083001,80.8226100291628,82.2983121900925,83.89942695321471,85.67677882580452,87.46312671919628,89.07707734908928,90.47559472242172,91.60687492042686,92.13634718327089,91.71261344747813,90.47559472242172,88.6715057448928,86.48280658279842,84.06082416561921,81.5405361270403,79.0255980280107,76.52233966538033,74.02071205482187,71.5155711914978,69.00381568390725,66.48326362311008,63.952821251294694,61.413667015355415
51.89636167466859,53.96299238711798,55.97123790773115,57.9404749037608,59.89027272780888,61.840305866106064,63.810307739217876,65.82004565918558,67.88930691056142,70.01807068415792,72.12704142785927,74.11710589461012,75.88915381912321,77.38585999037863,78.71703114322104,80.03425819407514,81.48913292690315,83.16711435436437,84.88912861538202,86.43555592104988,87.68912689045334,88.55042900264226,88.88912643053655,88.59748831820059,87.68912689045334,86.22317342317982,84.31949209927731,82.113130558916,79.73913686774297,77.31101906759002,74.85612390367834,72.38025988214447,69.88923977331277,67.38888391567752,64.8850259977448,62.383523076044156,59.89027272780888
51.25140978087963,53.326367786575915,55.34487489490351,57.326672362653156,59.29135144494441,61.25813469467249,63.245660530948,65.27184169920903,67.3539117462952,69.49003964757365,71.60386103345013,73.60098045460761,75.3878212125255,76.91261017115424,78.284266009244,79.64928738929041,81.14935403223156,82.85864669483408,84.6011948008225,86.16939685012753,87.47048698042579,88.42316514334749,88.82871532362957,88.4905842986825,87.47048698042579,85.8953252501256,83.90400506031827,81.63395986535883,79.21801417612318,76.7654691455425,74.2971106392204,71.81410433292913,69.31915739074566,66.81560257130018,64.30704995528988,61.79743326055157,59.29135144494441
39.46928309624447,41.51400610850825,43.50888741679161,45.469816617548766,47.41436841452946,49.36104941249974,51.32889306687293,53.337237477005516,55.4056009221121,57.53379465529443,59.64241871987555,61.632279325625134,63.40420974185912,64.90084792395459,66.23197545531463,67.54917068796567,69.00401985826261,70.68198069867782,72.4039806711225,73.95039918026018,75.2039649932677,76.06526433332104,76.40396081308154,76.11232351267931,75.2039649932677,73.73801771313236,71.83434827031849,69.62800889293874,67.25405567602877,64.82600987333866,62.371242454995084,59.89560576440397,57.404990877939014,54.90535758189097,52.40278675614614,49.90357090241285,47.41436841452946
40.45931798649406,42.50907704796617,44.50704008192184,46.46988870189574,48.41565398716106,50.36311097789449,52.331454485677426,54.34012174052944,56.408693229208666,58.53701907178507,60.64572348730442,62.63563134487676,64.40758899848404,65.90424294012028,67.23538058281741,68.55258319088776,70.00743828657721,71.68540389908742,73.4074071836458,74.95382773183721,76.20739474010932,77.06869472275062,77.40739142229097,77.11575393368042,76.20739474010932,74.74144602578106,72.83777382890776,70.63142931412128,68.2574667152787,65.82940422374554,63.37460719480191,60.898917812016975,58.40820900582111,55.908408255983446,53.405539199387846,50.90579357892594,48.41565398716106
41.4520874631222,43.505861661053004,45.506277567802925,47.470652354139645,49.417381882327945,51.365455226806304,53.33419565238509,55.34311922446801,57.41185586779514,59.540286577575614,61.649054772121374,63.63900013511558,65.41097940764473,66.90764585787532,68.23879152605622,69.55599998806,71.01085978677128,72.68882918691531,74.41083510030933,75.9572572669026,77.2108252238585,78.07212571652288,78.41082259050282,78.11918495251103,77.2108252238585,75.74487537120851,73.84120098843104,71.63485239606473,69.26088235072325,66.83280661307901,64.37798608166457,61.90225487541798,59.41147151990259,56.91153784549401,54.408432030920295,51.90826577003655,49.417381882327945
42.447038206360006,44.50401064359819,46.50637776386765,48.47196558841583,50.419461128635405,52.36802395583426,54.337079531188294,56.34620658978895,58.41507433557416,60.54358828601271,62.65240710480539,64.64238223689662,66.41437866875611,67.91105504721494,69.24220708529595,70.55942019360711,72.01428372513112,73.69225613153446,75.41426413144245,76.96068758256459,78.21425629249234,79.07555718996275,79.4142542023956,79.12261644583975,78.21425629249234,76.74830553635454,74.84462941862013,72.63827758986564,70.26430163419994,67.83621538300486,65.38137619733814,62.90561179475503,60.41476926614216,57.91473007909231,55.411436316822105,52.91093608986152,50.419461128635405
43.443727086950574,45.503245200222544,47.50716375927276,49.47371545800672,51.42181941879957,53.370770926751305,55.34007670970456,57.349365305529005,59.41833711945594,61.54691714277581,63.655776143824,65.64577490430825,67.41778495577711,68.91446921437063,70.24562630828842,71.56284310439969,73.0177095986729,74.6956843911536,76.41769404713247,77.96411851778737,79.21768782534994,80.07898904411535,80.41768616643844,80.12604831577818,79.21768782534994,77.75173635211257,75.84805885733968,73.64170445985525,71.26772381314066,68.83962921726823,66.38477522550451,63.9089844743209,61.41809497793349,58.91797203893044,56.41452908182917,53.91376372055555,51.42181941879957
44.44179987599077,46.50334306729923,48.50849474681482,50.47581215763803,52.42439929735903,54.373659413670225,56.343163832567996,58.352580659392146,60.421635079851285,62.55026754823007,64.65915844306696,66.64917595782556,68.42119681933664,69.91788733245681,71.24904843922252,72.56626816235745,74.02113700817495,75.69911369449139,77.4211246648969,78.96754994475646,80.2211197266625,81.08242120044011,81.4211184099832,81.12948048463213,80.2211197266625,78.75516768426232,76.8514890965318,74.64513266024072,72.27114829022466,69.84304707113554,67.38818132763433,64.91236966314264,62.42144288711265,59.921253470036106,57.41769208391061,54.916716244266624,52.42439929735903
45.44097382464065,47.50412721163714,49.510258719476525,51.47818430821482,53.42715512080554,55.376660250477,57.34632235584189,59.35584097153634,61.42496096162765,63.55363505755362,65.66255126720752,67.65258366749958,69.42461310904201,70.92130858642088,72.2524728782034,73.56969492452792,75.02456563677282,76.70254382623077,78.42455583989883,79.97098176202515,81.2245519204181,82.08585359659914,82.42455087536881,82.13291289073564,81.2245519204181,79.75859942627281,77.85491997106033,75.64856191656462,73.27457459135367,70.84646811538761,68.39159304444397,65.9157647807904,63.42480841507249,60.924566231728306,58.420910840228004,55.91976791787556,53.42715512080554
46.54102350300741,48.605456728378,50.612366620476614,52.5807751926456,54.53005063596106,56.47975027744843,58.4495375569272,60.459136969973045,62.52830900573002,64.65701614264415,66.76595244512274,68.7559966602318,70.52803291180962,72.02473232934688,73.35589914908988,74.67312303933707,76.1279952329698,77.8059746154739,79.5279874571809,81.07441388907509,82.32798434628606,83.18928618311487,83.52798351682975,83.23634548514427,82.32798434628606,80.86203149359022,78.95835134985629,76.75199201098899,74.37800234023294,71.94989169186425,69.49500921767284,67.01916777909305,64.52818792751023,62.02790386192268,59.52417385314317,57.02289830082809,54.53005063596106
47.54176934681791,49.60721953264938,51.614747666475026,53.58353975451797,55.53305705233028,57.48291110604261,59.452797747800645,61.462461294454144,63.531674640782256,65.6604080030908,67.76936025353277,69.75941384616989,71.53145550291414,73.02815804777212,74.35932687396556,75.67655222773885,77.13142559715206,78.80940592657873,80.53141942550126,82.0778462619987,83.33141695638179,84.19271892071689,84.53141629804179,84.23977822901088,83.33141695638179,81.8654638191041,79.96178312888993,77.75542277061513,75.38143123819532,72.95331727817803,70.49842892799236,68.02257703236418,65.53157853971416,63.03126123114177,60.527471995335205,58.026091164260606,55.53305705233028
48.54306843088173,50.60932650565754,52.61734561428902,54.58644220729528,56.53615150858937,58.48612813706865,60.45609364997782,62.465808102475194,64.53505423822168,66.66380841610868,68.77277332463262,70.76283436028274,72.53488030713422,74.0315853341577,75.36275575287625,76.6799822682533,78.13485657088546,79.81283765188581,81.53485167244105,83.08127883007245,84.33484971269925,85.19615177823616,85.53484919017438,85.24321109150239,84.33484971269925,82.86889634954869,80.96521522559266,78.75885405821292,76.38486104818747,73.95674445970633,71.50185144572038,69.02599125026279,66.53497796198394,64.03463426779044,61.53079802141177,59.029333624048206,56.53615150858937
49.54480705956836,51.611706814704775,53.620115784315274,55.589454131273925,57.53931585320679,59.489389780497305,61.45941789805332,63.469172756414224,65.53844491789297,67.66721561741113,69.7761905727717,71.76625751598544,73.53830686791227,75.03501386503773,76.36618554774702,77.68341298509107,79.13828802842045,80.81626970594577,82.53828414052134,84.08471155303704,85.338282585073,86.19958473093388,86.53828217034471,86.24664404814655,85.338282585073,83.87232904264695,81.96864757442968,79.76228576486247,77.38829158205932,74.96017290736086,72.50527619170123,70.02940940862403,67.53838437691824,65.0380197400361,62.53414618005037,60.032615451995326,57.53931585320679
50.546894831060875,52.61430417734584,54.6230226895118,56.59255295969143,58.54253567521438,60.4926868356504,62.46276464542848,64.47255157512164,66.54184439371258,68.67062820664427,70.7796111362538,72.76968276832932,74.5417348228757,76.03844338367585,77.369616069617,78.68684423872764,80.14171986994936,81.81970202093714,83.54171678412101,85.0881443989386,86.34171554956072,87.20301775917476,87.54171522039061,87.25007707951974,86.34171554956072,84.87576186484361,82.97208012338588,80.76571780411388,78.39172269047559,75.96360235994275,73.50870270625458,71.03283069455463,68.54179634200375,66.041415082642,63.537511906013265,61.03592852868056,58.54253567521438
51.64925989144266,53.717073882759706,55.726038148149655,57.695720774975854,59.645799534043206,61.596011998895264,63.56612925123113,65.57594163669914,67.64525085115002,69.77404507232222,71.88303433114113,73.87310968478471,75.64516388440758,77.14187368629952,78.4730471685074,79.79027591842217,81.24515201625465,82.92313454303002,84.64514956703059,86.19157734241529,87.44514858715934,88.3064508473743,88.64514832589686,88.35351017020541,87.44514858715934,85.97919478950573,84.07551283117685,81.86915010735171,79.49515425490857,77.06703261013746,74.61213062452939,72.13625446285262,69.64521271229108,67.1448182594969,64.64089157561052,62.1392664088975,59.645799534043206
52.651845145906506,54.71998041909208,56.72913978251428,58.69894335195774,60.64909834768444,62.5993594726734,64.56950803173159,66.5793406219287,68.64866284997065,70.7774653322427,72.886459614586,74.87653792205015,76.64859382422514,78.14530461117374,79.47647872537964,80.79370793627932,82.24858440446125,83.92656722949957,85.64858246051053,87.19501036333747,88.44858168278614,89.3098839831631,89.64858147542196,89.35694330796744,88.44858168278614,86.98262779549475,85.0789456650351,82.8725826201158,80.49858618128252,78.07046349339873,75.61555965694139,73.1396802014157,70.64863257901706,68.14822765448679,65.64428231255484,63.14262397656745,60.64909834768444
53.75460523771079,55.82299558489855,57.83230982518681,59.80220939760265,61.75242490672029,63.70272465504297,65.67289806298349,67.68274668997903,69.7520792470338,71.8808882861917,73.9898865557263,75.97996720764577,77.75202446113964,79.24873602992916,80.57991064575263,81.89714022253652,83.35201698466513,85.03000004643496,86.75201544175022,88.29844344572817,89.55201482446994,90.41331715672348,90.75201465988488,90.46037648309397,89.55201482446994,88.08606086603298,86.18237859895302,83.97601529918106,81.6020183949294,79.1738948791259,76.71898957364644,74.2431075037847,71.75205522088564,69.2516419848688,66.74768183383286,64.24599717073163,61.75242490672029
54.8575041416093,56.92609698680266,58.935534170240885,60.90550994704172,62.855773488387655,64.80610389317785,66.77629702414319,68.78615837973946,70.85549913501191,72.9843133784029,75.09331481258428,77.08339732530317,78.855455651341,80.35216784067869,81.68334285463656,83.00057272182306,84.4554497172574,86.13343296692123,87.85544849264491,89.40187657690645,90.65544800270919,91.51675036026322,91.85544787207792,91.56380968787676,90.65544800270919,89.18949398780397,87.28581161228838,85.0794481102397,82.70545083658507,80.27732666366089,77.8224201922165,75.34653604735084,72.85548006539742,70.35506023250883,67.85108832735116,65.34938276800051,62.855773488387655
55.96051324822125,58.02926684494585,60.03880161932727,62.008837883857254,63.95913955012048,65.9094942876626,67.87970307308902,69.88957453149919,71.95892179374843,74.08774016776042,76.19674411373052,78.18682810336941,79.9588872806869,81.45559996255434,82.78677529251186,84.10400539019119,85.55888257080045,87.23686596959587,88.95888159882477,90.50530974680748,91.75888120996255,92.62018358759758,92.95888110628044,92.66724291619775,91.75888120996255,90.29292715023841,88.3892446886574,86.18288102606155,83.80888345921153,81.38075876473002,78.92585136785786,76.44996557605796,73.95890665815509,71.4584815893005,68.95450035480951,66.45277820983941,63.95913955012048
57.06360984010274,59.13249104352295,61.14210328275519,63.11218755911696,65.06251948622591,67.0128935371255,68.98311474768602,70.99299422477849,73.06234665164831,75.191168304148,77.30017424373045,79.29025940560311,81.0623192585823,82.55903233137113,83.89020791213784,85.20743819275948,86.66231552034222,88.34029903750347,90.06231474888459,91.60874294744278,92.8623144402444,93.72361683381772,94.06231435795186,93.77067616320097,92.8623144402444,91.39636034494748,89.49267781505628,87.28631402503403,84.91231622547463,82.48419111703264,80.02928298564747,77.55339588667337,75.06233463850081,72.56190541384123,70.05791677460263,67.55618146545677,65.06251948622591
58.45651854939736,60.57426432649204,62.65770656179684,64.72489061287818,66.79240528604056,68.87390464909167,70.97896789732178,73.1127201694616,75.27665493503119,77.45901179017922,79.6029972981103,81.64378857815865,83.52080675530769,85.21111101979582,86.80908505290809,88.42446893799944,90.14636200645894,92.00168923335414,93.83685856946201,95.50070945750466,97.00193751211006,98.30984385202939,98.95377208812972,98.45164902340366,97.00193751211006,94.94866281079103,92.52127735666441,89.89808378862406,87.22963362614473,84.62184023763781,82.06516540987813,79.53458722992848,77.01346271217648,74.48877863432523,71.94919523900256,69.38539737319385,66.79240528604056
56.20916287526801,58.27784870672956,60.287342342080436,62.257353108544095,64.20763870369176,66.15798318408791,68.12818537060335,70.13805257032614,72.20739708966143,74.33621372247617,76.44521660964239,78.43529997670971,80.20735879518419,81.7040712694338,83.03524646618686,84.35247646670572,85.80735356925754,87.48533690518897,89.20735249078697,90.75378061190905,92.00735205931886,92.86865442848907,93.20735194427678,92.91571375667334,92.00735205931886,90.5413980184874,88.63771559318585,86.43135199826601,84.05735455500772,81.6292300803801,79.17432307360687,76.69843797604526,74.20738029574434,71.70695743402773,69.2029801321722,66.7012649786243,64.20763870369176
54.403359840519215,56.4716426576484,58.48089160918249,60.45075071196658,62.40094071219568,64.35122417929868,66.32138711252452,68.3312289794401,70.40055718245688,72.52936345766257,74.63836004646049,76.62843971011276,78.40049639398016,79.89720763319744,81.22838203757223,82.54561146012364,84.00048809834385,85.6784710603234,87.40048638637889,88.94691434771828,90.20048570146602,91.06178802028252,91.40048551884811,91.10884734599283,90.20048570146602,88.73453177301928,86.8308495635294,84.62448637118639,82.2504896631242,79.8223664963167,77.3674618100795,74.89158084224874,72.40053052390905,69.90012079146936,67.39616688298918,64.89449331771847,62.40094071219568
53.26204063865785,55.35256817058172,57.39489048315242,59.40834782009293,61.41167794117703,63.42225367984736,65.45539309762398,67.52398404894225,69.63875647963391,71.79351516104676,73.91955690055758,75.93445859281334,77.75835367887213,79.35233636713824,80.82109755895476,82.2969190052857,83.8981400464732,85.67556211835989,87.46195460987335,89.07595134395707,90.474565296659,91.60601700764073,92.13560419240822,91.71179142220188,90.474565296659,88.67024589693814,86.48133806866477,84.05918843282606,81.53878211795066,79.02377192261233,76.52047277802632,74.01882327307726,71.51367038416689,69.00190518183855,66.4813389023968,63.95087175980265,61.41167794117703
51.893992311229596,53.960621527082694,55.968866138437164,57.9381025706393,59.88790003920889,61.83793295058486,63.80793467768996,65.81767250342317,67.88693369410191,70.01569742916678,72.12466814943699,74.11473260241024,75.88678051898205,77.38348668564282,78.71465783553737,80.03188488424126,81.48675961534181,83.16474104141182,84.8867553014639,86.43318260653731,87.68675357559232,88.54805568759392,88.88675311542414,88.59511500314305,87.68675357559232,86.2208001087369,84.31711878563729,82.11075724677369,79.73676355833581,77.30864576304833,74.85375060776963,72.37788660159936,69.88686652015559,67.38651071136277,64.88265288045268,62.38115011344854,59.88790003920889
51.249102663172295,53.32406597011814,55.342581224101224,57.32438959003305,59.289082085169696,61.255880676846346,63.243422658341316,65.26961899065074,67.35170083230604,69.48783549283824,71.60166132803111,73.59878724594354,75.3856416274036,76.910456339253,78.28214901773627,79.64721345194204,81.14732037135869,82.85664069425206,84.59920683165936,86.16742790975809,87.46855923813146,88.4213153660952,88.82692155641364,88.48875167063609,87.46855923813146,85.89330214856994,83.9019036794968,81.63180060356582,79.21581632107744,76.76324865204631,74.29487762387303,71.81186467741391,69.31691411221861,66.81335638433828,64.30479952251737,61.79517548672878,59.289082085169696
39.47152318661132,41.51625894581565,43.51114806164979,45.47208212804833,47.41663700227417,49.36331996850866,51.33116489091911,53.33951012012747,55.407874093084814,57.536068161469885,59.64469242993134,61.6345531555782,63.40648364092519,64.90312186300963,66.23424942002671,67.55144467139257,69.00629385672497,70.6842547092492,72.40625469009825,73.95267320440996,75.20623902045044,76.0675383621343,76.4062348424525,76.11459754157269,75.20623902045044,73.74029173667587,71.83662228687366,69.63028289645791,67.25632965574164,64.82828381070436,62.37351631722565,59.8978794929325,57.40726436815805,54.90763064722988,52.40505906482505,49.9058418671155,47.41663700227417
40.461564996649756,42.51133422618295,44.50930347648828,46.47215596601454,48.41792369679027,50.36538225100223,52.333726765746945,54.34239467091251,56.41096657863304,58.53929268729371,60.64799726464557,62.63790521738501,64.40986292584905,65.90651689922522,67.23765456228669,68.55485718521118,70.00971229283435,71.68767791495554,73.4096812061845,74.95610175848256,76.20966876916196,77.07096875309742,77.4096654530804,77.11802796409077,76.20966876916196,74.74372005194522,72.84004784952526,70.63370332439206,68.25974070665424,65.83167818150963,63.37688109292972,60.90119160402077,58.4104826086639,55.91068152155225,53.407811864248146,50.90806517660701,48.41792369679027
41.45433999602449,43.50812229657806,45.508543149580376,47.4729210120406,49.41965248318763,51.36772706939827,53.33646829453093,55.345392382902105,57.41412935887661,59.542560279869534,61.651328602869754,63.64127404140105,65.41325335747109,66.90991983289413,68.24106551723841,69.55827399103202,71.01313379921518,72.6911032069875,74.41310912567596,75.95953129552868,77.21309925439525,78.0743997480868,78.41309662241807,78.12145898412541,77.21309925439525,75.74714939945268,73.84347501227282,71.63712641169428,69.26315635135553,66.83508058703359,64.38026000828486,61.90452871780465,59.41374521214284,56.913811270010484,54.410704978561455,51.91053787036413,49.41965248318763
42.44929514203159,44.50627403073888,46.508645084646986,48.47423535378283,50.42173243736357,52.37029625062948,54.33935246079645,56.34847992925984,58.41734793910153,60.54586205719289,62.654680977944935,64.64465616999179,66.41665263641042,67.91332903486476,69.24448108577478,70.56169420344358,72.01655774248547,73.69453015494342,75.41653815905362,76.9629616127628,78.21653032420704,79.0778312224927,79.41652823520441,79.12489047840978,78.21653032420704,76.75057956624961,74.84690344502101,72.64055160974846,70.26657564217936,67.83848936980998,65.38365014657342,62.907885677132214,60.41704302934224,57.91700362978145,55.41370948895667,52.91320858929829,50.42173243736357
43.445987529372935,45.50551077609478,47.50943246220028,49.475986103140066,51.42409128967758,53.37304358058864,55.34234986752347,57.35163878870941,59.4206108122396,61.54919096863402,63.65805005061054,65.64804885868276,67.42005893758164,68.91674321204576,70.24790031614606,71.56511711968452,73.01998361992472,74.69795841721097,76.41996807652515,77.96639254923338,79.21996185799956,80.08126307741207,80.41996019995648,80.1283223491067,79.21996185799956,77.75401038331796,75.85033288577173,73.64397848311391,71.26999782695154,68.84190321427295,66.38704919268966,63.91125838843956,61.42036879745757,58.92024568977287,56.41680243217584,53.91603653686532,51.42409128967758
44.44406310948972,46.50561038338438,48.510764547954196,50.47808350152799,52.42667161461378,54.37593235256027,56.34543717155053,58.3548542566478,60.42390884348268,62.552541417488115,64.66143237655984,66.65144992908978,68.42347081237234,69.92016133808914,71.2513224529367,72.56854218196668,74.02341103252016,75.7013877226508,77.42339869570355,78.96982397719283,80.22339376005418,81.08469523434539,81.42339244406415,81.13175451856266,80.22339376005418,78.75744171650774,76.85376312657598,74.6474066861788,72.27342230866398,69.84532107623573,67.3904553090665,64.91464360245519,62.42371675134311,59.923527200376526,57.419965575724206,54.91898931214156,52.42667161461378
45.443239278329685,47.50639591083436,49.51252939302434,51.480456207014484,53.42942779247461,55.37893341566442,57.34859583863465,59.35811465934174,61.42723478149409,63.55590896125932,65.6648252218977,67.65485765216934,69.42688711099197,70.92358259836885,72.25474689656602,73.57196894756945,75.0268396635733,76.70481785605855,78.42682987182772,79.97325579524758,81.22682595439878,82.08812763098746,82.42682490989654,82.13518692514398,81.22682595439878,79.76087345934368,77.85719400238408,75.65083594462934,73.27684861346663,70.84874212691324,68.39386703718412,65.91803874009972,63.42708231478767,60.92684002517029,58.42318444433653,55.92204118545756,53.42942779247461
46.54329072196561,48.60772652655374,50.61463798693297,52.58304753207044,54.53232358900769,56.48202362228028,58.451811153875155,60.461410729652954,62.53058287023222,64.65929007369174,66.7682264166375,68.75827065554165,70.53030692083489,72.02700634630762,73.35817317114194,74.6753970651028,76.13026926171901,77.8082486466259,79.53026149000056,81.07668792292142,82.3302583807342,83.19156021788656,83.5302575517121,83.23861951993186,82.3302583807342,80.86430552731626,78.96062538219564,76.75426604074164,74.38027636526166,71.95216570848979,69.49728321938824,67.02144175427408,64.53046185539044,62.030177705450896,59.5264475463881,57.02517172694266,54.53232358900769
47.54403796883064,49.60949020384315,51.61701958319439,53.58581244378891,55.53533022875601,57.48518459347855,59.45507143536179,61.464735111184126,63.533948540713126,65.6626819558401,67.77163423840139,69.76168784992487,71.53372951755512,73.03043206871152,74.36160089894597,75.67882625566679,77.13369962744798,78.81167995878175,80.53369345902792,82.08012029634023,83.333690991201,84.19499295579287,84.53369033320561,84.2420522640995,83.333690991201,81.86773785335014,79.96405716203537,77.75769680170751,75.38370526553831,72.95559129885136,70.50070293683146,68.02485102014276,65.53385248994947,63.033535114425035,60.52974575933274,58.028364716218306,55.53533022875601
48.545338167736304,50.61159787024436,52.619617967942204,54.58871517431594,56.53842486234248,58.488401737702276,60.45836740946385,62.46808196448788,64.53732816627308,66.66608238608295,68.77504732010033,70.76510837074066,72.53715432623241,74.03385935825496,75.36502978018086,76.68225629789738,78.13713060240902,79.81511168492307,81.53712570652883,83.08355286480702,84.33712374781294,85.19842581355365,85.53712322556159,85.24548512682992,84.33712374781294,82.87117038420745,80.96748925937788,78.76112809036863,76.38713507736728,73.95901848359242,71.50412546021357,69.02826524804016,66.53725192996282,64.03690818262828,61.53307184156883,59.03160727589757,56.53842486234248
49.54707768205377,51.61397872993953,53.62238848488272,55.59172731879303,57.54158934772441,59.49166347098401,61.46169171462941,63.47144665436909,65.54071886826415,67.66948960105705,69.77846457665196,71.7685315317635,73.54058089054817,75.0372878916414,76.36845957689638,77.68568701609726,79.14056206091837,80.81854373964511,82.54055817505449,84.08698558808354,85.34055662042041,86.20185876644302,86.54055620590923,86.2489180836637,85.34055662042041,83.87460307763331,81.9709216087227,79.76455979786215,77.390565612697,74.96244693379693,72.50755021068213,70.03168341433746,67.54065835898041,65.04029367991947,62.536420044783256,60.03488918313502,57.54158934772441
50.549166156964056,52.616576529820264,54.6252956655007,56.59482632225071,58.5448092814693,60.4949605974586,62.465038507319036,64.47482550160467,66.54411836179929,68.6729022011415,70.78188514681116,72.77195678833002,74.54400884831949,76.04071741226886,77.37189010023053,78.68911827081496,80.14399390322063,81.82197605516197,83.54399081900767,85.0904184342327,86.34398958509365,87.20529179483609,87.5439892560959,87.2523511151874,86.34398958509365,84.87803590008997,82.97435415808192,80.7679918377834,78.3939967222704,75.96587638840273,73.51097672879739,71.03510470656698,68.54407033524393,66.0436890424044,63.53978580612723,61.03820232275696,58.5448092814693
51.651531775959214,53.719346582391296,55.72831134278822,57.69799427648381,59.64807322899186,61.59828581731455,63.568403149089065,65.5782155858255,67.64752483329777,69.77631907543221,71.88530834699813,73.8753837081369,75.64743791208,77.14414771647145,78.47532120028303,79.79254995136755,81.24742605013978,82.92540857767199,84.64742360219785,86.1938513779059,87.44742262283953,88.30872488315637,88.6474223617138,88.3557842059925,87.44742262283953,85.98146882495845,84.07778686619281,81.87142414155291,79.4974282876218,77.06930664020382,74.61440464989926,72.13852847986448,69.64748671440334,67.14709223503753,64.64316550380728,62.14154025292929,59.64807322899186
52.65411747399041,54.72225339433801,56.731413150725146,58.70121696376141,60.65137211303433,62.601633336026936,64.57178195813766,66.58161458902735,68.65093684327877,70.77973934218872,72.88873363464933,74.87881194806248,76.65086785366641,78.14757864259892,79.47875275807766,80.79598196990577,82.25085843883355,83.92884126447258,85.65085649590046,87.19728439898407,88.45085571858318,89.31215801904102,89.65085551132756,89.35921734384934,88.45085571858318,86.98490183111126,85.08121970030494,82.87485665473898,80.5008602147247,78.0727375247401,75.61783368455511,73.14195422239564,70.65090658817115,68.15050164255081,65.64655626304138,63.144897860250396,60.65137211303433
53.75687791797765,55.825268778947304,57.83458333118098,59.804483096955735,61.75469872795075,63.704998554062115,65.67517201204878,67.68502067134254,69.75435324919998,71.88316230156346,73.99216057912822,75.98224123576942,77.75429849198485,79.251010062349,80.58218467918273,81.89941425670352,83.3542910194241,85.03227408167075,86.75428947731689,88.30071748149855,89.55428886035973,90.41559119267748,90.75428869586084,90.46265051905112,89.55428886035973,88.08833490177949,86.18465263442438,83.97828933413918,81.60429242895013,79.17616891147927,76.72126360304117,74.24538152791415,71.75432923562887,69.25391598287266,66.74995580201113,64.24827108588671,61.75469872795075
54.85977710148167,56.92837035454532,58.93780778560563,60.907783715887604,62.85804735397252,64.80837782050561,66.77857099119339,68.78843237242513,70.8577731442088,72.98658739808113,75.09558883863606,77.08567135510259,78.85772968330053,80.35444187388799,81.68561688864773,83.0028467564191,84.45772375232329,86.13570700236554,87.85772252835187,89.40415061277508,90.65772203867262,91.5190243962776,91.85772190810974,91.56608372389368,90.65772203867262,89.19176802365368,87.28808564791969,85.08172214546363,82.70772487106504,80.2796006968174,77.82469422302478,75.34881007398006,72.85775408457675,70.35733423840207,67.85336230957157,65.35165670813568,62.85804735397252
55.96278643006562,58.03154035056835,60.04107532150698,62.011111707862625,63.9614134509107,65.91176823745943,67.88197705441405,69.89184853317134,71.96119580852564,74.09001419085669,76.1990181418855,78.18910213449888,79.96116131353085,81.45787399639026,82.78904932698424,84.10627942512775,85.56115660610993,87.23914000520568,88.96115563464309,90.50758378275411,91.76115524598441,92.62245762365987,92.96115514235659,92.66951695226204,91.76115524598441,90.29520118617,88.39151872441565,86.18515506149647,83.81115749405598,81.38303279852406,78.92812539978809,76.45223960467123,73.96118068085539,71.46075560145559,68.95677434817532,66.45505216980165,63.9614134509107
57.06588319815731,59.13476465859267,61.14437705384471,63.114461426904356,65.06479341495941,67.01516750475633,68.98538874034114,70.99526823358326,73.06462067085461,75.19344232995718,77.30244827355475,79.29253343778825,81.06459329212824,82.56130636570438,83.89248194697626,85.20971222796632,86.66458955584504,88.3425730732447,90.06458878479125,91.61101698345132,92.86458847631265,93.72589086991808,94.06458839406318,93.7729501993029,92.86458847631265,91.39863438094407,89.49495185091533,87.28858806063644,84.91459026060835,82.48646515133262,80.03155701846816,77.55566991686143,75.06460866399571,72.56417943096636,70.06019077681458,67.55845544115604,65.06479341495941
58.45881731557175,60.57656481122183,62.66000962248886,64.72719700274043,66.7947155994736,68.8762192311394,70.98128673757074,73.11504280712236,75.27898040025343,77.46133882873232,79.6053253542602,81.64611809512533,83.52313924260748,85.21344880103484,86.81142975390392,88.42682088530512,90.14872003424446,92.00405109785817,93.83922280135434,95.50307608175105,97.00430897490494,98.31222337244448,98.95615665769338,98.4540301492575,97.00430897490494,94.95102233380928,92.52362478232803,89.90042048687037,87.23196210135566,84.6241634145021,82.06748548705903,79.53690561114799,77.01578015219754,74.49109531050829,71.95151078664223,69.3877109309089,66.7947155994736
56.21143596353845,58.28012215422906,60.28961600766391,62.259626909297566,64.2099125896416,66.16025712441323,68.13045934591102,70.14032656821018,72.20967110208633,74.33848774413163,76.44749063691081,78.43757400727853,80.20963282765534,81.70634530300558,83.03752050046481,84.35475050149873,85.80962760446432,87.48761094072904,89.20962652655832,90.75605464782282,92.0096260953161,92.87092846453118,93.20962598033424,92.91798779271767,92.0096260953161,90.54367205438446,88.63998962889059,86.433626033612,84.0596285896985,81.63150411390541,79.17659710506415,76.70071200382219,74.20965431696045,71.70923144354322,69.20525412083984,66.70353893022873,64.2099125896416
54.405632372315836,56.47391575945929,58.483165057094354,60.453024374413815,62.40321450987025,64.35349806328345,66.32366105203812,68.3335029547905,70.4028311808891,72.5316374707472,74.6406340684551,76.63071373734641,78.40277042423355,79.89948166519798,81.23065607069375,82.54788549406274,84.00276213293981,85.6807450954484,87.40276042187105,88.94918838343648,90.20275973731673,91.06406205620445,91.40275955479441,91.11112138191827,90.20275973731673,88.73680580871103,86.8331235989158,84.6267604060033,82.25276369690106,79.82464052824344,77.3697358387235,74.89385486505057,72.40280453629629,69.90239478528324,67.39844084370975,64.89676721960689,62.40321450987025
53.26432545620962,55.35485380985068,57.39717737363736,59.41063636335234,61.41396848591248,63.424546470878255,65.45768820440149,67.5262812871016,69.64105534715728,71.7958149513588,73.92185729400137,75.93675986086944,77.76065675796121,79.35464278698345,80.82340857829661,82.2992351486866,83.90046075506251,85.67788584230543,87.46428024947014,89.07827896387471,90.47689706489493,91.60835614253811,92.13794826315248,91.71413209846693,90.47689706489493,88.67256776782263,86.48365097621382,84.06149415710956,81.54108276122714,79.02606946864759,76.52276857205416,74.02111812650719,71.51596472096733,69.00419910214367,66.48363221185345,63.953164005074626,61.41396848591248
51.89626256030767,53.962893210168346,55.9711386927557,57.94037566520569,59.89017347438741,61.840206603194616,63.81020847020034,65.81994638622707,67.88920763506451,70.0179714070496,72.12694214977105,74.11700661594568,75.8890545401267,77.38576071118996,78.71693186390911,80.03415891467327,81.48903364742901,83.16701507483205,84.88902933580933,86.43545664145233,87.68902761084121,88.55032972302229,88.88902715091392,88.59738903858027,87.68902761084121,86.22307414358517,84.31939281971626,82.11303127941758,79.73903758835894,77.31091978840948,74.85602462485883,72.38016060396747,69.88914049628116,67.38878464068854,64.88492672639515,62.38342381116402,59.89017347438741
51.25137954365432,53.326343078368794,55.344858682330084,57.32666751650136,59.291360587918106,61.25815983875607,63.245702513921984,65.2718994977444,67.35398184614367,69.49011679708104,71.60394282343441,73.60106902047322,75.38792398725333,76.91273980555535,78.28443406682494,79.64950035076336,81.14960900055799,82.85893051179677,84.60149742386831,86.16971931947671,87.47085241777742,88.42361189518124,88.82922049169657,88.49104893645723,87.47085241777742,85.89559123142108,83.90418939926843,81.63408383658073,79.21809789598016,76.76552925430839,74.29715768814279,71.81414445639297,69.319193735537,66.81563588269734,64.30707883845729,61.79745448726368,59.291360587918106
39.47252587045065,41.51726733315401,43.51215994239156,45.47309618586368,47.41765243696456,49.36433628387363,51.33218177365079,53.34052736934376,55.40889157848092,57.53708579684793,59.64571015653293,61.63557093582624,63.40750145209688,64.90413969207384,66.23526726057082,67.55246252031039,69.00731171237018,70.68527257031246,72.40727255492192,73.95369107154869,75.2072568889462,76.06855623135965,76.40725271192736,76.1156154108339,75.2072568889462,73.74130960354334,71.83764015061428,69.63130075436574,67.25734750299767,64.82930163901273,62.37453411191581,59.898897227799466,57.40828199639665,54.90864808536155,52.40607616439924,49.90685836534517,47.41765243696456
40.46257077668673,42.51234455581498,44.510316587554854,46.47317080846516,48.41893963345356,50.36639888722373,52.33474385252026,54.343412048659985,56.411984143874946,58.54031037159143,60.64901502135308,62.6389230166738,64.41088074968275,65.9075347372605,67.2386724094337,68.55587503900445,70.01073015196724,71.68869577838875,73.41069907260237,74.95711962673792,76.2106866384944,77.07198662300888,77.41068332318991,77.11904583403071,76.2106866384944,74.74473791998523,72.84106571508349,70.63472118532077,68.26075855912859,65.83269601894497,63.37789890368161,60.90220936728889,58.41150028729447,55.91169904927409,53.40882912319097,50.909081958054585,48.41893963345356
41.45534824715992,43.509134173143835,45.50955723928814,47.473936478121516,49.420668818620506,51.36874396042802,53.33748554331049,55.34640986268796,57.41514698750109,59.543578002998174,61.65234638347363,63.642291855802995,65.41427119135483,66.91093767804986,68.24208336962622,69.55929184869504,71.01415166111624,72.69212107230175,74.41412699335913,75.96054916467028,77.21411712439175,78.07541761854289,78.41411449303135,78.12247685460409,77.21411712439175,75.74816726842337,73.8444928792737,71.63814427502074,69.26417420797166,66.83609843171314,64.38127783178533,61.90554650361592,59.41476293077312,56.91482886885133,54.41172236403082,51.91155487671429,49.420668818620506
42.45030536313942,44.507287138482894,46.50965995244965,48.47525131538528,50.42274908952297,52.3713133439916,54.340369838197205,56.34949749004818,58.41836561803842,60.54687981114374,62.655698777516164,64.64567399638938,66.41767047827099,67.91434688567207,69.24549894232223,70.56271206417802,72.01757560658368,73.69554802175068,75.4175560277411,76.96397948260781,78.21754819473057,79.07884909338102,79.41754610621749,79.12590834931603,78.21754819473057,76.75159743595898,74.84792131316696,72.64156947497796,70.26759350208289,67.83950722023933,65.38466798019267,62.9089034808367,60.41806077972254,57.91802128507658,55.41472697487262,52.914225774224576,50.42274908952297
43.44699931953714,45.50652486316032,47.51044794842777,49.4770024583826,51.42510819336354,53.374060834599405,55.343367347034075,57.352656413798655,59.421628531113015,61.55020874704982,63.659067865236665,65.6490666946015,67.42107678577356,68.91776106733877,70.24891817599504,71.56613498285672,73.02100148576676,74.6989762852032,76.42098594600972,77.9674104196367,79.22097972894144,80.08228094864347,80.42097807128692,80.1293402203523,79.22097972894144,77.75502825361365,75.85135075482648,73.6449963498539,71.27101568946428,68.84292106926597,66.38806703434032,63.91227620634636,61.42138657303927,58.92126338988024,56.41781999783041,53.91705386357221,51.42510819336354
44.44507614848858,46.506625249086696,48.51178052556253,50.47910016942006,52.42768871802511,54.37694973411406,56.34645473212038,58.355871932778484,60.42492659405596,62.55355921532259,64.66245020313536,66.65246777256559,68.42448866558951,69.92117919694249,71.25234031540617,72.56956004707378,74.02442889974634,75.70240559158356,77.42441656582076,78.97084184803929,80.22441163132808,81.0857131058491,81.42441031564644,81.13277239007765,80.22441163132808,78.75845958726873,76.85478099635208,74.64842455411767,72.27444017324765,69.84633893485098,67.3914731570918,64.91566143163465,62.42473454692808,59.92454493605422,57.42098320467626,54.920006751407925,52.42768871802511
45.444253310725855,47.50741139539276,49.51354576098055,51.481473123193624,53.430445054463945,55.379950898471975,57.34961346355044,59.359132375987684,61.42825255722897,63.55692677450695,65.66584305795766,67.65587550164327,69.4279049681977,70.92460046004805,72.25576476111533,73.57298681421227,75.02785753189804,76.70583572573784,78.42784774244714,79.97427366644575,81.2278438259362,82.08914550270728,82.42784278167875,82.13620479687276,81.2278438259362,79.76189133047401,77.85821187273271,75.65185381351974,73.27786647969401,70.84975998840346,68.39488489026904,65.91905657822646,63.4281001262498,60.927857789081926,58.42420212353343,55.923058714080184,53.430445054463945
46.544305544209685,48.608742502836044,50.61565466492209,52.58406464540148,54.53334097689566,56.48304118546733,58.45282882986817,60.46242847845818,62.53160066593878,64.66030789917312,66.76924426022539,68.75928850977635,70.53132478120637,72.02802421022972,73.35919103734207,74.67641493296452,76.13128713091568,77.80926651689767,79.5312793610185,81.07770579439874,82.33127625248082,83.19257808977792,83.53127542365297,83.23963739183031,82.33127625248082,80.86532339873976,78.96164325299867,76.75528391038728,74.38129423279365,71.95318357226188,69.49830107648901,67.02245959950241,64.53147967945463,62.031195491772934,59.52746526546791,57.02618932649855,54.53334097689566
47.545053418853826,49.61050657074609,51.618036507391444,53.586829713653955,55.53634771659199,57.48620222047188,59.45608915189845,61.465752885515656,63.534966352271766,65.66369979103162,67.77265208796427,69.76270570793824,71.53474738043927,73.0314499344138,74.36261876645631,75.67984412449597,77.13471749733672,78.8126978295238,80.5347113303622,82.0811381680391,83.33470886311359,84.19601082782037,84.53470820527241,84.24307013613264,83.33470886311359,81.86875572500628,79.96507503319907,77.75871467195257,75.38472313410577,72.95660916443458,70.50172079711962,68.02586887100767,65.53487032401615,63.034552918534914,60.53076351006986,58.02938237208103,55.53634771659199
48.54635411658124,50.61261454739697,52.620635087639556,54.58973256845641,56.539442429521216,58.489419415344386,60.45938515818233,62.469099759080535,64.53834599041387,66.66710022898154,68.77606517440566,70.76612623175316,72.53817219111087,74.0348772253702,75.36604764873115,76.68327416749443,78.13814847284704,79.81612955603836,81.53814357811419,83.08457073668174,84.33814161985731,85.19944368568922,85.53814109772833,85.24650299896996,84.33814161985731,82.87218825604828,80.96850713082787,78.76214596108946,76.3881529467566,73.96003635061317,71.5051433230316,69.02928310337887,66.53826977196863,64.03792600085687,61.534089617433764,59.03262497645548,56.539442429521216
49.54809402716278,51.614995653472356,53.62340575980225,55.592744811592596,57.54260697788635,59.49268118882968,61.462709488892074,63.47246446504363,65.54173670239163,67.67050745007285,69.77948243472136,71.76954939515645,73.54159875700952,75.03830575987809,76.36947744627209,77.68670488630377,79.14157993179236,80.81956161105664,82.54157604683913,84.08800346009787,85.34157449256938,86.20287663866438,86.54157407815532,86.24993595588859,85.34157449256938,83.87562094962072,81.97193948039987,79.76557766896059,77.39158348273867,74.96346480195862,72.5085680755081,70.0327012732271,67.54167620728758,65.04131150935432,62.53743784059303,60.035906919170316,57.54260697788635
50.55018281680819,52.61759364899018,54.626313063653896,56.59584389336965,58.545826961626574,60.49597834721612,62.46605630185704,64.47584332504371,66.54513620385337,68.67392005501256,70.78290300786813,72.77297465361231,74.54502671603719,76.04173528139566,77.37290797026135,78.69013614150519,80.14501177444068,81.82299392680866,83.54500869095048,85.09143630635779,86.34500745732564,87.20630966712548,87.54500712840493,87.25336898747962,86.34500745732564,84.87905377219371,82.97537202993945,80.76900970918157,78.3950145928298,75.96689425746999,73.51199459521709,71.036122568275,68.54508818855257,66.04470688073386,63.54080361776778,61.03922008695244,58.545826961626574
51.65254868574756,53.72036385689208,55.729328838773284,57.69901190977346,59.649090948834,61.59930359240194,63.569420959720205,65.57923341939599,67.64854268164326,69.77733693315696,71.88632621042636,73.87640157491879,75.64845578079486,77.14516558630473,78.4763390708338,79.7935678224417,81.24844392163442,82.9264264495053,84.64844147426616,86.19486925011896,87.44844049513736,88.30974275549983,88.64844023407284,88.35680207833819,87.44844049513736,85.98248669715451,84.07880473819345,81.87244201318897,79.49844615859213,77.07032450998983,74.61542251758391,72.13954634380941,69.64850457168168,67.14811008042678,64.6441833280131,62.142558039476626,59.649090948834
52.65513458224713,54.72327079215876,56.73243072437282,58.702234646401436,60.65238986437653,62.602651131219545,64.57279978154229,66.58263243063934,68.65195469661782,70.7807572029721,72.88975149995964,74.87982981603459,76.65188572317275,78.1485965129929,79.47977062904116,80.79699984128466,82.25187631054621,83.92985913645401,85.6518743680684,87.1983022712669,88.45187359093333,89.31317589142735,89.65187338372627,89.36023521623744,88.45187359093333,86.9859197033806,85.08223757241919,82.87587452656385,80.50187808602118,78.07375539509661,75.61885155324377,73.14297208811607,70.65192444860025,68.15151949354342,65.64757409722047,63.14591566453913,60.65238986437653
53.75789518381394,55.826286274668476,57.83560096647794,59.80550081876855,61.75571650429596,63.70601636521283,65.67618984559194,67.68603851933715,69.75537110650244,71.88418016477455,73.99317844593234,75.9832591046862,77.75531636211936,79.25202793318805,80.5832025504738,81.90043212832428,83.35530889130978,85.03329195376972,86.75530734956395,88.30173535383676,89.55530673275138,90.41660906509784,90.75530656829102,90.46366839147291,89.55530673275138,88.089352774107,86.18567050662878,83.97930720611392,81.6053103005055,79.17718678228852,76.72228147252666,74.24639939504377,71.75534709855879,69.25493383831278,66.75097364410617,64.24928890425723,61.75571650429596
54.860794492423736,56.9293879279835,58.938825469838974,60.908801468794024,62.8590651501635,64.80939564432262,66.77958883278367,68.78945022548567,70.85879100465705,72.98760526321908,75.09660670662582,77.08668922476917,78.85874755393363,80.35545974508028,81.68663476019876,83.00386462823184,84.45874162434629,86.13672487455786,87.85874040066169,89.40516848515726,90.6587399110972,91.52004226872498,91.85873978056492,91.56710159634216,90.6587399110972,89.19278589602737,87.28910352019567,85.08274001755731,82.70874274282585,80.28061856798607,77.82571209314276,75.34982794222819,72.85877194949151,70.35835209737218,67.85438015794958,65.35267453768321,62.8590651501635
55.963803920326114,58.03255798569903,60.04209304458453,62.01212948544942,63.962431262853826,65.91278607132992,67.88299490239143,69.89286639025275,71.96221367147072,74.09103205752402,76.20003601081629,78.19012000476059,79.96217918455969,81.45889186786292,82.79006719874164,84.10729729709286,85.56217447824193,87.24015787747207,88.96217350700272,90.50860165517119,91.76217311843513,92.62347549612869,92.96217301483159,92.67053482473175,91.76217311843513,90.29621905858033,88.39253659674844,86.18617293368456,83.81217536597987,81.38405066997794,78.92914327040805,76.45325747380713,73.96219854734557,71.46177346322744,68.95779220154014,66.45607000822054,63.962431262853826
57.06690076726068,59.13578234269403,61.145394807755025,63.11547922408084,65.0658112394054,67.01618534660642,68.98640659338798,70.99628609385606,73.06563853578143,75.19446019783837,77.30346614323244,79.29355130852232,81.06561116347115,82.56232423739957,83.89349981889742,85.21073010005236,86.66560742806355,88.34359094556984,90.06560665719043,91.61203485589607,92.86560634878413,93.72690874240391,94.06560626655393,93.77396807178943,92.86560634878413,91.3996522533835,89.49596972329319,87.28960593289946,84.91560813266167,82.48748302301291,80.03257488948657,77.5566877867019,75.06562653173629,72.56519729496199,70.06120863413753,67.55947328661622,65.0658112394054
58.45991896976797,60.577672287573094,62.66112582571566,64.72832448453615,66.79585637350083,68.87737446627435,70.98245639847276,73.11622533269497,75.28017250485682,77.46253626335292,79.60652623621756,81.64732392592012,83.52435513603508,85.21468262872824,86.81268702349705,88.42810270287856,90.15002245023253,92.00536651116302,93.8405462344289,95.50440761915004,97.00565690328216,98.31359859649038,98.95754898591782,98.45541081179636,97.00565690328216,94.95232981507283,92.5248912821702,89.90165064571956,87.23316440297504,84.62534776675582,82.06865933837902,79.53807371697111,77.01694506946923,74.49225764008055,71.95266929297709,69.38886269584059,66.79585637350083
56.212453411930525,58.281139763353366,60.29063371436696,62.260644676480624,64.21093039494463,66.16127495404581,68.13147719119601,70.14134442359665,72.21068896397892,74.33950561015429,76.44850850544492,78.43859187728938,80.21065069851733,81.70736317436007,83.03853837213522,84.35576837339963,85.81064547655038,87.4886288129642,89.21064439889697,90.75707252022517,92.0106439677558,92.87194633699094,93.21064385280089,92.91900566517842,92.0106439677558,90.54468992677937,88.64100750119943,86.4346439057603,84.06064646155366,81.63252198523907,79.17761497547252,76.70172987258383,74.21067218278654,71.71024930413407,69.20627197210254,66.70455676490799,64.21093039494463
54.406649571721104,56.47493321390985,58.48418266640317,60.454042079713616,62.404232275675724,64.35451586770724,66.32467888130753,68.3345208000946,70.40384903652082,72.53265533293492,74.64165193462952,76.63173160586499,78.40378829410326,79.90049953584943,81.23167394184671,82.54890336558157,84.00378000475257,85.68176296749783,87.40377829408476,88.95020625575134,90.20377760969086,91.06507992861047,91.40377742721134,91.11213925432585,90.20377760969086,88.73782368101402,86.8341414710822,84.62777827791487,82.25378156834728,79.82565839886189,77.37075370787309,74.89487273158619,72.403822398172,69.90341263884858,67.39945868246795,64.89778503204141,62.404232275675724
53.265379854619354,55.35591099213035,57.398238794867765,59.411703383951334,61.415042287219634,63.42562788228949,65.45877746118879,67.52737776465048,69.64215734470571,71.79692007514956,73.92296446109248,75.93786999098542,77.76177302351378,79.35577037035526,80.82455174378862,82.3003956733198,83.90163674543527,85.67907204792695,87.46547294480756,89.07947836799809,90.47811052234411,91.60959455600155,92.13920339766386,91.71537573359286,90.47811052234411,88.67374769575518,86.48480053853095,84.06261938405936,81.54219077470549,79.0271669892268,76.52386015713122,74.0222065249946,71.51705136919855,69.00528433935618,66.4847153796091,63.95424356754002,61.415042287219634
51.89727873834041,53.963910029829094,55.9721559022381,57.941393116414815,59.89119107799888,61.841224304092734,63.81122623369512,65.82096419012248,67.89022546498225,70.01898925348678,72.12796000625376,74.1180244783352,75.89007240592079,77.38677857895391,78.71794973293686,80.03517678462288,81.49005151811923,83.16803294611873,84.89004720750997,86.43647451340782,87.69004548294606,88.55134759520749,88.89004502312656,88.59840691076938,87.69004548294606,86.22409201551079,84.32041069129767,82.11404915035688,79.74005545812562,77.31193765609021,74.85704248883837,72.38117846136028,69.89015834193208,67.38980246539953,64.8859445137974,62.3844415322441,59.89119107799888
51.25240705219623,53.32737135856728,55.34588814821822,57.32769856873536,59.29239359252709,61.259195076531384,63.24674010177685,65.27293929285088,67.35502335803986,69.49115929283568,71.60498596681836,73.60211310950407,75.3889700592778,76.91378962610473,78.28548924965146,79.65056180023635,81.15067631230893,82.86000184948963,84.60257138600845,86.17079605121606,87.47193514575511,88.4247059705113,88.83032271880245,88.49214550771944,87.47193514575511,85.89666008007923,83.90524685428035,81.63513286678136,79.21914130869872,76.76656937183452,74.29819598301262,71.81518178473026,69.32023053651352,66.81667226032557,64.30811459806982,61.79848917831892,59.29239359252709
39.47769137869642,41.52246220303762,43.51737279621414,45.478320247152496,47.42288358631963,49.36957196687895,51.337420377416635,53.34576785974325,55.414133284714666,57.54232827517639,59.65095310447242,61.64081415993297,63.41274483539611,64.90938316748228,66.24051079507679,67.55770609792339,69.01255532461533,70.69051621044909,72.41251621441691,73.95893474296139,75.21250056734488,76.07379991351408,76.41249639536633,76.12085909317284,75.21250056734488,73.74655327355956,71.84288380453381,69.6365443782586,67.26259107205595,64.83454511053002,62.37977741036943,59.904140218288404,57.41352443797169,54.9138895482819,52.411315884453245,49.91209498972425,47.42288358631963
40.46775222420088,42.517549424580736,44.51553577503242,46.47839890900882,48.42417336693022,50.37163622197429,52.33998350667632,54.3486532007275,56.41722626114827,58.54555310175422,60.654258124275316,62.64416633880073,64.41612419816475,65.91277825885119,67.24391597793084,68.56111864171606,70.01597378216661,71.69393943072575,73.41594274030419,74.9623633038988,76.21593032120006,77.07723030869553,77.41592700989612,77.12428951986382,76.21593032120006,74.74998159603777,72.84630937836002,70.63996482476503,68.26600215505024,65.8379395374472,63.383142284819726,60.9074525039846,58.41674298828322,55.91694097339732,53.41406966366192,50.914320040417806,48.42417336693022
41.46054241587299,43.51434700546854,45.51478146475727,47.47916778907289,49.425904604933876,51.37398260691168,53.342726031461666,55.35165154004066,57.420389431062645,59.54882093305922,61.65758960941227,63.647535255731185,65.41951469157358,66.91618123629598,68.24732696510247,69.56453547132756,71.01939530556601,72.69736473432224,74.41937066757473,75.96579284639355,77.21936081051592,78.08066130703304,78.41935818233071,78.1277205432105,77.21936081051592,75.75341094926694,73.84973654997692,71.64338792680817,69.26941782521499,66.84134198750792,64.38652127855201,61.91078975636182,59.42000583767691,56.920071159089275,54.41696355585002,51.91679411685832,49.425904604933876
42.45550967322592,44.51250630885609,46.51488818350404,48.48048517724693,50.42798650632059,52.37655303206634,54.34561098847976,56.35473958439496,58.42360832060399,60.552122899875,62.660942101097106,64.65091745807013,66.42291401955397,67.91959047301202,69.25074255921203,70.56795570262193,72.022819262344,73.70079169145696,75.42279970712664,76.96922316795224,78.22279188356802,79.08409278409636,79.42278979757509,79.1311520401236,78.22279188356802,76.75684112060517,74.85316498976475,72.64681313656226,70.27283713624934,67.84475080563362,65.38991147904994,62.914146825695354,60.42330385007274,57.92326386593638,55.41996868378254,52.91946593366423,50.42798650632059
43.45221170707009,45.51174907502748,47.5156793630923,49.482238346674656,51.43034690500042,53.37930134968042,55.3486090229698,57.35789883916112,59.42687143926847,61.55545196172457,63.66431126631895,65.6543102052963,67.42632035964971,68.92300467777073,70.25416180988091,71.5713786338502,73.02624515050437,74.70421996100973,76.4262296294987,77.97265410785525,79.22622341993241,80.0875246411249,80.42622176427813,80.13458391290698,79.22622341993241,77.760271941278,75.85659443610282,73.65024001921397,71.27625933706273,68.84816467815367,66.39331057454268,63.91751962431725,61.42662977312426,58.92650620142972,56.42306211722814,53.92229475288697,51.43034690500042
44.450294964965124,46.51185346932863,48.51701446982135,50.48433766720832,52.43292845783242,54.38219090577623,56.351696825342316,58.36111462089801,60.430169665399674,62.55880252996303,64.66769366573212,66.65771132216352,68.4297322653351,69.92642282570272,71.2575839627819,72.5748037080279,74.02967257160921,75.70764927223186,77.42966025256666,78.97608553853902,80.22965532402829,81.09095679973228,81.42965400993424,81.13801608401897,80.22965532402829,78.76370327732863,76.86002468134177,74.65366822964938,72.27968383150711,69.85158256238552,67.39671673011021,64.92090490763619,62.42997784998818,59.92978793071663,57.42622564992416,54.925248220169664,52.43292845783242
45.44947724115823,47.51264280146499,49.518781714721726,51.48671189914438,53.435685610617995,55.385192591380076,57.35485588802001,59.364375272676384,61.433495758102524,63.562170168492926,65.67108656937953,67.66111908211906,69.43314858847612,70.92984410335555,72.26100841919803,73.57823048307216,75.03310120941623,76.71107941022908,78.43309143177802,79.97951735875606,81.23308751999303,82.09438919770307,82.43308647699567,82.14144849191467,81.23308751999303,79.76713502243524,77.8634555606697,75.65709749394995,73.28311014641515,70.85500363073811,68.40012848933387,65.92430010028792,63.43334351104417,60.9331009290903,58.42944482743761,55.928300642840526,53.435685610617995
46.54953354073129,48.613976440268544,50.62089221468915,52.58930443627466,54.53858218116564,56.48828329216241,58.458071517278924,60.46767154070017,62.53684396962478,64.66555135613741,66.77448781040043,68.76453211476019,70.53656841778181,72.03326786508345,73.36443470392291,74.68165860809927,76.13653081292254,77.81451020443903,79.53652305240112,81.08294948814614,82.33651994761442,83.19782178565677,83.5365191197867,83.24488108774577,82.33651994761442,80.87056709221005,78.96688694327494,76.7605275947054,74.38653790623087,71.95842722634345,69.5035446962271,67.0277031581222,64.53672312912337,62.036438747148225,59.53270817468588,57.03143162041752,54.53858218116564
47.55028464714107,49.61574251906504,51.623275324617865,53.59207031035157,55.541589435386044,57.491444655636414,59.46133204802456,61.47099607916478,63.54020973756295,65.6689432979829,67.77789566889811,69.76794933237426,71.53999102994972,73.03669359843181,74.36786243978217,75.68508780461107,77.13996118290623,78.81794151948604,80.53995502337324,82.0863818629271,83.33995255910182,84.20125452440007,84.53995190205444,84.24831383274142,83.33995255910182,81.87399941967435,79.97031872533202,77.76395835935654,75.38996681287355,72.96185282783972,70.50696443326618,68.03111245864417,65.54011382517683,63.039796265480575,60.53600658225693,58.03462495586277,55.541589435386044
48.551587912768134,50.617852092857774,52.62587491128588,54.594973804913735,56.54468455676522,58.494662111244594,60.46462821997774,62.474343057032314,64.54358944047692,66.67234377560821,68.78130877975302,70.77136987162851,72.5434158508879,74.0401208966619,75.37129132741055,76.68851785156247,78.14339216124424,79.82137324792208,81.54338727241773,83.08981443247502,84.34338531652384,85.20468738282523,85.54338479502493,85.25174669612903,84.34338531652384,82.877431951667,80.97375082443446,78.76738965094268,76.39339662975527,73.96528002141844,71.51038697220166,69.03452671404625,66.54351331399921,64.04316942048426,61.53933281897673,59.0378677903243,56.54468455676522
49.55332986328823,51.62023446727925,53.62864638251989,55.597986555938746,57.5478494293626,59.4979240916944,61.46795268218676,63.477707845783385,65.54698020386532,67.67575102819032,69.78472605944592,71.77479304728605,73.54684242493519,75.04354943694298,76.3747211292006,77.69194857350924,79.14682362243391,80.82480530446544,82.54681974216854,84.09324715660969,85.34681818977431,86.20812033624193,86.54681777586032,86.25517965348443,85.34681818977431,83.880864645994,81.97718317517612,79.77082136075776,77.39682716909536,74.96870847863744,72.51381173501497,70.03794490217419,67.5469197817571,65.04655498667069,62.54268114481037,60.041149915673756,57.5478494293626
50.555420273166234,52.6228334699214,54.63155432076836,56.60108604089751,58.5510696704747,60.501221414360316,62.471299599527455,64.48108677149422,66.55037974613239,68.67916365812457,70.78814664797251,72.77821831546818,74.55027039043043,76.04697896304272,77.37815165656238,78.69537983120085,80.15025546686354,81.82823762142792,83.55025238709413,85.0966800034399,86.35025115495782,87.21155336505346,87.55025082643405,87.25861268542212,86.35025115495782,84.88429746916586,82.98061572564404,80.7742534025217,78.40025828185179,75.97213793881062,73.51723826292832,71.04136621173078,68.55033178876917,66.04995040383889,63.54604700348071,61.0444632284221,58.5510696704747
51.65778742879904,53.72560447745407,55.73457059951819,57.704254377351006,59.65433386197627,61.60454678994216,63.57466434023665,65.58447691800231,67.65378625630994,69.78258055610726,71.89156986273775,73.8816452444944,75.65369946032142,77.15040927158869,78.48158275981162,79.79881151411384,81.25368761547115,82.93167014508528,84.65368517105605,86.20011294765371,87.45368419310876,88.31498645370598,88.65368393235926,88.36204577655586,87.45368419310876,85.98773039460201,84.08404843463488,81.8776857077537,79.50368984972955,77.07556819503057,74.62066619180692,72.14478999878085,69.65374819233392,67.15335363987485,64.6494267784109,62.14780129601178,59.65433386197627
52.66037434699797,54.728512047561864,56.73767288491837,58.707477368030396,60.657632939678535,62.60789443225978,64.57804322781554,66.58787597064251,68.6571982969909,70.78600084166825,72.89499516195977,74.88507349173742,76.65712940677365,78.15384020116346,79.48501432014352,80.80224353452552,82.2571200055051,83.93510283279653,85.65711806537125,87.20354596916093,88.45711728917392,89.31841958985427,89.65711708221689,89.3654789146735,88.45711728917392,86.99116340120538,85.08748126944542,82.88111822210057,80.50712177883764,78.07899908307412,75.62409523263524,73.1482157522275,70.65716808547239,68.15676308183738,65.65281759895984,63.151159012405415,60.657632939678535
53.763135759771856,55.83152803405481,57.84084344438888,59.81074374205578,61.760959708311375,63.711259748404004,65.6814333440576,67.69128209219745,69.7606147272789,71.88942381596824,73.99842211562247,75.98850278525221,77.76056004895406,79.2572716236497,80.58844624326242,81.90567582281022,83.36055258715933,85.03853565071748,86.76055104727389,88.30697905201592,89.5605504312056,90.42185276369995,90.7605502669437,90.46891209008228,89.5605504312056,88.09459647223122,86.19091420411921,83.98455090242209,81.61055399465461,79.18243047259695,76.72752515602035,74.25164306640966,71.76059074830474,69.26017744950194,66.75621718659606,64.25453232461534,61.760959708311375
54.86603571241592,56.934630087450586,58.94406819967037,60.914044552148596,62.86430845634331,64.81463909271886,66.7848323726752,68.79469382442505,70.8640346416278,72.9928489243321,75.10185038241954,77.0919329091951,78.86399124333502,80.3607034373604,81.6918784543258,83.00910832370602,84.46398532090276,86.14196857198596,87.86398409869477,89.41041218356277,90.66398360972102,91.52528596746617,91.86398347934626,91.57234529508911,90.66398360972102,89.19802959438923,87.2943472180545,85.0879837144778,82.71398643803269,80.28586226014455,77.83095577989236,75.35507161935193,72.86401560945546,70.36359572673342,67.85962373278365,65.35791801557957,62.86430845634331
55.969045651601334,58.03780046275389,60.047335974382534,62.01737269585645,63.967674650124394,65.9180295714806,67.88823847516315,69.89811000989124,71.96745732129492,74.09627572651006,76.20527969145444,78.19536369225011,79.96742287599827,81.46413556158632,82.79531089393092,84.11254099335142,85.56741817535949,87.24540157528146,88.96741720529228,90.51384535375632,91.76741681719356,92.62871919498026,92.96741671371504,92.6757785235879,91.76741681719356,90.30146275713085,88.39778029489969,86.19141663109104,83.81741906202622,81.38929436360482,78.9343869597419,76.4585011555009,73.96744221541957,71.46701710701197,68.96303580204608,66.46131353178592,63.967674650124394
57.07214290441253,59.14102507184589,61.15063789627749,63.12072253533387,65.07105469103954,67.02142888783537,68.99165019225703,71.00152972992359,73.07088219580751,75.19970387307322,77.3087098277156,79.29879499844344,81.07085485652662,82.5675679322685,83.89874351492986,85.21597379693345,86.67085112562643,88.34883464368183,90.07085035568353,91.61727855462377,92.87085004764936,93.73215244134308,94.07084996551838,93.77921177073225,92.87085004764936,91.4048959520837,89.50121342167651,87.29484963069166,84.92085182937436,82.49272671780525,80.03781858087153,77.56193147202293,75.07087020624729,72.57044095019432,70.06645225501941,67.56471684642972,65.07105469103954
58.46862405938208,60.586325044337144,62.66970013929574,64.73679741668474,66.80420982099439,68.88559791869721,70.99055017006646,73.1242034540764,75.28806451133862,77.47038035264933,79.61433933349268,81.65509253213712,83.53203327588082,85.2221995294859,86.81999316043246,88.43518812158501,90.15692265474269,92.01214984444587,93.84725745294591,95.51104596149383,97.01214785040474,98.31984407852713,98.96364064683976,98.4616073849618,97.01214785040474,94.9591844732096,92.53211442834694,89.9092005318731,87.24096473724045,84.63330946650314,82.07671543945037,79.54618146815478,77.02508148443778,74.50041731729445,71.9608633391602,69.39711734323735,66.80420982099439
56.2219075801428,58.29059542329597,60.30009027992223,62.27010180334085,64.22038787559008,66.17073266048997,68.14093504290751,70.1508023690583,72.22014696982274,74.34896365432863,76.45796657292766,78.44804995847736,80.22010878760484,81.71682126801805,83.04799646872556,84.36522647212882,85.82010357699794,87.49808691479565,89.22010250168893,90.76653062360842,92.02010207148567,92.88140444090716,93.22010195678084,92.92846376910379,92.02010207148567,90.55414803009333,88.65046560371476,86.44410200678581,84.07010455985841,81.64198007870398,79.18707306034986,76.71118794217826,74.22013022513651,71.71970729789633,69.21572987929231,66.71401451818966,64.22038787559008
54.416101429125106,56.484387438349955,58.493638328058154,60.46349863224543,62.41368938975066,64.36397334019252,66.33413658438101,68.34397865198338,70.41330698425881,72.54211334151822,74.65110998021234,76.64118967320346,78.41324637398142,79.90995762298274,81.24113203363484,82.55836146076496,84.01323810266365,85.69122106760571,87.4132363957173,88.95966435832253,90.21323571281228,91.07453803202768,91.41323553072971,91.1215973577576,90.21323571281228,88.74728178347523,86.84359957227562,84.63723637674337,82.26323966285688,79.8351164856887,77.38021178106797,74.9043307805211,72.4132804038593,69.91287056740856,67.40891647360523,64.90724257887314,62.41368938975066
53.27450968545864,55.36501580220386,57.40730550600662,59.420719768506714,61.42399772673181,63.43451492123789,65.4675939839174,67.53612938445244,69.65085934808981,71.80559397813678,73.93161999767739,75.94649889401299,77.77034677686243,79.3642423894411,80.83288369395382,82.30857157605251,83.90967361699208,85.68701708607364,87.4733596405768,89.08730475122351,90.4858105625889,91.61707022726563,92.14652873128635,91.72280445779225,90.4858105625889,88.68174916949994,86.49307498596269,84.07111258486114,81.55083870343681,79.03590923380779,76.53265575240806,74.03103076238861,71.52589133840036,69.01413699116439,66.49358663217896,63.963147225132104,61.42399772673181
51.906721116529006,53.973358362880035,55.98160785316645,57.950847310771564,59.900646686777634,61.85068081577346,63.82068332632518,65.83042165770414,67.89968317407283,70.02844711589171,72.13741796188938,74.12748248879068,75.89953044797403,77.3962366392889,78.72740780500118,80.04463486524267,81.49950960561242,83.17749103914743,84.8995053043806,86.44593261264367,87.6995035835684,88.56080569657519,88.8995031247492,88.6078650121737,87.6995035835684,86.2335501144695,84.32986878706177,82.12350724016174,79.74951353704756,77.32139571565293,74.86650051405101,72.39063642544241,69.89961619703982,67.3992601261672,64.8954018283088,62.39389823123031,59.900646686777634
51.26177855622528,53.33673592748492,55.35524206096477,57.3370382244493,59.30171570152224,61.26849711515463,63.25602101919266,65.28220037263404,67.3642690081519,69.50039610048424,71.61421695386663,73.61133559749156,75.39817472493775,76.92296060139377,78.29461203035063,79.65962825753495,81.15969008000451,82.86897943206878,84.6115253799434,86.17972515175174,87.48081035114312,88.43347918245728,88.83902265880269,88.50089628518492,87.48081035114312,85.90566003410322,83.9143492130937,81.64431094545526,79.22836987508687,76.77582755387029,74.3074705461534,71.8244650345502,69.32951852596425,66.82596405459633,64.31741194671847,61.80779613054504,59.30171570152224
39.480226751218225,41.52501197420847,43.51993138645439,45.480884333348214,47.425451148374485,49.37214175214925,51.33999159497024,53.348340002463985,55.416706023655735,57.54490139273679,59.653526452320364,61.64338764320763,63.415318396735444,64.91195677399006,66.24308443056475,67.56027975455015,69.01512899822498,70.69308989773616,72.4150899111969,73.96150844558557,75.21507427339485,76.07637362140576,76.41507010388794,76.12343280115502,75.21507427339485,73.74912697549894,71.84545749857972,69.63911805758005,67.26516472448768,64.83711871512966,62.382350930102234,59.90671358700175,57.416097537508975,54.91646216790704,52.41388764941213,49.914665236625815,47.425451148374485
40.47029541319604,42.52010409906873,44.518097471194565,46.48096497598287,48.426742196189345,50.374206817228014,52.34255523932018,54.35122566791675,56.41979920165468,58.548126342808985,60.656831548123606,62.646739870142426,64.41869779146836,65.91535188800577,67.24648963008737,68.56369231065065,70.01854746458065,71.69651312399563,73.41851644110862,74.96493700934178,76.2185040293621,77.07980401831935,77.41850072001992,77.12686322955946,76.2185040293621,74.75255530093722,72.84888307699441,70.64253851171256,68.26857582065517,65.84051316508727,63.385715845099284,60.91002594439469,58.41931621503164,55.91951381918689,53.41664183093667,50.91689100228596,48.426742196189345
41.46309184319861,43.516905585166555,45.517345631464124,47.48173543037154,49.42847444086443,51.376553845413255,53.3452981730799,55.35422426481904,57.42296253157407,59.55139427213996,61.660163093585254,63.650108825225004,65.42208831024783,66.91875488342565,68.24990063048901,69.567109150031,71.02196899496812,72.69993843234064,74.42194437157335,75.96836655407384,77.2219345203543,78.08323501803164,78.42193189372614,78.13029425426612,77.2219345203543,75.7559846565158,73.8523102522532,71.64596161980853,69.27199150127564,66.84391563343549,64.38909487101444,61.9133632536805,59.42257916540183,56.92264418441397,54.4195360425327,51.91936564647904,49.42847444086443
42.458064073745575,44.51506799663052,46.5174543144782,48.483054069463606,50.43055714180859,52.37912478134325,54.34818345479373,56.357312513658684,58.42618154812567,60.55469631676432,62.66351563315183,64.65349105784611,66.42548765836524,67.92216413440866,69.25331623509933,70.5705293890789,72.0253929572926,73.70336539324434,75.42537341366055,76.97179687740825,78.22536559473693,79.08666649618613,79.42536350997983,79.13372575225864,78.22536559473693,76.75941482971879,74.8557386949316,72.6493868343668,70.27541082060876,67.84732446607617,65.39248509705654,62.916720368184215,60.42587725794837,57.92583703377605,55.42254142403591,52.922037914088975,50.43055714180859
43.45477006864918,45.51431323506415,47.518247055249965,49.48480823261356,51.432918175451825,53.381873504504455,55.35118174705332,57.360471930748105,59.42944476760715,61.55802544037394,63.66688483637873,65.65688382910778,67.42889401444397,68.92557835049124,70.25673549410273,71.57395232646124,73.02881884985521,74.70679366578855,76.42880333804484,77.97522781872067,79.22879713215735,80.09009835408077,80.42879547748396,80.13715762589874,79.22879713215735,77.76284565187167,75.85916814356392,73.65281372083159,71.27883302800889,68.85073835011687,66.39588421282403,63.92009320265885,61.42920324461912,58.929079482394826,56.42563505877632,53.92486709122764,51.432918175451825
44.45285647919456,46.51441959500054,48.51958340244401,50.4869083424125,52.43550023247795,54.384763382574306,56.35426975405446,58.36368784133563,60.432743073762495,62.561376057633524,64.67026726595732,66.66028496505228,68.43230593281524,69.92899650741101,71.26015765361886,72.57737740552341,74.03224627445412,75.71022297938498,77.43223396270992,78.9786592505231,80.23222903709141,81.09353051337553,81.4322277237759,81.14058979769072,80.23222903709141,78.766276989097,76.86259839062384,74.65624193429346,72.28225752768122,69.85415624349275,67.39929038448389,64.92347851443483,62.4325513719799,59.93236130147655,57.42879875126253,54.927820842659315,52.43550023247795
45.45204126318423,47.51521048940913,49.52135163275558,51.48928320113403,53.43825778558343,55.387765323786496,57.35742897916913,59.36694859539202,61.4360692299841,63.564743735072824,65.67366019354753,67.66369274014968,69.43572226602512,70.93241779219753,72.26358211528547,73.58080418444452,75.03567491503443,76.71365311926667,78.43566514318891,79.98209107162802,81.23566123372143,82.0969629118919,82.43566019134198,82.14402220612612,81.23566123372143,79.76970873513596,77.86602927139705,75.65967120099612,73.2856838467387,70.85757731910303,68.40270215648019,65.92687372967335,63.4359170731167,60.93567437112486,58.432018055615686,55.93087349090405,53.43825778558343
46.552099556694834,48.616545369543694,50.6234629153827,52.59187623596186,54.541154673953926,56.49085622748146,58.460644737368966,60.470244944599685,62.539417491923444,64.66812495360055,66.77706145357217,68.76710578480905,70.5391421033225,72.03584155958745,73.36700840417765,74.68423231254869,76.13910452074188,77.81708391497236,79.53909676481811,81.08552320172278,82.3390936618708,83.20039550027865,83.53909283453356,83.2474548023856,82.3390936618708,80.87314080565082,78.96946065514942,76.76310130365812,74.38911160984784,71.96100092046882,69.50611837351113,67.03027680543508,64.53929672300893,62.03901224575631,59.535281503545605,57.034004647547306,54.541154673953926
47.55285224790279,49.61831243443994,51.625846646848274,53.594642505198735,55.54416218048641,57.49401775203013,59.4639053704643,61.473569547503644,63.54278329987909,65.67151691995863,67.78046932715336,69.77052301196204,71.5425647218335,73.03926729742977,74.37043614334453,75.68766151150274,77.14253489247263,78.82051523120654,80.54252873658879,82.08895557706307,83.34252627377731,84.20382823936565,84.5425256171192,84.25088754772122,83.34252627377731,81.87657313370246,79.972892438117,77.76653206982249,75.3925405191045,72.96442652653718,70.5095381185966,68.03368612018627,65.54268744431297,63.04236980899287,60.53857999103333,58.03719812513529,55.54416218048641
48.554156772779145,50.62042279143965,52.62844672704438,54.59754631348605,56.547257502161045,58.497235335497706,60.46720162365828,62.476916576519,64.54616303455586,66.67491741703992,68.78388244998015,70.77394355878744,72.54598954780622,74.04269459922676,75.37386503359815,76.69109156039256,78.14596587219727,79.82394696058483,81.54596098626712,83.09238814705495,84.34595903153198,85.20726109806358,85.54595851034205,85.2543204113787,84.34595903153198,82.88000566616131,80.97632453794208,78.7699633626097,76.39597033806095,73.96785372374475,71.51296066391852,69.03710038688217,66.54608695317711,64.04574299963818,61.541906291186564,59.04044107242677,56.547257502161045
49.55589972364565,51.62280578783278,53.631218590126764,55.60055931356935,57.55042253375524,59.50049741743862,61.470526150351816,63.4802814058676,65.54955382315492,67.67832468506445,69.78729973917522,71.77736674045421,73.54941612584939,75.04612314233887,76.37729483747188,77.69452228387789,79.1493973344875,80.82737901787604,82.54939345652099,84.09582087154195,85.34939190504645,86.2106940516968,86.54939149137768,86.2577533689483,85.34939190504645,83.88343836085832,81.97975688925732,79.77339507337808,77.39940087904777,74.97128218384401,72.51638543180077,70.04051858397412,67.54949343684237,65.04912859411408,62.54525466736959,60.04372328733645,57.55042253375524
50.55799092805387,52.625405284348446,54.63412683947051,56.60365899624014,58.55364290107718,60.503794820663785,62.47387311887621,64.48366036380162,66.5529533854321,68.68173732725552,70.79072033524375,72.78079201340589,74.5528440945162,76.04955267068561,77.38072536648747,78.69795354279063,80.15282917979067,81.83081133543209,83.55282610184585,85.09925371865182,86.35282487043953,87.21412708068019,87.55282454211039,87.26118640105597,86.35282487043953,84.88687118432387,82.98318944018047,80.77682711589861,78.40283199311119,75.97471164630326,73.51981196373737,71.04393990064548,68.55290545648026,66.05252403373609,63.54862056600366,61.04703667117326,58.55364290107718
51.66035871465553,53.728176684003856,55.73714336519039,57.706827489639394,59.6569071927604,61.60712026018912,63.57723790021136,65.58705053588584,67.65635991149189,69.78515423496654,71.89414355599507,73.88421894621773,75.65627316692448,77.15298298101503,78.48415647104936,79.80138522667283,81.2562613290916,82.9342438595606,84.65625888612468,86.2026866630876,87.45625790875677,88.31756016946909,88.65625764816173,88.36461949232464,87.45625790875677,85.9903041099931,84.08662214953264,81.88025942173115,79.50626356202635,77.07814190433766,74.62323989580926,72.14736369334258,69.65632187006622,67.15592728759394,64.65200037265397,62.150374795188625,59.6569071927604
52.66294613387531,54.73108456542481,56.7402458466446,58.710050604900346,60.66020634998243,62.610467953261036,64.58061682003604,66.59044960882619,68.65977196477874,70.78857452824894,72.89756885996826,74.88764719646538,76.65970311537467,78.15641391200532,79.4875880324231,80.80481724785378,82.25969371967582,83.93767654764576,85.65969178069142,87.206119684771,88.45969100495392,89.32099330572564,89.65969079811953,89.36805263054936,88.45969100495392,86.99373711678147,85.09005498462997,82.88369193655467,80.50969549195779,78.08157279382132,75.62666893917208,73.1507894512713,70.65974177115861,68.15933674370186,65.65539121837975,63.15373255636918,60.66020634998243
53.76570794444869,55.834100799060806,57.84341656174455,59.81331707781477,61.76353318173365,63.713833309690344,65.68400696187213,67.69385574649361,69.76318840507211,71.89199750867745,74.00099581740196,75.99107649236498,77.76313375914087,79.25984533561507,80.59101995636892,81.90824953674905,83.36312630176685,85.0411093658635,86.7631247627937,88.30955276776584,89.56312414709039,90.42442647965726,90.7631239829258,90.47148580604315,89.56312414709039,88.09717018795413,86.19348791953136,83.9871246172545,81.61312770842825,79.18500418448718,76.73009886456879,74.25421676901088,71.76316444030398,69.26275112259374,66.75879082599918,64.2571059041276,61.76353318173365
54.868608212914054,56.937203048647945,58.946641440562615,60.916617966401276,62.86688197986487,64.81721268598041,66.78740601080412,68.79726749150979,70.86660832736234,72.99542262190553,75.10442408719209,77.09450661820068,78.86656495478047,80.3632771502175,81.69445216808862,83.01168203812946,84.46655903585693,86.14454228736759,87.86655781437302,89.41298589942366,90.66655732568897,91.52785968349167,91.86655719539144,91.57491901111743,90.66655732568897,89.2006033102287,87.29692093364733,85.09055742961047,82.71656015232503,80.28843597294204,77.83352949003745,75.35764532477668,72.86658930646541,70.36616940873644,67.86219738804769,65.36049162330735,62.86688197986487
55.9716184028222,58.040373579689756,60.04990931333427,62.01994617241304,63.970248213411196,65.92060319012145,67.89081212941583,69.90068368712645,71.97003101333254,74.09884942794423,76.20785339860257,78.19793740275801,79.96999658844268,81.4667092751512,82.79788460821467,84.11511470815947,85.5699918905888,87.24797529085002,88.96999092109631,90.5164190697053,91.76999053322749,92.6312929110599,92.96999042981028,92.67835223966976,91.76999053322749,90.30403647306284,88.40035401063591,86.19399034646204,83.81999277673023,81.39186807712235,78.93696067115425,76.46107486316669,73.97001591640652,71.46959079608786,68.96560946989908,66.46388716190886,63.970248213411196
57.07471585466695,59.14359831240489,61.15321131306442,63.12329606134324,65.07362828588887,67.02400252662015,68.99422385930731,71.00410341521523,73.0734558928479,75.2022775775717,77.31128353674927,79.30136871014372,81.07342856976399,82.57014164639513,83.90131722962705,85.21854751204683,86.67342484107411,88.35140835939879,90.07342407158738,91.61985227064267,92.8734237637357,93.73472615746567,94.07342368165338,93.78178548685662,92.8734237637357,91.40746966808912,89.50378713752653,87.2974233462518,84.92342554440512,82.49530043189435,80.04039229328968,77.56450518146747,75.07344391039081,72.573014644884,70.06902593286438,67.56729049432795,65.07362828588887
58.47119550352285,60.58889633055415,62.67227118879278,64.73936816023412,66.80678020395524,68.88816790933923,70.99311976932624,73.12677270428908,75.2906335016395,77.4729491983244,79.6169080856254,81.65766114998254,83.5346016206675,85.22476738758313,86.8225603823258,88.43775467719328,90.15948865121618,92.01471548808976,93.84982287887345,95.51361116740262,97.01471261130476,98.32240809829672,98.96620420215733,98.46417125705631,97.01471261130476,94.96175033218152,92.53468139971895,89.911768489536,87.24353345085075,84.63587866715247,82.07928492501674,79.54875110960614,77.02765121239837,74.50298711546169,71.96343324105398,69.39968742802536,66.80678020395524
56.22448022670781,58.293168475225386,60.30266357794372,62.27267525389186,64.22296142227898,66.17330626853762,68.14350869043022,70.15337604205676,72.22272065922951,74.35153735415139,76.46054027908426,78.4506236683582,80.22268249963233,81.7193949812875,83.05057018279186,84.36780018677635,85.82267729211242,87.50066063028618,89.22267621744047,90.76910433952064,92.02267578749206,92.8839781569642,93.22267567285519,92.93103748516333,92.02267578749206,90.55672174598672,88.65303931939111,86.44667572205732,84.07267827439058,81.64455379192098,79.18964677123324,76.71376164890866,74.2227039244635,71.72228098402007,69.21830354189072,66.71658813896495,64.22296142227898
54.41867344774826,56.48696010019438,58.49621138045288,60.46607192672789,62.416262836827386,64.36654688466399,66.33671019151274,68.34655229955428,70.41588065787585,72.54468703166941,74.65368368041783,76.64376337932082,78.41582008350633,79.9125313344792,81.24370574639619,82.56093517444894,84.01581181708886,85.69379478262788,87.41581011115379,88.9622380740141,90.21580942865333,91.07711174794912,91.41580924667865,91.12417107368299,90.21580942865333,88.74985549913688,86.84617328759276,84.63981009141787,82.26581337635776,79.83769019710186,77.38278548877679,74.90690448163747,72.41585409322354,69.91544423581416,67.41149010466745,64.90981614354757,62.416262836827386
53.2770824112617,55.36758845250992,57.40987804135311,59.42329215199641,61.426569926321946,63.43708691442859,65.47016576432125,67.53870096900481,69.65343078291738,71.80816532816655,73.93419129228303,75.94907010824642,77.77291782466881,79.36681313023502,80.83545401203762,82.31114142318893,83.91224304452146,85.68958623643519,87.47592861484873,89.08987354345692,90.48837897347906,91.61963796091146,92.1490960111274,91.72537204972673,90.48837897347906,88.68431849019376,86.49564513050657,84.0736833895776,81.55340997508425,79.03848079006917,76.53522746966141,74.03360256607209,71.52846318955568,69.0167088805903,66.49615857773364,63.96571926847005,61.426569926321946
51.909290559254096,53.97592942379033,55.98417989720403,57.95341996444111,59.90321972480372,61.85325409915502,63.82325676757446,65.83299520084307,67.90225678283963,70.03102076632027,72.13999163765253,74.13005617945062,75.90210414722037,77.39881034350316,78.72998151240276,80.04720857496913,81.50208331720665,83.18006475224587,84.90207901852307,86.44850632742887,87.70207729873036,88.56337941193969,88.90207684018296,88.61043872754817,87.70207729873036,86.23612382917939,84.33244250090355,82.12608095238416,79.75208724631266,77.32396941965729,74.86907420872107,72.3932101035008,69.90218984548542,67.40183372180267,64.8979753298523,62.396471565510424,59.90321972480372
51.2643520112243,53.33930936155933,55.35781546288733,57.33961158335532,59.30428900748588,61.271070360561154,63.25859420087116,65.28477349445713,67.36684208341936,69.50296914907143,71.61678998489137,73.6139086028721,75.40074767654286,76.92553345134411,78.29718473488083,79.66220079211551,81.162262455598,82.87155169847514,84.61409757517157,86.18229727186412,87.48338230862561,88.43605083216657,88.84159408740366,88.50346786719543,87.48338230862561,85.90823236801462,83.91692185600337,81.64688381683887,79.23094289880778,76.77840066695006,74.31004370865938,71.82703822326619,69.33209172898091,66.82853726909312,64.3199851779742,61.8103693907771,59.30428900748588
39.48338490526642,41.52818805192866,43.52311844222943,45.48407823051146,47.428649372291616,49.37534274352369,51.343194369248465,53.351543928387926,55.41991069175296,57.54810653213815,59.65673187838283,61.64659323784875,63.41852408855121,64.91516252203131,66.24629021468047,67.56348556497937,69.01833482979441,70.69629574633117,72.41829577160868,73.96471431327217,75.21828014534584,76.07957949564936,76.41827597891566,76.12663867551126,75.21828014534584,73.7523328423331,71.8486633555881,69.64232389625954,67.26837052969489,64.84032446079567,62.38555657012637,59.909919039037334,57.4193026544752,54.9196666874802,52.41709110509916,49.9178668026382,47.428649372291616
40.473463297333666,42.52328628048724,44.52128839323649,46.484161338822474,48.42994199752201,50.377408816868595,52.34575865478155,54.35442999773818,56.42300412065981,58.55133163593567,60.66003706879101,62.64994552461724,64.42190352307313,65.91855766423771,67.24969543495206,68.56689813640062,70.02175330710975,71.699718980038,73.42172230653003,74.96814288053724,76.22170990394221,77.08300989471908,77.421706597042,77.13006910604861,76.22170990394221,74.75576117145607,72.85208893971452,70.64574435988493,68.27178164226041,65.84371893943394,63.38892153559584,60.91323148567815,58.42252149034982,55.92271862028879,53.4198457874254,50.92009345828746,48.42994199752201
41.46626749289625,43.520092627818585,45.52053962884783,47.484933752931354,49.431675495300695,51.379756645767436,53.34850209763141,55.357428915286604,57.4261676497529,59.55459968728903,61.66336868934462,63.65331452719144,65.42529407343386,66.92196068203287,68.25310645182235,69.57031498794112,71.02517484619595,72.70314429429405,74.4251502409709,75.97157242805423,77.22514039702112,78.08644089614273,78.4251377723312,78.13350013244815,77.22514039702112,75.7591905299592,73.85551611950672,71.64916747551547,69.27519733589605,66.84712143054637,64.39230060157215,61.91656886580361,59.42578456641519,56.92584920900063,54.422740396619474,51.922568809217665,49.431675495300695
42.46124591412596,44.5182589082314,46.52065075698518,48.48625394916578,50.4337591915327,52.38232821750938,54.35138778352558,56.360517418668934,58.42938682440641,60.557901828769246,62.666721288514225,64.65669679750766,66.4286934466178,67.9253699507754,69.25652206950397,70.57373523664066,72.02859881542466,73.7065712598893,75.42857928621396,76.97500275359909,78.22857147305999,79.08987237565549,79.42856938984124,79.13693163178431,78.22857147305999,76.76262070548341,74.8589445657833,72.65259269605394,70.27861666555943,67.85053028125525,65.3956908594115,62.919926036534974,60.4290827587331,57.92904223576484,55.42574609376672,52.92524163798731,50.4337591915327
43.45795683978545,45.51750722414482,47.521445441119056,49.48800934930014,51.436121015577086,53.385077445494574,55.35438639665591,57.363677037817794,59.432650169384544,61.561231029257584,63.67009053904965,65.66008959868861,67.4320998225921,68.92878418095384,70.25994133888216,71.57715818168353,73.0320247134672,74.70999953615724,76.43200921310307,77.97843369666595,79.23200301179494,80.09330423462819,80.43200135834257,80.14036350649087,79.23200301179494,77.76605152947866,75.86237401727149,73.65601958726526,71.28203888115874,68.85394417963681,66.39909000041695,63.92329891563895,61.43240882459682,58.93228482520176,56.42883997907825,53.92807126065871,51.436121015577086
44.45604717476592,46.51761603090729,48.522783332443524,50.490110441575254,52.43870370022286,54.38796772435677,56.35747465837807,58.366893108798166,60.435948575153645,62.56458170753845,64.67347300617806,66.66349075838046,68.43551175675469,69.93220234906161,71.2633635066328,72.58058326682587,74.03545214241552,75.7134288527092,77.43543983975621,78.98186512986086,80.23543491777238,81.09673639477862,81.43543360542597,81.14379567912931,80.23543491777238,78.76948286816625,76.86580426659813,74.65944780449445,72.2854633873388,69.85736208439516,67.40249619210844,64.92668426283814,62.43575701481589,59.93556675605973,57.43200387047075,54.93102536579818,52.43870370022286
45.45523508046885,47.51840887003324,49.52455278939395,51.492486080518034,53.44146175164549,55.390969983749414,57.36063408569379,59.37015399016984,61.43927481044315,63.567949433412025,65.6768659635722,67.66689855232639,69.43892810249824,70.9356236427281,72.26678797483515,73.58401005057286,75.03888078644795,76.7168589949367,78.43887102181316,79.985296952071,81.23886711523053,82.10016879397413,82.43886607362026,82.14722808823652,81.23886711523053,79.77291461536583,77.86923514917046,75.66287707418724,73.28888971156148,70.86078316903976,68.40590798000406,65.93007950619266,63.43912276584513,60.93887991443047,58.43522333271352,55.93407829483657,53.44146175164549
46.55529585603649,48.61974529537625,50.626665046274596,52.59507973487858,54.54435903564094,56.49406114002939,58.463850004398864,60.473450440434945,62.542623135141525,64.67133069038312,66.78026724725262,68.77031161194597,70.54234794974369,72.0390474171661,73.37021426891482,74.68743818250732,76.1423103948954,77.82028979250427,79.5423026446948,81.08872908304299,82.34229954403719,83.20360138289992,83.54229871731043,83.25066068502923,82.34229954403719,80.87634668680188,78.9726665343508,76.76630717922251,74.39231747877025,71.96420677757612,69.50932420965441,67.03348260427042,64.5425024553381,62.04221785948445,59.53848690597158,57.03720967438093,54.54435903564094
47.556050520002216,49.62151358776845,51.62904955142792,53.59784649600954,55.547366856250704,57.497222865083245,59.467110764898706,61.47677512355277,63.54598899291078,65.67472268725436,67.78367513960966,69.77372885097304,71.5457705761505,73.0424731606025,74.37364201219899,75.6908673845015,77.14574076880086,78.82372111021621,80.54573461745953,82.09216145907952,83.34573215646537,84.20703412241477,84.5457315002918,84.25409343078809,83.34573215646537,81.87977901558466,79.9760983184517,77.76973794727054,75.39574639128082,72.96763238933579,70.51274396475597,68.03689193673407,65.54589320807398,63.04557547861761,60.54178549293931,58.0404033289077,55.547366856250704
48.55735661239174,50.6236249197029,52.6316502459666,54.60075069482096,56.550462427252484,58.50044060770975,60.47040711922095,62.480122216236765,64.54936876712574,66.67812320855441,68.78708827733902,70.77714940722294,72.54919540839015,74.04590046683953,75.37707090572054,76.69429743580429,78.14917175025158,79.82715284076741,81.54916686792683,83.09559402962401,84.34916491463409,85.21046698145227,85.54916439382873,85.25752629478146,84.34916491463409,82.88321154862382,80.97953041917636,78.77316924155281,76.39917621281988,73.9710595910606,71.51616651802775,69.04030621748848,66.54929274188602,64.04894871362947,61.545111872054264,59.043646416649494,56.550462427252484
49.55910080848845,51.62600869032508,53.6344225968208,55.603764004931236,57.5536276567654,59.50370281598643,61.47373172618458,63.48348709612101,65.55275958710699,67.68153049580161,69.79050557836239,71.78057259636998,73.55262199140742,75.0493290134757,76.380500712188,77.69772816120476,79.15260321391185,80.83058489898957,82.55259933880689,84.09902675454961,85.3525977884772,86.21389993535502,86.55259737511369,86.26095925261767,85.3525977884772,83.88664424378142,81.98296277120556,79.77660095350784,77.40260675585654,74.97448805474517,72.5195912922198,70.04372442573879,67.55269924535271,65.05233434331998,62.548460310912006,60.04692874304342,57.5536276567654
50.561193001926625,52.6286088016133,54.63733123341501,56.6068639337133,58.55684818119292,60.50700031949147,62.47707875842224,64.48686609416633,66.55615917429265,68.68494315324989,70.79392618381905,72.78399787525879,74.55604996402221,76.05275854461951,77.38393124326225,78.70115942163757,80.15603506030237,81.8340172172845,83.55603198462876,85.10245960200763,86.35603075413113,87.2173329645523,87.55603042604423,87.26439228493696,86.35603075413113,84.89007706761254,82.98639532269539,80.78003299697019,78.40603787154691,75.9779175200501,73.5230178291645,71.04714575126658,68.55611128070717,66.05572981089242,63.551826259292795,61.05024221537086,58.55684818119292
51.663561573957026,53.73138068938202,55.74034806656245,57.710032622478124,59.66011259758186,61.61032583861346,63.58044359032846,65.59025629808761,67.6595657201226,69.78836007307068,71.89734941202178,73.88742481278294,75.65947903956398,77.15618885716896,78.48736234945811,79.80459110672626,81.25946721046633,82.93744974199942,84.65946476930212,86.2058925467197,87.4594637926554,88.320766053511,88.65946353225266,88.36782537637359,87.4594637926554,85.99350999357193,84.08982803249731,81.88346530355028,79.50946944175335,77.0813477803431,74.62644576521136,72.15056955099303,69.65952770676753,67.15913308693487,64.65520610542818,62.15358040962478,59.66011259758186
52.66614961684634,54.734288958324655,56.74345079206407,58.713255892817784,60.663411853789825,62.61367359486407,64.58382255029254,66.5936553962975,68.6629777891012,70.79178037596466,72.90077472190923,74.89085306677076,76.66290899050124,78.15961978992132,79.49079391212874,80.80802312886479,82.26289960173557,83.9408824305501,85.66289766418194,87.20932556862239,88.46289688901686,89.32419918990232,89.66289668233507,89.37125851473164,88.46289688901686,86.99694300059059,85.09326086795167,82.8868978189671,80.5129013727097,78.08477867161947,75.6298748117291,73.15399531450103,70.66294761776089,68.16254256065095,65.65859698249399,63.15693822655588,60.663411853789825
53.768911922599486,55.83730549960357,57.84662170089105,59.81652248882895,61.76673876411057,63.71703900144014,65.68721272398803,67.69706155402167,69.76639424184924,71.89520336402194,74.0042016840371,75.99428236563894,77.76633963624143,79.26305121492959,80.59422583710388,81.91145541852009,83.36633218437026,85.04431524913727,86.76633064653272,88.3127586517913,89.56633003128377,90.42763236394089,90.7663298672403,90.47469169033121,89.56633003128377,88.10037607194604,86.19669380313638,83.99033050013786,81.61633358999366,79.18821006370818,76.7333047396299,74.25742263666889,71.76637029476473,69.26595695351858,66.76199661498846,64.26031161856493,61.76673876411057
54.87181258419827,56.94040799340911,58.94984673348699,60.91982347512413,62.87008762460523,64.82041841753282,66.79061179820727,68.80047331495709,70.86981417402481,72.998628483305,75.10762995755294,77.0977124938308,78.86977083344777,80.366483030642,81.69765804964055,83.01488792050375,84.46976491889185,86.14774817093456,87.8697636983093,89.41619178358728,90.66976320998585,91.53106556786017,91.86976307978446,91.57812489548948,90.66976320998585,89.20380919436569,87.30012681747723,85.09376331286762,82.7197660345361,80.29164185329233,77.83673536708605,75.36085119594944,72.86979516716346,70.3693752507539,67.86540319678056,65.36369737286729,62.87008762460523
55.974823086205305,58.04357871831367,60.05311472832277,62.02315175869157,63.973453907651134,65.92380895326593,67.8940179368898,69.90388952320893,71.97323686784105,74.10205529414955,76.21105927192059,78.20114328025826,79.97320246835352,81.46991515645675,82.80109049041505,84.11832059101255,85.57319777396623,87.25118117464976,88.97319680518913,90.51962495397856,91.77319641760654,92.6344987954958,92.97319631426564,92.68155812410846,91.77319641760654,90.30724235731496,88.4035598946443,86.19719623001583,83.82319865945377,81.39507395836898,78.94016654978032,76.46428073712912,73.97322178205512,71.47279664690961,68.96881529430263,66.46709293934619,63.973453907651134
57.077920785806384,59.14680360491448,61.15641682494187,63.12650170918042,65.07683401941777,67.02720831483971,68.99742968271164,71.00730926132638,73.07666175358386,75.20548344759146,77.31448941241436,79.30457458912826,81.0766344506618,82.57334752839995,83.9045231123421,85.2217533952799,86.6766307247234,88.35461424338322,90.07662995580445,91.62305815500297,92.87662964817994,93.73793204195505,94.0766295661582,93.78499137134823,92.87662964817994,91.41067555243265,89.5069930216766,87.30062923004105,84.9266314275354,82.49850631385237,80.0435981731678,77.567711057644,75.07664977996866,72.57622050269376,70.07223176970584,67.57049629389194,65.07683401941777
58.474289245219865,60.59198227773176,62.67534545234243,64.74242732328436,66.80982156955552,68.89118991130226,70.99612245379336,73.12975816072493,75.29360612947814,77.47591468777897,79.61986895804601,81.66061539428469,83.53754238737187,85.2276841322307,86.82544572496637,88.44060713281846,90.16231350843694,92.01752292985843,93.85261957426044,95.51639700273533,97.01747648106323,98.32513538570734,98.96890856395996,98.46689125515576,97.01747648106323,94.9645684024182,92.53755437696321,89.91469014856618,87.24649242189189,84.63886167726858,82.08228199788837,79.55175587653086,77.03066024917491,74.50599961743504,71.96645086266759,69.40271407674993,66.80982156955552
56.22768477981562,58.29637353292948,60.30586894198237,62.27588080779873,64.22616709585796,66.1765120184957,68.14671448952674,70.15658187286539,72.22592651046314,74.35474321835076,76.46374615116798,78.45382954507787,80.22588837902413,81.72260086222533,83.0537760647216,84.3710060694296,85.82588317534689,87.50386651398875,89.22588210146796,90.77231022374815,92.0258816718368,92.887184041372,93.22588155728454,92.9342433695742,92.0258816718368,90.55992763019078,88.65624520332501,86.44988160548729,84.07588415690026,81.64775967279351,79.19285264920089,76.71696752170669,74.22590978804577,71.72548683116699,69.22150935975344,66.7197939047664,64.22616709585796
54.42187721919586,56.49016467232197,58.499416438736205,60.469277286361205,62.41946838640946,64.36975255548269,66.33991594033066,68.34975809871077,70.41908648945449,72.54789288382969,74.65688954509366,76.64696925135571,78.41902595978296,79.91573721320997,81.24691162670152,82.56414105590275,84.01901769946534,85.69700066574742,87.41901599478909,88.96544395796688,90.21901531279227,91.0803176321881,91.41901513095186,91.12737695792687,90.21901531279227,88.75306138305248,86.84937917107953,84.64301597410469,82.26901925758364,79.84089607572895,77.38599136279271,74.91011034744716,72.41905994440421,69.9186500609056,67.41469588327402,64.91302183951485,62.41946838640946
53.280239410428976,55.37074172548785,57.41302564044253,59.4264322561051,61.42970095394159,63.44020775504019,65.47327610264269,67.54180164087441,69.6565240649505,71.81125442490188,73.93727765349334,75.95215250258303,77.77599200477457,79.36987215728509,80.83849217551291,82.31415634213961,83.9152372528437,85.69256676447301,87.47890045153713,89.09283639515562,90.49132300291474,91.62254856285558,92.15198421398301,91.7282756570354,90.49132300291474,88.68730742539698,86.49867472859782,84.07674557162335,81.55649520316324,79.04158006560704,76.53833469112767,74.0367140533821,71.53157701988516,69.01982459979877,66.4992770672277,63.96884258414053,61.42970095394159
51.91249112422867,53.979132003079314,55.98738370028744,57.9566245263926,59.906424765201024,61.85645944496996,63.82646230990255,65.83620087000307,67.90546253369291,70.03422656903398,72.14319747190262,74.13326203224418,75.90531001070225,77.40201621316906,78.73318738603626,80.05041445149664,81.50528919605915,83.18327063297082,84.9052849005476,86.45171221025348,87.70528318202393,88.5665852954854,88.9052827238149,88.61364461110625,87.70528318202393,86.23932971191023,84.33564838255379,82.12928683201861,79.75529312226583,77.32717528906196,74.87228006650642,72.39641594060802,69.90539564573076,67.40503945631015,64.90118094723442,62.399676974683715,59.906424765201024
51.26754500002261,53.34250131762286,55.36100583209469,57.34279982947973,59.30747464063337,61.27425300490596,63.261773699909625,65.28795003931924,67.37001633051823,69.50614207935982,71.6199620483803,73.61707940068477,75.40391582025347,76.92869657784824,78.30034068411646,79.66534835340157,81.1654021699832,82.87468602385832,84.61722838750093,86.18542437679876,87.48650138682689,88.43915471992538,88.84468706211563,88.50656841360882,87.48650138682689,85.91137002515393,83.92007476392884,81.65004800119053,79.23411460181339,76.78157678028477,74.31322226143499,71.83021806964008,69.33527228116742,66.83171838788213,64.32316712390369,61.81355276683824,59.30747464063337
39.49093299102243,41.53577892275017,43.530735518144525,45.49171163700373,47.436293106816535,49.382993083996425,51.3508489655225,53.35920127364362,55.42756980857706,57.55576677396516,59.66439280446977,61.65425456633278,63.42618564899094,64.92282421668122,66.25395199543999,67.57114740854917,69.0259967238259,70.7039576810027,72.42595773448684,73.9723762935153,75.2259421357681,76.087241491544,76.42593797668201,76.13430067167478,75.2259421357681,73.75999482054146,71.85632531034236,69.64998580726262,67.27603236079983,64.84798614977589,62.39321800693949,59.91758002712214,57.42696284274962,54.92732544977727,52.424747327898245,49.92551851477558,47.436293106816535
40.48103460957162,42.530891721129365,44.52891469804505,46.491800630929006,48.43758949735508,50.385061564078974,52.35341478156187,54.362088307097736,56.43066383640115,58.558992244704996,60.667698220699805,62.65760699592421,64.42956517848918,65.92621942617869,67.25735726523934,68.574560016541,70.02941522730194,71.70738093248642,73.42938428136608,74.97580486915595,76.2293719006401,77.09067189576047,77.42936859956893,77.13773110730337,76.2293719006401,74.7634231584598,72.85975090810265,70.65340629354756,68.27944351250733,65.85138069687481,63.396583092886644,60.92089268679753,58.430182056610306,55.93037805459514,53.427503205639255,50.92774729483364,48.43758949735508
41.473857342004806,43.52770967240859,45.528173274568395,47.49257772291759,49.43932598630245,51.387411304284925,53.35615943961113,55.36508799002871,57.433827840921836,59.56226058732568,61.67103002049784,63.66097611186086,65.43295580423433,66.92962249738366,68.26076832142027,69.57797689710785,71.03283678715201,72.71080626085201,74.43281222529802,75.97923442332066,77.23280239870002,78.09410290126903,78.43279977863659,78.14116213774383,77.23280239870002,75.76685252394383,73.86317809871608,71.6568294271631,69.28285923721027,66.85478324232535,64.39996225448881,61.92423023601705,59.433445432709945,56.93350917676503,54.43039876390043,51.93022433274809,49.43932598630245
42.46885054069553,44.52588518811693,46.52829023925903,48.49390163606759,50.44141205829273,52.38998439371204,54.35904609028435,56.368177101004505,58.43704739296447,60.565562960000705,62.67438276193981,64.66435847215529,66.43635523725197,67.93303180851812,69.26418397030307,70.58139716884574,72.03626077286111,73.71423323764606,75.43624127807416,76.98266475414184,78.2362334786923,79.09753438402404,79.43623139914564,79.1445936402873,78.2362334786923,76.77028270500878,74.8666065535815,72.66025466197632,70.28627859153195,67.85819213616298,65.40335258822816,62.92758754096383,60.436743863181945,57.93670262698808,55.43340521449019,52.932898501007486,50.44141205829273
43.46557323625827,45.52514085004583,47.529089562225295,49.49565998889389,51.4437757690283,53.39273482671322,55.36204546933337,57.37133720246922,59.44031103750305,61.5688923439984,63.677752125400644,65.6677513447535,67.439761660717,68.93644607234337,70.26760326444585,71.58482013217429,73.03968668398417,74.71766152280253,76.43967121094227,77.9860957013965,79.23966502056513,80.10096624557008,80.43966337002726,80.14802551753947,79.23966502056513,77.7737135334017,75.8700360118867,73.66368156451755,71.2897008267027,68.86160606877621,66.40675178947656,63.93096052659794,61.44007011807925,58.939945552557845,56.43649969791498,53.93572918716632,51.4437757690283
44.463672938983336,46.525255497426286,48.530431139405565,50.49776342634563,52.44635995180417,54.3956260622673,56.36513433907464,58.3745536563072,60.443609681050106,62.572243167937,64.68113468216038,66.6711525611302,68.44317363257339,69.93986426715686,71.27102545185224,72.58824523183006,74.04311412331458,75.72109084640931,77.44310184234098,78.98952713791527,80.24309692903304,81.104398407763,81.4430956189999,81.15145769219836,80.24309692903304,78.77714487557978,76.873466266624,74.66710979073932,72.29312534841668,69.86502400070447,67.4101580289836,64.93434595835228,62.44341845834103,59.94322775022562,57.43966406409682,54.93868413660664,52.44635995180417
45.46286829628926,47.526052978619646,49.532203524352845,51.50014092767998,53.449119192710924,55.39862908115697,57.36829424904418,59.37781484158039,61.4469361050746,63.575611009423156,65.68452771069644,67.67456040006752,69.4465900082348,70.94328558201983,72.27444993565547,73.59167202709637,75.04654277558728,76.72452099423624,78.44653302816445,79.9929589627636,81.24652912846791,82.10783080857964,82.44652808869368,82.15489010290923,81.24652912846791,79.78057662554974,77.87689715349076,75.67053906756954,73.29655168496868,70.86844510691395,68.41356985483085,65.9377412688196,63.446784328463366,60.946541120376665,58.44288390322201,55.94173773589958,53.449119192710924
46.56293499657241,48.627393092391685,50.63431810678254,52.60273606086707,54.55201742106368,56.501720840357365,58.471510550875166,60.48111153306945,62.550284579578644,64.67899235815848,66.78792905084319,68.77797349539718,70.55000987922627,72.04670937328154,73.37787624211758,74.69510016817378,76.14997239057504,77.8279517962481,79.5499646540356,81.09639109582949,82.34996155884349,83.21126339879208,83.54996073357398,83.25832270097476,82.34996155884349,80.88400869918462,78.98032854207958,76.77396917826981,74.39997946196326,71.97186873256646,69.5169861146037,67.04114442016564,64.55016411248327,62.04987923352911,59.54614777563825,57.04486964750883,54.55201742106368
47.56369436953891,49.62916431482669,51.63670445873197,53.60550399615023,55.55502599137617,57.50488304401705,59.47477161548953,61.48443640765768,63.55365055625292,65.68238442786462,67.79133698801816,69.7813907627676,71.5534325244804,73.05013513007103,74.38130399522976,75.6985293774247,77.15340276967157,78.83138311748746,80.55339662917314,82.09982347352795,83.35339417251694,84.21469613932817,84.5533935175,84.26175544774384,83.35339417251694,81.88744102971265,79.98376032888585,77.77739995081417,75.40340838224085,72.97529435791131,70.52040589361368,68.04455379490891,65.5535549402469,63.0532369860874,60.54944660006463,58.04806372438844,55.55502599137617
48.56500420359939,50.63127797393627,52.63930661970828,54.60840912714326,56.55812215752188,58.50810116655583,60.4780682112048,62.487783652318655,64.55703042484546,66.68578500697473,68.79475016131993,70.78481134151376,72.55685737167924,74.0535624469064,75.3847328965518,76.7019594344872,78.15683375524245,79.8348148508384,81.5568288815237,83.10325604539153,84.35682693167402,85.21812899917626,85.55682641178666,85.26518831253904,84.35682693167402,82.890873564137,80.98719243175773,78.78083124866515,76.40683820994462,73.97872157041871,71.52382846586165,69.047968109221,66.55695453360953,64.05661032700212,61.5527731676611,59.051307147385046,56.55812215752188
49.56675137207081,51.633663592646585,53.64208013487479,55.611423177288145,57.56128785946666,59.51136367639593,61.481393009773015,63.49114865283137,65.56042131973594,67.68919234010644,69.79816749057734,71.78823454851621,73.56028396656967,75.05699100195451,76.38816270921052,77.70539016445916,79.16026522217287,80.83824691128268,82.56026135389853,84.10668877136409,85.36025980630158,86.22156195372233,86.5602593936667,86.26862127101165,85.36025980630158,83.894306260394,81.99062478549118,79.7842629634527,77.4102687578742,74.98215004266142,72.52725325511523,70.05138634410625,67.5603610843422,65.0599960407499,62.55612175612333,60.05458973989178,57.56128785946666
50.5688459263296,52.63626517139883,54.644989695836415,56.61452369353786,58.564508758905106,60.51466141926889,62.48474019409417,64.49452774662228,66.5638209663781,68.69260503397365,70.80158811844358,72.79165984157692,74.56371194860819,76.0604205397749,77.39159324519882,78.70882142852037,80.16369707115894,81.84167923134135,83.56369400090679,85.11012161965306,86.36369277257813,87.22499498343025,87.56369244506958,87.27205430383609,86.36369277257813,84.89773908509774,82.99405733833369,80.78769500916322,78.41369987744812,75.985579514759,73.53067980401431,71.05480769077437,68.56377315721215,66.06339157503993,63.55948782324943,61.05790342344625,58.564508758905106
51.67121637318196,53.73903822429507,55.74800726281363,57.71769284864024,59.66777347296657,61.617987128387995,63.58810514671346,65.59791802653864,67.6672275593994,69.79602198270045,71.90501136443287,73.89508679034935,75.66714103162964,77.16385085762357,78.49502435529493,79.81225311648892,81.26712922338298,82.94511175745615,84.66712678652175,86.2135545650247,87.46712581159657,88.32842807279421,88.66712555165286,88.37548739567362,87.46712581159657,86.00117201174974,84.09749004920924,81.89112731752769,79.51713145073695,77.08900978044333,74.63410774954939,72.15823150728001,69.6671896130488,67.166794904037,64.66286776363567,62.16124178535948,59.66777347296657
52.673805904772436,54.74194741825248,56.751110570856426,58.72091648915267,60.67107296545382,62.62133503544611,64.59148420249025,66.60131718506689,68.67063966583419,70.7994423085373,72.90843668843756,74.89851505326496,76.67057098850351,78.16728179458192,79.49845592106118,80.81568514091319,82.27056161628731,83.94854444711788,85.67055968214899,87.21698758745086,88.4705589083503,89.3318612095072,89.6705587020328,89.37892053434985,88.4705589083503,87.00460501931813,85.10092288551569,82.89455983436076,80.52056338413978,78.09244067599879,75.63753680359792,73.16165728410566,70.67060954767578,68.17020441978372,65.66625871551005,63.16459973536706,60.67107296545382
53.77656939252074,55.84496469387521,57.85428194210972,59.82418337899564,61.77440006331993,63.7247005617224,65.69487445223405,67.70472339066644,69.77405614831149,71.9028653148044,74.01186366177032,76.00194435921914,77.77400163895561,79.27071322292848,80.60188784849336,81.9191174323827,83.37399420021976,85.05197726658692,86.77399266509296,88.32042067103524,89.5739920509285,90.43529438380108,90.77399188717419,90.482353710202,89.5739920509285,88.1080380911099,86.20435582137677,83.99799251665557,81.6239956033655,79.19587207148383,76.74096673747596,74.2650846168438,71.77403224343776,69.27361884601142,66.76965840738119,64.26797323300228,61.77440006331993
54.879470992529534,56.94806777063006,58.957507341773436,60.9274845985213,62.87774907267598,64.8280800728239,66.79827358681396,68.80813518960105,70.87747610408337,73.00629044854071,75.11529194417957,77.10537449303519,78.87743283990181,80.37414504129055,81.70532006298018,83.0225499358063,84.47742693577142,86.15541018908415,87.87742571734036,89.423853803161,90.67742522987768,91.53872758792303,91.87742509990582,91.58578691556073,90.67742522987768,89.21147121387583,87.30778883625445,85.10142533027754,82.72742804944912,80.29930386376365,77.84439736967624,75.368513184514,72.8774571307249,70.37703716972484,67.87306503630123,65.3713590711423,62.87774907267598
55.9824822395168,58.05123895828498,60.06077562797613,62.03081306721401,63.98111547387738,65.9314706839672,67.90167977340545,69.9115514280131,71.98089881662811,74.10971727085683,76.21872126560588,78.20880528392652,79.98086447777588,81.47757716920825,82.8087525053025,84.12598260745798,85.58085979166333,87.25884319335489,88.98085882459387,90.52728697381404,91.78085843769449,92.64216081571948,92.98085833453572,92.6892201443388,91.78085843769449,90.31490437709994,88.41122191384757,86.20485824813387,83.83086067559003,81.40273597097988,78.94782855613592,76.47194273235256,73.98088375743353,71.48045858689636,68.97647717122919,66.47475470416444,63.98111547387738
57.08558053051226,59.15446421221078,61.16407795586909,63.13416316464324,65.0844956794267,67.03487010539514,69.00509155725308,71.01497119006888,73.0843237172358,75.21314543340375,77.32215141170215,79.31223659633957,81.08429646244011,82.58100954282062,83.91218512845808,85.22941541263243,86.68429274306938,88.36227626252932,90.0842919755058,91.63072017504616,92.88429166842351,93.74559406230638,94.08429158654639,93.79265339170485,92.88429166842351,91.41833757243577,89.51465504121802,87.30829124872115,84.93429344464255,82.50616832816144,80.05126018251204,77.57537305815262,75.08431176472624,72.58388245936086,70.07989367632175,67.57815811152645,65.0844956794267
58.48889724802365,60.6064874802002,62.6896965569081,64.75657925537438,66.82373874433107,68.90485165445764,71.00952935788776,73.14293777669067,75.30661649040749,77.48883086484257,79.63272421677628,81.67338319830858,83.55013235539396,85.2399571113921,86.8373042938112,88.45203164817418,90.17337373508829,92.02835326208222,93.86330804126021,95.5269420988305,97.02773157922685,98.33490746344933,98.97837791059968,98.47656708049865,97.02773157922685,94.97553903836001,92.54924974877427,89.92702797867682,87.25932259306562,84.65200901808356,82.09561487002851,79.56519025346567,77.04415095558358,74.51953603743101,71.98005482106208,69.41643711822196,66.82373874433107
56.2437648572395,58.31245613674439,60.32195307953914,62.291965895978635,64.24225278320637,66.19259808825537,68.16280080531018,70.17266834742345,72.24201308728404,74.37082986008795,76.47983283238013,78.4699162495011,80.24197509682594,81.73868758776766,83.06986279523014,84.38709280356052,85.84196991238801,87.51995325337363,89.24196884247948,90.78839696576111,92.04196841443678,92.90327078428757,93.24196830030806,92.95033011250527,92.04196841443678,90.5760143720864,88.67233194386804,86.46596834350717,84.09197089031231,81.66384639800884,79.20893935987235,76.73305420649514,74.24199642669323,71.74157338752666,69.23759576949448,66.73588005384974,64.24225278320637
54.43795338303353,56.50624484497325,58.51549904545119,60.485361401861496,62.43555345293625,64.38583822901109,66.35600200438176,68.36584441479444,70.43517296786769,72.56397946529009,74.67297618921623,76.66305593232346,78.43511266198786,79.93182392770215,81.26299834907705,82.58022778402848,84.03510443221072,85.71308740221323,87.43510273383708,88.98153069860457,90.23510205436179,91.09640437425858,91.43510187319367,91.14346370002198,90.23510205436179,88.7691481235039,86.86546590938383,84.65910270840374,82.28510598456823,79.85698278970207,77.40207805367888,74.92619699724676,72.43514652095999,69.9347365068391,67.43078209646936,64.92910763895591,62.43555345293625
53.295681606358116,55.38613478794255,57.42834388594318,59.441651669263706,61.44480067700613,63.45517313956151,65.4881029862388,67.55650104212057,69.6711260054129,71.82580116656305,73.95178831662074,75.96661084648362,77.7903420087595,79.3840222955163,80.85236711120069,82.3277246470906,83.92853233339127,85.70568135809823,87.49190037413598,89.1057177691023,90.5039560231769,91.63474048049162,92.16388053066754,91.74037526873497,90.5039560231769,88.70053293751153,86.51243667651431,84.09093732442798,81.57099092145378,79.0562610515264,76.5531204696962,74.0515560897125,71.54644995552076,69.03472244544737,66.51421144635738,63.98384060827408,61.44480067700613
51.92855123397639,53.99520219805491,56.00346002251818,57.97270464809475,59.92250728236499,61.87254349128504,63.8425473401104,65.85228653522671,67.92154860793451,70.0503129029277,72.15928396369125,74.14934861687533,75.92139664884712,77.4181028822758,78.74927407500769,80.06650115495756,81.5213759111608,83.19935735744738,84.92137163153083,86.46779894524244,87.721369919361,88.58267203408485,88.92136946284612,88.62973134976771,87.721369919361,86.25541644642982,84.35173511166303,82.14537355103529,79.77137982285132,77.34326195686074,74.88836667613018,72.41250244670161,69.92148196726603,67.42112544871239,64.91726635321919,62.41576133821842,59.92250728236499
51.28346172388567,53.3584044255217,55.37688801819489,57.35865402376574,59.3232943838256,61.29003334152547,63.27751256608225,65.30364995468052,67.38568594961416,69.52179433605933,71.63560287612373,73.63270354012965,75.41950496438812,76.9442195674458,78.3157690357236,79.68066610041517,81.18061644399837,82.88982923437177,84.63232527152682,86.20047237099524,87.5014435295624,88.45389653315912,88.85928494942534,88.52126616029645,87.5014435295624,85.92655717089896,83.93546301277495,81.66558493916041,79.24975067648975,76.7972710059259,74.3289486511737,71.84596151540535,69.35102503300443,66.84747861030417,64.33893825204684,61.829342750979706,59.3232943838256
39.49006177974077,41.534902776969396,43.529856350091805,45.490830585529736,47.435410864203746,49.382110079516664,51.349965470219765,53.35831746130016,55.426685791918274,57.55488262755961,59.66350857914843,61.65337029460292,63.42530135050961,64.92193990272142,66.25306767154916,67.57026307741442,69.0251123868714,70.70307333936117,72.42507338959223,73.97149194661799,75.22505778769683,76.08635714284162,76.42505362776376,76.13341632294137,75.22505778769683,73.75911047387885,71.85544096638469,69.6491014683508,67.27514803110265,64.84710183646997,62.39233372271603,59.916695794650565,57.4260787025203,54.926441474006154,52.423863645007955,49.924635352101234,47.435410864203746
40.48016071952152,42.530013894987775,44.52803446561434,46.49091890066295,48.43670682048746,50.38417828202931,52.352531109745456,54.36120438356396,56.42977975066913,58.55810805597994,60.666813969334385,62.65672270772255,64.4286808690542,65.92533510445818,67.25647293563645,68.57367568118855,70.0285308873303,71.70649658879466,73.42849993509236,74.97492052129266,76.22848755184506,77.08978754646446,77.42848425010163,77.13684675798278,76.22848755184506,74.76253881078279,72.85886656257256,70.6525219520224,68.27855917829586,65.85049637567329,63.395698794768464,60.92000842975665,58.42929787278777,55.929494001321046,53.426619384881505,50.92686388715053,48.43670682048746
41.47298131406001,43.52683050796864,45.527292195504,47.49169545314892,49.43844296446212,51.38652780180364,53.3552756276455,55.364203978223244,57.43294370035868,59.56137636500873,61.67014574846014,63.66009181058509,65.43207148610526,66.9287381695034,68.2598839872837,69.5770925584078,71.0319524447857,72.70992191553302,74.4319278779297,75.97835007469072,77.23191804933052,78.09321855150193,78.4319154287335,78.1402777879572,77.23191804933052,75.76596817546172,73.862293751938,71.65594508356372,69.28197489941584,66.85389891485704,64.3990779453421,61.92334595947453,59.43256121428443,56.932625061967144,54.42951483368657,51.929340730504634,49.43844296446212
42.46797280844213,44.52500495856063,46.52740848706085,48.49301893762525,50.44052876245537,52.38910071619573,54.35816216705055,56.367293019125185,58.43616320887696,60.564678711020036,62.67349847349382,64.66347416050233,66.43547091222229,67.9321474757488,69.26329963256808,70.58051282748869,72.0353764285941,73.71334889103552,75.43535692983704,76.98178040490336,78.23534912886686,79.09665003388301,79.43534704889672,79.14370929013077,78.23534912886686,76.76939835588766,74.86572220581289,72.65937031673064,70.28539425089366,67.85730780372063,65.40246827032789,62.92670324894223,60.435859617290106,57.93581846335263,55.4325211973817,52.932014744280366,50.44052876245537
43.464694146566444,45.52425977326726,47.52820727502788,49.494776949916385,51.44289225559828,53.391851010222155,55.361161457766,57.37045306496432,59.43942681886719,61.56800807385355,63.67686782393095,65.66686702486396,67.43887733021019,68.93556173569354,70.26671892385471,71.58393578870832,73.03880233820857,74.71677717516684,76.4387868620156,77.98521135167505,79.23878067037778,80.10008189513228,80.43877901950378,80.14714116708936,79.23878067037778,77.77282918377338,75.86915166333185,73.66279721796516,71.28881648380724,68.8607217323859,66.40586746462846,63.9300762222902,61.439185850386124,58.93906135015614,56.435615611825966,53.934845307786944,51.44289225559828
44.46279276889952,46.524373747045125,48.529548427116616,50.4968801168981,52.44547626559441,54.39474213544074,56.364250257384356,58.373669474647286,60.4427254349913,62.571358880993444,64.68025037035349,66.6702682347032,68.44228929771936,69.93897992742708,71.27014110899424,72.58736088669028,74.04222977634163,75.72020649796002,77.442217492867,78.98864278781048,80.24221257855848,81.10351405708965,81.44221126825855,81.15057334151523,80.24221257855848,78.77626052554889,76.87258191744516,74.66622544314984,72.29224100372971,69.86413966118064,67.40927369862094,64.9334616442928,62.44253417334346,59.942343517052706,57.43877992325028,54.93780015985389,52.44547626559441
45.461987266805586,47.525170692866155,49.53132047437684,51.499257403442286,53.4482353693177,55.3977450667375,57.36741011168934,59.37693062487148,61.44605183724896,63.57472670914598,65.68364339068476,67.67367606845167,69.44570566993036,70.94240123984545,72.2735655909982,73.59078768062804,75.04565842766397,76.72363664514116,78.44564867825609,79.99207461235456,81.24564477776538,82.1069464577193,82.44564373777939,82.15400575204114,81.24564477776538,79.77969227519935,77.87601280381662,75.66965471915691,73.29566733885976,70.86756076490305,68.4126855200912,65.93685694701998,63.44590002973078,60.94565686277912,58.44199971890956,55.940853681846264,53.4482353693177
46.562053283787094,48.62651038124989,50.63343478860016,52.60185236607593,54.55113348875753,56.500836756402975,58.470626369334354,60.480227288540135,62.5494002944759,64.67810804729814,66.78704472431923,68.77708915966288,70.54912553818318,72.04582502916688,73.37699189603225,74.69421582065098,76.14908804189744,77.82706744664043,79.54908030378246,81.09550674517894,82.34907720796001,83.21037904778336,83.54907638252243,83.25743834995988,82.34907720796001,80.88312434858065,78.97944419201235,76.77308482920381,74.39909511472575,71.97098438858157,69.51610177639003,67.04026009222258,64.54927980284889,62.04899495654473,59.545263556823855,57.04398553209238,54.55113348875753
47.56281211366176,49.628281265761856,51.63582092755806,53.60462016594386,55.55414197260667,57.50399890486497,59.47388739887515,61.48355214104606,63.55276625743684,65.68150010860421,67.79045265632536,69.78050642376445,71.55254818126365,73.04925078441634,74.38041964801096,75.69764502906503,77.15251842039528,78.83049876747302,80.55251227864632,82.09893912268575,83.35250982148983,84.21381178820168,84.5525091663395,84.26087109661248,83.35250982148983,81.8865566789074,79.98287597850661,77.77651560122963,75.40252403410759,72.97441001235964,70.51952155264266,68.04366946208975,65.55267062195955,63.05235269371508,60.548562353864085,58.04717956026198,55.55414197260667
48.56412151619351,50.63039465647754,52.63842291940975,54.6075251894282,56.55723807011434,58.50721698358842,60.47718396675053,62.48689936817952,64.55614611514481,66.68490068104707,68.79386582552453,70.78392699991612,72.55597302673723,74.05267810002942,75.38384854843338,76.70107508546323,78.15594940549099,79.83393050050103,81.5559445307797,83.10237169439719,84.35594258053294,85.21724464795628,85.5559420605397,85.26430396131519,84.35594258053294,82.88998921317199,80.98630808113083,78.77994689866904,76.40595386110036,73.97783722362345,71.5229441227021,69.04708377253164,66.5560702084542,64.05572602241602,61.55188889972297,59.05042294459358,56.55723807011434
49.56586834185973,51.63278006204733,53.64119630029586,55.61053915422474,57.56040371757348,59.51047945864917,61.48050874322098,63.49026435478015,65.559537001396,67.68830800888692,69.79728315152572,71.78735020485931,73.55939962025835,75.05610665410737,76.38727836037805,77.70450581490795,79.15938087204424,80.83736256068904,82.55937700298213,84.105804420249,85.35937545507,86.22067760242814,86.55937504235109,86.2677369197144,85.35937545507,83.8934219093022,81.98974043466774,79.78337861312988,77.40938440846564,74.98126569487917,72.52636891021864,70.05050200434505,67.55947675373571,65.05911172646945,62.5552374709313,60.0537055064095,57.56040371757348
50.56796262384425,52.635381471556556,54.64410575465001,56.61363960272172,58.56362457376187,60.5137771739158,62.48385591000232,64.4936434375287,66.56293664118104,68.69172069855395,70.80070377680747,72.79077549628556,74.56282760121002,76.05953619115778,77.39070889579962,78.70793707855073,80.16281272073098,81.84079488054431,83.56280964985358,85.10923726844214,86.36280842127478,87.22411063207718,87.56280809369953,87.27116995248056,86.36280842127478,84.89685473390531,82.99317298735426,80.78681065858115,78.41281552759168,75.98469516619335,73.52979545773903,71.05392334857507,68.56288882227898,66.06250725306496,63.558603524362496,61.05701916560314,58.56362457376187
51.670332854472846,53.73815439007838,55.7471232369945,57.71680870404133,59.66688925349271,61.617102861122504,63.58722084869976,65.59703370868054,67.66634322875974,69.79513764394699,71.90412702074542,73.89420244376072,75.66625668336884,77.16296650839527,78.49414000544591,79.81136876618713,81.26624487271744,82.94422740649766,84.66624243535995,86.2126702137377,87.4662414602362,88.32754372139439,88.66624120023955,88.37460304427185,87.4662414602362,86.00028766047741,84.09660569810598,81.8902429667398,79.516247100525,77.08812543125592,74.63322340217982,72.15734716314556,69.66630527468152,67.16591057595475,64.66198345387876,62.1603575081802,59.66688925349271
52.67292221437104,54.74106347735366,56.750226477852706,58.72003230186168,60.67018871872983,62.62045075078797,64.59059989342644,66.60043286025227,68.66975533087471,70.79855796713784,72.90755234312198,74.89763070564666,76.66968663955802,78.16639744486852,79.49757157085516,80.81480079034779,82.26967726543319,83.94766009603124,85.66967533090096,87.21610323610349,88.46967455694468,89.33097685807027,89.66967435058518,89.3780361829114,88.46967455694468,87.0037206679824,85.10003853431415,82.89367548340955,80.51967903364569,78.09155632631784,75.63665245535984,73.16077293843527,70.66972520658284,68.16932008685407,65.66537439712546,63.163715442840044,60.67018871872983
53.77568556579958,55.84408066828438,57.85339779577431,59.823299157816976,61.77351579496633,63.72381626325922,65.6939901343996,67.70383906033037,69.77317180992333,71.9019809713048,74.01097931516249,76.00106001078366,77.77311728946671,79.2698288728301,80.60100349800396,81.91823308160808,83.37310984921598,85.0510929153986,86.77310831377655,88.31953631963998,89.573107699487,90.43441003233474,90.77310753569935,90.48146935873444,89.573107699487,88.10715373972386,86.20347147009724,83.99710816557474,81.62311125264748,79.19498772141122,76.74008238854852,74.26420026995437,71.77314790018143,69.27273450923435,66.7687740821487,64.26708892829339,61.77351579496633
54.87858705758134,56.9471836778076,58.95662315310406,60.92660035044415,62.876864787154176,64.82719576340334,66.7973892620181,68.80725085488248,70.87659176297385,73.00540610337421,75.11440759654604,77.10449014395107,78.8765484899816,80.37326069088658,81.70443571226585,83.02166558486559,84.47654258464883,86.15452583781507,87.87654136596962,89.4229694517277,90.67654087840768,91.5378432364333,91.87654074840933,91.58490256407003,90.67654087840768,89.21058686244983,87.30690448491296,85.10054097909378,82.72654369855333,80.29841951338011,77.84351302020164,75.36762883665699,72.87657278575148,70.37615282989407,67.87218070563347,65.3704747567644,62.876864787154176
55.98159821864991,58.050354812093445,60.059891405703354,62.029928797786326,63.98023117472869,65.93058636584958,67.90079544308423,69.91066708981617,71.98001447335864,74.10883292436733,76.21783691715828,78.2079209343276,79.97998012751333,81.47669281856174,82.80786815440968,84.12509825638546,85.57997544044645,87.25795884202174,88.97997447318005,90.52640262235053,91.77997408620185,92.64127646421119,92.97997398302209,92.68833579282976,91.77997408620185,90.31402002564228,88.41033756245696,86.20397389686845,83.82997632455316,81.40185162034956,78.94694420622706,76.47105838372755,73.97999941109728,71.47957424464184,68.97559283624739,66.4738703821121,63.98023117472869
57.084696441439775,59.15358002365559,61.163193706923494,63.133278878268925,65.08361136946203,67.03398578037454,69.00420722254637,71.01408684911114,73.08343937225195,75.21226108586417,77.32126706260843,79.31135224633202,81.08341211190586,82.58012519198161,83.91130077742358,85.2285310614553,86.68340839177766,88.36139191114532,90.08340762405778,91.62983582355872,92.88340731691298,93.7447097107834,94.08340723501914,93.79176904018125,92.88340731691298,91.41745322095295,89.51377068978844,87.30740689739092,84.93340909349371,82.5052839773353,80.05037583225851,77.5744887089181,75.08342741730829,72.58299811518259,70.07900933791586,67.57727378338281,65.08361136946203
58.48461838219124,60.60226542743207,62.68555966816068,64.75255244364389,66.81984167925502,68.90109576596157,71.00591432216649,73.13944836911415,75.30322063646491,77.48548707057644,79.62941409509328,81.67012141754708,83.54696887550149,85.2369688551556,86.83454512204517,88.44951243003246,90.17105591145179,92.02616253788683,93.86119575017847,95.52490907447282,97.02585889213489,98.33330184466004,98.97693968256237,98.47501468250539,97.02585889213489,94.97327074548852,92.54658079439997,89.92400387396313,87.25602633858037,84.64853745007272,82.09204075339846,79.56156003297998,77.04048960085447,74.51584941616952,71.97633087061071,69.41264734992191,66.81984167925502
56.23867093416477,58.30736141435973,60.316857871903125,62.28687038758075,64.23715708524124,66.18750226930146,68.15770490851834,70.16757240039792,72.23691710790416,74.36573386016963,76.47473681997255,78.46482022974993,80.23687907284199,81.73359156133473,83.06476676722599,84.38199677441031,85.83687388231706,87.51485722256115,89.23687281115235,90.78330093411714,92.03687238260711,92.89817475235802,93.23687226834437,92.94523408057086,92.03687238260711,90.57091834047955,88.66723591268914,86.46087231312657,84.08687486138952,81.65875037167937,79.20384333814431,76.72795819295608,74.23690042775246,71.73647741462037,69.23249984297597,66.73078420979913,64.23715708524124
54.43286069815581,56.50115089177008,58.510404322149014,60.480266201203804,62.43045795138906,64.38074253541836,66.35090618723396,68.36074851790761,70.4300770196224,72.55888348444238,74.6678801885432,76.6579599199932,78.43001664293851,79.92672790476533,81.25790232364606,82.57513175677822,84.03000840349887,85.7079913723243,87.4300067031312,88.9764346673957,90.2300060228581,91.09130834259643,91.43000584147731,91.13836766835203,90.2300060228581,88.76405209235398,86.86036987891325,84.65400667920034,82.280009957679,79.85188676692945,77.39698203821061,74.92110099477759,72.430050541664,69.92964056886989,67.42568623213474,64.92401190552647,62.43045795138906
53.29094174221869,55.381422075228826,57.42367251774989,59.43703491719833,61.44025006809727,63.4506967698085,65.48370315696343,67.55217166503616,69.66685048994384,71.82155615690218,73.94756324597992,75.9624146905118,77.78620572826584,79.3799964752113,80.84849339133336,82.32402040264364,83.92497910512682,85.70222789062561,87.48851028990526,89.10239321221853,90.50076874550479,91.63179703399356,92.16110049163247,91.73748284819249,90.50076874550479,88.6970181616858,86.50862540459099,84.08688850472959,81.56677411018921,79.05194185161452,76.54874335671349,74.04714788645055,71.54202467614911,69.03028339991207,66.50975221117832,63.97934620088351,61.44025006809727
51.923463628367806,53.99011140163259,55.99836728752737,57.967610711011076,59.91741258739532,61.867448312516444,63.83745185005394,65.84719084426148,67.9164527875626,70.04521700040607,72.15418801121422,74.1442526350244,75.91630065006534,77.41300687369818,78.74417806014523,80.06140513551085,81.51627988803114,83.19426133135164,84.9162756033765,86.46270291582076,87.7162738891964,88.57757600352085,88.91627343214553,88.62463531918411,87.7162738891964,86.25032041715664,84.34663908410158,82.140277526667,79.76628380431433,77.33816594869694,74.88327068637201,72.4074064896987,69.91638606865439,67.41602965423314,64.91217074427297,62.41066605908662,59.91741258739532
51.27845964009734,53.3534098656078,55.37190501921516,57.353686492497076,59.31834588959667,61.28510662272548,63.272608763269844,65.29876767562958,67.3808204119838,69.51693839274338,71.63075324836223,73.62786313420872,75.41468389668977,76.93943505658379,78.31103682201802,79.67599500769138,81.17600253191041,82.88525459332848,84.62777623153781,86.19595034875304,87.49698000396059,88.44954371729641,88.85501167393923,88.51693769759783,87.49698000396059,85.92195825037591,83.93075296009496,81.66079272044104,79.24490367523927,76.79239187095479,74.32405174268294,71.84105518196944,69.34611355715762,66.84256300631549,64.33401662171333,61.82441070110836,59.31834588959667
39.48764071204147,41.53246799122992,43.52741316232603,45.48838216177284,47.43295912902606,49.379656226311795,51.3475102525025,53.35586136219348,55.42422912480443,57.55242559974299,59.66105133194178,61.6509129183782,63.42284389991437,64.9194824090952,66.25061015031416,67.56780553604094,69.0226548293187,70.70061576877832,72.42261580996566,73.96903436142381,75.22260019923897,76.08389955262919,76.4225960369512,76.13095873264271,75.22260019923897,73.75665288933703,71.85298338936283,69.6466439053566,67.27269049372569,64.84464434466159,62.389876311758414,59.91423852756594,57.42362169187392,54.92398492056212,52.42140790578773,49.92218105910759,47.43295912902606
40.47773220478128,42.52757443778667,44.52558831883362,46.488468589833204,48.43425387806043,50.38172365716632,52.350075401311145,54.35874797534254,56.427322891528135,58.555650910512895,60.664356649723885,62.65426528570541,64.42622338800732,65.92287758925686,67.25401539852167,68.5712181280897,70.02607332138987,71.70403901251211,73.42604235163182,74.97246293341307,76.22602996137509,77.08732995460188,77.42602665776272,77.13438916605178,76.22602996137509,74.760081223421,72.85640898117936,70.650064381763,68.27610162836908,65.84803886191482,63.393241345182844,60.917551094368065,58.42684074095007,55.92703723241483,53.42416326238269,50.92440891302027,48.43425387806043
41.47054685590842,43.52438733024648,45.52484369504461,47.4892436424766,49.43598906299401,51.384072564129625,53.35281952958917,55.36174732460188,57.430486688784256,59.558919126154436,61.66768837137961,63.65763435222124,65.42961398088832,66.92628063717763,68.25742643756499,69.57463499600239,71.02949487218785,72.70746433472664,74.42947029142609,75.97589248467969,77.22946045726351,78.09076095832961,78.42945783518314,78.13782019473055,77.22946045726351,75.76351058586167,73.85983616707526,71.65348750753793,69.27951733952813,66.85144138367646,64.39662046509656,61.92088856987037,59.43010398624858,56.93016812202154,54.42705840689416,51.926885215486706,49.43598906299401
42.46553361225354,44.52255881977084,46.524958115258805,48.49056593521945,50.438074099261875,52.38664499191543,54.35570575966298,56.36483617069487,58.4337060763026,60.562221398039156,62.671041050797385,64.66101667328934,66.43301338782123,67.92968992983116,69.26084207284552,70.57805525769663,72.03291885071226,73.7108913066385,75.43289934091814,76.97932281320064,78.2328915355323,79.09419243967115,79.43288945438479,79.14125169587578,78.2328915355323,76.76694076451112,74.86326461819633,72.65691273612802,70.28293668309993,67.85485025871193,65.400010765747,62.924245816305415,60.433402312896376,57.93336138763604,55.43006452901761,52.92955879978993,50.438074099261875
43.46225117664702,45.52181127916249,47.525755415902815,49.49232300080611,51.440436987486244,53.389394899584886,55.358704804806635,57.36799606189206,59.43696959024662,61.56555070203524,63.67441036502797,65.66440951475289,67.43641979058249,68.93310417898795,70.26426135619205,71.58147821305346,73.03634475613282,74.71431958791997,76.4363292711797,77.9827537586296,79.23632307603714,80.09762430009533,80.43632142422868,80.14468357201821,79.23632307603714,77.77037159098684,75.86669407352964,73.66033963372992,71.28635890973842,68.85826417640175,66.40340994073225,63.92761875549729,61.43672848538375,58.93660416666735,56.4331587516925,53.93238902231701,51.440436987486244
44.460346795445815,46.521923380294474,48.5270953862166,50.494425415867646,52.443020517145925,54.39228571806518,56.36179340947953,58.37121234882174,60.44026813013345,62.568901462473775,64.67779288271257,66.66781070641761,68.43983174600612,69.93652236215897,71.26768353502946,72.58490330638205,74.03977219093713,75.7177489084512,77.43975990050956,78.98618519369933,80.23975498341935,81.10105646139783,81.43975367237772,81.14811574579626,80.23975498341935,78.77380293164323,76.87012432590814,74.66376785603134,72.28978342468034,69.86168209648517,67.40681615939394,64.9310041503895,62.440076760233836,59.939886248018354,57.43632291088804,54.93534360368092,52.443020517145925
45.459538904182814,47.52271883775524,49.52886649469019,51.49680210528433,53.445779239492126,55.39528840584907,57.364953109034204,59.37447340160787,61.443594471878185,63.572269253558176,65.68118588023403,67.67121852574077,69.44324810862474,70.93994366778125,72.27110801203142,73.58833009662646,75.04320083961744,76.72117905383703,78.443191084691,79.98961701739753,81.24318718199245,82.10448886150772,82.44318614141777,82.15154815580802,81.24318718199245,79.77723468040546,77.87355521090274,75.66719712974998,73.29320975585733,70.86510319329335,68.410227968696,65.93439943159872,63.44344257843707,60.94319952584294,58.439542585709845,55.93839691077369,53.445779239492126
46.5596030215546,48.624057343539,50.63098006328644,52.59939659377072,54.548677056148435,56.498379902203865,58.468169243839924,60.477769987934394,62.546942881073875,64.67565056228852,66.78458719576406,68.77463160550249,70.54666796926404,72.0433674517086,73.37453431309535,74.69175823371796,76.14663045175394,77.82460985391137,79.54662270925886,81.09304914955058,82.34661961168405,83.20792145115925,83.54661878577923,83.25498075331868,82.34661961168405,80.88066675308173,78.97698659800561,76.77062723798056,74.39663752858576,71.96852681148401,69.51364421533684,67.03780255972225,64.54682232124759,62.046537565712185,59.5428063277069,57.041528590427106,54.548677056148435
47.560360341608494,49.62582728860836,51.6333656101171,53.60216401717733,55.55168529962498,57.50154189721343,59.47143017587436,61.48109477905035,63.550308805911015,65.67904260024201,67.78799511340048,69.77804886051652,71.55009060630158,73.04679320267675,74.37796206192297,75.6951874398053,77.15006082858739,78.82804117361296,80.55005468336194,82.09648152652451,83.35005222481459,84.21135419125014,84.55005156929343,84.25841349964733,83.35005222481459,81.8840990828489,79.98041838363247,77.77405800856474,75.40006644547728,72.97195243090636,70.51706398392386,68.04121191603355,65.55021311630257,63.04989526010327,60.54610504861225,58.04472248318032,55.55168529962498
48.561668544469576,50.62793993317559,52.635967131793706,54.60506874178196,56.55478120631528,58.50475985412794,60.474726666353405,62.48444195745637,64.55368863335929,66.6824431541496,68.79140827119431,70.78146942945534,72.55351544697893,74.05022051489175,75.38139095984437,76.6986174943568,78.15349181236208,79.83147290574331,81.55348693489148,83.09991409781303,84.35348498354082,85.21478705074483,85.55348446325326,85.26184636409297,84.35348498354082,82.88753161666938,80.98385048556824,78.77748930485993,76.40349627049352,73.97537963871304,71.52048654789908,69.04462621571605,66.55361268370389,64.05326855484924,61.549431534039456,59.047965760021256,56.55478120631528
49.56341441712054,51.63032474620388,53.638740139373425,55.60808246930576,57.557946702301535,59.50802223250028,61.478051381390856,63.48780690538064,65.5570794955928,67.68585046727777,69.79482558814298,71.78489262867366,73.55694203669321,75.05364906627264,76.38482076980398,77.7020482223358,79.15692327786685,80.83490496521887,82.5569194066147,84.10334682332918,85.35691785782639,86.21822000501044,86.55691744487385,86.26527932228814,85.35691785782639,83.8909643124471,81.98728283855871,79.78092101841263,77.40692681629001,74.9788081072248,72.52391133058653,70.04804443898968,67.55701921383078,65.05665423195191,62.552780057281026,60.05124823651508,57.557946702301535
50.56550794216905,52.63292568520896,54.6416492973533,56.6111827294466,58.56116743825247,60.51131987101985,62.4813984994106,64.49118595743087,66.56047911631468,68.68926314526803,70.7982462062397,72.78831791555606,74.5603700146234,76.05707860118235,77.38825130365,78.70547948481521,80.1603551257214,81.83833728450863,83.56035205310575,85.10677967125588,86.36035082383148,87.22165303449574,87.56035049607081,87.26871235489234,86.36035082383148,84.89439713677041,82.99071539081153,80.78435306314306,78.41035793417089,75.98223757636109,73.52733787427405,71.0514657764416,68.5604312703457,66.06004973715616,63.55614607263965,61.05456182798429,58.56116743825247
51.66787757168465,53.73569823016301,55.74466654441444,57.71435168124725,59.664432022542414,61.61464549730897,63.584763399404565,65.59457620421688,67.6638856887627,69.79268008139313,71.90166944447486,73.89174485942478,75.66379909438407,77.1605089167208,78.49168241204578,79.80891117152825,81.26378727704734,82.94176981001316,84.6637848383102,86.21021261633999,87.46378386263453,88.32508612368304,88.6637836024907,88.3721454465551,87.46378386263453,85.99783006312046,84.09414810121903,81.8877853707296,79.51378950611593,77.08566783969505,74.63076581567267,72.1548895856323,69.66384771320125,67.16345304306746,64.65952597193686,62.15790011680579,59.664432022542414
52.670466454269544,54.73860702085645,56.74776959849605,58.7175751603814,60.667731412022775,62.61799333862196,64.58814241341143,66.59797533644911,68.66729777886835,70.79610039722793,72.90509476232508,74.89517311844827,76.66722904866985,78.16393985184553,79.49511397646248,80.81234319495607,82.26721966923883,83.94520249919051,85.6672177336116,87.21364563853794,88.46721695921723,89.32851926025577,89.66721675274093,89.37557858509264,88.46721695921723,87.0012630704492,85.09758093715402,82.89121788694527,80.51722143845222,78.08909873338504,75.63419486643815,73.15831535665205,70.6672676375251,68.16686254049075,65.66291689119815,63.16125800879816,60.667731412022775
53.773229426722125,55.841623976338994,57.85094076815277,59.82084192212723,61.77105842812777,63.72135881271447,65.69153263000167,67.70138152117723,69.77071424838506,71.89952339555643,74.00852173077304,75.99860242131328,77.77065969706776,79.26737127873676,80.5985459028235,81.9157754856347,83.37065225260552,85.0486353182751,86.77065071629697,88.31707872194119,89.57065010165971,90.43195243443836,90.77064993777935,90.47901176083468,89.57065010165971,88.10469614205076,86.20101387272022,83.99465056875005,81.62065365683142,79.19253012738943,76.7376247977104,74.26174268478205,71.77069032510937,69.27027695217501,66.7663165571838,64.26463146038523,61.77105842812777
54.876130617627226,56.94472679895476,58.95416600779183,60.92414303997515,62.8744073725871,64.82473828239651,66.79493173826711,68.8047933035459,70.87413419387002,73.00294852299176,75.11195000930516,77.10203255267746,78.87409089638356,80.3708030959437,81.70197811646014,83.01920798843051,84.47408498770812,86.1520682404672,87.8740837683391,89.42051185392319,90.67408328050118,91.53538563847195,91.87408315042924,91.582444966106,90.67408328050118,89.2081292646657,87.30444688736385,85.09808338198303,82.72408610224315,80.29596191849404,77.84105542784245,75.36517124879475,72.87411520590584,70.37369526434519,67.86972316555824,65.3680172619759,62.8744073725871
55.97914153983734,58.04789778487182,60.05743416697197,62.02747142796176,63.97777372227816,65.92812886066443,67.8983379039725,69.90820952880951,71.97755689825001,74.10637534030681,76.21537932765423,78.20546334162276,79.97752253296358,81.4742352229446,82.8054105581077,84.12264065958396,85.57751784324364,87.25550124449572,88.97751687542971,90.52394502446208,91.77751648823248,92.63881886619829,92.97751638499432,92.68587819481473,91.77751648823248,90.31156242777003,88.40787996477124,86.20151629953068,83.82751872785077,81.39939402477752,78.94448661266057,76.46860079373033,73.97754182746283,71.47711667235481,68.97313528417895,66.47141286598826,63.97777372227816
57.08223957301203,59.15112287866083,61.160736394040185,63.13082146133176,65.08115388694256,67.03152825599874,69.00174967124265,71.01162928042928,73.08098179237729,75.20980349888436,77.31880947130807,79.3088946524912,81.08095451660074,82.5776675958293,83.90884318072767,85.22607346436297,86.6809507943668,88.35893431347792,90.08095002621234,91.62737822560366,92.88094971889367,93.74225211272956,94.08094963695349,93.78931144212571,92.88094971889367,91.41499562301075,89.51131309199428,87.3049492998729,84.93095149648002,82.50282638121877,80.0479182377338,77.5720311172263,75.08096983066665,72.58054053754745,70.07655177632833,67.5748162503248,65.08115388694256
58.478852573762325,60.59656251365723,62.67995103159505,64.74706565739002,66.81449850836299,68.89590885184055,71.00088329575897,73.13455637169287,75.29843216660522,77.48075620853798,79.62472049344426,81.66548130647014,83.54243753319761,85.23263138293716,86.83046108747678,88.44569382753903,90.16746006383909,92.02270725898484,93.85782721195883,95.52162819548965,97.02275531612484,98.33049356555223,98.97431646759063,98.47226524495908,97.02275531612484,94.96972967865739,92.54259656019521,89.91962673979157,87.25134808149903,84.64366519448915,82.08705501188047,79.55651220146467,77.03540731242055,74.51073916435293,71.97117930460618,69.40742293800206,66.81449850836299
56.23200305804788,58.30069249053899,60.31018831203386,62.28020043348447,64.2304868826675,66.18083190814038,68.15103444533025,70.16090187136538,72.23024653646284,74.35906326180726,76.46806620523978,78.45814960539144,80.23020844293538,81.72692092821808,83.05809613204983,84.37532613773193,85.8302032444318,87.50818658370395,89.23020217162055,90.77663029417005,92.03020174241658,92.89150411203663,93.23020162797819,92.938563440243,92.03020174241658,90.56424770058113,88.66056527335164,86.45420167483542,84.08020422500924,81.65207973869829,79.19717271119465,76.7212875767402,74.2302298306714,71.72980685166439,69.22582934082331,66.7241138157422,64.2304868826675
54.42619444501776,56.49448297616203,58.503735397125595,60.47359665048144,62.42378800627242,64.37407233857587,66.34423582844022,68.35407805459499,70.42340648899113,72.55221291107702,74.66120958919163,76.65128930536181,78.42334601949997,79.9200572762312,81.25123169184266,82.56846112259021,84.02333776739509,85.70132073467764,87.42333606441369,88.96976402801896,90.22333538309493,91.08463770262547,91.42333520143531,91.13169702837087,90.22333538309493,88.75738145305448,86.85369924050414,84.64733604245222,82.27333932396422,79.8452161386106,77.39031141946597,74.91443039307174,72.42337997033263,69.92297005170806,67.41901581149031,64.9173416564675,62.42378800627242
53.28466552351885,55.37517592133621,57.417472143935015,59.43089501747649,61.43418340370654,63.44471230203928,65.47780343070932,67.54634993689098,69.66108839056807,71.81582782900844,73.94185699132595,75.95674044509676,77.7805977650277,79.37451078639134,80.84317606007556,82.31889064640916,83.92001648027926,85.6973756655056,87.48372820472338,89.09768363737581,90.49621107170913,91.62750913729755,92.1569933726333,91.73325140305593,90.49621107170913,88.6920980906493,86.50337719237487,84.08137735716458,81.56107699891061,79.0461313904672,76.54286878011567,74.04123888912056,71.53609677326146,69.02434025590964,66.50378671416456,63.973341762350415,61.43418340370654
51.91680403292021,53.98344762380384,55.99170096870314,57.960942816531826,59.91074369950903,61.86077879048544,63.8307819199989,65.840520650863,67.90978242454281,70.03854652970756,72.14751747503611,74.13758206034416,75.90963005319274,77.4063362639856,78.73750744219466,80.05473451155143,81.50960925924426,83.18759069867698,84.90960496800349,86.45603227878654,87.70960325118844,88.57090536498937,88.90960279343501,88.61796468062691,87.70960325118844,86.24364978031709,84.33996844950573,82.13360689625654,79.75961318154738,77.33149533952675,74.87660010132723,72.40073594758829,69.909715603081,67.40935932515245,64.90550065838184,62.40399640550345,59.91074369950903
51.271893044870666,53.346851602676395,55.36535955935106,57.34715816211791,59.31183864132548,61.27862348888617,63.266151006658774,65.29233375423469,67.37440502971252,69.51053363496132,71.62435548423069,73.62147558202103,75.40831775882506,76.9331093996517,78.30476907469316,79.66979493889608,81.16986577672975,82.87916132023878,84.62171130426519,86.18991533549602,87.491009756767,88.44369604021323,88.84925205435556,88.51111698175797,87.491009756767,85.91583809440804,83.92450975163965,81.65445852833189,79.23850881961884,76.78596143126425,74.31760162080752,71.83459462295274,69.3396473034384,66.83609218108431,64.3275391228803,61.817921663585395,59.31183864132548
39.491300324596324,41.53614833658557,43.53110620609256,45.49208311895346,47.43666509091928,49.38336538928232,51.351221477726426,53.35957391950356,55.42794254057095,57.556139560656874,59.664765624430274,61.65462740585788,63.42655849979377,64.92319707400935,66.25432485695481,67.57152027311781,69.02636959084799,70.70433055000073,72.42633060485628,73.97274916472901,75.22631500747671,76.0876143635187,76.4263108487477,76.13467354366253,75.22631500747671,73.76036769165626,71.85669818031681,69.65035867510991,67.27640522476241,64.84835900682837,62.393590851731574,59.91795285009698,57.42733562683759,54.92769816453401,52.42511991918414,49.92589088675214,47.43666509091928
40.48140307244775,42.5312618433621,44.52928583470737,46.492172399039774,48.437961664528274,50.38543398638103,52.353787368179326,54.36246099983255,56.43103659751449,58.5593650492375,60.6680710516398,62.657979842393374,64.42993803390976,65.92659228677853,67.25773012916218,68.57493288288772,70.02978809559596,71.70775380234872,73.42975715231691,74.97617774077688,76.22974477265386,77.09104476798538,77.42974147186608,77.13810397953867,76.22974477265386,74.76379603000223,72.86012377873996,70.65377916249656,68.279816378373,65.85175355725585,63.396955943536355,60.921265520130135,58.430554859076,55.93075080202506,53.42787585504644,50.928119770099435,48.437961664528274
41.47422670616352,43.52808035883358,45.5285447681495,47.49294971846854,49.43969829890709,51.387783819515136,53.35653208531181,55.36546071997657,57.434200625150524,59.56263340601964,61.67140286015271,63.661348963841704,65.43332866332011,66.92999536058029,68.26114118725442,69.57834976486583,71.0332096564556,72.71117913140034,74.4331850967103,75.9796072952648,77.23317527095594,78.09447577369257,78.43317265111745,78.1415350101756,77.23317527095594,75.76722539582565,73.86355096987953,71.65720229698651,69.28323210458645,66.85515610534833,64.40033510978787,61.92460307757105,59.43381824976335,56.93388195013176,54.43077145945139,51.93059689003541,49.43969829890709
42.46922062334743,44.52625632356748,46.5286620166158,48.49427381233613,50.441784486407315,52.39035698273241,54.35941878289273,56.368549860493644,58.437420195541876,60.56593578993538,62.67475560851199,64.6647313285109,66.43672809924688,67.93340467377584,69.26455683765424,70.58177003772386,72.03663364296597,73.7146061087389,75.43661414985269,76.98303762634252,78.23660635114044,79.0979072566052,79.43660427177232,79.144966512875,78.23660635114044,76.77065557716,74.86697942516255,72.66062753249378,70.28665146010702,67.85856500128288,65.40372544721748,62.92796038904338,60.43711669181444,57.937075420943444,55.43377794667367,52.933271123421065,50.441784486407315
43.46594389117139,45.52551234266331,47.52946156512376,49.496032308723116,51.44414828887422,53.393107474321695,55.36241819918084,57.37170998540864,59.4406838546451,61.56926518285532,63.678124977463284,65.6681242045814,67.4401345250209,68.93681893923701,70.26797613300104,71.58519300194145,73.04005955472499,74.7180343943275,76.44004408301151,77.98646857380078,79.24003789316583,80.10133911827637,80.44003624276966,80.14839839025095,79.24003789316583,77.77408640576674,75.8704088837992,73.66405443558585,71.29007369622933,68.86197893556046,66.4071246513949,63.93133337985701,61.44044295590257,58.94031836285603,56.436872459178815,53.93610186128683,51.44414828887422
44.46404404936182,46.52562727401705,48.530803321511456,50.49813586019789,52.446732544489464,54.395998756390284,56.3655070984841,58.37492645786119,60.44398250975297,62.57261601387583,64.68150753858089,66.67152542371414,68.44354649870996,69.94023713534895,71.27139832136311,72.58861810230286,74.0434869945602,75.7214637182773,77.44347471464094,78.9899000104812,80.24346980175483,81.1047712805686,81.44346849183418,81.15183056500808,80.24346980175483,78.7775177481145,76.87383913879955,74.66748266224485,72.29349821869857,69.86539686880971,67.41053089322673,64.93471881572245,62.443791303459435,59.94360057349613,57.440036848444976,54.939056851777195,52.446732544489464
45.46323976896842,47.5264249809094,49.532575848818745,51.50051345208213,53.449491843229154,55.39900181220682,57.36866703192034,59.37818765791013,61.44730894295378,63.57598386098307,65.68490057057589,67.67493326483896,69.44696287582602,70.94365845124247,72.27482280592486,73.59204489812925,75.04691564723353,76.72489386637649,78.44690590064755,79.99333183545775,81.2469020012858,82.10820368146403,82.44690096160085,82.15526297579692,81.2469020012858,79.7809494982192,77.8772700258751,75.6709119394221,73.29692455585004,70.86881797606767,68.4139427209192,65.93811412945277,63.44715717937211,60.94691395394396,58.44325670589424,55.94211048365801,53.449491843229154
46.56330675731376,48.627765274013996,50.634690544317195,52.60310865717007,54.552390117496714,56.50209360072131,58.47188335237895,60.48148436112753,62.5506574247414,64.67936521418,66.78830191346805,68.77834636190485,70.55038274797201,72.04708224332217,73.37824911298901,74.69547303965118,76.15034526253929,77.82832466860442,79.55033752666407,81.09676396862545,82.35033443173768,83.21163627173905,83.55033360653903,83.25869557392434,82.35033443173768,80.88438157196097,78.98070141462966,76.7743420503978,74.40035233332041,71.9722416025524,69.51735898215662,67.04151728338876,64.55053696798794,62.050252075269384,59.5465205928556,57.04524242113635,54.552390117496714
47.564066359233564,49.62953663890845,51.63707698605825,53.605876649540704,55.555398724259874,57.50525582765087,59.4751444317794,61.484809245025076,63.554023407196865,65.68275728742736,67.79170985282207,69.78176363065333,71.5538053941425,73.05050800076086,74.381676866579,75.69890224925496,77.15377564188822,78.8317559900153,80.55376950191693,82.10019634640474,83.35376704547167,84.21506901232482,84.55376639051096,84.26212832074253,83.35376704547167,81.88781390257384,79.98413320156746,77.77777282316077,75.40378125397564,72.97566722855774,70.52077876232902,68.04492666018766,65.5539277993994,63.0536098343148,60.549819428827234,58.0484365185508,55.555398724259874
48.56537637521526,50.63165041116585,52.63967921833304,54.60878182585657,56.55849491934157,58.50847396866105,60.47844103923123,62.48815649707518,64.55740328037805,66.68615786934821,68.79512302785336,70.78518421049324,72.55723024206866,74.05393531811154,75.38510576828033,76.70233230659747,78.15720662765939,79.83518772350234,81.55720175435906,83.10362891833245,84.35719980467678,85.21850187221227,85.5571992848341,85.26556118557673,84.35719980467678,82.89124643706555,80.98756530454374,78.78120412118528,76.40721108197914,73.97909444158938,71.52420133549964,69.04834097613131,66.5573273956574,64.05698318037855,61.553146005587706,59.05167995784754,56.55849491934157
49.56712368820435,51.63403611973061,53.642452790108635,55.61179591198204,57.561660644256065,59.5117364931632,61.4817658471153,63.49152150345287,65.56079417891063,67.68956520471085,69.79854035848354,71.78860741836382,73.56065683753636,75.05736387356865,76.38853558124006,77.70576303679171,79.1606380947488,80.83861978405469,82.56063422680657,84.1070616443559,85.3606326793425,86.22193482678965,86.56063226674304,86.26899414408027,85.3606326793425,83.894679133376,81.99099765836004,79.78463583611054,77.41064163014661,74.98252291424822,72.5276261254855,70.05175921231157,67.56073394868815,65.0603688982132,62.556494601323735,60.05496256329272,57.561660644256065
50.56921835724679,52.63663776983124,54.645362396013155,56.614896456794526,58.56488156192759,60.51503424767425,62.485113038830775,64.49490060189896,66.56419382844358,68.69297790034875,70.80196098743932,72.79203271211358,74.56408482003306,76.06079341171366,77.39196611746729,78.70919430102933,80.16406994386108,81.8420521041991,83.56406687387252,85.11049449268529,86.36406564564933,87.22536785652238,87.5640653181689,87.27242717692926,86.36406564564933,84.89811195812217,82.99443021126832,80.78806788193036,78.41407274990935,75.98595238667605,73.5310526749658,71.05518056000753,68.56414602338211,66.06376443574706,63.559860674223245,61.05827625711707,58.56488156192759
51.6715888952534,53.73941087937618,55.74837999866928,57.71806563457031,59.668146290461934,61.618359966031036,63.58847799731913,65.59829088551017,67.66760042375931,69.79639485048095,71.90538423429338,73.8954596614329,75.66751390341818,77.16422372981997,78.49539722775303,79.8126259891379,81.26750209618528,82.94548463038197,84.66749965953329,86.21392743808897,87.4674986846918,88.32880094590605,88.66749842477037,88.37586026878627,87.4674986846918,86.00154488480784,84.09786292219607,81.89150019038155,79.51750432334804,77.0893826526225,74.6344806209622,72.15860437732897,69.66756248066648,67.16716776731879,64.66324061919198,62.16161462718192,59.668146290461934
52.67417849922484,54.74232011830797,56.7514833350353,58.7212892930806,60.671445794437105,62.621707880421454,64.59185705775437,66.60169004697114,68.67101253201524,70.79981517743327,72.90880955898447,74.89888792478257,76.67094386058069,78.16765466698283,79.4988287936698,80.81605801367331,82.27093448916911,83.9489173200977,85.67093255519683,87.21736046054059,88.47093178146457,89.3322340826347,89.67093157516481,89.37929340747799,88.47093178146457,87.00497789240296,85.10129575854396,82.89493270728352,80.52093625686982,78.09281354838602,75.63790967537687,73.16203015480214,70.67098241644257,68.17057728510905,65.66663157470357,63.164972583659704,60.671445794437105
53.77694204444195,55.8453374296346,57.85465472877185,59.8245561972097,61.77477290142171,63.725073412517574,65.69524731119564,67.70509625489841,69.77442901593798,71.90323818458577,74.01223653286202,76.0023172310813,77.77437451126188,79.27108609549168,80.60226072122146,81.91949030523104,83.37436707316468,85.05235013960963,86.77436553816966,88.32079354414519,89.57436492405792,90.43566725694099,90.77436476031767,90.48272658334241,89.57436492405792,88.10841096421595,86.2047286944379,83.99836538963298,81.62436847618993,79.1962449440362,76.74133960954552,74.26545748805421,71.77440511311656,69.27399171295872,66.7700312694616,64.26834608643048,61.77477290142171
54.879843690076385,56.948440534732555,58.95788014628245,60.92785742807507,62.878121918015424,64.82845292823838,66.79864644871029,68.8085080556805,70.8778489728571,73.00666331902478,75.11566481570364,77.10574736517077,78.8778057123899,80.37451791398257,81.70569293580306,83.02292280872462,84.4777998087664,86.15578306214088,87.87779859043994,89.42422667628698,90.67779810301911,91.53910046107278,91.87779797305839,91.58615978871089,90.67779810301911,89.21184408699871,87.30816170934165,85.10179820329832,82.72780092234848,80.29967673644707,77.84477024197648,75.36888605613231,72.87783000112755,70.3774100379595,67.87343790067301,65.37173192864668,62.878121918015424
55.98285497328473,58.05161174488646,60.06114844665143,62.03118590576858,63.98148832496156,65.93184354304815,67.90205263763112,69.91192429555898,71.98127168631243,74.11009014189867,76.21909413747316,78.2091781562792,79.98123735040829,81.47795004200253,82.80912537820065,84.12635548043187,85.58123266469806,87.25921606643863,88.98123169771165,90.52765984695272,91.78123131084544,92.64253368887705,92.98123120769557,92.68959301749672,91.78123131084544,90.3152772502362,88.41159478695552,86.2052311211891,83.83123354854887,81.40310884376731,78.94820142861923,76.47231560429464,73.9812566284107,71.48083145615283,68.97685003741964,66.47512756490418,63.98148832496156
57.08595329303387,59.15483701667165,61.16445078578897,63.13453601034209,65.0848685350706,67.03524296738622,69.00546442332757,71.01534405877862,73.08469658764284,75.21351830488825,77.32252428384183,79.31260946886448,81.08466933518707,82.58138241569605,83.91255800141593,85.22978828565041,86.68466561613567,88.36264913563447,90.084664848638,91.63109304819497,92.88466454158208,93.74596693547016,94.08466445971195,93.79302626486889,92.88466454158208,91.41871044558263,89.5150279143424,87.30866412180369,84.93466631764858,82.50654120103144,80.05163305514066,77.57574593035167,75.08468463615944,72.58425532942832,70.08026654395567,67.57853097483412,65.0848685350706
58.48246272252295,60.60016538725897,62.68354300012531,64.75064353177032,66.81805977152817,68.89945204217874,71.00440845652875,73.13806545321373,75.30192927505215,77.48424665468772,79.62820663050216,81.66896125750424,83.54590490565795,85.23607633596627,86.83387673392575,88.44907878203897,90.17081926244038,92.02605020501501,93.86116012925308,95.52495097802704,97.0260576002628,98.33376171138735,98.97756321981657,98.47552658856024,97.0260576002628,94.97308254344284,92.54600066651915,89.92307627931717,87.25483244399695,84.64717199282573,82.09057493522468,79.5600393058421,77.0389384019601,74.51427348805639,71.97471840662276,69.41097046532376,66.81805977152817
56.23571634080858,58.30440635695544,60.31390253278077,62.283914873847735,64.23420146145283,66.18454657527168,68.15474916929887,70.16461663201466,72.23396132073728,74.36277806107893,76.47178101363107,78.461864419145,80.23392325977969,81.73063574685067,83.06181095182973,84.37904095834868,85.83391806572088,87.51190140553447,89.2339169938269,90.78034511660775,92.03391656498991,92.89521893468284,93.23391645064933,92.94227826289281,92.03391656498991,90.56796252299172,88.66428009544974,86.4579164963506,84.08391904545994,81.65579455725536,79.20088752639172,76.72500238595771,74.23394462922926,71.73352163121181,69.22954408649835,66.72782850119916,64.23420146145283
54.42990682364817,56.498196280922514,58.50744926421203,60.4773108661328,62.42750244163331,64.37778691416844,66.34795049425276,68.35779277863298,70.42712125053107,72.55592769642331,74.66492438901435,76.6550041136966,78.42706083274106,79.92377209231094,81.25494650974366,82.57217594181964,84.02705258769174,85.70503555583383,87.4270508861664,88.97347885013893,90.22705020543016,91.08835252507644,91.42705002392587,91.13541185082754,90.22705020543016,88.76109627513142,86.85741406208504,84.65105086310783,82.27705414293001,79.84893095457042,77.39402623009218,74.91814519420598,72.42709475454582,69.9266848057444,67.42273051175867,64.92105626114888,62.42750244163331
53.28833471597116,55.37884163575501,57.42113256234734,59.434548440100656,61.437828354407245,63.448347744317545,65.48142907034102,67.54996655408279,69.66469811029202,71.81943364230435,73.945460251372,75.96034000259907,77.78418965567471,79.37808853383552,80.84673433456103,82.32242722594806,83.9235337300828,85.70088014728714,87.48722457478371,89.1011716216986,90.49968148925146,91.63094835748004,92.16041168841673,91.7366840953266,90.49968148925146,88.69561041895747,86.50692747244844,84.08495804933466,81.56467920132994,79.04974670435962,76.54649151054242,74.04486560119453,71.53972567226359,69.02797091795625,66.50741996194753,63.9769795148119,61.437828354407245
51.920512702680895,53.987158623487346,55.99541338392606,57.964656109521854,59.914457545907084,61.864492990153394,63.834496346969246,65.84423522453696,67.91349709270958,70.0422612578601,72.15123223966609,74.14129684642293,75.91334485163446,77.41005106958022,78.74122225237852,80.0584493250827,81.51332407546482,83.19130551706334,84.91331978789304,86.45974709960151,87.71331807254589,88.57462018663846,88.91331761518384,88.62167950229033,87.71331807254589,86.24736460102363,84.34368326896235,82.13732171338154,79.76332799441434,77.33521014481921,74.8803148931799,72.40445071552304,69.91343032837844,67.41307397441238,64.9092151721655,62.407710678456596,59.914457545907084
51.27559583049489,53.35055342432371,55.369059899793726,57.350856520832664,59.31553456103876,61.28231661879947,63.26984120069393,65.29602119080006,67.37809032151644,69.51421769763881,71.62803873782785,73.62515765422248,75.41199735366199,76.93678431138963,78.30843728713616,79.67345532202275,81.17351883558823,82.8828093490411,84.62535605401615,86.19355662480659,87.49464355403956,88.44731565903541,88.85286148723512,88.51473348185216,87.49464355403956,85.91948923304602,83.92817512531803,81.65813442747171,79.24219173673694,76.78964846503621,74.3212909315871,71.83828514119598,69.34333848049783,66.83978388701935,64.3312316008814,61.82161547649494,59.31553456103876
39.492065647664916,41.53691799321759,43.531878516930036,45.49285708383779,47.4374401018773,49.384141069321494,51.35199758881234,53.36035030901846,55.428719109517985,57.55691624354904,59.6655423766272,61.65540419881131,63.42733531624066,64.92397390404962,66.25510169571663,67.57229711824134,69.02714644108246,70.70510740435141,72.42710746206383,73.97352602369537,75.22709186747406,76.08839122407034,76.42708770948889,76.1354504042414,75.22709186747406,73.76114455041653,71.85747503670154,69.65113552706336,67.27718206862343,64.84913583629438,62.394367655657035,59.91872960857333,57.42811230430573,54.928474697572995,52.4258961950117,49.92666670571975,47.4374401018773
40.482170748059296,42.532032975713314,44.530059080296695,46.49294696004829,48.43873705685439,50.386209910185485,52.354563634281675,54.36323748699607,56.43181322712243,58.56014176929514,60.66884782670894,62.65875664981252,64.43071485997625,65.92736912363432,67.25850697294038,68.57570973171525,70.0305649484801,71.70853065849991,73.43053401073561,74.97695460059155,76.23052163328683,77.09182162905827,77.43051833308942,77.13888084063316,76.23052163328683,74.76457288965332,72.8609006365056,70.65455601674503,68.28059322619848,65.85253039365584,63.39773275966431,60.922042300183534,58.431331574828164,55.931527403128044,53.42865225195084,50.92889580423672,48.43873705685439
41.47499625931009,43.52885266649828,45.52931875726408,47.49372475327519,49.44047399419254,51.38855993690534,53.357308474494886,55.36623728466135,57.43497730291182,59.5634101555781,61.6721796533765,63.66212578274269,65.43410549702186,66.93077220284566,68.26191803501416,69.57912661663327,71.0339865114428,72.71195598898062,74.43396195609029,75.9803841557528,77.2339521320934,78.09525263517921,78.4339495127235,78.1423118716794,77.2339521320934,75.76800225618382,73.86432782874118,71.6579791530566,69.28400895555855,66.85593294725193,64.40111193560122,61.925379874751016,59.43459499590428,56.93465860526568,54.43154795248145,51.931373095037955,49.44047399419254
42.46999167324462,44.527029566632464,46.52943659688538,48.495049223609435,50.44256042232031,52.39113325384048,54.360195269792825,56.36932648671811,58.43819691152676,60.56671256291024,62.67553241614573,64.66550815652525,66.43750493900885,67.93418152033485,69.26533368857417,70.58254689182473,72.03741049962235,73.71538296745342,75.43739100999568,76.98381448736491,78.23738321267834,79.09868411842024,79.43738113368212,79.14574337470364,78.23738321267834,76.77143243807933,74.86775628489413,72.66140439000966,70.28742831357663,67.85934184755475,65.40450228071832,62.92873719981725,60.43789346207663,57.9378521189671,55.43455451601565,52.93404746409303,50.44256042232031
43.46671613319121,45.526286329770464,47.53023661523657,49.49680801905863,51.44492441587972,53.39388386747906,55.363194763656495,57.37248666048413,59.44146060097076,61.57004197441677,63.678901796534575,65.6689010398292,67.44091136959292,68.93759578920393,70.26875298642922,71.58596985789437,73.04083641270624,74.7188112539423,76.44082094376006,77.98724543524733,79.24081475502152,80.10211598035204,80.44081310492055,80.14917525233741,79.24081475502152,77.77486326713148,75.87118574422121,73.6648312942493,71.2908505516812,68.86275578529944,66.40790149099738,63.9321102014207,61.44121974531089,58.94109509492465,56.437649089100276,53.93687830967343,51.44492441587972
44.46481724019725,46.52640185269091,48.53157874494502,50.4989118080635,52.4475088232322,54.39677524644557,56.36628372454257,58.37570317171415,60.444759280161776,62.57339282019012,64.68228436673043,66.67230226470323,68.44432334709978,69.9410139880207,71.27217517678213,72.58939495972577,74.04426385359298,75.72224057860666,77.44425157587015,78.99067687226437,80.24424666386281,81.10554814285112,81.44424535417642,81.15260742729919,80.24424666386281,78.7782946098328,76.87461599976959,74.6682595218191,72.29427507572379,69.86617372130058,67.41130773767219,64.93549564585024,62.444568108064715,59.9443773325884,57.440813526455145,54.939833385678256,52.4475088232322
45.46401371454054,47.52720002975414,49.53335156881327,51.501289588579084,53.450268242448075,55.39977837918727,57.36944370686406,59.37896440254352,61.44808573247849,63.57676067900711,65.68567740593099,67.67571011038495,69.44773972724605,70.94443530606111,72.27559966292401,73.59282175671888,75.04769250710095,76.72567072727297,78.44768276225827,79.99410869750818,81.24767886359396,82.10898054391077,82.44767782409497,82.15603983825045,81.24767886359396,79.78172636021807,77.8780468872801,75.67168879971925,73.29770141412402,70.86959483074274,68.41471956920856,65.93889096637805,63.447933996039666,60.94769073448623,58.44403342207667,55.94288708544536,53.450268242448075
46.56408130297046,48.62854069644012,50.63546649985384,52.6038849434491,54.55316661236425,56.50287022876813,58.472660066127304,60.48226113019311,62.55143422943905,64.6801420414983,66.78907875454227,68.77912321106771,70.55115960179712,72.04785909984477,73.3790259712423,74.69624989916684,76.15112212306911,77.82910152995103,79.55111438857755,81.09754083088797,82.35111129420474,83.21241313431611,83.55111046915368,83.25947243650677,82.35111129420474,80.88515843418256,78.98147827637987,76.77511891126872,74.40112919258554,71.97301845896104,69.51813583349688,67.04229412570925,64.55131379422956,62.05102887283738,59.54729733933806,57.04601907681351,54.55316661236425
47.56484138184051,49.63031235810277,51.63785312864665,53.60665305474302,55.55617529506054,57.506032504172936,59.47592117632976,61.4855860334836,63.55480022393772,65.6835341221227,67.79248669843565,69.78254048268693,71.55458224987655,73.05128485863594,74.38245372582772,75.69967910950561,77.15455250294382,78.83253285171918,80.55454636407076,82.10097320883557,83.35454390806484,84.2158458750053,84.55454325322131,84.2629051834273,83.35454390806484,81.88859076497221,79.98491006359168,77.7785496844871,75.40455811402745,72.97644408634238,70.52155561609085,68.04570350679042,65.55470463324016,63.054386645396676,60.55059619936051,58.04921321700567,55.55617529506054
48.56615177679621,50.63242636606699,52.640455509448714,54.609558325474296,56.55927155042099,58.50925068366226,60.47921780823091,62.48893330092659,64.5581801066779,66.6869347098988,68.79589987706987,70.78596106480535,72.55800709931783,74.05471217706005,75.38588262831911,76.70310916743149,78.1579834891323,79.83596458548979,81.55797861670364,83.10440578089685,84.3579766673701,85.21927873497486,85.55797614762035,85.2663380483427,84.3579766673701,82.8920232996042,80.98834216678546,78.78198098287308,76.40798794265534,73.97987130046613,71.52497819118346,69.04911782613294,66.5581042355297,64.05776000218671,61.55392279521121,59.05245669025845,56.55927155042099
49.56789939084109,51.634812261814375,53.643229199150966,55.612572486553674,57.56243732318541,59.51251323870804,61.48254263552151,63.492298319522035,65.56157101279756,67.69034204990879,69.7993172105597,71.78938427448442,73.56143369598811,75.05814073336916,76.3893124419059,77.70653989808875,79.16141495655293,80.8393966462672,82.56141108930254,84.10783850702637,85.36140954211525,86.22271168961738,86.56140912958958,86.2697710069107,85.36140954211525,83.89545599602602,81.99177452077437,79.7854126980852,77.41141849131839,74.98329977399175,72.52840298269481,70.05253606501088,67.56151079334775,65.06114572853502,62.5572714060998,60.05573932265668,57.56243732318541
50.569994298998125,52.63741406054622,54.64613889867944,56.61567309086743,58.565658278839635,60.51581101746331,62.48588984264066,64.49567742766564,66.56497066835253,68.69375474923538,70.80273784178522,72.79280956966954,74.5648616794393,76.0615702721904,77.39274297863085,78.70997116269386,80.1648468059281,81.84282896659025,83.56484373648865,85.1112713554399,86.36484250848514,87.22614471940187,87.56484218106328,87.27320403981085,86.36484250848514,84.89888882086058,82.99520707381966,80.78884474413275,78.41484961147447,75.98672924710755,73.5318295333859,71.05595741484802,68.56492287184142,66.06454127282633,63.56063749102634,61.059053037875,58.565658278839635
51.67236502689508,53.74018728810039,55.74915657566102,57.718842315875875,59.66892303752353,61.619136755063806,63.58925481335535,65.59906771897396,67.66837726844801,69.79717170229532,71.90616109044079,73.89623652012816,75.66829076358196,77.16500059083343,78.49617408931164,79.81340285109412,81.26827895846094,82.94626149291491,84.6682765222448,86.2147043009104,87.46827554757766,88.32957780882657,88.66827528770274,88.37663713170848,87.46827554757766,86.0023217476164,84.09863978485615,81.89227705276468,79.51828118522535,77.09015951360009,74.6352574803433,72.15938123386894,69.66833933214167,67.16794460976153,64.6640174455412,62.1623914249211,59.66892303752353
52.67495478164874,54.743096620721715,56.75225997102932,58.72206601187882,60.672222565430076,62.62248468472863,64.59263388349488,66.6024668865442,68.67178938049764,70.80059203157137,72.90958641656174,74.89966478438208,76.67172072134576,78.16843152842227,79.49960565554194,80.81683487586103,82.2717113516104,83.94969418274317,85.67170941798403,87.21813732341505,88.47170864439016,89.33301094558774,89.6717084381273,89.38007027043241,88.47170864439016,87.00575475526718,85.10207262129032,82.89570956981007,80.52171311899491,78.09359040979699,75.63868653552075,73.16280701269096,70.67175927031145,68.17135413180881,65.66740840862973,63.16574939487742,60.672222565430076
53.777718446583506,55.84611400642585,57.855431411602396,59.82533294576848,61.77554969141008,63.7258502289485,65.69602414463866,67.70587309932053,69.77520586743151,71.90401504056821,74.01301339157416,76.00309409139851,77.7751513725042,79.27186295726928,80.60303758334243,81.9202671676025,83.37514393573738,85.05312700234441,86.77514240101694,88.32157040706173,89.57514178701504,90.43644411991994,90.7751416233041,90.48350344632243,89.57514178701504,88.10918782712436,86.2055055572528,83.99914225227337,81.62514533851171,79.19702180579115,76.74211647029479,74.26623434701366,71.77518196888535,69.27476856303734,66.77080810940167,64.26912290834649,61.77554969141008
54.880620187264185,56.94921717056742,58.95865686629119,60.928634200256425,62.87889872308109,64.82922975429223,66.7994232882669,68.80928490395132,70.87862582674055,73.00744017647112,75.11644167531655,77.1065242260576,78.878582574011,80.37529477602853,81.70646979812156,83.02369967124194,84.47857667144345,86.15655992494655,87.87857545333492,89.4250035392369,90.67857496600125,91.53987732407225,91.87857483606379,91.5869366517112,90.67857496600125,89.21262094994219,87.30893857221092,85.10257506602909,82.72857778482634,80.30045359847506,77.84554710320623,75.36966291594149,72.87860685840431,70.37818689071995,67.87421474538641,65.37250875905411,62.87889872308109
55.98363154592735,58.05238842759067,60.06192519617106,62.03196269670022,63.98226514199453,65.93262037673985,67.90282948204015,69.91270114688454,71.98204854209278,74.1108670005069,76.219870997801,78.20995501761814,79.98201421233006,81.47872690426149,82.80990224067592,84.12713234306494,85.58200952745791,87.25999292930057,88.98200856064446,90.52843670992917,91.78200817384746,92.64331055189281,92.98200807071602,92.69036988051313,91.78200817384746,90.31605411320753,88.41237164986792,86.20600798399158,83.83201041115063,81.403885706012,78.94897829023037,76.47309246477826,73.98203348688438,71.48160831104184,68.97762688592167,66.47590440205138,63.98226514199453
57.08672992557547,59.15561373658011,61.165227558732994,63.13531281615647,65.08564536160227,67.0360198071402,69.00624127158804,71.01612091252878,73.08547344492877,75.21429516441869,77.3233011447371,79.31338633056228,81.08544619734745,82.58215927812407,83.91333486401565,85.23056514837538,86.68544247896125,88.36342599854109,90.08544171160085,91.63186991119247,92.88544140459987,93.74674379849885,94.0854413227444,93.79380312789812,92.88544140459987,91.41948730857607,89.51580477728909,87.30944098466311,84.9354431803487,82.50731806344814,80.0524099170545,77.57652279137059,75.08546149558305,72.58503218600679,70.08104339546476,67.57930781733077,65.08564536160227
58.479641387898795,60.59738687814894,62.680828683498916,64.7480121789068,66.81552619718336,68.89702484775637,71.00208738524569,73.13583902355481,75.29977331717228,77.48212990971334,79.62611524779578,81.6669062840169,83.54392396538262,85.23422734624947,86.83220022437034,88.4475828999623,90.16947495351215,92.02480154000921,93.8599704809689,95.52382096969603,97.02504821668292,98.33295321167523,98.97688060500212,98.47475811507945,97.02504821668292,94.97177550827058,92.54439207334592,89.9212002958422,87.25275150588408,84.64495900173188,82.08828469134428,79.55770679446948,77.03658243381398,74.51189848345571,71.97231527649936,69.40851774283082,66.81552619718336
56.232280223605514,58.3009696996789,60.31046554763206,62.2804776854817,64.23076414500086,66.18110917707062,68.15131171850462,70.16117914727872,72.23052381414033,74.3593405406046,76.4683434847181,78.45842688527016,80.23048572304486,81.7271982084611,83.05837341237854,84.37560341812312,85.83048052487321,87.50846386418576,89.23047945213044,90.77690757469722,92.03047902295387,92.89178139257935,93.23047890852278,92.938840720786,92.03047902295387,90.56452498110627,88.66084255385346,86.4544789552937,84.08048150538805,81.6523570189357,79.19744999118117,76.72156485628021,74.23050710941546,71.73008412898892,69.2261066156185,66.72439108604084,64.23076414500086
54.42647154306293,56.49476014336241,58.50401260631553,60.473873885699135,62.4240652578961,64.37434960067081,66.344513097272,68.35435532777454,70.42368376497097,72.55249018883454,74.6614868680301,76.65156658483588,78.42362329934042,79.9203345562836,81.25150897203108,82.56873840287781,84.02361504776238,85.70159801510911,87.4236133448897,88.9700413085224,90.22361266361443,91.08491498315362,91.42361248196643,91.13197430889946,90.22361266361443,88.7576587335547,86.85397652096734,84.64761332284633,82.27361660423213,79.84549341865406,77.39058869911118,74.91470767200816,72.42365724800553,69.92324732712761,67.41929308289495,64.91761892073455,62.4240652578961
53.28516580532283,55.37569320009416,57.418015303824845,59.43147236490118,61.43480215191927,63.445377515660624,65.47851654691593,67.547107142485,69.66187930121919,71.81663782860912,73.94267946745103,75.95758101372496,77.78147579750355,79.37545792816236,80.84421835227377,82.3200389433434,83.92125922255019,85.69868079113988,87.4850729629093,89.09906936645476,90.49768262675413,91.62913310815253,92.15871946906718,91.73490726544081,90.49768262675413,88.693364879015,86.50445854682152,84.0823101099468,81.56190464314446,79.04689496476746,76.54359611260924,74.04194676465548,71.53679396197573,69.02502882916465,66.50446265167963,63.97399568670852,61.43480215191927
51.91708085401985,53.98372461888145,55.99197806948072,57.961219982853294,59.91102090715415,61.86105602450965,63.83105917099604,65.84079791281466,67.91005969355038,70.03882380319433,72.14779475124669,74.13785933815635,75.9099073319281,77.40661354325505,78.73778472180682,80.05501179141353,81.50988653930719,83.18786797890162,84.90988224834038,86.45630955919253,87.70988053163494,88.57118264545764,88.90988007391071,88.61824196109625,87.70988053163494,86.24392706071498,84.34024572981028,82.133884176387,79.75989046135987,77.33177261877366,74.87687737957057,72.40101322404567,69.9099928763546,67.40963659274821,64.90577791586142,62.40427364499993,59.91102090715415
51.27222915460908,53.34719242353823,55.365707619106715,57.34751590688501,59.31220830583514,61.27900678749161,63.266548653206414,65.29274487677218,67.37482663384714,69.51096124590802,71.62478704919435,73.62191292051793,75.40876720428255,76.93358173145444,78.30527414575553,79.67033827122305,81.17044490182278,82.8797650263696,84.62233103447784,86.19055197612609,87.49168300908099,88.44443857798949,88.8500443666891,88.51187475956182,87.49168300908099,85.91642660331505,83.92502869557259,81.6549260347052,79.23894202897146,76.78637452228323,74.31800358390595,71.83499068506453,69.34004014585044,66.83648243882699,64.32792560745357,61.818301624309015,59.31220830583514
39.49507371113953,41.53994308210385,43.53491403343824,45.49589909861204,47.44048622636262,49.38718982242429,51.35504803536627,53.363401849434496,55.43177135486775,57.55996893655413,59.668595341909366,61.65845732421313,63.43038853394103,64.92702717515417,66.25815500108544,67.57535044860326,69.03019979152384,70.70816077096404,72.43016083990027,73.97657940844161,75.2301452562707,76.09144461504454,76.43014110120785,76.13850379532255,75.2301452562707,73.76419793435309,71.86052841130535,69.65418888425799,67.28023539402541,64.85218910514288,62.397420824164584,59.92178259852534,57.43116497600144,54.93152680185116,52.42894728878514,49.92971600463007,47.44048622636262
40.48518805405634,42.53506386228642,44.533098269172854,46.49599131681698,48.44178467961983,50.38925962096789,52.357614689847765,54.366289411043596,56.43486571079026,58.563194608311974,60.6719008818489,62.66180983204565,64.43376811546906,65.93042242151495,67.261560298017,68.57876307662914,70.03361830933119,71.71158403218621,73.4335873933303,74.98000798867054,76.23357502458063,77.0948750220804,77.4335717267027,77.14193423374024,76.23357502458063,74.76762627708968,72.86395401653454,70.65760938295622,68.28364656717561,65.85558368974583,63.40078597611166,60.9250953749051,58.434384396930085,55.934579774808725,53.43170382139806,50.93194594848305,48.44178467961983
41.47802094163059,43.53188817054157,45.53236086723177,47.49677097145464,49.44352280719328,51.391610408226924,53.36036001360739,55.36928951326607,57.43802997575931,59.56646311049445,61.67523277984044,63.66517901008437,65.43715878251123,66.93382552197883,68.26497137573307,69.58217997309717,71.03703988055612,72.71500936828133,74.4370153424616,75.983437546477,77.23700552536923,78.0983060298268,78.43700290784028,78.1453652663944,77.23700552536923,75.77105564639795,73.86738121307604,71.66103252642428,69.28706230889782,66.85898626496383,64.4041651900995,61.928433016757566,59.437647937394246,56.937711189217225,54.434599899576796,51.93442391056163,49.44352280719328
42.4730222358793,44.53006874559125,46.53248102932507,48.49809692081266,50.44561018067341,52.39418432907249,54.363247192805474,56.37237895709329,58.441249734542936,60.56976560982238,62.67858559922189,64.66856141967058,66.44055824830693,67.93723485633637,69.26838704170846,70.58560025745592,72.04046387529348,73.71843635121027,75.4404443993645,76.98686788018864,78.24043660752729,79.10173751435795,79.44043452999225,79.14879677069484,78.24043660752729,76.77448583049824,74.87080967264663,72.66445776905746,70.29048167672778,67.8623951824282,65.4075555654183,62.93179039523005,60.440946498331584,57.940904871419136,55.43760676291703,52.937098812620235,50.44561018067341
43.46975137933474,45.529328431851596,47.53328289354927,49.49985689118654,51.44797492497692,53.39693542220533,55.36624699143964,57.3755393227799,59.44451354318642,61.57309509434998,63.6819550245454,65.6719543313925,67.44396469778823,68.94064913859398,70.27180634941772,71.5890232308017,73.04388979358231,74.72186464123602,76.44387433550803,77.99029882973744,79.24386815111905,80.10516937731373,80.44386650217781,80.15222864934158,79.24386815111905,77.7779166613003,75.87423913468628,73.6678846778054,71.29390392262012,68.86580913379416,66.41095479966893,63.9351634392234,61.44427285678506,58.94414798112888,56.4407015739998,53.93993008137841,51.44797492497692
44.467856213961326,46.52944627886144,48.53462648992221,50.50196161337479,52.45055992845852,54.399827181853965,56.36933619426557,58.378755986354605,60.44781231699275,62.57644599808266,64.68533763040688,66.67535557882223,68.44737669029402,69.94406734803738,71.27522854759192,72.59244833840819,74.04731723860021,75.7252939687076,77.44730496950643,78.99373026807712,80.24730006095135,81.10860154062557,81.44729875218543,81.15566082510732,80.24730006095135,78.78134800539051,76.87766939238765,74.67131290895351,72.29732845284389,69.8692270806066,67.41436106537023,64.93854891729868,62.447621279243066,59.94743032496015,57.443866200280354,54.942885493343226,52.45055992845852
45.46705565344284,47.53024630308498,49.536400478888524,51.50434013496525,53.45331982098827,55.40283061681089,57.372496368642146,59.38201733811084,61.45113884440987,63.57981390290357,65.68873069791583,67.6787634424067,69.45079308234504,70.94748867451216,72.27865303994162,73.59587513998503,75.05074589538708,76.728724119602,78.4507361573933,79.99716209437068,81.2507322614691,82.11203394233027,82.45073122270065,82.15909323669669,81.2507322614691,79.78477975687815,77.88110028160699,75.67474218969375,73.30075479615012,70.87264819862975,68.41777291200808,65.94194426453164,63.4509872146069,60.950743811128476,58.447086245868945,55.94593945981461,53.45331982098827
46.56712559942648,48.63158843745939,50.63851633530233,52.6069360782832,54.55621856667847,56.50592270630274,58.47571288035681,60.48531416174697,62.55448740098029,64.68319530190907,66.79213206899588,68.78217655729901,70.55421296634498,72.05091247499024,73.38207935318705,74.69930328607109,76.15417551395777,77.83215492404851,79.55416778490216,81.10059422858365,82.35416469270413,83.2154665332476,83.55416386823295,83.2625258354595,82.35416469270413,80.8882118317176,78.98453167206306,76.7781723034974,74.40418257850556,71.97607183365884,69.5211891882826,67.04534744505906,64.55436705041043,62.054082016368454,59.550350282169745,57.04907166289925,54.55621856667847
47.567887552091015,49.63336126503422,51.64090369896429,53.60970465679017,55.559227547692686,57.5090851721519,59.478974111570906,61.488639141226315,63.55785344279299,65.68658741151553,67.79554003072298,69.78559384019646,71.55763562192402,73.05433823909476,74.38550711168318,75.70273249929743,77.15760589589804,78.83558624722029,80.55759976133953,82.10402660719257,83.35759730705976,84.21889927434316,84.55759665267644,84.26595858278202,83.35759730705976,81.8916441632017,79.98796346035135,77.78160307850496,75.40761150303808,72.97949746644588,70.52460898039007,68.0487568429639,65.55775791927566,63.057439842019534,60.55364923668047,58.05226597115184,55.559227547692686
48.56919943592112,50.6354761990187,52.64350666328454,54.61261029845056,56.56232403986972,58.51230350281389,60.48227083952587,62.49198646914316,64.56123336308738,66.6899880222951,68.79895322351197,70.78901443126651,72.5610604773178,74.05776556173615,75.3889360172785,76.70616255951518,78.16103688372601,79.83901798210493,81.5610320147218,83.10745917977876,84.36103006675829,85.22233213463525,85.56102954737383,85.26939144801646,84.36103006675829,82.89507669838488,80.99139556439951,78.78503437831094,76.411041334119,73.98292468486017,71.52803156303358,69.05217117565952,66.56115754526121,64.06081324094986,61.55697590753071,59.05550957780741,56.56232403986972
49.57094823272284,51.63786283014937,53.64628081628439,55.61562475400076,57.56549000062178,59.51556617785616,61.485595743058724,63.49535153573845,65.56462429901453,67.6933953805632,69.80237056823653,71.79243764805048,73.56448707871257,75.06119412139248,76.39236583332891,77.70959329199147,79.1644683524479,80.84245004376658,82.56446448791549,84.11089190632484,85.36446294181559,86.22576508953375,86.56446252957984,86.27282440683771,85.36446294181559,83.89850939524419,81.99482791906658,79.78846609465018,77.41447188472902,74.9863531617912,72.53145636053813,70.05558942513589,67.56456412188712,65.06419900074577,62.5603245779491,60.05879231609582,57.56549000062178
50.57304408028828,52.64046521280781,54.6491908836326,56.618725592076615,58.56871110549838,60.518864051859424,62.4889430106941,64.49873068198062,66.5680239782281,68.6968080943814,70.80579120837913,72.7958629488748,74.56791506591361,76.06462366287042,77.3957963720092,78.7130245580404,80.16790020285583,81.84588236479144,83.56789713557369,85.11432475506905,86.36789590843324,87.22919811952141,87.56789558124152,87.27625743993886,86.36789590843324,84.90194222042595,82.99826047265012,80.7918981415923,78.41790300643041,75.98978263760992,73.53488291598603,71.05901078338508,68.56797621530872,66.06759457158498,63.56369071012614,61.06210611536446,58.56871110549838
51.67541555420635,53.74323890398399,55.75220885261599,57.721895002647656,59.671975982630514,61.62218986506255,63.59230802944229,65.60212100352847,67.67143059710169,69.80022505894343,71.90921446411224,73.89928990380926,75.67134415303255,77.1680539836221,78.49922748424194,79.81645624758659,81.27133235620845,82.94931489167313,84.67132992170451,86.217757700802,87.47132894772238,88.3326312091074,88.67132868803012,88.379690531996,87.47132894772238,86.00537514745736,84.1016931841138,81.89533045093425,79.52133458140781,77.09321290624773,74.63831086671891,72.16243460908265,69.6713926874574,67.17099792959159,64.66707070214477,62.165444569124645,59.671975982630514
52.678005901337215,54.74614860468263,56.755312479786085,58.72511884594782,60.675275604556035,62.62553785473587,64.59568713770709,66.60552019510025,68.67484272405568,70.8036453973488,72.91263979585065,74.90271817161567,76.6747741131586,78.17148492288456,79.50265905170409,80.81988827326302,82.2747647500085,83.9527475819435,85.67476281774117,87.22119072351492,88.47476204469098,89.33606434599659,89.67476183857308,89.38312367084657,88.47476204469098,87.0088081553269,85.10512602088708,82.8987629685432,80.52476651615088,78.09664380414733,75.641739924893,73.16586039320397,70.67481263503134,68.17440746836347,65.67046169500071,63.168802592034055,60.675275604556035
53.78077003660589,55.849166282593146,57.85848410436542,59.828385896757425,61.77860280516309,63.728903446586216,65.6990774291116,67.70892642692688,69.77825922281923,71.90706841359162,74.01606677532169,76.00614748145173,77.77820476619196,79.27491635305995,80.60609098048225,81.92332056572641,83.3781973346519,85.05618040189566,86.7781958010101,88.32462380732693,89.57819518743973,90.43949752043036,90.77819502384384,90.48655684683708,89.57819518743973,88.11224122735769,86.20855895711868,84.0021956514538,81.62819873644032,79.20007520149296,76.74516986204549,74.26928773173273,71.77823534106936,69.27782191286646,66.77386141939951,64.2721761475333,61.77860280516309
54.88367215069405,56.9522696786989,58.96170970511588,60.931687244051204,62.881951896068216,64.8322830097353,66.80247659675821,68.81233824667811,70.8816791915176,73.01049355524566,75.11949506260285,77.10957761834878,78.88163596918693,80.37834817287347,81.70952319603737,83.02675306993882,84.48163007076784,86.1596133247763,87.8816288535154,89.42805693963334,90.68162836652427,91.54293072466331,91.88162823667811,91.58999005230561,90.68162836652427,89.21567435031332,87.31199197229039,85.10562846556451,82.73163118336822,80.30350699524952,77.84860049684467,75.37271630399894,72.88166023651264,70.38124025108507,67.87726807413712,65.37556203160113,62.881951896068216
55.98668380579599,58.055441119857335,60.064978150934905,62.03501581415904,63.98531836199743,65.93567366218976,67.90588280959511,69.91575450161251,71.98510191432217,74.11392038384616,76.22292438789603,78.21300841168556,79.9850676086871,81.48178030194327,82.81295563920763,84.13018574221658,85.58506292710761,87.26304632935137,88.98506196097365,90.53149011042974,91.7850615744485,92.64636395254786,92.98506147138954,92.69342328117085,91.7850615744485,90.31910751368801,88.41542505011694,86.20906138380877,83.83506381017926,81.40693910363782,78.95203168536713,76.47614585548536,73.98508686969484,71.48466167976947,68.98068022955673,66.47895770107695,63.98531836199743
57.08978242076873,59.15866657501081,61.16828060552409,63.13836599208501,65.08869861892265,67.03907311640695,69.00929461427401,71.01917427678217,73.08852682307311,75.21734855138095,77.32635453706149,79.31643972603953,81.08849959464197,82.58521267647001,83.9163882630362,85.233618547888,86.68849587886913,88.36647939876735,90.08849511204807,91.63492331177571,92.88849480526284,93.74979719920472,94.08849472346489,93.79685652860607,92.88849480526284,91.42254070914336,89.51885817767266,87.31249438470397,84.93849657976364,82.51037146174968,80.05546331338047,77.57957618418075,75.08851488212562,72.58808556137177,70.08409675091366,67.58236113737269,65.08869861892265
58.482649323215014,60.60039165389745,62.683828723328006,64.75100609802662,66.81851290276403,68.90000370540642,71.00505841408611,73.1388030707379,75.3027321657849,77.48508586569758,79.62906933288805,81.6698576833372,83.54686990361404,85.23716355131006,86.83512370705674,88.45049305981881,90.17237393394154,92.02769346631271,93.86285805462242,95.52670414479012,97.02792249564432,98.33581267586389,98.9797307857616,98.47761462749162,97.02792249564432,94.97467173959268,92.54731054655487,89.9241384920419,87.25570482051559,84.6479220575713,82.09125344604973,79.5606786672482,77.0395560370112,74.51487349098853,71.9752923588866,69.41149848373851,66.81851290276403
56.23533235850826,58.30402231432372,60.313518453522576,62.28353077188821,64.23381734518487,66.18416244987158,68.15436503802358,70.16423249694779,72.23357718322829,74.36239392201968,76.47139687362916,78.46148027858882,80.23353911890403,81.73025160579014,83.06142681065062,84.37865681708305,85.83353392438579,87.51151726414338,89.23353285239696,90.77996097515388,92.03353242352202,92.89483479320742,93.23353230917137,92.94189412141702,92.03353242352202,90.56757838154067,88.66389595403099,86.45753235499211,84.08353490421148,81.65541041620266,79.20050338568632,76.72461824587043,74.2335604902438,71.73313749419148,69.2291599529793,66.72744437390476,64.23381734518487
54.42952293480613,56.4978122963481,58.50706522151104,60.47692678740131,62.42711834019086,64.37740279823049,66.34756636898894,68.35740864735052,70.4267371153721,72.55554355880352,74.66454024989815,76.65461997370056,78.42667669223786,79.92338795151429,81.25456236875877,82.57179180069741,84.02666844645921,85.70465141451243,87.42666674478335,88.97309470871792,90.2266660639869,91.08796838362123,91.42666588246657,91.13502770937173,90.2266660639869,88.76071213371486,86.85702992071975,84.65066672183818,82.27667000183504,79.84854681378619,77.39364208985927,74.91776105495421,72.42671061704316,69.92630067136108,67.42234638293323,64.92067214220408,62.42711834019086
53.288199385064445,55.37872526912281,57.421045072512754,59.434499094986165,61.437825202313434,63.44839643625993,65.4815312100278,67.55011788705679,69.66488705020525,71.81964388104657,73.94568441102913,75.96058434932503,77.78447580350948,79.37845179215819,80.84720376002917,82.32301493040936,83.92422681639233,85.70164284115174,87.48803149092785,89.1020242535775,90.50062988701738,91.63206682443871,92.16164411051024,91.73783814783597,90.50062988701738,88.69633033594118,86.50744048307263,84.08530525274033,81.56490912740432,79.04990514330964,76.54660951221376,74.04496189354583,71.539810040687,69.02804567360039,66.50748061915667,63.97701561068152,61.437825202313434
51.92012919721804,53.98677487718453,55.99502949130152,57.96427212616413,59.91407350534462,61.86410891307408,63.83411224639411,65.84385110879735,67.91311296720244,70.04187712615231,72.1508481041877,74.14091270872743,75.91296071266102,77.4096669298674,78.74083811219131,80.05806518454949,81.51293993465362,83.19092137602826,84.91293564670259,86.45936295831541,87.71293393120371,88.57423604526613,88.91293347380116,88.62129536091649,87.71293393120371,86.24698045974873,84.34329912781665,82.13693757247685,79.76294385394979,77.33482600513764,74.87993075488757,72.40406657970306,69.91304619696578,67.4126898508596,64.90883106261664,62.40732659380194,59.91407350534462
51.275277326469975,53.35024017665296,55.36875472879629,57.35056215572911,59.31525349520366,61.282050765009075,63.26959135542711,65.29578638120189,67.37786720663983,69.51400128479744,71.62782673663939,73.62495209479532,75.41180530246164,76.93661779544284,78.30830729982063,79.6733680245846,81.17347147390844,82.88278941369623,84.62535399759248,86.19357343625694,87.49470121521414,88.44745062619141,88.8530519910991,88.51488545327746,87.49470121521414,85.91945234136737,83.92806061659843,81.65796252758796,79.24198157025859,76.789415851748,74.32104590245683,71.83803352811539,69.34308327507958,66.83952579779081,64.33096930179039,61.821345898509975,59.31525349520366
39.49941475237797,41.54430867241042,43.539294659294754,45.500289094249965,47.44488214773203,49.39158953395109,51.35945018864759,53.36780557993323,55.436176101795496,57.56437432894637,59.67300112689193,61.66286334006874,63.43479468287984,64.93143340109528,66.26256127643143,67.57975675998627,69.03460613185896,70.71256713461611,72.43456721973573,73.98098579824011,75.23455165190941,76.095851013823,76.4345475010602,76.14291019425534,75.23455165190941,73.76860432298417,71.86493478647978,69.65859523433045,67.28464169825679,64.85659532783103,62.40182690217338,59.92618841907884,57.435570337668196,54.93593134537079,52.43335037527913,49.93411650314647,47.44488214773203
40.48954242218605,42.53943781226735,44.53748419018227,46.50038468934369,48.446182761333745,50.39366071335472,52.36201772125139,54.370693694692505,56.43927080134367,58.56760021123536,60.676306796395494,62.666215929845094,64.43817431889998,65.93482868606392,67.26596660177924,68.58316940899431,70.03802466467585,71.71599040603768,73.43799378002657,74.9844143832745,76.23798142381997,77.09928142381179,77.4379781292864,77.14634063559404,76.23798142381997,74.77203267076703,72.86836039953133,70.66201574602945,68.28805289386446,65.85998995171289,63.40519212324381,60.929501317685975,58.438789975464275,55.93898470389027,53.43610759375622,50.93634766587303,48.446182761333745
41.48238594570975,43.53626877842501,45.536751000127886,47.50116702792006,49.44792260508582,51.396012597220206,53.36476374222656,55.37369423604946,57.44243533908676,59.57086888053084,61.67963879722748,63.66958517292484,65.44156502919351,66.93823181717136,68.26937770204957,69.586586322116,71.04144624781392,72.71941575022805,74.4414217346033,75.98784394489506,77.2414119274664,78.1027124339019,78.44140931259187,78.14977167056665,77.2414119274664,75.77546204408057,73.87178760228146,71.66543889981628,69.29146865341136,66.86339255810707,64.4085713920964,61.932839056555196,59.44205368807141,56.942116424367526,54.43900421645782,51.93882659585296,49.44792260508582
42.47739571877469,44.53445465230091,46.536874510960615,48.502495109857065,50.45001134165152,52.39858738883197,54.36765147496217,56.3767840284803,58.44565531439534,60.57417151250546,62.68299169823686,64.6729676341355,66.44496452931844,67.94164117585102,69.27279338592643,70.5900066196929,72.0448702520068,73.72284273958226,75.44485079582824,76.99127428163393,78.2448430118927,79.10614392029325,79.44484093646449,79.15320317670728,78.2448430118927,76.7788922313598,74.87521606677984,72.66886415063954,70.29488803538885,67.86680150031629,65.4119618109624,62.93619651203295,60.445352385648306,57.945310349526665,55.44201151208202,52.941502266438434,50.45001134165152
43.47413161535451,45.53371855337616,47.53767903671985,49.50425677433343,51.4523771684381,53.40133917333766,55.370651713038455,57.379944670893096,59.44891929490994,61.5775011023205,63.68636118835067,65.67636058683264,67.44837100604727,68.94505547741329,70.27621270784422,71.59342960352998,73.04829617780051,74.72627103470774,76.4482807354022,77.99470523358549,79.24827455728479,80.1095757847255,80.44827291001573,80.15663505681457,79.24827455728479,77.78232306468504,75.8786455327307,73.67229106588796,71.2983102925102,68.87021547132248,66.41536107977704,63.939569617147356,61.4486788525587,58.94855365209075,56.445106666329195,53.94433414536782,51.4523771684381
44.47224182480299,46.533839751457634,48.53902474785106,50.50636284206098,52.45496303146621,54.40423148188387,56.37374126471224,58.383161554130226,60.45221820514003,62.58085208962345,64.68974384563757,66.67976186678499,68.45178302017968,69.94847370217894,71.2796349172958,72.59685471946344,74.05172362877505,75.72970036622698,77.45171137212331,78.9981366738322,80.25170646854599,81.11300794920919,81.45170516110727,81.16006723373951,80.25170646854599,78.78575441077786,76.88207579353637,74.67571930219549,72.30173483164646,69.87363343372348,67.41876737291221,64.94295514373565,62.45202736110281,59.951836149002645,57.44827156501758,54.9472900417462,52.45496303146621
45.47144553968201,47.5346424390723,49.540800416750976,51.50874243219263,53.45772360645742,55.40723535259849,57.376901716008874,59.386423080248264,61.45554484084275,63.584220060776374,65.69313695396377,67.683169756183,69.45519942939586,70.95189504081505,72.28305941859638,73.60028152764941,75.05515229028974,76.73313052033404,78.45514256217122,80.00156850163938,81.25513867019785,82.11644035184398,82.45513763248283,82.16349964624897,81.25513867019785,79.78918616385499,77.88550668521964,75.67914858703078,73.30516118202655,70.87705456411936,68.42217924132459,65.94635052947417,63.45539336479564,60.95514975667871,58.451491826840396,55.95034439277275,53.45772360645742
46.57151888498924,48.63598668968139,50.642917607442726,52.6113392239817,54.56062289396829,56.51032778801283,58.48011844753992,60.489720042285285,62.55889348336332,64.68760151243109,66.79653835744107,68.78658289156377,70.55861932701995,72.05531885094565,73.38648573894619,74.70370967898118,76.15858191261289,77.83656132733043,79.55857419139531,81.10500063705372,82.35857110233309,83.21987294349954,83.55857027869797,83.26693224574205,82.35857110233309,80.89261823995602,78.98893807763132,76.7825787040847,74.40858896999657,71.98047820896872,69.52559553488173,67.04975374056397,64.55877325483344,62.05848805836422,59.55475603478152,57.05347690112686,54.56062289396829
47.57228353944847,49.63776119836368,51.645306030697995,53.61410847615349,55.56363230512072,57.51349052845953,59.483379853238006,61.49304513161965,63.562259593397044,65.69099366382612,67.79994634488216,69.79000019072302,71.56204199341252,73.05874462271143,74.38991350308109,75.70713889637105,77.1620122975315,78.83999265252604,80.56200616919404,82.10843301661617,83.36200371740316,84.22330568518103,84.56200306368345,84.27036499364416,83.36200371740316,81.89605057244145,79.99236986747178,77.78600948167197,75.41201789898537,72.98390384955019,70.52901534070651,68.05316316272649,65.56216416674538,63.061845960567155,60.55805512553279,58.05667145170207,55.56363230512072
48.5735975700611,50.639877467559096,52.647909836381245,54.61701465264875,56.56672913875852,58.51670907709412,60.48667671969085,62.49639254673238,64.56563956784004,66.69439430777386,68.80335955808061,70.79342079470017,72.56546685738904,74.06217195143353,75.39334241315187,76.71056895989341,78.16544328772339,79.843424389017,81.56543842365681,83.11186558995917,84.36543647766874,85.22673854593818,85.56543595881098,85.27379785933867,84.36543647766874,82.89948310841936,80.9958019727519,78.78944078352552,76.41544773360326,73.9873310741509,71.53243793423752,69.05657751467561,66.56556382689774,64.06521942025863,61.5613819045232,59.059915250708244,56.56672913875852
49.57534807225835,51.642265159024376,53.650684657400305,55.62002953279017,57.56989537056586,59.51997192515671,61.49000173315575,63.49975768253756,65.56903054674589,67.69780169236793,69.80677691900432,71.79684402172856,73.56889346559596,75.06560051591617,76.3967722327545,77.71399969499258,79.16887475832152,80.84685645195361,82.56887089770812,84.11529831710595,85.36886935317612,86.23017150120577,86.56886894135843,86.27723081852506,85.36886935317612,83.90291580590947,81.9992343283968,79.79287250148988,77.41887828702056,74.99075955599216,72.53586274038352,70.05999577943363,67.56897043064222,65.06860522828191,62.56473066077632,60.06319814167736,57.56989537056586
50.57744527433884,52.6448683836347,54.653595255100015,56.623130707922556,58.573116690602916,60.52326993649595,62.49334908804815,64.50313688371321,66.5724302600723,68.70121442708131,70.81019757200426,72.80026933068393,74.57232145820383,76.06903006122477,77.40020277425418,78.71743096312326,80.17230661021864,81.85028877399037,83.57230354604701,85.11873116632694,86.372302320151,87.23360453148642,87.57230199329103,87.28066385191599,86.372302320151,84.9063486315919,83.00266688275642,80.79630454972187,78.4223094109501,75.99418903570809,73.53928930269018,71.06341714981195,68.5723825455881,66.07200083739994,63.56809686108278,61.066512062136326,58.573116690602916
51.67981782393004,53.74764274329779,55.75661364511461,57.72630038605227,59.67638173852298,61.6265958587088,63.59671417605473,65.60652724886275,67.67583690602162,69.80463140822795,71.91362083794229,73.90369629207203,75.67575054961416,77.17246038501682,78.50363388872469,79.82086265432176,81.27573876475321,82.95372130167523,84.6757363327181,86.22216411243826,87.4757353597237,88.33703762130494,88.67573510029476,88.38409694420318,87.4757353597237,86.00978155902068,84.10609959483607,81.89973686008759,79.525740987696,77.09761930743912,74.64271725886687,72.16684098513645,69.67579903482074,67.17540422578895,64.67147690717727,62.16985061209003,59.67638173852298
52.68240902519757,54.750552974719355,56.7597176065147,58.72952444173701,60.67968149601241,62.62994393490705,64.60009333929152,66.60992647504187,68.67924905446588,70.80805175979665,72.91704617778038,74.90712456500071,76.67918051314632,78.17589132669244,79.50706545796292,80.82429468130965,82.27917115949138,83.9571539925831,85.67916922918354,87.22559713545155,88.47916845691731,89.34047075837867,89.67916825100843,89.3875300832363,88.47916845691731,87.01321456720561,85.10953243209826,82.9031693785091,80.52917292384271,78.10105020779388,75.64614632136171,73.1702667768987,70.67921899595434,68.17881378867567,65.67486794295421,63.17320871135131,60.67968149601241
53.78517383863094,55.85357107395602,57.86288949640864,59.83279166113097,61.78300880422252,63.73330959543469,65.7034836743283,67.71333273433672,69.78266557028644,71.91147478648728,74.02047316368015,76.0105538789023,77.78261116888314,79.27932275878317,80.61049738815079,81.9277269748139,83.38260374487936,85.0605868130412,86.78260221279281,88.32903021950194,89.58260159984468,90.44390393295892,90.7826014364147,90.49096325937171,89.58260159984468,88.11664763948671,86.21296536871787,84.00660206206466,81.63260514524623,79.20448160708813,76.74957626194356,74.27369412149211,71.78264171275472,69.28222825231877,66.77826770142,64.27658232745294,61.78300880422252
54.88807649112751,56.95667480452592,58.96611530776221,60.936093142239415,62.88635798053602,64.83668921309453,66.80688287660647,68.81674457588973,70.88608555252301,73.01489993643378,75.12390145606386,77.11398401902622,78.88604237402379,80.38275458011691,81.71392960482481,83.03115947985246,84.48603648158627,86.16401973632343,87.88603526556827,89.43246335199754,90.68603477907098,91.54733713730813,91.88603464935652,91.59439646495527,90.68603477907098,89.22008076264105,87.3163983841976,85.11003487668725,82.7360375930584,80.30791340239128,77.85300689946469,75.37712269857184,72.88606661674015,70.38564660572905,67.88167438319698,65.37996825962212,62.88635798053602
55.99108857365819,58.0598465111849,60.06938392075139,62.039421818561806,63.98972451425624,65.94007990881512,67.91028911693087,69.92016084812838,71.98950828607296,74.11832677161601,76.22733078540693,78.21741481492413,79.98947401522702,81.48618671039327,82.81736204888311,84.13459215278596,85.5894693383951,87.26745274121724,88.98946837324091,90.53589652294413,91.78946798710774,92.65077036528497,92.9894678841533,92.69782969391179,91.78946798710774,90.32351392617345,88.4198314622686,86.2134677953378,83.83947022057123,81.41134551200716,78.95643809014754,76.48055225387876,73.98949325670227,71.48906804647115,68.985086560078,66.48336396727674,63.98972451425624
57.094187527940406,59.16307217708908,61.17268650803261,63.142772080793975,65.09310482498873,67.0434793973733,69.01370094342684,71.02358063703252,73.09293320335254,75.22175494437477,77.33076093778675,79.3208461313109,81.09290600253362,82.5896190858777,83.92079467341654,85.23802495897777,86.69290229052893,88.3708858108862,90.09290152448548,91.63932972440927,92.89290121801137,93.75420361201505,94.09290113629639,93.80126294141945,92.89290121801137,91.42694712175395,89.52326459001833,87.31690079655543,84.94290299071265,82.51477787109332,80.05986971987556,77.58398258560648,75.09292127451428,72.5924919376437,70.08850309846899,67.58676743387551,65.09310482498873
58.490592721726856,60.608287971851624,62.691654470567826,64.75874063775791,66.82613994760122,68.90751379853467,71.01245183710219,73.14609244564535,75.30994406431974,77.49225465359729,79.6362102374806,81.6769585595214,83.5538893871997,85.24403796673727,86.84180849391231,88.45697925876505,90.17869348670979,92.03390786321192,93.86900756520387,95.53278808361665,97.03387381167789,98.34154312492868,98.98532282613073,98.48330106837867,97.03387381167789,94.9809503117362,92.55392066410089,89.93104258484614,87.26283424229811,84.65519665820169,82.0986129777717,79.56808466735284,77.04698782516795,74.52232620753466,71.98277599616429,69.41903664192141,66.82613994760122
56.243949607531604,58.312640916008846,60.322137876392375,62.2921507037335,64.24243759783242,66.19278290726685,68.16298562714306,70.17285317107714,72.24219791211044,74.37101468565882,76.48001765840365,78.47010107579084,80.24215992326913,81.73887241429959,83.07004762181901,84.38727763019095,85.84215473905182,87.5201380800643,89.24215366918881,90.78858179248192,92.04215324116436,92.90345561101874,93.24215312704047,92.95051493923664,92.04215324116436,90.57619919880587,88.672516770572,86.4661531701822,84.09215571693449,81.66403122453701,79.20912418623372,76.73323903255974,74.24218125222866,71.74175821211844,69.23778059240483,66.73606487377091,64.24243759783242
54.43813808844503,56.50642959635742,58.51568382474892,60.48554619846179,62.435738260442804,64.38602304347866,66.3561868233278,68.36602923663077,70.43535779156556,72.56416429016971,74.67316101481447,76.66324075834424,78.43529748825216,79.93200875410736,81.26318317557266,82.58041261059005,84.03528925882526,85.71327222887047,87.4352875605239,88.9817155253096,90.23528688107749,91.09658920098005,91.43528669991711,91.14364852674373,90.23528688107749,88.76933295020679,86.86565073606212,84.65928753503607,82.28529081111672,79.85716761610135,77.4022628798134,74.92638182291009,72.4353313457834,69.93492133016451,67.43096691712577,64.92929245486744,62.435738260442804
53.29652488970591,55.38702826488871,57.429313794101034,59.44272254213598,61.44599382229811,63.45650352167749,65.489574857266,67.5581031456856,69.67282767223602,71.82755922294308,73.953583229817,75.96845920751997,77.79230104674059,79.38618551045212,80.85481146460029,82.3304822445782,83.93156904773043,85.70890245159293,87.49523861147266,89.10917711145541,90.50766907444282,91.63890414506884,92.16834616914409,91.74463322934706,90.50766907444282,88.70364072055918,86.51499645463866,84.0930580271606,81.57280110187344,79.05788196768685,76.55463433252235,74.05301248110868,71.54787478100354,69.0361218235158,66.51557350277639,63.98513764660443,61.44599382229811
51.92873575528086,53.99538683501605,56.00364472974613,57.97288939889462,59.92269206063577,61.87272828709193,63.84273214720045,65.85247134959903,67.9217334269974,70.05049772496827,72.15946878754252,74.1495334417913,75.92158147437681,77.41828770816053,78.74945890112025,80.06668598123628,81.521560737573,83.1995421839671,84.92155645812517,86.46798377188273,87.7215547460282,88.58285686076653,88.92155428953274,88.6299161764501,87.7215547460282,86.25560127306471,84.35191993823587,82.14555837749239,79.77156464909704,77.34344678273047,74.88855150133277,72.41268727071693,69.92166678916487,67.42131026683676,64.91745116461861,62.41594613766314,59.92269206063577
51.28382024006026,53.35877685147814,55.37728181741768,57.35907641882959,59.32375197338743,61.29053118798882,63.278052777847776,65.30422995773567,67.38629690266036,69.52242302614151,71.6362432417711,73.63336095416739,75.42019812884274,76.94498031386132,78.31662646210535,79.68163651781536,81.18169256689312,82.89097795397723,84.63352131710909,86.20171836118826,87.50279765488371,88.45545530978822,88.86099075683683,88.52286995411339,87.50279765488371,85.9276610073646,83.93636140718941,81.66633143623986,79.25039589776364,76.79785682147299,74.32950160858972,71.84649704875955,69.35155105947968,66.84799700499313,64.33944550568913,61.82983074174423,59.32375197338743
39.50293375760397,41.54784755989793,43.54284572395606,45.50384774738508,47.44844560003084,49.395156055837006,51.36301868806838,53.37137535671414,55.43974670176358,57.56794545166416,59.67657256756122,61.66643496771769,63.438366418310395,64.93500519888853,66.26613311423677,67.5833286269773,69.0381780222977,70.71613904393887,72.43813914216506,73.98455772873834,75.23812358713752,76.09942295159394,76.43811943970086,76.14648213215119,75.23812358713752,73.77217625253692,71.86850670513425,69.66216713265533,67.28821355945581,64.86016712298978,62.40539858015906,59.92975988855633,57.43914143550195,54.9395017806024,52.43691963049224,49.93768366240189,47.44844560003084
40.493072220870886,42.54298347019888,44.54103954332818,46.50394607737333,48.449747963261174,50.397228353575585,52.3655869318478,54.37426391945962,56.442841679607795,58.57117150445836,60.67987834199623,62.66978762385881,64.44174609846266,65.93840051512495,67.26953846259835,68.58674129297839,70.04159656727055,71.71956232362069,73.44156570801232,74.98798631766459,76.24155336196415,77.1028533639742,77.44155007013913,77.14991257585564,76.24155336196415,74.77560460440668,72.87193232452096,70.66558765488344,68.29162477325139,65.86356177868285,63.40876385721117,60.9330728861531,58.44236124893489,55.94255545138135,53.439677404438314,50.93991581227307,48.449747963261174
41.48592435841471,43.53981982853011,45.54030976442653,47.50473058963102,49.45148919691788,51.399581125563486,53.368333517485226,55.37726481646351,57.4460064382655,59.57444030909551,61.683210426116744,63.673156919614044,65.44513684378464,66.94180367105001,68.27294958113495,69.59015821958761,71.04501816005687,72.72298767436726,74.44499366699921,75.99141588237408,77.24498386792504,78.10628437596245,78.4449812552003,78.1533436127059,77.24498386792504,75.77903398096397,73.87535953229934,71.66901081702724,69.29504054723412,66.86696441032603,64.41214317049771,61.93641070359433,59.445625100957386,56.94568741973799,54.442574468139014,51.94239552613921,49.45148919691788
42.480940998417395,44.538009993865614,46.540435987355906,48.506060398709735,50.45357903742328,52.40215662239328,54.371221698520785,56.38035489122194,58.449226588933556,60.577743048498164,62.68656339323505,64.67653942263439,66.44853637171215,67.94521304942768,69.27636527950989,70.5935785278696,72.04844217190757,73.72641466892517,75.44842273172449,76.99484622156467,78.24841495418838,79.10971586386037,79.44841288046644,79.15677512033685,78.24841495418838,76.7824641708178,74.87878800078863,72.67243607448344,70.29845994066949,67.87037337257564,65.41553362463172,62.939768221437234,60.44892390919607,57.948881541663624,55.445582113862,52.94507181914078,50.45357903742328
43.477682364291084,45.537277308465164,47.54124266865196,49.50782343521155,51.45594574089395,53.40490896682934,55.37422229249313,57.383515757750075,59.45249070864335,61.5810727235835,63.689932935821275,65.67993240851658,67.45194287050823,68.94862736662444,70.27978461293486,71.59700152020336,73.05186810377936,74.72984296818083,76.45185267407669,77.99827717546216,79.25184650103853,80.11314772948835,80.45184485512374,80.16020700162699,79.25184650103853,77.78589500618648,75.88221746990712,73.67586299499649,71.30188220688495,68.87378735948806,66.41893292143911,63.94314137605241,61.45225046394367,58.952125000416814,56.44867754603166,53.94790419223672,51.45594574089395
44.47579692674779,46.53740122053206,48.54259009249209,50.509930592668354,52.45853230005345,54.40780171991764,56.37731212669229,58.38673281888771,60.45578972936045,62.584423778568436,64.69331563475666,66.68333371480836,68.45535490215559,69.95204560379926,71.2832068315198,72.6004266428807,74.05529555957807,75.73327230297821,77.45528331300291,79.00170861725334,80.25527841345695,81.1165798949211,81.45527710709315,81.16363917949079,80.25527841345695,78.7893263539012,76.88564773322693,74.67929123548254,72.30530675323926,69.87720533451395,67.42233923679247,64.94652694193047,62.4555990422073,59.95540762130581,57.45184266533806,54.95086048093276,52.45853230005345
45.47500410421654,47.5382060651868,49.5443671219423,51.5123110481928,53.46129342775788,55.410805943544375,57.38047280226132,59.389994486218086,61.45911645276162,63.58779180344243,65.69670877613999,67.68674162511226,69.45877132527357,70.95546695228464,72.28663134006953,73.6038534564193,75.05872422492172,76.7367024596871,78.45871450480098,80.00514044628639,81.25871061602734,82.12001229830918,82.45870957916549,82.1670715927454,81.25871061602734,79.79275810826564,77.88907862690566,75.68272052363434,73.30873310934837,70.88062647493025,68.42575112283961,65.94992235885394,63.458965101238476,60.95872132738869,58.455063102284925,55.95391514340342,53.46129342775788
46.57508020258804,48.63955202970055,50.64648539324292,52.61490852714347,54.56419315407935,56.513898659114915,58.48368971181753,60.49329156034335,62.56246516489159,64.6911732977367,66.80011020585516,68.79015477708623,70.56219123393157,72.05889077023261,73.39005766617305,74.70728161199946,76.16215385028391,77.84013326874859,79.56214613541418,81.1085725826737,82.36214304889158,83.2234448905626,83.56214222593363,83.27050419282992,82.36214304889158,80.89619018538839,78.99251002090116,76.78615064332058,74.41216090186552,71.9840501277329,69.52916743039361,67.05332559469562,64.56234503519957,62.06205970718361,59.55832744923431,57.057047898989566,54.56419315407935
47.57584704518996,49.64132789988382,51.648874674644205,53.617678324904205,55.56720291359281,57.51706162195305,59.48695125882692,61.49661673864722,63.56583133017625,65.69456548297552,67.80351821412157,69.79357208941562,71.56561390908182,73.06231654820306,74.39348543487463,75.7107108327613,77.16558423761464,78.84356459558327,80.56557811431547,82.11200496300839,83.36557566454027,84.22687763271861,84.56557501135802,84.27393694120147,83.36557566454027,81.89962251868477,79.9959418119987,77.78958142299713,75.41558983446338,72.98747577462689,70.53258724732777,68.05673503650394,65.56573598197423,63.06541767138445,60.561626650324214,58.06024264581734,55.56720291359281
48.577162814447554,50.6434452504437,52.65147916173231,54.62058493455244,56.57030002377334,58.520280347119524,60.490248237446565,62.499964224378274,64.56921134847315,66.69796615378554,68.80693144384922,70.79699270384597,72.56903878000935,74.06574388184987,75.39691434857005,76.71414089895997,78.169015229721,79.84699633337519,81.56901036965334,83.11543753696432,84.36900842526512,85.23031049385241,85.56900790683397,85.27736980726851,84.36900842526512,82.90305505530634,80.99937391827655,78.79301272650893,76.41901967194576,73.99090300423791,71.53600984967633,69.06014940404611,66.56913566979762,64.06879118028523,61.564953516895315,59.063486600604634,56.57030002377334
49.57891469781636,51.645833800655375,53.65425452376806,55.623600158562425,57.573466475103274,59.523543335308005,61.49357333994335,63.50332941623523,65.57260236218664,67.70137355970053,69.81034881789229,71.80041593917116,73.5724653937333,75.06917245024124,76.40034417104954,77.71757163618335,79.17244670183865,80.85042839734433,82.5724428443992,84.1188702645976,85.37244130113703,86.23374344941897,86.5724408896579,86.28080276675064,85.37244130113703,83.90648775330729,82.00280627471336,79.79644444578946,77.42245022763666,74.99433149005581,72.5394346628209,70.06356768118047,67.57254229550492,65.07217702736693,62.568302342664325,60.06676961522699,57.573466475103274
50.58101299689543,52.64843770714748,54.6571655509897,56.62670160667062,58.57668796939474,60.526841457873076,62.496920765503546,64.50670866190045,66.57600210314038,68.70478631133648,70.81376948130514,72.8038412547117,74.57589339072004,76.0726019986522,77.4037747148326,78.72100290600002,80.17587855494185,81.85386072020064,83.57587549328937,85.12230311420468,86.3758742684012,87.23717647993688,87.57587394181,87.28423580037628,86.3758742684012,84.90992057939519,83.00623882970152,80.79987649506609,78.42588135337076,75.99776097292805,73.54286123068232,71.06698906138192,68.57595442788292,66.07557266748626,63.57166859814751,61.070083633835665,58.57668796939474
51.68338641765544,53.75121260820602,55.76018428198971,57.729871501491104,59.67995315563273,61.63016746837086,63.6002859096012,65.61009906236218,67.67940877101783,69.80820330591472,71.91719275550795,73.90726822132646,75.67932248560592,77.17603232490661,78.50720583111541,79.82443459853668,81.27931071043365,82.95729324853595,84.67930828039799,86.2257360606225,87.47930730820354,88.3406095699437,88.67930704898791,88.38766889284975,87.47930730820354,86.01335350714581,84.10967154228005,81.90330880626095,79.52931293154889,77.10119124716425,74.64628919126784,72.17041290450311,69.67937093095154,67.17897608048139,64.67504868803702,62.173422261694725,59.67995315563273
52.685978310673036,54.754123269450375,56.76328851407645,58.73309572918215,60.68325302291281,62.633515614644,64.60366511735874,66.6134983165691,68.68282093686666,70.81162366814412,72.92061810190583,74.91069649840358,76.68275245189662,78.17946326853661,79.51063740179208,80.82786662658668,82.28274310593162,83.9607259399601,85.68274117721072,87.22916908387901,88.4827404055794,89.34404270716692,89.68274019983981,89.39110203203074,88.4827404055794,87.01678651558616,85.11310437993816,82.90674132534053,80.5327448688324,78.10462214950734,75.64971825726198,73.17383870245362,70.68279090306686,68.18238566289824,65.67843975857484,63.17678042279192,60.68325302291281
53.78874367333971,55.85714170991129,57.866460618843746,59.8363630851094,61.7865804182686,63.73688133079207,65.70705548773246,67.71690459810993,69.78623746650132,71.9150467032962,74.02404509301213,76.01412581559778,77.78618310982284,79.2828947021785,80.61406933312165,81.93129892093394,83.38617569192263,85.06415876082797,86.78617416109563,88.33260216812246,89.58617354865143,90.4474758818658,90.7861733853558,90.49453520828351,89.58617354865143,88.12021958807001,86.21653731687206,84.01017400941842,81.63617709113821,79.20805355037973,76.75314820062125,74.27726605195865,71.78621362858348,69.28580014204258,66.78183954463087,64.28015408797428,61.7865804182686
54.89164676188338,56.96024571135749,58.969686600760824,60.939664674591796,62.88992966375271,64.84026099259913,66.8104547180581,68.82031645731979,70.88965745970226,73.01847185995861,75.12747338952826,77.11755595833503,78.88961431670131,80.38632652474345,81.71750155070183,83.03473142664157,84.48960842910815,86.16759168443544,87.88960721408986,89.4360353007713,90.68960672799253,91.55090908630918,91.88960659838472,91.59796841396019,90.68960672799253,89.22365271138526,87.31997033260123,85.11360682445557,82.73960953966647,80.31148534693548,77.8565788403468,75.38069463293675,72.88963853948698,70.3892185077563,67.88524624830652,65.38354005909983,62.88992966375271
55.994659190580705,58.0634176330404,60.07295534913794,62.042993436935376,63.993296252375586,65.94365172336015,67.91386098064407,69.92373274357283,71.99308020195468,74.12189870047126,76.23090272215126,78.2209867563072,79.99304595928382,81.48975865599701,82.82093399547935,84.13816410010612,85.59304128629688,87.27102468958736,88.99304032193615,90.5394684718395,91.79303993612045,92.65434231436073,92.99303983325063,92.70140164299066,91.79303993612045,90.32708587504537,88.42340341087021,86.21703974343517,83.84304216774771,81.41491745754553,78.96001003277931,76.4841241913378,73.99306518494004,71.49263995826368,68.98865844256872,66.48693579767473,63.993296252375586
57.097758419663364,59.16664346962759,61.17625804388395,63.146343767445515,65.09667660668555,67.04705123973044,69.01727282480928,71.02715254360027,73.09650512614144,75.22532687746082,77.33433287713436,79.32441807434026,81.09647794768512,82.59319103225704,83.92436662058361,85.24159690671945,86.69647423873221,88.37445775946121,90.09647347331855,91.64290167340116,92.8964731670964,93.75777556115014,94.0964730854486,93.80483489055699,92.8964731670964,91.43051907072724,89.52683653877708,87.32047274491396,84.94647493834029,82.51834981742077,80.06344166389607,77.58755452552137,75.09649320711023,72.59606385718699,70.09207499475528,67.59033928881533,65.09667660668555
58.494020254350445,60.61170546652532,62.69505691875591,64.76212363901972,66.8295000285648,68.91084894201528,71.01576210233264,73.14938052340521,75.31321562041144,77.49551701628484,79.63946665395434,81.68020643971458,83.55711990967455,85.2472375511178,86.84496763509023,88.4600960436328,90.18177472622466,92.03696667230301,93.87205253329694,95.53581906424517,97.03687650104023,98.34449869633616,98.98824886907589,98.48624725109367,97.03687650104023,94.98402280989835,92.55706387952733,89.93424849850183,87.26608821000855,84.65848158540668,82.10191601601137,79.57139761450841,77.05030627131116,74.52564911637255,71.98610549838034,69.42237776975675,66.8295000285648
56.24752007995842,58.316211948111714,60.32570924826767,62.295722286201894,64.24600931303557,66.19635470718616,68.16655748156438,70.17642506067206,72.2457698243598,74.37458661228919,76.48358959377899,78.47367301630814,80.24573186675019,81.74244435949545,83.07361956811505,84.39084957728946,85.845726686795,87.52371002832672,89.24572561781159,90.79215374132653,92.04572519013901,92.90702756006331,93.24572507610895,92.95408688828462,92.04572519013901,90.57977114762448,88.67608871909098,86.46972511814224,84.09572766387373,81.66760316966045,79.2126961281352,76.7368109687273,74.24575317817455,71.74533011983499,69.24135246764075,66.73963669126293,64.24600931303557
54.441707693887096,56.51000008988015,58.519254857494246,60.4891175654509,62.43930983811437,64.38959475562025,66.35975862198251,68.3696010911186,70.43892968201455,72.56773620344688,74.67673294197328,76.66681269366538,78.43886942827802,79.93558069685527,81.26675512006699,82.5839845563582,84.0388612056168,85.71684417648618,87.43885950871167,88.98528747384955,90.23885882982387,91.10016114983739,91.43885864881243,91.14722047560653,90.23885882982387,88.77290489870548,86.86922268408512,84.66285948217184,82.28886275663207,79.86073955873425,77.40583481733181,74.92995375132654,72.43890325797402,69.9384932134182,67.43453874882061,64.93286419490266,62.43930983811437
53.30003388551614,55.3905324621561,57.43281068458788,59.44620978063158,61.44946937210722,63.45996595262572,65.49302376327667,67.56153960310864,69.6762546128954,71.83098077368871,73.95700125769169,75.97187212675826,77.79570338746717,79.38956833656786,80.85816742171666,82.33380826614538,83.93486839680415,85.71218418218733,87.49850914865667,89.11243607701516,90.51090379897845,91.642095818192,92.1715089940646,91.74781589397656,90.51090379897845,88.70693327853255,86.51834138082475,84.09644491639474,81.57621767047489,79.06131662689103,76.55807922460993,74.05646286679922,71.55132818405774,69.03957765908504,66.51903290594058,63.98860326494609,61.44946937210722
51.93230180421739,53.998955118162044,56.00721437027734,57.97645988113048,59.926263073542685,61.87629963875433,63.84630371682623,65.85604305990086,67.92530522790962,70.05406958340163,72.16304068095457,74.15310535577089,75.92515340021134,77.42185964085411,78.7530308382145,80.07025792154042,81.5251326804559,83.20311412892684,84.92512840452636,86.47155571917128,87.72512669383696,88.58642880885492,88.9251262377168,88.63348812455226,87.72512669383696,86.25917322024931,84.35549188422189,82.14913032124264,79.77513658876416,77.34701871513431,74.892123420849,72.41625916729797,69.92523864486043,67.42488204961897,64.92102281749085,62.419517559599726,59.926263073542685
51.287375582530295,53.3623308640241,55.38083378645807,57.362625653825646,59.32729784346489,61.29407320916543,63.28159074857744,65.30776412414622,67.3898281100621,69.52595253778254,71.63977163716564,73.63688771964944,75.4237214764227,76.94849720036864,78.32013410582668,79.68513335961933,81.18517930350434,82.89445775064523,84.63699658966729,86.20518885935759,87.50625781618902,88.45889590868224,88.86441730172193,88.5263062499719,87.50625781618902,85.93114509466149,83.93986513434612,81.66984968502616,79.25392382893509,76.80139043217223,74.3330383607447,71.85003546677936,69.3550903864276,66.85153706159774,64.34298662746438,61.83337370520617,59.32729784346489
39.505965304374804,41.550896221820835,43.54590486822525,45.50691342393135,47.451515407761406,49.398228505904754,51.366092840419874,53.3744506086305,55.44282266228771,57.57102186217634,59.679649251769106,61.66951181287946,63.44144335625157,64.93808219051209,66.26921014030312,67.58640567816697,69.04125509367142,70.71921613156809,72.44121624107656,73.98763483459561,75.24120069706629,76.1025000637116,76.44119655256718,76.1495592443764,75.24120069706629,73.77525335758031,71.8715838007963,69.66524421081746,67.29129060565968,64.86324411234554,62.40847546865113,59.93283659756261,57.44221782459371,54.94257759931975,52.439994433437704,49.94075666112447,47.451515407761406
40.49611305894135,42.54603796025742,44.54410237919467,46.50701410815441,48.45281927709333,50.40030176631852,52.36866169638674,54.37733955700702,56.445917879691876,58.57424806174305,60.68295511653008,62.672864526147976,64.44482307439316,65.9414775336641,67.27261550847516,68.58981835879581,70.0446736491082,71.72263941836039,73.44464281170684,74.99106342687196,76.24463047440312,77.1059304781505,77.44462718490962,77.15298969011728,76.24463047440312,74.77868171296808,72.87500942563636,70.66866474210909,68.29470183511154,65.866638795422,63.41184079389279,60.93614968037056,58.44543778921654,55.9456315388947,53.44275268553716,50.94298966074055,48.45281927709333
41.48897261163452,43.54287896026907,45.543375536663945,47.50780049154493,49.454561707196056,51.402655302811766,53.37140876809123,55.380340760155306,57.44908282851502,59.57751698288358,61.68628727234615,63.676233867246765,65.44821384986798,66.94488071095242,68.27602664273553,69.5932352970152,71.0480952501998,72.72606477475063,74.44807077449002,75.99449299424049,77.24806098235635,78.10936149177266,78.44805837148215,78.15642072858388,77.24806098235635,75.78211109231765,73.8784366377431,71.67208791144665,69.29811762152082,66.87004144879975,64.4152201454285,61.939487565447365,59.44870176124911,56.94876372062835,54.44565012885434,51.94547004938424,49.454561707196056
42.4839951628377,44.54107281976283,46.543504094203314,48.50913178736816,50.45665249798504,52.405231406700636,54.374297335027904,56.383431077944124,58.452303130134226,60.580819814761355,62.68964029637165,64.67961640625728,66.45161340172822,67.94829010628632,69.27944235359055,70.59665561451226,72.05151926864247,73.72949177378791,75.45149984222844,76.99792333554154,78.25149207020101,79.11279298096743,79.45148999794783,79.1598522374977,78.25149207020101,76.78554128438773,74.88186510966784,72.6755131746126,70.3015370248192,67.87345042830034,65.41861062992157,62.94284513697474,60.45200066474655,57.95195801193249,55.44865807594584,52.948146878168046,50.45665249798504
43.480741236779,45.54034307277476,47.5443126310131,49.51089600492536,51.459019956114815,53.407984233130506,55.37729823535909,57.38659213739291,59.45556736966455,61.58414956324816,63.69300988412661,65.68300942070547,67.45501991951998,68.95170443694138,70.28286169692106,71.60007861416005,73.05494520574626,74.73292007659884,76.45492978697214,78.00135429111407,79.25492361830622,80.11622484762472,80.4549219735572,80.16328411980604,79.25492361830622,77.7889721215154,75.88529458151302,73.67894009965745,71.30495929886297,68.87686442890497,66.42200995082537,63.94621833420065,61.455327295105235,58.95520160513476,56.45175374735388,53.95097967664755,51.459019956114815
44.478859546376476,46.54046932107758,48.5456615291738,50.513004100433186,52.461607114511494,54.41087736888511,56.380388312758896,58.389809351669015,60.45886648548992,62.5875006764944,64.69639261891342,66.6864107496705,68.45843196624442,69.95512268479814,71.28628392336805,72.60350374264257,74.05837266569769,75.73634941421807,77.45836042779655,79.00478573423479,80.25835553172084,81.11965701387444,81.4583542262823,81.16671629847801,80.25835553172084,78.79240347062628,76.88872484699704,74.68236834374042,72.30838385143066,69.88028241479847,67.42541628530434,64.94960393389971,62.458675933384086,59.95848433274443,57.454919056570404,54.95393630305455,52.461607114511494
45.478069704494146,47.541276022540075,49.547439729801404,51.51538530089705,53.464368717997104,55.41388189630209,57.383549181383756,59.393071140556316,61.46219328438278,63.590868747611964,65.69978578875264,67.68981867797038,69.46184840132915,70.95854404176183,72.2897084381579,73.60693056078875,75.06180133433733,76.73977957316669,78.46179162110118,80.00821756432305,81.26178773508187,82.12308941791096,82.4617866989544,82.17014871237407,81.26178773508187,79.79583522609883,77.8921557423935,75.68579763474713,73.31181021247136,70.88370356384047,68.42882818653166,65.95299937766745,63.46204204005103,60.96179812353684,58.458139644265714,55.95699123361938,53.464368717997104
46.57814817274135,48.6426234624037,50.64955893130212,52.617983371363636,54.567268822051176,56.51697485303386,58.48676624418576,60.4963683111682,62.565542056433145,64.69425027861078,66.8031872410536,68.79323184422793,70.56526831948526,72.06196786643909,73.39313476921424,74.71035872002597,76.16523096231558,77.84321038400583,79.56522325291016,81.11164970154789,82.36522016857367,83.22652201067905,83.5652193461986,83.27358131296768,82.36522016857367,80.8992673041011,78.99558713775234,76.78922775669929,74.41523800890268,71.98712722348937,69.53224450613428,67.05640263481578,64.56542201182171,62.06513657056907,59.56140411087476,57.060124202025264,54.567268822051176
47.57891689892466,49.64440050458273,51.65194895140473,53.62075363877291,55.570278881437275,57.520138007308674,59.49002791283726,61.4996935660579,63.56890826927835,65.69764249298267,67.80659526724664,69.7966491678943,71.56869100217419,73.0653936497506,74.39656254184692,75.71378794369042,77.16866135172266,78.84664171225143,80.56865523276052,82.11508208254733,83.36865278472045,84.22995475324353,84.56865213200084,84.2770140617433,83.36865278472045,81.90269963809553,79.99901892993196,77.7926585381743,75.41866694460728,72.99055287581726,70.53566433263151,68.05981209353541,65.56881298860652,63.06849458813829,60.56470340694523,58.06331911778915,55.570278881437275
48.58023416482894,50.64651878599312,52.65455402505327,54.62366062128358,56.57337622966848,58.523356884435515,60.49332498801118,62.50304111257785,64.5722883253251,66.70104318691598,68.8100085112028,70.8000697913229,72.57211587908517,74.06882098763663,75.39999145866244,76.71721801219292,78.17209234547704,79.85007345116321,81.57208748885168,83.11851465703089,84.37208554584063,85.23338761470156,85.57208502777667,85.28044692813108,84.37208554584063,82.90613217527115,81.00245103706871,78.79608984311355,76.42209678455546,73.99398010974116,71.53908694257034,69.06322647450025,66.57221270024942,64.07186813939892,61.56803034890662,59.06656320667433,56.57337622966848
49.58198723712621,51.64890807542292,53.65732985280167,55.626676141299015,57.57654286996559,59.5266199932457,61.496650167147436,63.50640635268471,65.57567936900135,67.70445061118417,69.81342589653914,71.80349303379,73.57554249755827,75.07224955939266,76.40342128361834,77.72064875124482,79.17552381890272,80.85350551602117,82.57551996419542,84.12194738508293,85.3755184220263,86.23682057052545,86.57551801083862,86.28387988786773,85.3755184220263,83.90956487371187,82.00588339418718,79.79952156352704,77.42552734220347,74.99740859898222,72.54251176173929,70.06664476228823,67.57561934486252,65.07525402010245,62.57137923451556,60.06984632773856,57.57654286996559
50.58408648051385,52.651512568886005,54.66024124976016,56.6297778243875,58.57976451425694,60.529918211555014,62.499997653539154,64.50978563664697,66.57907913373694,68.70786337738727,70.81684656891552,72.80691835499911,74.57897049831439,76.07567911047418,77.40685182936696,78.72408002251282,80.1789556730441,81.85693783958297,83.57895261356013,85.12538023502239,86.37895138953954,87.24025360124756,87.57895106317963,87.28731292169545,86.37895138953954,84.91299770014882,83.00931594971638,80.80295361370291,78.42895846949092,76.00083808457143,73.54593833438233,71.07006615094556,68.57903149224623,66.078649686908,63.5747455374954,61.07316043083547,58.57976451425694
51.68646065118536,53.7542879359833,55.76326027428375,57.732947905737475,59.68302981956033,61.633244298049306,63.60336284592053,65.61317606750576,67.68248582049033,69.81128038352753,71.92026985023274,73.91034532611303,75.68239959619204,77.1791094388482,78.51028294720984,79.8275117162014,81.28238782935992,82.96037036847821,84.6823854010454,86.228813181704,87.48238442953951,88.34368669141651,88.68238417050749,88.39074601432927,87.48238442953951,86.01643062817645,84.11274866272437,81.9063859256115,79.53239004890196,77.1042683609641,74.64936629876303,72.1734900007782,69.68244800722499,67.18205312108431,64.67812566508407,62.17649912575618,59.68302981956033
52.68905313966863,54.7571989672234,56.76636473938021,58.7361722814932,60.686329781349215,62.63659250464359,64.60674209200197,66.61657534583927,68.68589800132116,70.81470075493378,72.92369520227734,74.91377360676117,76.68582956485733,78.18254038416056,79.5137145191247,80.83094374516565,82.28582022551186,83.96380306034675,85.68581829815706,87.2322462051699,88.4858175270723,89.34711982876837,89.68581732147841,89.39417915363754,88.4858175270723,87.0198636368367,85.11618150072334,82.90981844525759,80.53582198716401,78.10769926501875,75.65279536776939,73.17691580405562,70.68586798879345,68.18546272031287,65.6815167655444,63.17985734008231,60.686329781349215
53.79181897512096,55.86021770141353,57.86953702911258,59.83943975494961,61.78965725172087,63.739958268670264,65.71013249279405,67.71998164652966,69.78931454284718,71.91812379736957,74.02712219786548,76.0172029267897,77.78926022466827,79.28597181913771,80.61714645143707,81.93437604023856,83.38925281202197,85.06723588156737,86.78925128227928,88.33567928957956,89.58925067026884,90.45055300356938,90.78925050708887,90.49761232999134,89.58925067026884,88.12329670949507,86.21961443792773,84.01325112978509,81.63925421024655,79.21113066724965,76.75622531351947,74.28034315778861,71.78929072181307,69.28887721280083,66.78491657535032,64.28323104751384,61.78965725172087
54.894722439018366,56.96332193603271,58.97276315785237,60.94274143772135,62.89300655674769,64.84333796847963,66.8135317472632,68.82339352093872,70.89273454548633,73.0215489598131,75.13055049793884,77.12063307177655,78.89269143304259,80.38940364276249,81.72057866979726,83.03780854652217,84.4926855496195,86.1706688054548,87.89268433546181,89.4391124223603,90.6926838497088,91.5539862080938,91.89268372019274,91.60104553574818,90.6926838497088,89.2267298329488,87.32304745387161,85.11668394517909,82.74268665939127,80.31456246488364,77.85965595514261,75.38377174212246,72.89271563867177,70.39229558910546,67.88832329787658,65.38661705217338,62.89300655674769
55.99773516569937,58.06649404281029,60.076032022772694,62.046070274112736,63.996373192631296,65.94672872940382,67.91693802901214,69.92680981925544,71.99615729522989,74.12497580491421,76.23397983338522,78.22406387153421,79.99612307681238,81.49283577485721,82.8240111151939,84.14124122044385,85.59611840713524,87.27410181082895,88.99611744345755,90.54254559353319,91.79611705791513,92.6574194362097,92.99611695511817,92.70447876484228,91.79611705791513,90.33016299671887,88.426480532311,86.22011686444193,83.84611928796177,81.41799457634947,78.96308714908123,76.487201303187,73.99614228885144,71.49571704801889,68.99173550710063,66.49001281736477,63.996373192631296
57.100834631332944,59.16972002632309,61.17933481002544,63.14942066339725,65.09975358445314,67.050128269715,69.02034988838719,71.03022962885791,73.09958222536241,75.22840398554567,77.33740999060925,79.32749519098445,81.09955506615606,82.59626815178487,83.92744374078956,85.24467402742002,86.69955135983014,88.37753488087915,90.0995505949586,91.64597879517797,92.89955028895335,93.76085268305017,94.09955020736336,93.80791201245914,92.89955028895335,91.43359619248801,89.52991366035317,87.32354986614554,84.94955205894269,82.52142693690396,80.0665187813934,77.59063163948457,75.09957031477322,72.59914095361412,70.09515207116257,67.5934163296312,65.09975358445314
58.500752336595085,60.61839875486449,62.701692055764454,64.76868361651837,66.83597142037955,68.9172239492554,71.0220409512526,73.15557361202724,75.31934484713892,77.50161070685112,79.64553735984592,81.6862441489414,83.56309052233414,85.25308856879124,86.85066230836782,88.46562696927248,90.18716822909124,92.04227345353357,93.8773058006752,95.5410182506402,97.04196629979526,98.3494063067221,98.99304229849923,98.49111855759634,97.04196629979526,94.98938251676532,92.56269698545964,89.94012398309941,87.27214945033188,84.66466249614842,82.10816693098154,79.5776868296165,77.05661674103156,74.53197683514364,71.99245870148714,69.42877590706215,66.83597142037955
56.254807234175715,58.32350024317252,60.33299823592033,62.30301170312724,64.25329900052724,66.20364456736307,68.17384745283815,70.18371510364358,72.25305991351009,74.38187673075369,76.49087973006915,78.4809631630797,80.2530220195631,81.74973451580378,83.08090972666598,84.39813973747616,85.85301684829585,87.53100019088589,89.25301578110532,90.79944390507248,92.05301535415005,92.91431772421686,93.25301524031121,92.96137705244519,92.05301535415005,90.58706131131746,88.68337888217314,86.47701528008503,84.10301782373578,81.67489332582109,79.2199862777283,76.74410110663243,74.25304329524381,71.7526201997456,69.24864248134287,66.74692658725998,64.25329900052724
54.448993080842044,56.51728728709935,58.52654315386462,60.49640654314351,62.44659924526181,64.3968844368712,66.3670484795816,68.37689106252793,70.4462197267269,72.57502629469224,74.68402306151492,76.67410282984518,78.44615957404785,79.9428708481737,81.27404527494531,82.59127471383312,84.04615136517778,85.72413433772721,87.44614967111875,88.99257763697446,90.24614899336959,91.10745131360932,91.44614881266173,91.1545106393896,90.24614899336959,88.78019506174627,86.87651284615637,84.67014964243444,82.29615291359167,79.86802970981827,77.41312495799048,74.93724387343178,72.44619334700458,69.94578324346372,67.4418286737687,64.94015393301194,62.44659924526181
53.30708078435738,55.39756081770031,57.439810803910134,59.453172600577844,61.45638702148594,63.466832903867726,65.49983844630948,67.56830617687339,69.68298440737388,71.8376897376788,73.96369660671645,75.97854773215786,77.80233810915729,79.39612763714527,80.8646228748488,82.34014801607725,83.94110505222841,85.7183527369852,87.50463443691896,89.11851663623972,90.51689065489809,91.64791625326743,92.17721790816225,91.75360150453051,90.51689065489809,88.71314368450739,86.52475419901424,84.10301992046544,81.58290737977842,79.06807625113771,76.56487839536166,74.06328326821256,71.5581602463649,69.0464191220533,66.5258881561363,63.995482534011174,61.45638702148594
51.93957994157767,54.00623780974563,56.014499828758076,57.98374705534255,59.93355132947451,61.88358858520499,63.85359310757315,65.86333273740162,67.93259509011044,70.06135956285343,72.17033073170685,74.16039544844801,75.93244351705366,77.42914977167784,78.76032097800854,80.07754806787747,81.53242283204955,83.21040428475388,84.93241856329163,86.47884587974542,87.73241685547141,88.59371897105942,88.93241640011627,88.64077828678475,87.73241685547141,86.2664633806115,84.3627820421409,82.15642047460418,79.78242673380274,77.3543088453674,74.89941352481205,72.42354922450993,69.93252861873151,67.43217187486361,64.92831237792723,62.426806649297205,59.93355132947451
51.29460157642,53.36955171888518,55.38804674488817,57.36982804744504,59.33448723442389,61.30124772720818,63.2887496148205,65.3149082896159,67.39696084119073,69.53307871605571,71.64689350196849,73.64400328603183,75.430823835074,76.95557459148732,78.3271757797196,79.69213329081131,81.19214018394621,82.90139181194725,84.64391316761117,86.21208698664758,87.51311599626862,88.46567848780208,88.87114556664937,88.53307219934399,87.51311599626862,85.938095736956,83.94689167320804,81.67693234041653,79.26104389985622,76.80853245023904,74.34019251813872,71.85719606145143,69.36225449339818,66.85870398811984,64.35015767003267,61.840551864432214,59.33448723442389
39.50786689387599,41.55280854096338,43.54782375881014,45.508836409624735,47.45344098330422,49.40015573793305,51.368021139611756,53.376379597140456,55.444752095024285,57.572951577010585,59.68157913818331,61.67144180019574,63.44337340173125,64.9400122696453,66.27114024102846,67.58833579464213,69.04318522279999,70.72114627088723,72.44314638746857,73.98956498534193,75.24313085036508,76.10443021838259,76.44312670770748,76.15148939911481,75.24313085036508,73.77718350781642,71.87351394515122,69.6671743442017,67.29322071900927,64.86517419005705,62.41040548313116,59.93476649952294,57.444147525999526,54.94450694315756,52.44192314048749,49.94268423710517,47.45344098330422
40.498020473249625,42.547953933094476,44.5460235840567,46.5089385697238,48.454745796813896,50.402229601849065,52.37059037935944,54.37926878726931,56.44784746260872,58.576177868589056,60.684885059569694,62.674794549277436,64.44675314368838,65.94340762967069,67.27454562161974,68.59174848444115,70.04660378479662,71.72456956213715,73.44657296109733,74.99299357971849,76.24656062927554,77.10786063411203,77.44655734124366,77.15491984613232,76.24656062927554,74.78061186540967,72.87693957341003,70.67059488117525,68.29663195827607,65.86856889030018,63.41377083858288,60.938079635749844,58.447367585403356,55.94756105124091,53.444681692341646,50.94491776942725,48.454745796813896
41.49088467455827,43.544797842998705,45.54529858234639,47.50972612613147,49.45648897697035,51.404583617611465,53.373337755779744,55.382270182339695,57.451012530646636,59.57944686276562,61.688217260331726,63.67816391880211,65.45014393806599,66.94681082035163,68.27795676573731,69.59516542993896,71.0500253910948,72.72799492206536,74.45000092626043,75.99642314875393,77.24999113847774,78.11129164875851,78.44998852876364,78.15835088561218,77.24999113847774,75.7840412465097,73.88036678823022,71.6740180550226,69.30004775247555,66.87197155730331,64.417150214097,61.94141756322736,59.45063163267028,56.950693366740666,54.44757937364062,51.9473985810896,49.45648897697035
42.48591093153031,44.54299401837508,46.54542860345886,48.51105835399743,50.45858036349324,52.4071601020662,54.376226564638046,56.385360652484366,58.45423292689716,60.58274975261605,62.69157032003234,64.68154648037486,66.45354350492968,67.95022022631541,69.28137248441612,70.59858575321293,72.05344941366997,73.73142192391077,75.45342999588777,76.99985349137802,78.2534222273137,79.11472313876627,79.45342015598132,79.16178239533025,78.2534222273137,76.7874714399691,74.88379526230861,72.67744332176795,70.30346716195706,67.87538054761853,65.42054071762215,62.94477516840956,60.45393059588544,57.953887764228256,55.450587509660195,52.9500757457557,50.45858036349324
43.482659956983,45.54226611348726,47.546238303494135,49.51282331195992,51.460948294719564,53.409913230658304,55.37922765702575,57.38852183287521,59.45749724154304,61.586079547118274,63.69493993610362,65.6849395127311,67.45695003462987,68.95363456540748,70.28479183395638,71.60200875744592,73.05687535405376,74.73485022895053,76.45685994213073,78.0032844480007,79.25685377620579,80.11815500606883,80.45685213218758,80.1652142782769,79.25685377620579,77.79090227819952,75.88722473586319,73.68087024965382,71.3068894409084,68.87879455680684,66.42394005363202,63.94814839234817,61.45725727364476,58.95713144171671,56.4536833310469,53.95290881090847,51.460948294719564
44.48078061567824,46.54239382638245,48.54758812590896,50.51493199553306,52.46353582877853,54.412806606306674,56.382317886888146,58.391739143153856,60.46079641699181,62.58943069688851,64.69832269336567,66.68834085590998,68.46036209080609,69.95705281996078,71.28821406533208,72.60543388956769,74.0603028166085,75.73827956833878,77.46029058414507,79.00671589195485,80.26028569024488,81.12158717283071,81.46028438538639,81.16864645745551,80.26028569024488,78.79433362818563,76.89065500270391,74.6842984959917,72.31031399737127,69.88221254951326,67.42734640010083,64.95153401324961,62.46060594954716,59.96041423622961,57.45684875931815,54.955865649026634,52.46353582877853
45.479992642374505,47.54320169188166,49.549367060749326,51.51731366300018,53.46629773053169,55.41581132416992,57.38547887653981,59.39500100824523,61.46412326321041,63.592798796996206,65.7017158810439,67.69174879549156,69.46377853339283,70.96047418223952,72.29163858403393,73.60886071060239,75.06373148731441,76.74170972869146,78.46372177839419,80.01014772270464,81.26371789410157,82.12501957727372,82.46371685843451,82.17207887175368,81.26371789410157,79.79776538435287,77.89408589917724,75.68772778878812,73.31374036150356,70.88563370396271,68.43075831084462,65.95492947384605,63.46397208607698,60.963728080126444,58.46006944151773,55.95892074765982,53.46629773053169
46.58007259630304,48.64455005664468,50.651486845393556,52.619912104288574,54.569198071386566,56.51890443208575,58.48869603541165,60.49829823934465,62.56747207282491,64.69618035100513,66.80511734750392,68.79516197070348,70.56719845750328,72.06389801113536,73.39506491819519,74.7122888721322,76.16716111693265,77.84514054064502,79.56715341095278,81.11357986045455,82.36715032798679,83.22845217036445,83.56714950597714,83.27551147266647,82.36715032798679,80.90119746290651,78.99751729539076,76.7911579121608,74.41716816038871,71.98905736790351,69.53417463800051,67.05833274435153,64.56735208155052,62.06706656930976,59.56333398314146,57.06205384948251,54.569198071386566
47.58084250330755,49.646327833549506,51.65387732858874,53.62268266612085,55.57220831876296,57.5220677063723,59.49195778032063,61.501623542245994,63.57083831548583,65.6995725836405,67.80852538493514,69.79857930147702,71.5706211449182,73.06732379779518,74.39849269329224,75.7157180976163,77.1705915076414,78.84857186977513,80.57058539139814,82.11701224187073,83.37058294444583,84.23188491318501,84.57058229201623,84.27894422169541,83.37058294444583,81.90462979733854,80.00094908824877,77.79458869476326,75.42059709804087,72.9924830236379,70.53759447049282,68.06174221367286,65.5707430771487,63.07042462033564,60.56663333875525,58.065248871152505,55.57220831876296
48.58216070746227,50.64844669851119,52.656482769952504,54.62558988237919,56.575305816228266,58.525286678763166,60.49525491602445,62.50497112687452,64.57421839519799,66.70297329206983,68.81193863781118,70.8019999305466,72.57404602558026,74.07075113833875,75.40192161206375,76.71914816756305,78.17402250242893,79.85200360938893,81.57401764796154,83.12044481668502,84.37401570581383,85.2353177748463,85.57401518798005,85.28237708828425,84.37401570581383,82.90806233486153,81.00438119592391,78.79802000059738,76.42402693953488,73.99591026026557,71.54101708518999,69.06515660305237,66.57414280372403,64.07379819815166,61.56996032797885,59.06849304410369,56.575305816228266
49.58391452510051,51.65083645135755,53.659258889656485,55.62860558796062,57.57847257498898,59.528549863191145,61.49858014320603,63.50833639722926,65.57760945765787,67.70638072784368,69.81535603022726,71.80542317749098,73.57747264703056,75.07417971220411,76.40535143857215,77.72257890776126,79.1774539766746,80.85543567480411,82.57745012368008,84.1238775449996,85.37744858219622,86.23875073083148,86.57744817119125,86.28581004818048,85.37744858219622,83.91149503357794,82.00781355346975,79.80145172172114,77.42745749840981,74.99933875165263,72.54444190813565,70.06857489751911,67.57754946018919,65.07718409993277,62.57330925110148,60.07177623189639,57.57847257498898
50.58601436047632,52.65344131279322,54.662170518403215,56.63170741835833,58.58169431331531,60.531848141522545,62.50192766773304,64.51171570519995,66.58100923730233,68.70979350317889,70.81877670822288,72.80884850225374,74.58090065014972,76.07760926495979,77.40878198555295,78.7260101799391,80.18088583146681,81.85886799880817,83.5808827733423,85.12731039514745,86.38088154986556,87.24218376168164,87.58088122365068,87.28924308213485,86.38088154986556,84.91492786023369,83.01124610933813,80.80488377246073,78.43088862667108,76.0027682389451,73.54786848377626,71.0719962914774,68.58096161697998,66.08057978346787,63.57667558385697,61.075090387958966,58.58169431331531
51.688389001268064,53.75621697205051,55.76518972693691,57.73487761664374,59.684959693260836,61.63517427565907,63.60529289038348,65.61510615511466,67.68441593588905,69.81321051656738,71.92219999400012,73.9122754761882,75.6843297499029,77.18103959466261,78.51221310437384,79.8294418743498,81.2843179882992,82.96230052805443,84.68431556106368,86.23074334199443,87.48431458998948,88.34561685195223,88.68431433107254,88.3926761748692,87.48431458998948,86.01836078843499,84.11467882261532,81.90831608481676,79.534320206855,77.10619851668964,74.65129645053614,72.17542014551746,69.68437813942522,67.18398323092268,64.68005573507925,62.178429124920655,59.684959693260836
52.690981863049274,54.75912823524119,56.76829433810727,58.73810208522126,60.688259714297345,62.63852252006869,64.60867216049019,66.61850544857315,68.68782812611212,70.81663089372665,72.92562534958466,74.91570375907499,76.68775972005679,78.18447054102963,79.51564467706496,80.83287390388722,82.28775038486117,83.96573322020159,85.68774845836275,87.23417636559161,88.48774768762058,89.34904998938475,89.68774748211808,89.39610931425725,88.48774768762058,87.02179379723307,85.11811166082796,82.91174860481796,80.53775214573054,78.1096294218173,75.65472552143089,73.17884595213431,70.68779812691987,68.18739284069052,65.683446854298,63.18178737261603,60.688259714297345
53.79374799489126,55.86214715357032,57.871466743794315,59.84136963235673,61.791587231696454,63.74188831411047,65.71206258035156,67.72191176126839,69.79124467509278,71.92005394072858,74.02905234798243,76.01913308088032,77.79119038104925,79.2879019768439,80.6190766099934,81.93630619941504,83.39118297169668,85.0691660416433,86.7911814426337,88.33760945010542,89.5911808308952,90.45248316424977,90.79118066778773,90.49954249067437,89.5911808308952,88.12522687000084,86.22154459820197,84.01518128962734,81.64118436929995,79.2130608248998,76.75815546867977,74.28227330851784,71.79122086464315,69.29080734154357,66.78684667899275,64.28516110653356,61.791587231696454
54.89665169409814,56.965251534365734,58.9746929645773,60.9446713736116,62.894936574050604,64.84526803774352,66.81546184995626,68.82532364520583,70.89466468364877,73.02347910679626,75.13248065028584,77.12256322727747,78.89462159036137,80.39133380113302,81.72250882884259,83.03973870605971,84.4946157095525,86.17259896570627,87.8946144959343,89.44104258296886,90.6946140103971,91.55591636882502,91.89461388093864,91.60297569648151,90.6946140103971,89.22865999354144,87.32497761428047,85.11861410524506,82.74461681883113,80.31649262320975,77.8615861114925,75.38570189495542,72.89464578523514,70.39422572448765,67.89025341333644,65.38854713221558,62.894936574050604
55.99966460758529,58.06842375717925,60.07796190255863,62.04800025642359,63.99830323956198,65.94865881757696,67.91886814371851,69.92873995108528,71.99808743808856,74.12690595477395,76.2359099875022,78.22599402815445,79.99805323487548,81.49476593375509,82.82594127462735,84.14317138026797,85.59804856727324,87.27603197121971,88.99804760402374,90.5444757542074,91.79804721865261,92.65934959698126,92.99804711590136,92.70640892561548,91.79804721865261,90.33209315738041,88.42841069282669,86.22204702468545,83.84804944770838,81.4199247352121,78.96501730637533,76.4891314576897,73.99807243837796,71.49764718867087,68.9936656319401,66.49194291409285,63.99830323956198
57.10276422151273,59.171649832799744,61.18126474780385,63.15135068255374,65.10168365490004,67.05205837289674,69.02228001262858,71.03215976669037,73.10151237194847,75.23033413768846,77.33934014613106,79.32942534849312,81.1014852248099,82.59819831110129,83.92937390053106,85.24660418747158,86.70148152013083,88.37946504138047,90.10148075559914,91.64790895590426,92.90148044972987,93.7627828438537,94.10148036817614,93.80984217326402,92.90148044972987,91.43552635320425,89.53184382095361,87.32548002653002,84.95148221893274,82.5233570961924,80.0684489394369,77.59256179531252,75.10150046665154,72.60107109844873,70.09708220344672,67.59534643960305,65.10168365490004
58.49903508618772,60.61672082306559,62.70007306180712,64.76714079860587,66.83451838625243,68.9158686032545,71.02078306403429,73.15440264491994,75.31823860557247,77.50054048201915,79.64449043051974,81.68523066250445,83.56214503982208,85.25226429853237,86.8499964966611,88.46512711938712,90.18680766013426,92.04200077878428,93.87708736333238,95.5408546254937,97.0419135412587,98.34953819973926,98.9932899161509,98.49128724531234,97.0419135412587,94.9890562007698,92.56209357361723,89.9392749150571,87.27111211458023,84.66350387161185,82.1069373554913,79.57641843601726,77.05532680537063,74.53066941715319,71.99112545450512,69.42739711817649,66.83451838625243
56.252525294603686,58.32121794655633,60.33071572254717,62.30072905540675,64.25101626812896,66.20136178092038,68.17156463162603,70.18143225999256,72.25077705540673,74.37959386347602,76.4885968572127,78.47868028694295,80.25073914153563,81.74745163668233,83.07862684684265,84.3958568571409,85.85073396754933,87.52871730980814,89.25073289979767,90.79716102362332,92.05073247261792,92.91203484264014,93.25073235871925,92.95909417086628,92.05073247261792,90.58477842988488,88.68109600093175,86.47473239920019,84.10073494350215,81.67261044674586,79.21770340070847,76.74181823327054,74.25076042840283,71.75033734453396,69.24635964685217,66.74464378960684,64.25101626812896
54.44671169436148,56.51500533406923,58.524260856838595,60.494124032887484,62.444316600601454,64.39460170642606,66.36476569394567,68.37460824127339,70.44393688253109,72.57274343593322,74.68174019390018,76.67181995702327,78.4438766982246,79.9405879706139,81.27176239627138,82.58899183434656,84.04386848503836,85.721851457062,87.44386679008858,88.99029475571965,90.24386611198308,91.10516843215206,91.44386593118023,91.15222775792881,90.24386611198308,88.7779121805178,86.87422996523134,84.66786676207542,82.2938700342664,79.86574683233185,77.4108420837668,74.93496100501471,72.44391048893871,69.94350040385811,67.4395458670549,64.93787118477213,62.444316600601454
53.30504445915817,55.3955432866226,57.437821890987365,59.45122149155159,61.45448169400956,63.46497896026925,65.49803747788964,67.56655396843041,69.68126947567576,71.83599591821013,73.96201658636048,75.97688772246573,77.80071953613563,79.39458550530931,80.86318599496875,82.33882840421417,83.93988992912898,85.71720663549057,87.50353218707973,89.11745972033016,90.51592870946708,91.64712297916373,92.17653766306817,91.75284352586381,90.51592870946708,88.7119551658511,86.52336053069388,84.1014618727474,81.5812330754228,79.06633108620889,76.56309314903726,74.06147650406693,71.55634166360304,69.04459101147899,66.52404607185088,63.993616105979925,61.45448169400956
51.93730082396897,54.00395726682257,56.012218419892434,57.98146510951284,59.931269045104344,61.88130608472659,63.8513104680456,65.86105000813015,67.93031230303433,70.05907673908185,72.16804788562075,74.15811258924091,75.93016065028368,77.42686690053219,78.75803810405546,80.07526519187667,81.53013995440364,83.20812140578306,84.93013568340125,86.47656299928892,87.73013397468307,88.59143609009267,88.9301335190885,88.63849540580927,87.73013397468307,86.26418050022133,84.36049916251537,82.15413759640495,79.78014385820833,77.35202597440659,74.89713066207284,72.42126637640214,69.93024579670653,67.4298890993535,64.9260296852928,62.42452410398758,59.931269045104344
51.292383733601056,53.36733908461055,55.38584211385944,57.367634124136785,59.33230648966202,61.29908205654671,63.286599807677945,65.31277338210089,67.39483752268613,69.53096203904519,71.64478119677527,73.6418973644558,75.42873129988537,76.95350736155686,78.32514475014365,79.69014456856354,81.19019104065845,82.89946985055875,84.64200892606189,86.21020144531597,87.51127094247013,88.4639100575221,88.86943218519015,88.5313206237389,87.51127094247013,85.93615697029846,83.94487598338577,81.67485977500688,79.25893341281002,76.80639971917428,74.33804748354085,71.85504450249977,69.36009937463777,66.8565460116683,64.34799552185788,61.83838250333365,59.33230648966202
39.50636392357508,41.55129709060512,43.546307114784845,45.507316529076405,47.45191905589779,49.39863250134226,51.366497059600476,53.37485497233459,55.443227119129034,57.5714263781627,59.68005380372918,61.66991638599484,63.44184794156156,64.93848678287794,66.26961473719601,67.586810278362,69.04165969651939,70.7196207365526,72.44162084754399,73.98803944197599,75.24160530498182,76.10290467191483,76.4416011608688,76.14996385259376,75.24160530498182,73.7756579648537,71.87198840683664,69.66564881455767,67.29169520519939,64.86364870441332,62.40888004746168,59.9332411527821,57.44262233776465,54.94298203752241,52.440398738130426,49.94116072867555,47.45191905589779
40.49651289937415,42.54643959507882,44.54450511096836,46.50741752273359,48.45322312318737,50.400705888287206,52.36906599603141,54.37774397139725,56.44632236802023,58.57465259702073,60.683359680362344,62.67326910677198,64.44522766469635,65.94188212956765,67.27302010797189,68.59022296091348,70.0450782533315,71.72304402427952,73.44504741880294,74.99146803469264,76.24503508264854,77.10633508662428,77.44503179346151,77.1533942986023,76.24503508264854,74.77908632070388,72.87541403239348,70.66906934704059,68.29510643670906,65.86704339108897,63.412245379037245,60.93655424678998,58.44584232225941,55.9460360124271,53.4431570530769,50.94339383997955,48.45322312318737
41.48937342669975,43.54328120518173,45.543778654386394,47.50820415206051,49.454965710547455,51.40305952526474,53.3718131316231,55.38074521478424,57.44948734183812,59.577921533474125,61.68669184560184,63.676638453830606,65.44861844413435,66.94528530966389,68.27643124429895,69.59363990065884,71.0484998555147,72.72646938141153,74.44847538208509,75.99489760241067,77.24846559086366,78.10976610046123,78.4484629802327,78.15682533728135,77.24846559086366,75.78251570042045,73.87884124506913,71.67249251732369,69.29852222475165,66.87044604732344,64.4156247356003,61.93989214075657,59.44910631006573,56.94916822220637,54.446054546289716,51.94587431731398,49.454965710547455
42.484396754857976,44.54147555022619,46.54390751878046,48.50953564329714,50.45705662623888,52.405635708943635,54.37470174928143,56.38383556451622,58.45270766329787,60.58122437750653,62.69004487710703,64.68002099757155,66.45201799914027,67.94869470722647,69.2798469567943,70.59706021936711,72.05192387482383,73.72989638103758,75.45190445021956,76.99832794398912,78.25189667891615,79.11319758982643,79.45189460685603,79.16025684636378,78.25189667891615,76.7859458927818,74.8822697174454,72.67591778124009,70.30194162934637,67.87385502909143,65.41901522408367,62.94324971934006,60.45240522608367,57.95236253577309,55.44906253299217,52.94855121651938,50.45705662623888
43.48114344761635,45.540746189455206,47.54471629947369,49.51130001608878,51.459424183558795,53.40838859872528,55.37770268987947,57.386996649321915,59.45597191857705,61.584554135641014,63.69341447079886,65.68341401577436,67.45542451942876,68.95210903965044,70.28326630142675,71.60048321997624,73.0553498126153,74.7333246843158,76.45533439527759,78.0017588997818,79.25532822718634,80.116629456619,80.45532658259056,80.16368872880594,79.25532822718634,77.7893767301407,75.88569918964896,73.67934470688058,71.3053639044191,68.87726903149573,66.42241454815463,63.94662292216661,61.45573186638046,58.95560614664694,56.45215823584496,53.95138407091001,51.459424183558795
44.479262249728436,46.5408727448264,48.54606539141483,50.513408234891266,52.46201142071739,54.41128178477638,56.38079279924483,58.39021388372606,60.459271046903154,62.587905256544914,64.69679721029786,66.68681534771949,68.45883656813487,69.95552728891121,71.28668852890709,72.60390834922178,74.05877727311253,75.73675402230592,77.45876503635145,79.00519034307727,80.2587601407319,81.12006162297612,81.45875883541498,81.16712090758413,80.2587601407319,78.79280807943508,76.88912945541745,74.68277295143633,72.30878845780346,69.88068701881765,67.4258208851474,64.95000852631101,62.4590805125475,59.95888888828364,57.4553235700227,54.9543407417047,52.46201142071739
45.478472799614664,47.54167969034245,49.547843745978554,51.51578953326773,53.464773086738234,55.414286352122616,57.383953693244365,59.39347568859043,61.462597855718414,63.5912733337406,65.70019038387721,67.69022327838472,69.4622530047925,70.95894864698927,72.29011304451717,73.60733516797359,75.06220594218541,76.7401841815489,78.46219622985413,80.00862217330425,81.26219234419686,82.12349402709788,82.4621913081659,82.1705533215645,81.26219234419686,79.79623983505327,77.89256035103966,75.68620224281827,73.31221481949234,70.88410816899338,68.42923278836997,65.95340397360707,63.462446625475565,60.962202690210006,58.45854417753192,55.95739570750699,53.464773086738234
46.578551579351796,48.64302732412179,50.649963069742,52.61838768148138,54.567673240440314,56.51737934055187,58.487170776188506,60.49677287188422,62.56594663564452,64.69465486956375,66.80359183914682,68.79363644651963,70.56567292419697,72.062372472551,73.39353937622448,74.71076332769147,76.1656355705075,77.8436149926217,79.56562786182027,81.11205431063917,82.36562477777113,83.22692661993358,83.56562395547266,83.27398592222502,82.36562477777113,80.89967191317115,78.99599174657773,76.78963236506826,74.41564261643813,71.98753182954212,69.53264910955622,67.05680723355587,64.56582660221582,62.065541146079696,59.56180865986866,57.060528703885254,54.567673240440314
47.57932055310769,49.6448045203445,51.65235318693728,53.62115801061982,55.57068333924076,57.520542519988524,59.49043246082827,61.50009813684012,63.56931285474094,65.69804708776479,67.80699986769605,69.79705377167612,71.56909560787679,73.06579825656453,74.39696714937384,75.71419255173743,77.16906596018748,78.84704632105277,80.5690598417954,82.11548669172598,83.36905739398338,84.23035936255178,84.56905674132457,84.27741867105377,83.36905739398338,81.90310424725732,79.9994235388996,77.79306314677964,75.41907155255106,72.99095748258422,70.53606893731038,68.06021669449828,65.56921758294507,63.068899170663514,60.565107968423064,58.063723641853585,55.57068333924076
48.5806380157269,50.64692292410313,52.65495833768156,54.6240650421384,56.57378071876062,58.52376141708859,60.49372954869298,62.50344569134998,64.57269291574943,66.70144778473735,68.81041311352237,70.8004743962874,72.57252048557424,74.06922559500772,75.40039606659946,76.71762262054271,78.17249695415848,79.85047806011173,81.57249209798556,83.11891926627888,84.37249015515553,85.2337922240524,85.57248963713981,85.28085153748373,84.37249015515553,82.90653678450579,81.0028556461492,78.79649445190651,76.42250139282336,73.99438471707501,71.53949154824684,69.06363107722734,66.57261729771872,64.07227272749176,61.56843492029353,59.06696774836416,56.57378071876062
49.58239124429343,51.64931231069353,53.65773422664181,55.62708060105989,57.57694738389499,59.52702454175292,61.49705473790249,63.50681093779863,65.57608396336387,67.70485521141785,69.81383050034307,71.80389763969322,73.57594710467151,75.072654167206,76.40382589188087,77.72105335983497,79.17592842775608,80.85391012508651,82.57592457340789,84.12235199438595,85.37592303138243,86.23722517991011,86.57592262023306,86.28428449725382,85.37592303138243,83.90996948300429,82.00628800335727,79.79992617246893,77.4259319507286,74.99781320676601,72.54291636820764,70.0670493664156,67.57602394481674,65.07565861261446,62.57178381376765,60.070250883418794,57.57694738389499
50.5844906117982,52.651916881306306,54.660645672197376,56.63018231503344,58.58016904790185,60.53032277264656,62.50040223228973,64.51019022679455,66.57948373122528,68.70826797953558,70.81725117389759,72.8073229616474,74.57937510592309,76.07608371863853,77.40725643788781,78.7244846312937,80.17936028203388,81.85734244874101,83.57935722283494,85.12578484436912,86.3793559989284,87.24065821065909,87.57935567259892,87.28771753110809,86.3793559989284,84.91340230948711,83.00972055895758,80.80335822276298,78.4293630782202,76.00124269271231,73.54634294147914,71.07047075618433,68.57943609417273,66.07905428292754,63.575150122990294,61.073564997620565,58.58016904790185
51.68686488103581,53.75469230965831,55.76366473530082,57.73335242090029,59.68343436885485,61.63364886912959,63.603767431017346,65.61358066164864,67.68289042045967,69.81168498719553,71.92067445614988,73.91074993335269,75.68280420419397,77.17951404729118,78.51068755593576,79.8279163251337,81.28279243845803,82.96077497770986,84.68279001036974,86.2292177910854,87.48278903895437,88.34409130084933,88.68278877994646,88.39115062376297,87.48278903895437,86.01683523755116,84.113153272022,81.9067905347654,79.5327946577933,77.10467296938842,74.64977090635867,72.17389460689913,69.68285261071696,67.18245771988785,64.67853025553403,62.176903701355656,59.68343436885485
52.6894574477853,54.757603389529535,56.766769231023346,58.73657681611718,60.68673434306568,62.636997083652275,64.60714668213596,66.61697994315325,68.68630260325969,70.81510535980797,72.92409980893669,74.91417821447017,76.68623417317133,78.18294499282462,79.51411912801336,80.83134835421814,82.28622483469594,83.96420766963683,85.68622290752072,87.23265081457882,88.48622213650773,89.3475244382181,89.68622193093303,89.39458376308798,88.48622213650773,87.0202682462403,85.11658611006578,82.91022305448593,80.536226596184,78.10810387366803,75.65319997576096,73.17732041087667,70.68627259352792,68.1858673213261,65.68192135992727,63.18026192267804,60.68673434306568
53.79222334537913,55.86062216232652,57.869941545066965,59.839844305021245,61.790061823297165,63.74036285397197,65.71053708692615,67.72038624636062,69.78971914634866,71.91852840320111,74.02752680511387,76.01760753487125,77.78966483323,79.2863764279773,80.61755106045489,81.93478064938643,83.38965742127426,85.0676404909038,86.78965589167407,88.33608389901032,89.58965527972066,90.45095761303256,90.7896551165559,90.49801693945504,89.58965527972066,88.12370131892163,86.22001904730575,84.0136557390725,81.63965881936858,79.21153527607748,76.75662992182527,74.28074776516539,71.7896953275337,69.28928181556788,66.78532117285482,64.28363563566266,61.790061823297165
54.89512685861189,56.963726427593244,58.97316769310467,60.943146000054654,62.89341113615011,64.84374255877626,66.81393634456862,68.8237981227674,70.89313915022834,73.02195356640448,75.13095510565479,77.12103768015376,78.89309604180096,80.38980825174134,81.72098327891761,83.0382131557457,84.49309015892597,86.17107341482804,87.89308894488137,89.4395170318084,90.69308845917361,91.55439081756761,91.89308832966961,91.60145014522246,90.69308845917361,89.22713444239358,87.32345206327781,85.11708855451343,82.74309126859433,80.31496707385318,77.86006056369783,75.3841763499403,72.89312024517514,70.39270019326455,67.88872789785873,65.3870216447298,62.89341113615011
55.99813962445896,58.066898558699094,60.076436573343074,62.04647484617867,63.99677777824553,65.94713332366499,67.91734262883632,69.92721442266975,71.99656190095652,74.12538041210871,76.23438444147229,78.2244684801461,79.99652768572679,81.49324038394664,82.82441572439564,84.14164582972748,85.59652301648468,87.2745064202314,88.99652205289678,90.54295020299504,91.79652166739025,92.65782404569197,92.99652156460286,92.70488337432491,91.79652166739025,90.33056760617808,88.42688514173965,86.2205214738135,83.84652389722916,81.41839918543153,78.96349175783442,76.48760591135493,73.99654689597608,71.49612165328287,68.99214010904933,66.49041741341958,63.99677777824553
57.10123912118405,59.17012456152332,61.17973937275461,63.149825243188275,65.1001581749978,67.05053286712291,69.02075449021052,71.03063423353075,73.09998683187052,75.22880859321884,77.33781459899085,79.32789979978261,81.09995967519433,82.59667276096206,83.92784835005585,85.24507863675133,86.69995596921369,88.37793949030477,90.09995520441342,91.64638340465075,92.89995489843665,93.76125729253916,94.0999548168543,93.80831662194839,92.89995489843665,91.43400080195872,89.53031826979955,87.32395447554667,84.94995666826111,82.52183154607528,80.06692339030369,77.59103624793036,75.09997492239091,72.59954555975504,70.09555667467212,67.59382092846272,65.1001581749978
58.49411649532415,60.61185931788765,62.69529712460604,64.76247545217755,66.82998337992122,68.91147540433396,71.01653133180906,73.15027707537251,75.31420697973928,77.49656112998022,79.6405448884338,81.68133365700794,83.55834672747585,85.24864189044976,86.84660402684331,88.46197545373778,90.18385806830658,92.03917869888676,93.87434396483175,95.53819073978268,97.03941047561995,98.3473029622638,98.99122251744703,98.48910537343691,97.03941047561995,94.98615630194742,92.55879164622914,89.93561652119716,87.2671804960078,84.65939621653942,82.10272671781223,79.57215145358606,77.05102855395597,74.5263457893052,71.98676433418832,69.42296988947923,66.82998337992122
56.24678770892865,58.315479462319374,60.32497669280441,62.29498968755614,64.24527668717234,66.19562206395172,68.16582482715421,70.17569239904947,72.24503715809189,74.37385394307243,76.48285692276906,78.47294034424382,80.24499919407815,81.74171168647179,83.0728868948658,84.39011690387566,85.84499401324902,87.52297735467424,89.24499294408521,90.7914210675547,92.0449925163405,92.90629488625046,93.24499240229119,92.95335421447109,92.0449925163405,90.57903847385796,88.67535604538591,86.46899244455177,84.0949949904926,81.66687049665164,79.21196345578707,76.73607829755491,74.24502050909814,71.74459745449653,69.24061980896252,66.73890404442517,64.24527668717234
54.44097550063411,56.50926771452461,58.51852237157016,60.488385010989546,62.438577240452204,64.38886213038478,66.35902597900736,68.36886843669478,70.43819702021682,72.56700353696823,74.67600027264815,76.66608002266656,78.43813675631449,79.93484802433358,81.2660224471872,82.5832518832172,84.03812853226594,85.71611150296633,87.43812683507454,88.98455480014019,90.23812615607218,91.09942847606294,91.43812597503018,91.14648780183097,90.23812615607218,88.77217222500457,86.86849001048176,84.6621268087504,82.28813008354291,79.86000688623612,77.40510214588242,74.92922108174353,72.43817059171815,69.93776055309588,67.43380609907052,64.93213156394755,62.438577240452204
53.29966256486422,55.39018868410898,57.432508845613924,59.4459633411346,61.449290021313544,63.45986189818409,65.49299733475567,67.56158462182168,69.67635425132224,71.83111134628197,73.95715204889163,75.97205223751743,77.79594421005311,79.38992115489083,80.8586744392324,82.33448707623154,83.93570026887917,85.71311715670828,87.49950635479271,89.11349968426197,90.51210650506304,91.64354555103583,92.17312424989886,91.7493173156192,90.51210650506304,88.70780412110537,86.51891170272157,84.09677441638948,81.57637683677345,79.06137196619386,76.55807583364398,74.0564279457615,71.55127594503494,69.03951145874068,66.51894622946241,63.988480916401016,61.449290021313544
51.93157034023257,53.9982231960483,56.00648216982927,57.97572750808935,59.92553059168651,61.875567087435755,63.84557112081387,65.85531043504264,67.92457258447156,70.05333692816876,72.16230801854927,74.15237268914817,75.92442073115777,77.42112697039406,78.75229816685209,80.06952524951983,81.52440000790651,83.20238145595161,84.92439573125554,86.47082304571852,87.72439402027751,88.58569613523812,88.92439356408039,88.63275545093262,87.72439402027751,86.25844054681787,84.3547592110362,82.14839764851541,79.77440391687418,77.34628604473366,74.891390753091,72.41552650424285,69.92450599018895,67.42414940989852,64.92029020440866,62.4187849938713,59.92553059168651
51.286738234585926,53.36170114995872,55.38021580226959,57.36202336321766,59.326714867629974,61.29351232609477,63.2810531150494,65.30724832729483,67.38932929776891,69.52546345904395,71.63928896559837,73.63641440364363,75.42326777883574,76.94808058849758,78.31977054588931,79.68483180007175,81.18493574465406,82.89425402456358,84.63681883018023,86.20503850282827,87.50616678836604,88.45891715800754,88.86451921161006,88.5263521959596,87.50616678836604,85.93091674195472,83.93952405462554,81.66942525387286,79.25344382197126,76.80087782507927,74.33250772180838,71.84949526581342,69.35454496822574,66.85098745517216,64.3424309069613,61.83280741340836,59.326714867629974
39.50842204399402,41.55336682260248,43.54838395836581,45.50939780436157,47.45400313390288,49.40071837198582,51.36858408512177,53.37694274383149,55.44531537136511,57.573514935683065,59.68214254693224,61.67200523839341,63.44393685690423,64.94057573464022,66.2717037123252,67.58889927053553,69.04374870238632,70.72170975344774,72.44370987209334,73.99012847123751,75.24369433700559,76.1049937054236,76.44369019488548,76.15205288617548,75.24369433700559,73.77774699356308,71.87407742918145,69.66773782503009,67.29378419399043,64.86573765463706,62.41096892925674,59.93532991280907,57.44471088075284,54.94507019355285,52.442486205032935,49.94324697154225,47.45400313390288
40.49857732337968,42.54851328108764,44.54658445904776,46.50950039520325,48.455308222975894,50.402792412037115,52.37115343687785,54.379832004517,56.448410782780414,58.57674125411563,60.68544848484504,62.67535799792738,64.44731660581203,65.9439710995902,67.27510909654107,68.5923119630109,70.04716726629746,71.72513304599862,73.44713644659721,74.99355706622701,76.24712411637532,77.10842412152971,77.44712082877004,77.1554833335656,76.24712411637532,74.78117535180002,72.87750305843801,70.67115836366196,68.29719543612178,65.86913235989037,63.41433429352543,60.938643064626575,58.44793096781898,55.948124350816215,53.44524484437203,50.94548065933735,48.455308222975894
41.49144288141821,43.545358040261775,45.54585999459138,47.51028829396236,49.457051622039494,51.40514656767671,53.373900902231014,55.3828334556008,57.45157588561176,59.580010269608124,61.68878069872477,63.678727375748295,65.45070740570655,66.94737429417984,68.27852024353552,69.59572891063294,71.05058887411525,72.72855840695942,74.45056441245487,75.99698663574898,77.25055462594207,78.11185513647513,78.45055201656655,78.15891437334119,77.25055462594207,75.7846047334109,73.88093027405014,71.67458153882549,69.30061123259486,66.87253503087015,64.41771367603775,61.941981004478976,59.45119503704342,56.951256705356286,54.448142595127194,51.94796159445988,49.457051622039494
42.486470219942646,44.54355489154211,46.54599044285578,48.51162079384998,50.45914318243043,52.40772316320154,54.37678978169538,56.38592397021131,58.454796309480926,60.583313176378155,62.69213376883735,64.68210994390594,66.45410697694906,67.950783703246,69.28193596449773,70.59914923559293,72.05401289789648,73.7319854096244,75.45399348263352,77.00041697875919,78.25398571506736,79.11528662672015,79.4539836440037,79.16234588329397,78.25398571506736,76.78803492727582,74.88435874875711,72.67800680661551,70.30403064388094,67.87594402434166,65.42110418511753,62.94533861948349,60.454494017687495,57.954451133834056,55.45115078628639,52.95063885715494,50.45914318243043
43.483220106812,45.54282752428172,47.54680048238474,49.51338596790366,51.46151125173243,53.41047637998125,55.37979093013578,57.38908518589969,59.458060646049645,61.58664298431022,63.695503393172885,65.68550298148874,67.45751351012476,68.95419804480045,70.28535531585035,71.60257224116413,73.05743883923755,74.73541371531466,76.45742342931405,78.00384793568833,79.25741726418906,80.11871849421105,80.45741562038415,80.16577776642693,79.25741726418906,77.7914657658281,75.88778822281057,73.68143373533056,71.3074529242646,68.87935803603514,66.42450352553617,63.94871185121832,61.457820709280924,58.957694835921856,56.45424665144512,53.95347200013765,51.46151125173243
44.48134145110525,46.54295566462635,48.54815057454807,50.51549482310673,52.46409889543037,54.41336982564381,56.38288120449515,58.39230252419716,60.46135983889981,62.589994144740174,64.69888615699446,66.688904328816,68.46092556905955,69.95761630130815,71.28877754866451,72.60599737434805,74.06086630255209,75.73884305521918,77.46085407167568,79.00727937988576,80.26084917841044,81.1221506611224,81.46084787372124,81.16920994575341,80.26084917841044,78.79489711606963,76.89121849004727,74.68486198232652,72.31087748186425,69.88277603072996,67.42790987550427,64.9520974783078,62.46116939616394,59.96097764996078,57.4574121144631,54.95642890004481,52.46409889543037
45.48055402315684,47.543763869855994,49.5499297236723,51.517876626871164,53.46686088423445,55.41637459908978,57.38604222946908,59.39556441152911,61.46468669893068,63.59336225330878,65.70227934987906,67.6923122716902,69.46434201383576,70.96103766513814,72.2922020685081,73.60942419622577,75.06429497386105,76.74227321598165,78.46428526620045,80.01071121082862,81.2642813824118,82.12558306568405,82.46428034687908,82.17264236016894,81.2642813824118,79.79832887243961,77.89464938683486,75.68829127564528,73.31430384689887,70.88619718675758,68.43132178902549,65.95549294381576,63.464535541409404,60.9642915093564,58.46063282424424,55.9594840477296,53.46686088423445
46.58063441068974,48.64511250455585,50.65204967851002,52.62047517638581,54.56976129420083,56.51946775112944,58.48925941637938,60.498861660282074,62.568035519508456,64.69674381403331,66.80568082047151,68.7957254495155,70.56776193968402,72.06446149526522,73.39562840357556,74.7128523584247,76.16772460395792,77.84570402826046,79.56771689897784,81.11414334873174,82.36771381641182,83.22901565886895,83.56771299450881,83.27607496117487,82.36771381641182,80.90176095115417,78.99808078329784,76.79172139943256,74.41773164650017,71.98962085195103,69.53473811838585,67.0588962182196,64.56791554380072,62.067630010841754,59.56389738776137,57.062617188490634,54.56976129420083
47.58140466232335,49.646890495894276,51.654440296861154,53.62324582414692,55.57277159644315,57.52263106044202,59.49252118354451,61.50218697719589,63.57140177087123,65.70013605199898,67.80908886118263,69.7991427823633,71.57118462847828,73.06788728290223,74.39905617939183,75.71628158443986,77.17115499504658,78.84913535764872,80.57114887959682,82.11757573026955,83.37114643296198,84.23244840176426,84.57114578061703,84.27950771027776,83.37114643296198,81.90519328571395,80.00151257635383,77.79515218236406,75.42116058472075,72.99304650867961,70.53815795262784,68.0623056906351,65.57130654488968,63.070988071632115,60.56719676075318,58.065812241069864,55.57277159644315
48.58272314031149,50.649009531168446,52.65704584554449,54.626153108625715,56.57586913746317,58.52585006063616,60.49581833691428,62.50553457294659,64.57478185749025,66.70353676465905,68.81250211666197,70.80256341307921,72.57460951023509,74.07131462422143,75.40248509873422,76.71971165480812,78.17458599013563,79.85256709746743,81.57458113629804,83.1210083051804,84.37457919440232,85.23588126348483,85.57457867663574,85.28294057692527,84.37457919440232,82.90862582333828,81.00494468418611,78.79858348845937,76.42459042666593,73.9964737460964,71.54158056871375,69.06572008247045,66.57470627582313,64.07436165719847,61.57052376377048,59.069056438556146,56.57586913746317
49.58447717548141,51.651399419265324,53.65982205045721,55.629168868365525,57.579035930798085,59.52911326713357,61.49914357811812,63.50889985212932,65.57817292543224,67.70694420379087,69.81591951114433,71.80598666133031,73.5780361325543,75.07474319870241,76.40591492569573,77.72314239534091,79.17801746462064,80.85599916304523,82.578013612126,84.1244410335716,85.37801207084212,86.23931421951713,86.57801165989048,86.2863735368681,85.37801207084212,83.91205852213515,82.00837704185668,79.8020152097904,77.42802098589894,74.99990223810975,72.54500539276168,70.06913837888644,67.57811293574738,65.07774756513115,62.573872697841665,60.072339645823874,57.579035930798085
50.58657718363206,52.65400438809567,54.662733746852524,56.63227074175617,58.582257696569,60.53241156298273,62.50249111377511,64.51227916710698,66.58157270942792,68.71035698179134,70.81934019077994,72.80941198713023,74.58146413636312,76.07817275194671,77.40934547303613,78.72657366778427,80.18144931960279,81.85943148717834,83.58144626187502,85.12787388378024,86.38144503855702,87.24274725040465,87.5814447123845,87.2898065708594,86.38144503855702,84.91549134885476,83.01180959782405,80.80544726069454,78.4314521144444,76.00333172589933,73.54843196927712,71.07255977439183,68.58152509528365,66.08114325354887,63.57723903928735,61.07565381734477,58.582257696569
51.68895196163082,53.75678013262136,55.76575300909049,57.73544097416978,59.685523098299214,61.635737711023864,63.605856345259724,65.61566962258327,67.68497941146825,69.81377399729527,71.92276347785885,73.91283896188787,75.68489323666368,77.18160308203733,78.51277659214247,79.83000536240574,81.28488147658592,82.96286401652705,84.68487904966534,86.2313068306755,87.48487807871712,88.34618034070488,88.68487781983376,88.39323966362309,87.48487807871712,86.01892427710678,84.11524231117981,81.90887957318114,79.53488369485393,77.10676200403842,74.6518599367314,72.17598362965985,69.68494161990803,67.18454670487907,64.68061919740721,62.17899256657631,59.685523098299214
52.691544932360955,54.75969146350802,56.768857662893254,58.73866546983781,60.688823136627434,62.63908596647009,64.60923562237834,66.61906892045604,68.68839160443247,70.81719437613356,72.92618883447656,74.916267245428,76.68832320725204,78.18503402871217,79.5162081650601,80.83343739211044,82.28831387326753,83.96629670875554,85.68831194701909,87.23473985431099,88.48831117637693,89.34961347816096,89.68831097090109,89.39667280303442,88.48831117637693,87.02235728594508,85.11867514945482,82.912312093286,80.5383156339085,78.11019290947925,75.65528900817728,73.17940943725135,70.68836160913224,68.18795631772286,65.68401032210069,63.18235082401067,60.688823136627434
53.79431115070578,55.86271043557902,57.87203010242226,59.841933038476895,61.79215066775171,63.74245176927194,65.71262604780516,67.72247523665497,69.79180815558884,71.92061742446813,74.02961583369434,76.01969656775195,77.79175386858935,79.28846546477072,80.61964009816836,81.93686968777102,83.39174646019806,85.0697295302618,86.79174493133345,88.3381729388552,89.59174431967432,90.45304665304465,90.79174415658801,90.50010597947005,89.59174431967432,88.12579035874478,86.22210808687832,84.01574477817762,81.64174785761999,79.21362431281032,76.75871895586357,74.28283679440841,71.79178434822832,69.29137082101731,66.78741015114083,64.28572456565827,61.79215066775171
54.89721491858893,56.965814859036726,58.97525635006852,60.94523479680035,62.895500021000075,64.84583149985802,66.81602532182725,68.8258871233733,70.89522816587169,73.02404259159357,75.13304413664858,77.12312671456067,78.89518507817515,80.39189728925376,81.7230723171603,83.04030219452108,84.49517919812926,86.17316245437596,87.89517798466849,89.4416060717428,90.6951774991943,91.55647985763473,91.89517736975262,91.60353918529185,90.6951774991943,89.22922348231072,87.32554110299608,85.11917759386064,82.74518030726398,80.31705611131754,77.86214959902352,75.38626538145999,72.8952092699099,70.39478920589913,67.8908168889335,65.38911059747579,62.895500021000075
56.00022788659638,58.0689871157159,60.07852530937308,62.048563693160446,63.998866695158455,65.94922228521025,67.91943161909565,69.92930343146001,71.99865092168207,74.12746944041078,76.23647347438154,78.22655751576437,79.99861672290649,81.49532942202974,82.82650476305835,84.14373486881297,85.59861205590983,87.27659545993008,88.99861109278531,90.54503924300047,91.79861070746415,92.65991308580274,92.99861060472624,92.70697241443747,91.79861070746415,90.3326566461698,88.4289741815735,86.22261051335288,83.84861293623075,81.42048822347645,78.9655807941819,76.48969494468159,73.99863592391752,71.49821067162036,68.99422911027466,66.49250638422292,63.998866695158455
57.10332754380414,59.1722132182185,61.181828171543685,63.151914130044176,65.10224711735982,67.05262184491035,69.02284349078857,71.03272324881698,73.10207585662985,75.23089762399164,77.33990363342039,79.3299888363623,81.10204871301333,82.5987617994981,83.92993738905196,85.24716767608297,86.70204500881489,88.3800285301231,90.10204424438243,91.64847244471252,92.90204393855282,93.76334633268455,94.10204385700966,93.81040566209523,92.90204393855282,91.4360898420096,89.53240730972516,87.32604351523854,84.95204570752617,82.52392058458102,80.06901242746218,77.59312528269119,75.1020639528775,72.60163458261894,70.097645683954,67.5959099135984,65.10224711735982
58.49994896250173,60.61765905303767,62.701047796777814,64.76816271440785,66.83559590933326,68.91700662702596,71.02198144426222,73.15565485312959,75.31953089595298,77.50185507583308,79.64581944996185,81.68658039107316,83.5635368782472,85.25373119219198,86.85156150353492,88.4667948790806,90.18856164865849,92.04380918031333,93.87892934093142,95.54273053430097,97.0438580793512,98.35159703560036,98.99542038058317,98.49336885584444,97.0438580793512,94.99083139461847,92.56369721519465,89.94072645408095,87.27244707476001,84.66476372320085,82.10815326882881,79.57761030972392,77.05650533816365,74.53183712312989,71.99227716444395,69.42852062338623,66.83559590933326
56.2530885508571,58.321781290957205,60.33127912046123,62.301292486488634,64.25157972011618,66.20192524625016,68.17212810553971,70.18199573944598,72.2513405384282,74.38015734876244,76.4891603438764,78.47924377441649,80.25130262947596,81.74801512489275,83.07919033522636,84.39642034565098,85.85129745616094,87.52928079850153,89.25129638854781,90.79772451240841,92.05129596142349,92.9125983314567,93.2512958475396,92.95965765968339,92.05129596142349,90.58534191866586,88.68165948966552,86.47529588784596,84.10129843198715,81.67317393494487,79.21826688840002,76.74238172005902,74.25132391358144,71.7509008268415,69.2469231240441,66.74520725770427,64.25157972011618
54.447274814067086,56.515568593645185,58.524824201340664,60.49468743003199,62.44488003092786,64.3951651579311,66.36532915907628,68.37517171519755,70.44450036211902,72.57330691911653,74.68230367926981,76.67238344367846,78.44444018562075,79.94115145843878,81.27232588437133,82.58955532264713,84.04443197350008,85.72241494565355,87.44443027877023,88.99085824445675,90.2444296007527,91.10573192093912,91.44442941997329,91.15279124671675,90.2444296007527,88.7784756692484,86.87479345388702,84.66843025059137,82.29443352252714,79.86631032013861,77.41140557076805,74.93552449058242,72.4444739719509,69.94406388231282,67.44010933738923,64.93843464067035,62.44488003092786
53.30576068967716,55.396271159512466,57.438567491773014,59.45199051017252,61.45527907182583,63.46580816704359,65.49889949869052,67.56744619169342,69.68218478819122,71.83692430751897,73.9629535227046,75.977837053141,77.80169453182312,79.39560784603754,80.86427352292941,82.33998855847707,83.94111479258541,85.71847424218328,87.5048269493599,89.1187825556446,90.51731035370862,91.64860906525337,92.17809373342209,91.75435146617471,90.51731035370862,88.71319650485881,86.52447482076072,84.102474355837,81.58217355218868,79.06722767225611,76.56396490833573,74.06233493489546,71.55719277375309,69.04543621989507,66.52488262460886,63.99443757951923,61.45527907182583
51.9378633835332,54.004520178269814,56.0127815451245,57.98202836731117,59.9318323864819,61.881869479457194,63.851873897104795,65.86161345934545,67.9308757685205,70.05964021362743,72.16861136567536,74.15867607253486,75.93072413544476,77.42743038677354,78.75860159098991,80.07582867931667,81.53070344224977,83.2086848939563,84.9306991718015,86.47712648782894,87.730697463305,88.59199957875866,88.93069700776955,88.63905889447739,87.730697463305,86.26474398874498,84.36106265085024,82.15470108438771,79.780707345548,77.35258946060229,74.89769414623879,72.4218298569559,69.9308092708209,67.43045256198423,64.9265931274631,62.42508750978615,59.9318323864819
51.29298751542842,53.36794609319492,55.38645408054042,57.368252724342256,59.33293325405339,61.29971815938147,63.287245737946236,65.31342854262003,67.39549986250859,69.53162849320844,71.6454503592311,73.6425704814841,75.42941270958588,76.95420444738343,78.32586426114405,79.69089028746468,81.19096127695809,82.90025692462163,84.64280697654543,86.21101107942948,87.51210565583338,88.4647922328631,88.87034845791817,88.53221323898507,87.51210565583338,85.93693363439728,83.94560499687144,81.67555355561791,79.2596037015866,76.80705622799009,74.33869637038426,71.85568934752696,69.36074201437077,66.85718688106543,64.34863380687453,61.83901631993815,59.33293325405339
39.51307994241455,41.558050979698336,43.55308419763809,45.51410806547197,47.45871973305567,49.405439024986045,51.373307349743385,53.38166769538883,55.450041410056784,57.578241664738556,59.6868696958868,61.67673263428051,63.44866439513177,64.9453033552263,66.27643138575274,67.5936269825068,69.04847644532356,70.72643752132387,72.44843765727853,73.9948562670788,75.24842213909332,76.10972151086949,76.44841800147994,76.1567806917864,75.24842213909332,73.78247478815574,71.8788052093814,69.67246557838203,67.2985118983126,64.87046527174391,62.4156963916204,59.94005709980887,57.44943757694551,54.94979601468694,52.447210467786135,49.94796846628199,47.45871973305567
40.50324947689607,42.553206379818505,44.55129036198684,46.514214268172076,48.460027132776055,50.40751454196152,52.37587764070835,54.384557547703196,56.453137189000856,58.581468208346905,60.69017577237608,62.68008548145828,64.45204420232213,65.94869876146967,67.27983680036147,68.59703969742384,70.0518950252883,71.72986082478359,73.45186423912045,74.99828486720801,76.25185192231412,77.11315193013388,77.45184863828585,77.16021114230074,76.25185192231412,74.78590315178994,72.88223084700445,70.675886130919,68.30192316446355,65.87386001900833,63.419061829820606,60.94337038235585,58.45265789596452,55.952850584332595,53.449969840700675,50.95020345774438,48.460027132776055
41.496126411472275,43.550058260310095,45.550570402510964,47.51500503761049,49.46177236741385,51.4098698704946,53.378625851778025,55.38755946846862,57.45630258358068,59.58473740257682,61.693508096249815,63.68345492884447,65.45543504847655,66.95210198883443,68.28324797147903,69.60045666285797,71.0553166458479,72.73328619440278,74.45529221080233,76.00171444080937,77.25528243493748,78.11658294758604,78.45527982840103,78.16364218455607,77.25528243493748,75.7893325376847,73.88565806925706,71.67930931711906,69.30533898000115,66.87726272333288,64.42244127101408,61.94670842597347,59.455922149306275,56.955983266231954,54.452868173857226,51.95268542810092,49.46177236741385
42.49116281907453,44.54826077918631,46.55070443252514,48.51633981844783,50.463865385717824,52.41244739736047,54.38151532328558,56.39065035593211,58.4595232390364,60.588040451220465,62.696861253668345,64.68683755221753,66.45883465643621,67.95551142391452,69.28666371158795,70.60387700195557,72.05874067974239,73.73671320393993,75.45872128560364,77.0051447870574,78.2587135264888,79.12001443982066,79.45871145767853,79.16707369647699,78.2587135264888,76.7927627349497,74.8890865492346,72.68273459366884,70.30875840641889,67.8806717432705,65.42583182667016,62.95006612333974,60.45922127609455,57.959177954567224,55.45587682737093,52.955363512784885,50.463865385717824
43.487919929115336,45.547537920038494,47.55151731877052,49.51810680446346,51.46623461280732,53.415201353607515,55.38451694173659,57.39381186759603,59.462787759431635,61.59137037176376,63.70023094730098,65.69023063362577,67.46224121875474,68.95892578611648,70.29008307813743,71.60730001874781,73.06216662911038,74.74014151508464,76.46215123595323,78.0085757465564,79.26214507753602,80.12344630889075,80.46214343551966,80.17050558117208,79.26214507753602,77.79619357620064,75.89251602747132,73.68616152933652,71.31218069881263,68.88408577597035,66.42923120405709,63.95343942044718,61.46254808368917,58.9624218629244,56.45897305956508,53.95819730838426,51.46623461280732
44.48604702229177,46.547669644627376,48.55286967282275,50.520217098812466,52.46882317584601,54.4180953863505,56.38760758921019,58.39702944083581,60.46608709819519,62.59472162157711,64.70361376612512,66.69363201573788,68.46565330082046,69.9623440590122,71.29350532301342,72.61072516083792,74.06559409879588,75.74357085931838,77.46558188122697,79.01200719279353,80.26557699328572,81.12687847705546,81.46557569001608,81.17393776173843,80.26557699328572,78.79962492858411,76.89594629802829,74.68958978185083,72.31560526594473,69.88750378733803,67.43263758336734,64.95682509942422,62.46589686264642,59.96570484069227,57.462138813939845,54.96115472640196,52.46882317584601
45.48526416725602,47.548480698558755,49.55465061875416,51.52260004545254,53.47158589458611,55.42110062586636,57.39076891036703,59.40029151465819,61.469414074043996,63.598089801091774,65.7070070026662,67.6970399862212,69.46906976395587,70.96576543584945,72.29692985243051,73.61415198978452,75.0690227751615,76.74700102351696,78.46901307806309,80.0154390253553,81.26900919850013,82.1303108826119,82.46900816409408,82.17737017713804,81.26900919850013,79.80305668665414,77.89937719745117,75.69301907954949,73.31903163854525,70.89092495659906,68.4360495201777,65.96022060611617,63.4692630809738,60.9690188300477,58.4653597549966,55.964210285392255,53.47158589458611
46.58534819064374,48.649831596726656,50.65677200069296,52.625199502462024,54.57448688406369,56.52419414789139,58.49398633238428,60.50358891143924,62.572762986550586,64.70147141812774,66.81040850790939,68.80045318596012,70.57248970437595,72.06918927630048,73.40035619509649,74.71758015759403,76.17245240927187,77.85043183852302,79.57244471267501,81.11887116454338,82.37244163346291,83.23374347658637,83.57244081245415,83.28080277892504,82.37244163346291,80.90648876671804,79.00280859600579,76.7964492068131,74.42245944415166,71.99434863229587,69.53946586802283,67.06362391320827,64.57264314137191,62.07235743468729,59.568624502093414,57.06734375265765,54.57448688406369
47.58612133205532,49.6516113861278,51.6591637523493,53.627970870750545,55.57749764636554,57.52735775090281,59.49724828617056,61.506914345849566,63.57612931087985,65.70486370078879,67.8138165761232,69.80387053620089,71.5759124047359,73.07261507213164,74.40378397694377,75.72100938806233,77.17588280354605,78.8538631700759,80.57587669475006,82.12230354710104,83.37587425077723,84.23717622010838,84.57587359914206,84.28423552864786,83.37587425077723,81.90992110234876,80.00624039072193,77.79987999250378,75.42588838713851,72.99777429736105,70.5428857169363,68.06703341156879,65.57603418850186,63.07571557735446,60.571924020802655,58.07053906441567,55.57749764636554
48.587442106185094,50.65373184950093,52.661770200924835,54.630878727268794,56.58059555259882,58.53057698423184,60.500545587672136,62.5102620348615,64.57950945541401,66.70826444892421,68.81722985343166,70.80729118072172,72.57933729567247,74.07604241995455,75.40721290107297,76.72443946196506,78.17931380116343,79.85729491161268,81.57930895260697,83.12573612282134,84.37930701282409,85.24060908232636,85.57930649562084,85.28766839578742,84.37930701282409,82.91335364082315,81.00967249987187,78.80331130078903,76.42931823286668,74.00120154139458,71.54630834466704,69.07044782399691,66.57943395597876,64.07908922790847,61.57525113948236,59.07378346763252,56.58059555259882
49.589197965395826,51.656122871695885,53.6645471203266,55.63389494113521,57.58376263584388,59.533840375784905,61.50387094645488,63.51362738806833,65.5829005693243,67.7116719162132,69.82064726523993,71.81071443992985,73.5827639252777,75.07947099959756,76.41064273183375,77.72787020530315,79.18274527765519,80.86072697855411,82.58274142935218,84.12916885185501,85.38273988974525,86.24404203875343,86.58273947924074,86.29110135612078,85.38273988974525,83.91678634029469,82.01310485858824,79.80674302385827,77.43274879510226,75.00463003865968,72.54973317795748,70.07386613675754,67.58284064490792,65.08247518742317,62.57860016535889,60.07706683820146,57.58376263584388
50.59129942229268,52.65872874104831,54.667459383966076,56.63699717502851,58.586984631741956,60.53713881852316,62.50721857543846,64.51700676180062,66.58630038980566,68.71508471656226,70.82406795862724,72.8141397744264,74.58619193486942,76.08290055693894,77.41407328218968,78.73130147997308,80.18617713423009,81.86415930376953,83.58617407982922,85.13260170257357,86.38617285784224,87.2474750699543,87.58617253202458,87.29453439042204,86.38617285784224,84.92021916754976,83.0165374153857,80.81017507614197,78.43617992603085,76.00805953061757,73.55315976180879,71.07728754523576,68.5862528274657,66.0858709167824,63.58196657967305,61.08038113934265,58.586984631741956
51.69367535079519,53.76150520056329,55.77047909652302,57.740167693612435,59.69025021614014,61.64046508315674,63.61058388099907,65.6203972639115,67.6897071208051,69.81850174980448,71.92749125662093,73.91756675608659,75.68962103975991,77.18633089028145,78.51750440368943,79.8347331763618,81.28960929247742,82.96759183397727,84.68960686819739,86.23603464987356,87.48960589830558,88.35090816050324,88.6896056397039,88.39796748343176,87.48960589830558,86.02365209622678,84.11997012940027,81.91360738972357,79.53961150833189,77.11148981206509,74.65658773508554,72.18071141080034,69.6896693703624,67.18927440060837,64.68534679563027,62.18371999145894,59.69025021614014
52.696269235079896,54.764417099091375,56.77358410780528,58.74339241643865,60.6935503994621,62.64381343114654,64.61396321691348,66.62379659879886,68.69311933675445,70.82192214272169,72.9309166219017,74.92099504510529,76.6930510139913,78.18976183953731,79.52093597850674,80.83816520746915,82.29304169016243,83.97102452688756,85.69303976600978,87.23946767383028,88.49303899620608,89.35434129815673,89.6930387909538,89.40140062303837,88.49303899620608,87.02708510540245,85.12340296819818,82.91703991069753,80.54304344888774,78.11492072013179,75.6600168111527,73.18413722656429,70.69308937408948,68.1926840392444,65.6887379662303,63.18707833055619,60.6935503994621
53.799036178765036,55.867436521796805,57.876756831104444,59.846660165388855,61.79687804567432,63.747179307402845,65.71735368900761,67.72720294437669,69.79653590615426,71.9253452022308,74.03434362799543,76.02442437177756,77.79648167822006,79.29319327764443,80.62436791312274,81.94159750424303,83.39647427788931,85.07445734893497,86.79647275068815,88.34290075862947,89.5964721396945,90.45777447319709,90.79647197678565,90.50483379962895,89.5964721396945,88.13051817846986,86.22683590603674,84.02047259627894,81.6464756737908,79.21835212554703,76.76344676250696,74.28756459020786,71.79651212469652,69.29609856301035,66.79213783170714,64.29045213702166,61.79687804567432
54.90194052250973,56.97054130298446,58.97998330400348,60.94996206683513,62.900227490272,64.85055909629142,66.82075300007023,68.83061485441331,70.89995593091703,73.02877037822552,75.13777193640712,77.12785452203758,78.89991289010084,80.39662510375342,81.72780013331138,83.04503001187669,84.4999070164526,86.17789027347867,87.89990580431211,89.4463338917194,90.69990531936614,91.56120767791151,91.89990519006528,91.60826700557378,90.69990531936614,89.23395130224831,87.33026892248391,85.12390541250946,82.74990812438055,80.32178392570844,77.86687740857816,75.39099318240775,72.89993705551441,70.39951696414056,67.89554459842,65.39383822028643,62.900227490272
56.00495394767876,58.07371384363263,60.08325244210657,62.05329107679805,64.00359423693692,65.95394992791937,67.9241593267381,69.93403118100792,72.00337869822025,74.1321972340823,76.24120127847165,78.23128532598056,80.00334453665369,81.5000572378199,82.83123258015922,84.14846268686992,85.60333987473486,87.28132327937368,89.00333891265825,90.5497670631377,91.80333852775635,92.66464090617819,93.0033384251302,92.71170023481703,91.80333852775635,90.33738446627608,88.43370200132279,86.22733833243623,83.85334075409796,81.4252160391803,78.97030860604721,76.4944227497156,74.00336371677356,71.5029384427582,68.99895684271542,66.49723404786806,64.00359423693692
57.10805396779884,59.176940171545866,61.18655544619929,63.15664160385229,65.10697471668834,67.05734952434918,69.0275712217657,71.03745101305475,73.10680364228989,75.23562542325047,77.34463144094849,79.33471664875269,81.10677652820628,82.60348961631254,83.93466520690673,85.25189549469656,86.70677282803811,88.38475634983729,90.10677206443737,91.65320026497726,92.90677175894052,93.76807415313836,94.10677167748608,93.81513348255228,92.90677175894052,91.44081766224974,89.53713512968196,87.33077133466679,84.95677352598915,82.52864840132699,80.07374024116146,77.59785309096847,75.10679175148908,72.60636236399273,70.10237343461372,67.6006376096544,65.10697471668834
58.504481969031445,60.62217851927595,62.70554696681333,64.77263565275844,66.84003793120964,68.92141501199403,71.02635627271997,73.15999975490202,75.32385351339082,77.506165293354,79.65012164736089,81.69087107497555,83.56780415072609,85.25795673716324,86.85573250222862,88.47090875268353,90.1926275840909,92.04784486552518,93.88294636003656,95.54672868993079,97.04781808190288,98.3554934971884,98.99927702245094,98.49725265651688,97.04781808190288,94.99488554119941,92.56784673498206,89.94496053554842,87.2767459693295,84.66910437550521,82.11251834940434,79.5819887556165,77.06089120122007,74.53622900559189,71.99667794026564,69.43293708030151,66.84003793120964
56.25781442111267,58.32650790034312,60.336006178563835,62.30601982270855,64.25630723163066,66.20665286964399,68.17685580091097,70.18672348126883,72.25606831016933,74.38488513949568,76.49388814615854,78.48397158348932,80.25603044246287,81.75274294014426,83.08391815193079,84.40114816341519,85.85602527477658,87.53400861780284,89.25602420832504,90.80245233247862,92.05602378166544,92.91732615179099,93.25602366790545,92.9643854800222,92.05602378166544,90.59006973870174,88.6863873093057,86.48002370674794,84.10602624954106,81.67790175010072,79.22299469930088,76.74710952338745,74.25605170341072,71.75562859259645,69.25165084690389,66.74993490430528,64.25630723163066
54.45199953934727,56.520294491760865,58.52955081157501,60.49941448168167,62.44960736081288,64.39989266540236,66.37005678080001,68.37989941065669,70.44922810506975,72.57803469221503,74.68703147070093,76.67711124588908,78.44916799404459,79.94587927045743,81.27705369869634,82.59428313865445,84.04915979085897,85.72714276410085,87.449158097973,88.99558606412458,90.24915742069317,91.11045974102616,91.44915724011045,91.15751906681098,90.24915742069317,88.78320348886174,86.87952127287221,84.67315806840477,82.2991613382006,79.8710381320054,77.41613337588046,74.94025228367443,72.44920174361451,69.9487916157612,67.44483700274705,64.94316218497899,62.44960736081288
53.31040358573672,55.40090758244253,57.443194058051546,59.456604056239286,61.45987685034849,63.47038824890912,65.50346133626867,67.57199123704333,69.6867169962122,71.8414492450236,73.96747370818099,75.98235034755558,77.80619355690447,79.40008054813742,80.86870998232226,82.34438463948366,83.94547489717043,85.72281058290787,87.50914819250792,89.12308819119107,90.52158329374328,91.65282394010391,92.18226970037287,91.75855419109482,90.52158329374328,88.71754744955653,86.52889640106487,84.10695253859416,81.58669176924289,79.07177029195151,76.56852133141342,74.06689876846119,71.56176067754276,69.05000740499199,66.52945862217189,63.999021960998974,61.45987685034849
51.942583411934265,54.00924315726952,56.01750631674487,57.98675425052096,59.9365589705169,61.88659651086583,63.856601216364226,65.86634096438704,67.93560339322559,70.06436791429712,72.17333911253922,74.16340384656098,75.93545192512701,77.43215818551408,78.76332939554214,80.08055648810799,81.53543125444672,83.21341270889599,84.93542698864482,86.4818543058442,87.73542528200721,88.5967273978302,88.93542482696739,88.64378671356707,87.73542528200721,86.2694718066229,84.3657904671453,82.15942889773005,79.78543515349806,77.3573172589602,74.90242192757682,72.42655760800483,69.93553696787495,67.43518016274615,64.93132055666098,62.42981463400159,59.9365589705169
51.29769293307986,53.372649716756015,55.3911549473803,57.37294990291862,59.3376258933164,61.30440560644489,63.291927720935576,65.31810539357514,67.40017272176293,69.53629906488595,71.65011942509625,73.64723734860527,75.43407496598064,76.9588579878615,78.33050533326328,79.69551678807143,81.19557414600179,82.90486043196465,84.64740438106963,86.21560204353783,87.51668267608349,88.46934286473855,88.8748801320739,88.53675806639711,87.51668267608349,85.94154292961929,83.95024078563347,81.68020893379271,79.26427214121686,76.81173232929052,74.34337670951257,71.8603719339124,69.36542582690414,66.86187167790929,64.35332004063967,61.84370503815127,59.3376258933164
39.516375425971006,41.56136502428293,43.55640960986562,45.51744056157234,47.46205670914681,49.40877886649851,51.37664903725178,53.38501057528822,55.453385058384086,57.581585801041115,59.69021412898982,61.68007724192472,63.45200910338755,64.94864812169618,66.27977618957294,67.59697181357117,69.05182129827583,70.72978239190388,72.45178254009325,73.99820115742563,75.25176703385537,76.11306640800521,76.45176289942752,76.16012558903873,75.25176703385537,73.78581967761997,71.88215008867235,69.67581043869579,67.30185672397027,64.87381003575453,62.41904104625273,59.9434015598037,57.45278169001941,54.95313950923631,52.450552860812394,49.95130890276901,47.46205670914681
40.50655503673612,42.55652674478249,44.554619777544815,46.517549317284875,48.46336574212562,50.41085542742187,52.37921999208578,54.38790084578841,56.45648109711141,58.5848125038122,60.69352030343015,62.68343015105242,64.45538895177418,65.95204355712725,67.2831816256645,68.60038454435077,70.05523988958785,71.73320570307433,73.45520912712195,75.00162976118776,76.25519681979823,77.11649682950198,77.45519353829832,77.16355604176141,76.25519681979823,74.78924804506917,72.8855757322091,70.67923100106137,68.30526800709916,65.87720481271397,63.422406536710525,60.94671493475519,58.45600217299142,55.95619437036939,53.45331275224612,50.95354481571427,48.46336574212562
41.49944001283259,43.55338365894924,45.553903002382256,47.51834211583676,49.46511227422,51.41321158500162,53.38196873025646,55.39090309854265,57.45964669791006,59.58808182438044,61.69685270505181,63.68679964760993,65.45877983062684,66.95544680765869,68.28659281383318,69.60380152237519,71.05866151915382,72.73663107881362,74.45863710292059,76.00505933767258,77.25862733458212,78.11992784872601,78.45862473005243,78.1669870857695,77.25862733458212,75.79267743399193,73.88900295915548,71.68265419506253,69.30868383611232,66.88060754060787,64.42578601938203,61.95005305171796,59.45926655647422,56.95932728365864,54.45621149706619,51.95602751781422,49.46511227422
42.49448283089842,44.5515901839332,46.554039564126704,48.51967850894097,50.46720632303399,52.41578977017518,54.38485862024271,56.393994249552776,58.46286751705989,60.59138497330568,62.70020592418146,64.69018231001135,66.46217946453957,67.95885626112641,69.2900085674757,70.60722187146575,72.06208556019675,73.74005809320826,75.46206618098941,77.00848968620923,78.26205842784827,79.12335934236697,79.46205636063075,79.17041859908161,78.26205842784827,76.79610763366026,74.89243144285845,72.68607947780399,70.31210327322566,67.88401657925272,65.42917660795997,62.953410807300614,60.46256578656272,57.962522155670996,55.45922047738961,52.95870618351147,50.46720632303399
43.49124504661039,45.55087051131259,47.554854462547524,49.52144677572305,51.46957636849261,53.41854424910608,55.38786057091505,57.39715597042333,59.466132167390626,61.5947149734468,63.70357566679584,65.69357542239703,67.46558604745734,68.96227063792276,70.29342794476688,71.61064489618943,73.06551151523843,74.74348640820838,76.46549613393239,78.0119206475247,79.26548998025653,80.12679121255323,80.46548833950432,80.17385048488086,79.26548998025653,77.79953847681867,75.89586092405204,73.68950641838603,71.31552557410856,68.88743062680064,66.43257601147747,63.956784150615846,61.4658926761513,58.96576620982714,56.462316969018275,53.961540440405216,51.46957636849261
44.48937620335259,46.551004769394964,48.55620841539361,50.523558087316744,52.47216558135676,54.42143869681988,56.39095148211993,58.400373709729195,60.46943160929126,62.5980662864397,64.70695852449786,66.69697682909639,68.46899814587289,69.9656889224022,71.29685019816861,72.6140700445748,74.06893898942721,75.74691575550222,77.46892678126454,79.01535209520358,80.26892189708647,81.13022338160388,81.46892059482022,81.17728266632358,80.26892189708647,78.80296983071617,76.89929119695593,74.69293467480091,72.31895014797857,69.89084864995337,67.43598241152785,64.96016986626896,62.469241520190096,59.96904930332478,57.465482929335025,54.96449822464318,52.47216558135676
45.48859658064792,47.55181783690509,49.557990631379454,51.52594184178564,53.47492881604359,55.424444265771626,57.394113012630015,59.403635915370046,61.47275866700454,63.60143451610169,65.71035179189698,67.70038481909488,69.47241462198525,70.96911030843347,72.30027473435263,73.61749687851795,75.07236766936708,76.75034592212955,78.4723579797344,80.01878392890967,81.27235410315828,82.1336557878635,82.47235306954863,82.18071508241879,81.27235410315828,79.80640158998784,77.90272209824153,75.69636397559547,73.32237652592696,70.89426982856821,68.43939436479985,65.9635654020713,63.47260779017452,60.9723633845407,58.46870403386609,55.96755407435977,53.47492881604359
46.58868317400983,48.65317033498306,50.66011302204913,52.62854194024743,54.577830215141745,56.527538049316334,58.49733060082971,60.50693341678286,62.57610764448984,64.7048161729407,66.81375332163259,68.80379803432314,70.57583457270522,72.07253415618182,73.40370108238955,74.72092505029323,76.17579730631432,77.85377673906332,79.57578961564303,81.12221606900599,82.3757865388016,83.23708838239605,83.57578571842492,83.28414768475787,82.3757865388016,80.9098336710055,79.0061534982746,76.79979410531627,74.425804335778,71.99769351168922,69.54281072571071,67.06696873226869,64.57598789157399,62.07570206209358,59.571968910723925,57.07068777241079,54.577830215141745
47.58945835803467,49.65495139532608,51.662505574769526,53.63131381783229,55.58084130263114,57.53070185992516,59.50059268652686,61.51025893424418,63.57947402039454,65.70820848719413,67.81716140928634,69.80721539685791,71.57925728124026,73.07595995780494,74.40712886849974,75.72435428390918,77.17922770284014,78.85720807214625,80.57922159874728,82.12564845228451,83.37921915665605,84.24052112636103,84.57921850552256,84.28758043491888,83.37921915665605,81.91326600739325,80.0095852941642,77.80322489295727,75.42923328213384,73.00111918264699,70.54623058499453,68.07037824896811,65.57937897124748,63.07906026263436,60.57526853243175,58.07388326736617,55.58084130263114
48.590780755169604,50.657072868135444,52.665112659423514,54.6342220786898,56.58393946701098,58.53392125804271,60.50389009273354,62.51360668917664,64.58285420586529,66.71160926040483,68.82057470202443,70.81063605113658,72.58268217866544,74.07938731022492,75.4105577960124,76.72778436031018,78.18265870224465,79.86063981489741,81.58265385742106,83.12908102857698,84.3826519191316,85.2439539889306,85.58265140232656,85.29101330240624,84.3826519191316,82.91669854646844,81.01301740424549,78.80665620279046,76.43266313053596,74.00454643135751,71.54965322095626,69.073792675952,66.5827787645546,64.08243395912407,61.57859573286598,59.07712781600114,56.58393946701098
49.59253790368463,51.659464691954895,53.66789008385348,55.63723861355014,57.58710675517547,59.53718478040008,61.50721553462546,63.516972094706475,65.5862453522677,67.71501674759637,69.8239921260793,71.81405931808953,73.58610881342067,75.08281589351662,76.41398762945867,77.73121510563118,79.18609018015485,80.86407188280269,82.58608633481464,84.13251375806475,85.38608479639305,86.24738694563672,86.58608438620459,86.29444626301562,85.38608479639305,83.92013124641686,82.01644976370108,79.81008792708829,77.43609369489386,75.00797493233475,72.55307806077968,70.07721100026559,67.58618547398555,65.08581995509888,62.58194482363395,60.0804113019975,57.58710675517547
50.59464038461201,52.66207119783097,54.67080274844275,56.64034110226038,58.59032891373607,60.540483326965074,62.510563229575794,64.52035150996872,66.5896451985385,68.71842956374226,70.82741282918684,72.81748465873318,74.58953682709998,76.086245453754,77.41741818194609,78.73464638187494,80.18952203785558,81.86750420878315,83.58951898580628,85.13594660914376,86.38951776476011,87.25081997705911,87.58951743919329,87.29787929753601,86.38951776476011,84.92356407405046,83.01988232108528,80.81351998034717,78.43952482750694,76.01140442723897,73.55650464981623,71.0806324179135,68.58959767281577,66.08921571339708,63.585311289454296,61.083725694759195,58.59032891373607
51.69701712633522,53.764848162727745,55.77382277930222,57.74351182312026,59.693594627250874,61.64380967401057,63.61392858749609,65.62374204504272,67.69305195000733,69.82184660952254,71.9308361348955,73.92091164527233,75.69296593523478,77.18967578939505,78.52084930513757,79.8380780795128,81.29295419699648,82.97093673959807,84.69295177458287,86.23937955672983,87.49295080543777,88.35425306778379,88.69295054703521,88.40131239071962,87.49295080543777,86.02699700302787,84.12331503556553,81.91695229470272,79.54295641114497,77.11483471102497,74.6599326272085,72.18405629075608,69.69301422862802,67.19261922019228,64.68869154629313,62.1870646195983,59.693594627250874
52.699611656355444,54.767760462486436,56.776928043264505,58.74673670651045,60.696894913059836,62.64715808741363,64.61730796496956,66.62714140609334,68.69646418220341,70.8252670123913,72.93426150629968,74.92433993816351,76.6963959120412,78.19310674047527,79.52428088129763,80.84151011161157,82.2963865953907,83.97436943299029,85.69638467271945,87.24281258091361,88.49638390350844,89.3576862055768,89.69638369841417,89.40474553046425,88.49638390350844,87.03043001244197,85.12674787473304,82.92038481629095,80.54638835276197,78.11826562094774,75.66336170654222,73.1874821122966,70.69643424260627,68.1960288770592,65.69208274934162,63.19042301641791,60.696894913059836
53.802379112738905,55.87078020371736,57.88010096714312,59.850004582911325,61.80022264062055,63.750524015590315,65.72069847004991,67.73054777243728,69.7998807644984,71.928690079799,74.03768851725359,76.02776926790936,77.7998265783138,79.2965381800304,80.62771281697937,81.9449424091724,83.3998191836805,85.07780225542024,86.79981765765513,88.34624566589301,89.59981704713189,90.46111938072792,90.79981688434845,90.5081787071644,89.59981704713189,88.13386308569866,86.23018081286497,84.02381750235998,81.6498205785073,79.22169702783617,76.76679166048912,74.29090948052507,71.79985700134972,69.29944341529522,66.79548264057327,64.29379686869908,61.80022264062055
54.9052838635245,56.973885237762076,58.98332759925931,60.9533065855222,62.90357214978735,64.85390384568926,66.82409780729415,68.83395969895616,70.90330079949615,73.03211526206282,75.14111682952279,77.13119942060888,78.90325779181671,80.39997000728867,81.73114503801389,83.04837491743065,84.50325192269057,86.1812351802675,87.90325071148331,89.44967879912599,90.70325022691068,91.56455258553024,91.90325009770939,91.61161191319614,90.70325022691068,89.2372962096273,87.33361382954497,85.12725031897747,82.75325302976552,80.32512882916683,77.87022230861808,75.39433807636402,72.9032819386255,70.40286182791037,67.89888942772802,65.39718298832871,62.90357214978735
56.00829761183263,58.077057979130245,60.08659686374392,62.05663567578385,64.00693894770261,65.95729471002662,67.92750415474268,69.93737603863286,72.00672357492287,74.13554212289542,76.24454617464903,78.23463022648812,80.0066894396571,81.50340214226733,82.83457748553315,84.1518075929196,85.60668478132743,87.2846681864035,89.00668381999152,90.5531119706578,91.80668343538596,92.6679858138667,93.00668333283882,92.71504514250843,91.80668343538596,90.3407293737743,88.43704690856865,86.2306832392114,83.85668566001354,81.42856094356674,78.97365350772037,76.49776764656016,74.00670860501029,71.50628331564369,69.00230168824834,66.50057884477366,64.00693894770261
57.111397888472894,59.180284466372214,61.189899968152545,63.159986266573995,65.11031946813259,67.06069433241838,69.0309160662641,71.04079588106299,73.11014852544022,75.23897031601294,77.347976339556,79.33806155079702,81.11012143223158,82.60683452148396,83.93801011281352,85.2552404011397,86.71011773491217,88.38810125705837,90.11011697189932,91.65654517258747,92.91011666663766,93.77141906088224,94.11011658524593,93.81847839029845,92.91011666663766,91.4441625698426,89.54048003707454,87.33411624168579,84.96011843232586,82.53199330645,80.07708514413098,77.6011979901055,75.11013664379406,72.6097072441134,70.1057182930245,67.60398242946924,65.11031946813259
58.51140502774793,60.62905744620339,62.712359741353666,64.7793629271591,66.84666443293976,68.92793187029058,71.03276374604512,73.16630967244714,75.33009078602767,77.51236214269954,79.65629235113036,81.69700424441689,83.5738609969506,85.26387754384403,86.86147546936111,88.47646546225143,90.19802798218603,92.05314662327109,93.8881872496158,95.55190806661308,97.05287303972963,98.3603412348177,99.00399489316831,98.50205910274357,97.05287303972963,95.00024749838829,92.57351967091152,89.95090917326976,87.28290590582367,84.67540044029266,82.1188940466462,79.58840802095489,77.06733464469178,74.54269207071872,72.0031699951586,69.43948025038313,66.84666443293976
56.265369258089564,58.334063917233664,60.343562911764806,62.31357699988298,64.26386468863707,66.21421050524933,68.1844135514177,70.1942813059286,72.26362618258929,74.39244304223372,76.5014460673327,78.49152951550381,80.26358838072562,81.76030088202208,83.09147609612802,84.40870610930419,85.8635832220247,87.5415665661456,89.26358215742749,90.81001028204878,92.06358173150976,92.92488410178268,93.26358161794758,92.97194343002116,92.06358173150976,90.5976276882171,88.69394525818934,86.48758165445321,84.11358419509429,81.68545969182586,79.23055263423352,76.75466744623186,74.26360960470574,71.76318645546034,69.25920864129195,66.75749257695743,64.26386468863707
54.45955254853709,56.52784937321235,58.537106829820004,60.50697120458153,62.45716452787457,64.40745011595436,66.37761441373927,68.38745716130362,70.45678593152999,72.58559256680178,74.694589374553,76.6846691669491,78.45672592502305,79.95343720717446,81.28461163909517,82.6018410817388,84.05671773610082,85.73470071108031,87.45671604615842,89.00314401305245,90.25671537005623,91.11801769062319,91.4567151897875,91.16507701641952,90.25671537005623,88.7907614377026,86.8870792207103,84.68071601437228,82.30671928075202,79.87859606848002,77.42369130157272,74.94781019017786,72.45675961591061,69.95634942705232,67.45239470534167,64.95071969433644,62.45716452787457
53.31768478504898,55.408167686270104,57.450422039471064,59.46378960486675,61.46701101191874,63.47746473541923,65.51047836189264,67.57895353332069,69.6936374523703,71.84834600448652,73.97435497933157,75.98920915850141,77.81300585898404,79.40680705248735,80.875318352737,82.35086139067627,83.95183437359361,85.72909259240194,87.51538098503269,89.12927010333729,90.52765861683875,91.65870995928508,92.18802886611914,91.76440059775025,90.52765861683875,88.72387706621598,86.53545627153258,84.11369690690665,81.59356662468285,79.07872468244437,76.57552071015841,74.07392229936178,71.56879747398376,69.0570548957233,66.53652179741607,64.00611246044585,61.46701101191874
51.95012892322504,54.016793378773556,56.025059399910106,57.99430910817736,59.94411494693844,61.89415320145383,63.864158366463755,65.87389841106041,67.94316103092414,70.07192567326194,72.18089694524625,74.17096172262858,75.9430098261873,77.43971610103459,78.77088732034014,80.08811441967308,81.54298919144838,83.22097065027607,84.94298493306373,86.48941225213392,87.74298322939357,88.60428534580609,88.94298277514497,88.65134466157195,87.74298322939357,86.27702975269341,84.37334841068898,82.1669868365602,79.79299308372019,77.36487517386985,74.9099798153168,72.43411544739274,69.94309472106795,67.44273776222298,64.93887788226107,62.437371472742015,59.94411494693844
51.30517787907584,53.38012881630665,55.39862506351707,57.380407999957455,59.34506919784609,61.311831990788434,63.29933629902352,65.32549724736784,67.40755156732583,69.54367045562735,71.6574859086437,73.65459666679583,75.44141925849729,76.96617387631206,78.33778058849273,79.70274455546841,81.20275748820033,82.91201326408168,84.65453732375434,86.22271399641323,87.52374918440104,88.47632336875873,88.88179884821803,88.54371965236402,87.52374918440104,85.94871462465171,83.95749882274372,81.68753081108372,79.27163658396596,76.81912174009823,74.35077993058835,71.86778247834462,69.37284036709781,66.86928942576273,64.36074247111038,61.851135564887784,59.34506919784609
39.52073242667835,41.56574654302973,43.56080614448801,45.521846453458124,47.466468518745245,49.41319446108396,51.381067070243645,53.38943018332773,55.45780568145132,57.58600706868181,59.69463578867841,61.684499132167176,63.45643112652921,64.95307022173364,66.28419833894696,67.60139399893234,69.05624351254903,70.73420462946183,72.45620479381216,74.00262342109383,75.25618930335568,76.11748868064095,76.45618517313562,76.16454786182851,75.25618930335568,73.79024194012234,71.88657233773668,69.6802326626929,67.30627890218969,64.87823213254353,62.42346299856244,59.94782325501404,57.45720292697703,54.95755992917603,52.45497182573379,49.9557252832664,47.466468518745245
40.51092534765867,42.560916612327674,44.55902160027009,46.52195858149944,48.46777970912545,50.41527240097557,52.38363890199261,54.39232100621578,56.46090206333005,58.589233981693184,60.697942092503666,62.68785212312538,64.45981102933257,65.95646569571916,67.28760380341542,68.60480675066509,70.05966211884983,71.73762795081754,73.45963138769216,75.00605202965474,76.25961909289418,77.12091910508653,77.45961581473401,77.16797831746823,76.25961909289418,74.79367031261084,72.88999798908497,70.68365323804127,68.30969020774498,65.88162694872753,63.42682855804797,60.95113675202393,58.46042362651687,55.96061517533906,53.45773240208739,50.95796241341347,48.46777970912545
41.50382094610875,43.5577801756224,45.55830903134138,47.522754060347474,49.46952795505297,51.41762965365639,53.386388336418975,55.39532369749884,57.46406793652609,59.592503469143494,61.701274596823566,63.69122168463397,65.46320195137676,66.95986897685177,68.29101501410719,69.60822374532015,71.0630837603125,72.74105333464087,74.4630593689287,76.00948160994835,77.26304961053194,78.12435012665102,78.463047008653,78.17140936379155,77.26304961053194,75.7970997055333,73.89342522223137,71.68707644234689,69.31310605455818,66.88502970775448,64.4302080955084,61.95447496586932,59.463688181904786,56.963748394274546,54.460631690679875,51.96044608208483,49.46952795505297
42.49887223196989,44.55599199237785,46.558448937302366,48.524092583124826,50.471623365084895,52.42020870839886,54.389278779179946,56.39841519663149,58.46728897190175,60.59580675053209,62.7046278974683,64.69460439858847,66.46660161957126,67.96327845460794,69.29443078562642,70.61164410761054,72.06650781079784,73.74448035545188,75.4664884513136,77.01291196150808,78.26648070606319,79.12778162214963,79.46647864094959,79.17484087894127,78.26648070606319,76.8005299083762,74.89685371085534,72.69050173326713,70.31652550579949,67.88843877110996,65.4335987275733,62.95783279835078,60.466987548443996,57.96694350890857,55.463641102691,52.96312551525148,50.471623365084895
43.4956411919126,45.555276528915485,47.55926649364544,49.525862541693684,51.47399449154044,53.422963877750746,55.3922811686883,57.40157719384611,59.47055379386612,61.59913685581506,63.70799770478337,65.69799755189271,67.47000822969883,68.96669285068225,70.29785017710645,71.61506714281101,73.06993377333401,74.74790867554469,76.46991840768223,78.01634292522297,79.2699122602693,80.13121349381026,80.46991062118695,80.17827276619906,79.2699122602693,77.80396075405429,75.90028319595473,73.69392868034063,71.31994781789584,68.89185283827092,66.43699816560698,63.96120620270253,61.47031454633955,58.9701877556526,56.46673793701045,53.96596038147588,51.47399449154044
44.49377771632483,46.55541413354349,48.56062255836787,50.527975196982844,52.476584562769105,54.42585887360565,56.39537242825958,58.404795152510985,60.473853372001926,62.6024882522627,64.71138061383971,66.70139899106968,68.47342034971106,69.97011115046274,71.30127244176998,72.61849229951181,74.0733612534712,75.75133802688057,77.47334905773336,79.01977437480625,80.27334417852617,81.13464566403118,81.47334287758528,81.18170494879939,80.27334417852617,78.80739210995162,76.90371347195864,74.69735694190781,72.32337240066602,69.89527087699065,67.44040459305333,64.96459196680158,62.473663476345436,59.973471002019295,57.469904169358884,54.96891864945951,52.476584562769105
45.493002363282244,47.55622986082951,49.56240645199075,51.530360018525776,53.47934847897778,55.42886487771409,57.398534235307366,59.40805753227271,61.477180537851126,63.605856548164994,65.71477392199964,67.70480700684601,69.4768368429649,70.97353254863856,72.30469698689251,73.62191914005498,75.07678993813235,76.75476819671613,78.47678025836129,80.02320621002386,81.27677638573053,82.13807807121961,82.47677535317283,82.18513736581342,81.27677638573053,79.8108238708106,77.90714437570473,75.70078624679176,73.3267987856785,70.89869206796112,68.44381656806972,65.96798754105623,63.47702981456436,60.97678520457498,58.47312548982546,55.97197488320069,53.47934847897778
46.5930923513782,48.65758447225826,50.66453017510984,52.63296096429187,54.582250419149844,56.53195900670386,58.50175204301979,60.511355171895104,62.58052960116771,64.70923825758037,66.81817548408765,68.80822024253436,70.58025680729014,72.07695640602606,73.40812334202394,74.72534731706871,76.18021957882686,77.85819901619624,79.58021189598273,81.1266383513199,82.38020882227278,83.24151066648938,83.58020800273104,83.28856996888175,82.38020882227278,80.91425595308809,79.01057577769072,76.80421637975833,74.43022660113633,72.00211576088883,69.54723294623926,67.07139090177371,64.58040997012307,62.08012397844004,59.57639053808643,57.07510888609973,54.582250419149844
47.593870233531405,49.65936721141061,51.66692378596857,53.635733514613975,55.585261936184196,57.53512309153105,59.505014302959836,61.51468079905959,63.58389604519914,65.71263061356458,67.82158359741985,69.81163762130846,71.58367952662377,73.0803822152998,74.41155113376512,75.72877655484243,77.18364997832688,78.86163035130022,80.58364388044649,82.13007073555063,83.38364144084069,84.24494341103946,84.5836407903699,84.29200271962156,83.38364144084069,81.91768829047577,80.01400757513032,77.8076471699755,75.43365555194228,73.00554143963024,70.55065281922143,68.07480044269724,65.58380109278376,63.08348225542683,60.57969029584649,58.07830462304305,55.585261936184196
48.59519477452396,50.66149001760108,52.66953171082845,54.63864230956918,56.588360441553505,58.53834270732011,60.50831184747298,62.51802864106739,64.58727628474358,66.71603141989759,68.82499691053917,70.81505828847637,72.58710443261978,74.08380957379214,75.41498006574707,76.73220663454347,78.18708098009205,79.86506209565547,81.58707614019929,83.13350331259886,84.38707420388252,85.24837627407345,85.58707368760345,85.29543558756833,84.38707420388252,82.92112083034462,81.01743968644189,78.8110784818534,76.43708540387647,74.00896869451863,71.55407546605558,69.07821488890801,66.58720092021042,64.0868560125937,61.58301760427142,59.08154936376286,56.588360441553505
49.59695362610358,51.66388290029916,53.67230980235777,55.64165926843506,57.59152800039898,59.5416064024587,61.51163739914496,63.52139411571139,65.59066747406526,67.71943893337868,69.82841435077074,71.8184815656596,73.59053107417776,75.08723816190343,76.41840990274062,77.73563738248367,79.1905124598759,80.86849416483395,82.59050861844926,84.1369360426865,85.3905070815934,86.25180923114817,86.59050667182241,86.29886854854236,85.3905070815934,83.92455353092294,82.02087204687393,79.8145102077741,77.44051597103777,75.01239720039925,72.5575003145085,70.08163322848212,67.59060765672243,65.09024205672914,62.58636678075541,60.08483300222895,57.59152800039898
50.59905745969003,52.666490246969204,54.67522299656754,56.64476209373663,58.59475037382282,60.54490508616985,62.51498518123165,64.52477358583116,66.59406735440172,68.72285177039083,70.83183506671784,72.82190691442304,74.59395909325643,76.09066772596617,77.42184045804353,78.73906866080634,80.19394431906375,81.87192649182491,83.59394127012068,85.14036889424162,86.39394005031721,87.2552422628631,87.59393972508175,87.30230158335216,86.39394005031721,84.92798635905652,83.02430460503311,80.81794226232105,78.44394710587595,76.01582669919532,73.56092691039433,71.08505465824237,68.59401987704715,66.09363785325321,63.58973331461095,61.08814751601341,58.59475037382282
51.70143527560946,53.76926787943242,55.77824344787744,57.74793308178572,59.69801625788955,61.648231542074384,63.618350608314586,65.62816416444653,67.69747413290882,69.82626883273278,71.93525838261732,73.9253339074069,75.6973882056767,77.19409806464343,78.52527158346967,79.8425003600942,81.29737647938497,82.97535902344191,84.69737405943677,86.24380184220556,87.49737309127804,88.35867535382002,88.69737283313845,88.40573467676546,87.49737309127804,86.03141928843075,84.12773732012852,81.921374577699,79.54737869127999,77.1192569860703,74.66435489322286,72.18847854069861,69.69743644991976,67.1970413903888,64.69311362545088,62.191486536913075,59.69801625788955
52.70403065859179,54.77218070918251,56.781349045608394,58.7511581772671,60.701316679075035,62.65158004188274,64.62173004068403,66.63156356005659,68.70088638656543,70.82968924874665,72.93868376210997,74.92876220541322,76.7008181858845,78.19752901813345,79.52870316140337,80.84593239350264,82.30080887871601,83.9787917174707,85.70080695800156,87.24723486668927,88.50080618957341,89.36210849179731,89.70080598468786,89.40916781669242,88.50080618957341,87.03485229815979,85.13117015978426,82.92480710009868,80.5508106342987,78.12268789844478,75.66778397687133,73.19190436986946,70.70085647743888,68.2004510713372,65.69650487136099,63.19484500997895,60.701316679075035
53.806798792206195,55.87520087115841,57.884522234435266,59.85442622201937,61.80464451409006,63.75494603864175,65.72512058933627,67.73496995383077,69.80430298589381,71.9331123265877,74.04211077948374,76.03219153921901,77.80424885485675,79.30096045960126,80.6321350984929,81.94936469210289,83.40424146774937,85.0822245404059,86.80423994327711,88.35066795190673,89.60423933337526,90.46554166709473,90.80423917075748,90.51260099353725,89.60423933337526,88.13828537166648,86.23460309830367,84.02823978681171,81.65424286115659,79.22611930727912,76.7712139342429,74.29533174415418,71.80427924692981,69.30386562868685,66.79990479661252,64.29821892277872,61.80464451409006
54.909704080658116,56.97830623920564,58.98774907686362,60.95772835825993,62.90799410854714,64.85832592317604,66.8285199611642,68.83838190212128,70.90772303441108,73.0365375171325,75.14553909684838,77.13562169514091,78.90768007050244,80.40439228837764,81.73556732064472,83.05279720118614,84.50767420734961,86.18565746565422,87.90767299737507,89.45410108532866,90.70767251329559,91.56897487201313,91.9076723842258,91.61603419968385,90.70767251329559,89.24171849579353,87.33803611529126,85.13167260394039,82.75767531329784,80.32955111015428,77.87464458509004,75.39876034479997,72.9077041927359,70.40728405647266,67.90331161076926,65.40160509044316,62.90799410854714
56.01271825580544,58.081479245707726,60.09101850828736,62.0610575545893,64.01136097415966,65.96171683071972,67.93192633606218,69.94179825907828,72.0111458205683,74.13996438453773,76.24896844601892,78.23905250357774,80.01111172004352,81.5078244245612,82.83899976905079,84.1562298773299,85.61110706645488,87.28909047210848,89.01110610609737,90.55753425701043,91.81110572188325,92.67240810044174,93.01110561944046,92.71946742908727,91.81110572188325,90.34515166009798,88.44146919455906,86.23510552458004,83.86110794424668,81.43298322578003,78.97807578634973,76.50218991881134,74.01113086589123,71.51070555624699,69.00672389272128,66.50500098501412,64.01136097415966
57.11581887128686,59.18470594340924,61.19432174520463,63.16440822956908,65.11474154832247,67.06511648740494,69.03533826937047,71.0452181152239,73.1145707796025,75.24339258287199,77.35239861413582,79.34248382991663,81.11454371396786,82.6112568047342,83.94243239703505,85.25966268606973,86.71454002041139,88.392523543016,90.11453925817509,91.66096745905912,92.91453895322412,93.77584134753042,94.11453887191524,93.82290067694969,92.91453895322412,91.4485848562913,89.54490232325868,87.33853852737641,84.96454071711528,82.53641558963625,80.08150742447268,77.60562026538481,75.11455891004883,72.61412949427368,70.11014051450795,67.60840459997078,65.11474154832247
58.515659814745575,60.63330058901171,62.7165854295494,64.78356605525065,66.85084097038973,68.93207947550634,71.03688248630858,73.17040266851839,75.33416461121227,77.51642530006026,79.66034860853088,81.70105059621162,83.57788720611143,85.2678678493899,86.86541883727293,88.48035966813666,90.20188092815309,92.05697353120227,93.89199808983932,95.55570266864675,97.0566347967541,98.36404828568256,99.00766765746934,98.50575525227845,97.0566347967541,95.00409029722047,92.57744455464717,89.95490682411148,87.28695932166622,84.6794897806724,82.12300440153501,79.5925298729871,77.07146287700556,74.54682548088832,72.00731105523163,69.44363479872295,66.85084097038973
56.269789725657716,58.338485074238605,60.34798448731782,62.31799883485449,64.26828668711745,66.21863260808696,68.18883572139345,70.1987035192328,72.26804842380022,74.39686530115985,76.50586833703123,78.49595179153651,80.2680106604092,81.76472316381802,83.09589837927919,84.41312839344388,85.86800550695858,87.54598885171904,89.26800444344487,90.81443256833943,92.0680040179606,92.92930638831965,93.26800390451399,92.97636571656236,92.0680040179606,90.60204997447573,88.69836754407885,86.49200393965417,84.11800647903786,81.68988197353255,79.23497491197128,76.75908971690635,74.26803186278872,71.76760869108759,69.26363083690802,66.76191470144194,64.26828668711745
54.463971948108195,56.53226986676751,58.54152798761635,60.511392774115464,62.46158635693709,64.41187211066335,66.38203651501911,68.3918793313613,70.46120814588622,72.59001480927881,74.6990116341301,76.68909143658095,78.46114820045037,79.95785948595491,81.28903392002692,82.60626336423974,84.06114001986242,85.73912299585717,87.46113833163996,89.00756629896779,90.26113765622586,91.12243997692954,91.4611374761406,91.16949930273258,90.26113765622586,88.79518372356712,86.89150150598888,84.68513829855786,82.31114156294154,79.88301834711879,77.42811357391122,74.95223245130418,72.46118185704924,69.96077163254509,67.45681684732187,64.95514172340609,62.46158635693709
53.32203406204812,55.41251139781632,57.454757276353774,59.468113646837324,61.47132149641608,63.48176000323488,65.51475794159634,67.58321867303809,69.69789155268606,71.8525938524341,73.97859874066779,75.9934469936507,77.81723142251762,79.41100997739042,80.87949010583773,82.35499841237257,83.95594044794883,85.73317822362668,87.5194536279089,89.13332931869603,90.53168970231371,91.66269108347082,92.19197650947193,91.76837126700806,90.53168970231371,88.72797526078526,86.53961522672375,84.11790454545013,81.59780869322012,79.08298773625236,76.57979563387167,74.07820359542562,71.57308227003392,69.06134251335013,66.54081355322171,64.01041142538384,61.47132149641608
51.95454394167983,54.021211149466325,56.02947884270593,57.998729587828805,59.94853608029689,61.898574752107606,63.8685801856151,65.8783204035031,67.94758313498488,70.07634784817986,72.18531916325253,74.1753839659709,75.94743208413313,77.44413836742967,78.77530959215616,80.09253669544316,81.54741147039515,83.22539293178116,84.94740721634446,86.49383453650776,87.74740551440821,88.60870763116523,88.9474050606219,88.655766946948,87.74740551440821,86.28145203693916,84.3777706934583,82.17140911657532,79.79741535870559,77.36929743990798,74.91440206547942,72.43853766930273,69.94751689261334,67.44715984395035,64.94329980395929,62.44179310996287,59.94853608029689
51.30958090717374,53.3845303020785,55.403024179407396,57.38480394512385,59.34946124062763,61.316219569865936,63.30371918061984,65.3298757168935,67.41192660510885,69.54804352672426,71.6618576851519,73.65896655297601,75.44578518066778,76.97053230499466,78.34212829731553,79.70707973588657,81.20708094805184,82.91632867446222,84.65884748667006,86.22701862151669,87.52804181959743,88.48059331249755,88.88605248943291,88.54798460466907,87.52804181959743,85.95303501164128,83.9618419890426,81.69189081973202,79.27600782208154,76.82349956513322,74.35516139894261,71.8721658786848,69.37722482156424,66.87367472644456,64.36512900711594,61.85552423676951,59.34946124062763
39.52075652347216,41.56577077535405,43.56083045981653,45.52187082051121,47.466492918509886,49.41321888177099,51.381091504409525,53.389454626200035,55.45783012993441,57.586031520727914,59.69466024289166,61.68452358765485,63.456455582751516,64.953094678381,66.28422279586704,67.60141845605135,69.05626796982787,70.73422908686936,72.45622925130903,74.00264787864569,75.2562137609398,76.1175131382424,76.456209630743,76.16457231943079,75.2562137609398,73.79026639766778,71.88659679520784,69.68025712002546,67.30630335926921,64.87825658917293,62.42348745439321,59.94784770942364,57.45722737885353,54.95758437653629,52.45499626505112,49.95574970829773,47.466492918509886
40.510949518028625,42.560940890802215,44.55904594482991,46.52198296719388,48.46780412081563,50.41529682928516,52.38366334100583,54.39234545214153,56.46092651370998,58.58925843490147,60.69796654743212,62.68787657906542,64.45983548585569,65.95649015257966,67.28762826049238,68.60483120789993,70.05968657621153,71.73765240828139,73.4596558452269,75.00607648723314,76.25964355049818,77.12094356270427,77.45964027235647,77.16800277508666,76.25964355049818,74.79369477018415,72.89002244659929,70.68367769544564,68.3097146649485,65.88165140557379,63.42685301426032,60.95116120710826,58.46044807959052,55.96063962482765,53.45775684519077,50.95798684517317,48.46780412081563
41.503845175196716,43.55780449085168,45.558333399152176,47.52277846085788,49.469552376216754,51.41765408801939,53.3864127792809,55.39534814584867,57.46409238841177,59.59252792327425,61.701299052319726,63.69124614093303,65.46322640813862,66.9598934338814,68.29103947130864,69.6082482026469,71.06310821773994,72.74107779214941,74.46308382649352,76.00950606754782,77.2630740681517,78.1243745842817,78.46307146628743,78.17143382142278,77.2630740681517,75.7971241631287,73.89344967977998,71.68710089980821,69.31313051186008,66.88505416477282,64.4302325520236,61.954499421489174,59.46371263592867,56.96377284545267,54.460656136789055,51.960470519187474,49.469552376216754
42.498896507865865,44.556016336858725,46.55847332359911,48.52411699540749,50.471647793773116,52.42023314756861,54.38930322509745,56.398439646905615,58.46731342498268,60.595831205395044,62.70465235341503,64.69462885517248,66.46662607652262,67.96330291177185,69.29445524292669,70.61166856501026,72.06653226827748,73.74450481299588,75.46651290890226,77.01293641912426,78.26650516369548,79.12780607979057,79.4665030985935,79.17486533658266,78.26650516369548,76.80055436598913,74.89687816843113,72.69052619077364,70.31654996317948,67.88846322826487,65.43362318432887,62.95785725439569,60.46701200322212,57.96696796142783,55.46366555118644,52.96314995659645,50.471647793773116
43.495665505089036,45.55530089666351,47.559290894634486,49.52588696332809,51.47401892620412,53.42298832073695,55.39230561703158,57.4016016456478,59.47057824789579,61.59916131125924,63.70802216108774,65.69802200870292,67.47003268680062,68.96671730795273,70.29787463448515,71.61509160026867,73.06995823085512,74.74793313311686,76.46994286528985,78.0163673828524,79.26993671791152,80.13123795145938,80.46993507883842,80.17829722384849,79.26993671791152,77.80398521168115,75.90030765355212,73.69395313788304,71.31997227533785,68.89187729553427,66.43702262255337,63.96123065908486,61.47033900171638,58.97021220923645,56.466762387400195,53.9659848261891,51.47401892620412
44.493802059172396,46.55543851979033,48.560646971030785,50.527999626044824,52.4766090021776,54.42588331962183,56.39539687852853,58.40481960552523,60.473877826784644,62.60251270816818,64.71140507042796,66.7014234480594,68.47344480693224,69.97013560781778,71.30129689921094,72.61851675701544,74.07338571102515,75.75136248447507,77.473373515356,79.01979883244621,80.27336863617629,81.13467012168675,81.47336733524273,81.18172940645525,80.27336863617629,78.80741656758956,76.90373792957317,74.6973813994787,72.32339685815718,69.89529533434006,67.44042905015114,64.96461642345167,62.473687932197464,59.97349545644815,57.469928621252336,54.96894309684673,52.4766090021776
45.49302672973141,47.5562542617789,49.5624308739272,51.53038445348626,53.47937292215353,55.42888932613569,57.39855868710494,59.40808198624944,61.47720499323158,63.605881004436625,65.7147983788132,67.70483146397822,69.47686130028082,70.97355700606073,72.30472144438286,73.62194359759508,75.0768143957124,76.75479265432836,78.47680471599585,80.0232306676722,81.27680084338692,82.13810252888032,82.47679981083505,82.18516182347432,81.27680084338692,79.8108483284573,77.90716883333288,75.70081070438525,73.32682324320874,70.8987165253788,68.44384102528772,65.9680119979189,63.47705427079359,60.97680965967457,58.47314994291254,55.971999332710695,53.47937292215353
46.59311673659258,48.65760888488967,50.664554604411705,52.632985403936004,54.58227486531649,56.53198345703498,58.501776496030786,60.51137962663583,62.58055405702264,64.70926271414264,66.81819994108005,68.80824469977969,70.58028126468128,72.07698086350152,73.40814779955353,74.72537177463778,76.18024403642764,77.85822347382256,79.58023635362676,81.12666280897484,82.38023327993412,83.24153512415418,83.58023246039701,83.28859442654672,82.38023327993412,80.91428041074175,79.01060023532966,76.80424083736978,74.43025105869756,72.00214021836072,69.54725740355269,67.07141535880508,64.58043442665166,62.08014843407204,59.576414992121,57.075133337294844,54.58227486531649
47.59389463366031,49.65939163332203,51.66694822111951,53.63575795797681,55.58528638472525,57.535147543377974,59.50503875693397,61.51470525440671,63.58392050143064,65.71265507035751,67.8216080545542,69.81166207864356,71.58370398407456,73.08040667281756,74.41157559132583,75.72880101243447,77.1836744359441,78.86165480893769,80.58366833809802,82.13009519321085,83.38366589850597,84.24496786870748,84.58366524803884,84.29202717728973,83.38366589850597,81.91771274813496,80.01403203277783,77.80767162760117,75.4336800095281,73.00556589714515,70.55067727661056,68.07482489986253,65.58382554954997,63.08350671148139,60.579714750633116,58.07832907557582,55.58528638472525
48.59521918650355,50.661514446883075,52.66955615062383,54.63866675588437,56.58838489197947,58.53836716037026,60.50833630221163,62.51805309689584,64.58730074127399,66.71605587687361,68.82502136778615,70.81508274588272,72.58712889011798,74.08383403134346,75.4150045233325,76.73223109215374,78.1871054377223,79.86508655330182,81.58710059785679,83.13352777026326,84.38709866155094,85.24840073174403,85.58709814527478,85.29546004523903,84.38709866155094,82.9211452880082,81.01746414409618,78.81110293949038,76.43710986148182,74.00899315206769,71.55409992350482,69.07823934617957,66.58722537716523,64.08688046898365,61.58304205965497,59.08157381735741,56.58838489197947
49.596978047497245,51.66390733543432,53.67233424584069,55.64168371709404,57.591552452321196,59.54163085646394,61.511661854490455,63.5214185719219,65.59069193083292,67.71946339050004,69.82843880810718,71.8185060231225,73.59055553171356,75.08726261948141,76.41843436034566,77.73566184010845,79.19053691751651,80.86851862248733,82.59053307611153,84.1369605003542,85.39053153926433,86.2518336888208,86.59053112949563,86.29889300621507,85.39053153926433,83.92457798859002,82.02089650453362,79.81453466542006,77.44054042865861,75.01242165797544,72.55752477200545,70.08165768583805,67.59063211382694,65.09026651338533,62.58639123661278,60.0848574566663,57.591552452321196
50.59908188856081,52.66651468675205,54.67524744297806,56.64478654425619,58.594774826932735,60.5449295409332,62.515009637058824,64.52479804234488,66.59409181135767,68.72287622762752,70.83185952412524,72.82193137193079,74.59398355082206,76.0906921835653,77.42186491566412,78.7390931184426,80.19396877671258,81.87195094948387,83.59396572778667,85.14039335191194,86.39396450799009,87.25526672053734,87.59396418275645,87.30232604102645,86.39396450799009,84.92801081672633,83.02432906269712,80.81796671997412,78.44397156350908,76.01585115679302,73.5609513679291,71.08507911566522,68.59404433427048,66.09366231012069,63.58975777084443,61.08817197111975,58.594774826932735
51.701459710418106,53.7692923229054,55.77826789661209,57.74795753378221,59.69804071194223,61.64825599743948,63.61837506452407,65.62818862120096,67.69749859001426,69.82629329006103,71.93528284008103,73.9253583649503,75.69741266326604,77.19412252225933,78.52529604110262,79.84252481773957,81.29740093704032,82.9753834811053,84.69739851710574,86.243826299878,87.49739754895248,88.35869981149554,88.69739729081434,88.40575913444104,87.49739754895248,86.03144374610278,84.1277617777959,81.92139903535772,79.54740314892291,77.11928144368505,74.66437935078771,72.1885029981746,69.69746090723739,67.19706584742399,64.69313808198284,62.19151099255039,59.69804071194223
52.70405509811539,54.77220515558514,56.78137349618804,58.75118263043599,60.70134113387603,62.65160449772546,64.62175449719695,66.63158801700206,68.7009108437895,70.82971370614756,72.93870821961843,74.92878666298492,76.70084264349262,78.19755347576265,79.52872761904614,80.84595685115525,82.30083333637654,83.97881617513764,85.70083141567292,87.24725932436336,88.5008306472491,89.36213294947386,89.70083044236472,89.409192274369,88.5008306472491,87.03487675583355,85.13119461745436,82.92483155776188,80.55083509194938,78.12271235607311,75.66780843446004,73.19192882738764,70.70088093483137,68.2004755285055,65.69652932812988,63.19486946603776,60.70134113387603
53.80682323547332,55.87522531988678,57.88454668647945,59.854450676118844,61.80466896948502,63.75497049486357,65.72514504609005,67.73499441092785,69.80432744321203,71.93313678404628,74.04213523702767,76.03221599681316,77.80427331247981,79.30098491724104,80.63215955614342,81.94938914976123,83.40426592541402,85.08224899807561,86.80426440095033,88.35069240958212,89.60426379105189,90.46556612477207,90.80426362843508,90.51262545121463,89.60426379105189,88.13830982934161,86.23462755597589,84.02826424447849,81.65426731881338,79.2261437649182,76.77123839185055,74.29535620170583,71.80430370438171,69.30389008596082,66.79992925356946,64.29824337917205,61.80466896948502
54.909728526897325,56.97833068978028,58.98777353007037,60.95775281309808,62.90801856441357,64.85835037969875,66.82854441810913,68.83840635933872,70.907747491804,73.03656197463687,75.14556355442048,77.13564615275286,78.90770452813734,80.40441674602582,81.73559177830143,83.05282165884906,84.50769866501753,86.18568192332616,87.90769745504977,89.45412554300509,90.70769697097306,91.56899932969114,91.90769684190398,91.61605865736189,90.70769697097306,89.24174295346975,87.33806057296519,85.13169706160997,82.7576997709595,80.3295755678019,77.87466904271267,75.3987848023782,72.90772865023496,70.40730851383047,67.90333606787544,65.401629547102,62.90801856441357
56.012742704404104,58.08150369774796,60.09104296241691,62.06108201001378,64.0113854304003,65.96174128748127,67.93195079315886,69.94182271639124,72.01117027802056,74.13998884207842,76.24899290361338,78.23907696120384,80.01113617768782,81.50784888221605,82.8390242267124,84.15625433499645,85.61113152412538,87.28911492978219,89.01113056377328,90.55755871468773,91.81113017956133,92.67243255812025,93.01113007711912,92.71949188676584,91.81113017956133,90.34517611777511,88.44149365223433,86.23512998225188,83.86113240191224,81.43300768343443,78.97810024398431,76.50221437641066,74.0111553234277,71.51073001367138,69.00674834994595,66.50502544188373,64.0113854304003
57.11584332175855,59.18473039661285,61.19434620006663,63.16443268545892,65.11476600486014,67.06514094435606,69.03536272658758,71.04524257261268,73.11459523710182,75.2434170404415,77.35242307174802,79.34250828755393,81.11456817161962,82.6112812623943,83.94245685470052,85.25968714373914,86.71456447808394,88.39254800069108,90.11456371585194,91.66099191673706,92.91456341090269,93.77586580520932,94.11456332959425,93.82292513462859,92.91456341090269,91.44860931396909,89.54492678093503,87.33856298505005,84.96456517478391,82.53644004729605,80.0815318821167,77.60564472300086,75.11458336761498,72.6141539517509,70.11016497182663,67.60842905700767,65.11476600486014
58.512205650781155,60.629897476655785,62.713258842567726,64.78033837584955,66.84772986694225,68.92909521103816,71.03402476300614,73.16765780286964,75.33150378562235,77.51381123882405,79.6577647943231,81.69851020445414,83.57543511105128,85.26557313699573,86.86332986827279,88.47848618472314,90.20018828766163,92.05539501287294,93.89048999354483,95.55426574068622,97.05534181832977,98.36299505929372,99.00676468817497,98.50474980020422,97.05534181832977,95.00244213090303,92.57543660592661,89.95257991414095,87.28438796381414,84.67676094069805,82.12018343837255,79.58965850812763,77.06856354178436,74.54390344648849,72.00435548428715,69.44062009584427,66.84772986694225
56.26560286379981,58.33429755939572,60.343796576056306,62.3138106778904,64.2640983752895,66.21444419741934,68.18464724713743,70.1945150039392,72.26385988207534,74.39267674265639,76.50167976832493,78.491763216831,80.26382208224581,81.76053458365395,83.09170979783154,84.40893981105998,85.86381692382248,87.5418002679772,89.26381585928256,90.8102439839183,92.06381543338773,92.92511780366524,93.26381531983168,92.97217713190392,92.06381543338773,90.59786139008492,88.69417896003765,86.48781535626512,84.1138178968397,81.68569339345298,79.23078633565082,76.75490114727572,74.26384330508385,71.76342015465119,69.25944233836732,66.75772627027196,64.2640983752895
54.459786097780366,56.52808298029659,58.537340472023914,60.507204868554766,62.457398205569575,64.4076838024074,66.37784810582691,68.38769085702766,70.45701962959623,72.58582626635479,74.69482307501013,76.68490286793784,78.45695962631821,79.9536709086469,81.28484534068136,82.60207478340794,84.05695143783663,85.73493441286979,87.45694974798513,89.00337771490211,90.25694907191932,91.1182513924935,91.4569488916603,91.16531071829019,90.25694907191932,88.79099513954958,86.88731292252629,84.6809497161305,82.3069529824047,79.87882976994497,77.42392500270455,74.94804389071689,72.45699331539286,69.95658312464991,67.45262839958122,64.9509533826062,62.457398205569575
53.31816560852462,55.40866734675758,57.45095038337523,59.464355838787554,61.46762313154747,63.4781283556527,65.5111950774503,67.5797191192649,69.69444039935317,71.84917011139618,73.97519291651213,75.99006715150563,77.81390538208223,79.40778318879649,80.87639997718533,82.35206054536292,83.95313824986769,85.73046564365117,87.51679798520284,89.13073253784695,90.52921623170388,91.6604366166496,92.18986880009138,91.76616262796627,90.52921623170388,88.72520760608995,86.53658120427889,84.11465709155036,81.59441029076646,79.07949732783779,76.5762531834303,74.07463320605888,71.56949653527289,69.05774440759407,66.53719730387633,64.00676356790336,61.46762313154747
51.95036224083072,54.01702684189503,56.02529295143876,57.99454271452649,59.94434858785027,61.89438686442884,63.86439204363472,65.87413209739364,67.94339472315882,70.07215936924297,72.18113064350544,74.17119542222733,75.94324352655818,77.43994980185221,78.77112102144434,80.08834812098635,81.54322289292962,83.22120435189257,84.9432186347741,86.48964595390208,87.74321693119563,88.60451904762638,88.94321647697146,88.6515783633931,87.74321693119563,86.2772634544548,84.37358211237233,82.16722053809791,79.79322678499199,77.36510887466858,74.91021351527615,72.43434914585833,69.94332841687067,67.44297145327687,64.9391115648539,62.43760514029398,59.94434858785027
51.305476769397764,53.38043292712899,55.39893719595281,57.38073086468087,59.34540527134084,61.31218317294085,63.299703381044495,65.32587926314103,67.40794519864092,69.54407074363704,71.65789057847482,73.6550077348495,75.4418437435563,76.9666237244738,78.3382667196794,79.70327309048217,81.20332569233499,82.9126087119715,84.65515053177897,86.22334594715637,87.52442171461011,88.47707269615272,88.88260334894325,88.54448587257801,87.52442171461011,85.94929322903612,83.95800032868723,81.68797531157387,79.27204307610423,76.81950593730508,74.35115179608628,71.86814780454324,69.37320212533183,66.86964831975783,64.36109718382245,61.8514830481443,59.34540527134084
39.52160363702336,41.56662265294777,43.561685255093664,45.522727433960036,47.46735068180287,49.414077380506825,51.38195047694012,53.390313904770196,55.45868960572945,57.58689112176671,59.695519920107245,61.68538330966817,63.45731533058779,64.95395444115849,66.28508256823086,67.60227823540765,69.05712775480194,70.73508887636775,72.45708904394758,74.00350767321741,75.25707355664473,76.11837293455656,76.45706942726554,76.1654321157749,75.25707355664473,73.79112619201297,71.88745658694197,69.68111690688893,67.30716313723785,64.87911635131925,62.4243471884665,59.94870739354127,57.45808697393046,54.958443812862654,52.45585541866026,49.95660835974029,47.46735068180287
40.511799217860414,42.561794390623874,44.55990176761732,46.52284023590498,48.46866230330313,50.41615559596157,52.384522483925366,54.393204838043374,56.46178605618101,58.59011807679096,60.69882624978783,62.68873631697879,64.4606952442654,65.95734992284846,67.28848803836999,68.60569099132752,70.06054636409797,71.73851219975882,73.4605156391967,75.0069362827373,76.26050334690177,77.12180335959141,77.460500069409,77.16886257199755,76.26050334690177,74.79455456550852,72.89088223985127,70.68453748483171,68.31057444727469,65.8825111753416,63.42771276174604,60.95202091494244,58.461307716747626,55.96149913596723,53.45861613188325,50.95884573312419,48.46866230330313
41.50469693902939,43.55865928264116,45.55919003923512,47.52363625036503,49.47041089171093,51.418513067479466,53.38727205748637,55.396207616958804,57.46495198381092,59.593387597589725,61.70215877463019,63.692105891466724,65.46408617494066,66.96075321009617,68.29189925356258,69.60910798930593,71.06396800793797,72.7419375851976,74.4639436215199,76.01036586379206,77.2639338651098,78.1252343816236,78.4639312637606,78.17229361878354,77.2639338651098,75.79798395923022,73.89430947423662,71.68796069119651,69.31399029764489,66.88591394058994,64.43109231015505,61.955359148148105,59.46457230648777,56.96463241598079,54.46151552913918,51.96132959494818,49.47041089171093
42.49974991704863,44.556872156871336,46.55933061348195,48.52497519872139,50.47250657375888,52.42109229599025,54.390162610709766,56.39929918565767,58.46817306239555,60.59669090544881,62.70551209156426,64.69548861572318,66.46748584998575,67.96416269270597,69.29531502865416,70.61252835423406,72.0673920603102,73.74536460729081,75.46737270476729,77.01379621595589,78.2673649610937,79.1286658774934,79.46736289640054,79.17572513430046,78.2673649610937,76.80141416270749,74.89773796384395,72.69138598375108,70.31740975170945,67.8893230088834,65.43448295091005,62.95871699599644,60.46787170029424,57.96782757909851,55.464525027415576,52.96400918148029,50.47250657375888
43.49652022471885,45.556157534539864,47.560148700965996,49.52674549536495,51.47487791623303,53.423847603310804,55.39316508791188,57.402461238094844,59.4714379186579,61.60002103174256,63.708881911808646,65.69888177720429,67.47089246555075,68.96757709263267,70.2987344229696,71.61595139152817,73.07081802434405,74.74879292840131,76.4708026618205,78.01722718015026,79.27079651565907,80.13209774944872,80.47079487691045,80.1791570218497,79.27079651565907,77.80484500888912,75.90116744972386,73.69481293212182,71.3208320660466,68.8927370799637,66.43788239584123,63.962090412545294,61.47119871983307,58.97107186432788,56.46762193021583,53.96684416946886,51.47487791623303
44.494657821772975,46.55629580791916,48.561505187711035,50.52885841916856,52.477468158991,54.42674270870219,56.396256417098115,58.40567924059479,60.474737524017925,62.60337244486715,64.71226483112724,66.70228322287133,68.47430458987871,69.97099539547078,71.30215668988359,72.61937654989066,74.07424550566992,75.75222228054493,77.47423331241494,79.0206586301141,80.27422843420112,81.13552991990346,81.47422713352509,81.18258920468139,80.27422843420112,78.80827636518606,76.90459772634725,74.69824119471859,72.3242566505953,69.89615512179421,67.44128882876213,64.96547618632539,62.47454766701797,59.97435514124277,57.470788216925044,54.96980253412066,52.477468158991
45.493883321952055,47.55711206671657,49.56328941658101,51.53124345394786,53.48023221139002,55.42974879976913,57.39941827940714,59.40894165515152,61.47806471147618,63.60674075400641,65.7156581474325,67.70569124379891,69.47772108655795,70.97441679607346,72.30558123679232,73.62280339175271,75.0776741912745,76.75565245102158,78.47766451347411,80.02409046563375,81.2776606416318,82.1389623272775,82.4776596092843,82.18602162187901,81.2776606416318,79.81170812636225,77.90802863058504,75.70167050041974,73.32768303701943,70.89957631523374,68.44470080812377,65.96887176826405,63.47791401887238,60.977669368046094,58.47400958054257,55.97285884460247,53.48023221139002
46.593973988429,48.658467100462566,50.66541340596723,52.633844569033045,54.58313425968629,56.532842997790084,58.502636130985366,60.5122393223927,62.58141379194467,64.71012247392827,66.81905971598559,68.80910448357585,70.58114105360198,72.07784065538719,73.40900759334149,74.72623156981327,76.18110383271787,77.85908327101055,79.58109615143786,81.12752260716952,82.38109307835366,83.24239492269459,83.58109225897879,83.28945422509307,82.38109307835366,80.9151402088915,79.01146003296128,76.80510063403491,74.43111085359769,72.00300001012116,69.54811718974219,67.07227513508046,64.58129418525388,62.081008161157484,59.57727466305549,57.07599290842006,54.58313425968629
47.59475240975769,49.660250175096266,51.667807228276665,53.636617253790035,55.58614586255773,57.53600713741504,59.50589842574479,61.515564971479435,63.58478024959004,65.71351483825163,67.82246783444917,69.81252186559513,71.5845637750935,73.08126646618979,74.41243538620787,75.72966080841782,77.18453423281224,78.86251460651837,80.58452813617328,82.13095499159054,83.38452569706416,84.2458276673616,84.58452504672579,84.29288697594856,83.38452569706416,81.91857254647897,80.01489183071061,77.80853142476687,75.4345398052929,73.00642569041796,70.5515370654617,68.07568468084476,65.58468531650479,63.08436645342066,60.580574448003205,58.07918869372047,55.58614586255773
48.5960773791638,50.66237324774005,52.670415321037154,54.63952615547541,56.58924443606787,58.53922679670194,60.50919599789607,62.518912830887714,64.58816049994017,66.71691565120358,68.82588115164131,70.8159425353387,72.58798868280226,74.08469382589556,75.41586431908297,76.73309088877832,78.18796523504913,79.8659463511942,81.58796039614171,83.1343875687898,84.38795846021915,85.24926053048839,85.58795794404519,85.29631984398713,84.38795846021915,82.92200508650643,81.01832394226804,78.81196273705336,76.43796965793292,74.0098529465409,71.55495971446854,69.07909913089767,66.58808515074963,64.0877402227128,61.58390177800817,59.08243347282507,56.58924443606787
49.597836571071795,51.66476634203676,53.673193545874724,55.64254319907141,57.592412049004224,59.54249052636786,61.51252157150569,63.522278319343,65.5915516978385,67.72032316993817,69.82929859510556,71.81936581456627,73.59141532571965,75.08812241497,76.41929415678538,77.73652163724196,79.19139671520739,80.86937842062709,82.59139287456284,84.1378202989973,85.39139133801984,86.25269348763679,86.59139092833229,86.29975280503402,85.39139133801984,83.92543778721064,82.0217563028952,79.8153944632984,77.44140022565443,75.01328145340139,72.5583845646459,70.08251747352134,67.59149189267333,65.09112627647232,62.58725097162102,60.085717141759574,57.592412049004224
50.59994067496391,52.667373856724936,54.676106845919946,56.64564609163489,58.595634465364725,60.54578923748525,62.51586937100507,64.52565780042505,66.59495158498238,68.72373601112005,70.83271931361838,72.82279116495229,74.59484334587727,76.09155197979715,77.4227247126509,78.73995291598004,80.19482857469242,81.87281074781998,83.59482552637006,85.14125315064757,86.39482430681495,87.25612651941017,87.59482398164567,87.30318583990166,86.39482430681495,84.92887061544411,83.02518886120927,80.81882651810274,78.44483136093726,76.01671095297516,73.56181116190041,71.08593890570202,68.59490411729334,66.09452208063514,63.590617519072225,61.08903167972831,58.595634465364725
51.70231870554295,53.77015162258975,55.77912738124955,57.74881713307708,59.698900383513276,61.64911571514337,63.619234811908925,65.62904838774143,67.69835836889263,69.82715307677157,71.9361426315543,73.92621815922404,75.69827245915393,77.19498231908112,78.52615583852361,79.84338461559761,81.2982607352495,82.97624327959726,84.69825831579398,86.24468609868703,87.49825734783235,88.35955961041348,88.69825708974531,88.40661893336087,87.49825734783235,86.03230354489766,84.1286215764276,81.92225883368496,79.54826294669422,77.12014124046743,74.66523914581532,72.18936279007936,69.69832069357516,67.19792562383374,64.69399784070329,62.192370719823984,59.698900383513276
52.70491425897501,54.77306455824943,56.78223304567837,58.75204227094119,60.7022008317514,62.65246423221832,64.62261425524837,66.6324477902576,68.70177062683777,70.83057349541227,72.93956801266333,74.92964645825256,76.70170244004142,78.19841327305272,79.52958741681175,80.84681664926778,82.30169313476776,83.97967597375329,85.70169121444434,87.24811912323065,88.50169044617263,89.36299274842762,89.70169024132883,89.41005207332422,88.50169044617263,87.03573655468963,85.1320544161809,82.92569135624682,80.55169488999306,78.12357215333182,75.668668230326,73.19278862077503,70.70174072380021,68.2013353095944,65.69738909517856,63.195729208126366,60.7022008317514
53.80768252792227,55.87608480430387,57.88540628745052,59.85531034933554,61.805528688239264,63.75583024268231,65.72600481260771,67.73585418951322,69.80518722956998,71.93399657533824,74.04299503131996,76.03307579286965,77.80513310955317,79.30184471490276,80.63301935418255,81.95024894807572,83.4051257239497,85.08310879678943,86.8051241997878,88.35155220849569,89.6051235900101,90.46642592375423,90.80512342742544,90.51348525019799,89.6051235900101,88.13916962824628,86.23548735477775,84.02912404308853,81.65512711707323,79.22700356255503,76.77209818838193,74.29621599626996,71.80516349543882,69.30474987076357,66.80078902722836,64.29910313301973,61.805528688239264
54.910587923817474,56.979190239095686,58.9886331719061,60.95861251227967,62.90887829974014,64.85921013809454,66.82940419134655,68.8392661421544,70.90860728078886,73.03742176753786,75.14642334970287,77.13650594943547,78.90856432562705,80.40527654398247,81.7364515765577,83.05368145732385,84.50855846366787,86.1865417221179,87.90855725393966,89.45498534195536,90.70855676995876,91.56985912869587,91.90855664091522,91.61691845636756,90.70855676995876,89.24260275241298,87.33892037182682,85.13255686031938,82.75855956939094,80.33043536573884,77.87552883977224,75.39964459787635,72.90858844294956,70.40816830158096,67.90419584678098,65.40248931028307,62.90887829974014
56.0136021842612,58.08236329858016,60.091902636689724,62.06194172980483,64.01224517888078,65.96260105427226,67.93281057172985,69.94268250256457,72.01203006909037,74.14084863625652,76.24985269968158,78.23993675838341,80.01199597550797,81.50870868040684,82.83988402514098,84.15711413359847,85.61199132286676,87.28997472863577,89.01199036270476,90.55841851366714,91.81198997856885,92.67329235714288,93.01198987614694,92.72035168578921,91.81198997856885,90.34603591674892,88.44235345114339,86.2359897810401,83.86199220047985,81.43386748160957,78.97896004146307,76.50307417265012,74.01201511745785,71.5115898037615,69.00760813301576,66.50588521247286,64.01224517888078
57.11670286745412,59.18559003833835,61.19520590008652,63.16529242160843,65.11562576378114,67.06600071781044,69.03622250939188,71.046102361451,73.1154550298265,75.24427683563323,77.35328286843992,79.34336808512793,81.11542796970207,82.61214106077092,83.94331665326587,85.26054694244215,86.71542427689755,88.39340779959375,90.11542351481643,91.6618517157396,92.91542320992754,93.77672560424617,94.1154231286352,93.82378493366603,92.91542320992754,91.4494691129672,89.5457865798817,87.33942278390083,84.96542497345959,82.53729984566021,80.08239167992815,77.6065045198287,75.11544316268927,72.61501374369797,70.11102475820167,67.60928883347667,65.11562576378114
58.51316230100373,60.63086085857522,62.714232315002874,64.78132488978484,66.84873175161673,68.93011381911893,71.03506005467635,73.16870797358739,75.3325650358186,77.5148786541257,79.65883619715441,81.69958733170387,83.5765238783296,85.2666826511439,86.86446650312966,88.47965122292732,90.20137716170157,92.05659892810186,93.89170319010563,95.55548831676501,97.05658336547816,98.36426820171692,99.00805763094286,98.50602923824047,97.05658336547816,95.00363686664866,92.57658392032589,89.95368518393332,87.28546100878401,84.67781322419023,82.12122357651327,79.59069200127809,77.06959334726764,74.54493025924798,72.0053778754615,69.44163469074617,66.84873175161673
56.266462309037664,58.335157138724426,60.3446562367898,62.31467038907908,64.26495811827958,66.21530396070621,68.1855070234822,70.19537478871106,72.2647196722749,74.39353653630147,76.50253956406515,78.49262301380313,80.26468187992803,81.76139438174702,83.09256959618818,84.4097996096089,85.86467672252584,87.54266006680496,89.26467565819667,90.81110378288555,92.06467523238616,92.9259776026804,93.26467511885257,92.97303693091992,92.06467523238616,90.59872118904596,88.6950387589269,86.48867515502045,84.11467769535048,81.6865531915287,79.23164613295461,76.75576094320573,74.26470309856491,71.76427994376475,69.26030211969899,66.75858603776898,64.26495811827958
54.460645335299944,56.52894243058873,58.53820005150652,60.508064528117615,62.458257915608996,64.40854354466396,66.3787078688108,68.38855063338839,70.4578794145727,72.58668605680059,74.69568286878179,76.68576266366506,78.45781942317262,79.95453070615349,81.28570513860635,82.60293458163814,84.057811236312,85.73579421154264,87.45780954679505,89.00423751379637,90.25780887086306,91.11911119146384,91.45780869063971,91.16617051726182,90.25780887086306,88.79185493843396,86.88817272129671,84.68180951468835,82.30781278057432,79.879689567424,77.42478479895821,74.94890368478985,72.45785310557835,69.95744290790253,67.45348817048107,64.95181313154569,62.458257915608996
53.319067626955444,55.40957258327123,57.451860520083216,59.46527244846146,61.46854758004798,63.47906160207805,65.51213739410092,67.58066978428384,69.695397446562,71.85013077321554,73.9761559408542,75.99103360181984,77.81487892658336,79.40876982018798,80.8774046273729,82.35308527069594,83.95418086198586,85.7315200708014,87.51785991868019,89.13180223126241,90.53030218109828,91.6615514360082,92.19100296468665,91.7672834883194,90.53030218109828,88.72625477235636,86.53759325195918,84.11564099813776,81.59537429373202,79.08044919879025,76.57719819193173,74.07557453039354,71.57043583607548,69.05868207708016,66.53813258082612,64.00769467676383,61.46854758004798
51.95122062625292,54.01788576260877,56.02615219736525,57.99540216211446,59.94520816257989,61.89524652031962,63.8652517517465,65.87499183920943,67.94425448668358,70.07301914654897,72.18199042919184,74.17205521284143,75.94410332001254,77.4408095969499,78.77198081759639,80.08920791790743,81.54408269046854,83.22206414992907,84.94407843315597,86.49050575249655,87.74407672991471,88.60537884641246,88.94407627578046,88.6524381621825,87.74407672991471,86.27812325302435,84.3744419106547,82.16808033584462,79.79408658176044,77.36596866969685,74.91107330721675,72.435208932304,69.94418819352074,67.44383121245791,64.93997129291034,62.43846481302148,59.94520816257989
51.30634770583937,53.381304755477316,55.3998103947671,57.38160589706618,59.34628256038779,61.313063043227004,63.30058596773294,65.32676440116569,67.40883232109962,69.54495900334264,71.65877958678101,73.6558978362413,75.4427361371311,76.9675204510996,78.33916964487214,79.70418325983869,81.20424263858986,82.91353031238788,84.65607516621303,86.22427378345007,87.52535648312744,88.4780205837889,88.8835606615683,88.54543664594644,87.52535648312744,85.950211952012,83.95890588047453,81.68887112460199,79.27293239573734,76.82039144801293,74.35203520000236,71.86903009125997,69.37408380248283,66.87052950757,64.36197765728569,61.85236228649343,59.34628256038779
39.52334469382491,41.568373498264194,43.56344209525801,45.52448800984314,47.46911362021861,49.41584183000258,51.383715899919395,53.39207995655427,55.46045606274187,57.588657836111366,59.69728679096863,61.68715027257325,63.45908234655003,64.95572148781973,66.28684963458865,67.60404531613256,69.05889484706933,70.73685597793107,72.45885615196283,74.00527478520472,75.25884067096038,76.12014005012395,76.45883654326104,76.16719923140379,75.25884067096038,73.79289330353484,71.88922369309898,69.6828840030384,67.30893021511154,64.8808833966836,62.426114176150605,59.95047427858397,57.459853676025546,54.960210188780735,52.457621213692946,49.9583731229953,47.46911362021861
40.513545588608146,42.563548569069,44.56166071896321,46.524602158126015,48.47042610301831,50.417920595982096,52.386288256994646,54.394971110356636,56.46355265018934,58.59188487506955,60.70059317230337,62.69050331255296,64.46246228195236,65.95911698490174,67.29025511605667,68.6074580804175,70.06231346234932,71.7402793053884,73.46228274994718,75.00870339664041,76.26227046265288,77.12357047633604,77.46226718649342,77.170629688791,76.26227046265288,74.7963216790422,72.89264934912686,70.68630458616425,68.31234153410165,65.88427823636553,63.42947977698799,60.95378784871433,58.4630745053028,55.96326566560032,53.46038220035578,50.96061098232191,48.47042610301831
41.50644755060527,43.5604161156396,45.56095066984217,47.525399242641825,49.47217537563925,51.42027850469641,53.389038108521106,55.39797406434542,57.4667186865681,59.59515446249242,61.70392573814581,63.6938729129712,65.4658532298709,66.9625202843663,68.2936663402411,69.61087508503533,71.06573511093882,72.74370469405457,74.46571073444136,76.01213297921575,77.26570098200028,78.12700149930262,78.46569838170933,78.1740607365013,77.26570098200028,75.79975107436071,73.89607658598746,71.6897277966429,69.31575739157813,66.88768101404307,64.4328593472703,61.9571261205983,59.46633916367239,56.966399067636644,54.46328181470136,51.96309523002942,49.47217537563925
42.50150390926164,44.55863110251593,46.56109257920359,48.52673904122766,50.47427160112551,52.42285808036442,54.39192888242812,56.40106577202479,58.46993985147628,60.59845782323464,62.70727908762305,64.69725565780914,66.46925291860225,67.96592977667277,69.29708212246956,70.61429545523325,72.06915916708073,73.74713171870937,75.46913981941185,77.01556333258648,78.26913207888848,79.13043299591406,79.46913001503523,79.17749225275186,78.26913207888848,76.80318127910536,74.89950507755937,72.69315309246267,70.31917685128298,67.89109009220171,65.43625000538653,62.96048399914683,60.46963861195388,57.96959432761588,55.46629148531994,52.96577512295758,50.47427160112551
43.49827690945382,45.557918160613156,47.561911727811015,49.528510013282734,51.47664337516527,53.42561366332106,55.39493153482621,57.404227934786434,59.47320477625968,61.60178799150404,63.71064893369777,65.70064883562608,67.4726595450302,68.96934418429575,70.30050152244962,71.61771849670995,73.07258513410662,74.75056004185302,76.47256977783269,78.01899429773874,79.27256363417159,80.13386486845798,80.47256199608961,80.1809241408834,79.27256363417159,77.80661212629289,75.90293456499859,73.69658004342499,71.32259917009688,68.89450417111209,66.43964946409756,63.96385744006321,61.47296567473195,58.97283868973186,56.4693885249322,53.96861035420859,51.47664337516527
44.496416649455554,46.55805777003688,48.56326905768046,50.53062347352917,52.47923396060736,54.42850898754621,56.39802300309033,58.407446024860775,60.47650443600868,62.605139437946164,64.71403187351851,66.7040502942591,68.47607167798016,69.97276249324247,71.30392379385964,72.62114365839224,74.07601261780724,75.75398939561035,77.47600042951262,79.02242574846287,80.27599555328328,81.13729703937992,81.4759942531364,81.1843563241772,80.27599555328328,78.81004348338827,76.9063648428596,74.70000830807874,72.32602375819877,69.89792221915741,67.44305590795571,64.96724323318432,62.47631465623736,59.97612202767645,57.472554920244264,54.971568911985614,52.47923396060736
45.49564385421856,47.558875090697725,49.565053956312966,51.53300893431564,53.48199828508962,55.43151525234022,57.40118497580113,59.41070850893155,61.47983166663789,63.60850777353042,65.71742520609662,67.70745832547794,69.47948818150277,70.9761838986936,72.30734834433687,73.62457050288918,75.07944130529668,76.7574195673678,78.47943163143333,80.025857584586,81.27942776116612,82.14072944712478,82.47942672923861,82.18778874174164,81.27942776116612,79.81347524519813,77.90979574807969,75.70343761541245,73.3294501474431,70.90134341752965,68.44646789599834,65.97063883047424,63.47968103533293,60.97943630292208,58.475776370069426,55.97462537578109,53.48199828508962
46.59573587597836,48.66023096815675,50.66717847765224,52.635610387669374,54.58490054939824,56.53460958827276,58.504402915015135,60.514006231349924,62.583180781372675,64.71188951444228,66.82082678756571,68.81087157342316,70.5829081539784,72.07960776185556,73.41077470371837,74.72799868304108,76.18287094823609,77.86085038837334,79.58286327008089,81.12928972660072,82.38286019824687,83.2441620428362,83.5828593792053,83.29122134524687,82.38286019824687,80.91690732823034,79.01322715123558,76.80686775032343,74.43287796625972,72.00476711633216,69.54988428450689,67.07404220947512,64.58306122333634,62.08277513448404,59.57904152101139,57.07775956130277,54.58490054939824
47.59651537448201,49.662014713021,51.66957272240143,53.63838334100254,55.587912323756385,57.537773837373564,59.50766527933732,61.517331924233304,63.58654726621617,65.71528189542576,67.82423491628087,69.8142889619256,71.58633087978102,73.0830335757125,74.41420249883282,75.73142792330555,77.18630134951783,78.86428172468804,80.58629525535905,82.13272211140188,83.38629281724218,84.24759478773677,84.58629216716838,84.29465409633343,83.38629281724218,81.92033966621702,80.01665894960375,77.81029854208387,75.43630691973158,73.00819279973643,70.55330416569518,68.07745176491038,65.58645237174896,63.08613345726664,60.58234136027504,58.08095544321169,55.587912323756385
48.597841199780476,50.664138317989796,52.67218115059657,54.641292455915135,56.591011033399326,58.54099358356116,60.510962906704464,62.52067981840456,64.58992753815406,66.71868272160106,68.82764824160975,70.81770963681495,72.58975579091154,74.08646093784253,75.41763143349216,76.7348580049835,78.18973235269716,79.86771347000425,81.58972751575826,83.13615468890288,84.38972558062326,85.25102765104899,85.58972506465929,85.29808696455541,84.38972558062326,82.92377220656132,81.0200910616523,78.81372985518668,76.43973677378168,74.01162005832575,71.55672681904261,69.08086622263923,66.58985221961531,64.0895072507828,61.58566873339298,59.08420029900206,56.591011033399326
49.59960107160246,51.666531835021836,53.67495964175953,55.64430966878638,57.59417875439928,59.54425738220628,61.51428852414142,63.52404533445218,65.59331875318699,67.7220902508312,69.8310656915322,71.82113292012673,73.59318243654474,75.0898895288411,76.42106127261076,77.7382887544928,79.19316383360345,80.87114553994542,82.5931599945213,84.13958741934985,85.39315845860342,86.25446060834452,86.59315804908249,86.30151992574784,85.39315845860342,83.92720490751701,82.02352342266931,79.8171615820796,77.44316734262239,75.01504856714382,72.56015167266511,70.08428457135531,67.59325897235054,65.09289332376945,62.589017961226105,60.08748402880683,57.59417875439928
50.60170571551593,52.66913968537942,54.67787315324455,56.64741269572677,58.59740125653934,60.54755614807635,62.517636358428135,64.52742483743492,66.59671865393085,68.7255031003435,70.83448641517096,72.8245582737544,74.59661045885792,76.09331909519545,77.42449182960031,78.74172003406085,80.19659569368216,81.87457786754177,83.5965926465999,85.14302027119018,86.39659142754091,87.2578936402347,87.59659110250394,87.30495296073101,86.39659142754091,84.93063773595009,83.02695598129279,80.82059363739819,78.44659847879353,76.01847806827135,73.56357827265406,71.08770600837158,68.59667120555176,66.09628914319313,63.59238453583892,61.090798615091316,58.59740125653934
51.704084174945535,53.77191771775608,55.78089385643007,57.750583843838555,59.7006672427771,61.650882669194104,63.6210018269437,65.63081544213426,67.70012544863555,69.82892017260693,71.93790973717533,73.92798527059907,75.70003957384546,77.19674943569154,78.52792295636516,79.84515173433718,81.30002785471046,82.97801039963923,84.7000254362392,86.24645321938053,87.50002446867137,88.36132673133073,88.70002421068932,88.40838605428192,87.50002446867137,86.03407066556204,84.13038869675667,81.92402595338856,79.55003006525556,77.12190835699676,74.66700625873926,72.19112989658696,69.70008778864457,67.19969269850445,64.69576487902874,62.194137693537115,59.7006672427771
52.7066800689049,54.77483086500365,56.78399965410894,58.75380906637555,60.703967745061405,62.654231220764515,64.62438129219916,66.63421485844755,68.70353771514834,70.8323405964955,72.9413351215135,74.9314135716697,76.70346955609091,78.2001803906252,79.53135453536137,80.84858376853013,82.30346025460273,83.9814430940494,85.70345833506052,87.24988624404389,88.50345756710138,89.36475986941844,89.70345736234087,89.41181919431811,88.50345756710138,87.03750367547977,85.13382153670491,82.92745847627437,80.55346200911399,78.12533927084002,75.67043534497256,73.19455573032889,70.70350782427552,68.2031023938791,65.69915615061561,63.19749621227919,60.703967745061405
53.80944860822238,55.87785127903159,57.88717300165602,59.85707721198058,61.80729564444813,63.75759725860853,65.72777186695366,67.73762126865408,69.80695432468075,71.93576368058675,74.04476214273315,76.03484290790763,77.80690022668043,79.30361183323882,80.63478647329421,81.9520160677531,83.40689284408154,85.08487591728726,86.80689132053968,88.35331932940394,89.60689071101004,90.46819304480348,90.80689054849152,90.51525237124963,89.60689071101004,88.1409367491362,86.23725447545645,84.03089116337324,81.65689423663832,79.22877068084007,76.7738653043957,74.29798310824167,71.80693060020485,69.30651696267903,66.80255609624712,64.30087016133328,61.80729564444813
54.91235421876951,56.98095684716681,58.99039997007425,60.96037942827351,62.91064528999928,64.86097717575291,66.83117125949929,68.84103322998715,70.910374381297,73.0391888760924,75.14819046315031,77.13827306575993,78.91033144360978,80.40704366292462,81.73821869611541,83.05544857733057,84.51032558403529,86.18830884277584,87.91032437479925,89.45675246293905,90.71032389101521,91.57162624979144,91.91032376202418,91.61868557746504,90.71032389101521,89.24436987338214,87.34068749262829,85.13432398080812,82.76032668930856,80.33220248464046,77.87729595687114,75.40141171176705,72.91035555112111,70.40993539955296,67.90596292657969,65.4042563577735,62.91064528999928
56.01536864961972,58.08413001250034,60.093669501504735,62.06370868814393,64.0140121961666,65.96436810917982,67.93457765084119,69.94444959729609,72.01379717388247,74.14261574743503,76.2516198147436,78.24170387572892,80.01376309416966,81.51047579983003,82.84165114505274,84.15888125386661,85.6137584434212,87.29174184942079,89.01375748364981,90.56018563471069,91.81375709967017,92.67505947827524,93.01375699728992,92.72211880692309,91.81375709967017,90.34780303778093,88.44412057204232,86.23775690169083,83.86375932067725,81.43563460100057,78.98072715942328,76.50484128806397,74.01378222833239,71.5133569065406,69.00937522137062,66.50765227518428,64.0140121961666
57.11846946808777,59.18735683628002,61.196972817802774,63.167059413558434,65.11739280251867,67.06776778640892,69.03798959720118,71.04786946165814,73.11722213801875,75.24604394889442,77.35504998478346,79.34513520328387,81.11719508890263,82.61390818057592,83.94508377345865,85.26231406291778,86.7171913976004,88.39517492047962,90.11719063582932,91.66361883683068,92.91719033106445,93.77849272540773,94.1171902498052,93.8255520548288,92.91719033106445,91.4512362340491,89.54755370085803,87.34118990468012,84.9671920938791,82.53906696543967,80.08415879857199,77.60827163645148,75.11721027570921,72.61678085029254,70.1127918533476,67.61105590826918,65.11739280251867
58.51499785770288,60.63270117182351,62.71607975808422,64.78318154778634,66.85059927028166,68.93199315414083,71.03695117784423,73.17060960979852,75.33447450038312,77.51679247471299,79.66075283516884,81.701508014353,83.57845278530824,85.26862621685015,86.86642923082738,88.48163401863894,90.2033767981387,92.05860919150432,93.89372001096316,95.55751176442382,97.05862021647053,98.36632737500366,99.01013079317771,98.50809285939114,97.05862021647053,95.0056406445307,92.57855419354104,89.95562575079424,87.28737880706578,84.67971635321298,82.12311812404383,79.5925818536672,77.07148059406171,74.54681539147033,72.00725988351566,69.44351119015941,66.85059927028166
56.268228703265706,58.3369238084624,60.34642307378627,62.31643732974332,64.26672512428458,66.21707100841402,68.1872740980195,70.1971418805631,72.26648677527889,74.39530364638473,76.50430667845326,78.49439013072245,80.26644899830632,81.76316150096945,83.09433671595218,84.41156672976791,85.86644384300226,87.54442718753694,89.26644277910603,90.81287090390413,92.06644235346874,92.9277447237974,93.26644223998133,92.97480405203859,92.06644235346874,90.60048831005173,88.69680587978516,86.49044227560356,84.1164448154311,81.68832031071544,79.2334132505553,76.75752805798385,74.26647020831125,71.7660470445374,69.26206920448254,66.76035309412724,64.26672512428458
54.462411302739355,56.53070883520161,58.53996672156077,60.509831362708766,62.46002485391192,64.41031054916184,66.38047491589609,68.39031770795842,70.45964650684513,72.58845316031055,74.6974499791252,76.68752977802652,78.45958653985005,79.95629782417085,81.28747225748342,82.60470170114229,84.05957835631993,85.73756133195627,87.45957666749028,89.00600463466498,90.25957599183326,91.12087831248868,91.45957581168324,91.16793763828935,90.25957599183326,88.79362205928223,86.88993984191085,84.6835766348657,82.30957989995402,79.88145668538476,77.42655191440129,74.95067079575236,72.45962020855345,69.95920999663295,67.45525523383088,64.95358014977464,62.46002485391192
53.320864580916094,55.41137181114712,57.4536632104582,59.46707971265273,61.47036038316101,63.48088062179221,65.51396282280076,67.5825011118879,69.69723328376799,71.85196916447009,73.97799600144225,75.99287608316072,77.81672642058555,79.410626561182,80.8792741000883,82.35496892800191,83.956077157548,85.73342471445572,87.51976986602499,89.13371766147327,90.53222909708823,91.66349875009851,92.19296394704266,91.76923507065084,90.53222909708823,88.72815428572643,86.53946795156901,84.11749581383182,81.5972150458046,79.08228137849773,76.57902552267842,74.07739925792791,71.57225913379148,69.06050422211459,66.53995303530289,64.00951218607968,61.47036038316101
51.9529848429285,54.01965107912244,56.027918182077926,57.99716856117118,59.946974822868356,61.89701334736594,63.867018686088755,65.87675884280165,67.94602153488016,70.07478622306122,72.18375752292289,74.17382231669717,75.94587042970409,77.44257671001789,78.77374793283067,80.09097503472182,81.54584980855236,83.22383126903526,84.94584555297172,86.49227287274913,87.74584385042337,88.60714596705878,88.94584339647386,88.65420528283558,87.74584385042337,86.27989037322575,84.3762090302661,82.1698474543554,79.79585369826125,77.36773578262219,74.912840413798,72.43697602759502,69.94595526868528,67.44559825172973,64.94173826823197,62.44023167466142,59.946974822868356
51.308122696945205,53.383080376817404,55.40158698449791,57.38338378242352,59.34806204033205,61.31484434710721,63.30236919105505,65.32854942729017,67.4106187494459,69.54674623527895,71.66056734768576,73.65768636953075,75.44452629009768,76.96931366583506,78.3409672395561,79.7059859732832,81.20605014060988,82.91534110304414,84.65788810070666,86.2260889803755,87.52717657834744,88.47984994891404,88.88539668631493,88.54726805010944,87.52717657834744,85.95202070946598,83.96070533112442,81.6906636937824,79.2747203766287,76.82217673747928,74.3538190007867,71.87081310261861,69.37586638311522,66.87231174242986,64.36375938737812,61.85414314383918,59.34806204033205
45.395504298030204,47.458592185205276,49.46468384681712,51.43258470740153,53.381539921789425,55.33103509114568,57.30069078650476,59.310205264567344,61.3793225893576,63.50799499321013,65.61691017387685,67.60694196911001,69.378971061897,70.87566633749226,72.20683049981264,73.52405245170598,74.97892308808582,76.6569012164453,78.3789131877077,79.92533908372769,81.17890922681752,82.04021089477143,82.37890817072724,82.08727018850371,81.17890922681752,79.71295675103437,77.80927733108257,75.60291934236233,73.22893213727176,70.80082587498322,68.34595118317492,65.87012359423439,63.37916843126696,60.87892839276567,58.375276822457124,55.874140691987435,53.381539921789425
46.395518350420915,48.459899522473364,50.46677776348649,52.43516669905557,54.38442975811324,56.33412149248069,58.3039036836733,60.31349981240834,62.382669732605464,64.51137552647728,66.62031101223224,68.61035474709992,70.38239072186818,71.87908997924882,73.21025669623725,74.52748051153418,75.98235264495264,77.66033197896277,79.38234478701234,80.92877119818593,82.1823416432508,83.04364347354974,83.38234080503122,83.09070277525831,82.1823416432508,80.71638880512901,78.81270868938151,76.6063494027203,74.23235982730404,71.80424934853193,69.34936717526233,66.87352627220848,64.38254737526795,61.88226501210224,59.378538036391376,56.87726787538776,54.38442975811324
47.39623587811111,49.46164470749922,51.469147704003824,53.43792420025696,55.38743166618413,57.337279442995126,59.307162045761146,61.31682298548522,63.386034652623664,65.51476694893188,67.62371855112985,69.61377176259546,71.38581319963447,72.88251561737552,74.21368436201234,75.53090965629741,76.98578297791843,78.6637632688554,80.38577674106398,81.93220356111546,83.18577424585817,84.0470762050105,84.38577358056278,84.09413551304986,83.18577424585817,81.71982112014791,79.81614045214663,77.60978013530786,75.23578867855943,72.80767485315138,70.3527867418087,67.87693527123145,65.38593753629323,62.88562157897104,60.38183475063033,57.880458199014555,55.38743166618413
48.39751246255777,50.46373768639869,52.47173683353941,54.44082104741963,56.39052254357016,58.34049418942931,60.310456496325884,62.32016887959476,64.38941368252426,66.51816701430931,68.62713140831531,70.61719214142707,72.38923791389752,73.88594284002787,75.21711319401476,76.53433966217588,77.98921392687532,79.66719497732637,81.38920897667867,82.93563612125692,84.18920699623214,85.05050905765546,85.38920646818679,85.09756837071961,84.18920699623214,82.72325364226265,80.81957253593703,78.6132114014451,76.23921845148016,73.81110196983866,71.35620914542324,68.88034928733117,66.38933660045593,63.888993978773826,61.38515964327618,58.883698642755746,56.39052254357016
49.399233217452064,51.46610688219549,53.47450000206527,55.4438285212382,57.393684047234444,59.34375401941334,61.31377959219013,63.323532808135695,65.39280391172966,67.52157393968555,69.63054848666897,71.62061518975639,73.39266440327637,74.8893713203227,76.22054295165432,77.53777035152302,78.99264536474516,80.67062701802342,82.39264143577024,83.93906883792565,85.19263986388853,86.05394200648445,86.39263944477862,86.10100132353674,85.19263986388853,83.72668632874954,81.8230048745255,79.61664309106138,77.24264895592833,74.81453036602872,72.35963380083177,69.88376728552323,67.39274273115647,64.8923789455419,62.38850690227014,59.88697887043898,57.393684047234444
50.401306792519236,52.46869542038624,54.477401348636874,56.44692381694321,58.396901614124204,60.34704963513191,62.317125425013174,64.32691105107784,66.39620303000791,68.52498630991352,70.6339689153914,72.62404035687763,74.39609230157006,75.89280079881124,77.22397344397385,78.54120158334024,79.99607719066577,81.67405932240868,83.39607407223555,84.94250167883013,86.19607282463208,87.05737503165471,87.39607249198428,87.10443435187241,86.19607282463208,84.7301191456987,82.82643741534741,80.62007511679346,78.24608004099099,75.81795977776312,73.36306024349759,70.88718844432665,68.39615447064295,65.89577388694202,63.39187191415937,60.89029067691402,58.396901614124204
51.403660578893366,53.471458119397624,55.48041239442678,57.45008882792246,59.40016368290614,61.35037365583216,63.32048930490923,65.33030065565981,67.39960920366059,69.52840300176547,71.63739200331932,73.62746720569149,75.39952131812305,76.89623106956809,78.22740451940999,79.54463324571671,80.99950932458279,82.67749183608348,84.39950684948258,85.94593461834069,87.19950585925895,88.06080811741711,88.3995055952362,88.10786744014719,87.19950585925895,85.73355206619587,83.8298701166822,81.623507409301,79.24951158688816,76.82138999553712,74.36648810471502,71.89061211172327,69.39957066187063,66.89917674535465,64.39525101698008,61.893627548914125,59.40016368290614
52.50623688120129,54.574359093212166,56.58351052570393,58.553309178880454,60.50346107568626,62.453720222731306,64.42386750924081,66.43369927816525,68.5030209772386,70.63182312371924,72.7408172018701,74.73089538926972,76.50295122224077,77.9996619691496,79.33083605766656,80.6480652498285,82.1029417029568,83.78092451587158,85.50293973846814,87.04936763611492,88.30293895252707,89.16424125127153,89.50293874297205,89.2113005759957,88.30293895252707,86.8369850688792,84.93330294541616,82.72693991354845,80.35294349855025,77.92482085306605,75.46991709184049,72.99403777020052,70.50299038647589,68.00258588759357,65.49864130406351,62.99698431633013,60.50346107568626
53.508989865172225,55.57736984307954,57.58667778759114,59.556573457574444,61.5067865069209,63.457084685284926,65.42725708317684,67.43710505831716,69.50643719552497,71.63524596816337,73.74424407562972,75.73432463225366,77.50638183082023,79.00309336783013,80.33426796326427,81.65149752517601,83.1063742753565,84.7843573275039,86.50637271614065,88.05280071600708,89.30637209233878,90.16767442329663,90.50637192601485,90.21473374960345,89.30637209233878,87.84041813679366,85.93673587526693,83.73037258585401,81.35637570052029,78.92825221836941,76.47334697260152,73.9974650090052,71.50641291554254,69.006000017365,66.50204046828041,64.00035687531236,61.5067865069209
54.51188312600242,56.58046773944184,58.58989992529318,60.55987260448623,62.51013419341217,64.46046335208531,66.43065568135813,68.44051651956988,70.50985694160688,72.63867097346014,74.74767227900745,76.73775471609008,78.50981299853206,80.00652516264621,81.33770016042106,82.65493001580353,84.10980700175463,85.7877902437811,87.50980576420406,89.05623384520229,90.30980526909215,91.17110762561778,91.50980513708078,91.21816695318081,90.30980526909215,88.8438512564822,86.9401688853742,84.73380539154749,82.35980813290806,79.93168398669397,77.47677756264275,75.00089350212015,72.50983767052293,70.00941810577908,67.50544667839513,65.00374196842442,62.51013419341217
55.5148877527141,57.58363481485121,59.593165622251064,61.563199428053736,63.51349954461827,65.4638532930914,67.4340614422037,69.4439324899613,71.51327948771967,73.64209769383339,75.75110153770632,77.74118546731258,79.51324461002795,81.00995727187546,82.34113258898853,83.65836267729895,85.11323985038138,86.79122324311504,88.51323886813677,90.05966701352935,91.31323847516617,92.17454085198496,92.51323837038866,92.22160018054502,91.31323847516617,89.84728441726378,87.9436019591811,85.73723830311103,83.36324074817858,80.93511607489688,78.48020871564074,76.00432299078405,73.51326419221928,71.01283933619223,68.5088584809134,66.00713701010582,63.51349954461827
56.51798078827008,58.58685680452939,60.59646589491791,62.56654821968925,64.51687891676254,66.46725218262165,68.43747288813279,70.44735203928744,72.51670425622964,74.64552577546797,76.75453163401569,78.74461674824036,80.51667657375583,82.0133896306548,83.34456520122686,84.6617954744124,86.11667279602105,87.79465630837109,89.51667201641297,91.0631002129154,92.31667170451198,93.17797409743746,93.51667162135001,93.22503342678887,92.31667170451198,90.85071761066098,88.94703508354641,86.74067129870367,84.36667350860326,81.93854841698757,79.48364031545827,77.00775326961713,74.51669211616345,72.01626306042577,69.51227472216988,67.010539948113,64.51687891676254
57.621144005116506,59.69012238399044,61.699793612047145,63.669914448079766,65.620269417613,67.57065817471434,69.54088884636172,71.55077442923422,73.62013078866451,75.74895493753903,77.85796239513799,79.84804844959595,81.62010881705056,83.11682218750224,84.44799795924493,85.76522837916598,87.22010581866003,88.89808942594965,90.62010519988462,92.16653343695297,93.42010495232864,94.28140735803801,94.62010488632295,94.32846668801753,93.42010495232864,91.9541508299452,90.05046824804,87.84410436099034,85.47010638423691,83.04198096058923,80.58707226991702,78.11118417560874,75.62012115307527,73.11968876401474,70.6156944864833,68.113949153527,65.620269417613
58.62436293191203,60.6934225633935,62.7031431129341,64.67329451646516,66.62366875149992,68.57406980418646,70.5443083860344,72.55419907379459,74.62355872113181,76.75238495715475,78.86139368392327,80.85148048464549,82.62354128223775,84.12025490155645,85.45143083296841,86.76866136935357,88.22353890241331,89.90152258505654,91.62353841129092,93.16996668055648,94.42353821480563,95.28484063066156,95.62353816241685,95.3318999611396,94.42353821480563,92.95758406977598,91.0539014443834,88.84753747621203,86.47353935131204,84.04541366413028,81.59050450585481,79.11461557937699,76.62355107335186,74.12311603862472,71.61911704706657,69.11736333344098,66.62366875149992
59.72762608014774,61.79675020649513,63.806509904277405,65.7766855699348,67.7270750962837,69.6774859080949,71.64773076831919,73.65762550785018,75.72698776480847,77.85581565740513,79.96482539151532,81.95491278454831,83.7269739235412,85.22368774038586,86.5548637985274,87.87209442735016,89.32697203467308,91.00495577712452,92.72697164486898,94.27339993968945,95.52697148891849,96.38827391282777,96.72697144733749,96.43533324370148,95.52697148891849,94.06101732591452,92.157334666006,89.95097063344828,87.57697239096424,85.14884649461534,82.6939369652028,80.21804737823116,77.72698169475662,75.22654456015842,72.72254182706179,70.22078146165357,67.7270750962837
60.830924329751355,62.900099648623836,64.90989041949112,66.88008534244358,68.83048700569009,70.78090556339434,72.7511554067982,74.76105336223364,76.83041769045434,78.95924689787631,81.06825743151481,83.05834529466543,84.83040670462825,86.3271206782494,87.65829683697633,88.97552753916688,90.43040520543252,92.10838899535375,93.8304048960448,95.37683321114821,96.63040477226679,97.49170720256802,97.83040473926394,97.53876653375579,96.63040477226679,95.16445059499661,93.26076790769278,91.05440382403158,88.68040548822101,86.25227942585599,83.79736960187167,81.3214794906655,78.83041287264791,76.32997407137835,73.82596836861251,71.32420272365502,68.83048700569009
61.93425044108528,64.00346639332903,66.01328182761635,67.9834920353666,69.93390333178446,71.88432803745263,73.854581836027,75.86448234393494,77.9338483161207,80.0626785671214,82.17168973534638,84.16177797162976,85.93383959666163,87.4305536947164,88.761729933278,90.07896069370061,91.53383840674911,93.21182223434715,94.93383816118791,96.48026649238993,97.73383806294524,98.59514049831975,98.93383803675087,98.6421998297568,97.73383806294524,96.26788387435197,94.36420116530444,92.15783704108236,89.7838386311985,87.35571243706639,84.90080237928024,82.42491185198867,79.93384449222327,77.43340436811417,74.92939630831512,72.42762647296033,69.93390333178446
63.037598667395685,65.10684687152502,67.11668188162034,69.08690422109433,71.03732316343422,72.98775274877265,74.95800968657943,76.96791222039084,79.03727949739441,81.16611057668484,83.27512224858171,85.26521078102087,87.03727257675318,88.53398677357099,89.86516307549743,91.18239388213885,92.63727163231894,94.31525548982111,96.0372714374169,97.58369978139638,98.83727135944163,99.69857379884283,100.03727133865114,99.74563313047769,98.83727135944163,97.3713171618612,95.4676344355557,93.26127027914043,90.88727181046454,88.45914551174883,86.004235268394,83.52834441085517,81.03727646236379,78.53683528831522,76.03282535773445,73.53105219644883,71.03732316343422
64.24096444707162,66.31023825026867,68.32008879796938,70.29032076650707,72.24074577746268,74.19117923581564,76.16143866524006,78.17134280701508,80.24071111965443,82.36954285635933,84.47855492802103,86.46864369551922,88.2407056267366,89.7374199019427,91.06859625416185,92.38582709748718,93.84070487713863,95.51868875837569,97.24070472244475,98.78713307656571,100.04070466055578,100.90200710315293,101.24070464405433,100.94906643494481,100.04070466055578,98.5747504558422,96.67106771583906,94.46470353387207,92.09070501853287,89.66257863680909,87.20766824616828,84.73177712651191,82.24070871074828,79.74026670336153,77.23625528793829,74.73447948685316,72.24074577746268
65.64434415930215,67.71363828095205,69.7235011610324,71.69374077223114,73.6441705998776,75.5946071322553,77.56486853928254,79.57477395730098,81.64414309192577,83.77297535042116,85.88198773937651,87.87207669344126,89.64413873219321,91.14085306961614,92.47202946175264,93.78926033419398,95.24413813723689,96.92212203731236,98.64413801445627,100.19056637662655,101.44413796533496,102.30544041046876,102.64413795223777,102.35249974238528,101.44413796533496,99.97818375495984,98.07450100408485,95.86813680183741,93.49413824946157,91.06601180185423,88.61110129431248,86.13520996661325,83.64414117997521,81.14369851116713,78.63968591722234,76.13790802092285,73.6441705998776
65.88183018942442,67.97398689291703,70.01878874693105,72.03551922855098,74.04280976284456,76.05782605532168,78.0955385746995,80.1683342975009,82.28631838132287,84.4428949269716,86.57012440585675,88.58674788405682,90.41420605202013,92.01475379031868,93.49253743375064,94.97838831017155,96.58852543360783,98.37182665691813,100.16195003658459,101.77980024358548,103.1864752787441,104.33220525598799,104.87133305247325,104.44096126548403,103.1864752787441,101.36289839616018,99.15647646586854,96.72023979793931,94.18984152039515,91.66872920991834,89.16197450111419,86.65846867755795,84.15229585615808,81.63970823236068,79.11793547546736,76.58536567761024,74.04280976284456
64.18545593289103,66.25469671906967,68.2645272267395,70.2347467759313,72.1851639597212,74.13559242274442,76.10584863853401,78.11575070639188,80.18511768329019,82.31394857207582,84.42296012812929,86.41304859245326,88.18511034892487,89.68182452302742,91.01300081038008,92.33023160639128,93.78510934803118,95.46309319865549,97.18510914147764,98.73153748251835,99.98510905884092,100.84641149731601,101.18510903680756,100.89347082890535,99.98510905884092,98.51915486332754,96.61547214099132,94.40910799198042,92.03510953682655,89.60698326216485,87.15207306149038,84.67618227990766,82.18511446682197,79.68467353425714,77.18066403395216,74.67889163762382,72.1851639597212
63.078793089999394,65.14795663447956,67.15774025852168,69.12793075230637,71.07832962408057,73.02874640024157,74.99899509752326,77.00889231330709,79.07825616514177,81.20708507015681,83.31609541990557,85.30618317493017,87.07824452257051,88.57495846013344,89.90613459572597,91.22336528104206,92.67824293375102,94.35622671275432,96.0782426058677,97.62467091630612,98.87824247469013,99.73954490352122,100.0782424397143,99.78660423463677,98.87824247469013,97.41228830070114,95.50860561969816,93.30224154779063,90.92824323344499,88.5001172092633,86.0452074530298,83.5693174623964,81.07825105932164,78.57781264138288,76.07380762163481,73.57204319096363,71.07832962408057
62.489648910413095,64.56851677006945,66.59302473766215,68.58283790741753,70.55736200890748,72.53537897989857,74.5346954572144,76.57192169422464,78.66256322314328,80.80359568103218,82.92064250243568,84.92246731285745,86.71915866084872,88.26250791730757,89.66057760716336,91.05626605868434,92.58482679760237,94.31358050805528,96.06876831614375,97.65026949105767,98.98001416297899,99.98640810997787,100.43014224772395,100.06555411278393,98.98001416297899,97.33823755141437,95.29146100800085,92.97995088312186,90.53613632914862,88.06716018433698,85.58968651184871,83.1018387935845,80.60424800331278,78.09856962584426,75.5869151203444,73.0719300014911,70.55736200890748
45.39615808192737,47.4592469157666,49.465339153279956,51.43324037126547,53.38219581109843,55.33169112441425,57.30134691241933,59.31086145028459,61.379978813597404,63.50865124190612,65.61756643744519,67.60759824142352,69.37962733925119,70.87632261776291,72.20748678195446,73.52470873521264,74.97957937268899,76.65755750193156,78.37956947380684,79.92599537020416,81.17956551351517,82.04086718158803,82.37956445758448,82.08792647532611,81.17956551351517,79.71361303746664,77.80993361700521,75.60357562733428,73.22958842050755,70.80148215513066,68.3466074578426,65.87077985915016,63.379824678798926,60.87958460929741,58.37593298375978,55.874796755124635,53.38219581109843
46.39617264921598,48.460554573596184,50.467433272067495,52.43582249144913,54.38508572950013,56.334777578151815,58.30455984288719,60.31415601909157,62.383325969865666,64.51203178314898,66.62096728070836,68.61101102251715,70.38304700128623,71.8797462609817,73.21091297945529,74.52813679583548,75.98300893012424,77.66098826483528,79.3830010733713,80.92942748484438,82.18299793008481,83.04429976047813,83.38299709199191,83.09135906219133,82.18299793008481,80.71704509175237,78.8133649756004,76.60700568818459,74.23301611139038,71.80490563016701,69.35002345254807,66.87418254175407,64.38320363101572,61.882921243244255,59.37919422369535,56.87792398476917,54.38508572950013
47.39689058615859,49.46230001327541,51.46980337309489,53.43858009470043,55.38808770273093,57.337935570264136,59.30781823140714,61.31747920881011,63.386690900218554,65.51542321193406,67.62437482350134,69.61442804047618,71.38646948069066,72.88317190026899,74.2143406460846,75.53156594122946,76.98643926354126,78.6644195550345,80.38643302762921,81.9328598479184,83.18643053280044,84.04773249202765,84.38642986760556,84.09479180007071,83.18643053280044,81.72047740692298,79.81679673860064,77.61043642116299,75.23644496332085,72.80833113596725,70.35344302117247,67.87759154445179,65.38659379856207,62.886277821709754,60.382490958573044,57.88111434510469,55.38808770273093
48.3981674957937,50.46439319443435,52.47239263008336,54.441477022882765,56.391178631843616,58.341150349718305,60.311112702952585,62.32082511612879,64.39006993832199,66.51882328233606,68.62778768377859,70.61784842126303,72.38989419625389,73.88659912384253,75.21776947876498,76.53499594760854,77.98987021285623,79.66785126374882,81.38986526340759,82.9362924081745,84.1898632832603,85.0511653447431,85.38986275529473,85.09822465781014,84.1898632832603,82.72390992915811,80.82022882257766,78.6138676876104,76.23987473677737,73.81175825359168,71.35686542643633,68.8810055634682,66.38999286790065,63.88965023071711,61.3858158676008,58.88435481798453,56.391178631843616
49.3998885090203,51.46676255085352,53.47515589980392,55.44448456102094,57.39434017656919,59.34441020591274,61.31443581547015,63.324189055154164,65.39346017403814,67.52223021170037,69.63120476458622,71.6212714711443,73.39332068666472,74.89002760486844,76.22119923694268,77.538426637353,78.99330165101028,80.67128330463902,82.39329772262906,83.9397251249342,85.19329615098488,86.05459829362798,86.39329573193828,86.10165761068258,85.19329615098488,83.72734261574054,81.82366116131425,79.61729937747288,77.24330524165082,74.81518665052559,72.36029008315393,69.88442356397525,67.39339900270932,64.89303520479105,62.38916313959764,59.88763506879695,57.39434017656919
50.401962289271026,52.46935121658635,54.47805732671607,56.44757990778547,58.39755777605296,60.34770584243597,62.317781661511574,64.32756730641808,66.39685929748408,68.52564258509373,70.6346251952564,72.62469663949727,74.39674858577749,75.89345708393729,77.22462972968928,78.54185786948561,79.99673347715654,81.67471560917755,83.3967303591975,84.94315796591093,86.19672911178255,87.05803131884264,87.39672877918501,87.10509063906217,86.19672911178255,84.73077543276557,82.82709370225376,80.62073140340036,78.24673632705102,75.8186160628504,73.36371652685881,70.8878447246161,68.39681074545649,65.89643015198996,63.39252816180765,60.890946893630826,58.39755777605296
51.40431623859095,53.47211401686329,55.48106843628628,57.45074495929629,59.400819870707096,61.35102987964984,63.321145551899434,65.33095691760518,67.4002654752384,69.52905927945804,71.63804828473025,73.62812348928878,75.40017760298056,76.89688735515473,78.22806080546442,79.54528953211236,81.00016561125258,82.67814812297404,84.40016313652636,85.9465909054788,87.20016214645236,88.06146440464026,88.40016188246952,88.10852372737179,87.20016214645236,85.73420835332293,83.83052640368186,81.62416369606296,79.2501678732161,76.82204628109297,74.3671443889009,71.89126839347105,69.40022693927216,66.89983301500513,64.39590727282021,61.89428378020307,59.400819870707096
52.50689267028672,54.57501507107463,56.58416661819473,58.5539653424278,60.50411728402344,62.45437645965646,64.42452376455857,66.43435554535318,68.50367725207192,70.63247940340588,72.74147348450803,74.73155167364297,76.50360750761425,78.0003182551018,79.33149234399005,80.64872153642284,82.10359798976867,83.78158080285868,85.50359602557688,87.05002392329854,88.30359523975457,89.16489753852264,89.50359503023122,89.21195686324793,88.30359523975457,86.83764135605401,84.93395923248985,82.72759620043351,80.35359978509081,77.9254771389938,75.47057337668087,72.99469405310582,70.50364666593151,68.00324216089714,65.49929756640563,62.99764055918543,60.50411728402344
53.5096457569892,55.578025884767,57.58733392027362,59.55722964666019,61.507442731558626,63.45774093261383,65.42791334510437,67.43776132966622,69.50709347294224,71.63590224943275,73.74490035924153,75.73498091724282,77.50703811660327,79.00374965407251,80.33492424980133,81.65215381192802,83.10703056228121,84.78501361456767,86.50702900330096,88.05345700322681,89.30702837959333,90.16833071056992,90.50702821329455,90.21539003687766,89.30702837959333,87.84107442400642,85.93739216239942,83.7310288728368,81.35703198722965,78.92890850459236,76.47400325796144,73.99812129282921,71.50706919662858,69.0066562935681,66.50269673578327,64.00101312734819,61.507442731558626
54.512539099380405,56.58112383179608,58.5905560898793,60.560528813843206,62.51079043098821,64.46111960767195,66.43131194853194,68.44117279422164,70.510513221075,72.6393272559857,74.74832856339222,76.73841100156807,78.51046928464012,80.00718144911887,81.33835644712761,82.65558630268067,84.11046328876886,85.78844653090573,87.51046205140528,89.05689013245069,90.31046155636818,91.17176391290869,91.51046142437676,91.21882324047246,90.31046155636818,88.84450754372506,86.94082517255336,84.7344616786078,82.36046441975137,79.9323402731512,77.477433848415,75.00154978667337,72.510493952903,70.01007438428354,67.50610294999414,65.00439822774703,62.51079043098821
55.51554379084152,57.58429094742527,59.59382181216134,61.563855653500895,63.51415579246381,65.46450955523235,67.43471771354152,69.44458876723445,71.51393576881563,73.64275397735602,75.7517578227046,77.74184175317853,79.51390089639403,81.0106135585309,82.3417888758296,83.65901896427545,85.11389613746667,86.7918795302879,88.51389515537048,90.06032330080049,91.31389476245926,92.17519713928982,92.51389465769759,92.22225646785049,91.31389476245926,89.84794070453052,87.94425824639728,85.73789459023288,83.36389703512819,80.93577236154007,78.48086500174027,76.00497927591603,73.5139204756264,71.01349561652327,68.50951475576355,66.00779327521205,63.51415579246381
56.518636877798286,58.58751296902946,60.59712210492937,62.56720445790779,64.51753517275924,66.46790844996482,68.43812916277565,70.4480083186412,72.5173605386176,74.64618205978198,76.75518791950091,78.74527303441428,80.51733286032666,82.01404591745532,83.34522148817472,84.66245176146774,86.11732908316276,87.79531259558229,89.51732830367246,91.0637565002046,92.31732799181859,93.1786303847534,93.51732790866919,93.22568971410531,92.31732799181859,90.8513738979467,88.94769137079197,86.7413275858744,84.36732979563726,81.93920470377839,79.48429660181758,77.00840955520846,74.5173484003858,72.0169193422066,69.51293099960051,67.01119621780978,64.51753517275924
57.62180013544727,59.69077857383242,61.70044983801378,63.67057069643526,65.62092568007941,67.5713144461866,69.5415451236278,71.55143071023937,73.62078707207786,75.74961122248115,77.85861868100969,79.84870473601426,81.62076510378392,83.11747847441791,84.44865424627751,85.76588466628388,87.22076210584646,88.89874571319127,90.62076148716457,92.1671897242565,93.420761239646,94.2820636453628,94.62076117365028,94.3291229753427,93.420761239646,91.95480711724596,90.0511245353089,87.84476064819982,85.47076267133791,83.04263724749718,80.58772855648246,78.11184046156468,75.62077743794462,73.12034504694626,70.61635076596207,68.11460542686733,65.62092568007941
58.62501909463141,60.69407877335074,62.70379935156495,64.67395077286662,66.62432501910142,68.57472607893601,70.54496466538257,72.55485535611044,74.62421500535909,76.75304124259539,78.86204997010171,80.8521367712578,82.62419756910012,84.12091118856351,85.45208712006828,86.76931765652112,88.22419518963528,89.90217887232231,91.6241946985871,93.17062296787137,94.42419450213148,95.28549691799333,95.62419444975065,95.33255624847166,94.42419450213148,92.95824035708867,91.05455773167083,88.84819376345229,86.47419563846614,84.0460699511312,81.59116079258389,79.1152718656223,76.62420735873474,74.12377232246955,71.61977332817091,69.11801960967325,66.62432501910142
59.72828226857628,61.797406432418754,63.80716615296019,65.77734183272248,67.72773136796101,69.67814218544564,71.6483870493199,73.65828179120635,75.72764404968176,77.85647194324144,79.96548167793726,81.9555690713146,83.72763021050595,85.22434402746543,86.55552008568068,87.87275071455717,89.32762832192327,91.00561206440946,92.72762793217805,94.27405622701338,95.52762777625112,96.38893020016509,96.72762773467642,96.43598953103904,95.52762777625112,94.0616736132367,92.15799095330811,89.95162692071298,87.57762867816058,85.14950278169009,82.69459325206178,80.21870366470617,77.72763798054712,75.22720084472815,72.72319810945639,70.22143774018117,67.72773136796101
60.831580538586664,62.90075588722053,64.91054667615232,66.88074161030008,68.83114328060239,70.78156184280971,72.75181168911055,74.76170964641553,76.83107397584033,78.9599031840267,81.06891371813,83.0590015815539,84.83106299167426,86.32777696538656,87.65895312417197,88.97618382640515,90.43106149270506,92.1090452826539,93.83106118336407,95.37748949847929,96.63106105960479,97.49236348990974,97.83106102660693,97.53942282109767,96.63106105960479,95.16510688232631,93.26142419500655,91.05506011131564,88.68106177545084,86.25293571298928,83.79802588883373,81.32213577732281,78.83106915876192,76.33063035652344,73.82662465203119,71.32485900400445,68.83114328060239
61.93490666611838,64.00412264198471,66.0139380906102,67.98414830724629,69.9345596092644,71.88498431850667,73.8552381193804,75.8651386287722,77.93450460191367,80.06333485352104,82.17234602211494,84.16243425861524,85.93449588377213,87.43120998189924,88.76238622050727,90.07961698096372,91.53449469403941,93.21247852165938,94.93449444851532,96.48092277972668,97.7344943502875,98.59579678566497,98.93449432409709,98.64285611710214,97.7344943502875,96.26854016168762,94.36485745262746,92.15849332838182,89.78449491845488,87.35636872424618,84.9014586663241,82.42556813879065,79.93450077859404,77.4340606537159,74.93005259254662,72.42828275475574,69.9345596092644
63.03825490528554,65.10750312816471,67.11733814964049,69.08756049616727,71.03797944295212,72.98840903112732,74.95866597075909,76.96856850574825,79.03793578351039,81.16676686328233,83.275778535472,85.26586706808334,87.03792886391489,88.53464306079012,89.8658193627534,91.1830501694217,92.63792791962337,94.31591177714293,96.03792772475076,97.58435606873766,98.83792764678729,99.69923008619082,100.03792762599993,99.7462894178258,98.83792764678729,97.37197344920163,95.4682907228861,93.26192656645213,90.88792809774206,88.45980179896554,86.00489155550284,83.52900069777198,81.03793274893837,78.53749157427941,76.03348164261106,73.53170847939194,71.03797944295212
64.24162069516626,66.31089451324543,68.32074506997895,70.29097704411448,72.24140205859811,74.19183551920261,76.16209495007554,78.17199909278534,80.24136740602674,82.37019914311384,84.47921121500795,86.46929998264281,88.24136191393893,89.73807618919061,91.069252541439,92.38648338478562,93.84136116445421,95.51934504570508,97.24136100978373,98.78778936391059,100.04136094790408,100.90266339050311,101.24136093140515,100.94972272229509,100.04136094790408,98.57540674318639,96.67172400317526,94.46535982119342,92.09136130582712,89.66323492405506,87.20832453332864,84.7324334135199,82.24136499748461,79.7409229896134,77.23691157332695,74.73513577070717,72.24140205859811
65.64500041549655,67.71429454895865,69.72415743620843,71.69439705185025,73.64482688229684,75.59526341646165,77.56552482463857,79.57543024339896,81.64479937850159,83.77363163730031,85.88264402644013,87.87273298061334,89.64479501942779,91.1415093568869,92.4726857490466,93.78991662150489,95.24479442456139,96.92277832464781,98.64479430179932,100.19122266397426,101.44479425268543,102.3060966978207,102.6447942395902,102.35315602973729,101.44479425268543,99.97884004230701,98.07515729142568,95.8687930891665,93.49479453676912,91.06666808912345,88.61175758151374,86.13586625369358,83.64479746683995,81.14435479764734,78.6403422030174,76.13856430549987,73.64482688229684
65.87979306410111,67.97195971920982,70.01677671202472,72.03352716446575,74.04084184265474,76.05588517978236,78.09362552201324,80.16644680074195,82.28445038771561,84.44103796613526,86.56827465100145,88.58490857170823,90.41238833628094,92.012975820116,93.49081398794021,94.97672534052032,96.58691610892704,98.37025264448303,100.16039840824317,101.77827171450605,103.18499500439687,104.33081023245059,104.86999483583756,104.43958400850667,103.18499500439687,101.36130269424682,99.154775338022,96.71845356244998,94.18799474928531,91.66684540058775,89.16006969419374,86.65655258385392,84.15037355899685,81.63778093198081,79.116000833731,76.5834182364139,74.04084184265474
64.18328771395443,66.25252843445875,68.26235890226663,70.2325784267548,72.18299559497547,74.1334240480623,76.10368025745954,78.11358232119213,80.18294929543345,82.31178018253246,84.4207917375603,86.41088020128124,88.18294195740523,89.67965613130666,91.01083241853031,92.3280632144474,93.7829409560117,95.4609248065751,97.182940749355,98.72936909036967,99.982940666677,100.8442431051439,101.18294064463264,100.89130243673284,99.982940666677,98.51698647118191,96.61330374888084,94.40693959993551,92.03294114490136,89.60481487045259,87.14990467015602,84.67401388924574,82.18294607735888,79.68250514693202,77.17849565043647,74.67672326088064,72.18299559497547
63.07662497283059,65.1457884130672,67.1555719738354,69.12576242840669,71.07616127546675,73.02657803585493,74.99682672298947,77.00672393222482,79.07608777984186,81.20491668217952,83.31392703030022,85.30401478436755,87.0760761314561,88.5727900686998,89.90396620408748,91.22119688925422,92.67607454184314,94.35405832074977,96.07607421379609,97.62250252419318,98.87607408255295,99.73737651137107,100.07607404755971,99.78443584248595,98.87607408255295,97.41011990859305,95.50643722764588,93.30007315584238,90.92607484168676,88.49794881784312,86.04303906220946,83.56714907264356,81.0760826714718,78.57564425692684,76.07163924322583,73.5698748233053,71.07616127546675
62.487535141404166,64.56640732228381,66.59092191453587,68.58074391895653,70.55527884901663,72.53330814603501,74.53263752616468,76.56987581831854,78.66052668145497,80.80156447204432,82.91861479716344,84.92044471427035,86.71714673503415,88.26051603520273,89.6586141025571,91.05433528496782,92.58292622890116,94.31170045521229,96.06690153887666,97.64841664026976,98.97819117374868,99.9846405705636,100.42841370951676,100.06379858774856,98.97819117374868,97.33634483634813,95.28950942450291,92.97795478916993,90.53411007946403,88.0651160642416,85.58763244890909,83.09977944112052,80.60218575979792,78.09650505894005,75.58484715761168,73.06985615587494,70.55527884901663
45.3959370421793,47.45902555597398,49.465117598788815,51.43301869594558,53.381974059560974,55.33146932420752,57.3011250808912,59.3106395985386,61.379756948827875,63.50842936886853,65.61734455937962,67.6073763604014,69.37940545652495,70.87610073405068,72.20726489760963,73.52448685040642,74.97935748751205,76.65733561645607,78.37934758812415,79.92577348439391,81.17934362763015,82.04064529566278,82.37934257164551,82.08770458939892,81.17934362763015,79.71339115167135,77.80971173138218,75.60335374203265,73.2293665357929,70.80126027146008,68.3463855760246,65.87055798062906,63.379602806154864,60.8793627471338,58.37571114026778,55.874574944820026,53.381974059560974
46.39595143539323,48.46033310542941,50.467211649245044,52.43560077267645,54.38486395021411,56.33455576022902,58.30433800010135,60.3139341602575,62.38310410069424,64.511809907415,66.6207454009836,68.61078914044575,70.38282511786224,71.87952437677512,73.21069109474664,74.52791491076059,75.98278704475513,77.66076637922922,79.38277918760079,80.92920559897259,82.18277604415366,83.04407787451507,83.38277520601793,83.09113717622671,82.18277604415366,80.71682320589247,78.81314308987723,76.6067838027165,74.23279422638817,71.80468374599351,69.34980156984497,66.87396066166772,64.3829817555941,61.88269937614125,59.378972371412914,56.8777021588305,54.38486395021411
47.39666923397736,49.4620784590164,51.46958169600783,53.43835834142712,55.38786590141589,57.3377137382781,59.30759637968525,61.3172573443499,63.38646902755323,65.5152013340599,67.62415294245965,69.61420615757194,71.38624759671285,72.88295001567005,74.21411876108714,75.53134405594133,76.9862173780196,78.66419766932478,80.38621114178895,81.93263796199776,83.18620864683271,84.0475106060346,84.38620798160386,84.0945699140764,83.18620864683271,81.72025552101178,79.81657485279797,77.61021453556279,75.2362230780904,72.80810925139454,70.35322113776684,67.87736966312312,65.38637192093583,62.886055950686185,60.38226909931316,57.880892506755686,55.38786590141589
48.39794603367403,50.46417157179627,52.47217090990753,54.44125524221866,56.39095681304104,58.340928506569014,60.31089084413762,62.320603247202854,64.38984806288349,66.51860140276321,68.62756580169162,70.61762653769777,72.38967231183653,73.88637723893214,75.21754759353831,76.53477406215117,77.9896483272135,79.66762937795681,81.38964337751199,82.9360705222151,84.18964139726354,85.05094345872621,85.38964086927098,85.09800277179227,84.18964139726354,82.72368804320621,80.8200069367119,78.61364580190534,76.23965285136578,73.81153636870215,71.35664354247311,68.88078368115345,66.38977098852456,63.8894283565817,61.38559400280258,58.884132969784446,56.39095681304104
49.39966695956468,51.46654087391285,53.4749341454166,55.44426275861193,57.39411834388477,59.344188353902325,61.31421395102508,63.3239671826837,65.3932382963985,67.52200833077924,69.63098288166961,71.62104958705436,73.39309880189847,74.88980571971092,76.22097735153409,77.5382047517613,78.99307976527146,80.67106141878172,82.39307583668953,83.93950323894404,85.19307426496505,86.0543764075922,86.39307384589705,86.10143572464602,85.19307426496505,83.72712072975634,81.82343927539844,79.61707749168457,77.24308335609547,74.81496476538459,72.36006819874815,69.88420168087785,67.39317712194438,64.8928133281857,62.38894127040348,59.887413212777446,57.39411834388477
50.40174067044775,52.46912949652676,54.47783554516755,56.44735808811444,58.39733593234931,60.34748398339201,62.317559792597706,64.32734543113425,66.39663741809737,68.52542070310247,70.63440331168133,72.6244747549909,74.39652670073434,75.89323519858357,77.22440784413632,78.5416359837873,79.99651159134145,81.67449372326845,83.39650847322312,84.94293607989636,86.19650722574443,87.05780943279186,87.39650689312992,87.10486875301075,86.19650722574443,84.73055354675571,82.82687181629817,80.620509517546,78.24651444138155,75.81839417750982,73.36349464210173,70.88762284089754,68.39658886358919,65.89620827342416,63.39230628912428,60.89072503140463,58.39733593234931
51.404094564679596,53.47189226256826,55.48084663317516,57.4505231259225,59.40059801825666,61.350808015023006,63.32092367943852,65.33073504008829,67.40004359446503,69.52883739661742,71.63782640063252,73.62790160445189,75.39995571771763,76.8966654696453,78.22783891979682,79.54506764632941,80.99994372537697,82.67792623702378,84.39994125052431,85.94636901944486,87.19994026039971,88.06124251857759,88.3999399964034,88.10830184130862,87.19994026039971,85.73398646729272,83.83030451769471,81.6239418101562,79.24994598745606,76.82182439559395,74.36692250386503,71.89104650925944,69.40000505652992,66.89961113488334,64.39568539736736,61.89406191305038,59.40059801825666
52.50667095263245,54.57479328959937,56.58394479796637,58.55374349817693,60.5038954246302,62.45415459059831,64.42430188928233,66.4341336660639,68.50345537019794,70.6322575198911,72.74125159999551,74.73132978854377,76.50338562217689,78.00009636946879,79.3312704582315,80.64849965057272,82.10337610384502,83.7813589168758,85.50337413955288,87.04980203724921,88.3033733536904,89.1646756524505,89.50337314415636,89.2117349771754,88.3033733536904,86.83741947000766,84.9337373464777,82.7273743144851,80.35337789925887,77.92525525336906,75.47035149142373,72.99447216850288,70.50342478249485,68.00302027954032,65.49907568875463,62.99741868812242,60.5038954246302
53.50942400460386,55.577804081714035,57.587112086457424,59.5570077937754,61.50722086665456,63.457519060038436,65.42769146759352,67.43753944897017,69.50687159019468,71.63568036538288,73.74467847439975,75.73475903193538,77.50681623102744,79.0035277683414,80.33470236397059,81.6519319260246,83.10680867631942,84.78479172855887,86.50680711725951,88.05323511716526,89.30680649352001,90.16810882449028,90.50680632721274,90.21516815079772,89.30680649352001,87.84085253794726,85.9371702763674,83.73080698685538,81.35681010134066,78.92868661886781,76.47378137252866,73.9978994079157,71.5068473126407,69.00643441123103,66.50247485638755,64.00079125318149,61.50722086665456
54.51231731942123,56.58090201161389,58.59033424527723,60.56030695410519,62.510568561710016,64.4608977323048,66.43109006924745,68.44095091240904,70.5102913376341,72.63910537151116,74.74810667828913,76.73818911609538,78.51024739895442,80.00695956330989,81.33813456123957,82.65536441673495,84.11024140277681,85.78822464487632,87.51024016535001,89.05666824637946,90.31023967028761,91.17154202682309,91.51023953828943,91.21860135438659,90.31023967028761,88.84428565765569,86.94060328650554,84.73423979260018,82.36024253381709,79.93211838734746,77.47721196284283,75.00132790151329,72.51027206847763,70.00985250116841,67.5058810692136,65.00417635111683,62.510568561710016
55.51532198899213,57.584069113645725,59.5935999589978,61.56363378832319,63.51393391971375,65.46428767764934,67.43449583284928,69.44436688453561,71.5137138848244,73.6425320925444,75.7515359373941,77.74161986757468,79.5136790106211,81.01039167266015,82.34156698989608,83.65879707829615,85.11367425145056,86.79165764424224,88.51367326930418,90.06010141472159,91.3136728763729,92.17497525319949,92.51367277160585,92.22203458175996,91.3136728763729,89.8477188184531,87.94403636033695,85.73767270420444,83.36367514915796,80.93555047567347,78.48064311605745,76.00475739056031,73.51369859085383,71.01327373279065,68.50929287388388,66.00757139662656,63.51393391971375
56.51841505857152,58.5872911244565,60.5969002449701,62.56698258841237,64.51731329725345,66.46768657062307,68.43790728096604,70.44778643523897,72.51713865418957,74.6459601747028,76.75496603402578,78.7450511487063,80.5171109744845,82.0138240315355,83.34499960220509,84.66222987546178,86.11710719712761,87.79509070952365,89.51710641759746,91.06353461411958,92.31710610572767,93.17840849865934,93.51710602257404,93.22546782801109,92.31710610572767,90.85115201186287,88.94746948472172,86.74110569982943,84.36710790963852,81.93898281786187,79.48407471604693,77.00818766969743,74.5171265153376,72.01669745798384,69.51270911684844,67.01097433767235,64.51731329725345
57.62157830242613,59.69055672069196,61.70022797266044,63.670348823512796,65.62070380238637,67.57109256544891,69.54132324093135,71.55120882627884,73.62056518730316,75.74938933718961,77.8583967954039,79.84848285022365,81.62054321788682,83.11725658845916,84.44843236027924,85.76566278025678,87.22054021979619,88.89852382712233,90.62053960108267,92.16696783816661,93.42053935355145,94.28184175926575,94.62053928755238,94.3289010892455,93.42053935355145,91.95458523115704,90.05090264923072,87.84453876214175,85.47054078531652,83.04241536154106,80.58750667064211,78.11161857593038,75.62055555267769,73.12012316233447,70.61612888251757,68.11438354549809,65.62070380238637
58.62479725066045,60.6938569134098,62.703577481930154,64.67372889722401,66.62410313967233,68.57450419709036,70.54474278198221,72.55463347170678,74.62399312030924,76.75281935713531,78.86182808439223,80.85191488540163,82.6239756831594,84.12068930257388,85.45186523404726,86.76909577047722,88.22397330357299,89.90195698624521,91.62397281249973,93.17040108177764,94.42397261603406,95.28527503189392,95.62397256365057,95.33233436237214,94.42397261603406,92.95801847099571,91.0543358455864,88.8479718773838,86.47397375242679,84.04584806514364,81.59093890668825,79.11504997989019,76.6239854732942,74.12355043754899,71.61955144417686,69.11779772732632,66.62410313967233
59.728060415913674,61.79718456707995,63.806944279927066,65.77711995492082,67.727509487154,69.67792030272058,71.6481651653609,73.65805990645099,75.7274221644135,77.8562500576476,79.96525979214545,81.95534718540637,83.7274083245306,85.22412214145132,86.55529819964161,87.87252882849992,89.32740643585143,91.00539017832588,92.72740604608632,94.27383434091661,95.52740589015141,96.3887083140638,96.72740584857459,96.43576764493767,95.52740589015141,94.06145172714055,92.15776906721874,89.95140503463624,87.57740679210696,85.14928089567758,82.6943713661222,80.2184817788964,77.72741609496877,75.22697895956253,72.72297622502613,70.22121585705824,67.727509487154
60.831358679025016,62.90053401759728,64.91032480042189,66.88051973078478,68.83092139870169,70.78133995938663,72.75158980470809,74.761487761381,76.83085209039874,78.95968129832667,81.06869183227283,83.05877969560436,84.83084110567145,86.32755507935293,87.65873123811858,88.97596194033736,90.43083960662568,92.10882339656519,93.83083929726888,95.37726761238008,96.63083917350326,97.49214160380696,97.83083914050371,97.53920093499485,96.63083917350326,95.1648849962276,93.26120230891321,91.05483822523234,88.68083988938588,86.25271382695698,83.7978040028593,81.3219138914514,78.8308472730742,76.33040847116328,73.82640276725468,71.3246371202656,68.83092139870169
61.934684801080664,64.00390076896076,66.01371621273886,67.98392642637086,69.93433772649566,71.8847624345296,73.85501623462596,75.86491674351612,77.93428271633448,80.06311296773677,82.17212413620592,84.1622123726329,85.93427399774751,87.43098809585018,88.7621643344425,90.0793950948875,91.53427280795401,93.21225663556658,94.93427256241738,96.4807008936256,97.73427246418453,98.59557489956102,98.93427243799277,98.64263423099813,97.73427246418453,96.2683182755869,94.36463556653102,92.15827144229334,89.78427303238095,87.35614683819816,84.90123678032202,82.42534625287036,79.93427889281952,77.43383876820135,74.92983070749534,72.42806087052801,69.93433772649566
63.03803303590125,65.10728125244154,67.11711627006989,69.08733861421226,71.0377575594944,72.98818714671054,74.95844408572535,76.96834662031631,79.03771389782199,81.16654497743116,83.27555664952185,85.26564518207496,87.03770697787297,88.53442117472879,89.86559747667961,91.18282828333881,92.6377060335332,94.31568989104687,96.03770583865064,97.58413418263503,98.83770576068318,99.69900820008593,100.03770573989478,99.74606753172085,98.83770576068318,97.3717515630993,95.46806883678715,93.26170468035951,90.88770621166098,88.45957991290501,86.00466966947879,83.52877881181284,81.03771086309494,78.53726968864234,76.03325975734168,73.53148659477623,71.0377575594944
64.24139882233197,66.31067263537986,68.32052318905963,70.29075516130264,72.24118017459352,74.1916136344368,76.16187306482006,78.17177720721384,80.2411455202517,82.36997725720957,84.47898932902511,86.46907809661377,88.24114002788328,89.73785430311955,91.06903065535803,92.38626149869748,93.84113927836027,95.51912315960647,97.24113912368188,98.78756747780673,100.04113906179907,100.90244150439747,101.24113904529929,100.9495008361894,100.04113906179907,98.57518485708277,96.67150211707434,94.46513793509752,92.09113941974039,89.66301303798463,87.20810264728719,84.73221152752996,82.24114311158647,79.74070110387906,77.23668968788445,74.7349138857835,72.24118017459352
65.64477853992393,67.7140726693926,69.72393555421857,71.69417516835829,73.64460499785824,75.59504153141886,77.5653029392071,79.57520835771666,81.64457749265776,83.77340975135394,85.88242214043137,87.87251109456791,89.64457313336125,91.14128747080812,92.47246386295997,93.78969473541252,95.24457253846442,96.92255643854716,98.6445724156961,100.19100077786946,101.44457236657968,102.30587481171446,102.6445723534838,102.35293414363102,101.44457236657968,99.97861815620242,98.07493540532322,95.868571203068,93.4945726506779,91.06644620304519,88.61153569545846,86.13564436767916,83.6445755808984,81.1441329118358,78.64012031743752,76.13834242033177,73.64460499785824
65.87957869360187,67.9717459184748,70.01656377803539,72.03331537386615,74.04063143435852,76.05567631985596,78.09341825499996,80.16624099684631,82.2842457004004,84.44083391045797,86.5680710078734,88.58470552642224,90.41218652741371,92.01277628668745,93.49061757600653,94.9765323907688,96.58672623023824,98.37006478732478,100.16021183250476,101.77808646112129,103.18481251340636,104.33063262165541,104.86982047690572,104.43940741474812,103.18481251340636,101.36111359542666,99.1545802037689,96.7182535558342,94.18779127697928,91.6666398078025,89.15986289926472,86.6563451427369,84.15016576272038,81.63757284926037,79.11579233070302,76.58320900058914,74.04063143435852
64.18306584558138,66.25230655936357,68.26213702309134,70.23235654505098,72.18277371167802,74.13320216374782,76.10345837249078,78.1133604358011,80.18272740977048,82.31155829669686,84.42056985161972,86.41065831527894,88.18272007136734,89.6794342452482,91.01061053245863,92.32784132836606,93.78271906992265,95.46070292047979,97.18271886325537,98.72914720426738,99.98271878057317,100.8440212190392,101.18271875852767,100.89108055062812,99.98271878057317,98.51676458507994,96.61308186278247,94.40671771384385,92.03271925882194,89.60459298439497,87.14968278413707,84.67379200329566,82.18272419153149,79.68228326132345,77.17827376521781,74.67650137635522,72.18277371167802
63.07640311487404,65.14556654444074,67.1553500987325,69.1255405492901,71.07593939382049,73.02635615259425,74.99660483869016,77.00650204725522,79.07586589444058,81.20469479650421,83.31370514445825,85.30379289842759,87.0758542454597,88.57256818267072,89.90374431803744,91.22097500318887,92.67585265576551,94.35383643466224,96.07585232770168,97.62228063809457,98.87585219645187,99.73715462526862,100.07585216145682,99.78421395638347,98.87585219645187,97.4098980224949,95.50621534155343,93.29985126976062,90.92585295562444,88.49772693181541,86.04281717624315,83.5669271867865,81.07586078580951,78.57542237161195,76.07141735852989,73.56965293970973,71.07593939382049
62.48731638274445,64.56618881103374,66.59070378257714,68.58052629282086,70.55506184286233,72.53309184559582,74.5324219644617,76.56966094681724,78.66031234437087,80.80135044027578,82.91840096599451,84.92023117547619,86.71693380729066,88.26030425502202,89.65840394706412,91.0541270033919,92.5827196766171,94.311495077491,96.06669692119831,97.64821281989671,98.97798906297155,99.98444163429582,100.4282170060476,100.06360033929992,98.97798906297155,97.3361387336968,95.28929995152191,92.97774276784872,90.53389633163238,88.06490129326681,85.58741710866997,83.09956379803617,80.60196995118984,78.09628911730894,75.5846310215561,73.06963968300089,70.55506184286233
45.39622386637856,47.459312795464264,49.46540509092064,51.43330634486526,53.38226180738086,55.33175713518084,57.301412932507276,59.31092747638944,61.38004484357813,63.50871727434745,65.61763247138286,67.60766427624105,69.3796933745759,70.87638865338104,72.20755281776086,73.52477477115636,74.97964540874304,76.65762353807445,78.37963551001138,79.92606140644669,81.17963154977997,82.04093321786473,82.3796304938653,82.08799251160343,81.17963154977997,79.71367907370472,77.809999653192,75.6036416634254,73.22965445642403,70.8015481907364,68.34667349289697,65.87084589322339,63.379890711123124,60.879650638502596,58.375999007408225,55.87486276889638,53.38226180738086
46.396238485472466,48.46062048554643,50.46749923004384,52.43588847798064,54.38515173404065,56.33484359419076,58.304625866325466,60.314222047305876,62.38339200115641,64.51209781639277,66.62103331513981,68.61107705764697,70.3831130368186,71.87981229674696,73.21097901536999,74.52820283185915,75.98307496623548,77.66105430101703,79.38306710960202,80.9294935211052,82.18306396636329,83.0443657967661,83.38306312828311,83.09142509847979,82.18306396636329,80.71711112800969,78.81343101181699,76.6070717243253,74.23308214739242,71.80497166592244,69.35008948786589,66.87424857629313,64.38326966416653,61.882987273919426,59.379260249959856,56.87799000319367,54.38515173404065
47.39695646359108,49.462365950847,51.46986934722059,53.438646091499436,55.38815371382735,57.338001590488346,59.30788425750484,61.317545238698784,63.386756932549076,65.51548924581478,67.62444085832472,69.61449407585386,71.38653551638782,72.883237936151,74.21440668208521,75.53163197731661,76.98650529969788,78.66448559124711,80.38649906388065,81.93292588419374,83.18649656908983,84.04779852832459,84.38649590390506,84.09485783636799,83.18649656908983,81.72054344319554,79.8168627748409,77.61050245734299,75.23651099939082,72.80839717184145,70.35350905669935,67.87765757936057,65.38665983236899,62.88634385355169,60.38255698691407,57.881180367222555,55.38815371382735
48.39823340594429,50.46445915235583,52.472458617032444,54.441543027833404,56.391244648144394,58.34121637326477,60.31117873116119,62.32089114734646,64.39013597147783,66.51888931672231,68.62785371891304,70.61791445683745,72.38996023208188,73.88666515981723,75.21783551483381,76.53506198374603,77.98993624904888,79.6679172999859,81.38993129967548,82.93635844446138,84.18992931955833,85.0512313810471,85.38992879160078,85.09829069411444,84.18992931955833,82.72397596544279,80.82029485883669,78.6139337238216,76.23994077290124,73.8118242895602,71.35693146212915,68.88107159867045,66.39005890222832,63.889716263485155,61.38588189759004,58.88442084303412,56.391244648144394
49.39995444516241,51.466828524935636,53.47522189693447,55.44455057244295,57.394406197001246,59.344476232096284,61.3145018453543,63.32425508742671,65.39352620784905,67.52229624648785,69.63127079996755,71.62133750687485,73.39338672259655,74.89009364091672,76.22126527306564,77.53849267353047,78.99336768723154,80.67134934089552,82.39336375891003,83.93979116123023,85.19336218728978,86.05466432993762,86.39336176824953,86.10172364699244,85.19336218728978,83.72740865203484,81.82372719758818,79.61736541370884,77.24337127781749,74.81525268656893,72.36035611897847,69.88448959941039,67.39346503745033,64.89310123829415,62.38922917089515,59.88770109617363,57.394406197001246
50.40202824605721,52.469417203500825,54.47812333192991,56.4476459243447,58.3976237997644,60.347771870712734,62.31784769272565,64.32763333952789,66.39692533181493,68.52570862019971,70.63469123083372,72.62476267535175,74.39681462179169,75.89352312004394,77.22469576585524,78.5419239056948,79.99679951340048,81.67478164544949,83.39679639548888,84.94322400221424,86.19679514809286,87.05809735515673,87.3967948155004,87.10515667537643,86.19679514809286,84.73084146906749,82.82715973853954,80.62079743965599,78.24680236325165,75.81868209895313,73.36378256278786,70.88791076023611,68.39687678052555,65.89649618607649,63.39259419414357,60.89101292285463,58.3976237997644
51.40438221177155,53.47218001396638,55.48113444791723,57.45081097993351,59.400885897021595,61.35109590958808,63.321211584169106,65.33102295137954,67.40033150998192,69.5291253148168,71.6381143204631,73.62818952524162,75.40024363906019,76.89695339130772,78.22812684166448,79.54535556834674,81.00023164751454,82.67821415925822,84.40022917282596,85.9466569417879,87.200228182767,88.06153044095791,88.4002279187882,88.1085897636896,87.200228182767,85.73427438963091,83.83059243997701,81.62422973233421,79.25023390944368,76.82211231724284,74.36721042491294,71.89133442923779,69.40029297460163,66.89989904955475,64.39597330598032,61.894349810893004,59.400885897021595
52.50695865648538,54.575081076266656,56.58423263491983,58.5540313663021,60.50418331240415,62.454442490913465,64.42458979766613,66.43442157965504,68.50374328714298,70.63254543896525,72.74153952036434,74.73161770967388,76.5036735437458,78.00038429129157,79.33155838021717,80.64878757267721,82.10366402604495,83.78164683915259,85.503662061883,87.05008995961221,88.30366127607263,89.16496357484309,89.5036610665525,89.21202289956851,88.30366127607263,86.83770739236681,84.93402526879248,82.72766223671712,80.35366582133977,77.9255431751811,75.47063941275879,72.99476008898901,70.50371270146766,68.00330819581431,65.49936360021994,62.99770659103909,60.50418331240415
53.50971175352396,55.57809189638064,57.587399941042506,59.557295673103965,61.50750876157937,63.45780696491761,65.42797937887696,67.43782736438672,69.50715950827328,71.63596828515136,73.74496639519583,75.73504695333568,77.50710415277601,79.00381569029147,80.33499028604994,81.65221984819826,83.10709659856883,84.78507965086928,86.50709503961227,88.0535230395441,89.30709441591415,90.1683967468926,90.50709424961786,90.21545607320047,89.30709441591415,87.84114046032303,85.93745819870797,83.73109490913026,81.3570980234956,78.92897454080938,76.4740692940916,73.99818732880487,71.50713523232875,69.00672232877699,66.50276277011682,64.00107916012553,61.50750876157937
54.512605104121235,56.58118984850745,58.5906221138581,60.56059484232651,62.51085646231073,64.46118564080656,66.43137798283236,68.44123882927445,70.5105792566124,72.63939329183071,74.7483945994243,76.73847703771011,78.51053532084558,80.007247485361,81.33842248339327,82.6556523389635,84.11052932506547,85.78851256721347,87.51052808772073,89.05695616877085,90.31052759269114,91.17182994923314,91.51052746070175,91.21888927679699,90.31052759269114,88.84457358004467,86.94089120886657,84.73452771490906,82.36053045603079,79.93240630939178,77.47749988458666,75.00161582272239,72.51055998873338,70.01014041972397,67.5061689847398,65.00446426125751,62.51085646231073
55.515609802096975,57.58435696818324,59.593887838688076,61.5639216836031,63.51422182481957,65.4645755890264,67.43478374826091,69.44465480255099,71.5140018045168,73.64282001330136,75.75182385879839,77.74190778935963,79.51396693262545,81.01067959479144,82.3418549121088,83.65908500056827,85.11396217377043,86.79194556660049,88.51396119168916,90.06038933712297,91.31396079878392,92.17526317561567,92.51396069402384,92.2223225041764,91.31396079878392,89.84800674085257,87.94432428271422,85.73796062654034,83.36396307141831,80.93583839779937,78.48093103794486,76.00504531202327,73.51398651156012,71.0135616521475,68.50958079083632,66.00785930930445,63.51422182481957
56.5187028942253,58.58757899299961,60.597188133478525,62.56727048929494,64.51760120593511,66.4679744842823,68.43819519782754,70.44807435416709,72.51742657444873,74.64624809580692,76.75525395564372,78.74533907062636,80.51739889657868,82.01411195373043,83.34528752446465,84.66251779776849,86.1173951194722,87.79537863189876,89.51739433999376,91.06382253652889,92.31739402814463,93.17869642108039,93.51739394499648,93.22575575043234,92.31739402814463,90.85143993427064,88.9477574071119,86.74139362218679,84.36739583193588,81.93927074005254,79.48436263804831,77.00847559136191,74.51741443640151,72.01698537797668,69.51299703493291,67.01126225236405,64.51760120593511
57.621866155979546,59.690844600352264,61.70051586816824,63.670636728842325,65.62099171390621,67.5713804809195,69.54161115894364,71.5514967459314,73.62085310801218,75.74967725856929,77.85868471719138,79.84877077225092,81.6208311400523,83.11754451070459,84.44872028257599,85.76595070259091,87.22082814216043,88.89881174951078,90.62082752348792,92.16725576058222,93.42082727597312,94.28212968169066,94.6208272099784,94.32918901167058,93.42082727597312,91.95487315357141,90.05119057163114,87.8448266845161,85.47082870764326,83.04270328378311,80.58779459273394,78.11190649775482,75.62084347402545,73.12041108283212,70.61641680150049,68.11467146178816,65.62099171390621
58.62508511842239,60.69414480189445,62.703865382993584,64.6740168060832,66.62439105344488,68.57479211399865,70.54503070090787,72.55492139193434,74.62428104137531,76.75310727873368,78.86211600631427,80.85220280751399,82.62426360538146,84.12097722485942,85.45215315637351,86.76938369283317,88.2242612259528,89.90224490864424,91.6242607349121,93.17068900419824,94.42426053845946,95.2855629543219,95.62426048607944,95.33262228480025,94.42426053845946,92.95830639341533,91.05462376799493,88.84825979977164,86.47426167477687,84.04613598742648,81.59122682885183,79.11533790184154,76.62427339486723,74.12383835844729,71.61983936387293,69.11808564488507,66.62439105344488
59.72834829495392,61.79747246256888,63.80723218540018,65.7774078665816,67.72779740271454,69.67820822077002,71.64845308501145,73.65834782713492,75.72771008576296,77.85653797941958,79.96554771417429,81.95563510758629,83.72769624679759,85.22441006376864,86.55558612199128,87.87281675087317,89.32769435824362,91.00567810073332,92.72769396850435,94.27412226334116,95.52769381257977,96.38899623649422,96.7276937710057,96.43605556736819,95.52769381257977,94.06173964956434,92.15805698963372,89.9516929570348,87.57769471447553,85.14956881799279,82.69465928834278,80.21876970094853,77.72770401672061,75.22726688077883,72.72326414528823,70.22150377562394,67.72779740271454
60.831646567017486,62.90082191864573,64.91061270939505,66.88080764466918,68.8312093156814,70.7816278783418,72.75187772493409,74.76177568242719,76.83114001197313,78.9599692202364,81.06897975438648,83.05906761783788,84.83112902797407,86.32784300169554,87.65901916048684,88.97624986272432,90.43112752902769,92.10911131897929,93.8311272196914,95.3775555348078,96.63112709593399,97.4924295262393,97.83112706293663,97.53948885742727,96.63112709593399,95.16517291865468,93.26149023133331,91.05512614763941,88.68112781176913,86.2530017492979,83.79809192512509,81.32220181358352,78.83113519496797,76.330696392632,73.82669068796605,71.3249250396305,68.8312093156814
61.9349726961789,64.00418867442197,66.01400412449007,67.98421434202018,69.93462564460175,71.88505035420363,73.85530415530869,75.86520466484978,77.93457063808742,80.06340088975583,82.17241205838684,84.16250029490897,85.93456192007844,87.43127601821283,88.76245225682551,90.07968301728538,91.53456073036382,93.21254455798598,94.93456048484344,96.48098881605576,97.73456038661713,98.5958628219949,98.9345603604271,98.6429221534321,97.73456038661713,96.2686061980166,94.36492348895516,92.15855936470714,89.78456095477588,87.35643476055944,84.90152470262372,82.42563417506591,79.93456681482593,77.43412668987041,74.93011862856324,72.42834879052728,69.93462564460175
63.038320936639636,65.10756916140528,67.11740418402607,69.08762653126243,71.03804547849451,72.98847506695515,74.95873200677052,76.96863454187817,79.03800181971661,81.16683289953701,83.27584457175617,85.26593310438483,87.03799490022635,88.53470909710735,89.86588539907433,91.18311620574534,92.63799395594918,94.31597781347048,96.03799376107955,97.58442210506718,98.83799368311726,99.69929612252103,100.03799366233022,99.74635545415602,98.83799368311726,97.37203948553108,95.46835675921454,93.26199260277868,90.88799413406517,88.45986783528252,86.00495759180899,83.5290667340588,81.03799878519077,78.53755761047037,76.03354767869263,73.53177451527895,71.03804547849451
64.24168672754708,66.31096054712357,68.32081110476592,70.29104307946467,72.24146809430324,74.19190155513431,76.16216098615295,78.17206512895682,80.2414334422588,82.37026517938433,84.47927725130182,86.46936601895041,88.24142795025449,89.73814222551073,91.06931857776206,92.38654942111086,93.84142720078117,95.51941108203343,97.24142704611302,98.78785540024047,100.04142698423433,100.90272942683353,101.24142696773563,100.94978875862552,100.04142698423433,98.57547277951622,96.67179003950429,94.46542585752096,92.09142734215192,89.66330096037498,87.20839056963996,84.7324994498159,82.24143103375327,79.74098902583333,77.23697760946001,74.73520180668584,72.24146809430324
65.6450664486923,67.71436058334287,69.72422347131398,71.6944630874028,73.64489291813116,75.59532945247577,77.56559086076834,79.57549627960339,81.64486541475411,83.77369767358334,85.88271006274171,87.87279901692584,89.64486105574662,91.14157539320934,92.47275178537137,93.78998265783136,95.24486046088921,96.92284436097674,98.64486033812904,100.19128870030444,101.44486028901585,102.3061627341513,102.64486027592086,102.3532220660679,101.44486028901585,99.97890607863715,98.0752233277552,95.8688591254948,93.49486057309525,91.06673412544573,88.6118236178292,86.13593228999684,83.6448635031215,81.14442083389021,78.64040823919137,76.13863034155128,73.64489291813116
65.87985686371862,67.97202334926013,70.01684008412323,72.0335901962805,74.04090446308254,76.05594733940003,78.09368720756402,80.16650805085408,82.28451130552196,84.44109869595962,86.56833525804689,88.58496900082966,90.41244839743113,92.0130352040714,93.49087244290472,94.9767827651007,96.58697261952386,98.3703085534487,100.16045393584308,101.7783268485577,103.1850493163264,104.33086309197304,104.87004672756368,104.43963656534605,103.1850493163264,101.36135897274563,99.15483341273459,96.71851308723099,94.18805530549234,91.66690658787127,89.1601312392475,86.65661432121973,84.1504354020617,81.63784286029424,79.11606288713213,76.58348050790265,74.04090446308254
64.18335374500757,66.25259446751242,68.26242493653454,70.23264446177522,72.18306163047015,74.13349008385967,76.10374629345162,78.11364835730987,80.18301533163213,82.31184621878253,84.42085777384162,86.41094623758092,88.18300799371549,89.67972216762307,91.01089845485063,92.32812925077057,93.78300699233718,95.46099084290245,97.18300678568362,98.72943512669909,99.98300670300691,100.84430914147403,101.18300668096285,100.89136847306298,99.98300670300691,98.51705250751124,96.6133697852091,94.40700563626177,92.03300718122395,89.60488090676873,87.14997070646064,84.6740799255299,82.18301211360651,79.6825711831145,77.17856168650292,74.6767892967408,72.18306163047015
63.07669100078374,65.14585444419575,67.15563800689137,69.12582846265715,71.07622731047002,73.02664407133868,74.99689275878232,77.00678996821713,79.07615381596264,81.20498271838187,83.31399306655217,85.30408082064865,87.07614216775403,88.57285610500745,89.90403224040139,91.22126292557266,92.67614057816523,94.3541243570748,96.07614025012316,97.6225685605215,98.87614011888205,99.73744254770052,100.0761400838893,99.78450187881543,98.87614011888205,97.41018594492121,95.50650326397235,93.3001391921657,90.92614087800429,88.49801485415036,86.04310509849842,83.5672151089,81.07614870767026,78.57571029302193,76.07170527913672,73.5699408588887,71.07622731047002
62.48760024697883,64.56647235422712,66.5909868335986,68.58080868748169,70.55534343302968,72.5333725200207,74.53270168029562,76.56993976703899,78.66059047112782,80.80162817085237,82.91867843627114,84.92050826636455,86.71721010527381,88.2605790639167,89.65867664774817,91.05439727246262,92.58298770174133,94.31176157849059,96.06696243595836,97.64847730006515,98.97825132475046,99.98469977679753,100.42847225124544,100.06385758928005,98.97825132475046,97.33640617537301,95.2895717665717,92.97801788964962,90.53417369376976,88.06517998304442,85.5876965371303,83.09984361947132,80.60224998741015,78.09656932614115,75.5849114826753,73.06992058117885,70.55534343302968
45.39620281546013,47.459291714067255,49.46538399098206,51.43328523341988,53.382240688677115,55.33173601184221,57.30139180618585,59.31090634814262,61.38002371409104,63.50869614407297,65.61761134062957,67.6076431452062,69.37967224337874,70.87636752208999,72.20753168640955,73.52475363976112,74.9796242773125,76.65760240661548,78.3796143785327,79.92604027495585,81.17961041828198,82.04091208636297,82.3796093623622,82.08797138010144,81.17961041828198,79.71365794221529,77.80997852171899,75.60362053198301,73.22963332503753,70.80152705944931,68.34665236178634,65.87082476242671,63.37986958088612,60.87962950926368,58.37597787994744,55.8748416445961,53.382240688677115
46.39621741797649,48.4605993938287,50.467478123597914,52.43586736239715,54.38513061269434,56.33482246916499,58.30460473893194,60.31420091838403,62.38337087125012,64.5120766858615,66.6210121842285,68.61105592651217,70.383091905555,71.87979116540885,73.21095788398404,74.52818170043832,75.98305383478666,77.66103316954565,79.38304597811495,80.92947238960849,82.18304283486094,83.04434466526072,83.38304199677668,83.09140396697424,82.18304283486094,80.71708999651409,78.81340988033443,76.60705059286701,74.23306101597852,71.80495053458745,69.35006835667095,66.87422744534739,64.38324853366503,61.882966144210116,59.379239121661925,56.87796887740454,54.38513061269434
47.396935382918926,49.46234485093052,51.469848235606925,53.43862497263038,55.38813259038318,57.337980464123305,59.3078631292603,61.31752410924116,63.386735802310056,65.5154681150797,67.62441972728799,69.61447294463977,71.38651438507151,72.88321680477551,74.21438555067176,75.53161084587546,76.98648416823453,78.66446445976584,80.38647793238695,81.93290475269238,83.186475437584,84.04777739681633,84.38647477239599,84.09483670485963,83.186475437584,81.72052231169508,79.81684164335078,77.61048132587214,75.23648986795519,72.80837604046846,70.35348792543749,67.87763644829653,65.38663870165753,62.88632272346902,60.382535857951666,57.88115924025155,55.38813259038318
48.39821231480245,50.464438045927466,52.47243750131534,54.44152190635586,56.39122352303484,58.341195245836616,60.31115760224117,62.320870017463534,64.39011484097472,66.51886818582545,68.6278325877768,70.6178933255604,72.38993910072368,73.88664402841206,75.21781438339855,76.53504085228877,77.98991511757399,79.6678961684968,81.38991016817653,82.93633731295631,84.18990818804971,85.05121024953658,85.38990766008962,85.09826956260383,84.18990818804971,82.72395483393845,80.82027372734058,78.61391259234077,76.23991964144835,73.81180315815703,71.35691033081422,68.88105046751248,66.39003777135022,63.88969513310613,61.385860768100216,58.88439971512497,56.39122352303484
49.39993334570336,51.466807413335914,53.475200777959344,55.44452944889457,57.39438507056968,59.34445510382429,61.314480715898114,63.324233957206246,65.39350507713631,67.52227511546262,69.63124966875228,71.6213163755478,73.39336559120511,74.89007250948802,76.22124414161306,77.53847154206045,78.9933465557475,80.6713282094002,82.39334262740687,83.93977002972227,85.19334105577897,86.05464319842528,86.3933406367367,86.10170251548006,85.19334105577897,83.72738752052742,81.8237060660873,79.6173442822201,77.24335014635089,74.81523155514182,72.36033498762139,69.88446846817791,67.39344390643996,64.8930801076799,62.38920804098669,59.88767996751983,57.39438507056968
50.402007139992136,52.46939608779479,54.478102210368135,56.447624799152436,58.39760267228347,60.34775074177091,62.31782656284389,64.3276122090395,66.39690420093581,68.52568748907257,70.63467009955573,72.62474154398507,74.39679349037391,75.89350198859657,77.22467463438889,78.54190277421463,79.99677838190918,81.67476051394925,83.39677526398239,84.94320287070394,86.19677401658032,87.05807622364298,87.39677368398623,87.10513554386264,86.19677401658032,84.73082033755762,82.82713860703484,80.62077630816094,78.24678123177421,75.81866096750701,73.36376143139732,70.88788962894446,68.39685564941021,65.89647505527554,63.3925730639028,60.89099179360974,58.39760267228347
51.404361100460314,53.472158895000035,55.481113324302015,57.450789853436305,59.40086476870769,61.35107478011459,63.32119045394957,65.3310018206785,67.40031037897076,69.52910418360875,71.63809318913536,73.62816839384348,75.40022250762146,76.89693225984553,78.22810571018721,79.5453344368585,81.00021051601746,82.67819302775405,84.40020804131686,85.94663581027574,87.20020705125309,88.06150930944301,88.40020678727296,88.10856863217465,87.20020705125309,85.73425325811913,83.83057130846933,81.62420860083418,79.25021277795763,76.82209118578164,74.36718929349584,71.89131329789919,69.40027184340295,66.89987791860563,64.39595217547583,61.89432868117896,59.40086476870769
52.5069375410084,54.57505995471186,56.5842115096745,58.554010238769024,60.50416218342906,62.45442136101798,64.42456866717848,66.4344004487852,68.50372215602701,70.63252430769302,72.7415183889971,74.73159657825076,76.50365241229048,78.0003631598176,79.33153724873125,80.64876644118257,82.1036428945433,83.7816257076453,85.5036409303718,87.05006882809857,88.30364014455762,89.1649424433273,89.50363993503645,89.21200176805269,88.30364014455762,86.83768626085346,84.9340041372824,82.72764110521314,80.35364468984687,77.92552204370793,75.47061828132061,72.99473895761315,70.50369157020285,68.00328706474758,65.4993424695061,62.99768546095267,60.50416218342906
53.50969063473947,55.57807077277096,57.58737881450318,59.55727454474868,61.50748763207949,63.45778583468716,65.42795824817648,67.4378062333829,69.50713837707411,71.63594715382817,73.7449452637972,75.73502582189275,77.5070830213075,79.00379455880817,80.33496915455716,81.65219871669854,83.10707546706355,84.78505851935952,86.50707390809941,88.05350190802933,89.30707328439823,90.1683756153761,90.50707311810118,90.21543494168392,89.30707328439823,87.84111932880847,85.93743706719599,83.73107377762312,81.35707689199725,78.92895340932668,76.47404816263672,73.99816619739943,71.50711410101145,69.0067011976169,66.50274163923683,64.00105802974353,61.50748763207949
54.51258398271082,56.5811687232665,58.590600986291605,60.56057371331859,62.510835332394265,64.46116451031024,66.43135685196299,68.44121769816431,70.5105581253472,72.63937216046708,74.7483734680008,76.73845590625143,78.5105141893666,80.0072263538703,81.33840135189502,82.65563120745975,84.11050819355731,85.78849143570174,87.51050695620654,89.05693503725516,90.31050646117455,91.17180881771606,91.5105063291845,91.2188681452799,90.31050646117455,88.84455244852914,86.94087007735308,84.73450658339942,82.36050932452812,79.93238517790158,77.4774787531185,75.00159469129345,72.51053885737441,70.01011928848979,67.50614785372795,65.00444313064091,62.510835332394265
55.515588678601915,57.5843358416474,59.593866710306244,61.56390055407714,63.51420069457248,65.46455445831904,67.43476261725746,69.44463367135646,71.51398067319917,73.6427988819056,75.75180272735514,77.74188665788844,79.51394580113816,81.01065846329483,82.34183378060622,83.65906386906133,85.11394104225998,86.79192443508724,88.51394006017394,90.06036820560654,91.3139396672668,92.17524204409816,92.51393956250621,92.22230137265885,91.3139396672668,89.84798560933626,87.94430315119956,85.73793949502871,83.36394193991222,80.93581726630316,78.48090990646614,76.0050241805757,73.51396538016809,71.01354052085449,68.5095596597198,66.00783817850164,63.51420069457248
56.51868176907536,58.58755786543588,60.597167004449545,62.56724935935779,64.51758007542558,66.46795335340747,68.43817406671769,70.44805322290556,72.51740544308953,74.6462269643857,76.75523282418479,78.74531793914525,80.5173777650848,82.01409082222915,83.34526639295865,84.66249666625902,86.11737398795994,87.79535750038423,89.5173732084777,91.06380140501187,92.31737289662706,93.17867528956255,93.51737281347852,93.22573461891446,92.31737289662706,90.85141880275374,88.94773627559628,86.74137249067357,84.36737470042709,81.93924960855155,79.48434150656124,77.00845445989957,74.51739330498324,72.01696424663702,69.51297590373329,67.01124112141343,64.51758007542558
57.62184502951594,59.69082347197265,61.70049473862555,63.670615598578806,65.6209705831884,67.57135934991173,69.54159002774932,71.55147561461672,73.62083197661995,75.74965612712785,77.85866358572001,79.84874964076195,81.62081000855316,83.11752337919961,84.44869915106723,85.76592957107945,87.22080701064672,88.8987906179953,90.62080639197121,92.16723462906475,93.42080614445518,94.28210855017252,94.62080607846016,94.32916788015241,93.42080614445518,91.95485202205403,90.05116944011479,87.84480555300165,85.4708075761323,83.04268215227837,80.5877734612402,78.11188536628073,75.62082234258637,73.12038995145541,70.61639567023498,68.11465033072027,65.6209705831884
58.62506399091599,60.69412367286721,62.70384425304319,64.67399567556065,66.62436992256173,68.57477098288538,70.54500956964654,72.55490026057745,74.62425990995686,76.75308614727618,78.86209487483302,80.85218167601877,82.6242424738782,84.12095609335148,85.4521320248626,86.76936256132008,88.22424009443796,89.90222377712797,91.62423960339484,93.17066787268041,94.42423940694127,95.28554182280351,95.62423935456097,95.33260115328187,94.42423940694127,92.95828526189754,91.05460263647798,88.84823866825622,86.4742405432642,84.04611485591874,81.59120569735285,79.11531677035816,76.62425226341159,74.12381722704114,71.61981823255505,69.11806451372405,66.62436992256173
59.728327166619806,61.79745133302758,63.80721105512613,65.77738673585343,67.72777627170017,69.67818708957297,71.64843195369693,73.65832669574456,75.72768895432374,77.85651684794934,79.9655265826852,81.95561397608611,83.72767511529104,85.22438893225838,86.55556499047864,87.87279561935881,89.32767322672787,91.00565696921643,92.7276728369867,94.27410113182303,95.52767268106138,96.38897510497566,96.72767263948711,96.43603443584962,95.52767268106138,94.06171851804626,92.15803585811629,89.95167182551856,87.57767358296152,85.14954768648268,82.69463815683962,80.21874856945774,77.72768288525185,75.22724574934938,72.7232430139288,70.221482644389,67.72777627170017
60.831625438026364,62.900800788696415,64.91059157886413,66.88078651377782,68.83118818456288,70.78160674707829,72.75185659357732,74.76175455101021,76.83111888051741,78.95994808875605,81.06895862289116,83.05904648633376,84.83110789646489,86.32782187018343,87.65899802897283,88.97622873120893,90.43110639751119,92.10909018746192,93.83110608817341,95.37753440328945,96.63110596441541,97.49240839472063,97.83110593141788,97.53946772590854,96.63110596441541,95.16515178713635,93.26146909981551,91.05510501612257,88.68110668025403,86.25298061778591,83.79807079361862,81.32218068208684,78.8311140634888,76.33067526118403,73.82666955657365,71.32490390833692,68.83118818456288
61.934951566666285,64.0041675441488,66.01398299375526,67.98419321099931,69.93460451340056,71.88502922288737,73.85528302391839,75.86518353341171,77.93454950661857,80.06337975826747,82.17239092688659,84.16247916340171,85.93454078856718,87.43125488669925,88.76243112531044,90.07966188576921,91.53453959884678,93.21252342646822,94.93453935332522,96.48096768453723,97.73453925509841,98.59584169047608,98.93453922890826,98.64290102191326,97.73453925509841,96.26858506649809,94.36490235743706,92.1585382331898,89.7845398232599,87.35641362904596,84.9015035711146,82.4256130435646,79.93454568333848,77.43410555840771,74.93009749714469,72.42832765918715,69.93460451340056
63.03829980671307,65.10754803087505,67.11738305312943,69.08760540013874,71.03802434722769,72.988453935597,74.95871087535362,76.96861341042336,79.03798068823738,81.1668117680423,83.275823440252,85.2659119728751,87.03797376871344,88.53468796559261,89.86586426755841,91.18309507422853,92.63797282443167,94.31595668195241,96.0379726295611,97.58440097354851,98.83797255159843,99.69927499100211,100.03797253081129,99.74633432263713,98.83797255159843,97.3720183540124,95.46833562769619,93.26197147126095,90.88797300254852,88.45984670376782,86.00493646029777,83.5290456025538,81.03797765369676,78.53753647899603,76.03352654725329,73.53175338390184,71.03802434722769
64.24166559729197,66.31093941638933,68.32078997374084,70.29102194825937,72.24144696298437,74.1918804237429,76.16213985471492,78.17204399748871,80.24141231077131,82.37024404788454,84.47925611979454,86.46934488743874,88.24140681874027,89.73812109399506,91.06929744624544,92.38652828959354,93.8414060692633,95.51938995051512,97.24140591459442,98.78783426872167,100.0414058527154,100.90270829531455,101.24140583621664,100.94976762710655,100.0414058527154,98.57545164799743,96.67176890798575,94.46540472600289,92.09140621063474,89.6632798288594,87.20836943812711,84.73247831830793,82.24140990225406,79.7409678943497,77.23695647800419,74.73518067527942,72.24144696298437
65.64504531817641,67.71433945244667,69.72420234018696,71.69444195613274,73.64487178677093,75.595308321058,77.56556972931357,79.57547514812472,81.64484428326006,83.77367654207956,85.88268893123197,87.8727778854126,89.64483992423135,91.14155426169292,92.4727306538542,93.78996152631365,95.24483932937108,96.92282322945826,98.64483920661029,100.19126756878555,101.44483915749689,102.30614160263228,102.6448391444018,102.35320093454887,101.44483915749689,99.97888494711827,98.07520219623652,95.86883799397651,93.49483944157765,91.06671299392937,88.611802486315,86.13591115848656,83.64484237161815,81.14439970239926,78.64038710772246,76.13860921012159,73.64487178677093
65.8798364479424,67.97200298774501,70.01681980515208,72.03357002619937,74.04088442464428,76.05592744841998,78.09366746828431,80.16648845091376,82.28449181191876,84.44107926251024,86.5683158638865,88.58494966360455,90.41242917795603,92.01301620129718,93.49085373740563,94.9767643893224,96.58695453621849,98.37029066266409,100.16043616709479,101.77830920574407,103.18503193659032,104.33084617700456,104.87003012228827,104.43961974723558,103.18503193659032,101.36134096371114,99.1548148289153,96.71849403939285,94.18803592760013,91.66688700803596,89.16011154492652,86.65659456535933,84.15041561237783,81.637823043331,79.11604303014113,76.58346058112411,74.04088442464428
64.1833326151773,66.25257333704201,68.26240380567558,70.23262333067547,72.1830404992186,74.13346895251127,76.10372516204092,78.11362722585895,80.18299420015532,82.31182508728926,84.42083664233834,86.41092510607177,88.182986862203,89.67970103610855,91.0108773233349,92.32810811925393,93.78298586081979,95.46096971138445,97.18298565416521,98.72941399518044,99.98298557148811,100.84428800995514,101.18298554944394,100.8913473415441,99.98298557148811,98.51703137599262,96.61334865369082,94.40698450474413,92.03298604970749,89.60485977525431,87.14994957494991,84.67405879402574,82.182990982114,79.68255005164286,77.1785405550684,74.67676816537232,72.1830404992186
63.076669871945455,65.14583331434135,67.1556168764202,69.12580733180377,71.07620617937573,73.02662294009065,74.99687162743538,77.00676883680636,79.07613268451075,81.20496158690388,83.3139719350583,85.30405968914545,87.07612103624544,88.57283497349576,89.9040111088877,91.22124179405752,92.67611944664893,94.35410322555757,96.07611911860528,97.62254742900319,98.8761189873635,99.73742141618186,100.0761189523706,99.78448074729675,98.8761189873635,97.41016481340297,95.50648213245464,93.30011806064901,90.92611974648945,88.49799372263881,86.04308396699273,83.56719397740471,81.07612757619351,78.57568916157825,76.071684147752,73.56991972760878,71.07620617937573
62.48757941329943,64.56645154410957,66.59096605960258,68.58078796165731,70.55532276624874,72.53335192044803,74.53268115107593,76.56991930355018,78.66057005853386,80.80160778733497,82.91865807185769,84.92048792979519,86.71718982689752,88.26055889482781,89.6586566333855,91.05437743656148,92.58296803052852,94.3117420191368,96.06694294898699,97.64845788902488,98.97823207652306,99.9846808308938,100.42845351798199,100.06383870888067,98.97823207652306,97.3363865469808,95.28955181720768,92.97799769759585,90.53415333729288,88.06515952912916,85.58767602900159,83.09982308250135,80.60222943467663,78.09654876073928,75.58489089875756,73.06989996518446,70.55532276624874
45.39591335871265,47.459001838214945,49.465093860168075,51.43299494437819,53.381950299826954,55.33144555925864,57.30110131258628,59.31061582806737,61.37973317696118,63.508405596115935,65.61732078608827,67.60735258679327,69.37938168273422,70.87607696015431,72.20724112364549,73.5244630763928,74.97933371345874,76.65731184237075,78.37932381401663,79.92574971027273,81.17931985350096,82.04062152152927,82.37931879751052,82.0876808152652,81.17931985350096,79.71336737755178,77.80968795728107,75.603329967966,73.22934276178911,70.80123649756817,68.34636180233119,65.8705342072889,63.37957903344443,60.87933897554632,58.375687370680964,55.874551178789176,53.381950299826954
46.395927733274675,48.46030937605821,50.46718790330269,52.43557701645315,54.38484018750688,56.334531993381916,58.304314230590194,60.31391038902677,62.3830803283559,64.5117861343735,66.62072162751447,68.61076536672519,70.38280134399676,71.8795006028258,73.21066732074348,74.5278911367182,75.98276327068122,77.66074260512991,79.38275541348386,80.92918182484482,82.18275227001953,83.04405410037752,83.38275143187921,83.091113402089,82.18275227001953,80.71679943176596,78.81311931576536,76.60676002863201,74.23277045235355,71.8046599720477,69.34977779605673,66.87393688815988,64.38295798258605,61.88267560402453,59.378948600884215,56.87767839112449,54.38484018750688
47.39664551703389,49.46205472042054,51.46955794425109,53.43833458150712,55.38784213634827,57.337689969924114,59.30757260921661,61.31723357251634,63.38644525484051,65.51517756078907,67.62412916884941,69.61418238376213,71.38622382278803,72.88292624167866,74.21409498705304,75.53132028187608,76.98619360392934,78.66417389521438,80.38618736766455,81.93261418786474,83.18618487269464,84.04748683189385,84.38618420746215,84.09454613993552,83.18618487269464,81.72023174687979,79.81655107867763,77.61019076146411,75.23619930403136,72.80808547740597,70.35319736390332,67.87734588948213,65.38634814769156,62.88603217814938,60.38224532803682,57.88086873771992,55.38784213634827
48.39792230495079,50.46414782587367,52.47214715353388,54.441231479363765,56.39093304609966,58.3409047370189,60.31086707290896,62.32057947489082,64.38982428987362,66.51857762931036,68.62754202796938,70.61760276381716,72.38964853786462,73.88635346490742,75.21752381947965,76.53475028806781,77.98962455311027,79.6676056038376,81.38961960338165,82.93604674807796,84.18961762312237,85.05091968458291,85.38961709512694,85.09797899764885,84.18961762312237,82.72366426906984,80.81998316258478,78.61362202779543,76.23962907728732,73.81151259467964,71.35661976854983,68.88075990740683,66.3897472150928,63.88940458371147,61.385570230932814,58.88410919969314,56.39093304609966
49.39964322148349,51.466517122171794,53.47491038537723,55.44423899342708,57.394094575455966,59.34416458340276,61.31419017919316,63.32394340999187,65.39321452315278,67.52198455718192,69.6309591078585,71.62102581311751,73.39307502788915,74.88978194565968,76.22095357745594,77.53818097766354,78.99305599115795,80.67103764465551,82.39305206255452,83.93947946480358,85.19305049082142,86.05435263344685,86.39305007175112,86.10141195050059,85.19305049082142,83.72709695561653,81.82341550126594,79.61705371756577,77.24305958200159,74.81494099133512,72.36004442477747,69.88417790704736,67.3931533483638,64.89278955505083,62.388917498062696,59.88738944184831,57.394094575455966
50.40171692493391,52.46910574016556,54.477811782217884,56.44733432108001,58.397312162739794,60.3474602121388,62.31753602028695,64.32732165814096,66.39661364466447,68.5253969293905,70.63437953779965,72.62445098100943,74.39650292669535,75.89321142451132,77.2243840700427,78.5416122096781,79.99648781721974,81.67446994913668,83.39648469908437,84.94291230575328,86.19648345159882,87.0577856586449,87.39648311898249,87.10484497886372,86.19648345159882,84.73052977261315,82.82684804216143,80.62048574342009,78.24649066727545,75.81837040343893,73.3634708680934,70.88759906700048,68.39656508989049,65.89618450007923,63.39228251640962,60.89070125981047,58.397312162739794
51.40407081326313,53.47186850253877,55.480822867915094,57.45049935741983,59.40057424770994,61.3507842431716,63.32089990674771,65.33071126685574,67.40001982088356,69.52881362281443,71.63780262669485,73.62787783043501,75.39993194365509,76.89664169555635,78.22781514569095,79.54504387221118,80.99991995124878,82.6779024628876,84.39991747638258,85.94634524529971,87.19991648625256,88.06121874442935,88.3999162222548,88.10827806716033,87.19991648625256,85.73396269314799,83.8302807435546,81.62391803602466,79.24992221334026,76.8218006215061,74.36689872982683,71.89102273530956,69.39998128273746,66.89958736137166,64.39566162435597,61.89403814092833,59.40057424770994
52.506647196528974,54.57476952665755,56.583921030872204,58.55371972850878,60.50387165333957,62.45413081827209,64.42427811628986,66.43410989264144,68.50343159649852,70.63223374601588,72.74122782601336,74.73130601449878,76.50336184809566,78.00007259536659,79.33124668411588,80.64847587644729,82.1033523297117,83.78133514273611,85.50335036540878,87.04977826310241,88.303349579542,89.16465187830126,89.50334937000682,89.21171120302614,88.303349579542,86.8373956958612,84.93371357233488,82.72735054034914,80.35335412513538,77.92523147926775,75.47032771736181,72.99444839451107,70.50340100862799,68.00299650589633,65.49905191550769,62.997394915581395,60.50387165333957
53.50940024477899,55.57778031646019,57.58708831790736,59.55698402318214,61.50719709477346,63.45749528733535,65.42766769436162,67.43751567539698,69.50684781640166,71.63565659145033,73.74465470038234,75.73473525786808,77.50679245693138,79.00350399422871,80.33467858984721,81.65190815189345,83.106784902182,84.78476795441642,86.50678334311354,88.05321134301718,89.30678271937066,90.16808505034024,90.50678255306246,90.21514437664764,89.30678271937066,87.84082876379941,85.93714650222246,83.73078321271586,81.35678632721104,78.92866284475582,76.47375759844792,73.9978756338906,71.50682353871477,69.00641063748199,66.50245108295368,64.0007674803079,61.50719709477346
54.512293556641865,56.58087824452468,58.59031047557147,60.560283182777624,62.510544789360225,64.46087395930259,66.4310662958255,68.4409271387162,70.5102675637668,72.6390815975331,74.74808290424372,76.73816534201036,78.51022362484659,80.00693578918886,81.33811078711005,82.65534064259927,84.11021762863615,85.78820087073169,87.51021639120256,89.05664447223032,90.31021589613746,91.17151825267241,91.51021576413856,91.21857758023592,90.31021589613746,88.84426188350675,86.9405795123589,84.73421601845784,82.36021875968262,79.93209461322695,77.47718818874715,75.0013041274618,72.51024829450485,70.00982872733601,67.50585729563136,65.00415257797928,62.510544789360225
55.51529822386726,57.58404534509958,59.59357618837467,61.56361001641275,63.51391014699196,65.4642639044097,67.43447205927649,69.44434311074781,71.51369011089811,73.64250831853022,75.75151216332645,77.74159609347561,79.51365523650392,81.01036789853248,82.34154321576169,83.65877330415685,85.11365047730735,86.79163387009581,88.51364949515559,90.06007764057162,91.31364910222216,92.1749514790483,92.51364899745454,92.22201080760875,91.31364910222216,89.84769504430331,87.94401258618898,85.73764893005988,83.36365137501966,80.93552670154625,78.48061934194993,76.00473361648784,73.51367481684383,71.01324995889209,68.50926910018386,66.0075476232795,63.51391014699196
56.51839129158468,58.58726735475386,60.59687647361882,62.56695881603932,64.51728952423639,66.467662797195,68.43788350727354,70.4477626613758,72.5171148802165,74.64593640065996,76.75494225994052,78.74502737459608,80.51708720035991,82.01380025740261,83.34497582806684,84.66220610131964,86.11708342298232,87.79506693537587,89.5170826434479,91.06351083996896,92.31708233157644,93.17838472450777,93.51708224842234,93.22544405385948,92.31708233157644,90.85112823771237,88.94744571057268,86.7410819256831,84.36708413549715,81.93895904372928,79.48405094193001,77.00816389560833,74.51710274129807,72.01667368403275,69.51268534305495,67.010950564159,64.51728952423639
57.621554533961245,59.690532950071315,61.70020420073119,63.67032505077252,65.62068002913496,67.57106879187124,69.54129946714382,71.55118505235585,73.62054141329294,75.74936556312402,77.85837302130463,79.84845907610458,81.62051944375634,83.11723281432207,84.4484085861379,85.76563900611234,87.22051644564928,88.89850005297345,90.6205158269324,92.1669440640155,93.4205155793998,94.28181798511383,94.62051551340038,94.32887731509356,93.4205155793998,91.95456145700601,90.05087887508085,87.84451498799402,85.47051701117272,83.04239158740423,80.58748289651771,78.11159480182808,75.62053177861473,73.12009938834169,70.61610510864988,68.11435977185275,65.62068002913496
58.6247734810223,60.693833142060484,62.70355370954215,64.67370512419227,66.6240793662349,68.57448042339396,70.54471900811926,72.55460969773631,74.62396934626953,76.75279558305165,78.86180431028183,80.8518911112755,82.62395190902424,84.12066552843348,85.4518414599035,86.76907199633101,88.2239495294248,89.90193321209544,91.62394903834885,93.1703773076261,94.42394884188212,95.28525125774175,95.62394878949831,95.33231058821997,94.42394884188212,92.95799469684424,91.05431207143585,88.84794810323496,86.47394997828107,84.04582429100347,81.59091513255791,79.11502620577738,76.62396169921264,74.12352666352314,71.61952767025028,69.11777395357623,66.6240793662349
59.72803664534423,61.797160795152266,63.80692050717495,65.77709618165777,67.7274857135689,69.67789652893,71.64814139143803,73.65803613244283,75.72739839035039,77.85622628354963,79.96523601802623,81.95532341127469,83.72738455039172,85.22409836730827,86.55527442549591,87.87250505435227,89.32738266170222,91.00536640417542,92.72738227193497,94.27381056676474,95.52738211599922,96.38868453991144,96.72738207442217,96.4357438707853,95.52738211599922,94.06142795298874,92.15774529306768,89.95138126048651,87.5773830179597,85.14925712153472,82.69434759198715,80.21845800477529,77.72739232087244,75.2269551855104,72.7229524510528,70.221192083225,67.7274857135689
60.83133490771634,62.90051024521051,64.91030102738075,66.8804959573381,68.83089762499942,70.78131618552123,72.75156603073775,74.76146398734295,76.83082831631707,78.9596575242173,81.06866805814663,83.05875592146825,84.83081733152964,86.32753130520783,87.65870746397134,88.97593816618854,90.43081583247564,92.10879962241415,93.8308155231172,95.37724383822797,96.6308153993509,97.49211782965443,97.83081536635115,97.53917716084231,96.6308153993509,95.16486122207552,93.2611785347617,91.05481445108191,88.6808161152374,86.252690052812,83.79778022872054,81.32189011732368,78.83082349896614,76.33038469709034,73.82637899324428,71.32461334636638,68.83089762499942
61.934661029185236,64.00387699620961,66.01369243946831,67.98390265277844,69.93431395270038,71.88473866060485,73.85499246061792,75.86489296945432,77.93425894223805,80.06308919361837,82.17210036207418,84.16218859849326,85.93425022360337,87.4309643217034,88.76214056029406,90.07937132073783,91.53424903380338,93.21223286141512,94.93424878826538,96.48067711947323,97.734248690032,98.59555112540835,98.9342486638401,98.64261045684546,97.734248690032,96.2682945014346,94.36461179237916,92.15824766814234,89.78424925823151,87.35612306405147,84.9012130061803,82.42532247873737,79.93425511870217,77.43381499411188,74.92980693345547,72.42803709657642,69.93431395270038
63.03800926354009,65.1072574794012,67.11709249661726,69.08731484050418,71.03773378562528,72.98816337273868,74.95842031168735,76.96832284623568,79.03769012371387,81.16652120330559,83.27553287538566,85.26562140793257,87.03768320372697,88.53439740058072,89.86557370253021,91.18280450918843,92.63768225938205,94.31566611689507,96.0376820644984,97.58411040848252,98.83768198653051,99.69898442593318,100.037681965742,99.7460437575681,98.83768198653051,97.37172778894681,95.46804506263504,93.26168090620808,90.88768243751079,88.45955613875702,86.0046458953347,83.52875503767572,81.03768708897022,78.53724591453971,76.03323598327844,73.53146282078302,71.03773378562528
64.24137504960116,66.31064886210994,68.32049941546248,70.29073138750275,72.24115640066583,74.19158986042757,76.16184929075831,78.17175343311824,80.24112174613433,82.36995348307832,84.47896555488543,86.46905432246913,88.24111625373581,89.7378305289704,91.06900688120786,92.38623772454652,93.8411155042087,95.51909938545438,97.24111534952947,98.78754370365411,100.0411152876463,100.90241773024462,101.24111527114644,100.94947706203658,100.0411152876463,98.57516108293018,96.67147834292201,94.46511416094575,92.0911156455896,89.66298926383558,87.20807887314123,84.73218775338951,82.2411193374559,79.74067732976604,77.23666591380267,74.73489011175731,72.24115640066583
65.64475476689971,67.7140488959405,69.72391178050674,71.69415139448549,73.64458122388402,75.59501775737992,77.56527916512651,79.5751845836092,81.64455371853296,83.77338597721815,85.88239836628894,87.87248732042153,89.6445493592126,91.14126369665814,92.47244008880918,93.78967096126112,95.24454876431253,96.92253266439486,98.64454864154354,100.19097700371671,101.44454859242684,102.30585103756158,102.6445485793309,102.35291036947814,101.44454859242684,99.97859438204969,98.07491163117075,95.86854742891592,93.49454887652662,91.0664224288953,88.61151192131102,86.1356205935361,83.64455180676318,81.1441091377145,78.640096543341,76.13831864627939,73.64458122388402
65.87955572471776,67.97172301063868,70.01654096306767,72.03329268140813,74.0406088900088,76.05565394140784,78.09339604722598,80.16621894583936,82.28422376903043,84.44081204676539,86.56804918838374,88.58468377098885,90.41216490445736,92.01275490753463,93.49059653130834,94.97651171702805,96.58670588554797,98.37004465923224,100.1601918417104,101.77806661201096,103.1847929602735,104.33061359141189,104.86980179508325,104.43938849347506,103.1847929602735,101.36109333429576,99.15455929596854,96.7182321259814,94.18776947579248,91.66661777941516,89.15984074207265,86.65632291630844,84.15014349823801,81.63755055408672,79.11576999049512,76.58318658186502,74.0406088900088
64.18304207332858,66.25228278639051,68.26211324968111,70.23233277136978,72.18274993782609,74.13317838978692,76.10343459845976,78.11333666172484,80.18270363566508,82.31153452257294,84.42054607748457,86.41063454113717,88.18269629722178,89.67941047110043,91.01058675830944,92.32781755421586,93.78269529577159,95.46067914632808,97.18269508910319,98.72912343011492,99.98269500642054,100.84399744488648,101.18269498437492,100.8910567764754,99.98269500642054,98.5167408109275,96.61305808863042,94.40669393969252,92.03269548467193,89.60456921024729,87.14965900999354,84.67376822915949,82.18270041740848,79.68225948722389,77.17824999116002,74.6764776023717,72.18274993782609
63.07637934373736,65.14554277216078,67.1553263257586,69.12551677588613,71.07591562014548,73.02633237874625,74.99658106473089,77.00647827322413,79.07584212036323,81.20467102239749,83.31368137033368,85.30376912429253,87.07583047131857,88.57254440852607,89.90372054389057,91.22095122904035,92.67582888161569,94.35381266051137,96.07582855355005,97.62225686394248,98.87582842229953,99.73713085111615,100.07582838730428,99.78419018223096,98.87582842229953,97.4098742483429,95.506191567402,93.29982749561037,90.92582918147626,88.49770315767091,86.04279340210525,83.56690341266031,81.0758370117042,78.57539859754382,76.07139358452811,73.56962916582586,71.07591562014548
62.48729294368577,64.56616539848407,66.59068041066709,68.58050297510785,70.55503859157797,72.53306866992611,74.53239886794475,76.5696379242527,78.66028937906707,80.80132750768534,82.91837805489752,84.92020829570603,86.71691099299217,88.26028156368037,89.65838142980125,91.0541046869117,92.58269754542343,94.3114730721469,96.06667499728965,97.648190981416,98.97796740766682,99.9844203191262,100.42819593011265,100.06357909782716,98.97796740766682,97.33611665067943,95.28927750738747,92.97772005066982,90.53387342946468,88.06487828147328,85.58739403588199,83.09954069279951,80.60194682821793,78.0962659800841,75.58460786349943,73.06961648885544,70.55503859157797
45.39628175621758,47.459370769118294,49.46546311556339,51.43336440115129,53.38231988362716,55.331815224172914,57.301471029701986,59.3109855788789,61.38010294947827,63.508775382412864,65.61769058076504,67.60772238639748,69.37975148517862,70.87644676424199,72.20761092878746,73.52483288230381,74.97970351998757,76.65768164939718,78.37969362138838,79.92611951785707,81.17968966120992,82.04099132930524,82.37968860530941,82.08805062304447,81.17968966120992,79.7137371851112,77.81005776455336,75.6036997747026,73.22971256754752,70.80160630158645,68.34673160326184,65.87090400272486,63.379948819085485,60.87970874372027,58.376057107736074,55.87492086053295,53.38231988362716
46.39629642089912,48.460678487582086,50.46755727258157,52.43594654564632,54.3852098175539,56.33490168782241,58.30468396646839,60.3142801516516,62.38345010820933,64.51215592516434,66.62109142495652,68.61113516807819,70.38317114760406,71.87987040773737,73.21103712649187,74.52826094307696,75.98313307753034,77.66111241237397,79.38312522100202,80.92955163253171,82.18312207780534,83.04442390821652,83.3831212397364,83.0914832099306,82.18312207780534,80.71716923943308,78.81348912320456,76.60712983564608,74.23314025859119,71.80502977690418,69.35014759846254,66.8743066862045,64.3833277728563,61.88304538043067,59.37931835258979,56.87804809892458,54.3852098175539
47.397014435251805,49.46242397542896,51.46992740396942,53.43870416820033,55.38821180310967,57.33805968780297,59.307942359987976,61.31760334451792,63.38681504051701,65.51554735514682,67.6244989684863,69.6145521865032,71.38659362731832,72.88329604724416,74.21446479328273,75.53169008859024,76.9865634110327,78.66454370263116,80.38655717529892,81.93298399563304,83.18655468054146,84.04785663978285,84.38655401536559,84.09491594782659,83.18655468054146,81.7206015546324,79.8169208862493,77.61056056869836,75.23656911064936,72.80845528292774,70.35356716748,67.8777156895973,65.3867179416361,62.886401961089675,60.38261509137129,57.88123846620354,55.38821180310967
48.3982914063963,50.46451719484527,52.4725166850656,54.44160111170754,56.391302742006445,58.34127447350289,60.311236835501916,62.32094925433509,64.39019408017202,66.51894742649921,68.62791182934836,70.61797256765992,72.39001834312748,73.88672327099194,75.21789362609135,76.535120095064,77.98999436041541,79.66797541139151,81.38998941110825,82.93641655591082,84.18998743101756,85.0512894925116,85.3899869030671,85.09834880557919,84.18998743101756,82.72403407689028,80.82035297026164,78.61399183520444,76.23999888420724,73.81188240072946,71.35698957305584,68.88112970916539,66.39011701195369,63.88977437183809,61.38594000349768,58.884478944594946,56.391302742006445
49.40001246848642,51.466886581646136,53.475279973927115,55.444608662011774,57.394464294498746,59.34453433465498,61.31455995116946,63.32431319534359,65.39358431711968,67.52235435661787,69.63132891062014,71.6213956178347,73.39344483373351,74.89015175215616,76.22132338437083,77.53855078488363,78.99342579862322,80.67140745231825,82.3934218703543,83.93984927268775,85.19342029875503,86.05472244140707,86.39341987972043,86.10178175846212,85.19342029875503,83.72746676349078,81.82378530902625,79.61742352511348,77.2434293891611,74.81531079780405,72.36041423002106,69.88454771011033,67.39352314753941,64.8931593472939,62.38928727795404,59.887759199782266,57.394464294498746
50.40208628754761,52.46947527150354,54.47818141603568,56.44770401843418,58.39768190014769,60.34782997511343,62.31790579971113,64.32769144818157,66.39698344154309,68.52576673060994,70.63474934165875,72.62482078642067,74.3968727330012,75.89358123133478,77.22475387719825,78.5419820170759,79.99685762481214,81.67483975688577,83.39685450694225,84.94328211367815,86.19685325956294,87.05815546663011,87.3968529269749,87.10521478684998,86.19685325956294,84.73089958053015,82.82721784998797,80.62085555107794,78.24686047462518,75.81874021024052,73.36384067392245,70.88796887109872,68.39693489090334,65.89655429558965,63.39265230211622,60.8910710280887,58.39768190014769
51.4044402676887,53.472238090934866,55.481192537669926,57.45086907761154,59.40094399969554,61.351154015450845,63.321269692083504,65.33108106061803,67.40038962007324,69.52918342544947,71.638172431425,73.6282476363971,75.40030175032723,76.89701150263932,78.2281849530375,79.54541367974998,81.00028975894205,82.67827227070526,84.40028728428658,85.94671505325687,87.20028629424087,88.0615885524344,88.40028603026556,88.10864787516621,87.20028629424087,85.73433250109889,83.83065055143373,81.62428784376988,79.25029202084092,76.82217042857174,74.36726853612052,71.89139254022953,69.40035108520854,66.89995715947542,64.39603141467825,61.894407917417254,59.40094399969554
52.50701672385817,54.57513916035323,56.584290729155285,58.554089466828685,60.50424141689632,62.45450059793674,64.42464790631783,66.43447968935767,68.50380139752255,70.6326035497745,72.74159763143489,74.73167582089806,76.50373165505854,78.00044240265555,79.33161649161403,80.64884568409803,82.10372213748505,83.78170495060817,85.50372017334938,87.0501480710852,88.30371938754953,89.16502168632206,89.50371917803217,89.21208101104759,88.30371938754953,86.83776550383902,84.93408338025574,82.7277203481637,80.35372393275586,77.92560128654293,75.47069752402433,72.99481820008323,70.50377081225645,68.00336630605841,65.49942170949353,62.99776469858739,60.50424141689632
53.50976982999232,55.578149986118106,57.58745803883642,59.55735377589164,61.507566867514754,63.457865072862006,65.42803748811386,67.43788547445777,69.5072176188816,71.63602639610073,73.74502450635259,75.7351050646144,77.50716226412501,79.00387380168114,80.3350483974657,81.65227795963304,83.1071547100189,84.78513776233166,86.50715315108322,88.05358115102031,89.30715252739341,90.16845485837354,90.50715236109937,90.21551418468148,89.30715252739341,87.84119857179861,85.93751631017642,83.73115302058548,81.35715613492661,78.92903265219732,76.47412740540315,73.99824543998042,71.50719334326189,69.0067804392778,66.50282087984733,64.00113726848664,61.507566867514754
54.51266318781077,56.5812479427308,58.59068021447666,60.56065294690896,62.510914569391616,64.46124374948207,66.43143609253374,68.44129693963791,70.5106373674023,72.63945140289131,74.7484527106495,76.73853514903212,78.51059343222335,80.00730559677106,81.33848059482403,82.65571045040937,84.11058743652347,85.78857067868125,87.5105861991953,89.0570142802496,90.31058570417233,91.17188806071564,91.51058557218465,91.21894738827955,90.31058570417233,88.8446316915229,86.94094932033917,84.73458582637116,82.36058856747366,79.93246442080047,77.47755799593472,75.00167393396248,72.51061809978108,70.01019853042854,67.50622709483298,65.00452237026377,62.510914569391616
55.51566789151926,57.58441506596756,59.59394594154877,61.56397978961013,63.5142799328097,65.46463369828219,67.43484185833097,69.44471291314655,71.51405991545079,73.64287812445022,75.7518819700779,77.74196590071597,79.51402504402606,81.01073770621767,82.34191302355148,83.65914311202295,85.11402028523472,86.79200367807255,88.51401930316658,90.06044744860372,91.31401891026661,92.17532128709945,92.51401880550793,92.2223806156602,91.31401891026661,89.84806485233293,87.9443823941901,85.73801873800788,83.3640211828706,80.93589650922453,78.48098914932189,76.00510342331462,73.51404462269876,71.01361976301379,68.50963890121736,66.00791741882279,63.5142799328097
56.51876098819845,58.58763709361055,60.59724623811893,62.567328596432716,64.51765931464689,66.46803259399869,68.43825330819023,70.44813246494685,72.51748468549715,74.64630620702587,76.75531206696634,78.74539718200995,80.51745700799744,82.01417006516951,83.34534563591677,84.66257590923014,86.11745323094149,87.7954367433742,89.51745245147347,91.06388064801124,92.31745213962853,93.17875453256512,93.5174520564815,93.22581386191712,92.31745213962853,90.85149804575268,88.94781551859039,86.74145173365861,84.36745394339565,81.93932885149076,79.4844207494483,77.00853370269394,74.51747254761233,72.01704348897132,69.51305514554238,67.01132036228881,64.51765931464689
57.62192425356524,59.690902703206916,61.70057397422126,63.6706948368776,65.62104982319082,67.57143859100147,69.54166926953857,71.55155485685738,73.6209112191514,75.74973536984385,77.85874282854823,79.84882888365617,81.62088925148541,83.11760262215388,84.44877839403561,85.76600881405813,87.22088625363368,88.89886986098892,90.62088563496945,92.16731387206585,93.42088538745796,94.28218779317616,94.62088532146413,94.32924712315611,93.42088538745796,91.9549312650548,90.0512486831117,87.84488479599139,85.47088681910896,83.04276139523171,80.58785270415221,78.11196460911913,75.62090158529355,73.12046919392867,70.61647491229135,68.11472957203551,65.62104982319082
58.62514321887569,60.69420290653004,62.70392349016787,64.67407491483085,66.62444916318412,68.57485022437078,70.54508881168715,72.55497950297637,74.62433915258657,76.75316539005236,78.86217411769827,80.85226091893642,82.62432171682603,84.12103533631678,85.45221126783912,86.76944180430476,88.2243193374292,89.90230302012452,91.62431884639506,93.17074711568287,94.42431864994506,95.28562106580802,95.62431859756572,95.3326803962864,94.42431864994506,92.95836450489975,91.05468187947713,88.84831791124967,86.47431978624725,84.04619409888329,81.59128494028458,79.11539601323149,76.6243315061808,74.12389646962468,71.61989747480769,69.11814375538847,66.62444916318412
59.72840639768343,61.797530568618086,63.80729029346442,65.77746597589466,67.72785551281466,69.67826633137244,71.64851119593705,73.65840593826906,75.72776819703142,77.85659609077328,79.96560582557987,81.95569321902234,83.7277543582512,85.22446817523245,86.5556442334616,87.87287486234825,89.32775246972253,91.00573621221528,92.72775207998845,94.27418037482659,95.52775192406597,96.38905434798083,96.72775188249247,96.43611367885482,95.52775192406597,94.0617977610496,92.15811510111722,89.95175106851498,87.57775282594966,85.14962692945615,82.69471739978704,80.2188278123588,77.72776212807028,75.22732499202039,72.72332225633721,70.22156188633055,67.72785551281466
60.83170467155375,62.900880025816974,64.91067081816568,66.88086575443103,68.83126742606794,70.781685989127,72.75193583597581,74.76183379363442,76.83119812328698,78.96002733161791,81.06903786580914,83.05912572928474,84.83118713943489,86.32790111316442,87.65907727196091,88.97630797420217,90.43118564050855,92.1091694304626,93.83118533117641,95.37761364629387,96.63118520742066,97.4924876377263,97.83118517442374,97.53954696891428,96.63118520742066,95.16523103014063,93.26154834281783,91.0551842591213,88.68118592324623,86.25305986076643,83.79815003657848,81.32225992500992,78.83119330634626,76.33075450392451,73.8267487991057,71.32498315049843,68.83126742606794
61.93503080214927,64.00424678248382,66.01406223382138,67.98427245213823,69.93468375521562,71.88510846513394,73.85536226644257,75.86526277611505,77.9346287494373,80.06345900115943,82.1724701698231,84.16255840636441,85.93462003154497,87.43133412968577,88.76251036830256,90.07974112876542,91.53461884184625,93.21260266947036,94.93461859632917,96.48104692754232,97.73461849810418,98.5959209334822,98.93461847191449,98.6429802649194,97.73461849810418,96.26866430950307,94.3649816004405,92.15861747619041,89.78461906625532,87.35649287203213,84.90158281408434,82.42569228650513,79.93462492622696,77.43418480120337,74.93017673977488,72.42840690152323,69.93468375521562
63.03837904374831,65.107627270174,67.11746229380239,69.0876846416632,71.03810358928881,72.9885331780006,74.95879011797756,76.96869265318949,79.03805993109512,81.16689101095812,83.2759026832032,85.26599121584708,87.0380530116974,88.5347672085835,89.86594351055375,91.18317431722713,92.63805206743288,94.31603592495571,96.03805187256584,97.58448021655414,98.8380517946046,99.69935423400858,100.03805177381784,99.74641356564359,98.8380517946046,97.37209759701796,95.46841487070053,93.26205071426303,90.88805224554648,88.45992594675846,86.00501570327535,83.52912484550816,81.03805689660985,78.53761572183541,76.03360578996137,73.5318326263765,71.03810358928881
64.24174483555926,66.31101865645337,68.32086921489547,70.29110119008983,72.24152620524077,74.19195966627115,76.16221909741807,78.17212324030467,80.24149155365997,82.37032329081934,84.4793353627574,86.4694241304181,88.24148606172915,89.73820033698942,91.06937668924334,92.38660753259403,93.84148531226585,95.51946919351933,97.24148515759978,98.78791351172777,100.0414850957219,100.90278753832129,101.24148507922345,100.94984687011326,100.0414850957219,98.57553089100342,96.6718481509908,94.46548396900613,92.0914854536347,89.66335907185352,87.20844868111092,84.73255756127332,82.24148914518666,79.74104713722383,77.2370357207741,74.73525991786404,72.24152620524077
65.6451245574216,67.71441869311799,69.72428158172389,71.69452119820606,73.64495102918234,75.59538756368516,77.56564897207953,79.57555439098027,81.64492352617329,83.77375578502938,85.88276817420409,87.87285712839781,89.64491916722412,91.14163350469005,92.47280989685414,93.79004076931562,95.2449185723747,96.92290247246319,98.64491844961614,100.19134681179197,101.44491840050364,102.3062208456392,102.64491838740881,102.3532801775558,101.44491840050364,99.97896419012463,98.0752814392421,95.86891723698068,93.4949186845792,91.06679223692632,88.61188172930375,86.1359904014607,83.64492161456626,81.14447894530093,78.6404663505414,76.13868845279353,73.64495102918234
65.87991300692079,67.97207934324472,70.01689585111262,72.03364566382325,74.04095956860846,76.05600203941708,78.09374149040633,80.16656195051405,82.28456491275557,84.44115213777064,86.56838859181346,88.5850221780245,90.41250125081424,92.01308746152833,93.4909238828566,94.9768332983218,96.5870223484456,98.37035775293887,100.16050279973382,101.7783753661283,103.1850971104344,104.33090960797067,104.87009239190533,104.43968281498408,103.1850971104344,101.36140849742264,99.1548845180675,96.71856546861336,94.18810859452152,91.66696043224258,89.16018539845359,86.6566686496588,84.15048982351499,81.63789735676558,79.11611749367958,76.58353530636529,74.04095956860846
64.1834118518514,66.2526525761167,68.26248304620734,70.23270257211021,72.18311974122247,74.13354819487833,76.10380440464166,78.11370646861047,80.18307344300396,82.31190433019955,84.42091588528612,86.4110043490416,88.1830661051855,89.67978027909845,91.01095656632948,92.32818736225197,93.78306510382059,95.46104895438748,97.1830648971698,98.72949323818595,99.98306481449417,100.84436725296152,101.18306479245042,100.89142658455049,99.98306481449417,98.51711061899803,96.61342789669496,94.40706374774585,92.03306529270485,89.6049390182439,87.15002881792569,84.67413803697693,82.18307022502137,79.68262929447206,77.17861979775836,74.67684740781472,72.18311974122247
63.07674910489965,65.14591255110595,67.15569611549765,69.12588657231458,71.07628542078993,73.02670218208138,74.99695086979702,77.00684807940738,79.07621192726593,81.20504082975692,83.31405117797087,85.304138932093,87.07620027921317,88.57291421647516,89.90409035187457,91.22132103704985,92.67619868964564,94.35418246855781,96.07619836160796,97.62262667200741,98.8761982303686,99.73750065918743,100.07619819537635,99.78455999030234,98.8761982303686,97.41024405640701,95.50656137545661,93.30019730364722,90.9261989894807,88.4980729656177,86.04316320994968,83.56727322032265,81.07620681904189,78.57576840430261,76.0717633902553,73.56999896971911,71.07628542078993
62.48765753941079,64.5665295818642,66.59104396190192,68.58086568331342,70.55540026649248,72.53342916866148,74.53275813546628,76.56999604145034,78.66064660557879,80.80168422534317,82.91873443822617,84.92056419174847,86.71726587062749,88.26063452873083,89.65873168706645,91.05445182101306,92.58304179740006,94.31181536653781,96.06701602495446,97.64853068025121,98.97830425720224,99.98475187786092,100.42852376754917,100.06390951020683,98.97830425720224,97.33646015327544,95.28962662714414,92.97807341761694,90.53422967389929,88.06523623112852,85.58775293430101,83.09990009595522,80.60230650724363,78.0966258808125,75.58496808826507,73.06997727497915,70.55540026649248
45.396102822496005,47.45919157632635,49.46528376516646,51.433184952945645,53.38214037372475,55.331635674873596,57.301291455048556,59.31080598785948,61.3799233479165,63.50859577415828,65.61751096844038,67.60754277167959,69.37957186908125,70.87626714734648,72.20743131137988,73.52465326452273,74.97952390190639,76.65750203107433,78.3795140028978,79.92593989926326,81.17951004255556,82.04081171061833,82.37950898661137,82.08787100435595,81.17951004255556,79.71355756652946,77.80987814611109,75.60352015652052,73.22953294984053,70.80142668472465,68.34655198789969,65.87072439003146,63.37976921114945,60.87952914426798,58.37587752339813,55.87474130305958,53.38214037372475
46.396117346267175,48.460499207063165,50.46737786687166,52.43576706226642,54.385030285189515,56.334722124182264,58.30450438270205,60.314100554894495,62.38327050308433,64.51197631472706,66.62091181128876,68.61095555251092,70.38299153094187,71.87969079044169,73.21085750878976,74.52808132507839,75.98295345929361,77.6609327939454,79.38294560244033,80.92937201388807,82.18294245911366,83.044244289499,83.38294162101005,83.09130359121181,82.18294245911366,80.71698962079905,78.81330950468123,76.60695021732921,74.23296064065144,71.80485015963527,69.3499679823839,66.87412707224408,64.38314816267189,61.88286577698001,59.37913876113615,56.877868528795716,54.385030285189515
47.396835248621144,49.46224462521994,51.469747954333286,53.438524656892795,55.388032252913206,57.337880112778876,59.30776276898807,61.31742374320655,63.386635432563764,65.5153677429771,67.62431935375253,69.61437257026174,71.38641401020783,72.88311642963087,74.21428517534686,75.53151047041906,76.98638379267248,78.66436408411872,80.38637755668077,81.93280437694986,83.18637506182014,84.04767702104104,84.38637439661677,84.09473632908376,83.18637506182014,81.72042193595684,79.81674126766163,77.61038095027457,75.23638949252486,72.80827566533571,70.35338755083268,67.87753607463122,65.3865383296671,62.8862223544654,60.382435494269515,57.88105888602874,55.388032252913206
48.39811213077242,50.4643377892846,52.47233720054987,54.44142157822765,56.39112317765414,58.34109488944233,60.3110572387603,62.32076964940882,64.39001446997392,66.51876781295444,68.62773221376847,70.61779295088336,72.3898387256612,73.88654365312655,75.21771400796995,76.53494047675582,77.98981474195716,79.66779579281246,81.38980979244533,82.93623693719627,84.18980781227276,85.0511098737505,85.38980728430045,85.09816918681733,84.18980781227276,82.72385445818176,80.82017335162286,78.61381221669576,76.23981926593612,73.81170278288094,71.35680995595715,68.88095009340113,66.38993739856821,63.88959476269481,61.38576040191272,58.884299356445865,56.39112317765414
49.399833122165646,51.4667071321285,53.4751004617178,55.44442911092973,57.39428471890933,59.34435474342153,61.31438034987036,63.32413358754809,65.3934047051398,67.5221747419817,69.63114929436868,71.62121600063344,73.3932652159848,74.8899721340907,76.22114376610216,77.53837116646672,78.99324618008723,80.67122783368632,82.39324225165582,83.9396696539483,85.19324067999156,86.05454282263067,86.3932402609396,86.1016021396851,85.19324067999156,83.72728714475613,81.82360569034694,79.61724390653742,77.24324977077362,74.81513117975197,72.36023461256411,69.88436809371251,67.39334353302968,64.89297973615128,62.389107672810624,59.8875796053035,57.39428471890933
50.40190688507495,52.469295787081904,54.478001881839845,56.447524453378875,58.39750231563839,60.34765037818643,62.317726194794616,64.32751183810868,66.39680382814899,68.52558711510753,70.63456972487427,72.6246411688823,74.39669311502834,75.8934016131105,77.22457425881268,78.54180239857268,79.99667800621438,81.67466013821195,83.39667488821554,84.94310249491892,86.19667364078465,87.05797584784158,87.39667330818287,87.10503516806097,86.19667364078465,84.73071996177474,82.8270382312765,80.6206759324484,78.2466808561453,75.8185605920269,73.36366105618114,70.88778925419808,68.39675527550126,65.8963746828601,63.39247269414835,60.890891428585746,58.39750231563839
51.40426082062325,53.472058578800244,55.48101298601955,57.4506895014641,59.400764408105886,61.35097441400461,63.32109008429575,65.33090144873754,67.40021000555666,69.5290038092595,71.63799281421745,73.6280680185912,75.40012213217648,76.89683188428901,78.22800533455916,79.54523406117826,81.0001101402953,82.67809265199813,84.40010766553749,85.94653543448196,87.20010667545084,88.06140893363624,88.40010641146463,88.10846825636762,87.20010667545084,85.73415288232701,83.8304709326967,81.62410822509791,79.25011240228773,76.82199081022985,74.36708891815356,71.89121292292978,69.40017146909821,66.89977754548627,64.39585180446855,61.89422831392639,59.400764408105886
52.50683724138359,54.57495962621671,56.584111163648814,58.55390988187642,60.504061819686584,62.45432099290343,64.42446829625108,66.43430007604246,68.50362178211503,70.63242393303881,72.74141801389152,74.73149620287981,76.50355203676655,78.00026278420518,79.33143687306205,80.64866606547196,82.1035425187994,83.7815253318746,85.50354055458251,87.04996845229785,88.30353976875016,89.16484206751622,89.50353955922412,89.21190139224144,88.30353976875016,86.8375858850541,84.93390376149847,82.72754072945804,80.35354431414447,77.92542166809925,75.47051790587822,72.9946385824667,70.50359119558397,68.00318669106954,65.49924209750446,62.9975850919312,60.504061819686584
53.50959031940356,55.57797043451481,57.58727846233084,59.557174183950394,61.5073872658441,63.45768546498152,65.42785787623824,67.4377058600038,69.50703800276696,71.6358467789319,73.74484488854273,75.7349254464276,77.50698264572094,79.00369418315137,80.3348687788553,81.6520983409638,83.10697509130242,84.78495814357711,86.50697353230225,88.05340153222306,89.30697290858663,90.16827523956164,90.50697274228571,90.21533456586934,89.30697290858663,87.84101895300327,85.93733669140308,83.73097340185308,81.35697651626904,78.92885303367287,76.47394778711488,73.99806582211247,71.50701372614324,69.00660082349545,66.50264126644595,64.00095765931806,61.5073872658441
54.5124836549015,56.581068377261715,58.590500629240125,60.560473349420164,62.51073496418019,64.46106413934173,66.43125647922241,68.44111732428011,70.5104577507264,72.6392717853787,74.7482730926281,76.73835553071152,78.51041381373034,80.00712597817827,81.33830097616723,82.65553083170587,84.11040781778249,85.78839105991003,87.5104065804031,89.05683466144451,90.31040608535967,91.17170844189893,91.51040595336656,91.21876776946263,90.31040608535967,88.84445207271935,86.94076970155305,84.73440620761752,82.36040894877942,79.93228480221191,77.4773783775336,75.00149431589499,72.51043848230829,70.01001891401637,67.5060474803106,65.00434275910104,62.51073496418019
55.51548834089023,57.58423548949165,59.593766349381866,61.56380018771796,63.51410032478785,65.46445408634818,67.43466224388007,69.44453329707136,71.51388029832944,73.64269850666474,75.75170235188861,77.74178628228921,79.51384542546245,81.01055808757486,82.34173340485785,83.65896349329226,85.11384066647429,86.79182405928812,88.51383968436554,90.06026782979241,91.3138392914493,92.17514166827888,92.51383918668628,92.22220099683949,91.3138392914493,89.84788523352282,87.94420277539385,85.7378391192374,83.36384156414726,80.93571689058507,78.48080953083121,76.00492380508874,73.5138650049449,71.01344014610174,68.50945928580524,66.00773780607727,63.51410032478785
56.51858142350275,58.58745750839758,60.597066640451004,62.56714899104546,64.51747970439436,66.46785298064097,68.43807369283485,70.44795284830226,72.51730506802221,74.64612658902382,76.75513244864378,78.74521756349891,80.51727738937777,82.01399044648699,83.34516601719395,84.66239629047789,86.11727361216563,87.79525712457928,89.51727283266534,91.06370102919499,92.31727252080748,93.17857491374154,93.51727243765706,93.2256342430934,92.31727252080748,90.85131842693738,88.94763589978608,86.7412721148748,84.36727432464922,81.93914923281088,79.48424113088655,77.00835408434233,74.51729292963537,72.01686387166255,69.51287552942412,67.01114074828703,64.51747970439436
57.62174467770326,59.690723111058716,61.70039437218695,63.670515228716184,65.62087021116773,67.57125897651379,69.5414896534653,71.55137523976086,73.6207316013958,75.7495557516699,77.8585632101199,79.84864926507824,81.6207096328213,83.11742300343982,84.44859877528958,85.76582919528873,87.22070663484556,88.89869024218568,90.62070601615574,92.16713425324568,93.420705768634,94.28200817435018,94.62070570263745,94.32906750433003,93.420705768634,91.95475164623537,90.051069064301,87.84470517719694,85.47070720034421,83.04258177651977,80.58767308553402,78.11178499066773,75.62072196713953,73.12028957630494,70.61629529561256,68.11454995703662,65.62087021116773
58.624963634150006,60.694023308876965,62.70374388466779,64.67389530446754,66.62426954975575,68.57467060898621,70.5449091950441,72.55479988552113,74.62415953460827,76.752985771742,78.861994499186,80.8520813003054,82.62414209812658,84.12085571757774,85.45203164907466,86.7692621855218,88.22413971863135,89.90212340131467,91.6241392275769,93.17056749685958,94.42413903111877,95.28544144698012,95.62413897873725,95.33250077745842,94.42413903111877,92.95818488607708,91.05450226066137,88.8481382924468,86.47414016746797,84.04601448014596,81.59110532162163,79.11521639470092,76.62415188788626,74.12371685175104,71.61971785768402,69.11796413959813,66.62426954975575
59.728226805922034,61.797350966595545,63.80711068521346,65.77728636378366,67.72767589827085,69.67808671527601,71.64833157884176,73.65822632052914,75.72758857887632,77.85641647235464,79.96542620700096,81.95551360034918,83.72757473952375,85.22428855647355,86.55546461468255,87.87269524355449,89.32757285091694,91.0055565934002,92.72757246116676,94.27400075600083,95.52757230523784,96.38887472915141,96.72757226366261,96.43593406002535,95.52757230523784,94.06161814222432,92.15793548229743,89.95157144970543,87.57757320715882,85.14944731069859,82.69453778108853,80.21864819376535,77.72758250966417,75.22714537394836,72.72314263886045,70.22138226991206,67.72767589827085
60.831525074207704,62.90070042032623,64.9104912077313,66.88068614093284,68.83108781063882,70.78150637246554,72.75175621852156,74.76165417566853,76.83101850499158,78.95984771311333,81.06885824717733,83.05894611057816,84.8310075206852,86.32772149438979,87.65889765317026,88.97612835539985,90.43100602169686,92.10898981164335,93.83100571235191,95.37743402746614,96.63100558859102,97.49230801889568,97.83100555559275,97.53936735008361,96.63100558859102,95.16505141131327,93.26136872399486,91.05500464030644,88.68100630444623,86.25288024199286,83.79797041785176,81.32208030636659,78.83101368785162,76.33057488569503,73.82656918134869,71.32480353358136,68.83108781063882
61.93485120037043,64.00406717424026,66.01388262165395,67.98409283753904,69.93450413908383,71.88492884802403,73.85518264870342,75.86508315796979,77.9344491310305,80.06327938258661,82.1722905511493,84.1623787876313,85.93444041277762,87.43115451089861,88.76233074950271,90.0795615099563,91.53443922302971,93.21242305064783,94.93443897750248,96.48086730871306,97.7344388792734,98.59574131465064,98.93443885308265,98.64280064608778,97.7344388792734,96.2684846906741,94.36480198161499,92.15843785737134,89.78443944744805,87.35631325324582,84.90140319533523,82.42551266782222,79.93444530766206,77.43400518284889,74.92999712179542,72.42822728421044,69.93450413908383
63.03819943845099,65.10744765974547,67.11728268025942,69.08750502619012,71.03792397259932,72.98835356053476,74.95861050001227,76.9685130349019,79.03788031259992,81.16671139233117,83.2757230644961,85.26581159709289,87.03787339291605,88.53458758978644,89.8657638917466,91.18299469841261,92.63787244861247,94.31585630613054,96.03787225373738,97.58430059772364,98.8378721757729,99.69917461517623,100.03787215498528,99.7462339468112,98.8378721757729,97.37191797818768,95.468235251873,93.26187109544063,90.88787262673343,88.45974632796205,86.00483608450845,83.52894522679384,81.03787727798915,78.53743610338178,76.03342617180536,73.53165300874963,71.03792397259932
64.24156522746924,66.31083904429062,68.32068960026075,70.29092157392314,72.24134658810857,74.19178004852282,76.1620394792733,78.17194362190409,80.24131193509463,82.37014367214941,84.47915574402387,86.46924451164719,88.24130644293666,89.73802071818447,91.06919707043039,92.38642791377524,93.84130569344238,95.51928957469208,97.24130553876991,98.78773389289627,100.04130547688948,100.90260791948833,101.24130546039032,100.9496672512803,100.04130547688948,98.57535127217211,96.67166853216168,94.4653043501811,92.09130583481706,89.6631794530491,87.20826906232992,84.73237794253406,82.24130952652172,79.74086751869145,77.23685610247796,74.73508029998786,72.24134658810857
65.64494494711495,67.71423907957875,69.72410196622258,71.69434158148886,73.64477141169883,75.59520794571259,77.56546935379232,79.57537477249002,81.64474390755228,83.77357616632536,85.88258855544957,87.87267750961362,89.64473954842279,91.14145388587885,92.47263027803658,93.78986115049344,95.24473895354879,96.92272285363428,98.64473883078517,100.19116719295968,101.44473878167062,102.30604122680577,102.64473876857525,102.35310055872236,101.44473878167062,99.9787845712925,98.07510182041172,95.86873761815352,93.49473906575797,91.06661261811553,88.61170211051157,86.13581078270161,83.64474199586621,81.14429932670606,78.64028673213406,76.13850883471949,73.64477141169883
65.87973947195667,67.97190626950417,70.01672347900205,72.03347421728606,74.04078924104556,76.05583296525978,78.09357370571298,80.16639535021575,82.28439921633051,84.44098695265737,86.56822374065942,88.58485781082459,90.4123378844977,92.01292593718466,93.49076488537234,94.97667710348709,96.58686863965028,98.37020568058304,100.1603517646945,101.77822540154213,103.18494938202412,104.3307658301144,104.86995124645958,104.43953986042717,103.18494938202412,101.3612554199349,99.1547265548702,96.71840356122344,94.18794388164818,91.66679400283839,89.16001799591282,86.65650072402839,84.15032161038278,81.6377289117568,79.11594870843166,76.58336592791812,74.04078924104556
64.18323224737269,66.25247296619652,68.2623034329844,70.23252295684046,72.18294012466272,74.1333685774953,76.10362478672897,78.11352685035598,80.18289382452934,82.31172471158519,84.4207362665868,86.41082473029229,88.1828864864074,89.67960066030369,91.01077694752404,92.3280077434387,93.78288548500107,95.4608693355629,97.18288527834173,98.72931361935574,99.9828851956627,100.84418763412936,101.18288517361803,100.8912469657183,99.9828851956627,98.51693100016806,96.61324827786788,94.40688412892425,92.03288567389313,89.60475939944982,87.14984919916293,84.67395841826988,82.18289060641365,79.6824496760415,77.17844017964342,74.67666779026091,72.18294012466272
63.076569508852884,65.1457329464221,67.15551650557124,69.12570695913914,71.07610580556678,73.02652256555137,74.99677125242627,77.00666846149406,79.07603230900315,81.20486121127232,83.31387155935136,85.30395931339419,87.07602066046866,88.57273459770417,89.90391073308663,91.22114141824952,92.67601907083537,94.35400284973953,96.07601874278413,97.62244705318014,98.87601861153934,99.73732104035707,100.07601857654562,99.78438037147197,98.87601861153934,97.41006443758013,95.5063817566344,93.30001768483359,90.92601937068281,88.49789334684785,86.04298359122953,83.56709360169094,81.07602720056786,78.57558878610973,76.07158377256349,73.56981935291802,71.07610580556678
62.48748045223758,64.5663526949686,66.5908673820419,68.58068951291622,70.55522459796916,72.5332540714134,74.53258363622412,76.56982210092562,78.66047309766418,80.80151096458121,82.91856133984943,84.92039133004887,86.71709350357293,88.26046309062772,89.65856156414776,91.0542832150307,92.58287459128059,94.31164911122814,96.0668503849005,97.64836568561708,98.97814064648901,99.98459083692047,100.42836453406596,100.06374902605793,98.97814064648901,97.33629331113409,95.28945705671899,92.97790178431073,90.53405664298401,88.06506237197988,85.58757861433358,83.09972553083495,80.60213180813209,78.09645107401899,75.58479312408528,73.06980203814531,70.55522459796916
45.39592388485757,47.459012379601184,49.465104410826335,51.433005500790614,53.381960859869054,55.33145612161849,57.30111187643773,59.31062639288163,61.37974374239566,63.508416161944155,65.61733135215594,67.60736315300176,69.37939224902385,70.87608752649089,72.20725169001219,73.52447364278149,74.97934427986507,76.65732240879132,78.37933438044706,79.92576027670921,81.17933041994101,82.04063208797123,82.37932936395313,82.08769138170724,81.17933041994101,79.71337794398755,77.80969852370865,75.60334053437826,73.22935332817343,70.80124706390279,68.34637236857756,65.87054477337827,63.37958959925392,60.87934954085671,58.37569793510215,55.87456174162992,53.381960859869054
46.39593826770947,48.46031992260549,50.46719845721505,52.435587574934914,54.38485074887042,56.33454255658543,58.304324794977745,60.3139209541786,62.38309089400002,64.51179670033012,66.62073219366115,68.61077593298361,70.38281191031962,71.87951116918592,73.21067788712753,74.52790170311968,75.98277383709672,77.66075317155668,79.38276597991846,80.92919239128423,82.18276283646178,83.0440646668213,83.3827619983235,83.09112396853283,82.18276283646178,80.71680999820484,78.8131298821977,76.60677059505221,74.23278101875158,71.80467053840624,69.34978836234524,66.87394745432377,64.3829685485278,61.882686169570135,59.37895916572403,56.877688954709754,54.38485074887042
47.39665605805765,49.46206527106774,51.46956850074767,53.43834514163187,55.387852698760895,57.337700533797374,59.307583174029716,61.317244137936086,63.38645582065101,65.51518812684762,67.6241397350588,69.61419295006024,71.38623438913726,72.88293680805748,74.21410555345085,75.53133084828772,76.9862041703521,78.66418446164607,80.38619793410248,81.9326247543065,83.18619543913866,84.04749739833903,84.38619477390776,84.09455670638079,83.18619543913866,81.72024231332108,79.81656164511375,77.61020132789059,75.23620987044025,72.80809604378351,70.3532079302253,67.87735645570521,65.38635871373832,62.88604274388169,60.38225589320892,57.88087930189619,55.387852698760895
48.3979328512101,50.46415837977725,52.47215771208246,54.44124204079293,56.39094360934507,58.34091530142376,60.310877638059864,62.32059004052324,64.38983485581619,66.51858819544981,68.62755259422858,70.61761333014672,72.38965910423477,73.88636403130104,75.21753438588837,76.53476085448747,77.98963511953879,79.66761617027322,81.38963016982223,82.93605731452153,84.18962818956774,85.05093025102923,85.38962766157357,85.09798956409524,84.18962818956774,82.7236748355131,80.8199937290239,78.61363259422691,76.23963964370483,73.8115231610723,71.35663033489837,68.88077047367685,66.38975778122288,63.88941514959198,61.38558079636866,58.88411976433855,56.39094360934507
49.39965377190194,51.46652767866141,53.47492094555503,55.4442495558918,57.394105139362466,59.344175148229624,61.314200744612194,63.32395397579309,65.39322508920019,67.5219951233856,69.6309696741572,71.62103637947209,73.39308559427595,74.88979251206509,76.22096414387332,77.53819154408961,78.99306655759105,80.67104821109425,82.39306262899716,83.93949003124865,85.1930610572679,86.0543631998941,86.39306063819862,86.10142251694785,85.1930610572679,83.72710752206129,81.82342606770746,79.6170642840012,77.24307014842594,74.81495155773973,72.36005499114708,69.88418847335467,67.39316391456,64.89280012104894,62.38892806370788,59.88740000686609,57.394105139362466
50.40172747865582,52.4691162987086,54.47782234368917,56.4473448843668,58.39732272717106,60.347470777300614,62.31754658591879,64.32733222407614,66.39662421079507,68.52540749564511,70.6343901041297,72.62446154738385,74.39651349309531,75.89322199092607,77.22439463646694,78.54162277610928,79.99649838365647,81.67448051557787,83.39649526552867,84.94292287219952,86.1964940180462,87.05779622509284,87.39649368543064,87.10485554531172,86.1964940180462,84.73054033905913,82.82685860860482,80.6204963098587,78.24650123370526,75.81838096985307,73.36348143447975,70.88760963333735,68.3965756561392,65.89619506617072,63.39229308222099,60.890711825123816,58.39732272717106
51.40408136960848,53.47187906271219,55.48083343041324,57.45050992135917,59.40058481255775,61.35079480859929,63.32091047254849,65.3307218328973,67.40003038708016,69.52882418910949,71.6378131930498,73.62788839682517,75.3999425100655,76.89665226197853,78.22782571212062,79.54505443864636,80.99993051768837,82.67791302933077,84.39992804282821,85.94635581174686,87.1999270527006,88.06122931087786,88.39992678870347,88.10828863360885,87.1999270527006,85.73397325959493,83.83029130999951,81.62392860246575,79.24993277977437,76.8218111879278,74.36690929622644,71.89103330166992,69.39999184902787,66.89959792753726,64.39567219029922,61.89404870647631,59.40058481255775
52.50665775495747,54.57478008812535,56.58393159418554,58.55373029296612,60.50388221851803,62.45414138391081,64.4242886822247,66.4341204587674,68.50344216274756,70.63224431234306,72.74123839238806,74.73131658090139,76.5033724145144,78.00008316179466,79.3312572505499,80.64848644288568,82.10336289615358,83.78134570918081,85.50336093185547,87.0497888295503,88.30336014599058,89.1646624447502,89.50335993645592,89.2117217694751,88.30336014599058,86.83740626230892,84.933724138781,82.7273611067922,80.35336469157289,77.9252420456954,75.47033828377197,72.99445896089006,70.50341157495143,68.00300707212074,65.49906248155563,62.99740548131561,60.50388221851803
53.50941080486146,55.57779087895558,57.587098881867746,59.55699458805066,61.50720766021436,63.45750585314157,65.42767826040287,67.43752624158992,69.50685838269231,71.635667157803,73.7446652667727,75.73474582428064,77.5068030233567,79.00351456066142,80.3346891562847,81.65191871833437,83.10679546862572,84.78477852086236,86.50679390956107,88.05322190946566,89.30679328581967,90.16809561678954,90.50679311951188,90.21515494309699,89.30679328581967,87.84083933024776,85.9371570686695,83.7307937791605,81.35679689365128,78.92867341118823,76.47376816486644,73.99788620028438,71.50683410506448,69.00642120375308,66.5024616490847,64.0007780461899,61.50720766021436
54.51230411803748,56.580888807835805,58.590321040045524,60.56029374797248,62.51055535500943,64.46088452524177,66.43107686195123,68.44093770496232,70.51027813009046,72.63909216390599,74.74809347064652,76.73817590843079,78.51023419127714,80.0069463556253,81.33812135355024,82.65535120904221,84.11022819508128,85.78821143717863,87.51022695765074,89.05665503867924,90.31022646258684,91.17152881912202,91.51022633058827,91.21858814668553,90.31022646258684,88.84427244995558,86.94059007880671,84.73422658490375,82.36022932612502,79.93210517966315,77.47719875517231,75.00131469386733,72.5102588608754,70.00983929364418,67.5058678618283,65.00416314397862,62.51055535500943
55.515308786305326,57.584055909058236,59.59358675325646,61.56362058186667,63.51392071280648,65.4642744704544,67.43448262546926,69.44435367703613,71.51370067724798,73.64251888491916,75.75152272973915,77.74160665990226,79.51366580293865,81.01037846497186,82.34155378220406,83.65878387060141,85.11366104375364,86.7916444365435,88.51366006160427,90.06008820702091,91.31365966867179,92.17496204549815,92.51365956390444,92.2220213740586,91.31365966867179,89.84770561075251,87.94402315263737,85.73765949650677,83.36366194146376,80.93553726798541,78.48062990838034,76.00474418290268,73.5136853832309,71.01326052522963,68.50927966643317,66.00755818937195,63.51392071280648
56.518401854850296,58.58727791922652,60.596887038824235,62.56696938169887,64.51730009018216,66.46767336332344,68.4378940735195,70.44777322769761,72.51712544658716,74.64594696706163,76.75495282636103,78.74503794102772,80.51709776679793,82.0138108238443,83.34498639451093,84.66221666776545,86.11709398942952,87.79507750182418,89.51709320989704,91.06352140641853,92.31709289802629,93.17839529095778,93.51709281487238,93.22545462030948,92.31709289802629,90.85113880416189,88.94745627702156,86.74109249213078,84.36709470194262,81.93896961017083,79.4840615083646,77.00817446203055,74.51711330769828,72.01668425039364,69.51269590934581,67.01096113032534,64.51730009018216
57.62156509788379,59.69054351495198,61.70021476619347,63.67033561659527,65.62069059518488,67.57107935806619,69.54131003343204,71.55119561870424,73.62055197968012,75.74937612953579,77.85838358773137,79.84846964254015,81.62053001019697,83.11724338076561,84.44841915258336,85.76564957255917,87.22052701209722,88.89851061942225,90.62052639338182,92.16695463046531,93.42052614584985,94.28182855156399,94.62052607985056,94.32888788154374,93.42052614584985,91.95457202345577,90.05088944153013,87.84452555444231,85.47052757761927,83.04240215384768,80.58749346295565,78.11160536825619,75.62054234502537,73.1201099547211,70.61611567497371,68.11437033807776,65.62069059518488
58.62478404546631,60.69384370726502,62.703564275208336,64.67371569014456,66.6240899323675,68.57449098964166,70.54472957444098,72.55462026410582,74.62397991266981,76.75280614947147,78.86181487671354,80.85190167771418,82.62396247546693,84.12067609487852,85.45185202635004,86.76908256277864,88.22396009587331,89.90194377854463,91.62395960479854,93.1703878740761,94.4239594083323,95.28526182419202,95.62395935594861,95.33232115467024,94.4239594083323,92.95800526329418,91.0543226378854,88.84795866968375,86.47396054472847,84.0458348574484,81.59092569899843,79.11503677221017,76.62397226563151,74.12353722991726,71.61953823660026,69.1177845198478,66.6240899323675
59.72804721020215,61.79717136061386,63.80693107300297,65.77710674771288,67.72749627976714,69.67790709521952,71.64815195778638,73.65804669882908,75.72740895676107,77.85623684997582,79.96524658446185,81.95533397771585,83.72739511683608,85.22410893375448,86.55528499194331,87.87251562080056,89.32739322815118,91.00537697062492,92.72739283838487,94.27382113321488,95.5273926824495,96.38869510636181,96.72739264087255,96.43575443723566,95.5273926824495,94.06143851943884,92.15775585951744,89.9513918269357,87.57739358440779,85.14926768798084,82.69435815842981,80.21846857121174,77.7274028872979,75.2269657519162,72.72296301742357,70.22120264953352,67.72749627976714
60.831345472902825,62.900520810876145,64.91031159333721,66.8805065234748,68.83090819124973,70.78132675184405,72.7515765971072,74.76147455374249,76.830838882736,78.95966809064856,81.06867862458537,83.05876648791138,84.8308278979753,86.32754187165496,87.65871803041944,88.9759487326373,90.43082639892495,92.10881018886391,93.83082608956724,95.37725440467823,96.63082596580125,97.49212839610486,97.83082593280159,97.53918772729276,96.63082596580125,95.16487178852574,93.26118910121168,91.05482501753141,88.68082668168603,86.25270061925906,83.79779079516484,81.32190068376309,78.83083406539681,76.33039526350541,73.82638955963154,71.32462391270423,68.83090819124973
61.934671594632476,64.00388756203719,66.01370300552675,67.98391321897992,69.93432451899201,71.88474922695406,73.85500302700413,75.86490353586443,77.93426950866355,80.06309976005363,82.17211092851537,84.16219916493796,85.93426079005008,87.43097488815127,88.76215112674267,90.079381887187,91.53425960025297,93.21224342786506,94.93425935471556,96.48068768592358,97.73425925648243,98.59556169185885,98.93425923029059,98.64262102329597,97.73425925648243,96.26830506788492,94.3646223588293,92.1582582345921,89.78425982468056,87.3561336304993,84.90122357262592,82.42533304517912,79.93426568513696,77.4338255605343,74.92981749985583,72.42804766293756,69.93432451899201
63.038019829194354,65.10726804535733,67.1171030627566,69.08732540675707,71.03774435194975,72.9881739391088,74.95843087808686,76.96833341265415,79.03770069014456,81.16653176974404,83.27554344182883,85.2656319743785,87.0376937701745,88.53440796702915,89.86558426897926,91.1828150756379,92.63769282583186,94.31567668334516,96.0376926309487,97.58412097493294,98.83769255298103,99.69899499238369,100.03769253219252,99.74605432401864,98.83769255298103,97.37173835539723,95.46805562908528,93.26169147265803,90.88769300396018,88.45956670520543,86.00465646178138,83.52876560411929,81.0376976554083,78.53725648096795,76.03324654968918,73.53147338716263,71.03774435194975
64.2413856154197,66.31065942816808,68.32050998166606,70.29074195379644,72.24116696701631,74.19160042681432,76.16185985716841,78.17176399954336,80.24113231256912,82.3699640495193,84.47897612133016,86.46906488891605,88.24112682018398,89.73784109541936,91.06901744765725,92.38624829099624,93.8411260706587,95.51910995190462,97.24112591597984,98.78755427010458,100.04112585409683,100.9024282966952,101.24112583759702,100.94948762848713,100.04112585409683,98.57517164938062,96.67148890937236,94.46512472739583,92.09112621203926,89.66299983028448,87.20808943958873,84.73219831983458,82.24112990389658,79.7406878961989,77.23667648022165,74.7349006781516,72.24116696701631
65.64476533284865,67.71405946207963,69.72392234676133,71.6941619608116,73.64459179025519,75.59502832377986,77.56528973154496,79.57519515003959,81.64456428497107,83.77339654366114,85.88240893273488,87.87249788686923,89.64455992566131,91.14127426310745,92.47245065525885,93.78968152771105,95.24455933076268,96.92254323084518,98.64455920799398,100.19098757016724,101.44455915887741,102.30586160401218,102.6445591457815,102.35292093592874,101.44455915887741,99.97860494850019,98.07492219762113,95.86855799536616,93.49455944297648,91.06643299534454,88.61152248775917,86.13563115998234,83.64456237320593,81.14411970415104,78.64010710976655,76.13832921268532,73.64459179025519
65.87956593326818,67.97173319205643,70.01655110321025,72.0333027671015,74.04061890987575,76.05566388754013,78.09340591750248,80.16622874644106,82.28423351645972,84.44082176411561,86.56805888608804,88.58469344022348,90.41217451481285,92.01276440953211,93.49060588465815,94.97652090550656,96.5867149277807,98.37005360519856,100.16020072665482,101.77807543398423,103.1848016507002,104.33062204944153,104.86981009825791,104.43939690307302,103.1848016507002,101.36110233939067,99.15456858847438,96.71824165051237,94.18777916536212,91.66662756996362,89.15985058986811,86.65633279487591,84.15015339371845,81.63756046320782,79.11577991963162,76.5831965458979,74.04061890987575
64.18305263893467,66.25229335231673,68.26212381580162,70.23234333761073,72.18276050414292,74.13318895615217,76.10344516485618,78.11334722814136,80.18271420209456,82.31154508901065,84.42055664392727,86.41064510758281,88.18270686366913,89.67942103754872,91.01059732475838,92.32782812066526,93.78270586222136,95.46068971277816,97.18270565555346,98.72913399656532,99.98270557287101,100.844008011337,101.18270555082545,100.89106734292591,99.98270557287101,98.51675137737789,96.61306865508064,94.40670450614242,92.03270605112124,89.60457977669556,87.14966957643998,84.67377879560266,82.18271098384577,79.68227005365077,77.17826055756834,74.676488168747,72.18276050414292
63.07638990884739,65.14555333777894,67.15533689168518,69.12552734200386,71.07592618638367,73.02634294506133,74.99659163109544,77.0064888396206,79.07585268678022,81.20468158882755,83.31369193677169,85.3037796907352,87.07584103776392,88.572554974973,89.90373111033848,91.22096179548902,92.6758394480649,94.35382322696105,96.0758391200001,97.62226743039267,98.87583898874988,99.73714141756656,100.07583895375473,99.78420074868137,98.87583898874988,97.40988481479309,95.50620213385196,93.29983806205976,90.92583974792475,88.49771372411779,86.04280396854918,83.56691397909904,81.07584757813365,78.57540916395675,76.07140415091153,73.56963973215687,71.07592618638367
62.48730336120437,64.5661758042208,66.59069079834161,68.58051333869462,70.55504892564062,72.533078970382,74.53240913322132,76.56964815666127,78.66029958602623,80.80133770010511,82.91838823776457,84.92021846464992,86.71692113283731,88.26029164887757,89.65839143762949,91.05411460550246,92.58270738166395,94.31148285245385,96.06668474140278,97.64820068756083,98.97797703239948,99.98442979268648,100.42820529734557,100.06358853863301,98.97797703239948,97.3361264655081,95.28928748271392,92.97773014735034,90.53388360836311,88.06488850909473,85.58740429061228,83.09955096195155,80.60195710525237,78.0962762634532,75.58461815612722,73.06962679752282,70.55504892564062
45.39593177910673,47.45902028528078,49.465112323459614,51.43301341773931,53.381968779539875,55.33146404302754,57.30111979896543,59.31063431613143,61.37975166611058,63.508424085954374,65.61733927634575,67.60737107729713,69.3794001733801,70.87609545088235,72.20725961442625,73.52448156721202,74.97935220430884,76.65733033324574,78.37934230490889,79.92576820117563,81.17933834441007,82.04064001244174,82.37933728842414,82.08769930617783,81.17933834441007,79.71338586845341,77.80970644816836,75.60334845882649,73.22936125260071,70.80125498829275,68.34638029290136,65.87055269758432,63.379597523250084,60.879357464478545,58.37570585805716,55.87456966339961,53.381968779539875
46.395946168175726,48.460327832155684,50.4672063722888,52.43559549343553,54.38485866953229,56.33455047862722,58.30433271790753,60.31392887768155,62.38309881787214,64.51180462443665,66.6207401179102,68.61078385731648,70.3828198347008,71.87951909359504,73.21068581155458,74.52790962755981,75.98278176154734,77.66076109601579,79.38277390438344,80.92920031575284,82.1827707609325,83.04407259129314,83.38276992279575,83.09113189300474,82.1827707609325,80.71681792267299,78.81313780666099,76.60677851950638,74.23278894318912,71.80467846281418,69.34979628670067,66.87395537858575,64.38297647262317,61.8826940933684,59.378967088992965,56.877696877037835,54.38485866953229
47.3966639634654,49.46207318369274,51.469576417759484,53.438353061364694,55.38786062020954,57.33770845634142,59.307591097278646,61.31725206163998,63.386463744647926,65.51519605103059,67.62414765935489,69.61420087442283,71.38624231353819,72.8829447324806,74.2141134778882,75.5313387727355,76.9862120948082,78.66419238610888,80.38620585856992,81.93263267877683,83.18620336361067,84.04750532281197,84.386202698381,84.09456463085374,83.18620336361067,81.72025023779108,79.81656956957988,77.6102092523495,75.23621779488593,72.80810396820573,70.35321585460579,67.87736438001153,65.3863666379124,62.88605066781997,60.38226381672706,57.880887224667504,55.38786062020954
48.397940760544316,50.46416629484441,52.472165630633185,54.44124996150403,56.39095153141828,58.34092322436652,60.31088556156212,62.32059796438661,64.38984277991216,66.51859611969343,68.62756051856198,70.61762125453296,72.38966702865142,73.88637195573529,75.21754231033393,76.53476877894128,77.9896430439992,79.66762409473898,81.38963809429168,82.93606523899325,84.18963611404081,85.050938175503,85.3896355860476,85.09799748856905,84.18963611404081,82.72368275998454,80.82000165349228,78.61364051868955,76.23964756815698,73.81153108550579,71.3566382592988,68.88077839801839,66.38976570545948,63.88942307364141,61.38558872008461,58.8841276874617,56.39095153141828
49.39966168435538,51.46653559566799,53.47492886532763,55.44425747737951,57.39411306193146,59.34418307148886,61.31420866831553,63.32396189978306,65.39323301337475,67.52200304767737,69.63097759852022,71.62104430387703,73.39309351870506,74.88980043650815,76.22097206832535,77.53819946854821,78.99307448205488,80.67105613556231,82.39307055346816,83.93949795572146,85.19306898174179,86.05437112436854,86.39306856267326,86.10143044142234,85.19306898174179,83.7271154465339,81.8234339921776,79.6170722084668,77.24307807288324,74.81495948218223,72.3600629155633,69.88419639772417,67.39317183884623,64.89280804518658,62.38893598758082,59.88740793026851,57.39411306193146
50.401735393586726,52.469124217255185,54.477830264431844,56.447352806471,58.397330650133625,60.34747870081105,62.31755450978173,64.3273401481666,66.39663213503204,68.52541541997512,70.63439802851624,72.62446947180366,74.3965214175343,75.89322991537615,77.22440256092415,78.54163070057167,79.99650630812305,81.67448844004781,83.39650319000091,84.94293079667321,86.19650194252071,87.05780414956783,87.39650160990578,87.10486346978672,86.19650194252071,84.73054826353265,82.82686653307641,80.62050423432666,78.24650915816662,75.8183888943027,73.36348935890851,70.88761755772904,68.39658358046478,65.89620299037838,63.392301006218545,60.8907197487479,58.397330650133625
51.40408928650687,53.47188698248149,55.48084135192602,57.45051784395278,59.4005927358327,61.35080273230912,63.320918396538104,65.33072975706747,67.40003831136667,69.52883211346983,71.63782111745502,73.6278963212568,75.39995043451236,76.89666018643419,78.22783363658195,79.54506236311178,80.99993844215712,82.67792095380216,84.39993596730146,85.94636373622124,87.19993497717564,88.06123723535327,88.399934713179,88.1082965580843,87.19993497717564,85.7339811840692,83.83029923447222,81.62393652693561,79.24994070423898,76.82181911238305,74.36691722066516,71.89104122607921,69.3999997733847,66.89960585180049,64.3956801143957,61.89405663027634,59.4005927358327
52.50666567341814,54.57478800886541,56.583939516309655,58.553738215948215,60.50389014204093,62.454149307778906,64.42429660631487,66.4341283830009,68.50345008707336,70.63225223672748,72.74124631680809,74.7313245053424,76.50338033896747,78.00009108625471,79.33126517501447,80.64849436735349,82.10337082062404,83.7813536336534,85.50336885632947,87.04979675402524,88.30336807046606,89.16467036922597,89.50336786093177,89.21172969395086,88.30336807046606,86.83741418678375,84.93373206325461,82.72736903126352,80.35337261604008,77.92524997015518,75.47034620821861,72.99446688531333,70.50341949933306,68.00301499642808,65.4990704057306,62.9974134052553,60.50389014204093
53.509418724562565,55.5777988004663,57.58710680447717,59.55700251134111,61.507215583934084,63.457513777135276,65.42768618457285,67.43753416587366,69.50686630704931,71.63567508220652,73.74467319120453,75.73475374872908,77.50681094781473,79.00352248512499,80.33469708075182,81.6519266428041,83.10680339309752,84.78478644533584,86.50680183403571,88.05322983394103,89.30680121029546,90.16810354126557,90.50680104398796,90.21516286757301,89.30680121029546,87.84084725472303,85.93716499314382,83.73080170363302,81.35680481812048,78.92868133565156,76.47377608931936,73.99789412471875,71.50684202946579,69.00642912809543,66.50246957332199,64.00078597024043,61.507215583934084
54.51231203872338,56.58089672995828,58.590328963040164,60.560301671507716,62.510563278885385,64.46089244933518,66.43108478618453,68.44094562928592,70.51028605447223,72.63910008832465,74.74810139508769,76.73818383288514,78.51024211573909,80.00695428009163,81.33812927801942,82.65535913351344,84.11023611955417,85.78821936165284,87.51023488212589,89.05666296315495,90.31023438706288,91.17153674359825,91.51023425506455,91.21859607116176,90.31023438706288,88.84428037443122,86.9405980032816,84.73423450937719,82.36023725059584,79.93211310412931,77.4772066796302,75.0013226183105,72.51026678529232,70.00984721801431,67.50587578611507,65.00417106811713,62.510563278885385
55.51531670777304,57.584063831666356,59.59359467655686,61.56362850559617,63.51392863680644,65.46428239462695,67.43449054975285,69.44436160139142,71.5137086016494,73.64252680934989,75.75153065418769,77.74161458436129,79.5136737274037,81.01038638944041,82.34156170667487,83.65879179507382,85.11366896822739,86.79165236101831,88.51366798607982,90.06009613149689,91.31366759314804,92.17496996997454,92.51366748838089,92.22202929853498,91.31366759314804,89.84771353522845,87.9440310771127,85.73766742098094,83.36366986593586,80.93554519245382,78.48063783284219,76.00475210735284,73.51369330766025,71.01326844962182,68.50928759075919,66.00756611358031,63.51392863680644
56.518409776938654,58.587285842220126,60.596894962367344,62.56697730558257,64.51730801428053,66.4676812875588,68.43790199784303,70.44778115207802,72.51713337100419,74.64595489150193,76.75496075081547,78.74504586549045,80.51710569126547,82.0138187483146,83.34499431898301,84.66222459223883,86.11710191390398,87.79508542629944,89.51710113437287,91.06352933089475,92.31710082250272,93.17840321543432,93.51710073934896,93.22546254478603,92.31710082250272,90.85114672863807,88.94746420149724,86.74110041660556,84.36710262641574,81.93897753464103,79.48406943282959,77.00818238648628,74.51712123213746,72.01669217480332,69.51270383370297,67.01096905458914,64.51730801428053
57.62157302046481,59.690551438251575,61.70022268992925,63.67034354060138,65.62069851936137,67.5710872823514,69.5413179577872,71.55120354310458,73.62055990410953,75.74938405398368,77.8583915121905,79.84847756700586,81.62053793466646,83.11725130523733,84.44842707705648,85.76565749703332,87.2205349365722,88.89851854389788,90.62053431785793,92.16696255494168,93.42053407032638,94.28183647604061,94.62053400432723,94.32889580602038,93.42053407032638,91.9545799479321,90.05089736600607,87.84453347891755,85.47053550209321,83.0424100783193,80.58750138742312,78.1116132927163,75.62055026947235,73.12011787914471,70.61612359935563,68.11437826238553,65.62069851936137
58.6247919684384,60.69385163080749,62.703572199097025,64.67372361424782,66.62409785660599,68.57449891396644,70.54473749882132,72.55462818852197,74.62398783710904,76.75281407392535,78.86182280117634,80.85190960218225,82.62397039993802,84.12068401935132,85.45185995082394,86.76909048725335,88.2239680203487,89.90195170302057,91.62396752927484,93.17039579855262,94.42396733280894,95.28526974866875,95.62396728042536,95.33232907914696,94.42396733280894,92.95801318777069,91.05433056236159,88.84796659415937,86.47396846920304,84.04584278192112,81.59093362346792,79.11504469667376,76.62398019008471,74.12354515435186,71.61954616100178,69.1177924441905,66.62409785660599
59.72805513348466,61.79717928434911,63.80693899701302,65.77711467189324,67.72750420405482,69.67791501957576,71.64815988218665,73.65805462325781,75.72741688120813,77.85624477443447,79.9652545089276,81.95534190218574,83.7274030413084,85.22411685822816,86.55529291641787,87.87252354527575,89.32740115262692,91.00538489510107,92.72740076286132,94.2738290576915,95.52740060692625,96.3887030308386,96.72740056534937,96.43576236171245,95.52740060692625,94.06144644391544,92.1577637839938,89.9513997514116,87.57740150888287,85.14927561245445,82.69436608290081,80.21847649567815,77.72741081175599,75.22697367635956,72.72297094184069,70.22121057390395,67.72750420405482
60.83135339643172,62.90052873476441,64.91031951744361,66.8805144477164,68.83091611557649,70.78133467622519,72.75158452152331,74.7614824781812,76.83084680718923,78.959676015111,81.06868654905344,83.05877441238275,84.83083582244856,86.32754979612933,87.65872595489448,88.97595665711292,90.43083432340096,92.10881811334025,93.8308340140438,95.37726232915492,96.63083389027804,97.49213632058171,97.83083385727846,97.53919565176957,96.63083389027804,95.16487971300243,93.26119702568819,91.05483294200755,88.68083460616151,86.2527085437334,83.79779871963709,81.32190860823167,78.83084198985883,76.33040318795572,73.826397484061,71.32463183709663,68.83091611557649
61.93467951835697,64.00389548604691,66.0137109297096,67.98392114327007,69.93433244334979,71.88475715135498,73.85501095143283,75.86491146031102,77.93427743312168,80.0631076845191,82.17211885298528,84.16220708941051,85.93426871452411,87.4309828126262,88.76215905121816,90.07938981166288,91.53426752472917,93.21225135234155,94.93426727919223,96.48069561040037,97.73426718095928,98.59556961633574,98.93426715476748,98.64262894777285,97.73426718095928,96.2683129923617,94.3646302833059,92.15826615906842,89.78426774915638,87.35614155497419,84.90123149709916,82.42534096964944,79.93427360960209,77.43383348499012,74.9298254242951,72.42805558734743,69.93433244334979
63.038027753074076,65.10727596946344,67.11711098700016,69.08733333108577,71.03775227633213,72.98818186352545,74.95843880252552,76.96834133710703,79.0377086146066,81.1665396942119,83.27555136630022,85.26563989885196,87.03770169464917,88.53441589150452,89.86559219345506,91.18282300011404,92.63770075030826,94.31568460782177,96.03770055542543,97.58412889940978,98.8377004774579,99.69900291686062,100.03770045666946,99.74606224849555,98.8377004774579,97.37174627987403,95.46806355356199,93.2616993971345,90.88770092843625,88.45957462968076,86.0046643862554,83.52877352859099,81.03770557987588,78.53726440542816,76.03325447413627,73.53148131158636,71.03775227633213
64.24139353942267,66.31066735235073,68.32051790595777,70.29074987815575,72.24117489141824,74.19160835124342,76.16186778161497,78.17177192400122,80.24114023703426,82.36997197398905,84.47898404580272,86.46907281339026,88.24113474465915,89.73784901989504,91.0690253721333,92.38625621547257,93.84113399513522,95.51911787638133,97.24113384045664,98.78756219458145,100.04113377857377,100.90243622117214,101.24113376207397,100.94949555296408,100.04113377857377,98.5751795738575,96.67149683384913,94.46513265187242,92.09113413651552,89.66300775476017,87.20809736406338,84.73220624430738,82.24113782836612,79.74069582066261,77.23668440467492,74.73490860258633,72.24117489141824
65.64477325694942,67.71406738632301,69.72393027109126,71.69416988519518,73.64459971467261,75.59503624821885,77.56529765599782,79.57520307450142,81.64457220943865,83.77340446813238,85.88241685720834,87.87250581134401,89.64456785013687,91.14128218758341,92.4724585797351,93.78968945218752,95.2445672552393,96.92255115532194,98.64456713247083,100.19099549464416,101.44456708335437,102.30586952848913,102.64456707025846,102.3529288604057,101.44456708335437,99.97861287297711,98.07493012209797,95.86856591984284,93.49456736745293,91.06644091982051,88.61153041223433,86.13563908445602,83.64457029767699,81.14412762861748,78.64011503422472,76.13833713712877,73.64459971467261
65.87957358932616,67.97174082776537,70.0165587079635,72.03331033101878,74.04062642442432,76.05567134678901,78.09341331986079,80.16623609654447,82.28424082668471,84.4408290517818,86.56806615902015,88.58470069180382,90.41218172223479,92.01277153568742,93.49061289933019,94.97652779652793,96.58672170912016,98.37006031433984,100.1602073900307,101.77808205013278,103.18480816819103,104.33062839263846,104.86981632531615,104.43940320994697,103.18480816819103,101.36110909287744,99.15457555751448,96.71824879356743,94.18778643219338,91.66663491252729,89.15985797536605,86.65634020345229,84.15016081497927,81.63756789469895,79.11578736613393,76.5832040185719,74.04062642442432
64.1830605627783,66.25230127640043,68.26213174003104,70.23235126193046,72.18276842851957,74.13319688056515,76.10345308929251,78.11335515259279,80.18272212655572,82.31155301347795,84.42056456839833,86.41065303205605,88.18271478814364,89.67942896202399,91.01060524923412,92.32783604514132,93.78271378669771,95.46069763725473,97.18271358003021,98.72914192104216,99.9827134973479,100.84401593581391,101.18271347530236,100.89107526740281,99.9827134973479,98.5167593018547,96.61307657955732,94.40671243061887,92.03271397559725,89.60458770117079,87.14967750091382,84.67378672007405,82.18271890831278,79.68227797810995,77.1782684820136,74.67649609316751,72.18276842851957
63.076397832318975,65.14556126163161,67.15534481576915,69.12553526623117,71.07593411070135,73.02635086943665,74.99659955550786,77.00649676405698,79.07586061123203,81.20468951328911,83.3136998612392,85.30378761520623,87.07584896223696,88.5725628994472,89.90373903481344,91.2209697199645,92.67584737254086,94.35383115143736,96.07584704447663,97.6222753548694,98.87584691322665,99.73714934204338,100.07584687823154,99.7842086731582,98.87584691322665,97.40989273926978,95.50621005832843,93.29984598653584,90.92584767240015,88.49772164859195,86.04281189302115,83.5669219035671,81.07585550259475,78.57541708840544,76.07141207533813,73.56964765654418,71.07593411070135
62.48731117398491,64.56618360816513,66.5906985887396,68.5805211110272,70.55505667583066,72.53308669536749,74.53241683182297,76.56965583061249,78.66030724089079,80.80134534406538,82.91839587456046,84.92022609100368,86.71692873736748,88.26029921242278,89.65839894314925,91.05412204409568,92.58271475849585,94.31149018733652,96.06669204914071,97.64820796682321,98.97798425060404,99.98443689751437,100.42821232242972,100.06359561889565,98.97798425060404,97.3361338262815,95.28929496385791,92.97773771950781,90.53389124218263,88.06489617945562,85.58741198130437,83.09955866345972,80.6019648126722,78.09628397562393,75.58462587524178,73.06963452866681,70.55505667583066
45.395894938528,47.45898339135876,49.46507539708627,51.43297647122688,53.3819318203239,55.33142707569964,57.301082826417044,59.310597340213235,61.37971468802169,63.50838710648745,65.61730229604075,67.60733409649933,69.37936319229829,70.8760584696362,72.20722263307468,73.52444458578354,74.97931522281857,76.6572933517057,78.37930532333431,79.92573121957977,81.17930136280177,82.04060303082673,82.37930030680684,82.0876623245625,81.17930136280177,79.71334888686005,77.80966946660372,75.60331147731544,73.22932427118747,70.80121800705356,68.34634331197094,65.87051571720339,63.379560543848726,60.879320486824014,58.37566888351469,55.87453269438865,53.3819318203239
46.39590929858316,48.46029092017042,50.46716943452637,52.43555853968063,54.38482170569134,56.334513508346504,58.304295743482754,60.31389190058195,62.383061839049574,64.51176764452028,66.62070313732866,68.61074687634382,70.3827828535027,71.87948211226652,73.21064883014236,74.52787264608654,75.98274478002503,77.66072411445396,79.38273692279422,80.92916333414675,82.18273377931652,83.04403560967185,83.38273294117263,83.09109491138318,82.18273377931652,80.71678094106886,78.81310082507966,76.6067415379676,74.23275196172796,71.80464148149115,69.34975930562271,66.87391839794392,64.38293949275885,61.88265711489058,59.37893011298537,56.87765990542107,54.38482170569134
47.396627070812,49.462036257358086,51.46953947095251,53.4383161018594,55.38782365269691,57.33767148371672,59.30755412136446,61.31721508360263,63.386426765243016,65.5151590707575,67.62411067855385,69.61416389331134,71.38620533224778,72.88290775108666,74.21407649642785,75.53130179122667,76.98617511326046,78.6641554045298,80.3861688769691,81.93259569716261,83.18616638198858,84.04746834118566,84.38616571675325,84.09452764922722,83.18616638198858,81.72021325617841,79.8165325879853,77.61017227078868,75.23618081338671,72.80806698681616,70.35317887341074,67.87732739916265,65.38632965768063,62.886013688688706,60.382226839556495,57.88085025098225,55.38782365269691
48.39790384956696,50.464129357112704,52.47212867664442,54.44121299743338,56.39091456099092,58.34088624988118,60.3108485844657,62.320560985604956,64.38980580004502,66.51855913913722,68.62752353758674,70.61758427331128,72.38963004728774,73.88633497428944,75.21750532883537,76.53473179740428,77.98960606243128,79.66758711314617,81.3896011126816,82.93602825737256,84.18959913241387,85.05090119387273,85.3895986044162,85.09796050693862,84.18959913241387,82.7236457783651,80.81996467188719,78.61360353711126,76.23961058662759,73.81149410406343,71.35660127801081,68.88074141700517,66.38972872493606,63.889386093991476,61.38555174199095,58.88409071213451,56.39091456099092
49.39962475882133,51.466498648885434,53.47489190563667,55.44422050968454,57.39407608919035,59.34414609552658,61.31417169028073,63.32392492041063,65.39319603314075,67.52196606689644,69.6309406174067,71.6210073225679,73.39305653728323,74.88976345502113,76.22093508679649,77.53816248698882,78.99303750047095,80.67101915395864,82.39303357185078,83.93946097409565,85.193032000111,86.05433414273512,86.39303158103893,86.10139345978878,85.193032000111,83.72707846490908,81.82339701056418,79.61703522687463,77.24304109132987,74.81492250069793,72.36002593420154,69.88415941658049,67.3931348580913,64.89277106512498,62.38889900875448,59.887370953638026,57.39407608919035
50.401698456490855,52.469087263285786,54.47779330021379,56.447315835898905,58.397293675555886,60.34744172367647,62.317517531002096,64.32730316832524,66.39659515450684,68.52537843901584,70.63436104729294,72.62443249042514,74.39648443606634,75.89319293385643,77.22436557937121,78.5415937189945,79.9964693265264,81.67445145843547,83.39646620837772,84.94289381504332,86.19646496088689,87.05776716793193,87.39646462826913,87.1048264881507,86.19646496088689,84.73051128190355,82.82682955145634,80.6204672527235,78.24647217659424,75.81835191278513,73.36345237748822,70.88758057648184,68.39654659952612,65.89616600999001,63.392264026810636,60.890682771082936,58.397293675555886
51.404052340229214,53.47185002280591,55.48080438411404,57.45048087109679,59.4005557597971,61.35076575424402,63.32088141716726,65.33069277685394,67.40000133061035,69.52879513236897,71.63778413614463,73.62785933982317,75.39991345300776,76.89662320488847,78.2277966550099,79.54502538152053,80.99990146055038,82.677883972183,84.39989898567364,85.94632675458813,87.19989799553943,88.06120025371536,88.3998977315405,88.10825957644627,87.19989799553943,85.73394420243672,83.8302622528469,81.6238995453237,79.2499037226515,76.82178213083913,74.36688023919842,71.89100424474984,69.39996279230022,66.89956887115278,64.39564313452618,61.894019651790245,59.4005557597971
52.506628719849644,54.574751044659564,56.58390254564466,58.55370124127927,60.50385316484814,62.454112328975214,64.42425962647478,66.43409140249194,68.50341310613359,70.63221525551424,72.74120933542855,74.73128752386506,76.50334335743379,78.00005410468842,79.33122819342725,80.64845738575102,82.10333383900928,83.78131665202878,85.50333187469802,87.04975977238956,88.3033310888279,89.16463338758648,89.50333087929182,89.2116927123113,88.3033310888279,86.83737720514856,84.9336950816251,82.72733204964467,80.35333563444063,77.92521298859026,75.47030922671496,72.99442990391873,70.50338251813284,68.00297801557451,65.4990334254947,62.997376426117455,60.50385316484814
53.509381765205276,55.577761832663995,57.587069831547424,59.556965535233104,61.50717860582277,63.45747679774536,65.4276492043603,67.43749718513024,69.50682932596396,71.63563810090409,73.74463620977009,75.73471676721704,77.50677396625798,79.00348550354235,80.33466009915257,81.65188966119274,83.10676641147643,84.7847494637069,86.50676485240133,88.05319285230328,89.30676422865577,90.16806655962482,90.50676406234687,90.21512588593222,89.30676422865577,87.84081027308571,85.93712801151102,83.73076472200864,81.35676783651152,78.92864435407,76.47373910778643,73.99785714327237,71.5068050481737,69.00639214707849,66.50243259279529,64.0007489905853,61.50717860582277
54.51227507477023,56.58085975930098,58.590291988312686,60.560264694257455,62.51052630004503,64.46085546947992,66.43104780567637,68.44090864835641,70.5102490732713,72.63906310695147,74.74806441360971,76.73814685134553,78.51020513416401,80.006917298496,81.33809229641062,82.65532215189504,84.11019913792802,85.78818238002046,87.51019790048917,89.05662598151564,90.310197405422,91.1714997619565,91.51019727342252,91.21855908951997,90.310197405422,88.84424339279222,86.94056102164616,84.73419752774846,82.36020026897933,79.93207612253457,77.47716969807405,75.00128563682304,72.5102298039273,70.00981023686768,67.50583880535756,65.00413408805139,62.51052630004503
55.51527974017135,57.5840268587427,59.593557700402414,61.56359152743926,63.513891657387404,65.4642454144024,67.43445356901006,69.44432462031416,71.51367162035676,73.6424898279205,75.75149367267514,77.74157760279985,79.51363674581408,81.0103494078345,82.34152472505849,83.65875481344983,85.11363198659724,86.79161537938324,88.51363100444131,90.06005914985629,91.3136306115062,92.17493298833203,92.51363050673815,92.22199231689244,91.3136306115062,89.84767655358807,87.94399409547518,85.73763043934875,83.36363288431338,80.93550821084858,78.48060085126758,76.00471512583277,73.51365632623737,71.01323146837228,68.50925060981848,66.00752913318865,63.513891657387404
56.518372806440595,58.58724886749749,60.59685798508022,62.566940326706,64.51727103440219,66.4676443070411,68.43786501691397,70.44774417088351,72.51709638963874,74.64591791002795,76.75492376927548,78.74500888391165,80.5170687096643,82.0137817667005,83.34495733736061,84.66218761061037,86.11706493227064,87.7950484446622,89.51706415273291,91.06349234925311,92.3170638408601,93.17836623379117,93.51706375770564,93.22542556314286,92.3170638408601,90.8511097469966,88.94742721985806,86.74106343497061,84.36706564478848,81.93894055302748,79.48403245124035,77.00814540494031,74.51708425066863,72.0166551934721,69.51266685261685,67.0109320739388,64.51727103440219
57.62153604766759,59.69051446210098,61.70018571174306,63.670306561153595,65.62066153911847,67.57105030160103,69.54128097671034,71.55116656181706,73.62052292268629,75.74934707247434,77.85835453062872,79.84844058541326,81.62050095305615,83.11721432361674,84.4483900954293,85.76562051540134,87.22049795493632,88.89848156225892,90.62049733621679,92.16692557329924,93.42049708868318,94.28179949439698,94.62049702268344,94.32885882437671,93.42049708868318,91.95454296628984,90.05086038436559,87.84449649728043,85.47049852046216,83.04237309669914,80.58746440582227,78.11157631114979,75.62051328796706,73.12008089774864,70.6160866181541,68.11434128152989,65.62066153911847
58.624754993816126,60.693814653523404,62.703535220197224,64.67368663434665,66.62406087607373,68.57446193303142,70.54470051762715,72.55459120716057,74.62395085563995,76.75277709238787,78.86178581959729,80.85187262057873,82.6239334183204,84.12064703772559,85.451822969193,86.76905350561859,88.22393103871084,89.90191472138025,91.62393054763282,93.17035881690954,94.42393035116524,95.28523276702471,95.62393029878122,95.33229209750291,94.42393035116524,92.95797620612773,91.05429358072004,88.84792961252049,86.47393148756903,84.04580580029574,81.59089664185784,79.11500771509095,76.62394320855049,74.12350817290432,71.61950917970867,69.1177554631719,66.62406087607373
59.7280181574137,61.797142306165355,63.80690201754682,65.77707769163224,67.7274672232929,69.67787803849416,71.64812290089938,73.6580176418378,75.72737989970261,77.85620779287473,79.96521752733483,81.95530492057357,83.72736605968504,85.22407987659831,86.5552559347839,87.87248656363874,89.3273641709875,91.00534791345967,92.72736378121857,94.2737920760479,95.52736362528215,96.38866604919423,96.72736358370493,96.43572538006809,95.52736362528215,94.06140946227194,92.15772680235145,89.95136276977136,87.57736452724646,85.1492386308249,82.69432910128343,80.21843951408238,77.72737383019881,75.22693669487117,72.72293396047486,70.221173592756,67.7274672232929
60.83131641921088,62.90049175586654,64.91028253752782,66.88047746716975,68.83087913463228,70.78129769502723,72.75154754016211,74.76144549671463,76.83080982565482,78.95963903353356,81.06864956744978,83.05873743076368,84.83079884082062,86.32751281449626,87.65868897325815,88.97591967547416,90.43079734176027,92.108781131698,93.83079703240045,95.37722534751094,96.63079690863367,97.49209933893711,97.8307968756338,97.53915867012498,96.63079690863367,95.16484273135852,93.26116004404517,91.05479596036622,88.68079762452324,86.25267156210055,83.7977617380139,81.32187162662564,78.83080500828342,76.33036620643489,73.82636050263748,71.32459485584604,68.83087913463228
61.93464254022339,64.00385850658223,66.01367394943698,67.98388416249674,69.93429546226088,71.88472017006467,73.85497397001296,75.86487447880756,77.93424045156436,80.0630707029276,82.172081871373,84.16217010778598,85.93423173289256,87.43094583099054,88.7621220695799,90.07935283002271,91.53423054308747,93.21221437069863,94.93423029754844,96.48065862875606,97.73423019931465,98.59553263469094,98.93423017312264,98.64259196612804,97.73423019931465,96.26827601071744,94.36459330166237,92.15822917742622,89.7842307675166,87.35610457333871,84.90119451547133,82.42530398803527,79.9342366280122,77.43379650344357,74.92978844282578,72.42801860601534,69.93429546226088
63.03799077421603,65.10723898954888,67.1170740064443,69.08729635013252,71.03771529512838,72.98814488216183,74.95840182105911,76.96830435557425,79.0376716330311,81.16650271260926,83.27551438468106,85.26560291722308,87.0376647130147,88.53437890986685,89.8655552118153,91.18278601847277,92.63766376866576,94.3156476261783,96.03766357378129,97.5840919177652,98.83766349581308,99.69896593521567,100.03766347502446,99.7460252668506,98.83766349581308,97.37170929822952,95.46802657191803,93.26166241549161,90.88766394679527,88.45953764804322,86.00462740462393,83.52873654697035,81.03766859827451,78.5372274238612,76.03321749263057,73.53144433018963,71.03771529512838
64.2413565599896,66.31063037207907,68.32048092517712,70.29071289705966,72.24113791012336,74.19157136982166,76.16183080011157,78.17173494244517,80.24110325544429,82.36993499237757,84.47894706417812,86.46903583175796,88.2410977630224,89.73781203825574,91.06898839049236,92.38621923383043,93.8410970134921,95.51908089473741,97.2410968588122,98.78752521293669,100.04109679692877,100.90239923952707,101.24109678042886,100.94945857131901,100.04109679692877,98.57514259221276,96.67145985220485,94.465095670229,92.0910971548736,89.66297077312097,87.20806038242901,84.73216926268158,82.24110084675561,79.74065883907942,77.2366474231404,74.73487162113825,72.24113791012336
65.64473627705992,67.71403040576791,69.72389329013218,71.69413290398577,73.64456273330539,75.59499926675093,77.56526067446512,79.5751660929269,81.6445352278372,83.77336748651386,85.88237987557943,87.87246882970896,89.64453086849831,91.14124520594285,92.4724215980932,93.78965247054468,95.24453027359569,96.92251417367771,98.64453015082617,100.19095851299923,101.44453010170926,102.30583254684396,102.64453008861327,102.35289187876052,101.44453010170926,99.9785758913322,98.07489314045343,95.86852893819896,93.49453038581025,91.06640393818,88.61149343059765,86.13560210282616,83.64453331605927,81.14409064702143,78.64007805266725,76.13830015563997,73.64456273330539
65.8795378603212,67.97170519372395,70.01652321838401,72.03327503200988,74.04059135580603,76.05563653623977,78.0933787748046,80.16620179534803,82.28420671159014,84.44079504196313,86.56803221796153,88.58466685038819,90.41214808689449,92.0127382795969,93.4905801635021,94.97649563774439,96.58669006219253,98.3700290043417,100.16017629360734,101.77805117410658,103.1847777525738,104.3305987904038,104.8697872650692,104.43937377722176,103.1847777525738,101.36107757593092,99.15454303463845,96.71821545861033,94.18775251960584,91.66660064651688,89.15982350899279,86.656305629378,84.15012618171008,81.63753321368773,79.11575261506948,76.58316914537116,74.04059135580603
64.18302358408879,66.25226429659051,68.2620947595411,70.23231428101906,72.18273144734255,74.13315989921861,76.10341610783694,78.11331817106682,80.18268514498442,82.3115160318779,84.42052758678075,86.41061605042819,88.18267780650986,89.67939198038678,91.01056826759472,92.32779906350032,93.78267680505542,95.46066065561138,97.18267659838614,98.72910493939763,99.98267651570313,100.84397895416899,101.1826764936574,100.8910382857579,99.98267651570313,98.51672232021023,96.61303959791346,94.40667544897613,92.03267699395656,89.60455071953373,87.1496405192832,84.67374973845492,82.18268192671408,79.68224099654773,77.17823150051638,74.67645911178582,72.18273144734255
63.07636085536565,65.14552428289988,67.15530783595796,69.12549828575101,71.07589712979956,73.02631388826578,74.99656257416385,77.00645978260124,79.07582362970436,81.2046525317158,83.31366287963809,85.30375063358875,87.0758119806101,88.57252591781489,89.90370205317765,91.22093273832617,92.67581039090045,94.35379416979531,96.07581006283343,97.62223837322549,98.87580993158235,99.73711236039884,100.07580989658695,99.78417169151368,98.87580993158235,97.40985575762596,95.50617307668557,93.29980900489477,90.9258106907623,88.49768466695988,86.0427749113993,83.56688492196346,81.07581852102358,78.57538010689217,76.07137509392803,73.56961067531748,71.07589712979956
62.48727471359739,64.56614718901385,66.5906622328055,68.58048483939955,70.55502050753644,72.53305064469609,74.53238090427803,76.56962001810464,78.66027151745516,80.8013096715172,82.91836023544658,84.92019050062038,86.71689324882902,88.2602639151504,89.65836391666606,91.05408732994096,92.58268033256456,94.31145595717112,96.06665794565261,97.64817399622295,98.97795056494411,99.98440374095318,100.42817953801114,100.06356257697394,98.97795056494411,97.33609947529106,95.28926005113,92.9777023820442,90.5338556169587,88.0648603837027,85.5873760906712,83.0995227223508,80.60192884397514,78.0962479847557,75.58458985196849,73.06959844925538,70.55502050753644
45.3960001969572,47.459088802195666,49.46518090064016,51.43308203232037,53.38203741771281,55.33153269626523,57.301188461898136,59.31070298532222,61.37982033933261,63.508492761735624,65.61740795368333,67.60743975554985,69.37946885216033,70.87616412996778,72.20732829370746,73.52455024663607,74.97942088384762,76.65739901287694,78.37941098460422,79.92583688091045,81.17940702416803,82.04070869221215,82.37940596819881,82.08776798594884,81.17940702416803,79.7134545481836,77.8097751278452,75.60341713840387,73.22942993199639,70.80132366736527,68.34644897140043,65.87062137506291,63.37966619890952,60.879426136893954,58.37577452469306,55.87463831976292,53.38203741771281
46.3960146399081,48.46039638261598,50.46727497062015,52.43566412146667,54.38492731629432,56.3346191373486,58.30440138432485,60.31399754906633,62.38316749245669,64.51187330105252,66.62080879576138,68.61085253589401,70.38288851369698,71.87958777283345,73.2107544909484,74.527978307067,75.98285044114562,77.6608297756874,79.38284258410597,80.9292689955067,82.18283944070473,83.04414127107526,83.38283860258124,83.09120057278734,82.18283944070473,80.71688660242319,78.81320648636887,76.6068471991353,74.23285762267382,71.80474714204237,69.34986496547373,66.8740240565488,64.38304514914236,61.88276276731271,59.379035758349815,56.877765538240396,54.38492731629432
47.39673247802432,49.462141760801416,51.46964503288754,53.43842170007491,55.38792927379026,57.33777711941585,59.30765976646198,61.317320734766255,63.386532420313955,65.51526472830892,67.62421633761369,69.61426955325817,71.38631099270582,72.8830134118405,74.21418215737143,75.53140745230866,76.98628077445366,78.66426106581258,80.38627453831404,81.93270135854581,83.18627204339423,84.04757400260337,84.38627137817508,84.09463331064552,83.18627204339423,81.72031891755715,79.81663824931233,77.6102779320193,75.23628647444127,72.80817264755748,70.35328453359631,67.87743305835916,65.386435315114,62.886119342977835,60.38233248824366,57.88095588971149,55.38792927379026
48.39800930913282,50.4642348931187,52.472234259098656,54.441318608692626,56.39102019041201,58.34099189089636,60.310954232940986,62.32066663889516,64.38991145643658,66.51866479749756,68.62762919714433,70.61768993357288,72.38973570795508,73.88644063519155,75.2176109898881,76.53483745856687,77.98971172368218,79.66769277446812,81.3897067740529,82.93613391877423,84.18970479383336,85.05100685530178,85.38970426584852,85.09806616836812,84.18970479383336,82.7237514397632,80.8200703332443,78.6137091983918,76.2397162477684,73.81159976495562,71.35670693846191,68.88084707667124,66.3898343832027,63.88949174976247,61.38565739331551,58.884196355554906,56.39102019041201
49.39973025997726,51.46660421075073,53.474997504382685,55.44432613129888,57.39418172522207,59.34425174076149,61.314277341437105,63.32403057538876,65.3933016905805,67.52207172589884,69.63104627735936,71.62111298307934,73.39316219811671,74.88986911604094,76.22104074793585,77.53826814821538,78.99314316176759,80.67112481531169,82.393139233243,83.93956663551197,85.19313766154144,86.05443980417317,86.39313724247957,86.1014991212272,85.19313766154144,83.72718412632256,81.8235026719451,79.61714088819483,77.24314675253916,74.81502816170989,72.36013159486339,69.88426507661926,67.39324051701934,64.89287672207219,62.389004662172425,59.887476600782094,57.39418172522207
50.40180399068021,52.46919284568466,54.47789891189419,56.44742146573353,58.39739931683505,60.347547372260806,62.31762318428656,64.32740882464314,66.39670081277856,68.52548409852784,70.63446670755923,72.62453815113489,74.39659009703169,75.89329859496968,77.22447124057933,78.54169938027184,79.99657498785936,81.67455711981322,83.39657186978654,84.94299947647127,86.19657062232605,87.05787282937709,87.39657028971638,87.10493214959618,86.19657062232605,84.73061694332927,82.82693521285623,80.62057291407513,78.24657783785784,75.81845757389215,73.36355803831734,70.88768623681642,68.39665225897912,65.89627166787079,63.39236968189016,60.89078842118268,58.39739931683505
51.40415790065194,53.47195562150799,55.480910006062715,57.45058650745678,59.40066140524155,61.35087140548697,63.32098707214085,65.33079843423522,67.40010698954242,69.52890079228547,71.63788979665975,73.62796500069032,75.40001911407776,76.89672886607588,78.2279023162726,79.54513104283816,81.00000712191218,82.67798963358032,84.40000464709564,85.94643241602529,87.2000036569855,88.06130591516623,88.40000339299303,88.1083652378974,87.2000036569855,85.7340498638721,83.83036791426179,81.6240052067003,79.25000938395826,76.82188779202153,74.36698590016029,71.89110990531918,69.40006845216985,66.89967452977454,64.39574879092454,61.89412530423603,59.40066140524155
52.50673430110311,54.57485665630509,56.5840081757447,58.55380688281903,60.503958813598814,62.45421798232839,64.42436528278905,66.43419706071725,68.50351876558977,70.63232091575176,72.74131499614126,74.73139318485714,76.50344901858688,78.00015976593468,79.33133385473326,80.64856304710065,82.10343950039396,83.78142231344165,85.50343753613048,87.04986543383404,88.30343675027947,89.16473904904183,89.5034365407485,89.21179837376687,88.30343675027947,86.83748286659166,84.93380074305192,82.72743771104112,80.35344129578161,77.92531864983258,75.47041488778223,72.99453556467444,70.50348817833319,68.00308367478442,65.49913908293988,62.99748208042534,60.503958813598814
53.509487362997945,55.577867454584975,57.587175468118105,59.55707118088439,61.50728425719774,63.457582452773465,65.42775486173873,67.43760284402546,69.50693498583612,71.63574376139644,73.74474187063956,75.73482242830823,77.50687962747699,79.00359116483531,80.33476576049297,81.65199532256776,83.10687207287924,84.78485512513214,86.5068705138421,88.0532985137536,89.3068698901117,90.16817222108375,90.50686972380686,90.21523154739131,89.3068698901117,87.8409159345349,85.93723367294729,83.73087038342081,81.35687349787969,78.92875001535985,76.47384476893734,73.99796280417601,71.50691070863652,69.00649780675519,66.50253825107131,64.00085464637121,61.50728425719774
54.512380685693756,56.58096538937903,58.59039763001968,60.56037034317231,62.51063195350298,64.46096112583751,66.43115346389942,68.44101430778335,70.51035473347366,72.63916876764605,74.7481700746036,76.73825251251546,78.51031079543537,80.00702295982606,81.33819795777833,82.6554278132902,84.11030479934527,85.78828804145547,87.51030356193655,89.05673164297055,90.31030306688137,91.17160542341828,91.51030293488515,91.21866475098187,90.31030306688137,88.84434905424625,86.94066668308994,84.7343031891731,82.36030593036904,79.93218178386212,77.47727535929133,75.00139129784407,72.51033546459846,70.00991589691489,67.50594446429302,65.00423974501041,62.51063195350298
55.51538536151918,57.58413249529593,59.593663346186446,61.56369717894455,63.5139973124987,65.46435107181517,67.43455922790348,69.44443028016315,71.51377728082119,73.64259548877558,75.75159933376783,77.74168326403225,79.51374240712695,81.01045506919397,82.34163038644783,83.65886047486097,85.11373764802592,86.79172104082602,88.51373666589387,90.06016481131485,91.31373627296831,92.17503864979605,92.51373616820281,92.22209797835657,91.31373627296831,89.84778221504597,87.94409975692491,85.73773610078331,83.3637385457202,80.9356138722061,78.48070651253758,76.00482078694696,73.51376198707388,71.01333712871354,68.50935626927736,66.00763479107881,63.5139973124987
56.518478436063674,58.58735450919063,60.59696363410043,62.567045980267395,64.51737669082577,66.46774996529142,68.4379706763395,70.44784983106746,72.51720205031117,74.64602357101045,76.75502943044657,78.74511454519362,80.51717437101016,82.01388742808334,83.34506299876716,84.66229327203422,86.1171705937084,87.79515410611114,89.51716981418963,91.06359801071461,92.31716950232439,93.17847189525696,93.51716941917198,93.22553122460874,92.31716950232439,90.85121540845755,88.94753288131255,86.74116909641302,84.3671713062089,81.93904621440876,79.48413811255215,77.00825106612848,74.5171899116364,72.0167608540468,69.51277251249118,67.01103773256803,64.51737669082577
57.62164168385965,59.69062010787401,61.70029136333197,63.670412216347,65.62076719658363,67.5711559605161,69.5413866365582,71.55127222226685,73.62062858352381,75.74945273355793,77.85846019186201,79.84854624673457,81.62060661442817,83.11731998501811,84.44849575684948,85.76572617683524,87.2206036163813,88.89858722371278,90.62060299767681,92.16703123476304,93.42060275014919,94.28190515586422,94.6206026841511,94.32896448584401,93.42060275014919,91.95464862775319,90.0509660458238,87.84460215872909,85.47060418189338,83.04247875809924,80.58757006716725,78.11168197239665,75.62061894903898,73.12018655850856,70.61619227835814,68.1144469407457,65.62076719658363
58.624860635222575,60.69392030253489,62.703640873824995,64.67379229083541,66.62416653436563,68.57456759247411,70.54480617781017,72.5546968678214,74.62405651660848,76.75288275355179,78.86189148087996,80.85197828193128,82.6240390797132,84.12075269914166,85.451928630624,86.7691591670605,88.22403670016155,89.90202038283797,91.62403620909544,93.17046447837518,94.42403601263264,95.28533842849306,95.6240359602499,95.33239775897133,94.42403601263264,92.95808186759301,91.05439924218129,88.84803527397412,86.47403714900878,84.04591146171084,81.59100230322917,79.11511337638441,76.62404886970509,74.1236138338113,71.61961484017445,69.1178611228533,66.62416653436563
59.72812380295919,61.79724795774733,63.80700767279289,65.77718334914913,67.72757288224098,69.67798369835562,71.64822856134846,73.6581233026661,75.72748556077515,77.8563134541023,79.96532318865673,81.95541058195089,83.7274717210943,85.22418553802608,86.55536159622352,87.87259222508702,89.32746983244269,91.0054535749205,92.72746944268327,94.273897737515,95.52746928675064,96.38877171066349,96.72746924517443,96.43583104153737,95.52746928675064,94.06151512373876,92.15783246381503,89.9514684312289,87.57747018869303,85.1493442922519,82.69443476267567,80.21854517541283,77.72747949141903,75.22704235589485,72.72303962114836,70.22127925280697,67.72757288224098
60.83142206804173,62.900597409488824,64.91038819405838,66.88058312550271,68.83098479410117,70.78140335522109,72.75165320082237,74.7615511576759,76.83091548680994,78.95974469481172,81.06875522880276,83.05884309216069,84.83090450224299,86.32761847593328,87.65879463470458,88.97602533692746,90.4309030032191,92.10888679316126,93.83090269386683,95.37733100897921,96.63090257010299,97.49220500040707,97.83090253710395,97.53926433159495,96.63090257010299,95.16494839282656,93.26126570551062,91.05490162182689,88.68090328597518,86.25277722353694,83.79786739942273,81.32197728798542,78.83091066955572,76.33047186755121,73.82646616347584,71.32470051619026,68.83098479410117
61.93474819166201,64.00396416182394,66.01377960698706,67.9839898214774,69.93440112214316,71.88482583052236,73.85507963084083,75.8649801398743,77.934346112785,80.06317636424586,82.17218753275066,84.1622757691986,85.93433739432528,87.43105149243493,88.76222773103174,90.07945849148003,91.53433620454916,93.21232003216383,94.9343359590161,96.48076429022521,97.7343358607847,98.59563829616147,98.9343358345933,98.6426976275986,97.7343358607847,96.26838167218644,94.36469896312931,92.15833483888936,89.78433642897284,87.35621023478261,84.90130017689336,82.42540964941833,79.93434228932585,77.43390216463341,74.929894103795,72.42812426659239,69.93440112214316
63.038096427724525,65.10734464607597,67.1171796648036,69.08740200962725,71.03782095533874,72.98825054282894,74.95850748202,76.96841001672476,79.03777729430371,81.16660837395938,83.27562004607836,85.26570857864809,87.03777037445569,88.53448457131707,89.86566087327145,91.18289167993323,92.63776943012971,94.31575328764507,96.03776923524998,97.58419757923508,98.83776915728367,99.69907159668665,100.03776913649557,99.74613092832159,98.83776915728367,97.37181495969926,95.46813223338616,93.26176807695673,90.88776960825487,88.45964330949303,86.00473306605639,83.52884220837191,81.03777425962096,78.53733308510938,76.03332315370368,73.53154999095142,71.03782095533874
64.24146221514098,66.31073602962643,68.3205865841787,70.29081855696246,72.24124357059412,74.19167703065494,76.16193646117809,78.17184060366215,80.2412089167582,82.370040653753,84.47905272559095,86.4691414931928,88.24120342446992,89.73791769971058,91.06909405195191,92.3863248952934,93.84120267495786,95.5191865562054,97.24120252028172,98.78763087440714,100.04120245839982,100.9025049009984,101.24120244190027,100.94956423279035,100.04120245839982,98.57524825368313,96.67156551367391,94.46520133169568,92.09120281633591,89.66307643457552,87.2081660438698,84.7322749240978,82.2412065081281,79.7407645003739,77.2367530842959,74.7349772820467,72.24124357059412
65.64484193351535,67.71413606412504,69.72399894964353,71.69423856421241,73.64466839398287,75.59510492771611,77.5653663356154,79.57527175419662,81.64464088918388,83.77347314790936,85.88248553700464,87.87257449115162,89.64463652995101,91.14135086740137,92.47252725955546,93.78975813200967,95.24463593506286,96.92261983514666,98.64463581229634,100.19106417447014,101.44463576318063,102.30593820831557,102.64463575008494,102.35299754023214,101.44463576318063,99.97868155280304,98.07499880192324,95.86863459966688,93.49463604727472,91.0665095996383,88.611599092045,86.13570776425402,83.64463897745244,81.14419630835269,78.64018371388822,76.13840581666481,73.64466839398287
65.879639942854,67.97180700493476,70.01662461685014,72.03337588599346,74.04069155153647,76.05573599463641,78.09347747465617,80.16629979846334,82.28430418299028,84.44089221257755,86.56812919212024,88.58476353985488,90.41224418757938,92.01283329671975,93.49067369417253,94.97658751972862,96.58678048174208,98.37011846124244,100.16026514029875,101.77813939109623,103.1848646541182,104.33068336801324,104.86987029415201,104.43945787052158,103.1848646541182,101.36116762410853,99.15463595687908,96.71831070106448,94.18784941241921,91.66669854910151,89.15992198403792,86.65640441213773,84.1502251335967,81.63763230197893,79.11585190351107,76.58326878277059,74.04069155153647
64.18312923711572,66.25236995281857,68.26220041771211,70.23241994039421,72.18283710747659,74.13326555983699,76.10352176876688,78.11342383219784,80.18279080624492,82.31162169322062,84.42063324817349,86.41072171185033,88.18278346794891,89.67949764183564,91.01067392904986,92.32790472496005,93.78278246651882,95.46076631707777,97.18278225985459,98.72921060086736,99.98278217717359,100.84408461563984,101.18278215512842,100.89114394722877,99.98278217717359,98.51682798167982,96.61314525938131,94.40678111044078,92.03278265541539,89.60465638098216,87.14974618071324,84.67385539985214,82.1827875880529,79.68234665778235,77.17833716156531,74.67656477250463,72.18283710747659
63.07646650343216,65.14562993604748,67.1554134921897,69.1256039438941,71.07600278914725,73.02641954838231,74.99666823477499,77.00656544353157,79.07592929084026,81.20475819298218,83.31376854098383,85.30385629498119,87.07591764202942,88.57263157924976,89.90380771462249,91.22103839977828,92.67591605235843,94.353899831258,96.07591572429939,97.62234403469347,98.8759155930515,99.73721802186861,100.07591555805696,99.78427735298348,98.8759155930515,97.4099614190937,95.50627873815058,93.29991466635474,90.925916352213,88.49779032839407,86.04288057280426,83.5669905833164,81.07592418228376,78.57548576798693,76.07148075472804,73.56971633559348,71.07600278914725
62.48737888577547,64.56625124337522,66.59076610654799,68.58058847226866,70.55512384516993,72.5331536462675,74.53248355406275,76.5697223392149,78.66037358407566,80.80141159274629,82.91846206115,84.92029218709482,86.71699464432086,88.26036476417246,89.65846399201155,91.0541865129271,92.58277869206223,94.31155375734234,96.06675538389169,97.64827105478562,98.97804680939826,99.98449847370867,100.42827320751041,100.06365698219068,98.97804680939826,97.33619762067374,95.28935980146322,92.97780334589744,90.53395740297688,88.0649626569422,85.5874786349947,83.09962541088937,80.60203161133626,78.09635081546247,75.58469277526031,73.06970153294039,70.55512384516993
45.396052825867386,47.45914150730789,49.46523365210973,51.433134812559054,53.38209021609876,55.33158550623925,57.30124127932973,59.310755807567645,61.37987316467891,63.508545589050556,65.6174607821954,67.60749258476588,69.37952168178208,70.87621695982429,72.20738112371461,73.52460307675307,74.97947371405289,76.6574518431533,78.37946381492992,79.9258897112665,81.1794598545419,82.0407615225956,82.37945879858552,82.08782081633275,81.1794598545419,79.71350737853612,77.80982795815672,75.60346996863882,73.2294827620916,70.80137649721188,68.34650180080595,65.87067420368344,63.37971902613074,60.879478961619796,58.37582734497323,55.87469113214124,53.38209021609876
46.39606731026517,48.46044911353189,50.4673277383593,52.43571691205139,54.38498012128716,56.334671951540784,58.30445420443688,60.31405037299942,62.38322031885109,64.51192612900944,66.62086162466849,68.61090536535986,70.38294134348489,71.8796406028077,73.2108073210422,74.52803113724798,75.98290327139665,77.66088260599486,79.38289541445258,80.92932182587742,82.18289227108957,83.0441941014677,83.3828914329763,83.09125340318018,82.18289227108957,80.71693943279108,78.81325931670418,76.60690002940989,74.23291045283749,71.80479997200874,69.34991779508998,66.87407688554202,64.38309797702492,61.882815593214616,59.379088580722964,56.877818354341144,54.38498012128716
47.396785181324276,49.46219451221573,51.469697813546986,53.43847449887417,55.38798208402818,57.33782993695647,59.30771258870166,61.3173735600389,63.38658524754024,65.51531755677541,67.62426916683438,69.61432238292231,71.38636382262558,72.88306624190812,74.21423498753397,75.53146028254042,76.98633360474102,78.66431389614473,80.38632736867726,81.93275418892816,83.18632487378778,84.04762683300294,84.38632420857672,84.0946861410454,83.18632487378778,81.72037174793726,79.81669107966661,77.61033076232536,75.23633930465928,72.80822547761889,70.35333736337984,67.87748588764816,65.38648814352148,62.88617216981322,60.38238531227813,57.881008708767126,55.38798208402818
48.39806203860892,50.46428766081395,52.47228705001746,54.441371414013574,56.39107300481365,58.34104471109494,60.31100705686953,62.32071946523109,64.38996428432314,66.51871762636853,68.62768202661388,70.6177427633944,72.38978853797951,73.88649346533336,75.21766382010523,76.53489028883891,77.98976455399836,79.66774560481983,81.38975960442929,82.93618674916581,84.18975762423383,85.05105968570705,85.38975709625541,85.09811899877363,84.18975762423383,82.72380427015301,80.82012316361357,78.61376202872282,76.23976907802955,73.81165259509245,71.3567597683782,68.88089990619503,66.3898872120268,63.88954457733877,61.385710218668635,58.884249176956075,56.39107300481365
49.3997830102479,51.46665699137532,53.475050303447205,55.444378941797254,57.39423454292897,59.34430456306987,61.314330166706156,63.32408340256865,65.39335451899116,67.52212455509081,69.63109910702644,71.62116581302581,73.3932150282242,74.8899219462416,76.22109357819627,77.53832097851941,78.99319599210665,80.67117764567897,82.39319206362984,83.93961946591088,85.19319049194743,86.05449263458294,86.39319007289063,86.10155195163716,85.19319049194743,83.72723695672006,81.82355550232631,79.61719371854568,77.24319958283454,74.8150809919066,72.36018442488506,69.88431790632939,67.39329334617413,64.89292955023657,62.389057488572234,59.88752942404504,57.39423454292897
50.40185675746716,52.46924563657579,54.477951717425725,56.447474280341964,58.397452137165615,60.347600196243874,62.31767601061962,64.32746165249287,66.39675364160519,68.5255369279746,70.63451953738308,72.6245909811805,74.39664292720511,75.89335142521703,77.22452407087414,78.54175221060126,79.99662781821657,81.67460995019283,83.39662470018169,84.94305230687598,86.19662345273638,87.05792565979044,87.39662312013076,87.10498498000968,86.19662345273638,84.73066977373287,82.8269880432469,80.6206257444417,78.24663066818042,75.81851040413639,73.36361086842263,70.88773906667444,68.39670508839637,65.89632449650196,63.39242250912076,60.89084124592341,58.397452137165615
51.40421068055525,53.47200842055051,55.480962816728265,57.45063932532781,59.4007142276547,61.35092423079931,63.321039899318464,65.33085126261665,67.4001598186992,69.52895362193446,71.63794262660807,73.62801783081463,75.40007194430353,76.89678169636032,78.2279551465947,79.54518387318771,81.00005995228379,82.67804246396972,84.40005747749737,85.94648524643462,87.20005648739928,88.0613587455824,88.40005622341002,88.1084180683137,87.20005648739928,85.73410269428054,83.83042074465996,81.62405803707935,79.25006221430236,76.82194062230352,74.36703873033197,71.89116273529464,69.40012128179544,66.8997273587762,64.39580161881453,61.894178130149754,59.4007142276547
52.50678709142153,54.574909461819175,56.58406099048585,58.55385970327987,60.50401163766503,62.45427080869581,64.42441811063699,66.43424988952069,68.50357159500862,70.63237374556127,72.74136782618832,74.7314460150439,76.50350184885414,78.00021259624853,79.33138668507702,80.6486158774662,82.10349233077702,83.78147514383882,85.50349036653743,87.04991826424703,88.303489580696,89.16479187946027,89.50348937116756,89.2118512041854,88.303489580696,86.83753569700393,84.93385357345605,82.72749054143007,80.35349412614283,77.92537148014448,75.4704677180066,72.99458839474306,70.5035410081241,68.00313650408012,65.49919191135325,62.99753490727011,60.50401163766503
53.509540161585775,55.577920265236685,57.58722828609447,59.55712400340097,61.50733708257607,63.45763527997835,65.42780769011873,67.43765567316383,69.50698781546296,71.63579659133336,73.74479470076506,75.73487525854459,77.50693245777722,79.00364399517252,80.33481859085393,81.652048152946,83.10692490327139,84.78490795553549,86.50692334425321,88.0533513441695,89.3069227205304,90.16822505150398,90.50692255422759,90.2152843778116,89.3069227205304,87.84096876495025,85.93728650335618,83.73092321381763,81.3569263282545,78.92880284569551,76.47389759920353,73.99801563431856,71.5069635385587,69.00655063628432,66.5025910799001,64.00090747395495,61.50733708257607
54.51243349084689,56.581018204109185,58.59045045056415,60.56042316732061,62.510684779922784,64.4610139537071,66.43120629270172,68.44106713718759,70.5104075632656,72.6392215976841,74.7482229047913,76.73830534279114,78.51036362576178,80.00707579018183,81.3382507881529,82.65548064367852,84.11035762974461,85.78834087186372,87.51035639235096,89.05678447338875,90.3103558973018,91.17165825383992,91.51035576530717,91.21871758140357,90.3103558973018,88.844401884664,86.94071951350256,84.73435601957615,82.36035876075465,79.93223461421664,77.47732818959071,75.0014441280453,72.5103882946248,70.00996872662924,67.50599729345153,65.00429257318072,62.510684779922784
55.51543817188434,57.58418531326359,59.59371616876939,61.56375000438804,63.514050139745166,65.46440390021233,67.43461205704097,69.44448310977839,71.51383011074414,73.64264831889389,75.7516521640049,77.74173609433916,79.51379523747414,81.01050789956443,82.34168321683325,83.6589133052573,85.11379047843099,86.79177387123814,88.5137894963109,90.06021764173491,91.31378910339012,92.17509148021878,92.5137889986259,92.22215080877936,91.31378910339012,89.84783504546567,87.94415258734051,85.73778893119133,83.36379137611436,80.93566670257557,78.4807593428633,76.00487361719482,73.51381481718289,71.01338995857495,68.50940909869756,66.00768761971469,63.514050139745166
56.518531250566326,58.587407329728165,60.597016458301425,62.567098806738926,64.51742951872836,66.46780279410734,68.43802350574302,70.44790266085019,72.51725488033811,74.64607640119243,76.75508226072284,78.74516737552533,80.51722720137383,82.01394025846548,83.34511582916116,84.66234610243689,86.11722342411801,87.7952069365264,89.51722264460872,91.06365084113608,92.31722233274729,93.17852472568062,93.51722224959587,93.22558405503243,92.31722233274729,90.85126823887876,88.94758571173054,86.74122192682498,84.36722413660985,81.93909904479011,79.48419094289878,77.00830389641328,74.517242741811,72.01681368402487,69.5128253421191,67.01109056157341,64.51742951872836
57.62169450164673,59.690672930451456,61.7003441888173,63.67046504363451,65.620820025007,67.5712087896644,69.54143946617287,71.5513250521825,73.6206814136333,75.74950556379049,77.8585130221694,79.84859907708595,81.62065944480491,83.11737281540954,84.44854858725034,85.76577900724295,87.22065644679452,88.89864005413044,90.62065582809757,92.16708406518569,93.42065558057297,94.28195798628857,94.62065551457565,94.32901731626839,93.42065558057297,91.9547014581756,90.05101887624366,87.84465498914416,85.47065701229971,83.04253158849006,80.58762289753048,78.11173480271081,75.62067177926568,73.12023938857931,70.61624510815093,68.1144997700444,65.620820025007
58.62491345561678,60.693973126731535,62.70369370032971,64.67384511877059,66.62421936320236,68.57462042188621,70.54485900759245,72.55474969784258,74.62410934678353,76.75293558382448,78.86194431121204,80.85203111229828,82.62409191010033,84.12080552954043,85.45198146103027,86.76921199747221,88.2240895305776,89.90207321325758,91.62408903951749,93.17051730879874,94.42408884305708,95.28539125891797,95.62408879067496,95.33245058939626,94.42408884305708,92.95813469801641,91.0544520726026,88.84808810439166,86.4740899794194,84.0459642921091,81.59105513360556,79.11516620672187,76.62410169997314,74.12366666395555,71.61966767009808,69.11791395238478,66.62421936320236
59.72817662542285,61.797300783229176,63.80706050010674,65.77723617759835,67.72762571140579,69.67803652797711,71.64828139126374,73.658176132771,75.72753839100218,77.85636628440685,79.96537601900839,81.95546341233029,83.72752455148968,85.22423836843069,86.55541442663406,87.87264505550189,89.32752266286104,91.00550640534165,92.72752227310636,94.2739505679393,95.52752211717564,96.38882454108884,96.72752207559992,96.43588387196276,95.52752211717564,94.06156795416291,92.15788529423756,89.95152126164842,87.57752301910702,85.14939712265613,82.69448759306255,80.21859800576875,77.7275323217199,75.22709518609744,72.72309245117586,70.22133208252316,67.72762571140579
60.831474892148066,62.90065023599078,64.91044102201448,66.88063595435995,68.83103762352638,70.78145618500878,72.75170603084325,74.76160398784725,76.83096831707823,78.95979752514154,81.06880805917,83.05889592254992,84.83095733264491,86.32767130634252,87.65884746511853,88.97607816734485,90.43095583363925,92.10893962358362,93.83095552429072,95.37738383940406,96.63095540052844,97.49225783083278,97.83095536752978,97.53931716202072,96.63095540052844,95.1650012232513,93.2613185359341,91.05495445224797,88.68095611639188,86.2528300539459,83.79792022981789,81.32203011835603,78.83096349988261,76.33052469780012,73.82651899358578,71.32475334605314,68.83103762352638
61.934801017072175,64.00401698913562,66.01383243545288,67.9840426506585,69.93445395177505,71.88487866044196,73.8551324609455,75.86503297009843,77.93439894308604,80.06322919459575,82.17224036313024,84.16232859959564,85.9343902247324,87.43110432284787,88.7622805614484,90.07951132189942,91.53438903497074,93.21237286258719,94.93438878944067,96.48081712065053,97.73438869121046,98.59569112658745,98.9343886650194,98.6427504580246,97.73438869121046,96.26843450261165,94.36475179355352,92.15838766931168,89.78438925939167,87.3562630651953,84.90135300729509,82.4254624798006,79.93439511967341,77.43395499491905,74.92994693397036,72.42817709657166,69.93445395177505
63.038149254169596,65.10739747403034,67.11723249367401,69.0874548390654,71.03787378513468,72.98830337285321,74.95856031219118,76.96846284699075,79.03783012463077,81.1666612043252,83.27567287646772,85.26576140905134,87.03782320486692,88.5345374017329,89.86571370369023,91.18294451035422,92.63782226055243,94.31580611806919,96.03782206567507,97.58425040966077,98.8378219877097,99.69912442711288,100.03782196692184,99.74618375874782,98.8378219877097,97.37186779012488,95.46818506381098,93.26182090738003,90.88782243867544,88.45969613990871,86.00478589646336,83.52889503876342,81.03782708998492,78.53738591542421,76.03337598393097,73.53160282102309,71.03787378513468
64.2415150424075,66.31078885809087,68.32063941337026,70.2908713866046,72.24129640052028,74.19172986076231,76.16198929140205,78.17189343396137,80.24126174710587,82.37009348413142,84.47910555598811,86.46919432360096,88.24125625488442,89.73797053012875,91.06914688237242,92.38637772571565,93.84125550538147,95.51923938663012,97.24125535070723,98.78768370483311,100.04125528882608,100.90255773142479,101.24125527232675,100.94961706321675,100.04125528882608,98.57530108410904,96.67161834409922,94.46525416211975,92.0912556467578,89.66312926499353,87.20821887428089,84.73232775449667,82.24125933850513,79.74081733071189,77.23680591456441,74.73503011219168,72.24129640052028
65.64489476143385,67.71418889299436,69.72405177908996,71.6942913940165,73.64472122401236,75.59515775788945,77.56541916588128,79.57532458452222,81.64469371954793,83.77352597829783,85.88253836740793,87.8726273215637,89.6446893603681,91.14140369782137,92.47258008997734,93.78981096243291,95.24468876548721,96.92267266557187,98.64468864272214,100.19111700489634,101.44468859360705,102.3059910387421,102.64468858051154,102.35305037065868,101.44468859360705,99.9787343832292,98.0750516323489,95.8686874300916,93.49468887769768,91.06656243005817,88.6116519224594,86.13576059465869,83.64469180783976,81.14424913870906,78.64023654418942,76.13845864686797,73.64472122401236
65.87969098383427,67.97185791025571,70.01667531580125,72.03342631270658,74.04074164912687,76.05578572356418,78.09352682431569,80.16634879975857,82.28435291843081,84.44094079762681,86.56817767894269,88.5848118843328,90.41229223766945,92.01288080503429,93.490720459268,94.9766334604885,96.58682569129084,98.37016318947072,100.16030956342473,101.77818349937371,103.1849081046779,104.3307256566132,104.8699118084933,104.43949991696823,103.1849081046779,101.36121264797285,99.15468241776246,96.71835832204354,94.18789785856941,91.66674750013192,89.15997122129548,86.65645380325087,84.15027460927234,81.63768184585608,79.1159015474623,76.58331860119873,74.04074164912687
64.18318206332002,66.2524227806234,68.26225324648843,70.23247276977253,72.18288993723435,74.13331838983692,76.10357459892258,78.11347666245408,80.18284363656593,82.31167452358272,84.42068607856058,86.41077454225213,88.18283629835918,89.67955047225081,91.01072675946817,92.32795755538066,93.78283529694129,95.46081914750172,97.18283509027955,98.72926343129295,99.98283500759955,100.84413744606604,101.18283498555465,100.89119677765497,99.98283500759955,98.51688081210533,96.61319808980599,94.40683394086385,92.03283548583553,89.60470921139715,87.149799011119,84.6739082302415,82.18284041841306,79.6823994880904,77.17838999178053,74.67661760255478,72.18288993723435
63.07651932715629,65.1456827623121,67.15546631999636,69.12565677265641,71.07605561851189,73.02647237813133,74.9967210647713,77.00661827368748,79.07598212109895,81.20481102330612,83.31382137134747,85.30390912536814,87.07597047242982,88.57268440965794,89.90386054503566,91.2210912301951,92.67596888277816,94.35395266168008,96.07596855472312,97.6223968651182,98.87596842347682,99.73727085229427,100.0759683884827,99.78433018340911,98.87596842347682,97.41001424951831,95.50633156857384,93.29996749677545,90.92596918262907,88.49784315880191,86.0429334031975,83.56704341368362,81.0759770126046,78.57553859822505,76.07153358481878,73.56976916542223,71.07605561851189
62.48743097156516,64.56630327025731,66.59081804312181,68.58064028840732,70.55517551369266,72.53320514676135,74.53253487866547,76.56977349948244,78.66042461709989,80.8014625530757,82.91851297371718,84.92034303004836,86.71704534178487,88.26041518840486,89.6585140294102,91.05423610415119,92.5828278715467,94.31160265716663,96.06680410275186,97.64831958380964,98.97809493137224,99.98454583984092,100.42832004201964,100.06370418455512,98.97809493137224,97.33624669310188,95.28940967635762,92.97785382754472,90.53400829570168,88.06501379327463,85.58752990686745,83.0996767548688,80.60208299472646,78.09640223052509,75.58474423661487,73.06975307449054,70.55517551369266
45.39598177687168,47.45907035543926,49.46516243765857,51.43306355926953,53.38201893831037,55.33151421280695,57.30116997582968,59.31068449756893,61.379801850494005,63.50847427220799,65.61738946373669,67.60742126535683,69.37945036182528,70.87614563955057,72.20730980323754,73.52453175612769,74.97940239330836,76.65738052231279,78.37939249402282,79.92581839031841,81.17938853356976,82.04069020161054,82.37938747759603,82.08774949534707,81.17938853356976,79.7134360575928,77.80975663726878,75.60339864785422,73.22941144149566,70.80130517695153,68.3464304811411,65.8706028850783,63.379647709414684,60.87940764827249,58.37575603762761,55.874619835463136,53.38201893831037
46.39599620531608,48.460377926828215,50.46725650194418,52.43564564479469,54.38490883457946,56.33460065241397,58.30438289731825,60.313979060722346,62.38314900325125,64.51185481130018,66.62079030567646,68.61083404561356,70.3828700233038,71.87956928237506,73.21073600044815,74.52795981653624,75.98283195059034,77.66081128511237,79.38282409351726,80.92925050490953,82.18282095010261,83.04412278047047,83.38282011197555,83.09118208218244,82.18282095010261,80.71686811182701,78.81318799578408,76.60682870857175,74.23283913214911,71.80472865158674,69.3498464751406,66.87400556643377,64.38302665941606,61.88274427827963,59.37901727055181,56.877747052637744,54.38490883457946
47.396714031902206,49.462123297839184,51.469626559689424,53.43840322052783,55.38791079023963,57.33775863330925,59.30764127871069,61.317302245953414,63.386513930817344,65.51524623837823,67.62419784741903,69.6142510629083,71.38629250226646,72.8829949213494,74.21416366684713,75.53138896176014,76.98626228388568,78.66424257522893,80.38625604771951,81.93268286794458,83.18625355278908,84.04755551199611,84.3862528875671,84.09461482003815,83.18625355278908,81.7203004269567,79.81661975872093,77.61025944144475,75.23626798389755,72.80815415706857,70.35326604320466,67.8774145681406,65.38641682520398,62.886100853618046,60.382313999864195,57.880937403074626,55.38791079023963
48.397990853848995,50.46421642445809,52.472215782309746,54.44130012686293,56.39100170540404,58.340973403859465,60.31093574459861,62.32064814971018,64.38989296670886,66.51864630742533,68.62761070686258,70.61767144316791,72.38971721747913,73.88642214467451,75.2175924993447,76.53481896800426,77.98969323310409,79.6676742838776,81.38968828345375,82.93611542816977,84.18968630322578,85.05098836469253,85.38968577523869,85.09804767775879,84.18968630322578,82.72373294915937,80.82005184264762,78.61369070780853,76.23969775720958,73.8115812744403,71.35668844802379,68.88082858637048,66.38981589314685,63.88947326014335,61.385638904474504,58.88417786809711,56.39100170540404
49.39971179741531,51.46658573756483,53.474979024742765,55.44430764765707,57.394163239057264,59.34423325298616,61.31425885262553,63.32401208590838,65.39328320066936,67.52205323571422,69.63102778700846,71.62109449263068,73.39314370761167,74.8898506255033,76.22102225737729,77.53824965764156,78.9931246711815,80.67110632471574,82.39312074264019,83.93954814490493,85.19311917093196,86.05442131356233,86.39311875186829,86.10148063061631,85.19311917093196,83.72716563571603,81.82348418134427,79.61712239760462,77.24312826196837,74.81500967117363,72.3601131043884,69.88424658625328,67.39322202684775,64.89285823224724,62.38898617296509,59.887458112672675,57.394163239057264
50.401785522337505,52.46917436890544,54.47788042999079,56.44740298065321,58.39738082975197,60.347528883899344,62.317604695102574,64.32739033492832,66.39668232272182,68.52546560825404,70.63444821715345,72.62451966065152,74.39657160650357,75.89328010441568,77.22445275000874,78.54168088968912,79.99655649726691,81.67453862921295,83.39655337918083,84.94298098586219,86.19655213171501,87.05785433876503,87.39655179910395,87.10491365898405,86.19655213171501,84.7305984527206,82.8269167222521,80.6205544234794,78.24655934727755,75.81843908333923,73.36353954781305,70.88766774639868,68.39663376871567,65.89625317788247,63.392351192392056,60.89076993255601,58.39738082975197
51.40413942771847,53.471937141875756,55.4808915223624,57.45056802123452,59.400642917429536,61.350852916660244,63.320968582661266,65.33077994433431,67.40008849937013,69.5288823019409,71.63787130621043,73.62794651017938,75.40000062353133,76.89671037550892,78.22788382569244,79.54511255224841,80.99998863131468,82.67797114297662,84.39998615648761,85.94641392541462,87.19998516637325,88.06128742455316,88.39998490237967,88.10834674728429,87.19998516637325,85.73403137326173,83.83034942365501,81.6239867161002,79.24999089337038,76.82186930145545,74.36696740963278,71.8910914148604,69.40004996183347,66.89965603965655,64.39573030119564,61.89410681519881,59.400642917429536
52.50671582452432,54.57483817440779,56.583989690617926,58.55378839569033,60.50394032520822,62.45419949313239,64.42434679307487,66.43417857066864,68.50350027532578,70.63230242535101,72.74129650565735,74.73137469432436,76.50343052802592,78.00014127535741,79.33131536414552,80.64854455650527,82.10342100979246,83.78140382283522,85.50341904552062,87.04984694322208,88.30341825966627,89.164720558428,89.5034180501344,89.21177988315296,88.30341825966627,86.83746437597992,84.93378225244305,82.72741922043755,80.35342280518776,77.92530015925601,75.47039639723627,72.99451707418302,70.50346968793895,68.0030651845635,65.49912059302778,62.99746359106226,60.50394032520822
53.509468883524846,55.577848970889505,57.58715698185898,59.5570526930362,61.50726576834791,63.45756396328436,65.42773637183832,67.43758435385962,69.50691649549933,71.6357252709511,73.74472338012822,75.7348039377581,77.50686113690448,79.00357267424988,80.33474726989922,81.65197683196794,83.10685358227457,84.78483663452354,86.50685202323078,88.05328002314063,89.30685139949775,90.16815373046927,90.5068512331922,90.21521305677679,89.30685139949775,87.84089744392212,85.93721518233677,83.73085189281451,81.35685500728107,78.92873152477495,76.47382627837675,73.9979443136587,71.50689221819636,69.00647931645258,66.50251976101382,64.00083615674947,61.50726576834791
54.51236220392282,56.58094690425611,58.59037914286172,60.560351854752994,62.51061346428864,64.46094263611575,66.4311349738512,68.44099581752445,70.51033624307908,72.63915027716533,74.74815158407048,76.73823402195154,78.51029230485369,80.00700446923412,81.3381794671798,82.65540932268686,84.1102863087381,85.7882695508452,87.51028507132406,89.05671315235676,90.31028457626678,91.17158693280331,91.51028444427001,91.21864626036685,90.31028457626678,88.84433056363262,86.94064819247811,84.73428469856461,82.36028743976668,79.93216329327063,77.47725686871914,75.00137280730621,72.51031697412185,70.00989740654745,67.50592597412015,65.0042212551834,62.51061346428864
55.51536687792401,57.584114009039865,59.593644858315,61.563678690071924,63.51397882299503,65.46433258190874,67.43454073773795,69.44441178983038,71.51375879038073,73.64257699826678,75.75158084321743,77.74166477345739,79.51372391653803,81.01043657859688,82.34161189584552,83.65884198425485,85.11371915741671,86.79170255021435,88.5137181752805,90.06014632070045,91.31371778235327,92.17502015918069,92.51371767758732,92.22207948774115,91.31371778235327,89.84776372443167,87.94408126631204,85.73771761017309,83.36372005511484,80.93559538160935,78.48068802195615,76.00480229639281,73.51374349656831,71.01331863829466,68.50933777901287,66.00761630108886,63.51397882299503
56.51845995102036,58.58733602203509,60.59694514566269,62.56702749103495,64.51735820109245,66.46773147523842,68.43795218608086,70.44783134067612,72.51718355983431,74.64600508047934,76.75501093988245,78.74509605461009,80.51715588041546,82.01386893748219,83.34504450816183,84.66227478142588,86.11715210309761,87.79513561549842,89.51715132357552,91.0635795200997,92.31715101170894,93.17845340464129,93.51715092855619,93.22551273399304,92.31715101170894,90.85119691784271,88.94751439069881,86.74115060580142,84.36715281560114,81.93902772380784,79.4841196219634,77.00823257556137,74.51717142110786,72.01674236358704,69.51275402215398,67.01101924244873,64.51735820109245
57.62162319766678,59.6906016200045,61.70027287444471,63.67039372682896,65.62074870666804,67.57113747034678,69.54136814622565,71.55125373182896,73.62061009301809,75.74943424300913,77.858441701287,79.84852775614416,81.62058812382888,83.11730149441371,84.44847726624178,85.76570768622514,87.22058512576925,88.89856873309918,90.62058450706215,92.16701274414771,93.42058425953347,94.2818866652483,94.62058419353508,94.32894599522805,93.42058425953347,91.95463013713793,90.05094755520945,87.8445836681164,85.47058569128374,83.04246026749507,80.58755157657271,78.11166348181926,75.62060045849222,73.1201680680164,70.61617378796326,68.11442845052376,65.62074870666804
58.62484214811721,60.69390181409868,62.70362238458094,64.67377380109069,66.62414804430536,68.57454910221244,70.54478768741899,72.55467837734659,74.62403802607983,76.75286426298894,78.86187299029632,80.85195979133542,82.62402058911029,84.12073420853467,85.4519101400144,86.76914067644898,88.22401820954849,89.90200189222371,91.6240177184803,93.1704459877595,94.42401752201667,95.28531993787692,95.62401746963371,95.33237926835517,94.42401752201667,92.9580633769774,91.05438075156638,88.84801678336055,86.47401865839765,84.04589297110402,81.59098381263,79.11509488579884,76.62403037914386,74.12359534329342,71.61959634973374,69.11784263254988,66.62414804430536
59.72810531512951,61.79722946886129,63.80698918326563,65.77716485922448,67.7275543920659,69.67796520802067,71.6482100709107,73.65810481216198,75.72746707022829,77.85629496352828,79.9653046980662,81.95539209135066,83.72745323048849,85.22416704741704,86.5553431056124,87.8725737344744,89.32745134182883,91.00543508430569,92.72745095206776,94.27387924689909,95.52745079613447,96.38875322004719,96.7274507545581,96.43581255092107,95.52745079613447,94.0614966331229,92.15781397319974,89.95144994061465,87.5774516980807,85.14932580164299,82.69441627207286,80.21852668482082,77.72746100084632,75.22702386535654,72.7230211306713,70.22126076243886,67.7275543920659
60.83140357963711,62.90057892024572,64.91036970430636,66.88056463543526,68.83096630383494,70.78138486482798,72.75163471034764,74.76153266714849,76.83089699624861,78.95972620422884,81.06873673820681,83.05882460155703,84.8308860116349,86.32759998532264,87.65877614409227,88.97600684631396,90.43088451260462,92.10886830254601,93.83088420325106,95.37731251836307,96.6308840794867,97.49218650979063,97.8308840464875,97.53924584097857,96.6308840794867,95.16492990221047,93.261247214895,91.05488313121211,88.6808847953619,86.2527587329264,83.79784890881702,81.32195879738828,78.8308921789739,76.33045337699667,73.82644767296995,71.32468202577085,68.83096630383494
61.93472970280105,64.00394567229745,66.01376111705662,67.9839713312966,69.93438263180458,71.88480734008309,73.85506114033677,75.86496164932845,77.93432762221218,80.063157873656,82.17216904215039,84.16225727859221,85.93431890371536,87.431033001823,88.76220924041849,90.07944000086583,91.53431771393417,93.21230154154826,94.9343174684001,96.48074579960894,97.73431737016827,98.59561980554494,98.93431734397677,98.64267913698207,97.73431737016827,96.26836318157018,94.36468047251341,92.15831634827413,89.78431793835881,87.35619174417076,84.90128168628533,82.42539115881712,79.93432379873678,77.43388367406601,74.9298756132662,72.42810577613224,69.93438263180458
63.038077938501345,65.10732615632455,67.11716117473154,69.08738351935651,71.03780246494276,72.98823205235301,74.95848899149266,76.96839152616423,79.03775880372181,81.16658988336394,83.27560155547465,85.26569008803955,87.03775188384434,88.5344660807041,89.86564238265744,91.18287318931847,92.63775093951435,94.31573479702921,96.03775074463378,97.5841790886187,98.83775066666713,99.69905310607005,100.03775064587896,99.746112437705,98.83775066666713,97.3717964690829,95.46811374277006,93.26174958634115,90.88775111764028,88.45962481888016,86.00471457544654,83.52882371776747,81.03775576902615,78.53731459453178,76.03330466315671,73.53153150045895,71.03780246494276
64.24144372563029,66.31071753969645,68.32056809399425,70.29080006662029,72.24122508015257,74.19165854014993,76.16191797063226,78.17182211309,80.24119042616906,82.3700221631531,84.47903423498452,86.46912300258253,88.24118493385743,89.73789920909681,91.06907556133731,92.38630640467821,93.84118418434218,95.51916806558933,97.24118402966539,98.78761238379064,100.04118396778321,100.90248641038173,101.2411839512836,100.94954574217368,100.04118396778321,98.57522976306666,96.67154702305766,94.46518284107982,92.09118432572083,89.66305794396177,87.20814755325847,84.7322564334908,82.24118801752877,79.74074600978821,77.23673459373451,74.73495879152853,72.24122508015257
65.64482344377646,67.71411757405336,69.72398045936986,71.69422007381357,73.64464990350513,75.59508643718803,77.56534784505492,79.57525326361525,81.64462239858904,83.77345465730596,85.88246704639604,87.87255600053999,89.6446180393376,91.14133237678695,92.4725087689404,93.7897396413941,95.24461744444694,96.92260134453042,98.64461732167989,100.19104568385356,101.44461727256397,102.30591971769886,102.64461725946822,102.35297904961543,101.44461727256397,99.97866306218647,98.07498031130686,95.86861610905082,93.49461755665925,91.06649110902393,88.61158060143254,86.13568927364497,83.64462048684945,81.14417781776055,78.64016522331538,76.13838732612632,73.64464990350513
65.87962207853793,67.97178918809904,70.01660687224319,72.03335823666893,74.0406740174038,76.05571858953445,78.09346020229682,80.16628264803032,82.2842871256055,84.44087520782918,86.56811222175092,88.58474661930563,90.41222737006485,92.01281666882477,93.4906573264015,94.97657144047201,96.5867646584066,98.3701028063673,100.16024959220817,101.77812395320139,103.18484944642199,104.33066856699818,104.86985576412424,104.43944315425917,103.18484944642199,101.3611518657619,99.15461969558118,96.71829403373732,94.18783245628502,91.66668141626099,89.1599047510189,86.65638712526976,84.15020781713213,81.63761496164409,79.11583452815063,76.5832513463438,74.0406740174038
64.18311074797681,66.25235146311948,68.262181927673,70.23240145014438,72.18281861709394,74.13324706936959,76.10350327824497,78.11340534164074,80.18277231566515,82.31160320262646,84.42061475757058,86.41070322124229,88.18276497733791,89.67947915122292,91.01065543843603,92.32788623434543,93.78276397590356,95.46074782646198,97.18276376923842,98.72919211025098,99.98276368655708,100.84406612502328,101.18276366451181,100.8911254566122,99.98276368655708,98.51680949106346,96.61312676876527,94.40676261982529,92.03276416480091,89.60463789036953,87.1497276901038,84.67383690924845,82.18276909745944,79.68232816720712,77.17831867102257,74.67654628201967,72.18281861709394
63.07644801516129,65.14561144688744,67.15539500248995,69.12558545385988,71.07598429890223,73.02640105800273,74.99664974430885,77.00654695300958,79.07591080028229,81.20473970240138,83.31375005038916,85.30383780437833,87.07589915142186,88.57261308863949,89.90378922401047,91.22101990916498,92.67589756174414,94.35388134064286,96.07589723368366,97.6223255440774,98.8758971024352,99.73719953125224,100.07589706744054,99.7842588623671,98.8758971024352,97.40994292847766,95.50626024753501,93.29989617574007,90.92589786159994,88.49777183778389,86.0428620821992,83.56697209272048,81.07590569170405,78.57546727743618,76.07146226422886,73.569697845186,71.07598429890223
62.4873606557794,64.56623303399662,66.59074792877702,68.5805703366496,70.55510576121598,72.53313562112314,74.53246559047972,76.56970443314869,78.6603557225442,80.80139375665777,82.91844424177812,84.92027439208749,86.71697690023439,88.2603471157162,89.65844647894582,91.05416915602095,92.5827614792636,94.3115366424238,96.06673833230997,97.64825406964592,98.97802996672465,99.98448189557698,100.42825681544484,100.0636404613771,98.97802996672465,97.33618044534445,95.28934234527343,92.97778567734613,90.53393959054978,88.06494475925318,85.587460689867,83.0996074405246,80.6020136271778,78.09633282021879,75.58467476381459,73.06968349342647,70.55510576121598
45.39613703069014,47.459225834049874,49.465318053021086,51.43321925949947,53.382174692073846,55.33167000075463,57.30132578577681,59.310840321716626,61.379957683789144,63.50863011131047,65.61754530637069,67.60757711006741,69.37960620773282,70.87630148615062,72.20746565028195,73.5246876034962,74.97955824093722,76.65753637015136,78.3795483420069,79.92597423839209,81.17954438169598,82.04084604976498,82.37954332576012,82.08790534350288,81.17954438169598,79.713591905656,77.80991248521096,75.60355449557065,73.22956728879984,70.80146102352236,68.34658632641069,65.87075872803226,63.37980354824073,60.879563479737314,58.37591185597789,55.874775630503336,53.382174692073846
46.39615158140073,48.46053348155844,50.46741216530109,52.43580137554491,54.3850646078329,56.334756452804996,58.30453871517254,60.314134889848575,62.383304839638186,64.51201065229654,66.62094614947584,68.61098989106112,70.38302586970144,71.87972512932235,73.21089184774814,74.52811566409343,75.98298779835417,77.66096713304265,79.38297994156302,80.92940635302642,82.18297679826122,83.04427862865148,83.38297596016423,83.09133793036455,82.18297679826122,80.71702395993557,78.81334384379659,76.60698455640512,74.23299497965525,71.8048844985108,69.3500023210319,66.87416141048712,64.383182500193,61.882900113213765,59.37917309507628,56.87790285865897,54.3850646078329
47.39686950516674,49.462278913038645,51.46978226116059,53.43855897551052,55.38806657896576,57.337914443578,59.30779710284148,61.31745807903131,63.38666976965834,65.51540208087779,67.62435369214339,69.61440690894082,71.38644834905308,72.88315076857228,74.21431951434994,75.53154480946714,76.98641813175666,78.664398423232,80.38641189581426,81.9328387160958,83.18640940097336,84.04771136019818,84.38640873577526,84.0947706682411,83.18640940097336,81.7204562751013,79.81677560678929,77.61041528937092,75.236423831564,72.80831000427301,70.35342188958937,67.87757041306651,65.38657266752939,62.88625669130589,60.38246982928948,57.88109321781259,55.38806657896576
48.398146404331854,50.46437208768551,52.472371514045506,54.44145590108431,56.39115750641302,58.341129221969055,60.311091573711394,62.320803985924684,64.39004880749766,66.51880215111802,68.6277665523211,70.61782728966476,72.38987306457446,73.88657799211613,75.2177483470085,76.53497481583008,77.9898490810601,79.66783013193847,81.38984413158738,82.93627127634821,84.18984215143044,85.05114421291134,85.3898416234623,85.09820352597828,84.18984215143044,82.72388879733255,80.8202076907603,78.61384655580835,76.23985360500326,73.8117371218673,71.35684429480015,68.88098443198899,66.38997173670133,63.88962910001689,61.385794737789794,58.88433368975426,56.39115750641302
49.399867409241,51.466741438933155,53.475134780507915,55.4444634371516,57.394319049816545,59.34438907731959,61.31441468569278,63.32416792461251,65.39343904300418,67.52220908035392,69.63118363304972,71.62125033949604,73.39329955495205,74.89000647311855,76.22117810516886,77.53840550556176,78.993280519205,80.67126217282245,82.39327659080466,83.93970399310498,85.19327501915285,86.05457716179443,86.3932746001042,86.10163647884895,85.19327501915285,83.72732148391191,81.82364002949213,79.61727824566289,77.24328410986301,74.81516551877723,72.3602689514756,69.88440243242152,67.39337787137771,64.8930140738556,62.389142009368015,59.887613939822,57.394319049816545
50.40194118288548,52.469330100559546,54.47803620483337,56.447558782272154,58.397536648250906,60.34768471317298,62.31776053130862,64.32754617560849,66.39683816628376,68.52562145364537,70.63460406365718,72.62467550780937,74.39672745403847,75.89343595216869,77.22460859790172,78.54183673768419,79.99671234534401,81.67469447735607,83.3967092273698,84.9431368340794,86.19670797994877,87.05801018700765,87.39670764734961,87.10506950722711,86.19670797994877,84.73075430093448,82.82707257042784,80.62071027158409,78.24671519525236,75.81859493108304,73.363695395147,70.88782359300322,68.3967896140199,65.8964090208678,63.392507031245714,60.890925764064775,58.397536648250906
51.404295126959084,53.47209289757609,55.48104731235006,57.450723832478005,59.40079874207204,61.351008749855154,63.32112442135866,65.33093578658291,67.40024434390602,69.52903814792879,71.63802715308125,73.62810235756939,75.40015647122061,76.89686622337129,78.22803967366595,79.5452684003029,81.00014447943425,82.67812699114863,84.40014200469602,85.94656977364542,87.2001410146172,88.06144327280414,88.40014075063306,88.10850259553561,87.2001410146172,85.73418722148992,83.83050527185293,81.62414256424171,79.25014674140881,76.82202514931052,74.36712325716256,71.8912472618112,69.40020580775226,66.8998118837348,64.39588614199451,61.89426265016783,59.40079874207204
52.506871554488995,54.5749939491989,56.58414549262835,58.55394421457363,60.50409615472719,62.454355329439764,64.42450263374971,66.43433441416214,68.5036561206347,70.63245827181242,72.74145235281955,74.7315305418986,76.5035863758377,78.00029712330661,79.33147121218292,80.64870040460698,82.1035768579458,83.78155967103015,85.50357489374446,87.05000279146368,88.30357410791831,89.16487640668562,89.50357389839395,89.21193573141088,88.30357410791831,86.83762022421945,84.93393810065857,82.72757506860827,80.35357865327666,77.9254560071994,75.47055224492146,72.99467292140872,70.5036255343455,68.0032210295092,65.4992764353706,62.997619428777796,60.50409615472719
53.50962463788386,55.57800476083632,57.58731279341322,59.55720851798377,61.50742160173755,63.45771980206217,65.42789221408269,67.43774019834119,69.50707234142183,71.63588111778833,73.74487922752168,75.73495978547862,77.5070169848135,79.00372852226796,80.33490311798732,81.65213268010706,83.1070094304547,84.7849924827367,86.50700787146687,88.0534358713908,89.3070072477562,90.16830957873218,90.50700708145658,90.21536890503992,89.3070072477562,87.84105329217064,85.93737103056624,83.73100774100843,81.35701085541007,78.92888737278844,76.47398212618529,73.99810016110254,71.50704806499004,69.00663516208678,66.5026756045821,64.00099199664498,61.50742160173755
54.512517977649054,56.581102706234105,58.59053496199169,60.56050768451411,62.51076930075057,64.46109847685442,66.43129081734133,68.44115166279028,70.51049208948857,72.63930612430084,74.7483074316475,76.73838986978811,78.51044815283991,80.0071603173069,81.33833531530814,82.65556517085571,84.11044215693946,85.78842539907276,87.51044091956986,89.05686900061376,90.31044042453036,91.17174278107038,91.51044029253828,91.21880210863411,90.31044042453036,88.84448641188828,86.94080404071866,84.73444054677697,82.36044328792747,79.93231914133975,77.4774127166256,75.00152865492319,72.5104728212228,70.01005325272813,67.50608181866107,65.0043770968092,62.51076930075057
55.51552266702548,57.58426982056835,59.59380068345837,61.56383452365375,63.514134661895525,65.4644884242038,67.43469658221686,69.44456763571867,71.51391463717675,73.64273284563906,75.7517366909401,77.7418206213861,79.51387976458551,81.01059242671306,82.3417677440058,83.65899783244728,85.11387500563498,86.79185839845343,88.51387402353399,90.06030216896283,91.31387363062088,92.17517600745109,92.51387352585868,92.22223533601169,91.31387363062088,89.84791957269302,87.94423711456136,85.73787345840003,83.36387590330088,80.93575122972263,78.48084386994033,76.00495814414725,73.51389934391315,71.01347448490907,68.50949362432581,66.00777214408802,63.514134661895525
56.51861575232729,58.587491841144626,60.59710097557921,62.567183327649445,64.51751404192851,66.46788731876877,68.43810803134457,70.44798718705846,72.51733940693714,74.64616092803954,76.75516678772075,78.74525190261193,80.51731172851156,82.0140247856328,83.34520035634748,84.66243062963704,86.11730795132927,87.79529146374657,89.51730717183514,91.06373536836635,92.31730685997977,93.1786092529143,93.51730677682997,93.2256685822662,92.31730685997977,90.85135276610856,88.94767023895514,86.74130645403999,84.36730866380722,81.93918357195616,79.48427547000927,77.00838842342486,74.51732726864628,72.0168982105457,69.51290986807967,67.01117508653796,64.51751404192851
57.62177900866257,59.69075744513164,61.700428708149914,63.67054956585055,65.62090454904038,67.57129331485761,69.54152399211226,71.55140957860343,73.62076594036441,75.74959009071848,77.8585975492171,79.84868360420404,81.62074397196358,83.11745734259165,84.44863311444752,85.76586353445116,87.2207409740115,88.89872458135456,90.6207403553266,92.1671685924178,93.42074010780685,94.2820425135234,94.62074004181079,94.32910184350325,93.42074010780685,91.95478598540737,90.05110340347132,87.84473951636416,85.47074153950572,83.04261611567121,80.58770742466751,78.11181932976935,75.62075630618429,73.12032391524832,70.61632963437529,68.11458429547818,65.62090454904038
58.6249979668039,60.69405764400233,62.70377822129335,64.67392964202286,66.62430388789706,68.57470494750149,70.54494353379997,72.55483422443233,74.62419387361945,76.75302011081666,78.86202883829925,80.85211563944134,82.62417643727562,84.12089005673435,85.45206598823614,86.76929652468681,88.22417405779919,89.90215774048481,91.62417356674864,93.1706018360323,94.42417337029207,95.28547578615371,95.62417331791096,95.33253511663203,94.42417337029207,92.95821922524966,91.05453659983263,88.84817263161563,86.47417450663227,84.04604881930224,81.59113966076367,79.11525073381767,76.62418622695785,74.1237511907422,71.61975219653179,69.117998478191,66.62430388789706
59.72826113992102,61.797385302556265,63.80714502236495,65.7773207016731,67.72771023662541,69.6781210539274,71.64836591768412,73.65826065949474,75.7276229179213,77.85645081145,79.96546054612693,81.95554793949316,83.72760907867814,85.22432289563396,86.55549895384682,87.87272958272158,89.32760719008627,91.00559093257135,92.72760680033915,94.27403509517401,95.52760664441149,96.38890906832529,96.72760660283657,96.43596839919924,95.52760664441149,94.0616524813974,92.15796982146948,89.95160578887553,87.57760754632531,85.14948164985874,82.69457212023737,80.21868253289414,77.72761684875711,75.22717971297746,72.72317697777574,70.22141660862502,67.72771023662541
60.83155940927438,62.900734756950015,64.9105255453002,66.8807204790875,68.83112214916264,70.78154071122496,72.75179055743253,74.76168851467732,76.83105284406338,78.95988205222511,81.06889258631344,83.05898044972855,84.83104185984382,86.32775583355323,87.65893199233673,88.97616269456856,90.43104036086734,92.10902415081532,93.83104005152487,95.37746836663969,96.63103992776497,97.4923423580698,97.83103989476695,97.53940168925773,96.63103992776497,95.16508575048677,93.26140306316752,91.05503897947757,88.6810406436145,86.25291458115609,83.79800475700603,81.32211464550488,78.83104802696151,76.33060922475423,73.82660352031755,71.32483787238962,68.83112214916264
61.93488553628458,64.00410151139033,66.01391695955418,67.98412717590418,69.93453847774197,71.88496318686919,73.85521698766885,75.8651174970129,77.93448347012358,80.06331372171145,82.17232489029345,84.16241312678676,85.93447475193963,87.43118885006442,88.76236508867096,90.07959584912632,91.53447356220113,93.2124573898204,94.93447331667583,96.48090164788691,97.73447321844755,98.59577565382493,98.93447319225699,98.64283498526207,97.73447321844755,96.2685190298479,94.36483632078813,92.15847219654324,89.7844737866177,87.35634759241145,84.90143753449377,82.42554700696812,79.93447964678538,77.434039521932,74.93003146080682,72.42826162309439,69.93453847774197
63.03823377503778,65.10748199731329,67.11731701842264,69.08753936472235,71.03795831136408,72.98838789944794,74.95864483902096,76.9685473739722,79.03791465170991,81.16674573146636,83.27575740364662,85.26584593625238,87.03790773208075,88.53462192895412,89.86579823091623,91.18302903758365,92.63790678778464,94.31589064530363,96.03790659291107,97.58433493689776,98.83790651494722,99.69920895435068,100.03790649415977,99.74626828598565,98.83790651494722,97.37195231736173,95.46826959104652,93.26190543461317,90.8879069659042,88.4597806671296,86.00487042367038,83.52897956594572,81.03791161712314,78.53747044248381,76.03346051085052,73.5316873476936,71.03795831136408
64.24159956458995,66.31087338218997,68.32072393863268,70.29095591258796,72.24138092695799,74.19181438749,76.16207381831629,78.17197796099599,80.24134627421803,82.37017801129282,84.47919008317942,86.46927885080986,88.24134078210348,89.73805505735369,91.06923140960113,92.3864622529471,93.84134003261511,95.51932391386555,97.24133987794389,98.78776823207055,100.04133981606392,100.9026422586629,101.24133979956494,100.94970159045486,100.04133981606392,98.57538561134638,96.67170287133551,94.46533868935416,92.0913401739887,89.66321379221822,87.20830340149455,84.7324122816907,82.24134386566416,79.74090185780855,77.23689044154989,74.73511463897951,72.24138092695799
65.64497928465946,67.71427341774124,69.7241363047602,71.69437592025892,73.6448057506154,75.59524228472267,77.56550369286256,79.57540911159907,81.6447782466863,83.77361050547529,85.88262289460914,87.87271184877883,89.64477388759133,91.14148822504924,92.47266461720821,93.78989548966595,95.24477329272199,96.92275719280806,98.64477316995934,100.19120153213413,101.4447731208452,102.30607556598045,102.64477310774993,102.35313489789702,101.4447731208452,99.97881891046691,98.07513615958581,95.86877195732697,93.49477340493027,91.06664695728585,88.61173644967833,86.13584512186205,83.64477633501534,81.14433366583512,78.64032107122726,76.13854317374896,73.6448057506154
65.87977264802285,67.97193935739409,70.01675643275512,72.03350699408901,74.04082180392427,76.05586528851389,78.09360578244895,80.16642720052056,82.28443089383401,84.44101853240898,86.56825525656512,88.58488923420862,90.41236911653421,92.01295681707546,93.49079528218196,94.97670696449066,96.58689802537705,98.37023475345822,100.1603806392574,101.77825407145778,103.18497762443194,104.33079331726333,104.8699782303499,104.43956719017949,103.18497762443194,101.36128468496942,99.15475675394646,96.71843451434447,94.18797537111757,91.66682582047189,89.16004999958932,86.6565328277085,84.15035376902713,81.63776111473105,79.11598097645242,76.58339830934602,74.04082180392427
64.18326658380298,66.25250730366713,68.26233777108644,70.2325572953338,72.1829744634027,74.13340291639267,76.1036591257276,78.11356118941998,80.18292816363541,82.31175905071797,84.42077060573581,86.41085906945085,88.18292082557149,89.67963499947095,91.01081128669335,92.32804208260951,93.78291982417306,95.46090367473585,97.18291961751535,98.72934795852977,99.98291953483698,100.84422197330376,101.1829195127925,100.89128130489271,99.98291953483698,98.51696533934205,96.6132826170413,94.40691846809663,92.03292001306365,89.60479373861695,87.14988353832408,84.67399275742036,82.18292494554515,79.68248401513915,77.1784745186807,74.67670212919091,72.1829744634027
63.07660384367115,65.14576728289161,67.15555084304303,69.12574129723208,71.07614014405121,73.02655690428566,74.99680559132128,77.00670280049279,79.07606664806872,81.20489555038031,83.31390589848512,85.30399365254308,87.07605499962631,88.57276893686688,89.9039450722526,91.22117575741785,92.6760534100056,94.35403718891129,96.07605308195694,97.62248139235362,98.87605295071319,99.73735537953115,100.07605291571976,99.78441471064602,98.87605295071319,97.41009877675356,95.50641609580691,93.30005202400446,90.92605370985068,88.49792768601034,86.04301793038253,83.56712794082702,81.0760615396738,78.57562312516193,76.07161811151988,73.56985369170411,71.07614014405121
62.487514307411615,64.56638651185376,66.59090114022828,68.58072319282186,70.55525818192703,72.53328754615544,74.53261699663997,76.56985535452645,78.66050626855906,80.80154408822571,82.91859443244928,84.92042437740103,86.71712645635938,88.26049586581826,89.65859408790283,91.05431544877968,92.58290655740551,94.31168089557846,96.06688205162706,97.64839722895314,98.97817192524894,99.98462162439495,100.42839497599348,100.06377970708583,98.97817192524894,97.33632520767415,95.28948947484899,92.97793459681998,90.53408972268664,88.06509561002332,85.58761194047588,83.09975890384533,80.60216520675878,78.0964844932322,75.58482657338746,73.06983553957322,70.55525818192703
45.395997565548,47.45908616697639,49.46517826310304,51.4330793933448,53.38203477782987,55.3315300558029,57.30118582106293,59.31070034424633,61.379817698101675,63.508490120406265,65.6174053122941,67.60743711412545,69.3794662107156,70.87616148851131,72.2073256522435,73.52454760516662,74.97941824237375,76.6573963713995,78.37940834312433,79.92583423942904,81.17940438268573,82.04070605072937,82.37940332671585,82.08776534446605,81.17940438268573,79.71345190670235,77.80977248636603,75.60341449692851,73.22942729052801,70.80132102590932,68.34644632996655,65.87061873366827,63.37966355758485,60.87942349569404,58.37577188371543,55.874635679180386,53.38203477782987
46.39601200642658,48.46039374610653,50.46727233226956,52.43566148197381,54.384924676081056,56.33461649667538,58.304398743355634,60.313994907906064,62.38316485117336,64.51187065969106,66.62080615435241,68.61084989445712,70.38288587224397,71.87958513137113,73.21075184948012,74.52797566559434,75.98284779966946,77.66082713420843,79.38283994262503,80.92926635402455,82.18283679922186,83.04413862959203,83.38283596109787,83.0911979313041,82.18283679922186,80.71688396094117,78.81320384488848,76.60684455765792,74.23285498120202,71.80474450058045,69.34986232402929,66.87402141513553,64.38304250778462,61.882760126053995,59.37903311726754,56.87776289747174,54.384924676081056
47.39672984289565,49.462139123267065,51.46964239389093,53.43841906017133,55.38792663331476,57.3377744785752,59.307657125386385,61.317318093539,63.38652977898903,65.51526208692198,67.62421369618905,69.61426691181133,71.38630835124621,72.88301077037347,74.2141795158997,75.53140481083346,76.98627813297568,78.66425842433236,80.38627189683227,81.93269871706308,83.18626940191093,84.0475713611198,84.38626873669139,84.09463066916192,83.18626940191093,81.72031627607453,79.81663560783102,77.61027529054039,75.23628383296676,72.80817000609079,70.35328189214351,67.87743041693109,65.38643267373003,62.88611670167245,60.382329847078324,57.88095324879508,55.38792663331476
48.39800667269536,50.464232254770295,52.47223161958908,54.441315968462945,56.3910175497283,58.34098924992281,60.31095159178095,62.32066399761476,64.38990881507863,66.51866215609041,68.62762655570722,70.61768729211818,72.38973306649027,73.88643799372088,75.21760834841362,76.53483481708966,77.98970908220275,79.66769013298693,81.38970413257044,82.93613127729104,84.18970215234972,85.0510042138179,85.38970162436455,85.09806352688426,84.18970215234972,82.7237487982801,80.8200676917622,78.61370655691164,76.23971360629173,73.81159712348517,71.35670429700247,68.88084443523142,66.38983174179788,63.88948910842004,61.385654752084235,58.884193714521246,56.3910175497283
49.399727622500095,51.466601571755874,53.47499486446584,55.44432349081033,57.39417908437311,59.34424909968246,61.314274700210035,63.32402793406615,65.39329904919636,67.52206908447562,69.6310436359124,71.62111034161842,73.39315955664773,74.8898664745673,76.22103810645922,77.53826550673656,78.99314052028701,80.67112217382972,82.39313659176005,83.9395639940284,85.19313502005755,86.05443716268906,86.39313460099541,86.10149647974309,85.19313502005755,83.7271814848391,81.82350003046244,79.61713824671367,77.24314411106077,74.81502552023643,72.36012895339869,69.88426243517013,67.39323787559799,64.89287408070035,62.389002020888825,59.887473959655324,57.39417908437311
50.40180135237723,52.46919020617648,54.477896271654004,56.44741882503949,58.39739667585491,60.34754473109804,62.3176205430063,64.32740618328704,66.3966981713736,68.52548145709187,70.6344640661044,72.62453550966899,74.3965874555594,75.89329595349369,77.22446859910096,78.54169673879173,79.99657234637787,81.67455447833063,83.39656922830316,84.94299683498741,86.19656798084192,87.05787018789283,87.39656764823206,87.1049295081119,86.19656798084192,84.73061430184546,82.82693257137308,80.62057027259317,78.24657519637812,75.8184549324163,73.36355539684845,70.8876835953599,68.39664961754464,65.89626902647562,63.392367040565034,60.890785779982025,58.39739667585491
51.404155261693134,53.47195298159224,55.48090736556583,57.4505838665996,59.40065876415727,61.35086876425774,63.320984430818356,65.33079579285254,67.40010434812096,69.52889815083938,71.63788715519871,73.62796235922048,75.40001647260286,76.89672622459804,78.22789967479288,79.54512840135706,81.00000448042996,82.67798699209723,84.40000200561194,85.94642977454122,87.20000101550119,88.06130327368182,88.40000075150857,88.10836259641297,87.20000101550119,85.73404722238807,83.83036527277827,81.62400256521775,79.25000674247741,76.82188515054384,74.3669832586881,71.89110726385681,69.40006581072495,66.89967188836084,64.39574614956643,61.89412266297671,59.40065876415727
52.50673166162355,54.57485401606576,56.58400553504403,58.55380424183237,60.503956172431884,62.45421534104639,64.42436264143305,66.43419441931346,68.50351612415523,70.63231827429767,72.74131235467527,74.73139054338418,76.5034463771099,78.00015712445537,79.33133121325247,80.64856040561875,82.10343685891118,83.78141967195818,85.5034348946465,87.04986279234976,88.30343410879505,89.16473640755729,89.50343389926391,89.21179573228233,88.30343410879505,86.83748022510741,84.9337981015681,82.72743506955804,80.35343865429994,77.92531600835338,75.47041224630739,72.9945329232074,70.50348553688002,68.00308103335603,65.49913644155559,62.99747943911949,60.503956172431884
53.50948472310492,55.57786481408877,57.58717282725567,59.557068539794955,61.50728161596521,63.45757981144962,65.42775222035611,67.43760020260493,69.50693234439117,71.63574111993597,73.74473922916968,75.73481978683282,77.50687698599836,79.00358852335484,80.33476311901131,81.65199268108522,83.10686943139603,84.78485248364835,86.50686787235793,88.0532958722692,89.30686724862713,90.16816957959915,90.5068670823222,90.21522890590667,89.30686724862713,87.84091329305053,85.93723103146324,83.73086774193735,81.35687085639732,78.92874737387945,76.47384212746041,73.99796016270525,71.5069080671768,69.00649516531513,66.50253560966627,64.00085200502839,61.50728161596521
54.51237804547249,56.5809627486789,58.59039498902884,60.56036770200127,62.510629312218356,64.46095848448041,66.4311508224957,68.44101166634954,70.51035209202044,72.63916612618053,74.74816743313059,76.73824987103805,78.51030815395544,80.00702031834466,81.33819531629598,82.65542517180717,84.1103021578617,85.78828539997146,87.51030092045221,89.05672900148602,90.31030042539672,91.1716027819336,91.51030029340042,91.21866210949717,90.31030042539672,88.84434641276175,86.94066404160569,84.73430054768934,82.36030328888616,79.93217914238079,77.47727271781274,75.00138865637038,72.51033282313355,70.00991325546556,67.50594182287149,65.00423710363827,62.510629312218356
55.51538272103731,57.58412985443394,59.59366070509367,61.563694537708756,63.51399467117275,65.46434843043168,67.43455658648298,69.44442763871876,71.51377463936142,73.64259284730606,75.75159669229235,77.74168062255328,79.513739765646,81.01045242771181,82.34162774496494,83.65885783337754,85.11373500654204,86.79171839934182,88.51373402440942,90.06016216983026,91.31373363148361,92.1750360083113,92.51373352671806,92.2220953368718,91.31373363148361,89.84777957356137,87.94409711544051,85.73773345929929,83.36373590423688,80.93561123072402,78.48070387105767,76.00481814547096,73.51375934560481,71.01333448725686,68.50935362784273,66.0076321496834,63.51399467117275
56.51847579537491,58.58735186820013,60.59696099292677,62.5670433389802,64.51737404946704,66.46774732388701,68.43796803490571,70.44784718961472,72.5171994088462,74.64602092953771,76.75502678896913,78.7451119037134,80.51717172952836,82.01388478660061,83.34506035728384,84.66229063055047,86.11716795222432,87.79515146462678,89.51716717270507,91.06359536922993,92.31716686083963,93.17846925377218,93.51716677768718,93.22552858312395,92.31716686083963,90.85121276697288,88.94753023982804,86.74116645492882,84.36716866472524,81.93904357292607,79.4841354710712,77.00824842465062,74.51718727016404,72.01675821258428,69.51276987104617,67.01103509115414,64.51737404946704
57.62163904300668,59.69061746678152,61.7002887220941,63.67040957501901,65.62076455519885,67.57115331909507,69.54138399511385,71.55126958080746,73.62062594205472,75.74945009208267,77.85845755038302,79.84854360525335,81.6206039729457,83.11731734353492,84.44849311536584,85.76572353535126,87.22060097489702,88.8985845822283,90.62060035619217,92.1670285932783,93.4206001086644,94.28190251437938,94.62060004266624,94.32896184435917,93.4206001086644,91.95464598626845,90.05096340433921,87.84459951724472,85.47060154040946,83.0424761166161,80.58756742568546,78.11167933091731,75.62061630756403,73.12018391704142,70.61618963690489,68.11444429931714,65.62076455519885
58.62485799423925,60.69391766136145,62.703638232536136,64.67378964947504,66.62416389296017,68.57456495103987,70.54480353635745,72.55469422635673,74.62405387513614,76.75288011207454,78.86188883939977,80.85197564044931,82.62403643823023,84.12075005765811,85.45192598914008,86.7691565255763,88.2240340586771,89.9020177413534,91.62403356761072,93.17046183689038,94.4240333711478,95.2853357870082,95.62403331876502,95.33239511748646,94.4240333711478,92.95807922610823,91.0543966006966,88.84803263248962,86.47403450752464,84.04590882022731,81.59099966174672,79.11511073490391,76.62404622822808,74.12361119234048,71.61961219871465,69.1178584814131,66.62416389296017
59.728121161872394,61.79724531650963,63.80700503146359,65.77718070776305,67.72757024081913,69.67798105691091,71.64822591988907,73.65812066119727,75.7274829193002,77.85631081262349,79.96532054717551,81.95540794046832,83.7274690796109,85.22418289654225,86.55535895473935,87.87258958360266,89.32746719095816,91.00545093343584,92.7274668011985,94.27389509603017,95.52746664526578,96.38876906917861,96.72746660368955,96.43582840005249,95.52746664526578,94.06151248225396,92.1578298223303,89.9514657897443,87.57746754720871,85.14934165076806,82.69443212119272,80.21854253393141,77.72747684994037,75.22703971442111,72.72303697968337,70.22127661135752,67.72757024081913
60.8314194268728,62.90059476820011,64.91038555269697,66.88058048409623,68.8309821526663,70.7814007137681,72.75165055935771,74.7615485162037,76.8309128453329,78.95974205333161,81.06875258732077,83.0588404506776,84.83090186075928,86.3276158344492,87.65879199322026,88.97602269544296,90.43090036173447,92.10888415167652,93.83090005238202,95.37732836749433,96.63089992861813,97.49220235892217,97.83089989561904,97.53926169011007,96.63089992861813,95.16494575134172,93.26126306402584,91.05489898034222,88.68090064449075,86.2527745820529,83.79786475793935,81.32197464650326,78.83090802807575,76.33046922607514,73.82646352200673,71.32469787473352,68.8309821526663
61.93474555042789,64.00396152049476,66.01377696560016,67.98398718005473,69.93439848069795,71.88482318906276,73.85507698937197,75.86497749839948,77.9343434713063,80.06317372276476,82.17218489126809,84.16227312771514,85.93433475284131,87.43104885095067,88.76222508954729,90.07945584999544,91.53433356306448,93.21231739067905,94.93433331753126,96.48076164874034,97.7343332192998,98.59563565467654,98.93433319310842,98.64269498611367,97.7343332192998,96.26837903070155,94.36469632164449,92.15833219740463,89.78433378748826,87.35620759329836,84.90129753540967,82.42540700793558,79.93433964784485,77.4338995231555,74.92989146232263,72.42812162512979,69.93439848069795
63.03809378643865,65.10734200471464,67.11717702339647,69.08739936819174,71.03781831388534,72.9882479013641,74.95850484054782,76.96840737524784,79.03777465282373,81.16660573247748,83.27561740459527,85.26570593716431,87.03776773297152,88.53448192983265,89.86565823178688,91.18288903844858,92.63776678864495,94.31575064616024,96.0377665937651,97.5841949377502,98.83776651579876,99.69906895520171,100.03776649501064,99.74612828683667,98.83776651579876,97.37181231821438,95.46812959190132,93.26176543547194,90.88776696677024,88.45964066800866,86.00473042457244,83.52883956688872,81.03777161813915,78.53733044363003,76.0333205122287,73.53154734948424,71.03781831388534
64.24145957381404,66.31073338823958,68.3205839427555,70.29081591551675,72.24124092913421,74.19167438918593,76.16193381970326,78.17183796218357,80.2412062752772,82.37003801227044,84.47905008410746,86.46913885170878,88.2412007829856,89.73791505822606,91.06909141046727,92.38632225380869,93.84120003347306,95.51918391472054,97.24119987879683,98.78762823292223,100.04119981691488,100.90250225951345,101.24119980041534,100.94956159130541,100.04119981691488,98.57524561219822,96.67156287218904,94.46519869021085,92.09120017485121,89.66307379309099,87.2081634023856,84.73227228261425,82.24120386664566,79.74076185889339,77.23675044281887,74.73497464057584,72.24124092913421
65.64483929215581,67.71413342271795,69.72399630820759,71.6942359227586,73.6446657525178,75.59510228624383,77.56536369413848,79.57526911271673,81.64463824770206,83.77347050642629,85.88248289552084,87.87257184966742,89.64463388846654,91.14134822591674,92.47252461807076,93.78975549052487,95.24463329357803,96.92261719366178,98.64463317081143,100.19106153298523,101.44463312169569,102.30593556683063,102.6446331086,102.3529948987472,101.44463312169569,99.97867891131813,98.07499616043836,95.86863195818202,93.49463340578994,91.0665069581537,88.61159645056065,86.13570512277019,83.64463633596947,81.14419366687127,78.64018107240953,76.13840317519104,73.6446657525178
65.87963739083717,67.97180445970059,70.01662208193397,72.03337336468856,74.04068904668691,76.05573350821913,78.09347500720139,80.16629734842596,82.284301746245,84.44088978335147,86.56812676780527,88.58476112265679,90.41224178509998,92.01283092132785,93.49067135593978,94.97658522271068,96.58677822128294,98.37011622484816,100.16026291915881,101.77813718569796,103.18486248160423,104.33068125359439,104.8698682184442,104.4394557682098,103.18486248160423,101.36116537293316,99.15463363385624,96.71830832003963,94.18784699013776,91.66669610157723,89.15991952220298,86.65640194261037,84.15022265984142,81.63762982481373,79.11584942134243,76.58326629187852,74.04068904668691
64.18312659584188,66.25236731146471,68.26219777630968,70.23241729896168,72.1828344660251,74.13326291837336,76.10351912729548,78.11342119072143,80.18278816476526,82.31161905173889,84.42063060669051,86.41071907036662,88.18278082646479,89.67949500035127,91.01067128756533,92.32790208347541,93.78277982503408,95.46076367559296,97.18277961836972,98.72920795938245,99.98277953568866,100.84408197415493,101.18277951364348,100.89114130574386,99.98277953568866,98.51682534019491,96.61314261789647,94.40677846895599,92.03278001393075,89.6046537394978,87.14974353922933,84.67385275836907,82.18278494657127,79.68234401630333,77.17833452009091,74.67656213103851,72.1828344660251
63.076463862282324,65.14562729477063,67.15541085083575,69.12560130249236,71.07600014771542,73.02641690693125,74.99666559331155,77.00656280206016,79.07592664936371,81.20475555150236,83.31376589950204,85.30385365349822,87.07591500054579,88.57262893776576,89.90380507313822,91.22103575829384,92.67591341087385,94.35389718977328,96.0759130828146,97.62234139320861,98.87591295156662,99.73721538038374,100.07591291657205,99.7842747114986,98.87591295156662,97.40995877760884,95.5062760966658,93.29991202487008,90.92591371072857,88.49778768691007,86.04287793132099,83.56698794183443,81.0759215408041,78.57548312651141,76.07147811325989,73.56971369413841,71.07600014771542
62.48737628152064,64.56624864206562,66.5907635097536,68.58058588149574,70.55512126177746,72.53315107127608,74.53248098786547,76.569719781234,78.66037103245662,80.80140904476181,82.91845951555356,84.92028964497888,86.71699210947905,88.26036224299159,89.65846149017145,91.05418403339468,92.58277623311582,94.31155131237827,96.06675294797539,97.64826862836068,98.97804440332486,99.98449610542554,100.42827086580715,100.06365462209553,98.97804440332486,97.3361951670799,95.28935730774793,92.97780082184596,90.5339548583725,88.06496010015799,85.58747607143377,83.09962284372331,80.60202904219975,78.09634824474243,75.58469020222577,73.06969895589626,70.55512126177746
45.39598317548504,47.459071756077705,49.46516383952898,51.43306496190448,53.38202034142759,55.33151561623214,57.30117137945305,59.31068590132023,61.3798032543277,63.50847567609404,65.61739086765454,67.60742266929337,69.37945176577261,70.87614704350413,72.20731120719513,73.5245331600882,74.9794037972712,76.65738192627754,78.37939389798888,79.92581979428525,81.17938993753708,82.04069160557809,82.3793888815637,82.08775089931464,81.17938993753708,79.71343746155955,77.80975804123445,75.60340005181786,73.22941284545557,70.80130658090485,68.34643188508268,65.87060428899903,63.37964911329823,60.87940905208973,58.375757441326684,55.874621238952216,53.38202034142759
46.3959976050309,48.46037932815241,50.467257904246964,52.435647047704606,54.384910237872276,56.33460205595124,58.30438430101286,60.31398046451851,62.38315040711282,64.5118562152033,66.62079170960482,68.61083544955673,70.38287142725554,71.87957068633179,73.21073740440806,74.52796122049845,75.9828333545544,77.66081268907794,79.38282549748382,80.92925190887678,82.18282235407023,83.04412418443832,83.38282151594345,83.09118348615027,82.18282235407023,80.71686951579417,78.81318939975037,76.60683011253647,74.23284053611084,71.80473005554322,69.3498478790878,66.8740069703644,64.38302806331718,61.88274568212812,59.37901867430651,56.87774845622576,54.384910237872276
47.3967154324925,49.46212469970813,51.46962796233558,53.438404623656055,55.38791219367184,57.33776003693552,59.30764268246185,61.31730364978516,63.386515334701016,65.51524764229487,67.6241992513557,69.61425246685673,71.38629390622174,72.88299632530857,74.21416507080883,75.5313903657237,76.98626368785071,78.66424397919513,80.38625745168653,81.93268427191214,83.1862549567569,84.0475569159641,84.38625429153515,84.09461622400616,83.1862549567569,81.72030183092417,79.81662116268772,77.6102608454103,75.23626938786072,72.80815556102758,70.35326744715627,67.87741597207908,65.38641822911904,62.88610225749133,60.38231540366303,57.880938806741156,55.38791219367184
48.39799225513494,50.46421782675971,52.47221718522853,54.44130153016445,56.39100310894689,58.340974807556364,60.31093714839463,62.32064955357018,64.38989437061008,66.51864771135271,68.62761211080584,70.61767284712053,72.38971862143714,73.88642354863566,75.21759390330786,76.53482037196886,77.98969463706987,79.66767568784434,81.38968968742114,82.93611683213756,84.1896877071938,85.05098976866067,85.38968717920685,85.09804908172694,84.1896877071938,82.72373435312713,80.82005324661482,78.61369211177472,76.23969916117392,73.81158267840132,71.35668985197894,68.88082999031522,66.389817297073,63.88947466403633,61.38564030830838,58.884179271825985,56.39100310894689
49.39971319925385,51.46658714021004,53.47498042787804,55.4443090510962,57.39416464268797,59.34423465673913,61.3142602564572,63.32401348979084,65.3932846045845,67.52205463965016,69.63102919095701,71.62109589658661,73.39314511157191,74.88985202946603,76.2210236613416,77.53825106160704,78.9931260751479,80.67110772868288,82.39312214660785,83.93954954887292,85.19312057490012,86.05442271753061,86.39312015583658,86.10148203458459,85.19312057490012,83.72716703968396,81.8234855853118,79.61712380157135,77.2431296659336,74.81501107513623,72.36011450834636,69.88424799020297,67.39322343078268,64.89285963615583,62.38898757682679,59.88745951645102,57.39416464268797
50.40178692461498,52.4691757718235,54.477881833297914,56.44740438420155,58.39738223345236,60.34753028769683,62.3176060989625,64.32739173882854,66.396683726648,68.52546701219674,70.63444962110611,72.6245210646101,74.39657301046554,75.8932815083796,77.22445415397397,78.54168229365527,79.99655790123379,81.6745400331804,83.3965547831487,84.94298238983033,86.19655353568331,87.05785574273338,87.39655320307233,87.10491506295241,86.19655353568331,84.7305998566887,82.82691812621982,80.62055582744654,78.2465607512435,75.81844048730309,73.36354095177325,70.88766915035228,68.39663517265755,65.89625458180348,63.39235259627583,60.89077133637362,58.39738223345236
51.40414083034452,53.47193854501043,55.48089292580596,57.45056942486957,59.40064432118531,61.350854320493056,63.320969986543645,65.33078134824868,67.40008990330509,69.52888370588896,71.63787271016645,73.62794791414007,75.40000202749471,76.89671177947386,78.2278852296584,79.54511395621509,80.99999003528194,82.67797254694435,84.39998756045568,85.94641532938289,87.19998657034165,88.06128882852158,88.39998630634813,88.10834815125273,87.19998657034165,85.73403277722997,83.83035082762296,81.6239881200677,79.24999229733692,76.82187070542031,74.36696881359472,71.89109281881711,69.40005136578093,66.89965744358742,64.39573170509695,61.894108219047595,59.40064432118531
52.50671722742716,54.57483957771444,56.583991094169804,58.55378979939421,60.50394172900792,62.45420089699323,64.42434819697507,66.43417997459423,68.50350167926771,70.63230382930337,72.74129790961598,74.73137609828669,76.5034319319904,78.00014267932315,79.33131676811207,80.6485459604724,82.10342241376003,83.78140522680317,85.5034204494888,87.04984834719045,88.30341966363474,89.1647219623965,89.50341945410293,89.21178128712148,88.30341966363474,86.83746577994827,84.93378365641118,82.7274206244053,80.35342420915475,77.92530156322167,75.47039780119962,72.99451847814223,70.50347109189079,68.00306658850218,65.499121996943,62.99746499493581,60.50394172900792
53.50947028664744,55.57785037433271,57.58715838549682,59.5570540967947,61.507267172182466,63.45756536716745,65.42773777575263,67.43758575779408,69.50691789944678,71.6357266749068,73.74472478408893,75.73480534172175,77.50686254086983,79.00357407821619,80.33474867386622,81.65197823593539,83.10685498624238,84.78483803849161,86.50685342719909,88.05328142710906,89.30685280346624,90.16815513443781,90.50685263716075,90.21521446074533,89.30685280346624,87.84089884789054,85.93721658630501,83.73085329678244,81.3568564112484,78.92873292874125,76.47382768234121,73.99794571761984,71.50689362215167,69.00648072039745,66.50252116494006,64.00083756064262,61.507267172182466
54.51236360721988,56.58094830780769,58.590380546567815,60.56035325855487,62.51061486815087,64.4609440400165,66.43113637777675,68.440997221466,70.51033764703092,72.63915168112374,74.74815298803287,76.73823542591623,78.51029370881976,80.00700587320097,81.33818087114716,82.65541072665458,84.11028771270607,85.78827095481341,87.51028647529247,89.05671455632528,90.31028598023536,91.17158833677188,91.5102858482386,91.21864766433545,90.31028598023536,88.84433196760111,86.94064959644646,84.73428610253272,82.36028884373431,79.93216469723743,77.47725827268448,75.00137421126892,72.51031837807993,70.00989881049725,67.50592737805516,65.00422265909215,62.51061486815087
55.5153682813596,57.58411541267748,59.59364626207528,61.563680093908204,63.51398022687923,65.46433398582353,67.43454214167241,69.44441319377754,71.51376019433606,73.64257840222731,75.75158224718112,77.74166617742293,79.51372532050465,81.01043798256411,82.34161329981316,83.65884338822278,85.11372056138487,86.7917039541827,88.51371957924897,90.060147724669,91.31371918632186,92.1750215631493,92.51371908155596,92.2220808917098,91.31371918632186,89.84776512840021,87.94408267028048,85.73771901414133,83.36372145908268,80.93559678557656,78.48068942592218,76.00480370035677,73.5137449005286,71.01332004224835,68.50933918295485,66.00761770500998,63.51398022687923
56.518461354565886,58.58733742574101,60.59694654946594,62.567028894898556,64.5173596049941,66.46773287916434,68.43795359002237,70.4478327446277,72.5171849637924,74.64600648444156,76.75501234384717,78.74509745857625,80.5171572843825,82.01387034144969,83.3450459121297,84.66227618539395,86.11715350706588,87.79513701946682,89.51715272754404,91.06358092406825,92.31715241567758,93.17845480860993,93.5171523325248,93.22551413796168,92.31715241567758,90.85119832181128,88.94751579466731,86.74115200976973,84.36715421956919,81.93902912777534,79.48412102593,77.00823397952631,74.51717282506988,72.01674376754383,69.51275542610148,67.01102064637968,64.5173596049941
57.6216246012996,59.69060302376462,61.70027427828211,63.670395130714255,65.62075011058353,67.57113887428152,69.54136955017279,71.5512551357841,73.62061149697836,75.7494356469727,77.85844310525256,79.84852916011087,81.62058952779628,83.11730289838147,84.44847867020984,85.76570909019337,87.2205865297376,88.89857013706765,90.6205859110307,92.16701414811632,93.42058566350212,94.28188806921693,94.62058559750373,94.32894739919672,93.42058566350212,91.95463154110654,90.050948959178,87.84458507208483,85.47058709525191,83.04246167146282,80.58755298053974,78.11166488578499,75.62060186245563,73.12016947197566,70.61617519191513,68.11442985446251,65.62075011058353
58.624843551819325,60.693903217901834,62.70362378844543,64.67377520499319,66.62414944823182,68.57455050615421,70.54478909137057,72.55467978130454,74.62403943004188,76.75286566695357,78.86187439426253,80.85196119530254,82.62402199307797,84.12073561250266,85.4519115439826,86.76914208041734,88.22401961351693,89.90200329619225,91.62401912244891,93.17044739172815,94.42401892598534,95.28532134184562,95.62401887360238,95.33238067232386,94.42401892598534,92.95806478094605,91.05438215553497,88.84801818732907,86.47402006236595,84.04589437507198,81.5909852165974,79.1150962897652,76.62403178310836,74.12359674725462,71.61959775368912,69.1178440364948,66.62414944823182
59.72810671888659,61.79723087269859,63.80699058715163,65.77716626314064,67.72755579600107,69.67796661196799,71.6482114748658,73.65810621612214,75.7274684741917,77.85629636749378,79.96530610203293,81.95539349531812,83.72745463445638,85.2241684513852,86.5553445095807,87.87257513844281,89.32745274579733,91.00543648827426,92.7274523560364,94.27388065086774,95.52745220010316,96.38875462401587,96.72745215852677,96.43581395488977,95.52745220010316,94.06149803709155,92.15781537716833,89.95145134458319,87.57745310204908,85.14932720561109,82.69441767604052,80.21852808878764,77.72746240481169,75.2270252693193,72.72302253462941,70.22126216638868,67.72755579600107
60.83140498343788,62.90058032411014,64.91037110820942,66.88056603936226,68.83096770777705,70.78138626877973,72.75163611430558,74.76153407111042,76.83089840021313,78.95972760819501,81.06873814217397,83.05882600552474,84.83088741560297,86.32760138929089,87.65877754806068,88.97600825028246,90.43088591657317,92.10886970651461,93.8308856072197,95.37731392233172,96.6308854834554,97.49218791375935,97.83088545045618,97.53924724494725,96.6308854834554,95.16493130617916,93.26124861886365,91.05488453518066,88.68088619933036,86.25276013689466,83.7978503127849,81.3219602013555,78.83089358293995,76.33045478096068,73.82644907693026,71.32468342972459,68.83096770777705
61.93473110663645,64.0039470761834,66.01376252097323,67.98397273523221,69.93438403575217,71.88480874403834,73.85506254429693,75.86496305329179,77.93432902617758,80.0631592776227,82.17217044611787,84.16225868256012,85.93432030768358,87.43103440579137,88.76221064438697,90.07944140483437,91.53431911790278,93.21230294551688,94.93431887236875,96.48074720357762,97.73431877413697,98.59562120951365,98.9343187479455,98.64268054095078,97.73431877413697,96.26836458553885,94.3646818764821,92.15831775224275,89.78431934232732,87.35619314813911,84.9012830902534,82.42539256278465,79.93432520270339,77.43388507803098,74.92987701722825,72.42810718008906,69.93438403575217
63.03807934236424,65.10732756022756,67.1171625786589,69.08738492329896,71.03780386889471,72.98823345631104,74.95849039545459,76.96839293012869,79.0377602076879,81.16659128733104,83.27560295944238,85.26569149200765,87.03775328781265,88.53446748467252,89.86564378662595,91.18287459328705,92.63775234348294,94.31573620099785,96.03775214860246,97.58418049258738,98.83775207063584,99.69905451003875,100.03775204984765,99.74611384167369,98.83775207063584,97.37179787305158,95.46811514673874,93.26175099030978,90.88775252160883,88.45962622284857,86.00471597941475,83.52882512173525,81.03775717299321,78.53731599849752,76.03330606712012,73.53153290441821,71.03780386889471
64.24144512951504,66.31071894361303,68.32056949793015,70.29080147056817,72.241226484108,74.19165994411016,76.1619193745956,78.17182351705533,80.24119183013569,82.37002356712055,84.47903563895247,86.46912440655075,88.24118633782584,89.7379006130653,91.0690769653059,92.38630780864683,93.84118558831082,95.519169469558,97.24118543363409,98.78761378775935,100.04118537175191,100.90248781435045,101.24118535525233,100.94954714614241,100.04118537175191,98.57523116703535,96.67154842702635,94.4651842450485,92.09118572968944,89.66305934793029,87.2081489572268,84.73225783745877,82.24118942149617,79.74074741375458,77.23673599769903,74.73496019548978,72.241226484108
65.64482484767852,67.71411897798069,69.72398186331255,71.69422147776574,73.64465130746328,75.59508784115002,77.56534924901939,79.57525466758129,81.64462380255611,83.77345606127366,85.88246845036414,87.87255740450831,89.64461944330607,91.14133378075549,92.47251017290898,93.78974104536275,95.2446188484156,96.92260274849909,98.64461872564857,100.19104708782226,101.44461867653268,102.30592112166758,102.64461866343694,102.35298045358414,101.44461867653268,99.97866446615517,98.07498171527554,95.8686175130195,93.49461896062786,91.06649251299245,88.61158200540092,86.13569067761311,83.64462189081713,81.1441792217274,78.64016662728075,76.13838873008909,73.64465130746328
65.882294625803,67.97445009544465,70.01925007246862,72.03597807798735,74.04326561876007,76.05827855803922,78.09598762770719,80.16878018184926,82.28676184747667,84.44333702516744,86.5705656105778,88.58718779400098,90.41464328416792,92.015186094318,93.49296297705173,94.97880635467934,96.5889368262632,98.37223367088619,100.16235427492406,101.7802016175986,103.18687066907786,104.3325900748752,104.87171082694448,104.44134388121627,103.18687066907786,101.36330809960913,99.1568992418482,96.72067312677639,94.19028235515896,91.66917463706362,89.16242253173814,86.65891810761764,84.15274605537579,81.6401590519196,79.11838720526808,76.58581899438917,74.04326561876007
64.18593660569357,66.25517740642712,68.26500792293129,70.23522747759796,72.18564466483835,74.13607313006369,76.10632934726996,78.11623141604213,80.18559839352926,82.3144292826887,84.42344083896944,86.41352930342708,88.18559105997572,89.68230523412282,91.0134815215041,92.33071231753615,93.78559005919283,95.4635739098306,97.18558985266212,98.7320181937086,99.98558977003457,100.84689220851145,101.18558974800364,100.8939515401009,99.98558977003457,98.5196355745171,96.61595285217311,94.4095887031477,92.03559024796729,89.60746397325836,87.15255377250017,84.67666299076842,82.18559517741704,79.68515424437838,77.18114474322914,74.67937234539987,72.18564466483835
63.07927374024791,65.14843730783079,67.15822094589585,69.12841144837111,71.07881032562253,73.02922710527912,74.99947580480966,77.00937302204477,79.07873687481421,81.2075657804226,83.31657613053216,85.30666388576891,87.07872523353154,88.57543917116523,89.90661530680316,91.22384599215238,92.67872364488792,94.35670742391264,96.0787233170409,97.62515162748844,98.87872318587782,99.74002561471181,100.07872315090589,99.78708494582747,98.87872318587782,97.41276901188242,95.50908633086706,93.30272225893648,90.9287239445487,88.50059792029208,86.04568816392566,83.56979817305569,81.07873176955917,78.57829335086828,76.07428832978003,73.57252389672627,71.07881032562253
62.49012284935121,64.56899017325178,66.59349731950192,68.58330939391027,70.55783215283975,72.53584759560627,74.53516247318032,76.57238721554144,78.66302758715997,80.80405938387442,82.92110577086946,84.92292994813782,86.71961997286049,88.26296674418089,89.66103291560344,91.05671730889634,92.58527430273317,94.31402546943438,96.06921163148321,97.65071107964582,98.98045204899634,99.98683912062927,100.43056842245579,100.06598363372842,98.98045204899634,97.33868408277823,95.29191483837397,92.98041023220613,90.53659941711115,88.06762548796036,85.59015304823005,83.10230598578326,80.60471555395577,78.09903746455029,75.58738338007844,73.07239899060703,70.55783215283975
45.39574110962043,47.458829339709766,49.464921209932925,51.43282219998032,53.381777496032186,55.33127271753554,57.30092844645421,59.310442946179364,61.379560284923826,63.50823269763522,65.61714788368921,67.60717968209018,69.37920877670308,70.87590405335477,72.20706821635297,73.52429016874069,74.97916080551774,76.65713893419709,78.37915090568148,79.92557680183819,81.17914694500811,82.04044861300511,82.37914588897566,82.08750790673949,81.17914694500811,79.71319446912887,77.80951504899244,75.60315705992781,73.22916985420835,70.8010635908011,68.34618889700783,65.87036130453484,63.3794061352704,60.879166085539765,58.375514495225346,55.874378329196745,53.381777496032186
46.39575534852484,48.460136793096254,50.46701519981646,52.43540423819222,54.38466736208744,56.33435913785256,58.30414135568489,60.313737501614966,62.38290743288812,64.51161323379145,66.62054872382238,68.61059246120436,70.38262843742187,71.87932769564102,73.21049441316742,74.52771822885673,75.98259036259046,77.66056969685448,79.38258250508028,80.92900891636233,82.18257936149078,83.04388119182391,83.38257852331711,83.09094049353416,82.18257936149078,80.71662652329272,78.81294640739867,76.60658712046413,74.23259754454875,71.80448706488869,69.34960489004362,66.87376398418601,64.38278508224744,61.88250271016868,59.37877571857817,56.87750552934831,54.38466736208744
47.39647302446032,49.46188207036631,51.46938519847606,53.43816177635958,55.387669293761476,57.337517103435175,59.30739972734736,61.31706068072003,63.3862723566499,65.51500465853917,67.62395626413102,69.61400947759228,71.38605091578154,72.88275333418811,74.21392207925193,75.53114737384846,76.9860206957197,78.66400098685817,80.38601445920662,81.93244127934419,83.18601196413738,84.04731392331684,84.3860112988784,84.09437323135754,83.18601196413738,81.72005883836655,79.81637817024898,77.61001785319326,75.23602639604866,72.80791256993587,70.35302445734271,67.87717298454011,65.38617524563489,62.88585928123821,60.382072440293186,57.880695866272276,55.387669293761476
48.397749726701406,50.46397512253112,52.47197437417947,54.44105865287038,56.39076018988467,58.340731861830335,60.310694185512034,62.32040657961437,64.38965138952184,66.51840472573667,68.62736912243645,70.61742985713212,72.38947563051556,73.88618055717416,75.21735091149992,76.53457737990826,77.9894516448063,79.66743269541726,81.3894466948806,82.93587383952718,84.18944471454247,85.05074677598734,85.38944418652602,85.09780608905253,84.18944471454247,82.72349136052492,80.81981025410698,78.61344911944286,76.23945616916345,73.81133968696261,71.3564468615547,68.88058700169636,66.38957431167245,63.889231684375204,61.38539733887312,58.88393632056848,56.39076018988467
49.39947057517254,51.46634437651086,53.47473757936153,55.44406614998772,57.39392170842278,59.34399170130868,61.31401728740869,63.32377051195314,65.39304162108567,67.52181165255752,69.630786201679,71.62085290602363,73.39290212026825,74.8896090377338,76.22078066933443,77.53800806939932,78.99288308277909,80.67086473618431,82.39287915401923,83.93930655622884,85.19287758222356,86.05417972483656,86.39287716313657,86.1012390418897,85.19287758222356,83.7269240470464,81.8232425927491,79.61688080914833,77.2428866737657,74.81476808342211,72.35987151743743,69.88400500072699,67.39298044386112,64.89261665378972,62.38874460257719,59.88721655662991,57.39392170842278
50.401544224564255,52.46893296090174,54.477638955035246,56.44716146418824,58.39713928711922,60.34728732456341,62.31736312501988,64.32714875790971,66.39644074123582,68.52522402393211,70.63420663110698,72.62427807359103,74.39633001885863,75.89303851643254,77.22421116180865,78.54143930133078,79.99631490878144,81.67429704062508,83.39631179052189,84.94273939715953,86.19631054298671,87.05761275002291,87.39631021035711,87.10467207024125,86.19631054298671,84.73035686402304,82.8266751336136,80.62031283495118,78.24631775895062,75.8181974953704,73.36329796047961,70.88742616019599,68.39639218452871,65.89601159729034,63.39210961820494,60.890528369755145,58.39713928711922
51.403898069962956,53.471695696595006,55.480650023928575,57.45032648984942,59.400401365272955,61.35061135124546,63.32072700871643,65.33053836488429,67.39984691637427,69.52864071669413,71.63762971959488,73.62770492275902,75.3997590356471,76.89646878735624,78.22764223736758,79.54487096379793,80.99974704276332,82.67772955434395,84.39974456779856,85.94617233669085,87.19974357762914,88.06104583579808,88.39974331362085,88.10810515852867,87.19974357762914,85.73378978454203,83.8301078349822,81.6237451275149,79.24974930494486,76.82162771331411,74.36672582199577,71.89084982812085,69.39980837669384,66.89941445737017,64.39548872399303,61.89386524703379,59.400401365272955
52.50647441913962,54.57459669953204,56.58374817354613,58.55354685246178,60.503698765492004,62.453957922892585,64.42410521606455,66.43393698928875,68.50325869113155,70.63206083937021,72.74105491859015,74.73113310661836,76.50318893995171,77.99989968707018,79.33107377572163,80.64830296798169,82.10317942118877,83.78116223416703,85.50317745680766,87.04960535448154,88.3031766709096,89.16447896966262,89.50317646136608,89.2115382943872,88.3031766709096,86.83722278724264,84.93354066374297,82.72717763180694,80.35318121668395,77.92505857097777,75.47015480935832,72.9942754870174,70.50322810204318,68.00282360093237,65.4988790134317,62.99722201863952,60.503698765492004
53.50922744032344,55.57760747251902,57.58691544999215,59.55681114040665,61.50702420263126,63.45732238921481,65.42749479239484,67.43734277094796,69.5066749103539,71.63548368438767,73.74448179270252,75.73456234982538,77.50661954867952,79.00333108585582,80.3345056813967,81.6517352433863,83.10661199362937,84.78459504582713,86.50661043449884,88.0530384343868,89.3066098107311,90.16791214169574,90.5066096444163,90.21497146800289,89.3066098107311,87.84065585517087,85.93697359361505,83.7306103041479,81.35661341871513,78.92848993638805,76.47358469030755,73.99770272615487,71.50665063170041,69.00623773175411,66.502278179518,64.00059458094725,61.50702420263126
54.51212073069786,56.58070538723457,58.59013759925078,60.56011029466137,62.510371893809236,64.46070105900642,66.43089339247652,68.44075423339706,70.51009465717871,72.63890869013946,74.74790999636025,76.73799243383888,78.5100507165091,80.00676288075533,81.3379378786149,82.65516773405915,84.11004472005992,85.78802796212639,87.51004348257707,89.0564715635924,90.31004298749227,91.17134534402328,91.51004285548811,91.2184046715866,90.31004298749227,88.84408897487027,86.94040660373922,84.73404310986948,82.36004585115143,79.93192170479747,77.47701528049814,75.00113121953396,72.51007538714956,70.00965582100181,67.50568439111649,65.00397967669883,62.510371893809236
55.51512538086402,57.583872477212935,59.593403305381955,61.5634371240573,63.51373724873531,65.46409100238671,67.43429915483044,69.44417020473801,71.51351720388115,73.6423354108739,75.75133925528135,77.74142318520191,79.51348232809845,81.01019499005079,82.34137030723107,83.65860039559055,85.1134775687124,86.79146096147778,88.51347658652156,90.0599047319277,91.31347619357246,92.17477857039552,92.51347608880069,92.2218378989558,91.31347619357246,89.84752213566054,87.94383967755951,85.7374760214553,83.36347846646044,80.93535379306775,78.4804464336147,76.00456070840751,73.51350190921795,71.01307705207662,68.50909619481244,66.00737472047527,63.51373724873531
56.5182184350391,58.58709447845584,60.59670358533012,62.56678592031905,64.5171166238322,66.4674898938014,68.43771060195672,70.44758975481783,72.51694197285912,74.64576349279514,76.75476935176712,78.74485446624124,80.51691429190049,82.01362734888266,83.34480291950808,84.66203319273257,86.1169105143725,87.79489402674773,89.51690973480707,91.06333793132026,92.31690942292317,93.17821181585204,93.51690933976573,93.22527114520362,92.31690942292317,90.85095532906462,88.9472728019355,86.74090901706563,84.36691122691569,81.93878613521191,79.48387803352631,77.00799098740697,74.5169298334574,72.01650077683533,69.51251243700366,67.01077766014531,64.5171166238322
57.62138166666564,59.69036006709659,61.70003130823888,63.67015215238152,65.62050712702622,67.57089588738978,69.54112656113588,71.5510121453628,73.62036850566541,75.74919265509372,77.85820011302943,79.84828616768536,81.6203465352541,83.11705990577181,84.44823567755684,85.7654660975088,87.22034353702769,88.89832714433729,90.62034291828616,92.16677115536305,93.42034267074371,94.28164507645577,94.62034260474164,94.32870440643543,93.42034267074371,91.95438854835429,90.05070596643753,87.84434207936634,85.47034410257362,83.042218678856,80.58730998805973,78.11142189353066,75.6203588706036,73.11992648084112,70.61593220205899,68.11418686687912,65.62050712702622
58.624600605193436,60.69366025378609,62.70338081371325,64.67353222368145,66.62390646277323,68.57430751804905,70.54454610156277,72.55443679039794,74.62379643842755,76.75262267489,78.8616314019258,80.85171820280519,82.62377900048801,84.12049261985915,85.45166855130472,86.76889908771437,88.22377662079384,89.90176030345293,91.62377612969834,93.17020439897067,94.4237759332238,95.28507834908186,95.6237758808379,95.33213767956,94.4237759332238,92.95782178818938,91.05413916278764,88.84777519459918,86.47377706966799,84.04565138243073,81.5907422240568,79.11485329740374,76.6237887910662,74.12335375578193,71.61935476323109,69.11760104784068,66.62390646277323
59.72786376274189,61.79698790267129,63.80674760869772,65.77692327946438,67.72731280903342,69.67772362289975,71.64796848444617,73.65786322483035,75.72722548233821,77.85605337528374,79.96506310960605,81.95515050276377,83.72721164182855,85.22392545871482,86.55510151688306,87.87233214572527,89.32720975306383,91.00519349552786,92.72720936328106,94.2736376581069,95.5272092073391,96.38851163125008,96.7272091657604,96.43557096212388,95.5272092073391,94.06125504433136,92.15757238441557,89.95120835184429,87.57721010933548,85.14908421294253,82.69417468345182,80.21828509634112,77.72721941261862,75.22678227757821,72.72277954369369,70.22101917688471,67.72731280903342
60.83116201973752,62.900337349390625,64.91012812680148,66.88032305380926,68.83072471961162,70.78114327894704,72.7513931234003,74.76129107951294,76.8306554081698,78.95948461586867,81.06849514967553,83.05858301292514,84.83064442294503,86.32735839659921,87.65853455534733,88.97576525755329,90.43064292383137,92.1086267137626,93.83064261446054,95.37707092956825,96.63064249068935,97.49194492099193,97.8306424576883,97.53900425217977,96.63064249068935,95.16468831341615,93.26100562610655,91.05464154243461,88.68064320660437,86.2525171442044,83.79760732015805,81.32171720884148,78.8306505906271,76.33021178900657,73.82620608561535,71.32444043954608,68.83072471961162
61.93448813693885,64.00370409773953,66.01351953722062,67.98372974818963,69.93414104663609,71.88456575359892,73.8548195530062,75.86472006145164,77.93408603398359,80.06291628520404,82.17192745356266,84.16201568992463,85.93407731500177,87.43079141308274,88.76196765166117,90.07919841209602,91.5340761251544,93.21205995276038,94.93407587960664,96.48050421081203,97.73407578136934,98.59537821674493,98.9340757551764,98.64243754818202,97.73407578136934,96.26812159277367,94.36443888372156,92.15807475949097,89.78407634959152,87.35595015543166,84.90104009759625,82.42514957021706,79.93408221029547,77.43364208590779,74.92963402561242,72.42786418937516,69.93414104663609
63.03783636790642,65.1070845788276,67.11691959304531,69.08714193507406,71.03756087902408,72.98799046539008,74.95824740385794,76.96814993809596,79.0375172153743,81.16634829483917,83.2753599668421,85.26544849934362,87.03751029511189,88.5342244919505,89.86540079389027,91.18263160054143,92.63750935072933,94.3154932082378,96.03750915583794,97.58393749982012,98.83750907786697,99.69881151726901,100.03750905707761,99.7458708489039,98.83750907786697,97.37155488028463,95.4678721539755,93.26150799755347,90.8875095288652,88.45938323012744,86.00447298673356,83.52858212912514,81.03751418050982,78.53707300624012,76.0330630752654,73.53128991327941,71.03756087902408
64.24120215127887,66.31047595986674,68.32032651083946,70.29055848140489,72.24098349363845,74.19141695280699,76.16167638275611,78.17158052486975,80.2409488377272,82.36978057457053,84.47879264631639,86.4688814138641,88.24094334511003,89.73765762033264,91.06883397256237,92.38606481589541,93.84094259555309,95.51892647679514,97.24094244086768,98.78737079499076,100.04094237898207,100.9022448215799,101.24094236248153,100.94930415337181,100.04094237898207,98.574988174267,96.67130543426096,94.4649412522886,92.09094273693961,89.66281635519832,87.2079059645265,84.73201484481494,82.24094642895288,79.74050442139063,77.23649300565472,74.73471720401366,72.24098349363845
65.64458186644343,67.71387599237211,69.72373887504946,71.69397848785763,73.64440831651842,75.59484484954348,77.56510625698716,79.57501167527437,81.64438081007225,83.77321306867753,85.88222545769969,87.8723144118037,89.6443764505783,91.14109078801435,92.47226718015924,93.78949805260673,95.24437585565454,96.92235975573399,98.64437573288066,100.19080409505261,101.44437568376202,102.30567812889637,102.64437567066554,102.3527374608129,101.44437568376202,99.97842147338574,98.07473872250844,95.86837452025675,93.49437596787311,91.06624952025187,88.6113390126855,86.13544768494248,83.64437889822634,81.14393622927895,78.63992363508599,76.13814573834529,73.64440831651842
65.88205985963526,67.97421595296508,70.01901687877194,72.03574613591317,74.0430351898548,76.05804982411354,78.0957606375467,80.16855479338871,82.28653768137008,84.44311355053918,86.57034258758517,88.58696542549517,90.41442226924106,92.01496757048457,93.49274787063607,94.97859503877902,96.58872887276641,98.37202793074619,100.16214993782073,101.77999872836776,103.18667080450551,104.33239555401259,104.87151986693345,104.4411504740167,103.18667080450551,101.36310099997917,99.15668553426713,96.72045408490517,94.19005951917316,91.668949479711,89.16219605837406,86.65869092686424,84.15251848582704,81.6399311687997,79.11815886203763,76.58558984897044,74.0430351898548
64.18569363233061,66.25493442570706,68.26476493774572,70.234984489645,72.18540167514126,74.13583013925347,76.10608635574367,78.11598842405368,80.18535540124319,82.31418629021366,84.42319784637954,86.41328631076962,88.1853480672793,89.6820622414039,91.0132385287707,92.3304693247922,93.78534706644041,95.46333091707137,97.18534685989816,98.73177520094171,99.98534677726597,100.84664921574195,101.18534675523381,100.89370854733134,99.98534677726597,98.51939258175057,96.61570985941052,94.40934571039243,92.03534725522545,89.60722098054038,87.15231077982452,84.67641999816809,82.18535218495103,79.68491125215186,77.18090175142936,74.67912935435876,72.18540167514126
63.079030778285386,65.14819433419048,67.15797796516733,69.12816846324975,71.07856733773258,73.02898411562228,74.99923281401607,77.00913003051761,79.07849388281454,81.20732278812301,83.3163331380502,85.30642089317973,87.07848224088053,88.57519617847845,89.9063723140934,91.2236029994259,92.67848065214801,94.3564644311619,96.07848032428265,97.62490863472557,98.87848019311224,99.73978262194477,100.07848015813835,99.78684195306033,98.87848019311224,97.41252601912008,95.50884333811098,93.30247926619205,90.92848095182555,88.50035492760681,86.04544517130759,83.5695551805572,81.07848877727386,78.57805035896317,76.07404533855234,73.5722809067029,71.07856733773258
62.489883279823545,64.56875087453814,66.59325843596089,68.58307106404578,70.55759450161345,72.53561071686791,74.53492640308058,76.57215190095815,78.66279285756977,80.80382498849531,82.92087159507557,84.92269609239096,86.71938678600084,88.26273481351193,89.66080276343683,91.05648920808919,92.58504809499635,94.3138005475182,96.06898754161057,97.6504878626152,98.98023070354989,99.98662125056099,100.43035299686254,100.06576651668146,98.98023070354989,97.338458367263,95.29168543334286,92.98017803756932,90.53636533254205,88.06739028341694,85.5899172205511,83.10206982660121,80.60447921358707,78.09880097857129,75.58714668127789,73.07216192311802,70.55759450161345
45.39590809589747,47.45899656777948,49.46508858509681,51.432989666429975,53.381945020063995,55.331440278336856,57.30109603091874,59.310610545918436,61.37972789450217,63.50840031346006,65.61731550331268,67.60734730394726,69.37937639984766,70.87607167724425,72.20723584072039,73.52445779345672,74.9793284305138,76.65730655941871,78.37931853105968,79.92574442731271,81.17931457053916,82.04061623856651,82.37931351454745,82.0876755323024,81.17931457053916,79.71336209459211,77.80968267432553,75.60332468501811,73.2293374788552,70.80123121465914,68.34635651946624,65.87052892450244,63.37957375079792,60.879333693149334,58.37568208872855,55.87454589762697,53.381945020063995
46.39592246631477,48.46030410304235,50.467182626604455,52.43557173747034,54.38483490708322,56.33452671203831,58.304308948654594,60.313905106709086,62.383075045792054,64.5117808516534,66.62071634469936,68.61076008385419,70.38279606109359,71.87949531990398,73.21066203780973,74.52788585377573,75.98275798773172,77.66073732217477,79.38275013052478,80.92917654188335,82.18274698705665,83.04404881741388,83.38274614891532,83.09110811912531,82.18274698705665,80.71679414880478,78.81311403280742,76.60675474568016,74.2327651694128,71.80465468912666,69.34977251317068,66.87393160533615,64.38295269987339,61.88267032150995,59.37894331872252,56.877673109590035,54.38483490708322
47.39664024677965,49.46204944535481,51.46955266626081,53.43832930170282,55.38783685540011,57.33768468824567,59.30756732706824,61.317228290064676,63.3864399721935,65.51517227801803,67.62412388600293,69.61417710087132,71.38621853987163,72.88292095874749,74.21408970411241,75.53131499892854,76.98618832097621,78.66416861225676,80.38618208470382,81.93260890490211,83.1861795897309,84.04748154892948,84.38617892449759,84.09454085697112,83.1861795897309,81.72022646391737,79.81654579571779,77.61018547850912,75.23619402108514,72.80808019447542,70.35319208100054,67.87734060662882,65.3863428649264,62.88602689554145,60.38224004570898,57.880863455889966,55.38783685540011
48.39791703207891,50.464142549179826,52.47214187451766,54.4412261989073,56.39092776473511,58.34089945507466,60.3108617905917,62.32057419233283,64.38981900716057,66.51857234649887,68.62753674509804,70.61759748091058,72.38964325493777,73.8863481819688,75.21751853653358,76.5347450051162,77.98961927015426,79.66760032087802,81.38961432041964,82.93604146511439,84.18961234015794,85.05091440161797,85.38961181216183,85.09797371468392,84.18961234015794,82.72365898610647,80.81997787962345,78.61361674483794,76.23962379433681,73.81150731174156,71.35661448563381,68.88075462453003,66.389741932286,63.88939930102944,61.3855649484731,58.884103917628636,56.39092776473511
49.39963794653211,51.46651184418501,53.47490510554641,55.44423371245287,57.394089293760885,59.34415930124753,61.31418489674188,63.32393812734949,65.39320924038732,67.52197927433835,69.63095382496738,71.62102053019845,73.39306974495402,74.8897766627152,76.22094829450552,77.53817569470876,78.99305070819963,80.67103236169437,82.39304677959142,83.9394741818393,85.19304520785641,86.05434735048148,86.3930447887856,86.1014066675352,85.19304520785641,83.72709167265236,81.8234102183034,79.61704843460626,77.24305429904766,74.81493570839103,72.36003914185089,69.88417262415194,67.39314806552392,64.89278427230998,62.38891221549832,59.887384159597616,57.394089293760885
50.40171164833089,52.46910046115211,54.47780650174036,56.44732903969478,58.39730688078235,60.34745492981611,62.31753073772924,64.32731637543158,66.3966083618574,68.52539164652143,70.63437425489285,72.62444569808048,74.39649764375362,75.89320614156219,77.22437878708885,78.54160692672079,79.99648253425963,81.67446466617432,83.39647941612043,84.94290702278843,86.1964781686334,87.05778037567917,87.39647783601666,87.104839695898,86.1964781686334,84.73052448964837,82.82684275919794,80.62048046045905,78.2464853843188,75.81836512049011,73.36346558515845,70.88759378409026,68.39655980702435,65.89617921729172,63.39227723376217,60.890695977411994,58.39730688078235
51.404065535348465,53.47186322271017,55.48081758692415,57.45049407570835,59.40056896554424,61.350778960715985,63.32089462410555,65.3307059840932,67.40001453804346,69.52880833992515,71.63779734377562,73.62787254749819,75.39992666070813,76.89663641260351,78.22780986273435,79.54503858925185,80.99991466828723,82.67789717992427,84.39991219341803,85.94633996233439,87.1999112032868,88.06121346146332,88.3999109392887,88.10827278419427,87.1999112032868,85.73395741018275,83.83027546059037,81.62391275306237,79.24991693038146,76.82179533855353,74.36689344688526,71.89101745238762,69.39997599985051,66.8995820785471,64.39565634164256,61.89403285841257,59.40056896554424
52.50664191757278,54.57476424618177,56.58391574947372,58.55371444653832,60.503866371008556,62.45412553571096,64.42427283358066,66.43410460983671,68.50342631363222,70.63222846311052,72.74122254308426,74.73130073155568,76.50335656514454,78.0000673124108,79.33124140115711,80.64847059348634,82.10334704674898,83.781329859772,85.50334508244369,87.04977298013672,88.30334429657596,89.16464659533501,89.50334408704052,89.21170592005986,88.30334429657596,86.83739041289554,84.93370828937006,82.72734525738585,80.35334884217485,77.92522619631217,75.47032243441498,72.99444311157981,70.50339572572449,68.00299122304236,65.49904663274197,62.99738963297253,60.503866371008556
53.50939496499585,55.57777503547065,57.587083036185334,59.556978741006105,61.507191812311234,63.45749000469047,65.42766241159921,67.43751039255875,69.50684253351457,71.63565130853226,73.74464941744537,75.73472997492004,77.50678717397696,79.00349871127057,80.33467330688674,81.65190286893123,83.1067796192184,84.78476267145167,86.50677806014805,88.0532060600512,89.30677743640439,90.16807976737381,90.506777270096,90.21513909368122,89.30677743640439,87.84082348083346,85.93714121925716,83.73077792975178,81.35678104424915,78.92865756179785,76.47375231549691,73.99787035095194,71.50681825579817,69.00640535460468,66.50244580014639,64.00076219762514,61.507191812311234
54.512288276202185,56.58087296312729,58.59030519359263,60.56027790043839,62.51053950679386,64.46086867659123,66.43106101302087,68.44092185585137,70.51026228086322,72.6390763146049,74.74807762130055,76.73816005905837,78.51021834188954,80.00693050622888,81.3381055041482,82.65533535963606,84.11021234567181,85.78819558776645,87.51021110823672,89.0566391892641,90.31021061317104,91.17151296970583,91.51021048117198,91.2185722972693,90.31021061317104,88.8442566005406,86.94057422939325,84.73421073549315,82.36021347671966,79.9320893302671,77.47718290579283,75.00129884451727,72.51024301157781,70.0098234444402,67.50585201279111,65.00414729523786,62.51053950679386
55.51529294290637,57.584040063378424,59.593570906191985,61.563604733944004,63.51390486434292,65.4642586216456,67.43446677643834,69.44433782786189,71.51368482798142,73.64250303559399,75.75150688037834,77.7415908105205,79.51364995354481,81.01036261557104,82.34153793279876,83.65876802119283,85.11364519434244,86.79162858713019,88.51364421218949,90.06007235760521,91.31364381925557,92.17494619608163,92.51364371448784,92.22200552464204,91.31364381925557,89.84768976133692,87.944007303223,85.73764364709469,83.36364609205583,80.9355214185849,78.48061405899296,76.00472833353865,73.51366953390854,71.01324467598154,68.50926381731745,66.00754234049153,63.51390486434292
56.51838601021002,58.5872620727757,60.59687119127433,62.56695353346777,64.51728424152174,66.467657514389,68.43787822440879,70.44775737847314,72.51710959728939,74.64593111771737,76.75493697698849,78.7450220916385,80.51708191739914,82.01379497443997,83.34497054510305,84.66220081835499,86.11707814001697,87.79506165240991,89.51707736048161,91.06350555700243,92.31707704860975,93.178379441541,93.51707696545554,93.22543877089272,92.31707704860975,90.85112295474585,88.94744042760648,86.74107664271752,84.36707885253264,81.93895376076675,79.48404565897093,77.00815861265545,74.5170974583562,72.01666840111054,69.51268006016775,67.01094528133406,64.51728424152174
57.62154925225815,59.690527667889185,61.700198918258266,63.67031976811937,65.62067474636822,67.57106350903202,69.54129418425795,71.55117976943987,73.62053613035758,75.74936028017638,77.85836773834947,79.84845379314504,81.62051416079424,83.11722753135852,84.44840330317345,85.7656337231472,87.22051116268355,88.89849477000726,90.6205105439659,92.16693878104884,93.42051029643304,94.281812702147,94.6205102304335,94.32887203212672,93.42051029643304,91.95455617403937,90.05087359211447,87.84450970502812,85.47051172820767,83.04238630444077,80.58747761355701,78.11158951887225,75.62052649566766,73.12009410541025,70.6160998257462,68.11435448899846,65.62067474636822
58.624768199058494,60.693827859716436,62.70354842696729,64.67369984147436,66.62407408342682,68.57447514052836,70.54471372521664,72.5546044148098,74.6239640633276,76.7527903001,78.86179902732424,80.85188582831441,82.62394662606113,84.1206602454692,85.45183617693849,86.76906671336545,88.22394424645879,89.90192792912907,91.62394375538224,93.17037202465937,94.42394355891528,95.28524597477485,95.62394350653139,95.33230530525307,94.42394355891528,92.9579894138775,91.0543067884693,88.84794282026881,86.47394469531561,84.04581900803922,81.59090984959587,79.11502092281924,76.62395641626145,74.12352138058431,71.6195223873335,69.1177686706987,66.62407408342682
59.72803136317347,61.797155512679694,63.80691522451917,65.77709089888845,67.72748043072802,69.67789124604343,71.6481361085221,73.65803084950795,75.7273931074033,77.85622100059479,79.96523073506667,81.95531812831233,83.7273792674278,85.22409308434341,86.55526914253048,87.8724997713864,89.32737737873597,91.00536112120889,92.72737698896826,94.27380528379791,95.52737683303232,96.3886792569445,96.72737679145521,96.43573858781836,95.52737683303232,94.06142267002193,92.15774001010101,89.95137597752017,87.57737773499389,85.14925183856988,82.69434230902407,80.2184527218153,77.72738703791795,75.22694990256575,72.72294716812566,70.22118680032901,67.72748043072802
60.83132962538133,62.90050496263592,64.91029574466074,66.88049067452798,68.8308923421325,70.78131090261806,72.75156074781125,74.7614587044014,76.83082303336585,78.95965224125995,81.06866277518552,83.0587506385049,84.83081204856504,86.3275260222425,87.65870218100557,88.97593288322244,90.4308105495092,92.10879433944753,93.83081024015038,95.37723855526109,96.63081011638394,97.49211254668748,97.83081008338416,97.53917187787533,96.63081011638394,95.16485593910863,93.26117325179496,91.05480916811543,88.68081083227133,86.25268476984671,83.79777494575661,81.32188483436221,78.83081821600908,76.33037941414105,73.82637371030889,71.32460806345568,68.8308923421325
61.93465574671981,64.00387171355405,66.01368715669734,67.98389736993592,69.93430866981278,71.88473337768852,73.85498717768306,75.8648876865075,77.93425365928356,80.06308391065899,82.17209507911181,84.16218331552915,85.93424494063827,87.43095903873773,88.762135277328,90.0793660377715,91.5342437508368,93.21222757844838,94.93424350529851,96.48067183650632,97.73424340706501,98.59554584244137,98.93424338087308,98.64260517387847,97.73424340706501,96.26828921846767,94.36460650941234,92.15824238517573,89.78424397526523,87.3561177810858,84.90120772321572,82.42531719577474,79.93424983574302,77.43380971115891,74.92980165051353,72.42803181365409,69.93430866981278
63.03800398097118,65.10725219668136,67.11708721380582,69.08730955763596,71.0377285027213,72.98815808981186,74.95841502874583,76.96831756328467,79.03768484075678,81.16651592034464,83.27552759242235,85.2656161249678,87.03767792076147,88.53439211761471,89.86556841956393,91.18279922622195,92.63767697641538,94.31566083392826,96.03767678153149,97.58410512551555,98.83767670356352,99.69897914296615,100.03767668277496,99.7460384746011,98.83767670356352,97.37172250597985,95.46803977966816,93.26167562324136,90.88767715454435,88.45955085579105,86.0046406123696,83.52874975471215,81.03768180600943,78.53724063158383,76.03323070033133,73.53145753785145,71.0377285027213
64.24136976695011,66.3106435793391,68.32049413261893,70.29072610461414,72.24115111774881,74.19158457749242,76.16184400781152,78.17174815016389,80.24111646317515,82.3699482001161,84.47896027192132,86.46904903950391,88.24111097076995,89.7378252460042,91.06900159824141,92.3862324415799,93.84111022124193,95.51909410248753,97.2411100665625,98.7875384206871,100.04111000467927,100.90241244727761,101.2411099881794,100.94947177906953,100.04111000467927,98.57515579996317,96.6714730599551,94.46510887797896,92.091110362623,89.6629839808694,87.20807359017572,84.73218247042523,82.24111405449379,79.74067204680782,77.23666063085145,74.73488482881841,72.24115111774881
65.64474948418346,67.71404361312916,69.7239064976377,71.6941461115807,73.64457594095667,75.59501247443819,77.56527388217552,79.57517930065224,81.64454843557216,83.77338069425493,85.88239308332419,87.87248203745591,89.6445440762465,91.14125841369176,92.47243480584261,93.7896656782944,95.2445434813457,96.92252738142795,98.64454335857656,100.1909717207497,101.44454330945979,102.30584575459453,102.64454329636382,102.35290508651107,101.44454330945979,99.97858909908267,98.07490634820377,95.86854214594908,93.49454359355991,91.06641714592891,88.61150663834519,86.13561531057127,83.64454652380003,81.14410385475445,78.6400912603865,76.13831336333469,73.64457594095667
65.87955062070102,67.9717179201883,70.01653589325488,72.03328763881998,74.04060388033392,76.05564896860032,78.09339111234638,80.16621404579723,82.28421889557453,84.44080718834905,86.56804433979033,88.5846789366303,90.41216009953843,92.01275015679477,93.49059185489237,94.97650712304778,96.58670136469068,98.37004018650819,100.16018739949732,101.77806220128349,103.18478861531935,104.33060936265635,104.86979764375526,104.43938428893539,103.18478861531935,101.36108883200737,99.15455464997459,96.71822736397476,94.18776463126642,91.66661288439967,89.1598358184336,86.65631797728336,84.15013855075645,81.63754559978479,79.1157650261855,76.58318160010721,74.04060388033392
64.18303679078375,66.25227750368563,68.26210796687906,70.23232748850756,72.18274465492591,74.13317310686251,76.1034293155198,78.1133313787748,80.18269835270858,82.31152923961236,84.42054079452146,86.41062925817258,88.18269101425635,89.6794051881345,91.01058147534323,92.3278122712494,93.78269001280493,95.46067386336128,97.18268980613631,98.72911814714796,99.98268972345355,100.84399216191946,101.18268970140788,100.89105149350837,99.98268972345355,98.51673552796055,96.61305280566356,94.4066886567258,92.03269020170552,89.60456392728139,87.14965372702856,84.67376294619615,82.18269513444804,79.68225420426867,77.1782447082141,74.67647231944228,72.18274465492591
63.076374061440546,65.14553748960992,67.15532104305353,69.1255114930855,71.07591033728463,73.02632709584694,74.99657578180685,77.00647299028415,79.07583683741295,81.2046657394407,83.31367608737293,85.30376384132941,87.07582518835412,88.57253912556087,89.90371526092487,91.2209459460743,92.67582359864932,94.35380737754474,96.07582327058327,97.62225158097561,98.8758231393326,99.73712556814917,100.0758231043373,99.78418489926399,98.8758231393326,97.40986896537603,95.5061862844353,93.2998222126439,90.92582389851025,88.49769787470575,86.04278811914153,83.56689812969918,81.07583172874772,78.57539331459563,76.07138830159464,73.56962388291859,71.07591033728463
62.48728773518481,64.56616019587408,66.59067521708819,68.58049779357285,70.55503342480503,72.5330635199566,74.53239373556487,76.56963280830688,78.66028427584594,80.80132241173395,82.91837296372249,84.92020321149255,86.71690592332811,88.26027652134029,89.65837642614574,91.05409972787496,92.58269262756184,94.31146818225214,96.06667012549184,97.64818612860232,98.97796259555932,99.98441558260494,100.42819124675512,100.06357437768312,98.97796259555932,97.33611174352379,95.28927251998286,92.97771500258811,90.53386834027395,88.06487316792104,85.58738890877528,83.09953555848193,80.60194168995913,78.09626083865797,75.58460271744396,73.06961133478015,70.55503342480503
45.39596335677576,47.459051908672336,49.465143974666375,51.433045086208026,53.38200045889727,55.33149572933797,57.30115148975054,59.310666009804905,61.379783361644655,63.50845578266966,65.61737097377932,67.60740277515308,69.37943187147951,70.87612714912262,72.20729131275691,73.5245132656086,74.97938390275837,76.65736203173793,78.37937400343067,79.92579989971563,81.17937004296076,82.0406717109982,82.37936898698254,82.08773100473454,81.17937004296076,79.7134175669913,77.80973814668161,75.60338015729386,73.22939295098419,70.80128668652708,68.34641199087102,65.87058439508297,63.37962921990912,60.879389159640326,58.375737550551435,55.87460135115265,53.38200045889727
46.395977770713586,48.4603594710299,50.46723803325758,52.43562716811205,54.384890352853915,56.33458216746861,58.304364410300934,60.31396057236765,62.38313051403509,64.51183632153715,66.62077181558082,68.61081555532235,70.38285153289989,71.87955079190593,73.21071750993723,74.52794132599477,75.98281346002435,77.66079279452663,79.38280560291778,80.92923201430165,82.18280245948976,83.04410428985497,83.38280162135915,83.09116359156681,82.18280245948976,80.71684962122009,78.81316950518854,76.60681021799752,74.23282064161369,71.80471016112037,69.34982798479678,66.87398707630801,64.38300816967903,61.88272578923585,59.37899878274308,56.877728567024405,54.384890352853915
47.39669558576957,49.462104834866324,51.46960808648067,53.438384740970065,55.38789230667831,57.33774014719194,59.307622790948685,61.31728375712984,63.38649544131002,65.51522774843683,67.62417935721365,69.61423257254766,71.3862740118164,72.88297643084758,74.21414517631212,75.5313704712009,76.98624379330695,78.66422408463453,80.38623755711424,81.9326643773326,83.18623506217318,84.04753702137809,84.38623439694837,84.09459632942003,83.18623506217318,81.72028193634551,79.8166012681188,77.61024095085952,75.23624949334308,72.80813566656892,70.35324755280227,67.8773960779113,65.38639833528322,62.88608236424753,60.38229551147401,57.88091891642705,55.38789230667831
48.397972398554614,50.46419795578686,52.47219730551018,54.44128164502254,56.39098322038538,58.34095491681185,60.31091725624549,62.32062966051447,64.38987447697043,66.51862781734236,68.62759221657008,70.61765295275222,72.38969872699244,73.88640365414673,75.21757400879056,76.53480047743088,77.98967474251528,79.66765579327637,81.38966979284388,82.93609693755457,84.18966781260747,85.05096987407254,85.3896672846181,85.09802918713872,84.18966781260747,82.72371445854478,80.82003335204023,78.61367221721454,76.23967926664005,73.81156278391427,71.35666995757492,68.88081009605901,66.38979740308028,63.88945477051351,61.38562041562278,58.8841593806286,56.39098322038538
49.39969333484275,51.466567264368265,53.47496054509216,55.44428916400457,57.39414475288176,59.34421476520011,61.314240363803236,63.323993596417296,65.39326471074749,67.52203474551891,69.63100929664685,71.62107600217125,73.3931252170959,74.88983213495493,76.221003766808,77.53823116705702,78.99310618058468,80.67108783410904,82.39310225202664,83.93952965428718,85.19310068031173,86.05440282294077,86.39310026124626,86.10146213999468,85.19310068031173,83.72714714509877,81.82346569073272,79.6171039070037,77.24310977138683,74.81499118062663,72.36009461390267,69.88422809587661,67.39320353666542,64.89283974241155,62.38896768374701,59.88743962455251,57.39414475288176
50.40176705398417,52.469155892115566,54.47786194807671,56.44738449556216,58.397362342658155,60.34751039552714,62.31758620590787,64.32737184520278,66.39666383265435,68.52544711796955,70.63442972673695,72.62450117015737,74.39655311596474,75.89326161385094,77.22443425942743,78.54166239909571,79.99653800666374,81.67452013860193,83.39653488856439,84.9429624952424,86.19653364109327,87.05783584814222,87.39653330848077,87.10489516836118,86.19653364109327,84.73057996210119,82.8268982316372,80.620535932873,78.24654085668652,75.81842059277561,73.36352105729807,70.88764925597022,68.39661527844146,65.89623468788342,63.39233270288321,60.89075144391862,58.397362342658155
51.40412095477436,53.47191866223285,55.480873038651396,57.45054953500156,59.40062442960682,61.350834427822804,63.32095009317098,65.33076145442267,67.40007000918709,69.52886381158561,71.63785281575036,73.62792801965773,75.3999821329742,76.8966918849312,78.22786533510157,79.5450940616479,80.99997014070647,82.67795265236217,84.39996766586887,85.9463954347932,87.1999666757503,88.06126893392934,88.39996641175557,88.10832825666043,87.1999666757503,85.73401288264064,83.8303309330375,81.62396822548942,79.24997240277179,76.8218508108786,74.36694891909454,71.89107292439084,69.40003147148639,66.89963754952782,64.39571181145601,61.89408832615088,59.40062442960682
52.506697347934875,54.5748196924998,56.58397120548045,58.55376990855092,60.50392183680694,62.45418100392564,64.42432830334995,66.4341600806093,68.50348178505104,70.63228393493955,72.74127801516272,74.73135620378082,76.50341203745421,78.0001227847694,79.33129687354709,80.6485260658992,82.10340251918024,83.78138533221806,85.50340055490003,87.04982845259937,88.30339976904234,89.16470206780339,89.50339955950957,89.21176139252835,88.30339976904234,86.83744588535748,84.93376376182346,82.72740072982329,80.35340431458317,77.9252816686687,75.4703779066796,72.99449858368087,70.50345119753399,68.00304669433186,65.49910210310496,62.997445101688456,60.50392183680694
53.50945040404109,55.57783048718335,57.58713849558916,59.557034205177274,61.50724727948736,63.45754547378452,65.42771788192718,67.43756586368303,69.50689800515178,71.63570678049504,73.74470488960617,75.73478544719723,77.50684264632125,79.0035541836537,80.33472877929478,81.65195834135743,83.10683509165918,84.78481814390423,86.50683353260875,88.05326153251691,89.30683290887305,90.16813523984408,90.50683274256679,90.21519456615155,89.30683290887305,87.84087895329861,85.93719669171551,83.73083340219749,81.35683651667173,78.92871303417932,76.47380778780544,73.99792582313066,71.50687372774544,69.00646082613926,66.5025012709456,64.00081766711702,61.50724727948736
54.51234372214118,56.58092841912247,58.59036065569305,60.560333366322965,62.510594975063555,64.46092414638325,66.43111648379227,68.44097732725484,70.51031775267376,72.63913178667387,74.74813309352666,76.73821553137688,78.51027381426132,80.00698597863146,81.33816097657055,82.65539083207281,84.11026781812015,85.78825106022414,87.51026658070089,89.05669466173225,90.3102660856415,91.17156844217757,91.51026595364412,91.21862776974112,90.3102660856415,88.84431207300824,86.94062970185556,84.73426620794541,82.36026894915358,79.9321448026684,77.4772383781362,75.00135431675761,72.51029848363447,70.00987891616927,67.50590748393653,65.00420276534564,62.510594975063555
55.51534839431815,57.58409552277308,59.59362637043287,61.56366020118857,63.513960333480625,65.46431409199158,67.43452224756169,69.4443932994869,71.51374029992954,73.64255850774722,75.75156235265632,77.74164628287181,79.51370542593838,81.01041808798908,82.34159340523249,83.65882349363801,85.1137006667968,86.79168405959196,88.5136996846564,90.06012783007529,91.31369929172749,92.17500166855456,92.5136991869611,92.22206099711502,91.31369929172749,89.84774523380663,87.94406277568842,85.73769911955213,83.36370156449874,80.93557689100189,78.48066953136399,76.00478380582791,73.51372500605201,71.01330014786501,68.50931928873766,66.00759781108815,63.513960333480625
56.51844146596635,58.587317534868845,60.59692665721421,62.567009001791774,64.51733971134841,66.46771298517471,68.43793369581148,70.447812850274,72.51716506934673,74.6459865899375,76.75499244930761,78.74507756401582,80.51713738981002,82.01385044687026,83.34502601754579,84.66225629080681,86.1171336124761,87.79511712487493,89.51713283295071,91.063561029474,92.31713252108281,93.17843491401487,93.51713243792969,93.2254942433666,92.31713252108281,90.85117842721715,88.94749590007439,86.74113211517911,84.36713432498269,81.93900923319623,79.48410113136393,77.00821408498354,74.51715293056859,72.01672387311658,69.51273553180607,67.01100075231871,64.51733971134841
57.621604711463206,59.690583132124274,61.70025438554673,63.670375237300206,65.62073021674172,67.57111898016673,69.54134965588237,71.55123524138034,73.62059160250158,75.74941575244961,77.85842321070128,79.84850926554303,81.62056963321889,83.11728300379856,84.44845877562335,85.76568919560431,87.22056663514647,88.89855024247484,90.62056601643673,92.16699425352164,93.42056576890701,94.2818681746216,94.62056570290832,94.32892750460138,93.42056576890701,91.95461164651195,90.05092906458437,87.844565177493,85.47056720066337,83.04244177688012,80.58753308596742,78.11164499123116,75.62058196793473,73.1201495775135,70.61615529755763,68.11440996029108,65.62073021674172
58.62482366100113,60.693883325651726,62.703603895326154,64.67375531133524,66.62412955423437,68.57453061194006,70.54476919701702,72.55465988686105,74.62401953554043,76.75284577241536,78.86185449970196,80.8519413007288,82.62400209849665,84.12071571791697,85.4518916493941,86.76912218582677,88.22399971892472,89.9019834015987,91.62399922785443,93.17042749713312,94.42399903138997,95.28530144725005,95.62399897900677,95.3323607777283,94.42399903138997,92.9580448863511,91.05436226094076,88.84799829273629,86.4740001677758,84.04587448048648,81.59096532202012,79.1150763952026,76.6240118885719,74.12357685276478,71.61957785928234,69.11782414223572,66.62412955423437
59.728086827289104,61.797210979964504,63.80697069372765,65.77714636928911,67.72753590188006,69.67794671767501,71.6481915804622,73.65808632164713,75.72744857967068,77.85627647294359,79.96528620746497,81.95537360073972,83.72743473987198,85.22414855679729,86.55532461499058,87.87255524385105,89.32743285120429,91.00541659368014,92.72743246144154,94.27386075627243,95.52743230550759,96.38873472942018,96.72743226393102,96.43579406029404,95.52743230550759,94.0614781424963,92.1577954825737,89.9514314499897,87.57743320745763,85.14930731102336,82.69439778145932,80.21850819421807,77.72744251026288,75.22700537480748,72.72300264018354,70.22124227206004,67.72753590188006
60.83138509122179,62.9005604309919,64.9103512145436,66.88054614535707,68.83094781355797,70.78136637442415,72.7516162198622,74.76151417661038,76.83087850567657,78.95970771363528,81.06871824760015,83.05880611094264,84.8308675210161,86.32758149470123,87.65875765346925,88.97598835568974,90.43086602197943,92.10884981192004,93.83086571262453,95.37729402773621,96.63086558885965,97.4921680191635,97.83086555586031,97.5392273503514,96.63086558885965,95.16491141158367,93.26122872426863,91.05486464058657,88.68086630473792,86.25274024230512,83.79783041820056,81.32194030678039,78.83087368838133,76.33043488643142,73.82642918245332,71.3246635353407,68.83094781355797
61.93471121392936,64.00392718276024,66.01374262711543,67.98395284110508,69.93436414145528,71.88478884963308,73.855042649822,75.86494315877187,77.93430913162868,80.06313938305541,82.1721505515394,84.16223878797508,85.93430041309475,87.43101451120033,88.76219074979454,90.0794215102409,91.5342992233085,93.21228305092193,94.93429897777334,96.48072730898193,97.7342988795411,98.5956013149177,98.9342988533495,98.64266064635481,97.7342988795411,96.26834469094321,94.36466198188681,92.1582978576482,89.78429944773407,87.35617325354818,84.90126319566659,82.42537266820517,79.934305308137,77.43386518348788,74.9298571227267,72.42808728566135,69.93436414145528
63.03805944926742,65.10730766656238,67.11714268464874,69.087365029075,71.03778397453604,72.98821356186636,74.9584705009546,76.968373035593,79.0377403131292,81.16657139275776,83.27558306486023,85.26567159742027,87.03773339322227,88.5344475900804,89.86562389203273,91.182854698693,92.63773244888824,94.31571630640262,96.03773225400685,97.58416059799157,98.83773217603988,99.69903461544274,100.0377321552516,99.74609394707767,98.83773217603988,97.37177797845578,95.46809525214326,93.26173109571486,90.88773262701494,88.45960632825653,86.00469608482597,83.52880522715228,81.03773727842062,78.53729610394342,76.03328617259902,73.53151300995572,71.03778397453604
64.24142523610888,66.31069904975575,68.32054960379907,70.2907815762674,72.24120658970025,74.1916400496342,76.16189948007573,78.17180362250713,80.24117193556924,82.37000367254251,84.47901574436739,86.46910451196152,88.24116644323422,89.73788071847231,91.06905707071199,92.3862879140523,93.84116569371577,95.51914957496251,97.24116553903832,98.7875938931634,100.04116547715589,100.90246791975434,101.2411654606562,100.9495272515463,100.04116547715589,98.57521127243942,96.67152853243067,94.46516435045325,92.09116583509501,89.66303945333733,87.20812906263643,84.73223794287306,82.24116952691867,79.74072751919175,77.23671610316238,74.73494030099968,72.24120658970025
65.64480495402685,67.71409908397095,69.72396196908547,71.694201583404,73.64463141301667,75.59506794664924,77.56532935448374,79.57523477302314,81.64460390798347,83.77343616669187,85.88244855577672,87.8725375099176,89.64459954871347,91.1413138861618,92.47249027831461,93.78972115076786,95.24459895382026,96.92258285390345,98.6445988310527,100.19102719322623,101.44459878193658,102.30590122707143,102.64459876884078,102.352960558988,101.44459878193658,99.97864457155916,98.07496182067973,95.86859761842405,93.49459906603306,91.06647261839882,88.61156211080936,86.1356707830252,83.64460199623576,81.1441593271577,78.64014673273181,76.13836883557704,73.64463141301667
65.87960421422451,67.97177137126695,70.01658912764142,72.0333405873516,74.04065648328074,76.05570118444481,78.0934429299526,80.16626549761496,82.28427006824032,84.44085820310151,86.56809525140301,88.58472969877883,90.41221055257492,92.01280004095827,93.49064095866437,94.97655536125518,96.58674883511607,98.37008715154047,100.16023404416815,101.77810851535929,103.18483423878313,104.33065376604857,104.86984123416727,104.43942843806389,103.18483423878313,101.36113610746152,99.15460343431933,96.7182773664378,94.18781550017256,91.66666428343848,89.1598875180158,86.6563698384166,84.15019050068179,81.6375976213229,79.11581715280315,76.58323390992868,74.04065648328074
64.18309225882717,66.25233297340964,68.26216343762314,70.23238295988381,72.18280012670058,74.13322857889148,76.10348478771232,78.1133868510729,80.18275382507466,82.31158471202161,84.42059626695695,86.41068473062349,88.18274648671617,89.67946066059946,91.01063694781149,92.32786774372008,93.78274548527754,95.46072933583545,97.18274527861155,98.72917361962386,99.98274519592985,100.84404763439596,101.18274517388448,100.89110696598489,99.98274519592985,98.51679100043638,96.6131082781385,94.40674412919907,92.03274567417569,89.60461939974614,87.14970919948365,84.67381841863403,82.18275060685525,79.68230967662116,77.1783001804691,74.67652779152397,72.18280012670058
63.07642952687972,65.1455929577167,67.15537651277948,69.12556696381492,71.07596580864649,73.02638256761243,74.99663125383202,77.00652846247687,79.07589230971361,81.20472121180987,83.31373155978375,85.30381931376475,87.07588066080359,88.5725945980185,89.90377073338774,91.22100141854096,92.67587907111906,94.35386285001698,96.07587874305723,97.6223070534506,98.87587861180822,99.73718104062513,100.07587857681337,99.78424037173997,98.87587861180822,97.4099244378509,95.50624175690874,93.2998776851147,90.92587937097618,88.49775334716301,86.04284359158345,83.56695360211378,81.0758872011136,78.57544878687469,76.07144377371894,73.56967935476777,71.07596580864649
62.48734242577818,64.56621482461333,66.590729751002,68.58055220102742,70.55508767726003,72.53311759597804,74.53244762689727,76.56968652708422,78.66033786101542,80.80137592057253,82.91842642240982,84.92025659708426,86.71695915615314,88.26032946726711,89.65842896589012,91.05415179912818,92.5827442664813,94.31151952752366,96.06672128074797,97.64823708452731,98.97801312407508,99.98446531747479,100.42824042341263,100.06362394059425,98.97801312407508,97.3361632700323,95.2893248890949,92.9777680088016,90.53392177812641,88.06492686156611,85.58744274474023,83.0995894701602,80.6019956430195,78.09631482497497,75.58465675236839,73.06966545391147,70.55508767726003
45.395643754695485,47.45873184381259,49.46482362827554,51.43272456510065,53.38167982758041,55.33117502764608,57.30083074276838,59.31034523358804,61.37946256659592,63.50813497566543,65.61705015950473,67.60708195660341,69.37911105046567,70.87580632668306,72.20697048940261,73.5241924415871,74.97906307820085,76.65704120674872,78.37905317814183,79.92547907424233,81.17904921737933,82.0403508853586,82.37904816132311,82.08741017909213,81.17904921737933,79.71309674153959,77.80941732147907,75.60305933255603,73.2290721270951,70.80096586414774,68.34609117117051,65.87026358014968,63.37930841347398,60.87906836835971,58.375416786269724,55.87428063485939,53.38167982758041
46.39565791692402,48.46003924946275,50.4669175880607,52.435306584172594,54.38456968141307,56.33426144015958,58.30404364704032,60.3136397859015,62.382809712621295,64.51151551063397,66.62045099890705,68.6104947352554,70.3825307108771,71.87922996875157,73.2103966860568,74.5276205015848,75.98249263518892,77.66047196934858,79.38248477750192,80.92891118873936,82.18248163384169,83.04378346416075,83.38248079564914,83.09084276587032,82.18248163384169,80.71652879567498,78.8128486798412,76.606489393019,74.23249981730879,71.8043893380138,69.34950716381638,66.87366625911143,64.38268735922753,61.882404990812944,59.37867800575057,56.87740782812452,54.38456968141307
47.39637553191579,49.461784488811176,51.46928756281799,53.43806410714322,55.38757160338383,57.33741939954767,59.30730201476665,61.31696296252838,63.38617463484411,65.51490693443898,67.6238585386356,69.61391175127645,71.38595318899283,72.88265560712583,74.21382435201411,75.53104964648259,76.98592296825097,78.6639032593066,80.38591673159755,81.93234355169974,83.18591423647219,84.04721619564046,84.38591357119822,84.09427550368062,83.18591423647219,81.71996111072625,79.81628044265648,77.60992012568994,75.2359286687082,72.80781484288514,70.35292673080605,67.8770752589183,65.3860775216439,62.885761560155544,60.381974724392165,57.88059815958201,55.38757160338383
48.39765218573153,50.46387751085657,52.47187671954178,54.44096097158899,56.39066249180419,58.34063415302566,60.310596469806995,62.32030885945568,64.38955366649452,66.51830700088823,68.62727139648061,70.61733213052517,72.38937790353324,73.88608282997467,75.21725318416114,76.53447965246784,77.98935391728423,79.66733496782948,81.38934896724717,82.93577611186564,84.18934698686445,85.05064904830047,85.38934645883612,85.09770836136524,84.18934698686445,82.72339363286667,80.81971252648668,78.61335139189335,76.23935844174324,73.81124195977233,71.35634913477244,68.88048927564017,66.38947658691072,63.88913396192186,61.38529962053261,58.883838609539055,56.39066249180419
49.399372995733195,51.466246740917285,53.47463990965447,55.4439684591282,57.39382400422764,59.34389398860088,61.313919569223714,63.32367279023316,65.39294389708878,67.52171392711523,69.63068847535774,71.62075517918552,73.39280439313225,74.88951131042548,76.2206829419155,77.53791034189973,78.99278535521469,80.67076700856774,82.39278142636644,83.93920882855377,85.19277985453542,86.05408199714137,86.392779435439,86.10114131419417,85.19277985453542,83.72682631937394,81.82314486510676,79.61678308156215,77.24278894628212,74.81467035612107,72.35977379046021,69.8839072743261,67.39288271848761,64.89251893024843,62.38864688230035,59.8871188421562,57.39382400422764
50.40144661457005,52.468835306315256,54.477541273364295,56.44706376572522,58.39704157807034,60.3471896087575,62.31726540486649,64.3270510349505,66.3963430164694,68.52512629801845,70.63410890449566,72.62418034656952,74.39623229160065,75.8929407890378,77.22411343432613,78.54134157378425,79.99621718118347,81.67419931298568,83.39621406285374,84.94264166947369,86.19621281529048,87.05751502232111,87.3962124826534,87.1045743425392,86.19621281529048,84.73025913633927,82.82657740595374,80.6202151073359,78.24622003141678,75.81809976798141,73.36320023334767,70.88732843352147,68.39629445866964,65.89591387288552,63.39201189639118,60.890430652547536,58.39704157807034
51.403800435703715,53.47159802692859,55.480552332759785,57.45022878535063,59.400303652371335,61.35051363298044,63.320629287000656,65.33044064094148,67.39974919099706,69.52854299040635,71.63753199275337,73.62760719559193,75.39966130829231,76.8963710598929,78.22754450983456,79.5447732362141,80.99964931513867,82.67763182668645,84.39964684011824,85.94607460899647,87.19964584992651,88.06094810809103,88.39964558591228,88.10800743082142,87.19964584992651,85.73369205684929,83.83001010730844,81.62364739987652,79.24965157737111,76.82152998585536,74.36662809474102,71.89075210122917,69.3997106504494,66.89931673227997,64.39539100095939,61.893767527656166,59.400303652371335
52.50637676561263,54.574499017893345,56.5836504748376,58.55344914317189,60.50360104953225,62.45386020267567,64.42400749310869,66.43383926456526,68.50316096526952,70.63196311278546,72.74095719156591,74.7310353793357,76.5030912125201,77.9998019595524,79.33097604814856,80.6482052403683,82.10308169354298,83.78106450649514,85.50307972911766,87.04950762678041,88.30307894320188,89.16438124195142,89.50307873365367,89.2114405666758,88.30307894320188,86.83712505954279,84.93344293605821,82.72707990415023,80.35308348907856,77.92496084346362,75.4700570820061,72.99417775995335,70.50313037549284,68.00272587529815,65.49878128942981,62.997124297539514,60.50360104953225
53.50912977149821,55.57750978137585,57.586817745298475,59.556713427313724,61.50692648424412,63.4572246674486,65.4273970684547,67.43724504560481,69.5065771841071,71.63538595756722,73.74438406553325,75.73446462245101,77.50652182118694,79.00323335829484,80.33440795379184,81.6516375157494,83.10651426596675,84.7844973181438,86.50651270680116,88.05294070668026,89.30651208301938,90.16781441398122,90.50651191670083,90.21487374028825,89.30651208301938,87.84055812746537,85.93687586592151,83.73051257647666,81.3565156910846,78.92839220882996,76.47348696287796,73.997604998954,71.5065529049073,69.00614000568811,66.50218045474759,64.00049685848012,61.50692648424412
54.51202304972698,56.58060768854638,58.59003988980621,60.56001257854976,62.51027417349539,64.46060333601054,66.43079566775512,68.44065650756207,70.5099969306265,72.63881096313196,74.7478122690759,76.73789470639173,78.50995298896808,80.00666515316004,81.33784015098477,82.65507000640363,84.10994699238398,85.78793023443399,87.50994575487329,89.0563738358816,90.30994525977735,91.17124761630615,91.50994512777021,91.21830694386932,90.30994525977735,88.84399124716029,86.94030887603873,84.73394538218668,82.35994812350094,79.93182397720449,77.47691755300715,75.00103349222451,72.50997766016371,70.00955809459313,67.50558666573612,65.00388195314659,62.51027417349539
55.515027690251,57.583774772535435,59.59330559216623,61.56333940554961,63.51363952689216,65.46399327841479,67.43420142948897,69.44407247851268,71.51341947708653,73.64223768371792,75.75124152790562,77.74132545769697,79.51338460051903,81.0100972624283,82.34127257958093,83.65850266792025,85.11337984102587,86.79136323377821,88.51337885881293,90.0598070042135,91.31337846585498,92.17468084267631,92.5133783610809,92.22174017123649,91.31337846585498,89.84742440794702,87.94374194985353,85.73737829376333,83.36338073879415,80.93525606544708,78.48034870607498,76.00446298101187,73.51340418207917,71.01297932539592,68.50899846894791,66.00727699606176,63.51363952689216
56.51812073677176,58.58699676902407,60.59660586912105,62.56668819990952,64.51701890077524,66.46739216905478,68.43761287612307,70.44749202828265,72.51684424587212,74.6456657655213,76.75467162431887,78.74475673869046,80.5168165642906,82.01352962123856,83.34470519184205,84.6619354650505,86.1168127866776,87.79479629904245,89.51681200709461,91.0632402036034,92.3168116952037,93.17811408813117,93.5168116120444,93.2251734174827,92.3168116952037,90.85085760134824,88.94717507422511,86.7408112893664,84.36681349923683,81.93868840756926,79.4837803059479,77.00789325994293,74.51683210619723,72.01640304993873,69.51241471075485,67.0106799350482,64.51701890077524
57.62128396232218,59.69026235389104,61.699933589653824,63.67005443046243,65.62040940300581,67.57079816202828,69.54102883491159,71.55091441858173,73.62027077852571,75.74909492772636,77.85810238552361,79.84818844009816,81.62024880761999,83.11696217811054,84.44813794987817,85.76536836981744,87.2202458093261,88.8982294166275,90.62024519057064,92.16667342764404,93.42024494302265,94.2815473487336,94.62024487701909,94.32860667871321,93.42024494302265,91.95429082063568,90.05060823872368,87.84424435166133,85.47024637488478,83.04212095119593,80.58721226045063,78.11132416601232,75.62026114324708,73.11982875377316,70.61583447550521,68.11408914123943,65.62040940300581
58.62450289602684,60.69356253758508,62.70328309324232,64.6734345005642,66.62380873798814,68.57420979219951,70.54444837502844,72.55433906342165,74.62369871116665,76.7525249474484,78.86153367437433,80.8516204751891,82.62368127283469,84.12039489218428,85.45157082361604,86.7688013600156,88.22367889308697,89.90166257573955,91.62367840198043,93.17010667124995,94.42367820550145,95.28498062135866,95.62367815311438,95.33203995183675,94.42367820550145,92.95772406046899,91.05404143507103,88.84767746688959,86.47367934197122,84.04555365475676,81.59064449642332,79.11475556984232,76.6236910636332,74.12325602857794,71.61925703643522,69.11750332177034,66.62380873798814
59.72776604974682,61.796890184092646,63.8066498867299,65.77682555539614,67.72721508364138,69.67762589666282,71.64787075766571,73.65776549769917,75.72712775498111,77.8559556477832,79.96496538201832,81.95505277512478,83.72711391415997,85.22382773102916,86.55500378918643,87.87223441802062,89.32711202535276,91.00509576781161,92.72711163556123,94.27353993038486,95.52711147961575,96.38841390352604,96.7271114380361,96.43547323439978,95.52711147961575,94.06115731660958,92.15747465669676,89.95111062413105,87.57711238163245,85.1489864852576,82.69407695579902,80.21818736874549,77.72712168512491,75.2266845502663,72.72268181670567,70.22092145047255,67.72721508364138
60.831064303703585,62.900239628924766,64.91003040364555,66.8802253289862,68.83062699373787,70.7810455524027,72.75129539642455,74.76119335225877,76.83055768073635,78.95938688832138,81.06839742205904,83.05848528526795,84.83054669526436,86.32726066890497,87.65843682764438,88.97566752984402,90.43054519611698,92.10852898604409,93.8305448867392,95.37697320184515,96.6305447629652,97.49184719326723,97.8305447299634,97.53890652445503,96.6305447629652,95.16459058569326,93.26090789838602,91.05454381471847,88.68054547889635,86.25241941651072,83.79750959248989,81.3216194812187,78.83055286308522,76.33011406160898,73.82610835847484,71.32434271286263,68.83062699373787
61.934390418492825,64.00360637577575,66.01342181312168,67.98363202276745,69.93404332037996,71.88446802681055,73.85472182587543,75.8646223340999,77.93398830648951,80.06281855761966,82.17182972592332,84.16191796225297,85.93397958731148,87.43069368538171,88.76186992395321,90.07910068438304,91.53397839743735,93.21196222504008,94.93397815188405,96.48040648308806,97.73397805364456,98.59528048901973,98.93397802745102,98.64233982045677,97.73397805364456,96.26802386504988,94.36434115599967,92.15797703177256,89.7839786218795,87.35585242773107,84.9009423699159,82.42505184257274,79.93398448271536,77.43354435844219,74.92953629835085,72.4277664624764,69.93404332037996
63.03773864754584,65.10698685567488,67.11682186819787,69.08704420917637,71.03746315246447,72.98789273840802,74.95814967660411,76.96805221066676,79.03741948783215,81.16625056722529,83.27526223918463,85.26535077166051,87.03741256741398,88.53412676424405,89.86530306617834,91.1825338728255,92.6374116230102,94.31539548051606,96.03741142811442,97.58383977209549,98.83741135014168,99.69871378954338,100.03741132935187,99.74577312117827,98.83741135014168,97.37145715256013,95.46777442625249,93.26141026983325,90.88741180115007,88.45928550242137,86.00437525904353,83.52848440146371,81.03741645289936,78.53697527872056,76.0329653479078,73.53119218620972,71.03746315246447
64.24110442939865,66.31037823577034,68.32022878539792,70.29046075512977,72.24088576683798,74.1913192256712,76.16157865540461,78.17148279737906,80.24085111014686,82.36968284693326,84.47869491864454,86.46878368617192,88.24084561740608,89.73755989262189,91.06873624484727,92.38596708817715,93.84084486783226,95.51882874907228,97.24084471314339,98.78727306726559,100.04084465125636,100.90214709385393,101.24084463475548,100.94920642564585,100.04084465125636,98.57489044654194,96.67120770653709,94.46484352456693,92.09084500922197,89.66271862748786,87.20780823682884,84.73191711713993,82.24084870131834,79.74040669382825,77.23639527822087,74.73461947680835,72.24088576683798
65.64448414335702,67.7137782675267,69.72364114913643,71.69388076128297,73.64431058952674,75.59474712228567,77.56500852955817,79.57491394773487,81.6442830824616,83.77311534102171,85.8821277300164,87.87221668410426,89.64427872286959,91.1409930603002,92.47216945244165,93.78940032488663,95.24427812793242,96.92226202801024,98.64427800515577,100.19070636732704,101.44427795603602,102.30558040117015,102.64427794293925,102.35263973308668,101.44427795603602,99.97832374566022,98.07464099478386,95.86827679253392,93.4942782401535,91.06615179253797,88.61124128498173,86.1353499572567,83.64428117057265,81.14383850168254,78.63982590759161,76.1380480110323,73.64431058952674
65.88196544056777,67.97412178473846,70.0189230921358,72.03565285266623,74.04294251518795,76.05795783114868,78.09566934590453,80.16846414593181,82.28644752552964,84.44302367280316,86.57025289149163,88.58687599262838,90.41433338076735,92.01487968389786,93.49266135849129,94.97851005112946,96.5886452374296,98.37194518559043,100.16206775694634,101.77991712980673,103.18659042241757,104.33231732108305,104.87144306612194,104.44107268898495,103.18659042241757,101.36301770805571,99.15659958471538,96.72036598997012,94.18996989829155,91.66885892520301,89.16210497458151,86.65859955856777,84.15242696116151,81.63983951801939,79.11806702620606,76.58549769050768,74.04294251518795
64.18559591241038,66.25483670282779,68.26466721307044,70.23488676385665,72.18530394865144,74.13573241231597,76.10598862851816,78.11589069664228,80.18525767371207,82.31408856260657,84.42310011872621,86.41318858308914,88.18525033958316,89.68196451369869,91.01314080105968,92.33037159707695,93.78524933872174,95.46323318934996,97.18524913217485,98.73167747321723,99.98524904954081,100.84655148801642,101.18524902750814,100.89361081960578,99.98524904954081,98.51929485402621,96.61561213168774,94.40924798267262,92.03524952751103,89.60712325283555,87.15221305213672,84.67632227051058,82.18525445734753,79.68481352464471,77.18080402409385,74.67903162732841,72.18530394865144
63.0789330629504,65.1480966141587,67.15788024228468,69.12807073860031,71.07846961196962,73.02888638914862,74.99913508708525,77.00903230329172,79.07839615539865,81.20722506058647,83.3162354104403,85.3063231655267,87.07838451320265,88.57509845078619,89.90627458639193,91.22350527171768,92.6783829244344,94.35636670344391,96.07838259656164,97.6248109070027,98.87838246538827,99.7396848942202,100.0783824304136,99.78674422533578,98.87838246538827,97.41242829139742,95.50874561039083,93.3023815384766,90.92838322411868,88.50025719991515,86.04534744364295,83.56945745294067,81.07839104974309,78.57795263158528,76.0739476114469,73.57218318008185,71.07846961196962
62.48978692889317,64.56865463252653,66.59316236092758,68.58297521169573,70.5574989222049,72.5355154481462,74.53483145958512,76.57205726132364,78.66269845321341,80.80373071855516,82.92077741345028,84.92260203948521,86.71929300211448,88.26264153485204,89.66071020007124,91.05639746975751,92.58495711803602,94.3137100877,96.06889741643053,97.6503980884819,98.98014168214519,99.98653362691041,100.43026635634865,100.06567919588656,98.98014168214519,97.33836758826851,95.29159317046691,92.98008465274441,90.53627118760642,88.06729568803931,85.5898223745548,83.10197484727775,80.60438416139219,78.09870586781341,75.58705148492534,73.0720665784827,70.5574989222049
45.39871112250334,47.46180365172053,49.467898137308794,51.43580075043566,53.384757070309675,55.33425294558188,57.30390909523716,59.313423866546344,61.382541380234784,63.51121390400988,65.62012915760417,67.61016099571978,69.38219011322418,70.87888540312049,72.21004957461628,73.52727153320224,74.98214217495888,76.66012030764861,78.38213228191641,79.92855817978665,81.18212832396108,82.04342999249806,82.38212726865329,82.09048928625899,81.18212832396108,79.71617584687655,77.81249642442572,75.60613843104375,73.23215121743985,70.80404494000732,68.34917022132848,65.87334258456889,63.38238733635873,60.88214714584569,58.37849530471749,55.8773586928866,53.384757070309675
46.39872769973686,48.46311256088623,50.469993045079455,52.43838337234399,54.38764730910832,56.33733960387647,58.307122155691275,60.31671851719557,62.385888587329035,64.5145944763865,66.62353002002524,68.61357378892916,70.38560978331577,71.88230905204725,73.21347577631823,74.5306995969271,75.98557173461316,77.66355107206022,79.3855638824952,80.9319902951373,82.185560741063,83.04686257182473,83.38555990346451,83.09392187355604,82.185560741063,80.71960790190832,78.81592778417732,76.60956849381608,74.2355789116428,71.80746842085084,69.35258622625396,66.87674528524568,64.38576632064662,61.8854838368249,59.38175664615105,56.88048610304874,54.38764730910832
47.399447234227985,49.46485899462381,51.47236377266957,53.441141373954395,55.39064953669536,57.34049775836907,59.31038064739079,61.32004177187605,63.38925355802397,65.51798592988298,67.62693757802406,69.61699081650451,71.3890322691147,72.88573469586495,74.21690344628196,75.53412874478315,76.98900206979135,78.66698236345621,80.3889958375581,81.93542265877514,83.18899334420111,84.05029530372076,84.38899267939867,84.09735461177817,83.18899334420111,81.72304021767104,79.81935954809543,77.61299922831996,75.23900776620847,72.81089393126024,70.35600580298998,67.88015430228802,65.38915651364837,62.88884046055881,60.38505346159346,57.883676606679245,55.39064953669536
48.40072541326094,50.466952965317546,52.47495352717959,54.44403861840283,56.39374066772672,58.34371266671921,60.31367520083582,62.32338773075739,64.39263262814782,66.52138601989878,68.63035045037032,70.62041120492393,72.39245698975331,73.8891619230343,75.2203322816089,76.53755875311639,77.99243302050425,79.6704140731204,81.39242807397544,82.9388552194788,84.19242609499632,85.0537281567112,85.3924255673422,85.10078746978964,84.19242609499632,82.72647274037612,80.82279163280097,78.6164304959782,76.24243754175654,73.81432105254302,71.35942821469212,68.88356833268988,66.39255560319125,63.892212905496876,61.38837843456908,58.88691719330383,56.39374066772672
49.40244743490693,51.46932294873777,53.47771719192093,55.447046407617165,57.3969023727379,59.34697262522765,61.316998378360864,63.32675171070956,65.39602288927917,67.5247929648308,69.63376754075719,71.62383426086315,73.39588348419247,74.89259040691425,76.22376204188718,77.54098944441188,78.9958644597678,80.67384611476454,82.39586053370405,83.94228793659371,85.19585896298705,86.05716110581437,86.39585854418766,86.104220422878,85.19585896298705,83.7299054273316,81.8262239721158,79.61986218680167,77.24586804829009,74.81774945238053,72.36285287651981,69.88698634223366,67.39596175403635,64.89559790808974,62.391725757323684,59.890197534402716,57.3969023727379
50.40452201610681,52.47191211234036,54.48061893244801,56.45014195369596,58.400120099454725,60.3502683429634,62.32034427600108,64.33012999445802,66.39942203289749,68.52820535058038,70.63718797903049,72.62725943402437,74.39931138650252,75.8960198882483,77.22719253630103,78.54442067777552,79.99929628679465,81.67727841990146,83.39929317067501,84.94572077785239,86.19929192399594,87.06059413120224,87.39929159159462,87.10765345142894,86.19929192399594,84.73333824465266,82.82965651351421,80.6232942134919,78.24929913500789,75.82117886700992,73.36627932428051,70.890407510047,68.39937350951175,65.89899287792458,63.39509081982155,60.8935094309015,58.400120099454725
51.4068766014975,53.47467530791465,55.483630290989254,57.45330716342474,59.40338229510279,61.35359244463936,63.32370820734441,65.3335196314287,67.4028282266629,69.53162205475192,71.64061107453897,73.63068628763219,75.40274040624328,76.89945016126367,78.23062361339944,79.54785234137935,81.00272842158964,82.68071093417291,84.40272594832336,85.94915371764404,87.20272495883344,88.06402721713738,88.40272469500631,88.1110865398746,87.20272495883344,85.736771165445,83.83308921530657,81.62672650675994,79.25273068221875,76.82460908708165,74.36970718954178,71.89383118459477,69.40278971342994,66.90239575890621,64.3984699628115,61.89684637435708,59.40338229510279
52.50945353826803,54.57757667596056,56.586728670540595,58.55652767214785,60.50667978858375,62.45693907581186,64.4270864525109,66.43691827964153,68.50624001620457,70.63504218648383,72.74403627910647,74.73411447501545,76.50617031289119,78.00288106263775,79.33405515297537,80.65128434646533,82.10616080066052,83.78414361443453,85.50615883762745,87.05258673564137,88.30615805226871,89.16746035112891,89.50615784286899,89.21451967585872,88.30615805226871,86.84020416836262,84.93652204440372,82.730159011611,80.35616259492352,77.92803994643432,75.47313617987685,72.99725684874798,70.50620944810775,68.0058049190584,65.501860281778,63.0002031984896,60.50667978858375
53.51220702599048,55.58058773879836,57.589896129510436,59.55979207607109,61.51000529974918,63.4603035893811,65.43047605885835,67.44032408019773,69.50965624716142,71.6384650386889,73.74746315764155,75.73754372101939,77.50960092347884,79.00631246274108,80.33748705962026,81.65471662258602,83.10959337361334,84.7875764264427,86.50959181555278,88.05601981571061,89.3095911922131,90.17089352326279,90.50959102601242,90.21795284957413,89.3095911922131,87.84363723646305,85.93995497454273,83.73359168439563,81.35959479772114,78.93147131318517,76.47656606318535,74.00068409205765,71.50963198516904,69.00921906304774,66.50525947130096,64.00357580248917,61.51000529974918
54.51510068676086,56.583685883608794,58.593118423654246,60.563091322384324,62.5133530496844,64.46368229667378,66.4338746827651,68.44373555764551,70.51307600329997,72.64189005014558,74.7508913648096,76.74097380725283,78.51303209278456,80.00974425868641,81.34091925760819,82.65814911382725,84.11302610045047,85.79100934301822,87.51302486381687,89.05945294504636,90.3130243690718,91.17432672567031,91.51302423715822,91.22138605323693,90.3130243690718,88.84707035629916,86.9433879848788,84.73702449046937,82.36302723076575,79.93490308265862,77.4799966552485,75.00411258874823,72.51305674649481,70.01263716274667,67.5086657015014,65.00696093133243,62.5133530496844
55.518105630976066,57.58685315623889,59.59638424479088,61.566418224851205,63.516718451247755,65.46707226981933,67.43728046402923,69.44715154089107,71.51649855739477,73.64531677540796,75.75432062651686,77.74440456037782,79.51646370554556,81.01317636881194,82.34435168683532,83.66158177580976,85.11645894942563,86.79444234258892,88.51645796790882,90.06288611348498,91.31645757522939,92.17775995210603,92.5164574705295,92.22481928066895,91.31645757522939,89.85050351719791,87.94682105886727,85.7404574023347,83.3664598465576,80.93833517177342,78.48342780985132,76.00754208025015,73.5164832732275,71.01605840211668,68.51207751996188,66.01035600137426,63.516718451247755
56.52119891857936,58.59007530246848,60.59968461602527,62.56976707911194,64.52009786336173,66.47047118485915,68.44069192616473,70.45057110041964,72.5199233322401,74.64874486092307,76.75775072521398,78.74783584281562,80.51989567027752,82.01660872830266,83.34778429959724,84.6650145733098,86.11989189534188,87.79787540803287,89.51989111631141,91.06631931295954,92.31989080464155,93.18119319761293,93.5198907215412,93.2282525269666,92.31989080464155,90.85393671068806,88.9502541833767,86.74389039816688,84.36989260739608,81.94176751458785,79.48685941094257,77.01097236133572,74.51991120116902,72.0194821334593,69.51549377387182,67.0137589618915,64.52009786336173
57.624362335504,59.6933410061953,61.70301241139191,63.67313335720985,65.62348839593689,67.57387719719908,69.54410789725684,71.55399349846414,73.62334986970332,75.7521740260741,77.86118148823147,79.8512675453697,81.62332791436921,83.12004128571472,84.45121705803088,85.76844747837023,87.22332491820035,88.90130852576058,90.62332429988342,92.16975253706741,93.42332405251086,94.28462645825667,94.62332398655407,94.33168578823798,93.42332405251086,91.9573699300461,90.05368734798469,87.84732346064366,85.47332548335817,83.04520005876395,80.59029136641227,78.11440326911517,75.62334024125356,73.1229078426908,70.61891354822836,68.11716818517195,65.62348839593689
58.6275814211194,60.696641284235014,62.70636197437868,64.67651346504914,66.62688775500415,68.57728884274164,70.5475274471391,72.55741814945168,74.62677780616168,76.7556040481344,78.86461277852094,80.85469958137051,82.62676038018894,84.12347400021709,85.45464993208424,86.77188046880136,88.22675800212784,89.90474168498588,91.62675751136936,93.1731857807267,94.42675731502962,95.2880597309145,95.62675726267969,95.33511906139395,94.42675731502962,92.96080316993545,91.0571205444189,88.85075657601627,86.47675845069395,84.04863276276092,81.59372360315248,79.11783467430243,76.62677016404831,74.12633512177922,71.62233611678292,69.1205823792667,66.62688775500415
59.730844695421695,61.79996900562888,63.80972881501232,65.77990454983403,67.73029411977386,69.68070495940529,71.65094983752726,73.66084458860854,75.73020685300604,77.85903475032507,79.96804448730684,81.95813188202833,83.73019302199444,85.22690683940219,86.55808289790501,87.87531352699126,89.33019113452589,91.00817487714781,92.73019074501062,94.27661903990392,95.53019058917567,96.39149301310792,96.73019054762548,96.43855234398275,95.53019058917567,94.06423642612047,92.16055376611354,89.95418973337226,87.58019149055303,85.15206559360789,82.69715606313736,80.22126647428287,77.73020078745178,75.22976364686753,72.72576090310497,70.22400051873463,67.73029411977386
60.83414304509144,62.90331850990091,64.91310936934886,66.88330434719818,68.83370604504327,70.78412462482862,72.75437448243798,74.76427244704092,76.83363678116612,78.96246599233623,81.07147652825392,83.06156439274469,84.83362580347998,86.33033977754805,87.66151593656173,88.9787466389614,90.43362430539506,92.11160809545163,93.83362399623657,95.3800523113978,96.63362387255032,97.49492630286977,97.8336238395719,97.54198563405839,96.63362387255032,95.16766969523945,93.26398700785752,91.05762292405063,88.68362458797404,86.25549852513575,83.80058870031169,81.32469858761111,78.83363196692943,76.33319316090873,73.82918744967732,71.32742178966953,68.83370604504327
61.93746923585235,64.006685303931,66.0165008085266,67.9867110598492,69.93712238372825,71.88754710692231,73.85780091677162,75.86770143195582,77.937067408828,80.06589766280362,82.1749088328376,84.16499707018465,85.9370586958296,87.43377279423912,88.7649490330283,90.0821797936169,91.53705750679877,93.2150413345042,94.93705726141951,96.48348559266744,97.73705716324966,98.59835959863864,98.93705713707467,98.64541893007637,97.73705716324966,96.2711029746241,94.36742026551458,92.16105614117689,89.78705773108186,87.35893153657412,84.90402147812148,82.42813094964379,79.9370635877639,77.4366234598838,74.93261539336561,72.43084554606534,69.93712238372825
63.040817525206776,65.11006582127723,67.11990088717741,69.09012326123522,71.04054222537127,72.99097182462006,74.96122877137579,76.97113131096239,79.04049859168558,81.16932967333722,83.27834134666988,85.26842987995326,87.04049167617221,88.53720587327157,89.86838217537864,91.18561298215181,92.64049073243774,94.31847459002515,96.0404905376801,97.58691888169601,98.84049045976262,99.7017928991753,100.04049043898753,99.74885223081071,98.84049045976262,97.37453626215657,95.47085353580188,93.26448937929486,90.89049091045135,88.4623646114375,86.00745436755368,83.5315635090734,81.04049555890379,78.54005438186215,76.03604444594839,73.53427127518161,71.04054222537127
64.24418335492255,66.31345723109516,68.3233078230889,70.29353981907606,72.24396484733137,74.19439831672506,76.16465775325227,78.17456189961109,80.24393021520271,82.37276195378169,84.481774026583,86.47186279475125,88.24392472635486,89.74063900178443,91.07181535414693,92.38904619757683,93.8439239773123,95.52190785861703,97.24392382273305,98.79035217688292,100.0439237608899,100.90522620349618,101.2439237444007,100.95228553528852,100.0439237608899,98.57796955615603,96.67428681611382,94.467922634074,92.09392411860179,89.66579773664137,87.21088734558072,84.7349962251771,82.24392780808144,79.74348579831911,77.23947437866306,74.73769857005269,72.24396484733137
65.64756310687083,67.71685728644265,69.7267202016788,71.69695983466438,73.6473896760417,75.59782621718249,77.56808762984721,79.57799305150385,81.64736218847183,83.77619444845467,85.88520683831453,87.8752957929111,89.6473578319696,91.14407216956991,92.47524856182017,93.79247943434453,95.24735723745411,96.92534113758329,98.64735711476447,100.19378547695769,101.44735706567954,102.3086595108206,102.64735705259207,102.35571884273746,101.44735706567954,99.98140285528831,98.07772010438231,95.87135590207708,93.49735734959566,91.06923090180048,88.61432039392551,86.1384290656332,83.64736027793793,81.14691760724433,78.64290500993997,76.1411271076677,73.6473896760417
65.88494031869567,67.97708876061533,70.02187804672403,72.03859194887715,74.04586243909594,76.06085627907171,78.09854569961644,80.17132020537233,82.28928809713128,84.44585548300549,86.57307897922179,88.58969378763885,90.41713402511985,92.0176487644491,93.4953871377792,94.98118780129325,96.59128038263694,98.37455228519657,100.1646570784946,101.78248810511164,103.18912307153542,104.33478225803945,104.87386288168265,104.44352351418316,103.18912307153542,101.36564203387408,99.15930763960606,96.72314163441894,94.19279361654031,91.67171205639364,89.16497478025525,86.66147832717384,84.15531065596801,81.64272718590055,79.12096052387041,76.58840135220015,74.04586243909594
64.18867477620194,66.25791565981733,68.26774622662782,70.2379658124708,72.1883830193598,74.13881149712496,76.10906772239846,78.11896979637679,80.18833677721709,82.31716766850505,84.42617922608017,86.41626769129886,88.18832944828615,89.68504362268706,91.01621991023116,92.333450706382,93.78832844813408,95.46631229884872,97.18832824173359,98.73475658281288,99.9883281591581,100.84963059764534,101.18832813714106,100.8966899292353,99.9883281591581,98.52237396361755,96.61869124122921,94.41232709212105,92.03832863678957,89.61020236181187,87.15529216057682,84.67940137799638,82.18833356313209,79.68789262739531,77.18388312143851,74.68211071506221,72.1883830193598
63.082011782323946,65.15117548146358,67.16095919938118,69.13114975134425,71.08154865978528,73.03196545934739,75.00221417168375,77.01211139718312,79.08147525527531,81.21030416426254,83.31931451642673,85.30940227287162,87.08146362133058,88.57817755936715,89.90935369526356,91.22658438080131,92.68146203368832,94.35944581283505,96.08146170604797,97.62789001654764,98.88146157496757,99.74276400381798,100.08146154001767,99.78982333493447,98.88146157496757,97.4155074009355,95.51182471984976,93.30546064778784,90.93146233316023,88.50333630847699,86.04842655135357,83.57253655913641,81.08147015323831,78.58103173026439,76.07702670154467,73.57526225492344,71.08154865978528
62.49282266611851,64.57168693852775,66.59618940667197,68.58599524232272,70.56051035442898,72.53851709286607,74.53782285874681,76.5750390879736,78.66567286789687,80.80670089871973,82.92374481142632,84.92556538239837,86.72224787007579,88.26558048655583,89.66362661760947,91.05928789582329,92.58782355809204,94.31656023579478,96.07173702210804,97.65322663478133,98.98294651438471,99.98929442379234,100.43299617987343,100.0684304514358,98.98294651438471,97.34122779164814,95.29450012154165,92.98302694899232,90.5392374297456,88.07027612046541,85.59281070220902,83.10496737512493,80.60737898489948,78.101702536223,75.59005084981112,73.07507061469497,70.56051035442898
45.39836919877591,47.46146123320452,49.46755541778943,51.43545784411557,53.38441404615759,55.33390984618737,57.30356594741994,59.31308068747248,61.38219818102655,63.510870692019296,65.61978593784036,67.60981777138521,69.381846886255,70.878542174627,72.20970634514478,73.5269283030174,74.98179894420093,76.65977707642911,78.38178905037658,79.9282149480496,81.18178509210841,82.04308676058326,82.38178403671725,82.09014605434112,81.18178509210841,79.71583261516261,77.81215319297813,75.60579520009304,73.23180798739659,70.80370171157821,68.34882699576347,65.87299936410083,63.382044124976574,60.88180395066621,58.378152138404204,55.877015577880826,53.38441404615759
46.39838550689001,48.46276997482403,50.46965021992016,52.4380403988461,54.387304242057084,56.33699647709304,58.30677899046974,60.31637532716354,62.385545381315524,64.51425126022731,66.62318679769632,68.61323056297236,70.38526655526792,71.88196582278951,73.21313254628424,74.53035636632691,75.98522850355809,77.66320784063882,79.38522065081955,80.93164706330512,82.18521750913908,83.04651933985147,83.3852166714744,83.09357864158036,82.18521750913908,80.71926467009447,78.8155845525749,76.60922526260805,74.23523568115499,71.80712519164419,69.35224299932057,66.87640206235778,64.38542310497033,61.88514063400916,59.381413466247835,56.8801429638728,54.387304242057084
47.39910482747917,49.46451627546335,51.472020863617445,53.440798347118715,55.39030643558743,57.34015460984395,59.31003746835415,61.31969857314601,63.388910346608895,65.51764271041509,67.62659435365916,69.61664758926017,71.38868904021065,72.8853914660006,74.21656021580151,75.53378551385333,76.9886588385005,78.66663913187458,80.38865260577467,81.93507942686749,83.18865011222061,84.0499520717011,84.38864944736562,84.0970113797566,83.18865011222061,81.72269698577793,79.81901631637014,77.61265599690768,75.23866453536783,72.81055070143645,70.3556625749705,67.87981107747947,65.38881329456376,62.8884972516819,60.38471027090313,57.88333344831702,55.39030643558743
48.40038283654758,50.46661014044328,52.47461055151243,54.44369554922109,56.393397539583134,58.34336950093574,60.313332010833335,62.32304452512342,64.39228941244542,66.52104279780472,68.63000722438946,70.62006797665762,72.39211376016968,73.88881869268849,75.2199890507741,76.5372155219249,77.9920897890262,79.67007084141159,81.39208484210644,82.93851198751119,84.19208286297092,85.05338492465472,85.3920823352751,85.10044423773164,84.19208286297092,82.72612950842009,80.82244840097813,78.61608726440377,76.24209431063588,73.8139778222294,71.35908498581057,68.88322510635689,66.39221238140142,63.89186969180906,61.38803523531655,58.88657401971187,56.393397539583134
49.40210472317246,51.46898003991197,53.47737416336295,55.4467033048179,57.39655922313308,59.346629445744966,61.31665517965429,63.32640849959577,65.39567967017383,67.52444974065233,69.63342431349375,71.6234910317857,73.39554025406947,74.89224717618632,76.22341881077114,77.5406462130127,78.9955212281412,80.67350288295478,82.39551730176717,83.94194470457859,85.19551573092602,86.05681787372866,86.39551531209352,86.10387719079111,85.19551573092602,83.7295621953256,81.82588074021552,79.61951895509858,77.24552481694712,74.81740622167814,72.36250964695404,69.88664311469068,67.39561853009933,64.89525469058343,62.391382551275,59.88985434872198,57.39655922313308
50.40417919713022,52.47156913685291,54.480275861898974,56.44979882420978,58.399776932814206,60.349925152606886,62.32000107038573,64.32978677899473,66.39907881109121,68.52786212474747,70.63684475074902,72.62691620430314,74.39896815595142,75.89567665721708,77.22684930496173,78.54407744621153,79.99895305505015,81.67693518801158,83.39894993868424,84.94537754579949,86.19894869190662,87.06025089909335,87.39894835947905,87.10731021931909,86.19894869190662,84.73299501260703,82.8293132815525,80.6229509816867,78.24895590348851,75.82083563599898,73.3659360941717,70.89006428154366,68.3990302838705,65.89864965738745,63.394747608378594,60.89316623562529,58.399776932814206
51.406533697355,53.474332279499365,55.483287187104565,57.452964012754165,59.403039114939816,61.35324924565177,63.3233649962454,65.33317641251317,67.40248500271284,69.53127882760589,71.6402678454495,73.63034305740001,75.40239717535242,76.89910692999172,78.23028038188298,79.54750910968454,81.00238518975155,82.68036770221943,84.4023827162898,85.94881048556117,87.20238172672167,88.06368398501009,88.4023814628737,88.11074330774653,87.20238172672167,85.73642793336793,83.83274598329609,81.62638327487366,79.25238745055935,76.82426585582579,74.36936395900196,71.89348795532923,69.40244648643605,66.90205253596349,64.39812674708696,61.89650317146456,59.403039114939816
52.509110566499174,54.57723360552478,56.586385540192765,58.55618450466136,60.50633659768724,62.456595869973484,64.42674323705937,66.43657505798589,68.50589679055298,70.63469895829556,72.74369304937568,74.73377124437764,76.50582708173062,78.00253783117472,79.33371192131828,80.6509411146667,82.10581756874814,83.78380038243058,85.50581560555995,87.05224350353474,88.30581482013915,89.16711711898698,89.50581461072287,89.21417644371618,88.30581482013915,86.83986093626055,84.93617881235451,82.72981577966037,80.35581936315296,77.92769671498408,75.47279294899491,72.99691361887744,70.50586622004022,68.00546169420633,65.5015170626551,62.99985998955174,60.50633659768724
53.51186400052757,55.580244635003595,57.58955297815589,59.55944889523661,61.50966210033299,63.45996037810504,65.43013283995214,67.43998085636723,69.5093130201593,71.63812180967342,73.74711992740177,75.73720049005972,77.50925769210423,79.00596923112639,80.33714382785155,81.65437339070496,83.10925014164201,84.78723319439868,86.50924858345832,88.0556765835851,89.30924796006937,90.17055029110927,90.50924779385555,90.21760961742015,89.30924796006937,87.84329400434117,85.93961174246282,83.73324845239398,81.35925156586238,78.93112808158065,76.47622283203188,74.00034086170695,71.50928875624939,69.0088758366802,66.50491624948071,64.00323258875298,61.50966210033299
54.51475761866898,56.583342753332346,58.59277525562483,60.562748130954816,62.51300984350581,64.46333908108171,66.43353146111684,68.44339233208882,70.51273277522591,72.64154682047351,74.75054813416583,76.74063057603766,78.51268886124005,80.00940102695137,81.34057602575089,82.65780588188076,84.11268286843236,85.79066611094241,87.51268163170099,89.05910971290587,90.31268113691684,91.17398349350759,91.51268100499283,91.22104282107384,90.31268113691684,88.84672712416155,86.94304475277448,84.73668125842715,82.36268399883699,79.93455985093163,77.47965342387954,75.00376935801641,72.51271351689881,70.01229393517632,67.50832247754025,65.00661771378772,62.51300984350581
55.51776252904199,57.586510004941005,59.59604106352546,61.56607502501194,63.516375239701674,65.46672905080158,67.4369372402046,69.44680831396428,71.51615532846995,73.64497354521478,75.7539773955524,77.74406132895984,79.51612047386621,81.01283313698136,82.34400845490771,83.66123854381138,85.11611571737038,86.79409911048786,88.51611473577599,90.0625428813326,91.31611434306552,92.177416719936,92.51611423835739,92.22447604849862,91.31611434306552,89.8501602850478,87.9464778267436,85.74011417026031,83.36611661457326,80.93799193994923,78.48308457831126,76.00719884921583,73.51614004309468,71.01571517359162,68.51173429430148,66.01001278080668,63.516375239701674
56.52085578977997,58.58973213448405,60.599341424253694,62.569423872597554,64.51975464755535,66.47012796312237,68.44034870061267,70.45022787240538,72.51958010263999,74.64840163031627,76.75740749399503,78.74749261123671,80.51955243849115,82.01626549639624,83.34744106761383,84.6646713412702,86.11954866325716,87.79753217591181,89.51954788416512,91.06597608079772,92.31954757247061,93.1808499654371,93.51954748936367,93.22790929479055,92.31954757247061,90.85359347852804,88.94991095123768,86.74354716606699,84.36954937536763,81.94142428268651,79.48651617926679,77.01062913006129,74.51956797061014,72.01913890417651,69.51515054686271,67.01341573892458,64.51975464755535
57.624019185378614,59.69299782496559,61.70266921128113,63.67279014539723,65.62314517674902,67.5735339733042,69.54376467033373,71.55365026958675,73.62300663956724,75.75183079513903,77.8608382568105,79.85092431366304,81.62298468249789,83.11969805374814,84.45087382600315,85.76810424629792,87.22298168609221,88.90096529362364,90.62298106772643,92.1694093048981,93.42298082033432,94.28428322607627,94.62298075437232,94.33134255605736,93.42298082033432,91.95702669787822,90.05334411583347,87.8469802285235,85.47298225129472,83.0448568268014,80.58994813462873,78.11406003765018,75.6229970103565,73.12256461280656,70.61857032014882,68.11682496030066,65.62314517674902
58.62723825406566,60.69629809249177,62.706018767648786,64.67617024903122,66.62654453313235,68.57694561713382,70.54718421912779,72.55707491988922,74.62643457560021,76.75526081693874,78.86426954693962,80.85435634956247,82.62641714825021,84.12313076820274,85.45430670002135,86.7715372367031,88.22641477000116,89.90439845283629,91.62641427920389,93.17284254855142,94.42641408284865,95.28771649873042,95.62641403049456,95.33477582920973,94.42641408284865,92.96045993776131,91.05677731225799,88.85041334388,86.47641521860271,84.04828953074977,81.59338037128339,79.11749144268619,76.62642693288285,74.12599189141766,71.62199288785368,69.12023915288393,66.62654453313235
59.73050151493072,61.7996258055406,63.809385603028645,65.77956133047826,67.7299508957718,69.68036173243792,71.65060660865221,73.66050135850233,75.72986362210692,77.85869151892258,79.96770125559831,81.9577886501398,83.72984979000219,85.22656360734992,86.55773966581422,87.87497029487238,89.32984790238447,91.00783164498822,92.7298475128384,94.27627580772395,95.52984735699113,96.39114978092093,96.72984731543767,96.43820911179563,95.52984735699113,94.0638931939414,92.16021053394498,89.95384650122327,87.57984825843977,85.15172236155817,82.69681283120038,80.22092324254659,77.72985755607326,75.22942041612706,72.72541767350137,70.2236572911522,67.7299508957718
60.83379985393458,62.90297530318887,64.91276615319515,66.8829611251931,68.83336281935038,70.78378139678219,72.75403125287738,74.76392921650316,76.83329354999901,78.96212276076963,81.07113329644437,83.06122116079231,84.83328257144524,86.32999654546569,87.66117270444879,88.97840340682619,90.43328107324193,92.11126486328408,93.83328076405901,95.37970907921408,96.63328064036295,97.49458307068048,97.83328060738197,97.54164240186903,96.63328064036295,95.16732646305644,93.26364377568285,91.05727969189148,88.68328135584323,86.25515529305542,83.80024546832087,81.32435535577956,78.83328873538184,76.33284992986756,73.82884421953847,71.32707856113487,68.83336281935038
61.9371260362295,64.0063420919615,66.01615758906307,67.98636783574136,69.93677915669336,71.88720387801938,73.85745768666692,75.86735820107556,77.93672417744821,80.06555443110673,82.17456560094789,84.16465383818156,85.93671546376117,87.43342956213286,88.76460580089781,90.0818365614687,91.53671427463635,93.21469810233037,94.93671402923769,96.48314236048073,97.73671393106008,98.59801636644754,98.93671390488305,98.64507569788518,97.73671393106008,96.27075974243796,94.36707703333508,92.16071290900969,89.78671449893717,87.35858830446946,84.90367824608785,82.4277877177366,79.9367203560821,77.43628022860395,74.93227216280192,72.43050231677489,69.93677915669336
63.04047431886417,65.10972260513479,67.11955766508679,69.08978003545838,71.0401989972712,72.99062859503732,74.9608855408392,76.97078807981023,79.04015536013696,81.1689864415369,83.27799811471655,85.26808664790994,87.040148444077,88.53686264114636,89.86803894323417,91.1852697499933,92.64014750026796,94.3181313578463,96.04014730549493,97.58657564950694,98.8401472275713,99.70144966698274,100.04014720679456,99.74850899861809,98.8401472275713,97.37419302996797,95.47051030361854,93.26414614712128,90.89014767829565,88.46202137931357,86.00711113548613,83.53122027710619,81.04015232711546,78.53971115039286,76.03570121504754,73.53392804529133,71.0401989972712
64.24384014324629,66.31311401164054,68.32296459891316,70.29319659197452,72.24362161838592,74.19405508660277,76.16431452237293,78.17421866824316,80.2435869835201,82.3724187218993,84.48143079457914,86.471519562676,88.24358149423843,89.74029576964418,91.0714721219914,92.38870296541015,93.84358074513668,95.52156462643421,97.2435805905452,98.79000894469198,100.04358052869716,100.90488297130248,101.24358051220668,100.95194230309477,100.04358052869716,98.57762632396546,96.67394358392741,94.46757940189535,92.09358088643732,89.66545450450212,87.21054411348621,84.73465299316229,82.24358457620855,79.74314256669945,77.23913114749458,74.73735533968633,72.24362161838592
65.64721989096111,67.71651406435912,69.7263769758481,71.69661660651144,73.64704644642521,75.59748298663195,77.56774439869581,79.57764981996462,81.64701895668286,83.77585121650716,85.8848636062706,87.8749525608105,89.64701459983633,91.1437289374177,92.47490532965587,93.79213620217138,95.24701400527384,96.92499790539729,98.64701388257453,100.19344224476528,101.4470138334857,102.30831627862597,102.64701382039719,102.35537561054281,101.4470138334857,99.9810596230962,98.07737687219347,95.87101266989441,93.49701411742427,91.06888766964909,88.61397716180961,86.13808583358053,83.64701704599794,81.14657437550534,78.64256177855906,76.14078387692342,73.64704644642521
65.88460870384552,67.97675802653737,70.02154865252226,72.03826432223326,74.0455369493842,76.06053318306891,78.09822506624093,80.17100183401212,82.28897145206395,84.44553981449656,86.57276394854892,88.58937968128734,90.41682183041632,92.01734008793,93.4950832877699,94.98088930482763,96.59098663515672,98.37426166385767,100.1643684388205,101.7822015104438,103.188840749009,104.33450748333061,104.87359313667582,104.4432503125133,103.188840749009,101.36534949238975,99.15900576523222,96.72283222626862,94.19247884997391,91.67139401141921,89.16465487672815,86.66115742463299,84.1549892043507,81.642405291443,79.12063797962392,76.58807767507069,74.0455369493842
64.18833157140486,66.25757244463466,68.26740300514143,70.23762258707784,72.18803979150474,74.13846826769858,76.10872449196123,78.11862656528717,80.18799354570729,82.31682443672854,84.42583599414147,86.41592445926479,88.18798621619712,89.68470039056623,91.01587667808992,92.33310747422587,93.787985215966,95.46596906667102,97.1879850095492,98.73441335062437,99.98798492696719,100.84928736545311,101.1879849049484,100.89634669704301,99.98798492696719,98.52203073142951,96.61834800904673,94.41198385994896,92.03798540463639,89.60985912969238,87.15494892851707,84.67905814604299,82.18799033136827,79.68754939596957,77.1835398906152,74.6817674853099,72.18803979150474
63.08166859362029,65.15083227627503,67.16061598418658,69.13080652994853,71.08120543448129,73.03162223154911,75.00187094228082,77.01176816674462,79.08113202416983,81.20996093273368,83.31897128464043,85.30905904093393,87.08112038930562,88.57783432729171,89.90901046315572,91.22624114866986,92.68111880153789,94.35910258066933,96.08111847387164,97.62754678436478,98.8811183427809,99.74242077162924,100.08111830782823,99.78948010274561,98.8811183427809,97.4151641687534,95.51148148767649,93.30511741563102,90.93111910103346,88.50299307640368,86.04808331937512,83.57219332732677,81.0811269217296,78.58068849929236,76.07668347152892,73.5749190266078,71.08120543448129
62.492484268059044,64.57134892290206,66.59585197733898,68.585658594875,70.56017466533663,72.53818249466526,74.53748940249343,76.57470669865354,78.66534130470146,80.80636980749685,82.92341403030181,84.92523505324516,86.72191848552939,88.2652528760186,89.66330151871625,91.05896569393778,92.58750402969916,94.31624252331954,96.07142048470396,97.65291133007224,98.98263385288998,99.9889866705966,100.43269187907757,100.06812376174838,98.98263385288998,97.34090895840049,95.29417607777802,92.98269896567521,90.53890677744894,88.069943886543,85.59247758829957,83.10463379307063,80.60704514697579,78.10136849267052,75.58971650571539,73.07473574994401,70.56017466533663
45.39604895304352,47.45913762887653,49.4652297702671,51.43313092859938,53.38208633080367,55.33158162009144,57.30123739263314,59.31075192051682,61.379869277399905,63.50854170162668,65.61745689468343,67.60748869720209,69.37951779418844,70.87621307221339,72.20737723609264,73.52459918912302,74.97946982641633,76.65744795551151,78.3794599272845,79.92588582361884,81.17945596689293,82.04075763494592,82.3794549109356,82.08781692868305,81.17945596689293,79.71350349088871,77.80982407051232,75.60346608100008,73.22947887446315,70.80137260960171,68.34649791322825,65.87067031616348,63.37971513871378,60.87947507438645,58.37582345806702,55.8746872458165,53.38208633080367
46.39606343439134,48.460445233201725,50.46732385531943,52.43571302733038,54.3849762355059,56.33466806508257,58.30445031754306,60.314046485824406,62.38321643149496,64.51192224153834,66.62085773712747,68.6109014777777,70.38293745587904,71.87963671518816,73.21080343341384,74.52802724961322,75.98289938375672,77.66087871835077,79.38289152680562,80.92931793822868,82.1828883834398,83.04419021381736,83.38288754532576,83.0912495155298,82.1828883834398,80.71693554514255,78.81325542905806,76.60689614176823,74.23290656520399,71.80479608438975,69.34991390749676,66.87407299799466,64.38309408955928,61.88281170589474,59.37908469366275,56.877814467742496,54.3849762355059
47.39678130302628,49.46219063037716,51.46969392955634,53.43847061354869,55.38797819786096,57.33782605025186,59.30770870165128,61.317369672765324,63.38658136012289,65.51531366926682,67.62426527927025,69.61431849532556,71.38635993501,72.88306235428169,74.21423109990056,75.53145639490194,76.98632971709841,78.66431000849883,80.38632348102907,81.93275030127856,83.18632098613736,84.04762294535209,84.38632032092572,84.09468225339452,83.18632098613736,81.72036786028782,79.81668719201906,77.61032687468139,75.23633541702179,72.80822158999288,70.35333347577429,67.87748200007903,65.38648425601721,62.886168282424634,60.382381425095645,57.881004821951024,55.38797819786096
48.39805815838471,50.464283777777304,52.47228316527186,54.44136752820816,56.39106911834003,58.34104082419472,60.31100316969486,62.32071557787927,64.3899603968572,66.51871373883016,68.62767813903147,70.61773887578607,72.38978465035626,73.88648957770147,75.2176599324678,76.53488640119745,77.98976066635362,79.6677417171725,81.38975571678014,82.93618286151553,84.1897537365829,85.05105579805576,85.38975320860399,85.09811511112233,84.1897537365829,82.72380038250287,80.82011927596494,78.61375814107703,76.23976519038888,73.81164870746093,71.35675588076289,68.88089601860861,66.38988332449188,63.88954068989567,61.38570633138913,58.88424528996737,56.39106911834003
49.39977912849348,51.466653107387245,53.475046418102195,55.44437505561086,57.39423065621213,59.34430067601441,61.31432627943285,63.32407951515472,65.39335063148665,67.52212066752884,69.63109521942951,71.62116192540827,73.39321114059484,74.88991805860539,76.22108969055567,77.53831709087561,78.99319210446023,80.67117375803048,82.39318817597993,83.93961557826006,85.1931866042961,86.05448874693133,86.39318618523893,86.10154806398553,85.1931866042961,83.72723306906934,81.82355161467683,79.61718983089841,77.24319569519136,74.81507710427067,72.36018053726201,69.88431401872927,67.39328945861487,64.8929256627502,62.38905360121571,59.887525536919355,57.39423065621213
50.40185287449735,52.46924175183224,54.47794783160482,56.44747039385312,58.39744825025569,60.34759630906518,62.317672123268,64.32745776502965,66.39674975407006,68.52553304039387,70.63451564977457,72.62458709355568,74.39663903957089,75.89334753757737,77.224520183231,78.54174832295556,79.99662393056882,81.67460606254343,83.39662081253115,84.94304841922474,86.19661956508472,87.05792177213854,87.3966192324788,87.10498109235778,86.19661956508472,84.7306658860817,82.82698415559668,80.62062185679326,78.24662678053521,75.81850651649694,73.36360698079343,70.88773517906344,68.39670120081779,65.89632060898123,63.39241862170307,60.89083735868897,58.39744825025569
51.40420679662026,53.472004535207134,55.48095893052957,57.45063543859888,59.40071034059153,61.35092034352279,63.32103601190468,65.3308473751143,67.4001559311398,69.52894973433885,71.63793873899041,73.62801394318399,75.40006805666545,76.89677780871793,78.22795125894956,79.54517998554056,81.00005606463498,82.67803857631961,84.40005358984635,85.94648135878305,87.20005259974738,88.06135485793033,88.40005233575786,88.1084141806616,87.20005259974738,85.73409880662905,83.8304168570092,81.62405414943001,79.25005832665559,76.8219367346613,74.36703484269788,71.89115884767497,69.40011739420152,66.89972347122821,64.39579773134835,61.894174242828996,59.40071034059153
52.506783206720115,54.574905575999566,56.58405710398725,58.55385581636037,60.50400775048023,62.454266921341656,64.42441422317391,66.43424600198728,68.50356770742994,70.63236985795386,72.74136393856341,74.73144212740868,76.50349796121304,78.00020870860399,79.33138279743028,80.64861198981785,82.10348844312739,83.78147125618813,85.50348647888603,87.04991437659518,88.3034856930439,89.16478799180805,89.50348548351528,89.21184731653312,88.3034856930439,86.83753180935214,84.93384968580487,82.72748665378,80.3534902384948,77.92536759250007,75.47046383036863,72.99458450711656,70.50353712051805,68.0031326165105,65.49918802384855,62.99753101988085,60.50400775048023
53.50953627627584,55.57791637903901,57.587224399357794,59.557120116330196,61.507333195294706,63.457631392562575,65.42780380261647,67.43765178560577,69.50698392786897,71.63579270371655,73.74479081313433,75.73487137090572,77.50692857013368,79.00364010752625,80.33481470320592,81.65204426529671,83.10692101562108,84.78490406788433,86.5069194566015,88.05334745651743,89.30691883287814,90.16822116385158,90.50691866657515,90.2152804901592,89.30691883287814,87.84096487729823,85.9372826157046,83.73091932616697,81.35692244060544,78.92879895804936,76.47389371156248,73.99801174668661,71.50695965094297,69.00654674869749,66.50258719236481,64.00090358651128,61.507333195294706
54.512429605053825,56.58101431761139,58.590446563638494,60.560419280129764,62.51068089256478,64.4610100662424,66.43120240516839,68.44106324960997,70.51040367565945,72.63921771005984,74.74821901715603,76.73830145514938,78.5103597381163,80.0070719025342,81.33824690050389,82.65547675602849,84.11035374209378,85.78833698421222,87.510352504699,89.05678058573653,90.31035200964939,91.17165436618741,91.51035187765464,91.21871369375107,90.31035200964939,88.84439799701182,86.94071562585077,84.73435213192505,82.36035487310482,79.9322307265691,77.47732430194722,75.00144024040904,72.5103844070014,70.00996483902881,67.50599340589199,65.00428868569391,62.51068089256478
55.51543428570774,57.58418142652755,59.593712281693726,61.56374611710187,63.514046252326324,65.46440001270882,67.43460816948297,69.44447922218524,71.51382622312835,73.64264443126373,75.751648276366,77.7417322066951,79.51379134982714,81.01050401191571,82.34167932918342,83.65890941760668,85.11378659077971,86.79176998358636,88.51378560865875,90.06021375408254,91.31378521573762,92.17508759256624,92.51378511097332,92.2221469211268,91.31378521573762,89.84783115781332,87.9441486996885,85.73778504353984,83.36378748846388,80.93566281492693,78.48075545521786,76.00486972955511,73.51381092955339,71.01338607096369,68.50940521111878,66.00768373219361,63.514046252326324
56.51852736408526,58.58740344280302,60.59701257110669,62.56709491937711,64.51742563126125,66.46779890657302,68.43801961816544,70.4478987732447,72.51725099271466,74.64607251355761,76.75507837308103,78.74516348787944,80.5172233137256,82.01393637081591,83.34511194151074,84.66234221478581,86.1172195364664,87.79520304887434,89.51721875695642,91.06364695348361,92.31721844509468,93.17852083802798,93.51721836194321,93.22558016737979,92.31721844509468,90.8512643512263,88.9475818240783,86.74121803917319,84.36722024895889,81.93909515714057,79.4841870552518,77.00830000877087,74.5172388541767,72.01680979640501,69.51282145452501,67.01108667402514,64.51742563126125
57.62169061492396,59.69066904337619,61.700340301528044,63.67046115621265,65.62081613750156,67.5712049021056,69.54143557857977,71.55132116456726,73.6206775260038,75.74950167615194,77.85850913452533,79.84859518943863,81.62065555715573,83.11736892775926,84.44854469959938,85.76577511959151,87.22065255914265,88.89863616647824,90.62065194044514,92.16708017753314,93.4206516929203,94.28195409863588,94.62065162692295,94.3290134286157,93.4206516929203,91.95469757052307,90.05101498859132,87.84465110149216,85.47065312464835,83.04252770083984,80.58761900988229,78.1117309150662,75.62066789162755,73.12023550095263,70.61624122054471,68.11449588247453,65.62081613750156
58.62490956870218,60.69396923953711,62.703689812965465,64.67384123130107,66.62421547566649,68.57461653430802,70.54485511998703,72.55474581021956,74.62410545914918,76.75293169618297,78.86194042356615,80.85202722464982,82.62408802245037,84.12080164188963,85.45197757337891,86.76920810982047,88.22408564292553,89.90206932560525,91.62408515186497,93.1705134211461,94.4240849554044,95.28538737126526,95.62408490302224,95.33244670174354,94.4240849554044,92.95813081036378,91.05444818495015,88.8480842167395,86.47408609176776,84.04596040445836,81.59105124595641,79.11516231907557,76.62409781233195,74.12366277632347,71.61966378248225,69.11791006479777,66.62421547566649
59.728172738355966,61.79729689594021,63.80705661268294,65.777232290091,67.72762182384578,69.6780326403835,71.64827750364852,73.65817224514181,75.72753450336401,77.856362396763,79.96537213136105,81.95545952468089,83.72752066383912,85.22423448077944,86.5554105389824,87.8726411678499,89.32751877520879,91.0055025176892,92.72751838545376,94.2739466802866,95.5275182295229,96.38882065343608,96.72751818794714,96.43587998430999,95.5275182295229,94.06156406651024,92.157881406585,89.9515173739961,87.5775191314551,85.14939323500488,82.69448370541258,80.21859411812109,77.72752843407629,75.22709129846106,72.72308856355237,70.22132819492258,67.72762182384578
60.83147100496029,62.900646348626736,64.91043713454341,66.88063206682259,68.83103373594722,70.78145229740294,72.75170214322026,74.76160010021319,76.83096442943702,78.95979363749582,81.06880417152152,83.0588920348998,84.83095344499387,86.32766741869094,87.65884357746663,88.9760742796927,90.43095194598689,92.10893573593111,93.83095163663809,95.37737995175134,96.63095151287567,97.49225394318,97.83095147987697,97.53931327436791,96.63095151287567,95.16499733559857,93.26131464828148,91.05495056459554,88.68095222873977,86.25282616629434,83.79791634216735,81.32202623070728,78.83095961223711,76.33052081016034,73.82651510595623,71.32474945844177,68.83103373594722
61.934797129788464,64.00401310171199,66.01382854794433,67.98403876309729,69.93445006418068,71.88487477282641,73.85512857331634,75.86502908246048,77.93439505544242,80.06322530694857,82.17223647548084,84.16232471194493,85.93438633708098,87.43110043519604,88.76227667379632,90.07950743424712,91.53438514731826,93.21236897493456,94.93438490178796,96.48081323299778,97.73438480355767,98.59568723893466,98.9343847773666,98.6427465703718,97.73438480355767,96.26843061495892,94.36474790590086,92.15838378165915,89.7843853717394,87.35625917754348,84.90134911964407,82.42545859215102,79.93439123202637,77.43395110727658,74.929943046336,72.42817320895173,69.93445006418068
63.038145366809715,65.1073935865594,67.11722860613568,69.0874509514853,71.03786989752825,72.98829948522996,74.95855642455712,76.9684589593497,79.03782623698521,81.16665731667683,83.27566898881761,85.26575752140019,87.0378193172152,88.53453351408083,89.86570981603798,91.18294062270178,92.63781837289984,94.3158022304165,96.03781817802232,97.58424652200799,98.83781810005688,99.69912053946003,100.03781807926902,99.746179871095,98.83781810005688,97.3718639024721,95.46818117615825,93.26181701972742,90.88781855102303,88.45969225225664,86.00478200881196,83.52889115111316,81.03782320233668,78.53738202777959,76.03337209629277,73.53159893339634,71.03786989752825
64.24151115498718,66.31078497058242,68.32063552580829,70.29086749900948,72.24129251290424,74.19172597313293,76.1619854037641,78.1718895463179,80.24125785945883,82.3700895964821,84.47910166833742,86.46919043594946,88.24125236723246,89.73796664247652,91.06914299472007,92.38637383806314,93.84125161772884,95.51923549897742,97.24125146305445,98.78767981718033,100.04125140117324,100.90255384377195,101.24125138467389,100.94961317556394,100.04125140117324,98.57529719645625,96.67161445644645,94.46525027446711,92.09125175910532,89.66312537734132,87.20821498662917,84.73232386684586,82.24125545085592,79.74081344306556,77.2368020269232,74.73502622455955,72.24129251290424
65.64489087396556,67.7141850054561,69.72404789150926,71.69428750640944,73.64471733638871,75.59515387025525,77.56541527824025,79.5753206968768,81.64468983189968,83.7735220906478,85.88253447975681,87.87262343391188,89.64468547271595,91.14139981016899,92.47257620232483,93.7898070747803,95.24468487783452,96.9226687779191,98.64468475506936,100.19111311724352,101.44468470595422,102.30598715108925,102.64468469285868,102.35304648300584,101.44468470595422,99.97873049557637,98.07504774469609,95.86868354243887,93.49468499004507,91.06655854240583,88.61164803480744,86.13575670700747,83.6446879201898,81.14424525106138,78.6402326565458,76.13845475923158,73.64471733638871
65.88235841981295,67.97451371997985,70.01931343919102,72.0360411046062,74.04332823420523,76.05834071290698,78.09604930874076,80.16884142765193,82.28682276112822,84.44339775092301,86.57062621361005,88.58724821918895,90.41470334154656,92.015245474789,93.49302142890315,94.97886377652777,96.58899333443924,98.372289577622,100.16240980040948,101.78025674965015,103.18692497923111,104.33264293296656,104.87176271743397,104.44139643668845,103.18692497923111,101.36336437576213,99.1569573135921,96.72073264801443,94.19034290737568,91.66923582006719,89.16248407234235,86.65897984044115,84.15280789384687,81.64022097559752,79.11844925397205,76.58588126107212,74.04332823420523
64.18600262984157,66.25524343257422,68.26507395029176,70.23529350571039,72.18571069342471,74.13613915895252,76.10639537635339,78.11629744525109,80.18566442281912,82.31449531202989,84.42350686834186,86.41359533281785,88.18565708937709,89.6823712635303,91.0135475509155,92.33077834695041,93.7856560886094,95.46363993924902,97.18565588208185,98.7320842231291,99.98565579945554,100.84695823793267,101.18565577742494,100.89401756952213,99.98565579945554,98.5197016039375,96.61601888159245,94.40965473256504,92.035656277381,89.60753000266557,87.1526198018959,84.67672902014368,82.18566120675578,79.68522027365208,77.18121077238686,74.67943837435143,72.18571069342471
63.079339761298115,65.14850333205413,67.15828697204523,69.12847747571413,71.07887635371785,73.02929313385457,74.99954183369397,77.00943905112842,79.07880290402625,81.20763180971613,83.31664215987524,85.30672991514115,87.07879126292057,88.57550520056395,89.90668133620814,91.22391202156192,92.6787896743011,94.35677345332876,96.07878934645908,97.62521765690785,98.87878921529797,99.74009164413235,100.07878918032658,99.78715097524805,98.87878921529797,97.41283504130168,95.50915236028462,93.3027882883509,90.92878997395732,88.5006639496904,86.04575419330573,83.56986420240327,81.07879779884883,78.57835938005462,76.0743543587823,73.5725899254013,71.07887635371785
62.49018794857692,64.5690551988893,66.59356223232477,68.58337415628282,70.55789673080614,72.53591196366474,74.53522662150755,76.57245115857229,78.66309137123069,80.80412307712997,82.92116940445716,84.92299349475913,86.71968333772509,88.26302976770063,89.6610954558503,91.05677929172651,92.58533577115833,94.31408658846266,96.06927252441965,97.65077173540419,98.98051219618739,99.98689832345185,100.43062696103782,100.06604263193154,98.98051219618739,97.33874541745169,95.29197717560149,92.98047332745386,90.53666302591034,88.06768940109008,85.59021713068432,83.1023701583168,80.60477977572316,78.09910172588432,75.58744769924243,73.07246340995464,70.55789673080614
45.39620281548104,47.45929171408821,49.46538399100304,51.43328523344087,53.382240688698104,55.3317360118632,57.30139180620685,59.31090634816361,61.38002371411204,63.508696144093975,65.61761134065057,67.60764314522719,69.37967224339974,70.876367522111,72.20753168643057,73.52475363978213,74.9796242773335,76.65760240663647,78.3796143785537,79.92604027497686,81.17961041830299,82.04091208638394,82.3796093623832,82.08797138012245,81.17961041830299,79.71365794223631,77.80997852173999,75.60362053200402,73.22963332505853,70.80152705947032,68.34665236180733,65.87082476244771,63.379869580907126,60.87962950928468,58.375977879968445,55.874841644617106,53.382240688698104
46.396217417997434,48.46059939384966,50.467478123618896,52.43586736241815,54.38513061271533,56.33482246918598,58.304604738952946,60.314200918405035,62.38337087127111,64.51207668588252,66.62101218424951,68.61105592653318,70.38309190557601,71.87979116542985,73.21095788400504,74.52818170045933,75.98305383480763,77.66103316956665,79.38304597813597,80.92947238962951,82.18304283488195,83.04434466528173,83.3830419967977,83.09140396699524,82.18304283488195,80.71708999653511,78.81340988035544,76.60705059288802,74.23306101599951,71.80495053460845,69.35006835669196,66.87422744536839,64.38324853368603,61.88296614423112,59.37923912168293,56.877968877425545,54.38513061271533
47.39693538293987,49.462344850951496,51.46984823562791,53.43862497265138,55.38813259040417,57.33798046414431,59.3078631292813,61.31752410926215,63.38673580233106,65.5154681151007,67.62441972730899,69.61447294466075,71.3865143850925,72.88321680479652,74.21438555069275,75.53161084589647,76.98648416825552,78.66446445978684,80.38647793240796,81.9329047527134,83.18647543760498,84.04777739683735,84.38647477241699,84.09483670488063,83.18647543760498,81.72052231171608,79.81684164337179,77.61048132589315,75.23648986797619,72.80837604048946,70.3534879254585,67.87763644831753,65.38663870167852,62.886322723490025,60.38253585797267,57.88115924027255,55.38813259040417
48.39821231482341,50.46443804594844,52.472437501336316,54.44152190637686,56.39122352305583,58.34119524585762,60.31115760226217,62.32087001748454,64.39011484099572,66.51886818584646,68.62783258779778,70.6178933255814,72.3899391007447,73.88664402843307,75.21781438341955,76.53504085230979,77.98991511759499,79.66789616851781,81.38991016819753,82.93633731297733,84.18990818807073,85.05121024955757,85.38990766011061,85.09826956262484,84.18990818807073,82.72395483395945,80.82027372736158,78.61391259236177,76.23991964146937,73.81180315817804,71.3569103308352,68.88105046753347,66.39003777137123,63.889695133127134,61.38586076812122,58.884399715145975,56.39122352305583
49.399933345724335,51.466807413356904,53.47520077798032,55.444529448915574,57.39438507059069,59.34445510384528,61.31448071591912,63.32423395722725,65.3935050771573,67.52227511548362,69.6312496687733,71.62131637556882,73.39336559122611,74.89007250950904,76.22124414163406,77.53847154208145,78.9933465557685,80.6713282094212,82.39334262742788,83.93977002974327,85.19334105579998,86.0546431984463,86.3933406367577,86.10170251550105,85.19334105579998,83.72738752054843,81.8237060661083,79.61734428224108,77.24335014637191,74.81523155516282,72.3603349876424,69.8844684681989,67.39344390646096,64.89308010770091,62.389208041007706,59.887679967540834,57.39438507059069
50.40200714001311,52.46939608781578,54.478102210389125,56.44762479917344,58.39760267230446,60.34775074179191,62.317826562864894,64.3276122090605,66.39690420095681,68.52568748909356,70.63467009957674,72.62474154400607,74.39679349039493,75.89350198861759,77.22467463440991,78.54190277423564,79.9967783819302,81.67476051397024,83.39677526400338,84.94320287072496,86.19677401660132,87.05807622366399,87.39677368400723,87.10513554388363,86.19677401660132,84.73082033757862,82.82713860705584,80.62077630818195,78.24678123179521,75.81866096752802,73.36376143141833,70.88788962896547,68.39685564943119,65.89647505529655,63.39257306392382,60.89099179363075,58.39760267230446
51.40436110048129,53.47215889502101,55.48111332432299,57.45078985345731,59.400864768728695,61.351074780135576,63.32119045397056,65.3310018206995,67.40031037899176,69.52910418362976,71.63809318915636,73.62816839386448,75.40022250764247,76.89693225986653,78.22810571020821,79.54533443687951,81.00021051603846,82.67819302777505,84.40020804133786,85.94663581029675,87.20020705127408,88.06150930946403,88.400206787294,88.10856863219567,87.20020705127408,85.73425325814011,83.83057130849033,81.62420860085518,79.25021277797862,76.82209118580263,74.36718929351684,71.89131329792019,69.40027184342397,66.89987791862663,64.39595217549683,61.89432868119995,59.400864768728695
52.50693754102939,54.575059954732865,56.58421150969549,58.55401023879003,60.50416218345006,62.45442136103898,64.42456866719947,66.4344004488062,68.50372215604801,70.63252430771402,72.7415183890181,74.73159657827176,76.50365241231148,78.00036315983861,79.33153724875226,80.64876644120358,82.1036428945643,83.78162570766631,85.5036409303928,87.05006882811959,88.30364014457862,89.16494244334831,89.50363993505745,89.21200176807368,88.30364014457862,86.83768626087445,84.9340041373034,82.72764110523414,80.35364468986788,77.92552204372893,75.47061828134161,72.99473895763415,70.50369157022385,68.00328706476859,65.49934246952711,62.99768546097367,60.50416218345006
53.50969063476046,55.57807077279193,57.587378814524186,59.55727454476968,61.50748763210048,63.45778583470815,65.42795824819748,67.43780623340393,69.50713837709512,71.63594715384917,73.74494526381821,75.73502582191374,77.5070830213285,79.00379455882916,80.33496915457815,81.65219871671954,83.10707546708456,84.78505851938053,86.50707390812042,88.05350190805032,89.30707328441925,90.1683756153971,90.50707311812218,90.21543494170493,89.30707328441925,87.84111932882949,85.93743706721699,83.73107377764413,81.35707689201826,78.92895340934768,76.47404816265771,73.99816619742042,71.50711410103244,69.00670119763791,66.50274163925783,64.00105802976454,61.50748763210048
54.512583982731826,56.581168723287504,58.59060098631261,60.56057371333959,62.51083533241527,64.46116451033123,66.43135685198396,68.44121769818531,70.51055812536819,72.63937216048808,74.74837346802181,76.73845590627243,78.5105141893876,80.00722635389127,81.33840135191602,82.65563120748077,84.11050819357833,85.78849143572273,87.51050695622754,89.05693503727618,90.31050646119556,91.17180881773709,91.5105063292055,91.21886814530089,90.31050646119556,88.84455244855016,86.94087007737411,84.73450658342043,82.36050932454913,79.93238517792258,77.47747875313951,75.00159469131444,72.5105388573954,70.0101192885108,67.50614785374896,65.00444313066191,62.51083533241527
55.51558867862292,57.584335841668405,59.59386671032725,61.563900554098126,63.514200694593484,65.46455445834006,67.43476261727847,69.44463367137746,71.51398067322017,73.64279888192661,75.75180272737614,77.74188665790945,79.51394580115917,81.01065846331582,82.34183378062723,83.65906386908233,85.113941042281,86.79192443510826,88.51394006019493,90.06036820562754,91.3139396672878,92.17524204411919,92.5139395625272,92.22230137267987,91.3139396672878,89.84798560935728,87.94430315122057,85.73793949504972,83.36394193993323,80.93581726632416,78.48090990648716,76.00502418059673,73.51396538018909,71.01354052087551,68.5095596597408,66.00783817852265,63.514200694593484
56.51868176909635,58.58755786545689,60.597167004470535,62.56724935937879,64.51758007544657,66.46795335342847,68.4381740667387,70.44805322292657,72.51740544311053,74.64622696440671,76.75523282420579,78.74531793916624,80.5173777651058,82.01409082225015,83.34526639297965,84.66249666628002,86.11737398798095,87.79535750040526,89.5173732084987,91.06380140503288,92.31737289664807,93.17867528958357,93.51737281349953,93.22573461893546,92.31737289664807,90.85141880277475,88.9477362756173,86.74137249069459,84.36737470044807,81.93924960857257,79.48434150658223,77.00845445992057,74.51739330500425,72.016964246658,69.5129759037543,67.01124112143444,64.51758007544657
57.62184502953693,59.69082347199365,61.700494738646555,63.67061559859981,65.62097058320938,67.57135934993273,69.54159002777033,71.55147561463771,73.62083197664097,75.74965612714884,77.858663585741,79.84874964078296,81.62081000857415,83.11752337922061,84.44869915108823,85.76592957110044,87.22080701066773,88.8987906180163,90.62080639199222,92.16723462908574,93.42080614447619,94.28210855019351,94.62080607848117,94.32916788017343,93.42080614447619,91.95485202207504,90.0511694401358,87.84480555302265,85.47080757615332,83.04268215229938,80.58777346126124,78.11188536630172,75.62082234260735,73.12038995147643,70.61639567025597,68.11465033074127,65.62097058320938
58.625063990936994,60.69412367288821,62.70384425306419,64.67399567558165,66.62436992258273,68.57477098290637,70.54500956966751,72.55490026059847,74.62425990997788,76.75308614729718,78.86209487485402,80.85218167603976,82.62424247389919,84.12095609337248,85.45213202488361,86.76936256134107,88.22424009445895,89.90222377714899,91.62423960341587,93.17066787270142,94.42423940696227,95.28554182282451,95.62423935458197,95.33260115330286,94.42423940696227,92.95828526191856,91.054602636499,88.84823866827722,86.47424054328522,84.04611485593976,81.59120569737385,79.11531677037917,76.62425226343261,74.12381722706218,71.61981823257605,69.11806451374505,66.62436992258273
59.728327166640796,61.797451333048585,63.807211055147135,65.77738673587444,67.72777627172117,69.67818708959398,71.64843195371793,73.65832669576555,75.72768895434476,77.85651684797034,79.96552658270619,81.9556139761071,83.72767511531205,85.2243889322794,86.55556499049966,87.87279561937981,89.32767322674889,91.00565696923745,92.7276728370077,94.27410113184405,95.52767268108238,96.38897510499667,96.7276726395081,96.43603443587062,95.52767268108238,94.06171851806725,92.1580358581373,89.95167182553959,87.5776735829825,85.14954768650368,82.69463815686063,80.21874856947875,77.72768288527286,75.22724574937037,72.7232430139498,70.22148264441002,67.72777627172117
60.831625438047354,62.90080078871742,64.91059157888513,66.88078651379882,68.83118818458388,70.78160674709927,72.75185659359832,74.7617545510312,76.83111888053841,78.95994808877705,81.06895862291216,83.05904648635477,84.83110789648589,86.32782187020442,87.65899802899384,88.97622873122995,90.4311063975322,92.10909018748293,93.83110608819442,95.37753440331043,96.63110596443641,97.49240839474162,97.83110593143888,97.53946772592957,96.63110596443641,95.16515178715737,93.26146909983652,91.05510501614359,88.68110668027504,86.25298061780691,83.79807079363962,81.32218068210784,78.8311140635098,76.33067526120502,73.82666955659465,71.32490390835792,68.83118818458388
61.93495156668729,64.00416754416979,66.01398299377627,67.9841932110203,69.93460451342156,71.88502922290837,73.85528302393939,75.86518353343271,77.93454950663957,80.06337975828848,82.1723909269076,84.16247916342274,85.9345407885882,87.43125488672024,88.76243112533145,90.0796618857902,91.53453959886777,93.21252342648921,94.93453935334621,96.48096768455824,97.73453925511942,98.59584169049708,98.93453922892928,98.64290102193425,97.73453925511942,96.26858506651911,94.36490235745806,92.1585382332108,89.78453982328092,87.35641362906698,84.9015035711356,82.42561304358561,79.93454568335949,77.43410555842874,74.93009749716569,72.42832765920815,69.93460451342156
63.038299806734074,65.10754803089606,67.11738305315043,69.08760540015975,71.03802434724871,72.988453935618,74.95871087537463,76.96861341044436,79.03798068825839,81.1668117680633,83.275823440273,85.2659119728961,87.03797376873445,88.53468796561361,89.86586426757941,91.18309507424954,92.63797282445269,94.31595668197343,96.03797262958209,97.58440097356952,98.83797255161943,99.69927499102313,100.03797253083229,99.74633432265811,98.83797255161943,97.37201835403341,95.46833562771721,93.26197147128195,90.88797300256954,88.45984670378884,86.00493646031876,83.52904560257478,81.03797765371777,78.53753647901704,76.03352654727428,73.53175338392288,71.03802434724871
64.24166559731297,66.31093941641033,68.32078997376185,70.29102194828039,72.24144696300539,74.1918804237639,76.16213985473594,78.1720439975097,80.2414123107923,82.37024404790554,84.47925611981555,86.46934488745973,88.24140681876128,89.73812109401607,91.06929744626643,92.38652828961455,93.84140606928429,95.51938995053612,97.24140591461541,98.78783426874267,100.0414058527364,100.90270829533557,101.24140583623765,100.94976762712754,100.0414058527364,98.57545164801843,96.67176890800675,94.4654047260239,92.09140621065575,89.66327982888038,87.20836943814811,84.73247831832894,82.24140990227508,79.74096789437071,77.23695647802518,74.7351806753004,72.24144696300539
65.64504531819742,67.71433945246766,69.72420234020797,71.69444195615372,73.64487178679195,75.59530832107899,77.56556972933456,79.57547514814576,81.64484428328106,83.77367654210055,85.882688931253,87.8727778854336,89.64483992425235,91.14155426171392,92.4727306538752,93.78996152633465,95.24483932939206,96.92282322947925,98.6448392066313,100.19126756880655,101.44483915751789,102.30614160265327,102.64483914442282,102.35320093456986,101.44483915751789,99.97888494713928,98.07520219625752,95.86883799399749,93.49483944159866,91.06671299395038,88.61180248633602,86.13591115850755,83.64484237163919,81.14439970242026,78.64038710774345,76.13860921014262,73.64487178679195
65.8798364479634,67.97200298776602,70.01681980517307,72.03357002622036,74.0408844246653,76.055927448441,78.09366746830531,80.16648845093476,82.28449181193974,84.44107926253125,86.56831586390751,88.58494966362555,90.41242917797702,92.01301620131818,93.49085373742665,94.9767643893434,96.58695453623949,98.37029066268511,100.16043616711579,101.77830920576508,103.18503193661131,104.33084617702555,104.87003012230929,104.43961974725659,103.18503193661131,101.36134096373215,99.15481482893632,96.71849403941387,94.18803592762114,91.66688700805696,89.16011154494753,86.65659456538035,84.15041561239883,81.63782304335201,79.11604303016213,76.5834605811451,74.0408844246653
64.18333261519831,66.25257333706301,68.26240380569658,70.23262333069646,72.18304049923961,74.13346895253227,76.10372516206195,78.11362722587995,80.18299420017632,82.31182508731027,84.42083664235935,86.41092510609278,88.18298686222398,89.67970103612957,91.01087732335588,92.32810811927493,93.7829858608408,95.46096971140544,97.18298565418623,98.72941399520144,99.9829855715091,100.84428800997614,101.18298554946495,100.89134734156511,99.9829855715091,98.51703137601362,96.61334865371181,94.40698450476515,92.03298604972849,89.60485977527532,87.14994957497092,84.67405879404674,82.18299098213501,79.68255005166387,77.1785405550894,74.67676816539331,72.18304049923961
63.07666987196646,65.14583331436236,67.1556168764412,69.12580733182477,71.07620617939673,73.02662294011164,74.99687162745637,77.00676883682735,79.07613268453176,81.20496158692488,83.31397193507931,85.30405968916646,87.07612103626646,88.57283497351676,89.9040111089087,91.22124179407851,92.67611944666993,94.35410322557857,96.07611911862627,97.6225474290242,98.8761189873845,99.73742141620285,100.0761189523916,99.78448074731776,98.8761189873845,97.41016481342399,95.50648213247563,93.30011806067003,90.92611974651047,88.4979937226598,86.04308396701373,83.56719397742569,81.07612757621452,78.57568916159927,76.071684147773,73.56991972762977,71.07620617939673
62.48757941332043,64.56645154413057,66.59096605962358,68.58078796167831,70.55532276626975,72.53335192046903,74.53268115109695,76.5699193035712,78.66057005855484,80.80160778735595,82.91865807187868,84.92048792981619,86.71718982691854,88.2605588948488,89.65865663340651,91.0543774365825,92.5829680305495,94.31174201915782,96.066942949008,97.64845788904587,98.97823207654405,99.9846808309148,100.42845351800298,100.06383870890167,98.97823207654405,97.33638654700181,95.28955181722867,92.97799769761684,90.53415333731388,88.06515952915018,85.58767602902257,83.09982308252233,80.60222943469765,78.09654876076027,75.58489089877855,73.06989996520545,70.55532276626975
45.3960370372525,47.459125695832554,49.46521782672732,51.43311897854596,53.382074376641526,55.33156966330563,57.30122543415885,59.31073996095263,61.379857317133656,63.508529740914696,65.61744493370041,67.60747673605971,69.37950583295418,70.87620111092596,72.20736527477112,73.5245872277766,74.97945786504997,76.65743599412903,78.37944796589085,79.92587386221831,81.17944400548839,82.04074567353919,82.37944294952814,82.08780496727624,81.17944400548839,79.713491529489,77.80981210912189,75.60345411962697,73.22946691312168,70.80136064831652,68.34648595204294,65.87065835515591,63.37970317802302,60.87946311426067,58.3758114989478,55.874675288486344,53.382074376641526
46.396051509216306,48.46043329431552,50.46731190809605,52.435701074934514,54.38496427984788,56.33465610734174,58.30443835846188,60.314034525878114,62.3832044709914,64.511910280681,66.62084577605499,68.61088951657874,70.38292549460715,71.87962475387407,73.2107914720727,74.52801528825233,75.98288742237997,77.66086675696127,79.38287956540722,80.92930597682484,82.18287642203276,83.04417825240861,83.38287558391642,83.09123755412097,82.18287642203276,80.71692358373934,78.81324346766223,76.60688418038615,74.23289460384703,71.80478412307747,69.34990194626374,66.8740610369027,64.38308212871878,61.882799745502666,59.37907273406964,56.877802509569534,54.38496427984788
47.39676937039262,49.462178686849896,51.46968197940767,53.43845865929296,55.387966241015405,57.337814091752904,59.30769674208838,61.317357712515744,63.38656939943098,65.5153017082941,67.62425331812679,69.61430653408169,71.38634797370828,72.88305039294647,74.21421913854385,75.53144443352954,76.98631775571346,78.66429804710373,80.38631151962693,81.93273833987209,83.18630902472836,84.04761098394172,84.38630835951489,84.09467029198409,83.18630902472836,81.72035589888185,79.81667523061896,77.61031491329217,75.23632345565252,72.8082096286591,70.3533215145034,67.87747003892011,65.38647229505787,62.88615632182123,60.382369465126416,57.88099286310904,55.387966241015405
48.398046219824494,50.464271830563874,52.472271212800365,54.44135557247587,56.39105716055175,58.341028865093975,60.31099120974959,62.32070361738894,64.3899484360158,66.51870177776587,68.62766617783166,70.61772691450659,72.38977268903082,73.88647761634945,75.2176479710987,76.53487443981592,77.98974870496212,79.66772975577297,81.38974375537501,82.93617090010699,84.18974177517231,85.05104383664411,85.38974124719198,85.09810314971062,84.18974177517231,82.72378842109472,80.82010731456143,78.61374617968217,76.23975322900986,73.81163674611004,71.35674391946195,68.88088405739651,66.38987136343822,63.88952872912452,61.38569437112133,58.88423333059434,56.39105716055175
49.39976718522516,51.46664115724647,53.475034463786415,55.44436309870633,57.39421869767551,59.34428871643598,61.31431431918408,63.32406755447332,65.39333867052659,67.52210870639186,69.63108325818496,71.62114996410051,73.39319917925059,74.88990609724004,76.22107772917678,77.53830512948684,78.99318014306357,80.67116179662742,82.39317621457243,83.93960361684984,85.19317464288427,86.05447678551866,86.39317422382597,86.10153610257282,85.19317464288427,83.72722110765946,81.8235396532706,79.61717786949905,77.24318373380456,74.81506514290623,72.3601685759372,69.884302057475,67.39327749748634,64.89291370184588,62.38904164071093,59.88751357712478,57.39421869767551
50.40184092748956,52.469229799367014,54.47793587582484,56.44745843601805,58.39743629112505,60.34758434910758,62.31766016277834,64.3274458041966,66.39673779301583,68.52552107919921,70.63450368849456,72.62457513222546,74.39662707821172,75.89333557620148,77.22450822184435,78.54173636156105,79.99661196916804,81.67459410113759,83.39660885112178,84.94303645781321,86.19660760367194,87.05790981072508,87.3966072710651,87.10496913094426,86.19660760367194,84.73065392467042,82.82697219418833,80.62060989539036,78.24661481914228,75.81849455512173,73.36359501944969,70.88772321777569,68.39668923962984,65.89630864797125,63.3924066610102,60.89082539855983,58.39743629112505
51.40419484664278,53.47199258089633,55.480946973587194,57.450623480025115,59.40069838098938,61.350908383264226,63.321024051223816,65.33083541416086,67.4001439700108,69.52893777309839,71.6379267776822,73.62800198183598,75.40005609529445,76.89676584733363,78.2279392975567,79.54516802414149,81.00004410323095,82.67802661491153,84.4000416284355,85.94646939737046,87.20004063833377,88.06134289651621,88.40004037434356,88.10840221924747,87.20004063833377,85.73408684521665,83.83040489559914,81.62404218802428,79.25004636525777,76.82192477327757,74.36702288133912,71.89114688636064,69.4001054329664,66.89971151013434,64.39578577050617,61.894162282434266,59.40069838098938
52.506771254384546,54.57489362022352,56.584045146122094,58.553843857200235,60.50399579050378,62.454254960844224,64.42440226234126,66.43423404093829,68.50355574624162,70.63235789667706,72.74135197723284,74.73143016604651,76.5034859998326,78.00019674721301,79.33137083603253,80.64860002841516,82.10347648172073,83.78145929477832,85.50347451747398,87.04990241518178,88.30347373162968,89.16477603039338,89.50347352210048,89.21183535511847,88.30347373162968,86.83751984793889,84.93383772439347,82.72747469237201,80.3534782770931,77.92535563110954,75.47045186899791,72.99457254578112,70.50352515924547,68.00312065535005,65.49917606288787,62.99751905927532,60.50399579050378
53.50952432206799,55.57790442209976,57.58721244076017,59.557108156704615,61.507321235021195,63.457619431875514,65.42779184166336,67.43763982448095,69.50697196663356,71.6357807424109,73.74477885178604,75.73485940953232,77.5069166087458,79.00362814613001,80.33480274180428,81.65203230389116,83.1069090542124,84.78489210647311,86.50690749518851,88.05333549510337,89.30690687146344,90.16820920243657,90.50690670516002,90.21526852874415,89.30690687146344,87.84095291588429,85.93727065429213,83.73090736475723,81.35691047920069,78.92878699665346,76.4738817501823,73.99799978533444,71.5069476896407,69.00653478748421,66.50257523131009,64.00089162573846,61.507321235021195
54.51241764935952,56.58100235974874,58.59043460445943,60.56040732013474,62.51066893205548,64.46099810540484,66.43119044411966,68.44105128842494,70.51039171438666,72.63920574873131,74.74820705579363,76.7382894937671,78.51034777672248,80.00705994113373,81.33823493909917,82.65546479462066,84.11034178068346,85.78832502279991,87.51034054328527,89.05676862432193,90.31034004823431,91.17164240477207,91.51033991623919,91.21870173233572,90.31034004823431,88.84438603559732,86.94070366443742,84.73434017051389,82.36034291169761,79.93221876516893,77.47731234055954,75.00142827904358,72.51037244567554,70.00995287777357,67.50598144476261,65.00427672478827,62.51066893205548
55.51542232883338,57.5841694679319,59.593700322053124,61.56373415681361,63.514034291629855,65.46438805175183,67.43459620835836,69.44446726095245,71.5138142618259,73.64263246991703,75.75163631499242,77.74172024530571,79.51377938842865,81.01049205051194,82.34166736777625,83.65889745619704,85.1137746293681,86.79175802217314,88.51377364724443,90.06020179266754,91.31377325432223,92.17507563115062,92.51377314955762,92.22213495971117,91.31377325432223,89.8478191963984,87.9441367382745,85.73777308212756,83.36377552705474,80.93565085352338,78.48074349382422,76.00485776817911,73.51379896820882,71.01337410967517,68.50939324993014,66.00767177118256,63.514034291629855
56.51851540627413,58.587391483625524,60.597000611099745,62.567082958856105,64.51741367041622,66.4677869455212,68.4380076569806,70.44788681197402,72.51723903138867,74.64606055219649,76.75506641169859,78.74515152648445,80.51721135232336,82.01392440940948,83.34509998010161,84.66233025337473,86.11720757505378,87.79519108746045,89.51720679554164,91.06363499206829,92.31720648367909,93.17850887661217,93.51720640052734,93.22556820596397,92.31720648367909,90.85125238981104,88.94756986266376,86.74120607776003,84.36720828754821,81.93908319573436,79.48417509385342,77.00828804738649,74.51722689281726,72.01679783509009,69.51280949328935,67.01107471293042,64.51741367041622
57.62167865636921,59.69065708373684,61.70032834123033,63.67044919550689,65.62080417653864,67.57119294097853,69.5414236173471,71.55130920326644,73.62066556465908,75.74948971477936,77.85849717313583,79.84858322803919,81.62064359575052,83.11735696635071,84.44853273818872,85.7657631581793,87.22064059772919,88.89862420506378,90.62063997902997,92.16706821611754,93.42063973150447,94.28194213721991,94.6206396655069,94.32900146719972,93.42063973150447,91.95468560910753,90.05100302717636,87.84463914007829,85.47064116323645,83.04251573943145,80.58760704848015,78.11171895367521,75.62065593025633,73.12022353961669,70.6162292592717,68.11448392131342,65.62080417653864
58.62489760955714,60.69395727953116,62.70367785243694,64.67382927044866,66.62420351460997,68.57460457312122,70.54484315871642,72.55473384889487,74.62409349778964,76.7529197348013,78.86192846217106,80.85201526324681,82.62407606104283,84.12078968047945,85.45196561196703,86.76919614840733,88.22407368151144,89.90205736419034,91.62407319044951,93.1705014597303,94.42407299398839,95.28537540984914,95.62407294160609,95.33243474032741,94.42407299398839,92.95811884894802,91.05443622353485,88.84807225532504,86.47407413035486,84.04594844304827,81.59103928455127,79.11515035767927,76.62408585095136,74.12365081497089,71.61965182117964,69.11789810358397,66.62420351460997
59.72816077874238,61.79728493564326,63.807044651971225,65.77722032912222,67.72760986271498,69.6780206791493,71.6482655423478,73.65816028379818,75.72752254199271,77.85635043537413,79.96536016996153,81.9554475632751,83.7275087024297,85.22422251936796,86.55539857756952,87.87262920643607,89.32750681379417,91.00549055627394,92.72750642403807,94.27393471887065,95.52750626810678,96.38880869201986,96.72750622653092,96.43586802289377,95.52750626810678,94.06155210509431,92.15786944516944,89.95150541258121,87.57750717004146,85.14938127359346,82.69447174400511,80.21858215672061,77.72751647268827,75.22707933709529,72.72307660222624,70.22131623366693,67.72760986271498
60.83145904497479,62.90063438809884,64.91042517368628,66.88062010576141,68.83102177475746,70.78144033613111,72.75169018189561,74.76158813885448,76.83095246805638,78.95978167610122,81.06879221011846,83.05888007349179,84.83094148358298,86.32765545727838,87.65883161605299,88.97606231827825,90.43093998457184,92.10892377451556,93.8309396752222,95.37736799033523,96.63093955145942,97.49224198176371,97.83093951846067,97.53930131295162,96.63093955145942,95.16498537418252,93.2613026868657,91.05493860318028,88.68094026732551,86.25281420488186,83.79790438075798,81.32201426930348,78.83094765084317,76.33050884878408,73.82650314461144,71.32473749715291,68.83102177475746
61.93478516950776,64.00400114100076,66.01381658697177,67.9840268019628,69.93443810294411,71.88486281152471,73.85511661197273,75.86501712108983,77.93438309405434,80.06321334554943,82.17222451407503,84.16231275053516,85.9343743756689,87.43108847378264,88.76226471238205,90.07949547283224,91.53437318590291,93.21235701351881,94.93437294037193,96.48080127158156,97.73437284214137,98.5956752775183,98.93437281595024,98.64273460895544,97.73437284214137,96.26841865354272,94.36473594448489,92.15837182024362,89.78437341032463,87.35624721613014,84.90133715823322,82.42544663074456,79.93437927062777,77.433939145892,74.9299310849764,72.42816124763652,69.93443810294411
63.038133406294705,65.10738162570266,67.11721664507152,69.0874389902926,71.03785793625454,72.98828752390457,74.95854446319846,76.96844699796958,79.03781427559127,81.16664535527408,83.27565702740955,85.265745559989,87.03780735580222,88.53452155266679,89.86569785462325,91.18292866128657,92.63780641148426,94.31579026900056,96.03780621660619,97.58423456059174,98.83780613864053,99.69910857804364,100.03780611785261,99.74616790967859,98.83780613864053,97.37185194105584,95.46816921474216,93.26180505831167,90.88780658960792,88.45968029084264,86.00477004739992,83.52887918970461,81.03781124093436,78.5373700663884,76.03336013492141,73.53158697206024,71.03785793625454
64.24149919428616,66.31077300961017,68.32062356467142,70.29085553777063,72.24128055160108,74.19171401178873,76.1619734423935,78.17187758493023,80.2412458980602,82.37007763507651,84.4790897069276,86.46917847453715,88.24124040581871,89.73795468106192,91.06913103330491,92.38636187664761,93.84123965631304,95.51922353756134,97.2412395016382,98.78766785576397,100.04123943975682,100.90254188235551,101.24123942325744,100.94960121414746,100.04123943975682,98.5752852350399,96.67160249503026,94.46523831305116,92.09123979768988,89.66311341592674,87.20820302521619,84.73231190543565,82.24124348945067,79.74080148166912,77.2367900655425,74.73501426320682,72.24128055160108
65.64487891311693,67.7141730443922,69.72403593031467,71.6942755451339,73.64470537506214,75.59514190889608,77.56540331686014,79.57530873548319,81.64467787049733,83.77351012923992,85.8825225183456,87.8726114724987,89.64467351130162,91.14138784875402,92.4725642409094,93.78979511336456,95.24467291641855,96.92265681650295,98.64467279365306,100.19110115582711,101.44467274453777,102.3059751896728,102.6446727314422,102.35303452158934,101.44467274453777,99.97871853416,98.07503578327983,95.86867158102281,93.49467302862942,91.06654658099086,88.61163607339373,86.13574474559596,83.64467595878222,81.1442332896608,78.64022069515771,76.1384427978657,73.64470537506214
65.87967567159262,67.9718426387114,70.01666010616718,72.03341118474296,74.04072661989898,76.05577080493381,78.09351201946454,80.16633409941555,82.2843382978433,84.4409262221562,86.56816313293979,88.58479738103279,90.41227782268481,92.01286655258053,93.49070642977756,94.97661967829609,96.58681212845946,98.370149771034,100.16029623651774,101.77817026692028,103.18489506953779,104.33071297005748,104.86989935421286,104.43948730305777,103.18489506953779,101.36119914084622,99.15466847953468,96.71834403579082,94.18788332476805,91.66673281486817,89.15995645016453,86.65643898596375,84.15025976661676,81.63766698274028,79.11588665432463,76.58330365571857,74.04072661989898
64.18316621551736,66.25240693234059,68.26223739791416,70.23245692101767,72.18287408836566,74.13330254089556,76.10355874993452,78.11346081343585,80.18282778752827,82.31165867453274,84.42067022950309,86.41075869319022,88.18282044929474,89.6795346231849,91.01071091040131,92.32794170631311,93.7828194478732,95.46080329843318,97.1828192412107,98.72924758222393,99.9828191585304,100.84412159699681,101.18281913648542,100.89118092858575,99.9828191585304,98.51686496303631,96.61318224073723,94.40681809179557,92.03281963676812,89.60469336233129,87.1497831620559,84.67389238118335,82.18282456936365,79.68238363905662,77.17837414277457,74.67660175359839,72.18287408836566
63.07650348009767,65.14566691449136,67.15545047171298,69.12564092408637,71.07603976976115,73.02645652926526,74.99670521583104,77.00660242469934,79.07596627207997,81.20479517426756,83.313805522297,85.30389327631069,87.07595462336833,88.57266856059412,89.90384469597035,91.2210753811287,92.67595303371088,94.35393681261209,96.07595270565466,97.62238101604942,98.87595257440786,99.73725500322521,100.07595253941362,99.78431433434008,98.87595257440786,97.40999840044957,95.5063157195055,93.29995164770787,90.92595333356289,88.4978273097382,86.04291755413817,83.5670275646321,81.075961163567,78.57552274921225,76.0715177358502,73.56975331653223,71.07603976976115
62.48741534588429,64.56628766224851,66.59080246220519,68.58062474362083,70.55516001319046,72.53318969666721,74.53251948133808,76.56975815145502,78.66040930724502,80.80144726502901,82.91849769999901,84.92032777721404,86.7170301325969,88.26040006118548,89.65849901823961,91.05422122683149,92.58281311774749,94.31158798726455,96.06678948713841,97.64830502514639,98.97808049482268,99.9845316300414,100.42830599170532,100.06369002388541,98.97808049482268,97.33623197141921,95.28939471393777,92.97783868310106,90.53399302793616,88.06499845242766,85.58751452535886,83.09966135172844,80.602067579763,78.09638680606001,75.58472879826238,73.06973761207965,70.55516001319046
45.397488013642615,47.460578772752214,49.466672181499874,51.434574126346305,53.38353002467582,55.33302563076785,57.30268160719072,59.312196266679024,61.381313708336705,63.50998618638292,65.61890141216843,67.60893323393208,69.38096234201124,70.87765762645427,72.20882179445128,73.52604375048523,74.98091439019157,76.65889252123009,78.38090449435185,79.92733039151659,81.1809005352774,82.04220220359207,82.38089947967126,82.08926149734205,81.1809005352774,79.71494805868915,77.81126863719123,75.60491064558688,73.23092343522929,70.80281716357146,68.3479424551389,65.87211483661369,63.381159620908335,60.88091948836046,58.377267750501304,55.876131322223245,53.38353002467582
46.39750362810071,48.4618870825208,50.468766711343235,52.43715650792575,54.38642011000259,56.33611219107851,58.30589460538073,60.31549087812536,62.38466089108505,64.51336674384629,66.62230226541277,68.61234602133794,70.38438200824372,71.8810812726469,73.2122479941409,74.52947181272421,75.98434394878294,77.66232328491941,79.38433609444479,80.93076250652692,82.18433295212436,83.04563478270963,83.38433211428905,83.09269408443227,82.18433295212436,80.71838011336355,78.8146999963889,76.60834070743857,74.23435112784188,71.80624064163331,69.35135845516896,66.87551752863348,64.384538589834,61.88425615202087,59.380529043316784,56.87925864591648,54.38642011000259
47.39822239735687,49.46363304009884,51.47113713880634,53.43991431871996,55.38942221575161,57.339270267790084,59.30915304765668,61.31881410168873,63.3880258424559,65.51675818550589,67.62570981612791,69.61576304430704,71.38780449097963,72.88450691429448,74.21567566250742,75.5329009594009,76.98777428311752,78.66575457574214,80.38776804912209,81.93419486989467,83.18776555506011,84.04906751443968,84.38776489006969,84.0961268224902,83.18776555506011,81.72181242884264,79.81813175986737,77.61177144121174,75.23777998114527,72.8096661498349,70.35477802801947,67.87892653880468,65.38792877064247,62.88761275407097,60.383825820168255,57.88244908090792,55.38942221575161
48.39949996834104,50.46572663260102,52.4737266550008,54.44281141167522,56.39251325006282,58.34248511439837,60.31244756187135,62.32216003587126,64.39140489724181,66.52015826612656,68.62912268269304,70.61918342907043,72.39122920918712,73.88793413974142,75.21910449656664,76.53633096679809,77.99120523316077,79.66918628495134,81.39120028523337,82.93762743038397,84.19119830569468,85.05250036729839,85.39119777789138,85.09955968037136,84.19119830569468,82.72524495132262,80.82156384422393,78.61520270828996,76.24120975569147,73.81309326936531,71.35820043663763,68.88234056375283,66.39132785050738,63.890985181798015,61.387150762512505,58.88568961304816,56.39251325006282
49.40122150694847,51.46809631568425,53.476490130525036,55.4458190806227,57.39567487829632,59.345745023897834,61.31577070825746,63.32552399621929,65.39479514619916,67.52356520360156,69.6325397684914,71.62260648210784,73.39465570169668,74.89136262225429,76.22253425583872,77.53976165735062,78.99463667189289,80.67261832623433,82.39463274471905,83.94106014732873,85.19463117355792,86.055933316297,86.39463075464013,86.10299263335632,85.19463117355792,83.72867763809938,81.82499618326179,79.61863439865311,77.24464026142982,74.81652166781197,72.36162509601756,69.88575856896799,67.39473399367094,64.89437017073017,62.390498060953874,59.888969910899334,57.39567487829632
50.40329570448924,52.4706852408045,54.47939172082884,56.448914531228866,58.39889254406782,60.34904070273237,62.31911658118159,64.32890226440747,66.3981942801548,68.52697758343245,70.63596020312275,72.62603165296588,74.3980836024752,75.89479210250329,77.22596474945396,78.54319289012459,79.9980684984979,81.67605063108465,83.39806538149719,84.94449298845234,86.19806413446562,87.0593663416019,87.39806380197035,87.10642566182516,86.19806413446562,84.73211045527864,82.82842872444037,80.62206642497799,78.24807134751649,75.81995108133745,73.3650515418355,70.88917973334563,68.39814574304944,65.89776512972227,63.39386310415364,60.89228177307024,58.39889254406782
51.4056499851985,53.47344824702921,55.482402960111614,57.4520796651704,59.40215469133925,61.35236477353061,63.32248049290702,65.33229188902767,67.40160046625081,69.53039428290629,71.63938329574063,73.62945850474568,75.4015126210004,76.89822237465745,78.22939582591852,79.54662455326041,81.00150063295811,82.67948314512856,84.4014981589925,85.94792592813681,87.20149716922282,88.06279942747118,88.40149690532112,88.10985875020566,87.20149716922282,85.73554337595846,83.83186142605825,81.62549871795602,79.25150289422643,76.82338130053303,74.36847940555478,71.89260340516654,69.40156194212848,66.90116800209788,64.39724223182624,61.89561868927839,59.40215469133925
52.50822668003545,54.57634946474664,56.58550124499095,58.55530011373446,60.505452146420936,62.45571138019439,64.42585872250233,66.43569052743776,68.50501224970522,70.63381441090957,72.74280849801383,74.73288669067799,76.5049425266835,78.00165327534798,79.33282736499135,80.65005655797492,82.10493301176325,83.78291582520961,85.50493104817514,87.05135894604906,88.30493026259435,89.1662325614104,89.50493005313541,89.21329188613808,88.30493026259435,86.83897637878671,84.9352942550169,82.7289312225769,80.35493480653358,77.92681215919026,75.47190839466593,72.99602906715538,70.50498167296541,68.00457715541937,65.50063253863507,62.99897549178375,60.505452146420936
53.51097997566714,55.57936040824242,57.58866862880916,59.558564469905235,61.508777627107136,63.45907587431033,65.42924831649064,67.43909632021337,69.50842847583056,71.63723726015526,73.74623537472793,75.73631593553034,77.50837313650537,79.00508467490877,80.33625927123694,81.65348883380076,83.10836558450517,84.78634863707448,86.50836402600406,88.05479202605078,89.30836340248814,90.16966573350281,90.50836323624047,90.21672505981243,89.30836340248814,87.84240944681625,85.938727185046,83.73236389517888,81.35836700901562,78.93024352538916,76.47533827700303,73.99945630874723,71.5084042069782,69.00799129398715,66.50403171850832,64.0023480786173,61.508777627107136
54.51387348393216,56.582458458314534,58.591890863298545,60.561863678314666,62.51212535284988,64.46245456616248,66.43264693058774,68.44250779148567,70.51184822813428,72.64066226926302,74.74966358045066,76.73974602084976,78.51180430520333,80.00851647042347,81.33969146890792,82.65692132480797,84.11179831117488,85.78978155353624,87.51179707419162,89.05822515533295,90.31179657930667,91.17309893587742,91.5117964473558,91.22015826344264,90.31179657930667,88.84584256659608,86.9421601952948,84.7357967011076,82.36179944180978,79.93367529442449,77.47876886829519,75.00288480407434,72.51182896588435,70.01140938938293,67.50743794104966,65.00573319383552,62.51212535284988
55.516878307076794,57.58562565574033,59.59515663708329,61.56519055069562,63.51549073521099,65.4658445270526,67.43605270406586,69.44592376982968,71.51527077918541,73.6440889926611,75.75309284101074,77.74317677324929,79.51523591748192,81.01194858020726,82.34312389788352,83.66035398660475,85.1152311600172,86.79321455301664,88.51523017822286,90.06165832372903,91.31522978543242,92.17653216228697,92.51522968070293,92.22359149084882,91.31522978543242,89.84927572745015,87.94559326921404,85.73922961285787,83.36523205740284,80.93710738319157,78.48220002228607,76.00631429449405,73.51525549069657,71.01483062533748,68.51084975343106,66.00912825306294,63.51549073521099
56.519971498569305,58.588847742273686,60.59845697073186,62.56853938107608,64.5188701320837,66.46924343236509,68.43946416002153,70.44934332546785,72.51869555161491,74.64751707669647,76.75652293879737,78.74660805511128,80.51866788183099,82.0153809394267,83.3465565104458,84.66378678395739,86.11866410582799,87.79664761838899,89.51866332657727,91.06509152316985,92.31866301481926,93.17996540777314,93.51866293169542,93.22702473712596,92.31866301481926,90.85270892090486,88.94902639366855,86.74266260859869,84.36866481808352,81.94053972573003,79.48563162289163,77.00974457472071,74.51868341711383,72.0182543539693,69.51426600251597,67.01253120499663,64.5188701320837
57.623134839200034,59.69211339861543,61.70178473626498,63.67190564021955,65.6222606525616,67.57264943698435,69.54288012620866,71.55276572042452,73.62212208716072,75.75094624067306,77.85995370109218,79.85003975720836,81.62210012561879,83.11881349662346,84.44998926872094,85.76721968890081,87.22209712860274,88.9000807360598,90.62209651011099,92.1685247472509,93.4220962626685,94.28339866840042,94.62209619669306,94.33045799838104,93.4220962626685,91.95614214023476,90.05245955823291,87.84609567100298,85.47209769392038,83.04397226968709,80.58906357797584,78.11317548181844,75.62211245598854,73.12168006104915,70.6176857730429,68.11594042146423,65.6222606525616
58.626353864254185,60.69541363904298,62.70513427557184,64.67528573301426,66.62566000202706,68.57606107639893,70.5462996721978,72.55619036896124,74.62555002209723,76.75437626180116,78.86338499080806,80.85347179284642,82.6255325911973,84.12224621095493,85.4534221426485,86.77065267923905,88.22553021246381,89.90351389523994,91.62552972156658,93.1719579908889,94.42552952517133,95.28683194104516,95.62552947280659,95.3338912715241,94.42552952517133,92.95957538010174,91.05589275463248,88.84952878631805,86.47553066115675,84.04740497351021,81.59249581441006,79.11660688646458,76.62554237782305,74.1251073384299,71.6211083385578,69.11935461015159,66.62566000202706
59.72961709048472,61.79874133058243,63.80850109741006,65.77867680585801,67.72906635917575,69.67947718819875,71.64972205949597,73.65961680617288,75.72897906773366,77.85780696325197,79.96681669913875,81.95690409321635,83.72896523281136,85.22567905000442,86.55685510836948,87.87408573735526,89.32896334480914,91.00694708736604,92.72896295518372,94.27539125004925,95.52896279930471,96.39026522322821,96.7289627577428,96.43732455410262,95.52896279930471,94.06300863626907,92.15932597629967,89.9529619436284,87.57896370093697,85.15083780421917,82.69592827415207,80.22003868601557,77.72897300046438,75.22853586216273,72.72453312246732,70.22277274532762,67.72906635917575
60.83291540199721,62.90209081115793,64.91188163682828,66.8820765937443,68.83247827839625,70.78289684976164,72.75314670195415,74.76304466306132,76.83240899493501,78.96123820467591,81.07024873972449,83.06033660370423,84.83239801414496,86.32911198804263,87.66028814694695,88.97751884926689,90.43239651563646,92.11038030564143,93.83239620639057,95.37882452152976,96.63239608266932,97.49369851298182,97.83239604968159,97.54075784417013,96.63239608266932,95.16644190537397,93.26275921802181,91.0563951342705,88.68239679829531,86.25427073563753,83.79936091113366,81.32347079900293,78.83240417933715,76.33196537512814,73.82795966712482,71.32619401285602,68.83247827839625
61.936241562471,64.00545758637945,66.01527306416506,67.98548329887264,69.93589461228018,71.88631932879127,73.85657313434122,75.86647364675085,77.93583962183598,80.06466987467721,82.17368104402135,84.16376928096281,85.93583090637398,87.43254500464823,88.76372124335064,90.08095200387595,91.53582971700698,93.21381354467147,94.9358294715583,96.48225780278872,97.7358293733607,98.59713180874417,98.93582934717833,98.64419114018163,97.7358293733607,96.26987518474743,94.36619247566158,92.15982835136798,89.78582994135346,87.35770374698896,84.90279368879045,82.42690316076506,79.93583579969147,77.43539567324933,74.9313876092933,72.42961776654806,69.93589461228018
63.03958982778545,65.10883808879689,67.11867313341753,69.08889549428784,71.03931445011256,72.98974404405706,74.96000098740038,76.96990352478477,79.0392708040896,81.16810188484087,83.27711355762602,85.26720209058749,87.03926388662086,88.53597808361286,89.86715438565106,91.184385192374,92.63926294261957,94.31724680017446,96.03926274780684,97.58569109180885,98.83926266986734,99.70056510927564,100.0392626490864,99.74762444091085,98.83926266986734,97.37330847227106,95.46962574593513,93.26326158946313,90.88926312068351,88.46113682178333,86.00622657810123,83.53033571997994,81.0392677704503,78.53882659454996,76.03481666066978,73.53304349351836,71.03931445011256
64.24295563842001,66.31222948676556,68.32208006186947,70.29231204738957,72.24273706904819,74.1931705342318,76.1634299680506,78.1733341126615,80.24270242712734,82.37153416499171,84.48054623735845,86.47063500527122,88.24269693672755,89.7394112120719,91.07058756437976,92.38781840776977,93.8426961874732,95.52068006875214,97.24269603285023,98.78912438698907,100.04269597098961,100.90399841359242,101.24269595449576,100.95105774538456,100.04269597098961,98.57674176626348,96.67305902623617,94.46669484422412,92.09269632880263,89.66456994693243,87.20965955603188,84.73376843591323,82.24270001932547,79.742258010469,77.238246592427,74.73647078668618,72.24273706904819
65.6463353752231,67.71562953270812,69.72549243453867,71.69573205921648,73.64616189535793,75.59659843315717,77.56685984367222,79.57676526394152,81.64613440001601,83.77496665943167,85.8839790489466,87.87406800334037,89.646130042282,91.14284437981465,92.47402077202156,93.79125164451426,95.24612944759839,96.9241133477071,98.64612932487407,100.19255768705852,101.44612927577526,102.30743172091354,102.6461292626841,102.35449105283027,101.44612927577526,99.98017506539017,98.07649231449601,95.87012811221284,93.49612955977166,91.0680031120481,88.61309260430018,86.13720127623404,83.6461324889419,81.14568981896727,78.64167722294398,76.13989932294928,73.64616189535793
65.88375408736479,67.97590568004769,70.02069975925733,72.03741998443886,74.04469811902803,76.05970052192117,78.09739875190931,80.17018134945718,82.28815541658841,84.44472629584824,86.57195207375736,88.58857018869242,90.4160172645885,92.0165445892718,93.49430022809375,94.98012004235838,96.59022961176979,98.37351269713403,100.16362457921494,101.78146292119017,103.18811316980991,104.33379935608082,104.87289797171621,104.44254623922463,103.18811316980991,101.36459557708699,99.15822779719082,96.72203484203096,94.1916676558479,91.67057436804086,89.16383044339882,86.66033041659449,84.15416078120353,81.64157572698426,79.11980674049352,76.58724351621004,74.04469811902803
64.18744708430981,66.25668793077061,68.26651847502956,70.2367380468967,72.18715524497755,74.13758371712132,76.10783993877843,78.11774201042286,80.18710898975999,82.3159398800938,84.42495143708865,86.41503990196617,88.18710165875683,89.68381583304395,91.01499212051509,92.33222291661266,93.78710065832198,95.46508450900217,97.18710045186312,98.73352879292769,99.98710036926428,100.84840280774688,101.18710034724101,100.8954621393366,99.98710036926428,98.52114617373408,96.61746345136562,94.41109930229457,92.03710084703079,89.6089745721736,87.15406437115232,84.67817358895232,82.18710577476625,79.68666484023896,77.18265533643734,74.68088293389255,72.18715524497755
63.08078414800602,65.14994778817083,67.1597314702918,69.12992200007028,71.08032089452949,73.0307376851683,75.000986391764,77.01088361355865,79.0802474692647,81.20907637673727,83.3180867279804,85.3081744838837,87.08023583203052,88.57694976988648,89.90812590566702,91.22535659112026,92.68023424393934,94.35821802303138,96.08023391620635,97.62666222668265,98.88023378508889,99.74153621393197,100.08023375012912,99.78859554504807,98.88023378508889,97.41427961107323,95.51059693001906,93.30423285801604,90.93023454349591,88.50210851900394,86.04719876221986,83.57130877060663,81.08024236578513,78.5798039447312,76.07579891943257,73.57403447889342,71.08032089452949
62.491612169335426,64.5704778098207,66.59498237530264,68.58479100798081,70.5593095483968,72.53732018926074,74.53663004020706,76.57385008615044,78.66448682134916,80.80551654054715,82.92256156256042,84.92438375035692,86.7210696171488,88.26440857973526,89.66246369560164,91.05813533715892,92.5866805631843,94.3154237368732,96.07060472670273,97.6520987490236,98.98182808403199,99.9881935515505,100.43190765762697,100.06733338360038,98.98182808403199,97.3400872834475,95.29334097400638,92.98185370863894,90.53805464173197,88.06908767454247,85.59161910832884,83.1037741065602,80.6061848010185,78.1005076167503,75.58885485521108,73.07387275756474,70.5593095483968
45.40090251963495,47.46399821903759,49.47009463319861,51.437998443184874,53.3869555180253,55.33645187538647,57.30610833529275,59.31562330686785,61.38474094955984,63.51341355523323,65.6223288586317,67.61236072603288,69.38438986041744,70.88108516008032,72.21224933784221,73.52947130099876,74.98434194642738,76.66232008207433,78.38433205839462,79.93075795752844,81.18432810244354,82.04562977137871,82.38432704767015,82.09268906515922,81.18432810244354,79.71837562447027,77.81469620031277,75.6083382037472,73.23435098432935,70.80624469655456,68.35136995952513,65.87554229010863,63.384586983683974,60.88434668935808,58.38069466327991,55.87955772271465,53.3869555180253
46.4009208211577,48.465308201696544,50.47219021781967,52.44058149551097,54.38984603168481,56.339538709165595,58.30932150725894,60.318918027727534,62.388088200256476,64.51679415431875,66.62572973748786,68.61577352963602,70.38780953742057,71.8845088139038,73.21567554314822,74.53289936738474,75.98777150798524,77.66575084777946,79.38776365984351,80.93419007348854,82.18776052000212,83.0490623510799,83.38775968282778,83.09612165282672,82.18776052000212,80.72180768014204,78.81812756105646,76.61176826816839,74.23777868138055,71.80966818237991,69.35478597321804,66.87894500628971,64.38796599548483,61.88768342926396,59.38395609178613,56.88268528773847,54.38984603168481
47.40164172615084,49.46705548821416,51.474561482923306,53.443339838864205,55.392848477478,57.342697002960335,59.31258008747369,61.32224133813726,63.391453205559884,65.52018562901455,67.62913730853138,69.619190565461,71.39123202870519,72.88793446160803,74.2191032159725,75.53632851735298,76.99120184467438,78.66918214020217,80.39119561559704,81.93762243761012,83.19119312350267,84.05249508327316,84.39119245903686,84.0995543913429,83.19119312350267,81.72523999641271,79.821559325762,77.61519900398098,75.24120753820688,72.81309369674341,70.35820555691288,67.88235403563795,65.39135621032415,62.89104009183252,60.38725297634309,57.885875914298325,55.392848477478
48.402920994171865,50.46915013623155,52.47715166424534,54.446237354629744,56.39593978173053,58.345912021887216,60.315874711178395,62.32558734125294,64.39483230315328,66.52358573585656,68.63255019123136,70.62261096042818,72.39465675369783,73.89136169186213,75.22253205356984,76.53975852736264,77.99463279658646,79.67261385068127,81.39462785256254,82.9410549986977,84.19462587458554,85.05592793649953,85.39462534719863,85.10298724958776,84.19462587458554,82.72867251952098,80.82499141109251,78.6186302726779,76.24463731554928,73.81652082116457,71.36162797413823,68.8857680758071,66.39475531719985,63.894412567594685,61.39057800417805,58.88911659850177,56.39593978173053
49.40464388091789,51.47152065754132,53.47991566786561,55.44924535923627,57.39910162424687,59.34917206816837,61.31919794447175,63.32895135631523,65.39822258608768,67.52699269414371,69.63596728983605,71.62603402156438,73.39808325159277,74.89479017819048,76.22596181565015,77.54318921998868,78.99806423680184,80.67604589297217,82.39806031272622,83.94448771611734,85.19805874280462,86.05936088578994,86.3980583242173,86.10642020286136,85.19805874280462,83.73210520679643,81.82842375090337,79.62206196432581,77.24806782350694,74.81994922349301,72.36505264034972,69.88918609310325,67.39816148180218,64.89779759465324,62.39392537047648,59.8923970170552,57.39910162424687
50.40671914923357,52.47411024825465,54.48281767743546,56.45234107630205,58.40231946011386,60.352467855574375,62.322543886377346,64.3323296679314,66.40162174701146,68.53040509049339,70.63938773463187,72.6294591988505,74.40151115664571,75.89821966146783,77.22939231149428,78.54662045440841,80.00149606458416,81.67947819862246,83.4014929500425,84.94792055761786,86.20149170399473,87.06279391132645,87.40149137176174,87.10985323155933,86.20149170399473,84.7355380243715,82.8318562926955,80.6254939916704,78.2514989113551,75.82337864009946,73.36847909158989,70.89260726706968,68.40157324819685,65.9011925839069,63.39729046753632,60.8957089750336,58.40231946011386
51.409074280294504,53.47687378294515,55.48582924956298,57.455506421762195,59.40558174240218,61.355792012550765,63.325907852855394,65.3357193270212,67.40502795451236,69.53382180307833,71.64281083531732,73.63288605573229,75.40494017856352,76.90164993602558,78.2328233897279,79.55005211885049,81.00492819997876,82.68291071330133,84.4049257279649,85.95135349760147,87.20492473897605,88.06622699737954,88.40492447528254,88.11328632012166,87.20492473897605,85.73897094536545,83.83528899480035,81.6289262854578,79.25493045946311,76.82680886174043,74.3719069596128,71.89603094650123,69.40498946078176,66.90459548030152,64.40066963795894,61.89904596728803,59.40558174240218
52.51165165035678,54.57977542022225,56.5889277986674,58.55872703822729,60.5088793046544,62.45913868761727,64.42928612590913,66.4391179927903,68.50843975495604,70.63724194148799,72.74623604399378,74.736314245714,76.50837008693932,78.00508083862385,79.33625493020486,80.65348412460173,82.10836057952551,83.78634339388634,85.50835861748654,87.05478651575118,88.3083578325255,89.1696601314647,89.5083576232318,89.21671945619838,88.3083578325255,86.84240394844302,84.93872182414549,82.73235879072104,80.35836237287992,77.93023972233857,75.47533595213976,72.99945661453066,70.50840920233833,68.00800465268715,65.5040599786992,63.002402830153756,60.5088793046544
53.51440548210476,55.582786696795935,57.592095392230235,59.561991527672916,61.512204870406705,63.46250323602641,65.43267575439118,67.4425238072811,69.5118559945659,71.64066479899324,73.74966292579018,75.73974349378042,77.51180069889841,79.00851223969883,80.3396868375649,81.65691640125048,83.11179315285611,84.78977620615119,86.51179159558451,88.05821959594135,89.31179097256049,90.17309330367289,90.51179080644397,90.22015262998733,89.31179097256049,87.84583701667047,85.94215475448138,83.7357914638329,81.36179457624274,78.93367109007795,76.478765837188,74.00288386091694,71.51183174485939,69.01141880638627,66.50745918550433,64.00577546489686,61.512204870406705
54.517299416005045,56.585885011278236,58.59531779321229,60.56529084187005,62.51555266366947,64.46588197097233,66.43607439586648,68.44593529578896,70.51527575757237,72.64408981465667,74.75309113554674,76.74317358165084,78.51523186929268,80.01194403641534,81.34311903612041,82.6603488929108,84.11522587999302,85.79320912293043,87.51522464398562,89.0616527253731,90.3152241494911,91.17652650613937,91.51522401764433,91.22358583370843,90.3152241494911,88.84927013660737,86.94558776497368,84.73922427016629,82.36522700973595,79.93710286033601,77.482196430632,75.00631236004944,72.51525651051858,70.01483691379194,67.51086542942184,65.00916061814189,62.51555266366947
55.5203045770519,57.58905241859563,59.59858369915389,61.56861779821938,63.518918099623136,65.4692719660668,67.43948019107503,69.44935128781296,71.5186983171183,73.64751654325798,75.75652039930847,77.7466043360751,79.51866348291762,81.015376147153,82.34655146579809,83.66378155522597,85.11865872920615,86.79664212266282,88.51865774818637,90.06508589388788,91.31865735570578,92.17995973262194,92.51865725105894,92.22701906118678,91.31865735570578,89.85270329758609,87.94902083908613,85.74265718223774,83.36865962588382,80.94053495007353,78.48562758633076,76.00974185348947,73.51868304069072,71.0182581592788,68.51427725876968,66.01255570755183,63.518918099623136
56.52339803678504,58.59227467173834,60.60188413770268,62.57196669524855,64.52229753903347,66.47267089852775,68.44289166427833,70.452770854309,72.52212309629022,74.65094463142319,76.75995049963629,78.75003561954414,80.5220954483353,82.01880850712953,83.34998407891754,84.66721435299004,86.12209167531127,87.80007518823513,89.52209089667531,91.06851909342294,92.32209058516324,93.18339297816598,93.52209050210497,93.2304523075212,92.32209058516324,90.8561364911398,88.95245396369403,86.74609017823352,84.37209238700488,81.94396729338224,79.48905918829192,77.01317213611335,74.52211097136215,72.02168189547642,69.51769352132101,67.01595868344175,64.52229753903347
57.626561590348416,59.69554046032955,61.70521198649972,63.67533300729296,65.62568809327426,67.57607692469509,69.54630764415501,71.55619325788363,73.62554963718743,75.75437379867763,77.86338126394799,79.85346732291671,81.62552769297125,83.1222410649272,84.45341683763499,85.77064725826,87.22552469831962,88.90350830606471,90.62552408031581,92.17195231757877,93.42552383306852,94.28682623883921,94.62552376714513,94.33388556882176,93.42552383306852,91.95956971054821,90.05588712838014,87.84952324084014,85.47552526319126,83.04739983795062,80.59249114445203,78.11660304511376,75.62554001361342,73.12510760856131,70.6211133025363,68.11936791892366,65.62568809327426
58.62978078442613,60.69884080573084,62.708561591896085,64.67871314207635,66.62908746953784,68.57948858121256,70.54972720100966,72.55961791326047,74.6289775763714,76.75780382240738,78.86681255526472,80.85689935956715,82.62896015922297,84.12567377973562,85.45684971191358,86.77408024885744,88.22895778236611,89.9069414653708,91.62895729185612,93.17538556127613,94.42895709561581,95.29025951152045,95.62895704329239,95.33731884200087,94.42895709561581,92.96300295047755,91.05932032487632,88.85295635631577,86.47895823070505,84.050832542259,81.5959233817402,79.1200344512701,76.62896993812792,74.12853489070824,71.62453587653462,69.12278212270283,66.62908746953784
59.73304414482264,61.80216858059258,63.811928466191404,65.78210424824726,67.73249384795648,69.6829047065871,71.65314959693188,73.66304435590112,75.73240662537906,77.8612345259231,79.97024426486601,81.9603316607406,83.7323928013713,85.22910661916363,86.56028267791316,87.87751330717938,89.33239091485858,91.01037465759691,92.73239052554055,94.27881882048361,95.53239036978451,96.39369279373244,96.73239032825538,96.44075212460805,95.53239036978451,94.06643620669433,92.1627535466202,89.9563895137536,87.58239127070546,85.15426537335307,82.69935584216,80.22346625201968,77.73240056289634,75.23196341822401,72.72796066717744,70.22620026985736,67.73249384795648
60.83634256283021,62.90551812730391,64.91530904724596,66.88550406258578,68.83590578405916,70.78632437892432,72.75657424623495,74.76647221709862,76.83583655525615,78.96466576898598,81.07367630646021,83.0637641718662,84.83582558312898,86.33253955750229,87.66371571671175,88.98094641925428,90.43582408580271,92.11380787595168,93.83582377680078,95.3822520920015,96.63582365317711,97.49712608350903,97.83582362021545,97.5441854146983,96.63582365317711,95.16986947583851,93.26618678840325,91.05982270449687,88.68582436823858,86.2576983050771,83.80278847967956,81.32689836595841,78.83583174345736,76.33539293419199,73.83138721717918,71.32962154689315,68.83590578405916
61.939668807833925,64.00888495501928,66.01870050763029,67.98891078870957,69.9393221313426,71.88974686650556,73.86000068405482,75.86990120420822,77.93926718428085,80.06809744028811,82.1771086115575,84.16719684963098,85.93925847569463,87.43597257434637,88.76714881329096,90.08437957399295,91.5392572872659,93.21724111504469,94.93925704201088,96.48568537329014,97.73925694389072,98.60055937928959,98.93925691772901,98.64761871072781,97.73925694389072,96.27330275524312,94.36962004609128,92.16325592167463,89.78925751143538,87.36113131667113,84.90622125776333,82.43033072847561,79.9392633651517,77.43882323469629,74.93481516358943,72.43304530813126,69.9393221313426
63.04301714024277,65.11226549910228,67.12210060311304,69.09232300078907,71.04274197981024,72.99317158855882,74.96342854142603,76.97333108495667,79.04269836822009,81.17152945148422,83.28054112579744,85.2706296596574,87.04269145620867,88.53940565350028,89.87058195573071,91.18781276259386,92.64269051295209,94.32067437059771,96.04269031829307,97.58911866233385,98.84269024041504,99.70399267983555,100.04269021965047,99.75105201147137,98.84269024041504,97.3767360427915,95.4730533164032,93.2666891598335,90.89269069087555,88.46456439165809,86.00965414741302,83.5337632882898,81.04269533697405,78.5422541578884,76.03824421833261,73.53647104109088,71.04274197981024
64.24638300413208,66.31565693014163,68.32550755238424,70.29573956711737,72.24616460718714,74.19659808412081,76.16685752549873,78.17676167498792,80.24612999259573,82.37496173245455,84.48397380603411,86.47406257466001,88.24612450652738,89.74283878210954,91.07401513456995,92.39124597807128,93.84612375786412,95.52410763921506,97.24612360336316,98.79255195753277,100.04612354155131,100.90742598416382,101.24612352507049,100.95448531595648,100.04612354155131,98.58016933680358,96.67648659673469,94.47012241464512,92.09612389908207,89.66799751696004,87.21308712561265,84.73719600469877,82.24612758669339,79.74568557530873,77.24167415276197,74.73989833901244,72.24616460718714
65.64976278320466,67.71905700233286,69.7289199415779,71.69915958944227,73.64958944019675,75.60002598732208,77.57028740383682,79.58019282797804,81.64956196654626,83.77839422754492,85.88740661802248,87.87749557298227,89.64955761225013,91.14627194997153,92.47744834229951,93.79467921488057,95.24955701803569,96.92754091820152,98.64955689540818,100.19598525761705,101.4495568463481,102.31085929149408,102.64955683326724,102.3579186234112,101.4495568463481,99.98360263594583,98.07991988501868,95.87355568267397,93.49955713012044,91.071430682197,88.61652017409442,86.14062884539713,83.6495600569798,81.14911738499858,78.64510478539985,76.14332687904862,73.64958944019675
65.88973642452677,67.9818675996043,70.02663061836097,72.0433098685021,74.05053846493868,76.06548537661104,78.10312651716251,80.17585667544165,82.29379072239895,84.45033896225411,86.57754995325982,88.59414663965978,90.42154939758893,92.02199515890796,93.49963890114577,94.9853345977289,96.59533406348385,98.37854466917673,100.1686106058444,101.7864015334446,103.19295272934752,104.33846390990345,104.87744590264798,104.44717431949334,103.19295272934752,101.36967206785924,99.16352066699869,96.72750237343473,94.19725941258005,91.67624212753398,89.16954128896015,86.66606442175451,84.15990751526886,81.64733272712522,79.12557880423455,76.59304184268902,74.05053846493868
64.19369822338356,66.26293925891822,68.27276991793826,70.2429895609262,72.1934068038303,74.1438353045805,76.11409154464096,78.123993628162,80.19336061514844,82.32219151033794,84.43120307028552,86.42129153689922,88.19335329469058,89.69006746955672,91.0212437573993,92.33847455376781,93.7933522956948,95.4713361465503,97.19335208953294,98.73978043067243,99.99335200705292,100.85465444555913,101.19335198506133,100.90171377715001,99.99335200705292,98.52739781147002,96.6237150890004,94.4173509397406,92.04335248413219,89.61522620866188,87.1603160065527,84.6844252224167,82.19335740477928,79.6929164640969,77.18890694932807,74.68713452728545,72.1934068038303
63.087034994094154,65.15619893437224,67.16598279865644,69.13617344132876,71.0865724069391,73.03698924298723,75.00723797879618,77.01713521944362,79.0864990872922,81.21532800247272,83.324338358403,85.31442611706231,87.08648746679764,88.58320140557267,89.91437754194286,91.23160822782621,92.68648588099086,94.36446966036118,96.0864855537293,97.6329138643245,98.88648542280043,99.74778785168095,100.08648538789096,99.79484718279892,98.88648542280043,97.42053124870117,95.51684856748639,93.31048449518376,90.93648618011655,88.50836015465131,86.05345039614036,83.57756040145387,81.08649399115373,78.58605556032919,76.08205051762124,73.58028604613145,71.0865724069391
62.49775174898734,64.57660852433482,66.60109949903101,68.59089000686565,70.56538633161793,72.5433716843921,74.5426550635992,76.57985037661521,78.67046796107986,80.81148673926121,82.92852457272714,84.9303362831333,86.72700025242604,88.2702980904176,89.6682949815498,91.06389946419111,92.59238271218727,94.32108378814056,96.07623753657722,97.65770298149104,98.98737103874024,99.99362271525492,100.4372567816902,100.07273789128871,98.98737103874024,97.34577331719566,95.29914779985306,92.9877518610246,90.54401466547336,88.075084362676,85.59763619574608,83.10980204617752,80.61221867200888,78.10654625446944,75.59490045988554,73.07993043163775,70.56538633161793
45.40911061408859,47.47221817350683,49.47832180265251,51.446230090202434,53.3951899894403,55.3446881503385,57.314345770920454,59.32386149170739,61.39297961701263,63.5216525290744,65.63056801879443,67.62059999575531,69.39262919329002,70.88932452949041,72.22048873069438,73.53771071094985,74.99258137011554,76.67055951682579,78.3925715008246,79.93899740468557,81.19256755237163,82.05386922279655,82.39256649959749,82.10092851665023,81.19256755237163,79.7266150710735,77.82293564053123,75.61657763205551,73.24259039088713,70.81448406442115,68.35960925874062,65.88378146715195,63.3928259429419,60.892585260243436,58.388932542251894,55.887794371863166,53.3951899894403
46.40913536637378,48.47353217221389,50.48041991943535,52.44881475276047,54.39808153137855,56.347775640620526,58.317559360062845,60.32715647523031,62.39632703082947,64.5250332280801,66.63396895913566,68.62401283824246,70.3960488961497,71.89274820163294,73.22391494948342,74.54113878729143,75.99601093879508,77.67399028737023,79.39600310552873,80.94242952292568,82.1959999716386,83.05730180389875,83.39599913605105,83.1043611057037,82.1959999716386,80.73004712913956,78.82636700498638,76.62000770264524,74.24601809859394,71.81790756888395,69.36302530523335,66.8871842413358,64.39620505767121,61.895922183188105,59.39219429650434,56.89092251623791,54.39808153137855
47.40986139856248,49.475282649065505,51.482793195426915,53.45157437460415,55.40108479349996,57.35093445555643,59.32081827142065,61.330479994127955,63.39969216560604,65.52842478208436,67.63737657898055,69.62742990492995,71.39947140795678,72.89617386387707,74.22734263300919,75.54456794516139,76.99944128113665,78.67742158363387,80.39943506386594,81.94586188885691,83.1994325764951,84.06073453720404,84.39943191328874,84.10779384531989,83.1994325764951,81.73347944731057,79.82979877263773,77.62343844335376,75.24944696387763,72.82133309804009,70.36644491496159,67.89059331672149,65.3995953542067,62.89927899104043,60.39549143962459,57.8941136026869,55.40108479349996
48.41114474059955,50.477379831015156,52.485384973491406,54.454472905390915,56.40417674578782,58.35414988816028,60.324113157972675,62.33382616272809,64.40307136596527,66.5318249518746,68.6407895004146,70.6308503243929,72.40289614923819,73.89960110567151,75.23077147910037,76.54799796144268,78.00287223753509,79.68085329716155,81.40286730288209,82.94929445138081,84.20286532865418,85.06416739131299,85.40286480226686,85.11122670443783,84.20286532865418,82.73691197192716,80.8332308603063,78.6268697159366,76.25287674793265,73.82476023420217,71.36986735284978,68.89400739343094,66.40299452592583,63.902651582118025,61.39881667269292,58.89735465194113,56.40417674578782
49.412870863770124,51.47975236461967,53.48815024488803,55.457481715798465,57.407339102722744,59.35741026280665,61.32743659990007,63.33719030914021,65.4064617304668,67.53523196012449,69.6442066297628,71.63427340497151,73.4063226600616,74.90302960115946,76.23420124792224,77.55142865904656,79.00630368131131,80.68428534187211,82.40629976467339,83.95272716994046,85.20629819772742,86.06760034130394,86.40629777993351,86.1146596584044,85.20629819772742,83.74034466039976,81.8366632019729,79.63030141066879,77.25630726121815,74.82818864584945,72.37329203546146,69.89742543972936,67.40640074199518,64.90603670070483,62.40216420189246,59.90063536025862,57.407339102722744
50.41494870265153,52.482343553193004,54.4910532609706,56.46057807254118,58.41055734692978,60.36070631085492,62.330782707406115,64.34056872501178,66.40986095613157,68.53864439613005,70.64762709895994,72.63769859768911,74.40975057537588,75.90645909170682,77.23763174911713,78.55485989741715,80.00973551191983,81.68771764944287,83.40973240328151,84.95616001234583,86.20973115959549,87.07103336739647,87.40973082799222,87.11809268765238,86.20973115959549,84.74377747892498,82.84009574523792,80.63373344046136,78.259738353295,75.83161806985228,73.37671849971849,70.90084663671507,68.40981254923966,65.90943176260595,63.40552942825161,60.9039475482374,58.41055734692978
51.41730587511559,53.48510835654747,55.49406563214295,57.46374392578397,59.413819953346604,61.36403067471497,63.33414680532607,65.34395846685103,67.4132672150182,69.54206114019014,71.65105021901283,73.64112546681892,75.41317960543816,76.90988937203477,78.2410628315977,79.55829156499505,81.01316764955763,82.69115016564604,84.41316518222925,85.9595929530476,87.21316419511493,88.07446645389085,88.41316393192122,88.12152577665128,87.21316419511493,85.7472104006731,83.84352844851179,81.6371657361917,79.26316990475937,76.83504829736376,74.38014637807294,71.9042703344171,69.4132287942474,66.91283471666179,64.40890870130201,61.907284723052385,59.413819953346604
52.51988486616165,54.58801100104219,56.597164815560035,58.56696494532099,60.51711777287798,62.46737751399252,64.43752518270828,66.4473571982996,68.51667905624717,70.64548130358182,72.7544754430613,74.74455366652197,76.51660952027822,78.01332027921289,79.34449437544544,80.66172357323522,82.11660003088483,83.79458284744086,85.51659807256469,87.06302597176732,88.31659728909146,89.17789958832626,89.51659708019447,89.22495891307449,88.31659728909146,86.85064340434927,84.94696127878483,82.7405982429971,80.36660182084009,77.93847916262132,75.48357537880008,73.0076960169479,70.51664856153823,68.01624393481373,65.51229912349984,63.0106417308223,60.51711777287798
53.52263998493983,55.59102307722043,57.600332912646735,59.5702297547131,61.52044354284429,63.470742192740744,65.44091489399781,67.45076306492099,69.52009532822863,71.64890418091542,73.75790233705851,75.7479829223042,77.52004013736803,79.01675168392286,80.34792628548087,81.66515585185941,83.1200326056285,84.79801566066595,86.52003105130858,88.0664590524099,89.32003042946545,90.18133276081245,90.52003026366378,90.2283920871384,89.32003042946545,87.85407647305178,85.95039420985715,83.74403091733294,81.37003402631726,78.9419105340589,76.4870052703568,74.01112327484395,71.52007112448462,69.01965812483797,66.51569839495903,64.01401448057956,61.52044354284429
54.525534940643126,56.59412202645983,58.603555713319764,60.573529322869604,62.52379149819903,64.47412103113977,66.44431360119863,68.45417459480535,70.52351511692868,72.65232921231669,74.76133055649889,76.75141301629867,78.52347131183453,80.0201834835245,81.35135848615987,82.66858834508764,84.12346533388703,85.80144857820734,87.52346410022236,89.06989218220073,90.32346360666511,91.18476596349961,91.52346347506824,91.23182529107783,90.32346360666511,88.85750959336576,86.95382722093397,84.74746372463781,82.37346646148862,79.9453423072522,77.49043586896659,75.01455178311178,72.52349590635552,70.02307626107515,67.51910469019322,65.01739972511368,62.52379149819903
55.52854091287611,57.5972899376539,59.606821936523914,61.5768564807978,63.52715706280975,65.47751110834687,67.44771944857428,69.45759061967021,71.52693769686769,73.65575595340917,75.7647598279467,77.7548437755836,79.52690292869161,81.02361559655208,82.35479091752293,83.67202100864728,85.12689818399036,86.80488157854464,88.52689720483001,90.0733253510005,91.32689681309333,92.18819919015728,92.52689670864483,92.23525851872938,91.32689681309333,89.8609427546438,87.9572602955104,85.75089663748032,83.37689907896846,80.94877439931946,78.49386702876546,76.01798128380256,73.52692244939493,71.02649752944572,68.52251656027161,66.02079488698122,63.52715706280975
56.531635016561864,58.60051259076768,60.61012262690154,62.58020553782721,64.5305366043381,66.48091010598188,68.45113096318313,70.4610102122323,72.53036249222566,74.65918405148867,76.76818993437494,78.75827506291054,80.53033489667467,82.02704795834612,83.35822353198012,84.67545380739907,86.13033113080203,87.80831464459709,89.53033035364189,91.07675855076178,92.33033004272029,93.19163243584032,93.53032995981945,93.23869176520132,92.33033004272029,90.86437594843501,88.96069342048648,86.7543296340881,84.3803318411467,81.95220674447728,79.49729863398085,77.02141157218136,74.53035039027915,72.02992128380626,69.52593285515104,67.02419792038172,64.5305366043381
57.63479908130243,59.7037786968438,61.71345067558623,63.683571976868336,65.6339272396318,67.58431618387856,69.55454697592371,71.56443263649565,73.63378904596986,75.7626132266121,77.8716207035286,79.86170676934518,81.63376714334676,83.13048051758634,84.46165629175925,85.778886713453,87.23376415437119,88.91174776280772,90.63376353753874,92.18019177509716,93.43376329076008,94.29506569662391,94.63376322496165,94.342125026611,93.43376329076008,91.96780916803195,90.06412658546483,87.85776269718045,85.48376471817218,83.05563929051331,80.60073059272386,78.12484248574947,75.63377944063633,73.13334701130712,70.62935266202537,68.12760720151036,65.6339272396318
58.63801868114693,60.70707929425042,62.71680043964044,64.68695221245187,66.63732668022827,68.58772788145413,70.55796655886266,72.5678573082932,74.63721699535046,76.76604325658747,78.87505199868839,80.86513880842595,82.63719961121454,84.13391323353974,85.46508916688056,86.78231970467266,88.23719723886276,89.91518092241631,91.63719674928251,93.18362501893702,94.43719655341417,95.29849896939268,95.6371965011899,95.34555829987674,94.43719655341417,92.97124240811095,91.067559782193,88.8611958130416,86.48719768635192,84.05907199598653,81.60416283206212,79.12827389553117,76.63720937158452,74.13677430489602,71.6327752563894,69.13102144151976,66.63732668022827
59.741282363629225,61.810407269139915,63.82016743986691,65.79034339862964,67.74073310970867,69.6911440394168,71.66138897548805,73.67128376396705,75.74064605245125,77.86947396506038,79.97848371133986,81.96857111152836,83.74063225464556,85.2373460738765,86.56852213354901,87.88575276348845,89.34063037170853,91.01861411488247,92.74062998312841,94.2870582782576,95.5406298276676,96.40193225167417,96.74062978621718,96.44899158255268,95.5406298276676,94.0746756644465,92.17099300412102,89.96462897078545,87.59063072688093,85.16250482800515,82.70759529410904,80.23170569915823,77.74064000145935,75.24020284149337,72.73620006319658,70.23443961743043,67.74073310970867
60.84458103729435,62.91375697462031,64.92354812087584,66.89374327647081,68.84414508633955,70.79456373761941,72.76481364122338,74.774711635509,76.84407598875185,78.97290521205775,81.08191575535506,83.07200362418499,84.8440650374213,86.34077901293642,87.67195517287848,88.98918587595534,90.44406354293304,92.12204733342776,93.84406323451682,95.39049154986527,96.64406311112748,97.50536554150592,97.84406307822826,97.55242487269749,96.64406311112748,95.17810893368494,93.27442624605015,91.0680621617716,88.69406382483359,86.26593776046299,83.81102793292007,81.33513781538082,78.84407118607336,76.34363236466936,73.839626626028,71.33786091729013,68.84414508633955
61.9479074852249,64.0171239283551,66.0269396605957,67.99715005299734,69.94756146579053,71.89798624573018,73.86824009208559,75.87814063082902,77.94750662287491,80.07633688648271,82.18534806237389,84.17543630316494,85.94749793079495,87.44421203035299,88.77538826987903,90.09261903100511,91.5474967446188,93.225480572672,94.94749649982865,96.49392483122514,97.74749640189448,98.60879883733028,98.94749637578235,98.65585816877031,97.74749640189448,96.28154221316443,94.37785950385421,92.17149537914213,89.79749696836339,87.36937077263947,84.91446071202886,82.4385701797107,79.94750281098455,77.4470626708947,74.9430545826212,72.44128469664369,69.94756146579053
63.05125597870402,65.12050457246255,67.13033981904823,69.10056230508195,71.05098133978973,73.00141098407778,74.97166795980851,76.98157051809414,79.05093781086072,81.17976890015741,83.28878057813895,85.27886911415585,87.05093091195036,88.54764510996127,89.8788214126532,91.19605221985297,92.65092997048163,94.32891382834505,96.05092977619157,97.59735812032542,98.85092969846116,99.712232137911,100.05092967773595,99.75929146954824,98.85092969846116,97.38497550077216,95.48129277425816,93.27492861745401,90.90093014806786,88.4728038480887,86.01789360249211,83.54200274096365,81.05093478536011,78.5504935986276,76.04648364544661,73.54471044398161,71.05098133978973
64.25462197043935,66.32389608289307,68.33374681829926,70.30397890316264,72.25440398743116,74.20483749257261,76.17509695209739,78.18500111329766,80.25436943844812,82.38320118309501,84.49221325958611,86.48230202992397,88.2543639627781,89.75107823893117,91.08225459175787,92.3994854355264,93.85436321553387,95.53234709705765,97.25436306132573,98.80079141556921,100.05436299963107,100.91566544226686,101.25436298318147,100.96272477406063,100.05436299963107,98.58840879483137,96.6847260546627,94.47836187238704,92.10436335648413,89.67623697375755,87.22132658133745,84.74543545851454,82.25436703710596,79.75392501965196,77.24991358629086,74.74813775331528,72.25440398743116
65.65800185098622,67.72729621809822,69.73715924716234,71.7073989506896,73.65782883652483,75.60826540603873,77.57852683695667,79.58843227039294,81.65780141494781,83.78663367974679,85.89564607253524,87.88573502885382,89.65779706890486,91.15451140707941,92.48568779969813,93.80291867249122,95.2577964758167,96.93578037611974,98.65779635342163,100.20422471568912,101.45779630445453,102.319098749619,102.65779629139845,102.36615808153701,101.45779630445453,99.99184209401105,98.0881593430047,95.88179514051228,93.50779658768901,91.07967013928574,88.62475963033175,86.14886830011923,83.6577995090008,81.15735683220234,78.65334422402026,76.15156630240925,73.65782883652483
65.90570703054993,67.99778229239493,70.04246025079426,72.05902728558388,74.06612021021316,76.08091513933901,78.11839991248067,80.19098643334243,82.3088108559025,84.46529707958447,86.59246756413899,88.60900554944246,90.4362868997776,92.03650920886751,93.5138463719919,94.9992019710089,96.60889970890298,98.39191167581788,100.18185168743584,101.7995126586991,103.20579234748433,104.35082377434946,104.88948602158565,104.45943418768391,103.20579234748433,101.38316108460826,99.17760263560871,96.74206289340245,94.21216025091908,91.69135115937644,89.1847683399311,86.68135490849076,84.17523286683092,81.66268619747582,79.14097353334654,76.60850850339497,74.06612021021316
64.21040488288808,66.27964642240387,68.28947738732245,70.2596972198846,72.2101145822662,74.16054315926752,76.13079944838248,78.14070156356087,80.21006857093676,82.33889947906934,84.44791104688744,86.43799951812895,88.21006127858772,89.70677545499714,91.03795174382986,92.35518254092062,93.81006028342784,95.48804413475062,97.21006007805758,98.75648841939672,100.01005999589427,100.87136243446339,101.21005997398713,100.91842176605736,100.01005999589427,98.54410580017094,96.64042307743162,94.43405892766879,92.06006047114165,89.6319341940371,87.17702398902819,84.70113319973164,82.21006537289466,79.70962441580565,77.20561487180345,74.70384239778889,72.2101145822662
63.10374087263804,65.17290561287567,67.18268996272053,69.1528809063142,71.10328006157962,73.0536970186674,75.02394583234496,77.03384312324505,79.10320702345973,81.23203595918608,83.34104632760999,85.33113409361547,87.10319544758507,88.59990938880995,89.93108552675193,91.2483162137817,92.70319386786741,94.38117764797951,96.10319354186247,97.64962185277462,98.90319341143635,99.76449584041674,100.10319337666091,99.81155517153962,98.90319341143635,97.43723923711414,95.53355655547125,93.3271924823701,90.95319416584452,88.52506813778507,86.07015837467105,83.59426837179274,81.10320194688919,78.60276349002078,76.09875840090797,73.59699384691842,71.10328006157962
62.51415292772029,64.59298542945913,66.61743919090388,68.60718006999892,70.5816155636313,72.55953167092669,74.5587425618948,76.5958701466122,78.68643528798684,80.82742410448903,82.94444225215811,84.94622527007097,86.74282927189299,88.28601448493006,89.68385191337404,91.07927245495567,92.60758594234818,94.33617170554811,96.0912508330168,97.6726379954053,99.00213818706446,100.00807811859944,100.45149288792072,100.08712574230341,99.00213818706446,97.36093240546651,95.31463773931694,93.00349192227608,90.55992416655937,88.09109426797968,85.61370196243718,83.12589753012794,80.62833039809229,78.12267103343032,75.61104431657454,73.09610733788809,70.5816155636313
45.417204972957975,47.48032420609073,49.48643493685475,51.4543476316023,53.403310310846834,55.35281024693424,57.32246900994768,59.331985468169535,61.40110406850168,63.52977728213557,65.63869295524827,67.62872504004662,69.40075429973874,70.89744967190231,72.22861389617987,73.54583589326546,75.0007065659523,76.67868472355192,78.40069671510852,79.94712262362233,81.20069277403582,82.06199444592701,82.40069172322947,82.10905373985273,81.20069277403582,79.73474028946505,77.83106085263842,75.62470283243977,73.25071556986275,70.8226092053138,68.36773433206133,65.891906420221,63.40095068164908,60.900709616683045,58.39705621765444,55.895916836773594,53.403310310846834
46.417236074682734,48.48164215774616,50.488535546006915,52.456933879084886,54.406202864901616,56.355898383399904,58.325683009708655,60.33528071022684,62.404451642874534,64.53315807949076,66.64209395610801,68.63213792080651,70.40417402804852,71.90087336207588,73.23204012823994,74.54926397940608,76.00413614164151,77.68211549885959,79.40412832301669,80.9505547441066,82.20412519498427,83.06542702840827,83.40412436095858,83.11248633027036,82.20412519498427,80.73817234988775,78.83449222074667,76.628132909101,74.25414328805763,71.82603272812109,69.37115041083827,66.89530925149586,64.4043298976888,61.90404671978922,59.40031829253266,56.89904555139262,54.406202864901616
47.417967153520166,49.48339577480036,51.49091080128363,53.45969475932465,55.40920693052004,57.35905771128529,59.32894224700422,61.33860443433505,63.40781690508905,65.53654971155675,67.64550162398713,69.63555501787138,71.40759656005548,72.90429903863134,74.23546782229903,75.55269314505358,77.00756648954669,78.6855467989038,80.40756028389697,81.95398711181906,83.2075578011754,84.06885976280806,84.40755713920868,84.11591907096931,83.2075578011754,81.74160466992927,79.83792399129749,77.63156365462854,75.25757216166579,72.8294582718373,70.37457004619068,67.89871837219528,65.40772027463623,62.90740367064154,60.40361569015178,57.902237090501814,55.40920693052004
48.41925450556323,50.48549545086203,52.493504150995165,54.462594289178725,56.4122995206571,58.36227355106354,60.332237392271836,62.34195076581834,64.41119620659865,66.53994994330569,68.64891458354637,70.638975461445,72.4110213173696,73.90772629178474,75.23889667675049,76.5561231675079,78.01099745036095,79.6889785154321,81.41099252493156,82.95741967575668,84.21099055439376,85.07229261778576,85.41099002899034,85.11935193094659,84.21099055439376,82.74503719603047,80.8413560812674,78.6349949310362,76.26100195232792,73.83288541955578,71.3779925044169,68.9021324848706,66.4111195101795,63.91077637522187,61.40694112522736,58.90547849906861,56.4122995206571
49.420983814303,51.48786996513639,53.49627067024211,55.465603892721546,57.41546238392458,59.36553424891352,61.33556103955365,63.34531504151553,65.4145866513851,67.54335700073293,69.65233174315483,71.64239856116038,73.41444784091823,74.91115479628832,76.24232645220795,77.55955387001134,79.014428897642,80.69241056252426,82.41442498832487,83.96085239543845,85.21442342430777,86.07572556846618,86.41442300729477,86.12278488559525,85.21442342430777,83.74846988568137,81.84478842476054,79.63842662880418,77.26443247085746,74.83631384037537,72.38141720317094,69.90555055971541,67.4145257769068,64.9141615838981,62.4102888147673,59.908759492595266,57.41546238392458
50.423064183354356,52.49046272645677,54.49917467701724,56.46870087908644,58.418681030052966,60.36883055350694,62.33890731005701,64.34869356000367,66.41798594077318,68.54676947577099,70.6557522363697,72.64582376906691,74.41787576633257,75.9145842939914,77.24575695866953,78.56298511227075,80.01786073103236,81.69584287198533,83.41785762820453,84.96428523873442,86.21785638684318,87.07915859510598,87.41785605585972,87.1262179153846,86.21785638684318,84.75190270514187,82.84822096947534,80.64185866100627,78.26786356709658,75.83974327165832,73.38484368024027,70.90897177935855,68.41793762435901,65.9175567173047,63.41365416839322,60.912071906959,58.418681030052966
51.42542336513931,53.49322877853524,55.50218783467486,57.471867232130165,59.421943955503295,61.37215512099857,63.34227153735267,65.35208338329159,67.42139225023773,69.55018625081145,71.65917537548555,73.64925065025221,75.42130480441125,76.91801457999884,78.24918804533024,79.56641678293515,81.02129287087806,82.69927538968881,84.4212904081615,85.96771818014307,87.22128942289224,88.08259168203475,88.42128916019048,88.12965100481316,87.22128942289224,85.75533562763225,83.85165367389986,81.64529095864901,79.27129512186447,76.84317350494797,74.38827156876383,71.91239549504388,69.4213539012799,66.92095972811535,64.41703354245814,61.915409261464816,59.421943955503295
52.528003951692824,54.59613241441632,56.60528764243418,58.575088648403224,60.52524202826956,62.47550212190586,64.44565001742339,66.45548217938716,68.5248041316109,70.65360643879244,72.7626006146644,74.75267885952374,76.52473472561397,78.02144549168477,79.35261959249578,80.66984879362514,82.12472525395768,83.80270807267448,85.52472329929793,87.07115119942384,88.32472251728916,89.18602481681489,89.5247223087826,89.23308414157742,88.32472251728916,86.85876863189759,84.95508650508614,82.74872346697231,80.37472704056725,77.94660437479175,75.49170057756223,73.01582119184809,70.52477369390039,68.02436899131419,65.52042404483308,63.01876641186108,60.52524202826956
53.530760337272625,55.599145277630754,57.608456235129935,59.578353772712546,61.52856799923978,63.47886692894427,65.44903981021868,67.45888809731964,69.52822043545511,71.6570293356427,73.76602752067065,75.75610812290051,77.52816534775383,79.02487689997264,80.35605150516457,81.67328107419371,83.12815783009226,84.8061408868447,86.52815627867764,88.0745842805117,89.32815565799677,90.18945798957473,90.52815549250504,90.23651731591204,89.32815565799677,87.86220170106772,85.95851943688334,83.75215614251289,81.37815924812554,78.95003574986941,76.49513047552512,74.01924846107298,71.52819627695108,69.02778321709256,66.52382337992998,64.02213927482453,61.52856799923978
54.533656298718455,56.6022448516498,58.61167942921119,60.58165359083637,62.53191611413851,64.4822458691702,66.45243858211182,68.46229966793013,70.53164024944479,72.66045438253443,74.7694557496426,76.75953822292274,78.53159652622855,80.02830870241404,81.35948370793365,82.6767135689652,84.13159055945474,85.80957380513625,87.53158932809599,89.07801741065596,90.33158883546128,91.19289119247907,91.53158870411036,91.23995052006627,90.33158883546128,88.86563482175285,86.96195244853553,84.75558895077398,82.38159168494869,79.95346752595182,77.4985610792195,75.02267697833254,72.5316210747788,70.03120138170797,67.52722972567415,65.02552460921268,62.53191611413851
55.53666306938719,57.60541325880021,59.614945964690804,61.5849809471747,63.53528180538383,65.48563602719916,67.45584448083456,69.46571572511962,71.53506284945634,73.66388113592174,75.77288502865568,77.76296898699195,79.535028146267,81.03174081769554,82.3629161409556,83.68014623374974,85.13502341043431,86.81300680606896,88.53502243310415,90.08145057973628,91.3350220420997,92.19632441930911,92.53502193784641,92.24338374788837,91.3350220420997,89.86906798332546,87.96538552356857,85.75902186437544,83.38502430373956,80.95689962031219,78.50199224305402,76.02610648616007,73.53504763048323,71.03462267260255,68.53064163584278,66.02891984239886,63.53528180538383
56.539757806903566,58.60863630559794,60.61824690293872,62.58833016168926,64.53866144742497,66.48903508898364,68.45925603619804,70.46913534333794,72.53848766074596,74.66730924375966,76.77631514108847,78.76640027811621,80.53846011677507,82.03517318127851,83.36634875672945,84.68357903347373,86.13845635794144,87.81643987259399,89.53845558223392,91.0848837797202,92.33845527189345,93.199757665129,93.5384551891476,93.24681699449567,92.33845527189345,90.8725011773505,88.9688186489071,86.76245486158561,84.38845706695835,81.96033196729005,79.50542385147251,77.02953678020333,74.5384755814197,72.03804644484046,69.53405796254219,67.03232293240588,64.53866144742497
57.64292237478627,59.711902724168354,61.721575148368956,63.69169672573075,65.64205216249746,67.59244121779656,69.56267208128592,71.5725577879648,73.64191422713515,75.77073842662838,77.87974591500793,79.8698319875647,81.64189236545127,83.1386057419386,84.46978151755367,85.7870119402993,87.24188938206254,88.91987299117969,90.64188876638306,92.18831700423229,93.44188852006567,94.30319092602113,94.64188845439024,94.35025025601274,93.44188852006567,91.97593439713302,90.07225181417313,87.86588792515604,85.4918899448097,83.06376451477063,80.60885581275782,78.13296769826732,75.64190463975538,73.14147218653065,70.63747779467218,68.13573225846372,65.64205216249746
58.646142374019334,60.71520356961901,62.724925068586955,64.6950770605299,66.64545166641552,68.59585295578482,70.5660916898991,72.57598247592495,74.64534218655214,76.7741684627512,78.88317721395035,80.87326402903763,82.64532483490974,84.14203845901896,85.47321439350443,86.79044493213141,88.24532246699226,89.92330615108598,91.6453219783271,93.19175024821241,94.44532178282486,95.30662419887612,95.64532173069821,95.35368352936375,94.44532178282486,92.9793676373593,91.07568501112962,88.86932104139672,86.495322913645,84.06719722139042,81.6122880541139,79.13639911161741,76.64533457703611,74.14489949138174,71.64090040908177,69.13914653413377,66.64545166641552
59.74940637352445,61.818531741391936,63.828292192765005,65.7984683254569,67.74885814615502,69.69926914582332,71.66951412690227,73.67940894442708,75.74877125161878,77.87759917610333,79.98660892960415,81.97669633403869,83.74875747960328,85.24547130025019,86.5766473608312,87.8938779914333,89.34875560018575,91.02673934378845,92.74875521233196,94.29518350764432,95.54875505716171,96.41005748122602,96.74875501578879,96.45711681210736,95.54875505716171,94.08280089381176,92.17911823323885,89.97275419944174,87.59875595469427,85.17063005431906,82.71572051776238,80.23983091807672,77.7487652119371,75.24832803691783,72.74432523179918,70.24256473834856,67.74885814615502
60.85270529882841,62.92188160314561,64.93167297215707,66.90186826580239,68.852270162677,70.80268886948474,72.77293880881152,74.78283682615088,76.85220119424193,78.98103042697338,81.09004097600223,83.08012884820226,84.85219026338106,86.34890424002008,87.68008040068321,88.99731110428601,90.45218877168625,92.13017256252127,93.85218846384649,95.39861677934034,96.6521883406878,97.51349077111206,97.85218830785006,97.56055010230585,96.6521883406878,95.186234163143,93.28255147531182,91.07618739066692,88.70218905305988,86.27406298749916,83.81915315784454,81.34326303654726,78.85219640054035,76.35175756718854,73.84775180725862,71.3459860606734,68.852270162677
61.956031946495926,64.02524868091889,66.03506458996537,68.0052750919394,69.95568657378985,71.90611139780229,73.87636527251102,75.88626582955229,77.9556318333832,80.08446210447207,82.19347328491239,84.1835615283783,85.95562315755006,87.45233725800013,88.78351349809849,90.10074425964203,91.55562197359106,93.23360580191435,94.95562172925845,96.50205006077037,97.75562163150735,98.61692406697952,98.95562160544402,98.66398339842134,97.75562163150735,96.2896674426961,94.38598473323,92.17962060822717,89.80562219691745,87.37749600024893,84.92258593796225,82.44669540266133,79.95562802861784,77.45518787904498,74.95117977387471,72.44940985785763,69.95568657378985
63.05938059851337,65.1286294234784,67.13846481039779,69.10868738340025,71.05910647291928,73.00953615218809,74.97979315042294,76.98969572323158,79.05906302535197,81.1878941205864,83.2969058021786,85.28699434031853,87.05905613933672,88.55577033805562,89.88694664120182,91.20417744873292,92.65905519962777,94.33703905770555,96.05905500570086,97.60548334992627,98.85905492811573,99.72035736759445,100.05905490742926,99.76741669923311,98.85905492811573,97.39310073036229,95.4894180037246,93.28305384668967,90.90905537688204,88.48092907615316,86.02601882922627,83.55012796533039,81.0590600055065,78.55861881124731,76.05460884465532,73.55283561934782,71.05910647291928
64.26274671608505,66.3320210120521,68.341871858843,70.31210401273415,72.26252914050667,74.2129626734125,76.18322215079887,78.19312632352604,80.26249465610066,82.39132640546032,84.5003384848172,86.49042725684012,88.26248919066549,89.7592034673805,91.09037982056776,92.40761066459922,93.86248844481797,95.54047232651192,97.26248829089809,98.80891664521425,100.06248822931873,100.92379067197743,101.26248821289988,100.97085000377231,100.06248822931873,98.59653402446789,96.69285128420105,94.4864871017422,92.11248858550479,89.68436220218315,87.22945180870721,84.75356068400527,82.26249225924695,79.76205023581905,77.25803879181363,74.75626293991418,72.26252914050667
65.66612669651107,67.73542120928062,69.74528432675193,71.715524085067,73.66595400543153,75.61639059698211,77.58665204207685,79.59655748466207,81.66592663510951,83.79475890364898,85.90377129871199,87.89386025636801,89.66592229718995,91.16263663581049,92.49381302871538,93.81104390171717,95.26592170521036,96.94390560564844,98.66592158304402,100.21234994536925,101.46592153416849,102.32722397935113,102.66592152113685,102.37428331127005,101.46592153416849,99.99996732368442,98.09628457260013,95.88992036996233,93.51592181687354,91.08779536799798,88.63288485820597,86.15699352650208,83.66592473272493,81.16548205118498,78.66146943455448,76.1596914979236,73.66595400543153
65.91889574360333,68.01092708351203,70.05553822188145,72.07201710118395,74.07900343768952,76.09367895739057,78.13104086822611,80.20351452213632,82.32125279990186,84.47769028845585,86.60482894052875,88.62132079392885,90.44850672916712,92.04855341309849,93.52564959015578,95.01073782042282,96.62019832271895,98.40305409246136,100.19289507784751,101.8104538473356,103.21651999670149,104.36117404061939,104.89958472887756,104.4697057857065,103.21651999670149,101.39439944391908,99.18930719415673,96.75414362266417,94.2245084462513,91.703862961564,89.19737288009166,86.69400929383232,84.18791464694618,81.6753900714308,79.15370982517967,76.6213013120818,74.07900343768952
64.22417165170313,66.2934136050593,68.30324482116413,70.27346480939373,72.22388226988335,74.17431090949773,76.14456723889344,78.15446938006698,80.2238364041855,82.35266732294617,84.46167889722709,86.45176737226869,88.22382913491779,89.72054331259446,91.05171960224027,92.36895039992407,93.82382814290776,95.50181199461423,97.22382793818751,98.77025627969061,100.02382785628426,100.88513029490505,101.22382783444647,100.93218962650157,100.02382785628426,98.55787366044564,96.65419093748486,94.44782678730891,92.07382833002742,89.64570205158091,87.1907918441909,84.7149010506568,82.22383321626563,79.72339224570445,77.21938267769751,74.71761016100663,72.22388226988335
63.117507000172836,65.18667239729152,67.19645714585096,69.16664833654391,71.11704764754316,73.06746470402175,75.03771358164052,77.04761091380513,79.11697484059701,81.2458037931944,83.35481417187738,85.34490194391512,87.11696330136164,88.61367724459814,89.94485338383078,91.26208407180201,92.71696172664404,94.39494550736524,96.11696140167092,97.66338971284334,98.91696127165761,99.77826370072003,100.11696123699225,99.82532303184695,98.91696127165761,97.45100709715234,95.54732441515796,93.34096034140106,90.96696202367798,88.53883599348832,86.08392622659454,83.60803621698957,81.11696978009454,78.61653130184041,76.11252617462259,73.61076155288902,71.11704764754316
62.52767983792653,64.60649327533653,66.63091780937468,68.62061970920324,70.59500742394195,72.572869141957,74.57202309494035,76.60909747897247,78.69962142519965,80.84058670577559,82.95758938941846,84.9593498679399,86.75590676144976,88.29900349718915,89.6967156459648,91.09199166657972,92.62017176477302,94.34866691579899,96.1036874042015,97.68501304824437,99.01438131600361,100.02007622609395,100.4633186161734,100.09907075171628,99.01438131600361,97.37348354192665,95.3274488378307,93.01649952728323,90.57306487934702,88.10431385148422,85.62696542543462,83.1391843358203,80.6416299617436,78.13598084986508,75.62436911809768,73.10945809875447,70.59500742394195
45.42330975167667,47.48643777474179,49.492553852776204,51.460469865981835,53.40943463846634,55.35893591120289,57.32859553442276,59.3381125479042,61.407231505912875,63.535904946618686,65.6448207578188,67.63485292381446,69.40688223030868,70.90357762955108,72.23474187120212,73.55196388096016,75.00683456382788,76.68481272962674,78.40682472687408,79.95325063889129,81.20682079135844,82.06812246435369,82.40681974203375,82.11518175833363,81.20682079135844,79.7408683043235,77.83718886276496,75.63083083373942,73.25684355504256,70.82873716181865,68.3738622376872,65.8980342353021,63.40707833532419,60.90683698252576,58.40318307070305,55.90204277836891,53.40943463846634
46.42334563433077,48.48775870283106,50.494656338591724,52.463057306853,54.41232795460603,56.36202453421973,58.33180984336347,60.34140798462772,62.41057920117811,64.53928581802714,66.64822180424659,68.63826583339221,70.41030197778136,71.90700133330134,73.23816811325483,74.55539197447908,76.01026414479509,77.68824350852091,79.4102563371948,80.95668276106535,82.210253213573,83.07155504787326,83.4102523807233,83.11861434977843,82.210253213573,80.74430036652068,78.84062023362388,76.63426091497229,74.26027128113458,71.8321606984386,69.37727834077285,66.90143710956424,64.41045762764666,61.91017422128647,59.406445386999906,56.90517192235967,54.41232795460603
47.424080513128075,49.48951468434619,51.49703308419677,53.465819134617135,55.41533262522668,57.36518424833605,59.33506932607736,61.344731863251425,63.41394455934832,65.54267750887054,67.65162950829358,69.64168295333002,71.41372452499803,72.91042702063265,74.24159581524503,75.55882114598276,77.01369449688943,78.69167481141176,80.41368829998989,81.96011513011896,83.21368582076903,84.07498778309719,84.41368515973568,84.12204709129261,83.21368582076903,81.74773268797057,79.8440520063579,77.63769166412834,75.26370016101068,72.83558625311798,70.38069799541924,67.9048462643831,65.41384806514111,62.91353127981212,60.40974297624666,57.90836380230431,55.41533262522668
48.4253708845677,50.49161623838341,52.49962761729937,54.46871941673055,56.41842569563937,58.3684003947007,60.338364666147626,62.34807831737926,64.41732393702017,66.54607778727191,68.65504249655957,70.64510341505806,72.41714929438416,73.91385428233889,75.24502467599146,76.56225117308514,78.01712546102863,79.69510653019941,81.41712054254427,82.9635476951211,84.21711857478499,85.078420638729,85.41711805012243,85.12547995191697,84.21711857478499,82.7511652151896,80.84748409806059,78.64112294341597,76.26712995664768,73.83901340953796,71.3841204689592,68.90826040413933,66.41724734874141,63.91690406985552,61.413068563425696,58.91160548141934,56.41842569563937
49.42710259192805,51.49399224402871,53.50239507613014,55.471729617473585,57.4215889401555,59.37166133591026,61.341688468053235,63.35144269042301,65.42071444225797,67.54948488172774,69.6584596789528,71.64852652918267,73.42057582751437,74.91728279363085,76.24845445644524,77.56568187927775,79.02055691094871,80.69853857908487,82.42055300714385,83.96698041564775,85.22055144533206,86.08185358992863,86.42055102890707,86.12891290707921,85.22055144533206,83.75459790572776,81.85091644292908,79.64455464346975,77.27056047912583,74.84244183726395,72.38754517986783,69.91167850047842,67.42065365361216,64.92028934636555,62.41641637369564,59.91488668969731,57.4215889401555
50.42918486610539,52.496586189568404,54.50529982885871,56.474827077919485,58.42480788891493,60.37495783367211,62.34503486128713,64.35482128617735,66.42411377962719,68.5528973861557,70.66188019025206,72.65195174852585,74.42400376053362,75.92071229672189,77.25188496687241,78.56911312446525,80.02398874643364,81.70197088996926,83.42398564798091,84.9704132596143,86.22398440836992,87.08528661698048,87.42398407785316,87.13234593727618,86.22398440836992,84.75803072589244,82.85434898873545,80.64798667748607,78.27399157849891,75.84587127402853,73.39097166658425,70.91509973718169,68.42406553133915,65.92368453361291,63.4197818231484,60.91819927451998,58.42480788891493
51.43154556083452,53.499353181888566,55.508313578709334,57.4779938072938,59.42807105458495,61.37828255449028,63.348399185997565,65.35821117079288,67.42752012717492,69.55631418452319,71.66530334372158,73.65537863878848,75.42743280464836,76.9241425870058,78.25531605668064,79.5725447974537,81.02742088794184,82.70540340880243,84.42741842869778,85.9738462015552,87.22741744481779,88.0887197042363,88.42741718248645,88.13577902702829,87.22741744481779,85.76146364894174,83.85778169402639,81.65141897656882,79.27742313575428,76.84930151166895,74.39439956276476,71.91852346640772,69.4274818322894,66.9270875871577,64.42316127327328,61.92153676432589,59.42807105458495
52.53412734874516,54.602257564245505,56.611413856574075,58.581215522293576,60.53136931802712,62.4816296770984,64.45177774338866,66.4616100155651,68.53093203877506,70.65973439101896,72.76872859429301,74.75880685526468,76.53086273064193,78.02757350208597,79.35874760634437,80.67597680998827,82.13085327234096,83.80883609268469,85.53085132043736,87.0772792212584,88.33085053953124,89.19215283927602,89.5308503313187,89.23921216404933,88.33085053953124,86.86489665365072,84.96121452590035,82.75485148603502,80.38085505643136,77.95273238496594,75.4978285776405,73.02194917395923,70.5309016439821,68.03049688427507,65.52655183601837,63.02489402211417,60.53136931802712
53.53688468817842,55.60527102006776,57.61458282244412,59.58448088372316,61.53469544034536,63.48499458073425,65.45516759755458,67.46501597213282,69.53434836661066,71.66315730256451,73.77215550934156,75.76223612435982,77.53429335658426,79.03100491306782,80.36217952099594,81.6794090920209,83.13428584952285,84.81226890756659,86.53428430029575,88.08071230268158,89.3342836804901,90.19558601224192,90.53428351523169,90.24264533858776,89.3342836804901,87.86832972317296,85.96464745824338,83.75828416248275,81.38428726555662,78.95616376278443,76.501258480427,74.02537645171432,71.53432424217053,69.03391113697484,66.52995121903196,64.0282669703174,61.53469544034536
54.53978140690978,56.60837106452159,58.61780631274637,60.58778089006253,62.53804367537441,64.48837359763179,66.45856641815848,68.46842757340843,70.53776819964244,72.66658236111991,74.77558374549042,76.76566622892076,78.53772453807701,80.03443671764744,81.36561172533877,82.68284158795441,84.13771857971656,85.81570182642298,87.53771735009407,89.08414543309195,90.33771685815398,91.19901921530979,91.5377167269883,91.24607854290377,90.33771685815398,88.87176284413754,86.96808047032872,84.76171697146381,82.3877197036235,79.95959554104223,77.50468908794986,75.02880497574426,72.53774905201314,70.03732932295797,67.53335760280814,65.0316523723621,62.53804367537441
55.542788778769776,57.611539845107785,59.62107308335712,61.5911083957959,63.541409461970574,65.49176381651642,67.46197235554351,69.47184365493709,71.54119081476782,73.67000912376474,75.77901303019982,77.76909699659231,79.5411561605109,81.03786883462604,82.36904415960984,83.68627425366125,85.14115143135587,86.81913482780399,88.5411504554038,90.0875786023835,91.34115006495067,92.20245244226962,92.5411499608444,92.24951177085427,91.34115006495067,89.87519600593197,87.9715135457056,85.76514988563673,83.39115232340154,80.96302763712922,78.50812025482307,76.0322344889455,73.54117561725381,71.04075063081223,68.53676954316316,66.03504765924838,63.541409461970574
56.545883993535995,58.61476318833405,60.62437420824159,62.59445772889053,64.54478917969385,66.49516292660293,68.46538394159366,70.47526329247356,72.54461563805333,74.67343723895036,76.7824431471538,78.77252829057576,80.54458813292021,82.04130119955605,83.3724767763751,84.68970705411726,86.14458437938666,87.82256789468488,89.54458360477292,91.09101180253506,92.34458329487006,93.2058856881925,93.54458321224085,93.25294501756345,92.34458329487006,90.87862920013305,88.97494667131707,86.76858288330047,84.39458508740384,81.96645998547748,79.51155186565337,77.03566478725389,74.54460357575923,72.04417441651111,69.54018589382173,67.03845079187786,64.54478917969385
57.649048940265075,59.71802984220044,61.72770260181345,63.697824387052364,65.64817995483664,67.59856909375374,69.56880001103772,71.5786857524333,73.64804221396368,75.77686642765096,77.88587392466172,79.87596000229362,81.64802038310543,83.14473376128524,84.47590953798617,85.79313996152382,87.2480174039234,88.92600101355298,90.64801678911203,92.19444502718022,93.44801654314196,94.30931894916641,94.64801647755912,94.35637827916142,93.44801654314196,91.98206242005529,90.07837983679966,87.87201594723089,85.49801796587704,83.06989253404578,80.61498382885293,78.1390957087031,75.64803264010239,73.1476001688853,70.64360574496824,68.14186015176558,65.64817995483664
58.652269240222054,60.721330874418456,62.731052639616635,64.70120479655695,66.65157950643335,68.60198086217113,70.5722196389826,72.58211045256324,74.65147018093765,76.7802964684026,78.88930522645234,80.87939204556774,82.65145285376161,84.14816647921415,85.47934241456149,86.7965729538171,88.25145048918299,89.92943417368343,91.65145000120685,93.19787827126596,94.45144980598027,95.31275222208632,95.65144975392714,95.35981155257662,94.45144980598027,92.98549566039247,91.08181303392809,88.87544906375729,86.50145093520592,84.07332524152883,81.61841607172835,79.14252712474007,76.65146258215128,74.1510274822163,71.64702837447135,69.14527445428672,66.65157950643335
59.75553347843294,61.82465919443685,63.83441985712534,65.80459612077898,67.75498602401593,69.7053970763615,71.67564209132945,73.6855369307246,75.75489925200232,77.88372718542858,79.99273694436673,81.9828243519984,83.75488549940577,85.25159932111889,86.58277538238394,87.90000601348498,89.35488362263828,91.03286736656383,92.75488323533138,94.30131153078167,95.55488308037994,96.41618550448771,96.75488303906533,96.46324483537117,95.55488308037994,94.08892891693296,92.18524625617374,89.97888222202909,87.60488397664696,85.17675807514269,82.72184853658273,80.24595893333192,77.75489322083675,75.25445603448298,72.75045320916854,70.24869267981342,67.75498602401593
60.858832593211005,62.92800917385813,64.937800710596,66.9079961081878,68.85839807057434,70.80881681919237,72.779066785417,74.78896482011494,76.85832919938608,78.9871584392146,81.09616899255906,83.08625686729664,84.85831828393808,86.35503226142332,87.68620842262936,89.00343912662822,90.45831679434659,92.13630058543784,93.85831648694091,95.40474480254424,96.65831636395586,97.51961879441464,97.85831633116445,97.56667812561014,96.65831636395586,95.19236218633407,93.28867949835501,91.08231541343427,88.70831707532348,86.28019100886667,83.82528117762203,81.34939105349505,78.85832441244378,76.35788557009573,73.85387979413636,71.35211401905357,68.85839807057434
61.962159391272564,64.03137634502747,66.0411923872018,68.01140297167947,69.96181450552731,71.91223936272482,73.88249325878249,75.89239382960129,77.96175984230588,80.0905901190277,82.1996013028933,84.18968954837328,85.96175117870595,87.45846527982765,88.78964152035695,90.1068722822148,91.56174999641634,93.23973382494302,94.96174975242826,96.50817808402707,97.76174965481499,98.62305209031454,98.96174962878843,98.67011142175771,97.76174965481499,96.2957954659426,94.39211275635918,92.18574863113741,89.81175021942786,87.38362402204808,84.92871395849943,82.4528234209526,79.96175604290534,77.46131588619218,74.9573077682993,72.4555378296636,69.96181450552731
63.06550816266311,65.13475716171752,67.14459265430263,69.11481529278913,71.0652344235788,73.01566412918675,74.98592114436632,76.99582372811021,79.06519103727365,81.19402213697896,83.30303382128983,85.29312236102831,87.0651841609679,88.56189836021991,89.8930746637081,91.2103054714887,92.66518322258395,94.34316708082318,96.0651830289305,97.6116113732249,98.86518295145477,99.72648539095522,100.06518293079748,99.77354472259495,98.86518295145477,97.39922875365282,95.49554602692197,93.28918186971327,90.91518339958832,88.48705709829491,86.03214685036636,83.55625598468794,81.06518802168624,78.5647468217598,76.06073684506984,73.5589636018099,71.0652344235788
64.26887437498459,66.33814880912995,68.34799973978906,70.31823194565547,72.26865710618472,74.21909065999603,76.18935015083144,78.19925433223798,80.26862267040266,82.39745442331086,84.50646650482555,86.49655527811724,88.26861721267393,89.76533148981207,91.09650784327079,92.41373868750026,93.86861646787808,95.54660034970014,97.26861631417522,98.81504466854614,100.0686162526827,100.92991869535864,101.26861623628699,100.97697802715442,100.0686162526827,98.60266204779334,96.69897930745257,94.49261512485583,92.11861660836652,89.69049022459683,87.23557983032589,84.75968870420911,82.26862027692859,79.76817824900255,77.26416679698235,74.76239093083404,72.26865710618472
65.67225443061567,67.74154905305957,69.75141223709798,71.72165203666611,73.67208198302987,75.62251859117318,77.59278004694244,79.60268549641648,81.67205465130074,83.80088692265672,85.90989931943238,87.89998827809542,89.6720503194978,91.1687646584542,92.49994105157455,93.81717192473351,95.27204972835293,96.9500336288927,98.6720496063589,100.21847796872754,101.47204955755225,102.33335200274857,102.67204954453896,102.38041133466817,101.47204955755225,100.00609534703759,98.10241259589463,95.89604839314738,93.5220498398587,91.09392339062748,88.63901288020449,86.16312154737763,83.67205275159864,81.1716100664885,78.66759744349666,76.1658194955564,73.67208198302987
65.93015316689288,68.02214576393061,70.06669795995522,72.08309907416808,74.08999138153206,76.10456155632968,78.14181507038401,80.2141891409506,82.33185140925062,84.48824589533035,86.61535645884719,88.63180760538495,90.45890934361255,92.0588010417766,93.53568453413997,95.02053676940807,96.62978785104991,98.41250572536643,100.20225928266609,101.81972781651393,103.22560541548401,104.36992619624834,104.90811470496374,104.47838846331408,103.22560541548401,101.40393577891936,99.19925505868778,96.76442348493927,94.23502433366741,91.71452321018319,89.20811495304281,86.70479534469766,84.19872486754699,81.6862197846743,79.16456813927562,76.63220948752394,74.08999138153206
64.23593893278769,66.30518123883958,68.31501266901805,70.28523278991528,72.23565033401749,74.18607902699384,76.15633539071882,78.16623755404676,80.23560459243419,82.36443552025271,84.47344710004153,86.46353557832174,88.23559734283756,89.73231152159428,91.06348781193302,92.38071861012227,93.83559635351197,95.51358020554548,97.23559614934571,98.78202449098853,100.03559606766409,100.89689850632892,101.23559604588539,100.94395783792761,100.03559606766409,98.56964187172719,96.66595914857768,94.45959499804972,92.0855965401253,89.65747026053509,87.20256005111577,84.72666925397024,82.23560141314104,79.73516043109817,77.23115084263318,74.7293782895714,72.23565033401749
63.1292737347258,65.1984396916719,67.20822478003606,69.17841618131948,71.12881562504296,73.07923276622739,75.04948169834006,77.05937906567243,79.12874301511474,81.25757198209047,83.36658236951672,85.35667014669545,87.12873150710519,88.62544545205614,89.95662159238874,91.27385228116228,92.72872993664888,94.40671371788916,96.12872961255516,97.67515792394934,98.92872948289366,99.790031912026,100.12872944832212,99.83709124315632,98.92872948289366,97.46277530823238,95.55909262593843,93.3527285516227,90.97873023287902,88.55060420087386,86.09569443075881,83.61980441542103,81.12873796830624,78.62829947182613,76.12429431213332,73.62252963266486,71.12881562504296
62.539235555074114,64.618032178685,66.64243093532028,68.63209845648781,70.60644403073965,72.58425777691369,74.58336150886404,76.62038896715502,78.71087657639978,80.85182109636227,82.96881013935294,84.97055073595446,86.76706607475653,88.31008476150399,89.70768639147998,91.10283491161675,92.63089732300422,94.35931252471607,96.11428127277775,97.69555263452628,99.02480449095947,100.03028317334893,100.47337342760517,100.10923083769359,99.02480449095947,97.38417849626262,95.33837314900134,93.02759719317514,90.58427996229591,88.11559850468717,85.63828878281558,83.15052828246985,80.6529851613778,78.14734509278279,75.63574657827118,73.12085845557209,70.60644403073965
45.455057848107415,47.518231384529514,49.524375149896414,51.49230834545471,53.441283956300936,55.390792149912144,57.36045622708443,59.36997611557024,61.43909692554328,63.56777154197299,65.67668806815658,67.66672065457246,69.43875020339652,70.93544574284658,72.2666100744533,73.58383214982607,75.03870288540799,76.71668109366061,78.43869312037319,79.98511905053016,81.23868921363054,82.09999089234233,82.43868817197759,82.14705018660314,81.23868921363054,79.77273671383682,77.86905724777768,75.66269917304862,73.28871181088712,70.86060526919115,68.40573008162067,65.92990161041675,63.438944874717336,60.93870203159162,58.43504546464197,55.933900453012896,53.441283956300936
46.45511848598778,48.51956772415519,50.52648735273234,52.494901965447966,54.44418121834991,56.393883292180504,58.36367213688581,60.373272560229395,62.44244524676023,64.5711527968115,66.68008935052472,68.67013371336216,70.44217005009011,71.93886951689359,73.2700363682452,74.58726028154805,76.04213249370345,77.7201118911249,79.44212474318536,80.98855118145346,82.24212164240072,83.10342348123822,83.4421208156401,83.1504827833663,82.24212164240072,80.77616878522176,78.8724886328788,76.66612927795227,74.29213957786848,71.86402887732976,69.40914631057099,66.93330470725655,64.44232456201355,61.942039972739025,59.43830903094772,56.93703182019226,54.44418121834991
47.455873040518696,49.52133594845453,51.52887181496691,53.49766869929209,55.4471890215369,57.39704500611174,59.36693289031817,61.37659723889753,63.44581110176617,65.57454479199009,67.6834972418402,69.67355095173056,71.44559267605892,72.94229526001969,74.27346411130097,75.59068948337358,77.04556286748826,78.72354320875486,80.44555671589494,81.99198355745138,83.24555425479997,84.10685622072934,84.44555359859953,84.15391552910167,83.24555425479997,81.77960111396396,79.87592041691686,77.6695600458958,75.29556849019853,72.86745448877372,70.41256606511693,67.93671403873765,65.44571531300582,62.94539758877147,60.44160761239701,57.94022546490373,55.4471890215369
48.457179045953566,50.52344722630646,52.5314724754262,54.50057287644003,56.45028457870778,58.40026273990922,60.37022923903052,62.37994432804966,64.44919087378783,66.57794531194666,68.68691037874288,70.67697150745764,72.44901750795094,73.9457225660104,75.27689300464124,76.59411953454251,78.04899384884322,79.72697493924099,81.44898896631847,82.9954161279652,84.24898701294573,85.11028907974801,85.44898649211903,85.1573483930764,84.24898701294573,82.78303364697094,80.8793525175916,78.67299134009514,76.29899831159435,73.87088169024794,71.41598861794769,68.94012831871221,66.44911484543391,63.94877082132217,61.44493398713172,58.94346854485434,56.45028457870778
49.45892317297364,51.52583095397987,53.534244799222265,55.50358616935219,57.45344979724155,59.40352494117771,61.37355384154134,63.383309205130516,65.45258169202822,67.58135259812752,69.69032767911008,71.68039469618975,73.45244409069227,74.94915111245108,76.2803228109648,77.59755025983674,79.05242531242749,80.7304069974115,82.45242143716382,83.9988488528665,85.25241988677061,86.11372203363578,86.45241947339014,86.16078135089782,85.25241988677061,83.78646634210298,81.88278486958119,79.67642305198436,77.30242885451727,74.8743101537336,72.41941339178973,69.94354652634351,67.45252134780216,64.95215644905923,62.44828242251272,59.946750865063905,57.45344979724155
50.46101531154739,52.52843103116484,54.53715341433457,56.50668608448173,58.45667031295396,60.40682243911991,62.37690087024464,64.38668820095074,66.45598127783214,68.58476525472943,70.693748284046,72.68381997474918,74.45587206308804,75.95258064343975,77.28375334192489,78.60098152018523,80.05585715875769,81.73383931566546,83.45585408295811,85.00228170030518,86.25585285241004,87.11715506282124,87.45585252430976,87.16421438320539,86.25585285241004,84.78989916591381,82.88621742103959,80.67985509539446,78.3058599701174,75.8777396188807,73.42283992845663,70.94696785138004,68.4559333822848,65.95555191508117,63.4516483681339,60.95006433248251,58.45667031295396
51.46338384000774,53.53120289185648,55.54017023042809,57.50985476240905,59.45993472242512,61.41014795382645,63.38026569934553,65.39007840310592,67.45938782256538,69.58818217387845,71.69717151183536,73.68724691201193,75.459301138456,76.95601095586602,78.28718444803008,79.604413205207,81.05928930887379,82.73727184034784,84.45928686760953,86.00571464500194,87.25928589092284,88.1205881517705,88.45928563050944,88.16764747463269,87.25928589092284,85.79333209185711,83.88965013081656,81.68328740193306,79.3092915402522,76.8811698790484,74.42626786428295,71.95039165071655,69.45934980765314,66.95895518989296,64.45502821207893,61.95340252284009,59.45993472242512
52.56597184830025,54.63411113930215,56.64327294239166,58.613078024146034,60.56323397314202,62.51349570657234,64.48364465708295,66.49347749991404,68.56279989067349,70.69160247623925,72.80059682139472,74.79067516579227,76.56273108925527,78.05944188852061,79.39061601062875,80.70784522729238,82.16272170010501,83.84070452887269,85.56271976247201,87.10914766689243,88.36271898727517,89.22402128815429,89.5627187805849,89.2710806129833,88.36271898727517,86.89676509886299,84.9930829662511,82.78671991731699,80.41272347115171,77.98460077022531,75.52969691062569,73.05381741391503,70.56276971809726,68.06236466263226,65.55841908740621,63.056760336678536,60.56323397314202
53.56873412658433,55.6371276635152,57.646443840472045,59.616344613328664,61.56656087910429,63.516861110366634,65.48703482901112,67.49688365652561,69.56621634273064,71.69502546387334,73.80402378326218,75.79410446449577,77.56616173488597,79.06287331345133,80.3940479355468,81.71127751690554,83.16615428270953,84.84413734743937,86.56615274480902,88.1125807500517,89.36615212953485,90.22745446218696,90.56615196548466,90.27451378857705,89.36615212953485,87.90019817020833,85.99651590142014,83.79015259846159,81.41615568839055,78.9880321622351,76.53312683838757,74.05724473583726,71.56619239466517,69.06577905472463,66.5618187185208,64.06013372623286,61.56656087910429
54.57163476637484,56.64023014377324,58.64966886453749,60.61964559420365,62.569909736139465,64.52024052425135,66.49043390182759,68.50029541657793,70.56963627435783,72.69845058282053,74.80745205657136,76.79753459255691,78.5695929320054,80.06630512910218,81.39748014803814,82.71471001885573,84.16958701720719,85.84757026922037,87.56958579657464,89.11601388184002,90.3695853082312,91.23088766610155,91.56958517802448,91.27794699373067,90.3695853082312,88.90363129261988,86.99994891574849,84.79358541117062,82.41958813289713,79.99146395175659,77.53655746573347,75.06067329492281,72.5696172667179,70.0691973513446,67.56522529921764,65.06351947858688,62.569909736139465
55.574645251068844,57.643400857923666,59.65293685260201,61.62297387346885,63.57327601643951,65.52363105823196,67.49384003939673,69.50371162412887,71.57305896773886,73.70187739339849,75.81088137077495,77.80096537888065,79.57302456684218,81.06973725486802,82.40091258877668,83.71814268933798,85.17301987226259,86.85100327292267,88.57301890344579,90.11944705222521,91.3730185158473,92.23432089373344,92.57301841250218,92.28138022234592,91.3730185158473,89.90706445556278,88.00338199290564,85.79701832830237,83.42302075778639,80.99489605678355,78.53998864834023,76.06410283594772,73.57304388133494,71.07261874701192,68.56863739587043,66.06691504351933,63.57327601643951
56.57774293692616,58.646625735987996,60.656238943846404,62.626323820542865,64.57665612602666,66.52703041841475,68.49725178433488,70.50713136169,72.57648385313621,74.70530554662878,76.81431151113854,78.80439668766833,80.57645654909571,82.07316962677245,83.40434521067519,84.72157549358425,86.1764528230047,87.85443634164592,89.57645205405424,91.1228802532448,92.37645174641712,93.23775414018971,93.57645166439201,93.28481346958277,92.37645174641712,90.91049765067541,89.00681511993011,86.80045132831455,84.42645352584546,81.99832841222747,79.54342027165828,77.06753315633982,74.57647187903052,72.07604260240842,69.57205387058369,67.07031839683766,64.57665612602666
57.68090984523444,59.74989360816137,61.75956810446037,63.729690966037296,65.6800472121989,67.6304367840699,69.6006679798896,71.61055390103981,73.67991047834492,75.80873476552553,77.91774230722673,79.90782841113631,81.67988880709427,83.17660219403727,84.50777797636053,85.82500840399915,87.2798858496934,88.95786946197637,90.679885239377,92.22631347857893,93.47988499520527,94.34118740158698,94.6798849301019,94.38824673159955,93.47988499520527,92.01393087132116,90.11024828653424,87.90388439410899,85.52988640753856,83.1017609664276,80.64685224476935,78.17096409531689,75.67990097447901,73.1794684101019,70.67547382019316,68.17372793188841,65.6800472121989
58.68413170226982,60.75319560741664,62.762918751091576,64.7330717623486,66.68344701066418,68.63384871004206,70.60408770792921,72.61397866418196,74.68333848444715,76.81216483024387,78.9211736237645,80.91126046373657,82.6833212839519,84.1800349163598,85.51121085616955,86.82844139868013,88.283318936661,89.96130262326744,91.68331845225254,93.22974672321149,94.48331825845328,95.34462067484287,95.68331820678071,95.39168000534714,94.48331825845328,93.01736411223257,91.11368148455277,88.90731751211479,86.533319379423,84.10519367838066,81.65028449551158,79.17439552526575,76.68333094121624,74.18289576733996,71.67889652784682,69.17714237343789,66.68344701066418
59.78739717644301,61.8565246950148,63.86628645184396,65.83646339358604,67.78685372418919,69.73726504928482,71.70751023972181,73.71740519235632,75.78676758656799,77.91559556629231,80.02460535338372,82.01469277756935,83.7867539345182,85.28346776175177,86.61464382655868,87.93187446024318,89.38675207147197,91.06473581706902,92.78675168699672,94.33317998316124,95.58675153317814,96.44805395751101,96.7867514921656,96.49511328840553,95.58675153317814,94.12079736922884,92.21711470750495,90.01075067156081,87.63675242289244,85.20862651554238,82.75371696660984,80.27782734489949,77.78676159949691,75.28632435445576,72.7823214245724,70.28056070931231,67.78685372418919
60.89069727227326,62.95987528369086,64.9696676888758,66.93986362467736,68.89026592626891,70.84068489137056,72.81093499686575,74.82083312144215,76.8901975586011,79.01902683517645,81.1280374108662,83.11812529874268,84.89018672295717,86.386900704824,87.71807686884124,89.03530757489054,90.49018524425631,92.16816903667421,93.89018493909808,95.43661325526828,96.69018481701218,97.55148724764962,97.89018478446052,97.59854657885387,96.69018481701218,95.22423063899168,93.320547950247,91.11418386389799,88.74018552317892,86.31205945208225,83.85714961260491,81.3812594738266,78.89019280665666,76.38975391772834,73.88574805877239,71.3839821361361,68.89026592626891
61.99402484903945,64.06324293844261,66.0730596699209,68.04327068158261,69.99368248466033,71.9441075136821,73.91436152027933,75.92426216243484,77.99362822108512,80.12245852697293,82.23146972857404,84.22155798448233,85.9936196208258,87.49033372542515,88.82150996818567,90.13874073167099,91.59361844718003,93.27160227675972,94.9936182049758,96.54004653702451,97.79361810807616,98.65492054371751,98.99361808223988,98.70197987516764,97.79361810807616,96.32766391888735,94.4239812086962,92.21761708234084,89.84361866856108,87.41549246749868,84.9605823974157,82.48469184824009,79.99362444946243,77.49318425577846,74.989176072011,72.48740601626162,69.99368248466033
63.09737423851537,65.16662413896275,67.17646017865951,69.1466831562064,71.09710250068565,73.04753234267127,75.01778944558646,77.02769208595046,79.09705943158104,81.22589055443544,83.33490225282299,85.32499080083846,87.09705260554877,88.59376680756105,89.92494311282016,91.24217392189246,92.69705167402549,94.37503553310046,96.09705148178787,97.64347982643937,98.89705140487855,99.75835384449155,100.09705138437229,99.80541317613682,98.89705140487855,97.43109720682546,95.52741447961228,93.32105032150382,90.94705184973574,88.51892554551944,86.0640152924046,83.58812441749637,81.09705643804097,78.59661520877071,76.09260517979604,73.59083184358263,71.09710250068565
64.3007409414286,66.37001609102788,68.37986745593656,70.35009993091803,72.30052526105389,74.25095892310867,76.22121848358005,78.23112270992608,80.30049107703478,82.42932284831642,84.53833494100378,86.52842372086494,88.30048565920816,89.79719993853709,91.1283762934014,92.4456071386561,93.90048491985763,95.57846880234302,97.3004847672785,98.84691312193286,100.10048470623556,100.96178714900083,101.30048468995972,101.00884648080095,100.10048470623556,98.63453050114684,96.73084776042327,94.52448357711236,92.15048505931892,89.72235867322934,87.26744827484202,84.79155714139955,82.30048870105968,79.80004664984347,77.29603515632478,74.7942592163991,72.30052526105389
65.70412138645337,67.77341657676466,69.78328010547145,71.75352011863805,73.7039501996193,75.65438689367576,77.62464840471524,79.63455388985781,81.70392306771501,83.832755353654,85.94176775929742,87.93185672317465,89.7039187675824,91.20063310827761,92.53180950251357,93.84904037648627,95.30391818075944,96.98190208182574,98.70391805965733,100.25034642225094,101.5039180112075,102.36522045647474,102.70391799828937,102.4122797883978,101.5039180112075,100.03796380053464,98.13428104908783,95.92791684577377,93.55391829144997,91.12579184037747,88.6708813266873,86.19498998804605,83.70392118190185,81.20347847830627,78.69946582237704,76.19768781587953,73.7039501996193
65.9849423083486,68.07675052569577,70.12102219332967,72.13705316120418,74.14349785758989,76.15756648818606,78.19430385496113,80.26620367930661,82.38350392520371,84.53969358036792,86.66667034516395,88.6829275773283,90.50962819488554,92.10878141238928,93.58465125122794,95.06837840114821,96.67663079292882,98.45869091675924,100.24802738643933,101.86506538803245,103.27004320874968,104.4127730782121,104.94990056806161,104.52090358653078,103.27004320874968,101.45052500701291,99.24780667320962,96.81455745563915,94.28628281518277,91.76646930811845,89.26045073539603,86.75734055225811,84.25138516749269,81.73897290275471,79.2174574417171,76.68533619485356,74.14349785758989
64.29315357312304,66.36239758049115,68.37223004330701,70.34245080415944,72.29286875158766,74.2432977019687,76.21355423128944,78.22345650148452,80.29282360870154,82.42165458021262,84.53066618657031,86.52075468047286,88.29281645399317,89.78953063795967,91.12070693164088,92.4379377322682,93.89281547761662,95.57079933122759,97.29281527612267,98.83924361843951,100.09281519551016,100.9541176343874,101.29281517401651,101.00117696599652,100.09281519551016,98.62686099909916,96.72317827503933,94.51681412281314,92.14281566178741,89.71468937668038,87.25977915747228,84.78388834290611,82.2928204710214,79.79237943359385,77.28836974644449,74.78659701793856,72.29286875158766
63.186485738727384,65.25565439614292,67.26544112364033,69.23563354075941,71.18603362471103,73.13645117449502,75.10670036947255,77.11659790644512,79.18596196514727,81.3147910014805,83.42380143108215,85.41388923305976,87.18595060776323,88.68266456098422,90.01384070662272,91.33107139926642,92.78594905786228,94.46393284160662,96.18594873801055,97.73237705047471,98.98594861004618,99.84725103951568,100.18594857592714,99.89431037066257,98.98594861004618,97.51999443463237,95.61631175089329,93.4099476738818,91.03594935021516,88.60782330945258,86.15291352379873,83.67702348080743,81.18595698439518,78.68551839999755,76.18151308365357,73.67974812568673,71.18603362471103
62.5954439780772,64.6741606165936,66.69843674382204,68.68794071077363,70.66208579426531,72.63967129235452,74.63853605910062,76.67534021769269,78.76565490510471,80.90650062491916,83.02342475031017,85.02507072422137,86.82138828642817,88.36403547523973,89.76111099155902,91.1556524626395,92.68315445821123,94.41118889731686,96.16591120788783,97.74692400671856,99.07562129813299,100.08006967876638,100.52243484490776,100.15879401516491,99.07562129813299,97.43628988365987,95.39157668003178,93.0816259784013,90.63886760300227,88.17051722929651,85.69339168686543,83.20572915968653,80.70823958431743,78.20264254631849,75.6911069224597,73.1763277444948,70.66208579426531
45.49283186869041,47.556059124830696,49.56223556913998,51.53018904454242,53.47917744751001,55.42869380953971,57.39836314351042,59.40788642522756,61.47700942098368,63.60568542506188,65.71460279510447,67.70463587772105,69.4766657125547,70.97336141748474,72.3045258552616,73.62174800807608,75.07661880587386,76.75459706423248,78.47660912572135,80.02303507728774,81.276605252938,82.13790693839677,82.47660422033962,82.18496623298907,81.276605252938,79.81065273808574,77.90697324310983,75.70061511443924,73.32662765376867,70.89852093683874,68.44364543834452,65.9678164138175,63.47685869175805,60.97661408967292,58.47295438900541,55.971803807410495,53.47917744751001
46.49292172548135,48.55741365451718,50.564359240721316,52.53278995753567,54.48207936675392,56.43178792516804,58.40158094273234,60.41118405950415,62.48035848098043,64.60906713244367,66.71800435594113,68.70804911261803,70.48008567635372,71.9767852744994,73.30795221011866,74.62517618488718,76.08004844642343,77.7580278836141,79.48004076327656,81.02646721853736,82.28003768944548,83.14133953363802,83.48003686987144,83.18839883602921,82.28003768944548,80.81408482031449,78.91040464502026,76.70404524728028,74.33005546900961,71.90194462938712,69.44706181584652,66.9712197733545,64.48023884522195,61.97995285981274,59.47621943063672,56.97493779851834,54.48207936675392
47.49369950327362,49.55919632873492,51.56675281065237,53.53556248183702,55.48509086717394,57.43495199938877,59.40484319593284,61.41450968242543,63.48372492237678,65.61245948681376,67.72141246828012,69.71146649076402,71.48350839526967,72.98021108347724,74.311380001642,75.62860542250007,77.08347884580843,78.76145921863991,80.48347274768773,82.02989960273126,83.2834703079858,84.14477227816548,84.48346965748937,84.19183158674664,83.2834703079858,81.8175171576635,79.91383644239991,77.70747603739778,75.33348441964344,72.90537030782745,70.45048168829882,67.97462931334107,65.48362996621992,62.983311133842676,60.479519183134414,57.97813352610183,55.48509086717394
48.495023961343946,50.561319083351606,52.569360703013984,54.53847125613392,56.48818935935415,58.438171606758516,60.40814073509645,62.41785752106526,64.48710515982972,66.61586029186566,68.7248257806111,70.7148871574334,72.48693330093417,73.98363844173471,75.3148089334511,76.63203550207348,78.08690984748227,79.76489096293312,81.48690500739878,83.03333217975026,84.28690307100572,85.1482051411815,85.48690255470633,85.19526445467564,84.28690307100572,82.82094969750165,80.9172685536639,78.71090734919662,76.33691427144102,73.9087975624769,71.45390433471248,68.97804375880817,66.4870297923269,63.98668488866261,61.482846487382375,58.981378259392,56.48818935935415
49.49678274705078,51.56371192509337,53.572138768740615,55.54148819859972,57.49135690772998,59.44143529521412,61.411466282522255,63.421222993036,65.49049634749132,67.61926780432988,69.728243220217,71.71831043422091,73.49035994222902,74.9870670296596,76.31823877030743,77.63546624991238,79.09034132719367,80.76832303206234,82.49033748561565,84.03676490981469,85.29033594869924,86.15163809824197,86.49033553891212,86.19869741563556,85.29033594869924,83.82438239805563,81.92070091405817,79.71433907505455,77.34034483849388,74.91222606816788,72.45732918283161,69.98146209779202,67.49043652779143,64.99007093093526,62.486195660550976,59.98466189196073,57.49135690772998
50.49888652831778,52.566319239242404,54.57505194246522,56.544591010882286,58.49457927284314,60.4447339736206,62.414814061238616,64.42460246103393,66.49389622651015,68.62268064053495,70.73166393566746,72.72173578267028,74.49378796109883,75.99049659357436,77.32166932550143,78.63889752815464,80.093773186324,81.77175535901424,83.49377013726075,85.0401977613514,86.29376891740924,87.15507112994557,87.49376859216096,87.20213045043415,86.29376891740924,84.82781522616986,82.92413347218739,80.71777112955168,78.34377597324601,75.9156555668134,73.4607557784525,70.98488352708375,68.49384874728474,65.9934667259808,63.48956219177499,60.987976401064145,58.49457927284314
51.50126430268844,53.56909684588486,55.57807237751257,57.547761988596775,59.4978451503131,61.448060425314566,63.418179485646405,65.42799303796518,67.49730300397147,69.62609770223631,71.73508725117274,73.72516277540487,75.49721707335337,76.99392693213417,78.32510045084115,79.64232922737867,81.09720534659954,82.7751878906002,84.49720292655599,86.04363070930074,87.29720195835911,88.15850422089352,88.49720170020936,88.20556354383857,87.29720195835911,85.83124815552875,83.92756618725898,81.72120344489005,79.34720755858174,76.91908585356887,74.46418376107079,71.98830740916816,69.49726531949749,66.99687026194283,64.4929425005262,61.99131541824829,59.4978451503131
52.603859652679105,54.672009655135454,56.68117796233369,58.650987075874696,60.60114556626236,62.551408921780876,64.52155891589251,66.53139243223852,68.600715256798,70.72951811774172,72.83851263035257,74.82859107321335,76.60064705342958,78.09735788553098,79.42853202870626,80.74576126073646,82.20063774589434,83.87862058460436,85.60063582510422,87.14706373377281,88.40063505664577,89.26193735886369,89.60063485175218,89.30899668375847,88.40063505664577,86.93468116524558,85.03099902689586,82.82463596725835,80.45063950154625,78.02251676584854,75.56761284455236,73.09173323804387,70.60068534649287,68.10027994195978,65.59633374477846,63.09467388836505,60.60114556626236
53.60662776009893,55.67502980083739,57.68435114091265,59.654255114115315,61.604473397121154,63.554774915887194,65.52494946285945,67.53479882495171,69.60413185546753,71.73294119517922,73.841939647478,75.83202040686211,77.60407772229743,79.1007893269248,80.4319639657413,81.74919355929649,83.20407033489894,84.88205340752003,86.60406881036661,88.15049681898108,89.40406820044072,90.26537053415541,90.60406803781655,90.31242986059769,89.40406820044072,87.93811423874261,86.03443196540029,83.82806865394649,81.45407172836107,79.02594817460763,76.57104280179146,74.09516061209433,71.6041081155681,69.10369449857015,66.59973366871415,64.09804779882403,61.604473397121154
54.60953302775451,56.67813515596575,58.68757797520638,60.657557245187235,62.60782298827931,64.55815479831597,66.52834883334971,68.53821077240013,70.60755190346187,72.73636638540376,74.84536796464559,76.83545056265936,78.60750893786022,80.10422115564246,81.43539618784993,82.75262606834784,84.20750307447635,85.88548633275283,87.60750186445414,89.15392995239569,90.40750138035561,91.26880373906934,91.60750125128072,91.31586306673988,90.40750138035561,88.941547362862,87.03786498237596,84.83150147105539,82.45750418046816,80.02937997742305,77.57447345253343,75.09858921255423,72.60753306104425,70.10711292576916,67.60314048182647,65.10143396463053,62.60782298827931
55.61254718639215,57.68130815221275,59.690847400173084,61.660886437414035,63.61118985127338,65.56154570418849,67.531755207186,69.54162712868876,71.61097468920406,73.73979325255475,75.84879731365967,77.83888137099726,79.61094058733553,81.10765329177944,82.4388286362217,83.75605874446627,85.21093593356352,86.88891933919477,88.61093497316816,90.15736312407168,91.4109345889389,92.27223696749436,92.61093448649207,92.31929629613975,91.4109345889389,89.94498052716037,88.0412980616343,85.83493439167935,83.4609368113899,81.03281209300138,78.57790465370971,76.102018786418,73.61095973393768,71.11053442507776,68.60655276294955,66.10482985772683,63.61118985127338
56.61564778876756,58.68453484177394,60.69415063196507,62.664237109137446,64.61457042335786,66.5649453595473,68.5351671396516,70.54504698430387,72.61439964790883,74.74322145068723,76.85222748165243,78.84231269725763,80.61437258120765,82.11108567191543,83.44226126417871,84.759491553186,86.21436888750564,87.89235241009253,89.61436812523931,91.16079632611576,92.41436782027633,93.27567021458022,93.61436773896423,93.32272954399937,92.41436782027633,90.94841372334882,89.04473119032646,86.83836739446328,84.464369584237,82.03624445681999,79.5813362917664,77.10544913287436,74.61438777788742,72.11395836273482,69.60996938407825,67.10823347151302,64.61457042335786
57.71881701223734,59.78780415185658,61.797480697881085,63.76760482980619,65.71796187662248,67.66835195948705,69.63858348404828,71.64846961735375,73.71782633130188,75.84665070522293,77.95565829966992,79.94574443459373,81.71780484842793,83.21451824571368,84.54569403467269,85.86292446715149,87.31780191673425,88.99578553214886,90.71780131172302,92.26422955226303,93.51780106967374,94.37910347647716,94.7178010051363,94.42616280651043,93.51780106967374,92.05184694484848,90.14816435825425,87.94180046245765,85.56780246973034,83.13967701766708,80.6847682765756,78.2088800925387,75.7178169100479,73.2173842357188,70.71338944989859,68.21164321329982,65.71796187662248
58.722040707018934,60.79110729245882,62.80083206308181,64.7709860826461,66.72136196645424,68.67176407141312,70.64200333022471,72.65189445486601,74.7212543835852,76.85008079822796,78.959089633613,80.94917649820107,82.72123733260486,84.21795097322178,85.54912691829836,86.86635746465056,88.32123500571774,89.99921869480977,91.72123452552,93.26766279754099,94.52123433340535,95.38253675012965,95.72123428218194,95.42959608065034,94.52123433340535,93.05528018643763,91.15159755732337,88.94523358220954,86.57123544463104,84.14310973489589,81.68820053660257,79.21231153890704,76.72124690592356,74.22081164477811,71.71681224978933,69.21505781893741,66.72136196645424
59.82530763993908,61.894437285993604,63.90420033418256,65.87437807623834,67.82476891124018,69.77518055824886,71.745425955783,73.75532104206819,75.82468352236005,77.95351155672762,80.06252137704686,82.05260882077025,83.82466998898042,85.32138382272953,86.65255989171672,87.96979052845035,89.42466814212875,91.1026518896986,92.82466776099554,94.37109605800299,95.62466760851402,96.48597003311252,96.82466756785797,96.53302936402011,95.62466760851402,94.15871344397182,92.25503078110941,90.04866674304147,87.67466849049448,85.24654257624489,82.79163301507015,80.31574337157298,77.82467758733145,75.32424027302457,72.82023721972391,70.31847628504964,67.82476891124018
60.9286088936575,62.997788593742854,65.00758202391243,66.97777859493578,68.92818129687383,70.87860051748007,72.84885078734922,74.85874901800454,76.92811352348554,79.0569428434313,81.16595344549403,83.15604134887764,84.92810278203027,86.42481676906851,87.7559929364036,89.07322364487301,90.528101316183,92.20608511016675,93.92810101367736,95.47452933051662,96.7281008926527,97.58940332350096,97.92810086038399,97.63646265471561,96.7281008926527,95.26214671416163,93.35846402451327,91.1520999364786,88.77810159268108,86.34997551610829,83.89506566691429,81.41917551084374,78.92810881284726,76.42766986894267,73.92366391203007,71.42189781524391,68.92818129687383
62.03193738949048,64.1011568192428,66.1109743642719,68.08118588011729,70.03159800095335,71.9820232327705,73.95227736983196,75.96217809618264,78.03154420906023,80.1603745493712,82.26938577190454,84.25947404012089,86.03153568355852,87.52824979226241,88.85942603765635,90.17665680306249,91.63153452011468,93.30951835093714,95.0315342800158,96.57796261259554,97.83153418395847,98.69283661976716,99.03153415834677,98.73989595122552,97.83153418395847,96.36557999439616,94.46189728348779,92.2555331557945,89.88153473957138,87.45340853416253,84.99849845636746,82.52260789346701,80.03154047022228,77.53110023290354,75.0270919713877,72.52532177741503,70.03159800095335
63.135287508461914,65.2045384727783,67.21437515820332,69.184598535926,71.1350181326122,73.08544813555744,75.05570534202246,77.06560804921233,79.13497543788323,81.26380658805934,83.37281830306081,85.36290686084516,87.13496867118619,88.6316828764562,89.96285918380548,91.28008999440232,92.73496774776014,94.41295160782153,96.13496755719353,97.68139590226652,98.93496748095276,99.79626992069856,100.13496746062475,99.84332925235037,98.93496748095276,97.46901328260321,95.56533055482078,93.35896639565043,90.98496792194304,88.55684161427698,86.10193135504106,83.62604046923937,81.13497247036446,78.63453120646125,76.1305211157775,73.62874766985591,71.1350181326122
64.33865479039609,66.40793078440966,68.41778266184114,70.38801545444544,72.33844098475934,74.28887477456837,76.25913441722751,78.26903869661334,80.33840709788319,82.46723889085011,84.57625099672397,86.56633978433868,88.338401727151,89.83511600906562,91.16629236558886,92.48352321205363,93.93840099422724,95.61638487749556,97.33840084297441,98.88482919796328,100.13840078246207,100.99970322533278,101.33840076632772,101.0467625571381,100.13840078246207,98.67244657713809,96.76876383596267,94.56239965180896,92.18840113247629,89.76027474364861,87.30536434040297,84.82947319831439,82.33840474256124,79.83796266385679,77.33395112135955,74.8321750943582,72.33844098475934
65.74203569500267,67.81133155553924,69.82119549104061,71.79143575630658,73.74186599617002,75.69230279162541,77.66256436789749,79.67246989513785,81.74183910010879,83.87067140325938,85.97968381936894,87.96977278940018,89.74183483735503,91.23854918010252,92.5697255756552,93.88695645058831,95.34183425563305,97.01981815732071,98.74183413558359,100.28826249844273,101.54183408755495,102.40313653290585,102.7418340747491,102.450195864833,101.54183408755495,100.07587987669532,98.17219712488989,95.96583292090688,93.59183436536141,91.16370791211567,88.70879739456946,86.23290604906575,83.74183723068803,81.24139450527501,78.73738181047143,76.23560373486185,73.74186599617002
66.0535273118689,68.14510353564938,70.18902218908246,72.20458728958886,74.21046850154667,76.22390559687068,78.25999286837558,80.33129521854214,82.44813927502285,84.6040707818544,86.73087890530796,88.74689170487085,90.5730866242031,92.17130855298761,93.64589950278412,95.12820638341962,96.73519736557697,98.51642634951742,100.30523563558,101.92172933977832,103.32556922752462,104.46628579347498,105.00206963122439,104.5739962493951,103.32556922752462,101.50877101821898,99.30853101037464,96.87727832887919,94.35042153908243,91.8314746112251,89.32594700665709,86.82310063976892,84.31729022646388,81.80499487000574,79.28365092858576,76.75182865613039,74.21046850154667
64.36478846572012,66.43403457184255,68.44386830852544,70.4140898588297,72.36450830380275,74.3149375717193,76.2851943053196,78.29509670734646,80.36446389947196,82.49329492488238,84.60230656401552,86.59239507718979,88.36445686181811,89.86117105221143,91.19234735001601,92.5095781536509,93.96445590141559,95.64243975697251,97.36445570321817,98.91088404636648,100.16445562392451,101.02575806306379,101.3644556027825,101.07281739468577,100.16445562392451,98.6985014269287,96.79481870174584,94.58845454742476,92.21445608257324,89.78632979066066,87.33141955937703,84.85552872332066,82.36446081312576,79.86401970737546,77.3600098984886,74.85823695355408,72.36450830380275
63.258117379123064,65.32728936785821,67.33707811740061,69.30727178765999,71.25767266140016,73.20809071523442,75.17834023448313,77.18823798072458,79.25760217421015,81.38643129610308,83.49544177773245,85.48552961030205,87.25759100263835,88.75430496606127,90.08548111824513,91.40271181566314,92.85758947809455,94.53557326492788,96.25758916347577,97.80401747725978,99.05758903760497,99.9188914674904,100.2575890040441,99.96595079865773,99.05758903760497,97.5916348612628,95.68795217574103,93.48158809540409,91.10758976566437,88.67946371409869,86.22455390927614,83.74866383217127,81.25759727494548,78.75715858209247,76.25315307250295,73.75138777097932,71.25767266140016
62.66581403157595,64.74443010675027,66.7685520468463,68.75785035487883,70.73174331026553,72.70904174190665,74.70760592683624,76.74412917467643,78.83422630422302,80.9749477119859,83.09179015345563,85.09331706145814,86.88938573790293,88.43156535756546,89.82797855003591,91.22175558252671,92.74855164899152,94.4761063421224,96.23051810042793,97.81120502411547,99.13920323151675,100.14235227904709,100.5838026048034,100.22079488040178,99.13920323151675,97.50150344913558,95.4581658808636,93.14925412939054,90.70719906945737,88.23926526598035,85.76237142733777,83.27483214458215,80.77740992389835,78.27186701234196,75.76041049390794,73.24576834321434,70.73174331026553
45.53542646542027,47.59871373814527,49.60492669115703,51.57290282277738,53.52190551672035,55.471431004216186,57.44110621087566,59.45063328336954,61.519758720988236,63.64843627528609,65.75735458805022,67.74738822499984,69.51941837935047,71.01611426914718,72.3472788255325,73.6645010648613,75.11937193216383,76.79735024649858,78.51936234683797,80.06578832232199,81.31935851199242,82.18066020498856,82.51935748950936,82.22771949995118,81.31935851199242,79.85340598031742,77.94972645303699,75.74336826410538,73.36938069338498,70.9412737806916,68.48639793484753,66.01056829217296,63.519609468196194,61.01936290107898,58.515699699555526,56.014542895419154,53.52190551672035
46.53554896627104,48.6000885897215,50.6070631754085,52.57551188330302,54.52481263882099,56.47452844156737,58.444326120880305,60.45393224663576,62.52310860631731,64.651818488229,66.76075645997935,68.7508016566359,70.52283847397433,72.01953821884958,73.35070524860873,74.66792929204397,76.12280160874627,77.80078109036526,79.52279400086343,81.06922047510767,82.32279095714361,83.18409280731858,83.52279014559812,83.2311521100037,82.32279095714361,80.8568380746604,78.95315787372607,76.7467984281568,74.37280856253935,71.94469756753878,69.48981447830475,67.0139719451834,64.52299014244184,62.02270259733284,59.51896638935827,57.017679817876285,54.52481263882099
47.536352689309986,49.60188740722294,51.60946692023848,53.578290876518,55.52782826965317,57.477695152608845,59.447590049558585,61.45725892443562,63.526475702803054,65.65521124387176,67.76416481923582,69.75421919093509,71.52626129672657,73.02296410139398,74.35413309427787,75.67135856963685,77.12623203673058,78.80421244482491,80.52622599834706,82.0726528684578,83.32622358254446,84.1875255574724,84.52622293842029,84.23458486628687,83.32622358254446,81.8602704216245,79.95658968601032,77.75022924304605,75.37623755596442,72.94812332082444,70.49323448247674,68.01738171810288,65.5263816767936,63.02606160644855,60.52226745010101,58.020877872359506,55.52782826965317
48.53769776262929,50.60402298346902,52.612082891874834,54.58120478658972,56.53093004071211,58.480916853056215,60.45088891864329,62.460607600370196,64.52985646021507,66.65861236741932,68.76757832754735,70.75763998154414,72.52968628480639,74.02639151804144,75.35756206906258,76.67478868094244,78.12966306110377,79.80764420454278,81.52965826843374,83.07608545274405,84.32965635100959,85.19095842495406,85.52965583976787,85.23801773863337,84.32965635100959,82.86370296909413,80.96002180910412,78.75366057450623,76.37966744172545,73.9515506348788,71.49665723343688,69.02079634845074,66.52978183098537,64.02943594472444,61.525595792760726,59.02412445269158,56.53093004071211
49.539472924860746,51.606426007228364,53.614867372302015,55.5842258062016,57.534100191893856,59.484182202934576,61.45421552168706,63.46397373692555,65.53324806057746,67.6620201326771,69.7709959227044,71.76106335670318,73.53311299151451,75.02982015231062,76.36099194002878,77.67821945396724,79.13309455883164,80.81107628591455,82.53309075488573,84.07951818857653,85.33308923302498,86.19439138555892,86.53308882725212,86.24145070309947,85.33308923302498,83.86713567570524,81.96345417888772,79.7570923159694,77.38309803573517,74.95497918771962,72.50008216453503,70.0242148341757,67.53318882685457,65.03282245009774,62.52894579015319,60.027409551372045,57.534100191893856
50.54158971313398,52.60904140630703,54.61778563874924,56.58733185507103,58.53732462308112,60.48748220010509,62.45756413828508,64.46735373241935,66.5366482671628,68.6654331695267,70.77441676161669,72.76448878323039,74.53654106230306,76.03324975300895,77.3644225222958,78.68165075219956,80.13652643226168,81.81450862258338,83.5365234130671,85.08295104469133,86.33652220516525,87.19782442007572,87.53652188310309,87.24488374068093,86.33652220516525,84.87056850862702,82.96688674446926,80.76052438285244,78.386529191883,75.95840872378808,73.50350882601663,71.02763637993664,68.5366012530335,66.03621861271364,63.53231297558679,61.03072522420072,58.53732462308112
51.54397781681574,53.61182543214139,55.6208101167574,57.59050540201518,59.54059214053737,61.490809698560724,63.46093022774336,65.47074472803362,67.5400553046174,69.66885039048105,71.77784017511425,73.7679158379356,75.53997021576555,77.03668012076392,78.3678536691234,79.68508246728976,81.13995860388692,82.81794116188166,84.53995620755012,86.08638399627431,87.33995524883773,88.20125751325645,88.53995499321681,88.24831683629411,87.33995524883773,85.87400144180167,83.97031946545576,81.76395670802151,79.38996079420053,76.96183904024622,74.50693686090872,72.03106035446314,69.54001798929409,67.03962244042097,64.53569380359869,62.03406516507931,59.54059214053737
52.64658136874381,54.7147433376813,56.723918911023276,58.693732528711934,60.64389385823419,62.59415902587875,64.56431018585512,66.57414445462175,68.643467763803,70.77227093238648,72.88126563207084,74.87134418493034,76.64340022854864,78.14011109733299,79.47128526404349,80.7885145132405,82.24339101218999,83.92137386200713,85.64338911021592,87.18981702363041,88.44338834928533,89.30469065299881,89.64338814639886,89.3517499779671,88.44338834928533,86.97743445454708,85.0737523097873,82.86738923819243,80.4933927506435,78.0652699761009,75.61036598588015,73.13448625671052,70.64343814649524,68.14303235199912,65.63908545999745,63.137424368361266,60.64389385823419
53.64935598828825,55.71776752917617,57.72709463728336,59.69700218577887,61.647222722347166,63.59752567945554,65.5677011517986,67.57755111109702,69.64688452626126,71.77569411014831,73.884692710928,75.87477355761833,77.64683092337599,79.14354255711868,80.47471721461511,81.79194682179559,83.24682360834446,84.92480668978126,86.64682209874644,88.19325011112774,89.4468214947954,90.30812382969717,90.6468213337643,90.3551831561978,89.4468214947954,87.98086753044788,86.07718525201788,83.87082193107352,81.49682498815622,79.06870140357151,76.61379597604983,74.13791368899629,71.64686101891544,69.14644709240156,66.64248571105966,64.14079886075174,61.647222722347166
54.652266426033904,56.720876095997895,58.73032349388913,60.700305601801375,62.65057313363522,64.60090608532086,66.57110085483659,68.58096326789587,70.65030470425566,72.7791193800006,74.88812107709217,76.87820374440108,78.65026215954286,80.14697440043395,81.4781494474677,82.79537933878002,84.25025635359671,85.92823961887024,87.65025515542787,89.19668324635916,90.4502546760716,91.31155703572747,91.6502545482611,91.35861636344433,90.4502546760716,88.98430065647514,87.08061827195102,84.87425475309779,82.50025744875421,80.0721332212383,77.61722665292885,75.14134233567766,72.65028604641688,70.14986566547753,67.64589278381605,65.14418548844884,62.65057313363522
55.65528468906548,57.72405164171121,59.733594524102216,61.70363581394912,63.65394064758925,65.60429740665435,67.57450749261986,69.58437979034748,71.65372759317955,73.78254631035242,75.89155046499496,77.88163457733222,79.65369382537165,81.15040654815706,82.48158190436696,83.79881202119495,85.25368921718801,86.93167262837285,88.6536882662007,90.20011641947717,91.45368788573535,92.31499026503866,92.65368778429209,92.36204959372077,91.45368788573535,89.98773382228778,88.0840513535567,85.87768767762306,83.5036900864152,81.07556534860419,78.62065787485014,76.14477194622754,73.6537127844141,71.15328728056949,68.649305271021,66.14758174815508,63.65394064758925
56.658388549661794,58.72728035500168,60.736899030064905,62.706987295218966,64.65732173635512,66.6076973917705,68.57791963458266,70.58779977784718,72.65715263378006,74.78597455864758,76.89498066385377,78.8850659231123,80.65712583222356,82.15383893748901,83.48501453909229,84.80224483491224,86.25712217470507,87.93510570169983,89.65712141990592,91.20354962266578,92.45712111793037,93.31842351282776,93.6571210374148,93.3654828422761,92.45712111793037,90.99116701967814,89.08748448411191,86.88112068350348,84.50712286461123,82.07899772177856,79.62408952937217,77.14820232180173,74.65714088003685,72.15671131012427,69.65272205571844,67.15098565292425,64.65732173635512
57.76156035953689,59.83055127145575,61.840230107344965,63.810355658446994,65.7607135997189,67.71110425344247,69.68133614525884,71.69122251557451,73.76057938217401,75.88940385299749,77.99841150636968,79.9884976759412,81.76055810974589,83.25727151858608,84.58844731495827,85.90567775284426,87.3605552067711,89.03853882568424,90.76055460768657,92.30698284972146,93.56055436800841,94.42185677528292,94.76055430410315,94.46891610533933,93.56055436800841,92.09460024213172,90.19091765351845,87.98455375395551,85.61055575435003,83.18243029005139,80.7275215272499,78.25163330457693,75.76057005321034,73.26013725604783,70.75614225136422,68.2543956256672,65.7607135997189
58.764786107372544,60.833855687121755,62.84358227529992,64.81373742130026,66.76411401505219,68.71451657310777,70.68475612341228,72.69464743616967,74.76400748604871,76.89283397760315,79.0018428597572,80.99192975184519,82.76399060209957,84.26070425188728,85.59188020284766,86.9091107534916,88.36398829800669,90.04197198987549,91.76398782251295,93.31041609572041,94.56398763228026,95.42529004937846,95.76398758155864,95.47234937991753,94.56398763228026,93.09803348447801,91.19435085376125,88.9879868756581,86.61398873262038,84.18586301317393,81.73095379764942,79.2550647692884,76.76400008163807,74.26356472299946,71.75956515429806,69.25781041461659,66.76411401505219
59.86805466994319,61.93718669272948,63.946951183568586,65.91712981969904,67.86752121819238,69.81793322482773,71.7881788537214,73.79807408931501,75.86743666577176,77.99626476118425,80.10527461862412,82.0953620841742,83.86742326496504,85.36413710599298,86.69531317965017,88.01254381979012,89.46742143620514,91.14540518597894,92.86742105880552,94.4138493567547,95.66742090781773,96.52872333271299,96.86742086755996,96.57578266363515,95.66742090781773,94.20146674261316,92.29778407847883,90.09142003803824,87.7174217811583,85.28929585920088,82.8343862843497,80.35849661651328,77.86743078888259,75.36699339719526,72.86299020601832,70.3612290262246,67.86752121819238
60.97135721720453,63.04053880379567,65.0503333790325,67.02053065969713,68.97093380888415,70.92135331492852,72.89160376842878,74.90150211759064,76.97086669939792,79.09969606779512,81.20870669932054,83.19879462002802,84.97085606316591,86.46757005598135,87.79874622702306,89.11597693819604,90.57085461167809,92.24883840741111,93.97085431213581,95.5172826297225,96.77085419229672,97.63215662338052,97.97085416034409,97.67921595460675,96.77085419229672,95.30490001327992,93.40121732262205,91.19485323270422,88.82085488546761,86.3927288027771,83.93781894272811,81.46192876733949,78.97086203490501,76.4704230295834,73.9664169632381,71.46465067189968,68.97093380888415
62.074686739778926,64.14390766691018,66.15372612080184,68.12393819989853,70.07435067571983,72.02477613409079,73.99503041690093,76.00493123731054,78.07429741076842,80.20312778953537,82.31213903545327,84.30222731741961,86.07428896878255,87.57100308207184,88.90217933040768,90.21941009795968,91.67428781673581,93.35227164894668,95.07428757898896,96.62071591216193,97.87428748387259,98.73558991986825,99.07428745851179,98.7826492513358,97.87428748387259,96.40833329389302,94.5046505821834,92.29828645299546,89.92428803404269,87.49616182377824,85.04125173736756,82.56536115913433,80.07429370855613,77.57385342249063,75.06984507411784,72.5680747257284,70.07435067571983
63.178037673710676,65.24728982653424,67.25712723333787,69.22735105811884,71.1777709365592,73.12820111932123,75.09845844146739,77.10836122331204,79.17772866006561,81.30655984076428,83.41557157432611,85.40566014302382,87.17772195965516,88.67443616856461,90.00561247824888,91.32284329054889,92.77772104527503,94.45570490643837,96.17772085657522,97.72414920211904,98.9777207810813,99.83902322097549,100.17772076095243,99.88608255263458,98.9777207810813,97.51176658240057,95.60808385398217,93.4017196936255,91.02772121775162,88.59959490623166,86.14468464015751,83.66879374218618,81.17772572161664,78.67728441902307,76.17327425940084,73.67150069091824,71.1777709365592
64.38140560250142,66.45068253985689,68.46053498985572,70.43076813729387,72.38119389123754,74.3316278237678,76.30188755824337,78.31179189688284,80.38116033631597,82.50999215350868,84.6190042741139,86.60909307039054,88.38115501819547,89.87786930299873,91.20904566137526,92.52627650919182,93.98115429245145,95.65913817659441,97.38115414268032,98.92758249804291,100.18115408276077,101.04245652574923,101.38115406678446,101.08951585756033,100.18115408276077,98.71519987717392,96.81151713549374,94.60515295039843,92.23115442934625,89.80302803745968,87.34811762878655,84.87222647703891,82.38115800406675,79.88071589465372,77.37670429743989,74.87492817316165,72.38119389123754
65.78478702053232,67.85408362981441,69.86394801976832,71.83418856666822,73.78461898402762,75.73505589276131,77.70531754190829,79.71522311617834,81.7845923514395,83.91342467381816,86.02243710162,88.01252607852621,89.78458813044372,91.28130247548391,92.61247887250752,93.9297097485136,95.3845875544203,97.06257145680217,98.78458743554687,100.33101579870261,101.58458738798869,102.44588983343307,102.78458737530829,102.49294916536485,101.58458738798869,100.11863317692044,98.2149504247144,96.00858621998404,93.63458766307375,91.20646120740021,88.75155068554619,86.27565933237611,83.7845905003316,81.28414775054516,78.78013501231295,76.2783568594945,73.78461898402762
66.12939127842566,68.22071477913059,70.26424882107793,72.27930625576656,74.2845732743736,76.29732180351058,78.33270005409798,80.40335057837876,82.51969682002613,84.67534657509137,86.80197061879966,88.81771658244757,90.64335935437101,92.2405641020905,93.7137574675073,95.19451125193739,96.80012196248272,98.5804410296314,100.36867297557406,101.98457044357183,103.3871633066617,104.52567187843951,105.0599809353244,104.63292139132564,103.3871633066617,101.57334471351801,99.37581618677069,96.94674551609492,94.42143701873887,91.9034358746208,89.39844393712693,86.89588535265835,84.39023306506616,81.87806521673822,79.35690833330546,76.8254120831398,74.2845732743736
64.44397222716157,66.51322061327456,68.52305573382716,70.49327814175467,72.4436971272367,74.39412674010866,76.36438369562853,78.37428624087109,80.4436535252371,82.57248460920115,84.68149628393996,86.67158481805015,88.44364661474565,89.94036081212074,91.27153711440472,92.58876792130694,94.04364567169652,95.72162952936742,97.44364547708031,98.99007382113189,100.2436453992194,101.10494783864333,101.44364537845942,101.1520071702793,100.2436453992194,98.77769120158828,96.87400847518539,94.66764431858851,92.29364584958086,89.86551955027502,87.41060930587312,84.93471844647087,82.44365049465765,79.9432093146848,77.43919937354816,74.93742619349601,72.4436971272367
63.33729760751726,65.40647321525007,67.4162641614495,69.38645919306205,71.33686092479124,73.28727952620176,75.2575293977232,77.26742737130436,79.33679171121213,81.465620926053,83.57463146420281,85.56471933000606,87.33678074149782,88.8334947160036,90.16467087529807,91.4819015779026,92.93677924450083,94.6147630346899,96.33677893556683,97.88320725078471,99.13677881197037,99.99808124230768,100.33677877901594,100.0451405734972,99.13677881197037,97.67082463461972,95.76714194716129,93.56077786321174,91.18677952687457,88.75865346357284,86.30374363792637,83.82785352376223,81.33678690047148,78.83634808979775,76.33234237027557,73.83057669552826,71.33686092479124
62.743621606083906,64.82212822967367,66.84608234460264,68.83515678357163,70.80877525586446,72.78576112772862,74.7839979910067,76.8202152954185,78.91007545155117,81.05066144212854,83.16741489822078,85.1688120911419,86.96460959765221,88.5062796961968,89.90197094252174,91.29491443563043,92.82094048865392,94.54797173502783,96.30204458791818,97.88237582984743,99.20961082220772,100.21134065832501,100.65179120607598,100.28947541413768,99.20961082220772,97.57369195107118,95.53185478930158,93.22407556321463,90.78278684301512,88.3153068164599,85.83866533727789,83.35126027434353,80.85391140318067,78.34842743381404,75.83705705622614,73.32256411188095,70.80877525586446
45.57796113712128,47.64130775666119,49.64755681014972,51.61555534435172,53.564572169163085,55.51410667984081,57.48378769334413,59.49331851410406,61.56244636619823,63.69112545332757,65.80004469823864,67.79007888330312,69.56210935358646,71.05880542617611,72.38997009983927,73.70719242471193,75.1620633607395,76.84004173042247,78.56205386917651,80.10847986830987,81.36205007184316,82.22335177229213,82.56204905936198,82.27041106762093,81.36205007184316,79.89609752353417,77.9924179643116,75.78605971579498,73.41207203625927,70.98396492999855,68.5290887407011,66.05325848681301,63.56229857327929,61.06205006317063,58.558383400054026,56.05722044314953,53.564572169163085
46.578115917934795,48.642702702970396,50.64970596366209,52.61817246114134,54.567484435808026,56.5172074016734,58.48700969046148,60.496618791454736,62.56579706760236,64.69450816616074,66.8034468777706,68.79349250947132,70.56552957756759,72.06222946752644,73.39339659036943,74.71062070170106,76.16549307295057,77.84347259849955,79.56548553948747,81.11191203250222,82.36548252554113,83.2267843816314,83.56548172193413,83.27384368460716,82.36548252554113,80.8995296298555,78.99584940356863,76.78948991070666,74.41549995872231,71.98738881008668,69.53250544825187,67.05666243000488,64.56567976246507,62.065390675151065,59.56165171954436,57.06036026408893,54.567484435808026
47.578945296494695,49.64451748317367,51.65211976945277,53.62095785078395,55.57050415075092,57.52037671996942,59.490275275827514,61.49994651230172,63.56916481182952,65.69790131857498,67.80685548117472,69.79691019817203,71.56895250299135,73.06565542281213,74.39682448957694,75.71405001882542,77.1689235292134,78.84690397217499,80.56891754989691,82.1153444349058,83.36891515772555,84.23021713734848,84.56891451990217,84.27727644639361,83.36891515772555,81.9029619863268,79.99928123059033,77.79292075008976,75.41892899445855,72.99081463737801,70.5359255826659,68.06007243324431,65.56907170553394,63.0687504111074,60.56495407385955,58.06356061937933,55.57050415075092
48.580310754639015,50.64666573753988,52.65474372985898,54.623876839069226,56.573609163927216,58.52360049002286,60.49357545991768,62.503296016139615,64.57254608336825,66.70130275704551,68.81026918326839,70.80033111133045,72.57237757256192,74.06908289719456,75.40025350685518,76.71748016150724,78.1723545760313,79.85033574714448,81.57234983024281,83.11877702637781,84.37234793157481,85.2336500092457,85.57234742533402,85.28070932310808,84.37234793157481,82.90639454134235,81.00271336538121,78.79635210099073,76.42235891380207,73.99424201017092,71.5393484369998,69.063487246399,66.57247218413026,64.07212532629471,61.56828344328426,59.066809026039834,56.573609163927216
49.582102110211686,51.64907882929897,53.65753455310751,55.62690189012244,57.57678188872991,59.5268674826915,61.496903106739694,63.50666280982516,65.5759380918021,67.70471077226115,69.81368693223166,71.80375458375744,73.57580434394956,75.07251157728817,76.40368341154857,77.7209109594354,79.17578609157351,80.85376784062149,82.57578232483759,84.12220976791363,85.37578081786357,86.23708297335517,86.57578041605994,86.28414229104104,85.37578081786357,83.90982725394261,82.00614574444882,79.79978385788411,77.42578953446625,74.99767060963265,72.54277345014609,70.06690587721897,67.57587943748305,65.075512289574,62.571634255655766,60.07009557438941,57.57678188872991
50.58423175991176,52.65170222273916,54.66045785519813,56.63001113929123,58.58000836282241,60.53016878383558,62.500252551821376,64.51004332689791,66.57933862227952,68.7081240075045,70.81710789322085,72.80718008748664,74.57923246607436,76.07594121435741,77.40711402058494,78.72434227743355,80.17921797914285,81.85720018689821,83.57921498948186,85.12564262855517,86.37921379339562,87.24051601065358,87.57921347448386,87.28757533137414,86.37921379339562,84.91326009161801,83.00957831739908,80.80321593701407,78.42922071176974,76.00110018270425,73.54620017674958,71.07032753814264,68.57929206802902,66.07890881563709,63.57500208796081,61.07341239789133,58.58000836282241
51.586630077240436,53.65449259583596,55.6634863308453,57.63318722665636,59.58327750187284,61.533497317312396,63.50361929887046,65.51343473649877,67.58274591681092,69.71154138592537,71.82053140361134,73.8106072034673,75.5826616602826,77.07937161098005,78.4105451886594,79.7277740082119,81.18265016199047,82.86063273382234,84.58264778909451,86.12907558373101,87.38264683976016,88.24394910604212,88.58264658663971,88.29100842917131,87.38264683976016,85.91669302856559,84.01301104423413,81.80664827190355,79.43265233087858,77.0045305285318,74.54962826332908,72.07375160407423,69.58270896649725,67.08231293181709,64.57838342940889,62.07675325210403,59.58327750187284
52.68924173922895,54.75741554054605,56.766598298572575,58.73641636990186,60.68658050671753,62.63684746616302,64.60699977892682,66.61683479167394,68.68615858004074,70.81496205281292,72.92395693747227,74.91403559909651,76.68609170540563,78.18280261046142,79.51397680044312,80.83120606661436,82.28608257920075,83.96406544000043,85.68608069583166,87.2325086139388,88.48607994234445,89.34738224753679,89.68607974144261,89.3944415725777,88.48607994234445,87.02012604430561,85.11644389320767,82.9100808097896,80.53608430064882,78.10796148769708,75.65305742932493,73.17717757887019,70.68612925244358,68.18572307235894,65.68177549333099,63.18011318032757,60.68658050671753
53.69202279792833,55.76044373248031,57.769776543946634,59.739687627640265,61.689910392495705,63.64021477181319,65.61039115914707,67.62024170895256,69.68957550445037,71.81838532977363,73.9273840773686,75.9174650103858,77.68952242590126,79.18623408843263,80.51740876439945,81.83463838505241,83.28951518242488,84.96749827257852,86.68951368759369,88.2359417036995,89.48951308955044,90.35081542562595,90.68951293009451,90.39787475218424,89.48951308955044,88.02355912258321,86.11987683912264,83.91351350879417,81.53951654873939,79.11139293366932,76.65648745205579,74.18060506873798,71.68955222704943,69.18913799449169,66.68517606785025,64.18348824812207,61.689910392495705
54.69493834781858,56.763555474986845,58.773007400186174,60.74299231420201,62.69326161471477,64.64359569524365,66.61379119100249,68.62365407275341,70.69299581098655,72.82181067836044,74.93081249197974,76.92089522780645,78.69295368244107,80.18966594618178,81.52084100787548,82.83807090988091,84.29294793328833,85.97093120548041,87.69294674683991,89.23937484072735,90.49294627217265,91.35424863276018,91.69294614561241,91.40130796052277,90.49294627217265,89.02699225049693,87.12330986198005,84.91694633567863,82.54294901773306,80.11482476602086,77.65991815477864,75.18403376112232,72.69297733565602,70.19255671180824,67.68858339733814,65.18687533252873,62.69326161471477
55.69796066923408,57.76673354157933,59.77628001764302,61.74632353483126,63.6966297723271,65.64698742737781,67.61719808977193,69.62707075950405,71.69641880193464,73.82523767120412,75.934241918335,77.92432608505496,79.69638536443989,81.19309810536109,82.52427347320659,83.84150359852171,85.29638080133321,86.97436421800933,88.69637985964842,90.2428080152712,91.49637948290476,92.35768186294747,92.69637938245383,92.40474119166593,91.49637948290476,90.03042541780688,88.12674294590676,85.92037926406148,83.54638166205768,81.11825690504207,78.66334939721222,76.18746340794675,73.69640413802665,71.19597844138465,68.69199608831323,66.19027195473251,63.6966297723271
56.70106775152141,58.76996425590491,60.77958578348594,62.74967581656733,64.70001137197872,66.6503877385523,68.62061043888187,70.6304908774089,72.69984392351216,74.82866596909922,76.93767214771361,78.92775745013574,80.69981738412599,82.19653050378581,83.52770611462427,84.84493641718046,86.29981376238513,87.97779729373829,89.69981301496937,91.2462412195915,92.49981271594771,93.36111511143201,93.69981263621975,93.40817444090916,92.49981271594771,91.03385861638564,89.13017607830415,86.92381227300362,84.54981444554267,82.12168928746729,79.6667810680149,77.19089381231211,74.69983228474278,72.19940256180632,69.6954130347445,67.19367614722056,64.70001137197872
57.8042421188006,59.87323676071513,61.88291786078655,63.85304481514717,65.80340364084151,67.75379485902047,69.72402711397226,71.73391371863941,73.80327073617786,75.9320953028167,78.04110301445313,80.03118921828363,81.8032496718348,83.29996309209983,84.63113889580197,85.94836933903454,87.40324679725676,89.08123041962921,90.80324620403245,92.3496744475454,93.60324596669878,94.46454837443909,94.80324590341866,94.51160770451841,93.60324596669878,92.13729183978246,90.23360924917282,88.02724534588579,85.6532473394793,83.22512186308248,80.77021307881459,78.2943248179389,75.80326149846918,73.30282857985122,70.7988333587594,68.2970863483289,65.80340364084151
58.80746989666744,60.87654243714444,62.88627082249168,64.856427082293,66.80680437802503,68.75720738409471,70.72744722262226,72.73733872138548,74.8066988910652,76.93552545866851,79.04453438706695,81.03462130634637,82.80668217227351,84.30339583112911,85.6345717879073,86.95180234279479,88.40667989071912,90.08466358533357,91.80667941987664,93.35310769425729,94.60667923150481,95.46798164897271,95.80667918127932,95.51504097952997,94.60667923150481,93.1407250828774,91.23704245057611,89.03067846951714,86.65668032108145,84.22855459203271,81.77364535947027,79.29775630078773,76.80669155908384,74.30625610404579,71.80225636358043,69.30050131853375,66.80680437802503
59.91074007061239,61.97987444347366,63.98964036078132,65.95981988095753,67.9102118366214,69.86062419884928,71.83087005650717,73.84076543973424,75.9101281112771,78.0389562670497,80.14796616119382,82.13805364832578,83.91011484155611,85.40682868978122,86.73800476805599,88.05523541156407,89.510113030685,91.18809678263801,92.91011265697708,94.45654095585739,95.71011250746625,96.57141493265496,96.91011246760226,96.61847426359152,95.71011250746625,94.24415834160676,92.34047567621477,90.13411163342816,87.76011337226385,85.33198744268506,82.8770778543109,80.40118816240823,77.91012229187517,75.4096848236754,72.90568149616894,70.40392007400543,67.9102118366214
61.01404389690893,63.083227348846435,65.09302305630642,67.06322103865207,69.01362463007106,70.96404441835156,72.934295053423,74.94419351976202,77.01355817703933,79.14238759334444,81.25139825400205,83.24148619183909,85.0135476448502,86.51026164337807,87.84143781808474,89.15866853193106,90.61354620756076,92.29153000502339,94.01354591094858,95.5599742292743,96.81354579228173,97.67484822359846,98.01354576064169,97.7219075548361,96.81354579228173,95.34759161274513,93.44390892108908,91.23754482930919,88.86354647867206,86.43542038993249,83.9805105191503,81.5046203246603,79.01355355817412,76.51311449212449,74.00910831757412,71.50734183386584,69.01362463007106
62.11737443470882,64.18659684242354,66.19641619498294,68.1666288310127,70.11704165783712,72.06746734022045,74.03772176714429,76.04762268055768,78.11698891391629,80.2458193307078,82.35483059974797,84.34491889531002,86.11698055450937,87.6136946723326,88.94487092357734,90.26210169325113,91.7169794137319,93.39496324731557,95.11697917831064,96.6634075120702,97.91697908412472,98.77828152030523,99.116979059012,98.82534085178186,97.91697908412472,96.45102489373257,94.54734218123068,92.34097805056481,89.9669796289131,87.53885341384748,85.08394331891782,82.6080527255238,80.11698524791876,77.61654491365333,75.11253647939796,72.61076597832397,70.11704165783712
63.22072617445994,65.28997950245935,67.29981762254967,69.27004188937403,71.2204620464079,73.17089240696951,75.14114984349916,77.15105269916114,79.22042018345799,81.34925139433678,83.45826314625077,85.44835172573943,87.22041354859051,88.71712776109857,90.0483040730916,91.3655348870757,92.8204126431548,94.49839650540775,96.22041245630083,97.76684080231023,99.02041238154541,99.88171482158631,100.22041236161343,99.9287741532526,99.02041238154541,97.55445818253722,95.65077545348997,93.4444112919603,91.07041281394423,88.64228649861357,86.18737622577794,83.7114853157735,81.22041727375273,78.71997593290281,76.21596570511541,73.71419201544668,71.2204620464079
64.42409474285161,66.4933726129674,68.50322562911086,70.47345912740242,72.42388510246728,74.3743191761177,76.34457900137974,78.35448339860812,80.42385187577642,82.55268371692313,84.66169585209445,86.65178465693592,88.42384660967747,89.92056089733691,91.25173725754594,92.56896810669913,94.02384589103264,95.70182977604041,97.42384574272654,98.97027409845865,100.22384568339312,101.08514812649804,101.42384566757312,101.13220745831485,100.22384568339312,98.75789147754637,96.85420873536711,94.64784454934076,92.2738460265883,89.84571963167721,87.39080921763747,84.91491805633915,82.42384956634112,79.92340742656398,77.4193957752474,74.91761955478341,72.42388510246728
65.82747666854773,67.89677401817647,69.90663885748506,71.87687968285965,73.82731027572387,75.77774729646505,77.74800901766945,79.75791463844162,81.82728390365324,83.95611624504417,86.06512868440717,88.05521766811127,89.82727972394699,91.32399407125413,92.65517046973218,93.97240134679916,95.42727915355819,97.10526305662647,98.82727903584754,100.37370739929659,101.6272789887546,102.4885814342914,102.82727897619823,102.53564076622769,101.6272789887546,100.16132477748005,98.25764202487787,96.05127781940854,93.67727926114878,91.24915280307465,88.79424227696117,86.31835091621068,83.82728207065273,81.32683929676628,78.82282651559264,76.32104828643139,73.82731027572387
66.20248847991165,68.2935733480678,70.33674417065359,72.35132208016482,74.35600880529773,76.36810658326318,78.40281454152688,80.47284865651281,82.58872401055905,84.74410720750221,86.87055707990565,88.88605054507629,90.71117074128719,92.30741244707409,93.77928189763766,95.25856347901089,96.8628649483877,98.64232048057582,100.43000433267031,102.04533561884459,103.44674382574556,104.5831532055669,105.11605899327391,104.68996422630855,103.44674382574556,101.63575472634324,99.44079778166376,97.01379427100066,94.48995134523271,91.97284495412131,89.46835961307005,86.96607314288256,84.46057035701257,81.94852305495893,79.42754300381765,76.89635491822287,74.35600880529773
64.52020160718581,66.58945214929503,68.59928857845628,70.56951179736518,72.51993129396052,74.47036123302735,76.44061839839756,78.45052107906693,80.51988845065685,82.64871958999007,84.75773129839811,86.74781985230561,88.51988166041201,90.01659586438916,91.34777217090891,92.66500298090072,94.1198807337725,95.79786459344241,97.51988054254272,99.06630888744844,100.31988046603665,101.18118290572974,101.51988044563791,101.22824223737895,100.31988046603665,98.85392626780474,96.95024354024821,94.74387938149928,92.36988090856156,89.94175460226455,87.48684434545785,85.01095346397935,82.51988547281124,80.01944422265248,77.51543415645858,75.01366075407577,72.51993129396052
63.41352364663015,65.4827026765505,67.49249569994456,69.46269201887374,71.41309456193027,73.36351368113694,75.33376388577264,77.34366207432947,79.41302655269618,81.54185585542996,83.65086644702632,85.64095434425576,87.41301577386122,88.9097297588471,90.24090592486547,91.55813663237446,93.01301430291286,94.6909980962752,96.4130139993545,97.95944231592824,99.2130138779087,100.07431630867329,100.41301384552767,100.12137563988381,99.2130138779087,97.74705969960436,95.84337701031464,93.63701292294894,91.26301458037315,88.83488850597361,86.37997866063577,83.9040885114278,81.41302182566514,78.91258290357845,76.40857698554092,73.90681095786786,71.41309456193027
62.81855314819326,64.89695651582798,66.92075229569873,68.90961550634844,70.88297496532601,72.85966585443288,74.85759375898371,76.89352224262991,78.98315866079693,81.12361678685733,83.2402862163631,85.24156091669708,87.03710232894724,88.57829114905891,89.97330027856665,91.36545594378748,92.89075394966443,94.61729013409797,96.37104239738466,97.95103712766469,99.27754985877533,100.27793598068365,100.71743942179057,100.35577915443562,99.27754985877533,97.643315951733,95.60289731848272,93.29618818411184,90.85562324921983,88.388571684561,85.91216844870821,83.42489008683103,80.92761045305836,78.42218211980918,75.91089304878014,73.3965409297967,70.88297496532601
45.64814723856428,47.71159052206838,49.71789837423711,51.6859333960157,53.63497323582821,55.584522442494944,57.554212913518995,59.56374983900682,61.6328816235028,63.761563207117376,65.87048397019215,67.86051904795679,69.6325500327913,71.12924640309078,72.46041126776132,73.77763373195688,75.23250477991502,76.91048323974206,78.63249544106102,80.1789214787114,81.43249170482277,82.29379341740994,82.63249070863137,82.34085271333512,81.43249170482277,79.96653912942244,78.06285951817658,75.85650117261551,73.4825133158553,71.05440589433667,68.59952914566598,66.12369789631066,63.632736208243514,61.13248453363171,58.628812232692866,56.12763925487823,53.63497323582821
46.64835459734222,48.7130181978484,50.720068162513655,52.68856363409836,54.637893881363894,56.58762851371796,58.55743830987785,60.567052256577966,62.636233654028715,64.76494673410902,66.87388665070871,68.86393299095424,70.63597046745312,72.13267059370563,73.46383786815181,74.78106209006441,76.23593455015344,77.91391414724995,79.63592713789572,81.18235366148144,82.4359241724406,83.29722603816501,83.63592338176281,83.3442853416141,82.4359241724406,80.96997125525256,79.06629098767479,76.85993141778849,74.48594132514066,72.05782992628383,69.60294612047153,67.12710231211338,64.63611823609924,62.13582663703434,59.632083206421754,57.13078379653169,54.637893881363894
47.64922576316893,49.71485897715718,51.72249835474744,53.69135944160152,55.64092024805663,57.5908020784066,59.56070659345724,61.57038167621165,63.639602453216256,65.76834053273468,67.87729565174968,69.86735093112455,71.63939356009516,73.13609666746311,74.46726585455579,75.78449147157265,77.23936505247269,78.91734555222166,80.63935916935705,82.1857860786302,83.43935681567325,84.30065880294278,84.63935618811178,84.3477181123636,83.43935681567325,81.97340362720801,80.06972283869888,77.86336229706401,75.48937042978795,73.0612558741062,70.60636646700726,68.1305126904688,65.63951084483509,63.1391875567782,60.63538766754988,58.13398789910589,55.64092024805663
48.650624423299476,50.717027880717296,52.72513532651624,54.69428670074355,56.64403054162503,58.594029219188656,60.56400891926796,62.573732528435784,64.64298456210008,66.77174248411202,68.8807096694511,70.87077204387577,72.64281876238753,74.13952423587693,75.47069494104207,76.78792166535604,78.24279613584564,79.92077735203102,81.64279146641192,83.18921868180544,84.44278959829148,85.30409168203147,85.64278910019556,85.35115099619205,84.44278959829148,82.97683619451334,81.07315499254054,78.86679367962768,76.49280040382634,74.06468334256493,71.60978948970316,69.1339278013561,66.6429118517806,64.1425634115666,61.63871870924282,59.1372392802714,56.64403054162503
49.65244215364551,51.71945737038446,53.72793648031532,55.6973183177636,57.647207458041464,59.597298887436054,61.567338266067395,63.57710039237294,65.64637723514934,67.77515090642736,69.88412766891443,71.87419567472051,73.64624563911687,75.14295299060348,76.47412490066601,77.79135250384363,79.24622768040166,80.9242094652235,82.64622397426857,84.1926514326301,85.44622249154018,86.30752465184885,86.64622209620117,86.3545839697714,85.44622249154018,83.980268916868,82.07658738672873,79.87022546165176,77.49623106790193,75.0681120179569,72.61321463647906,70.13734666848836,67.64631952449005,65.14595112062563,62.64207084895108,60.14052818966604,57.647207458041464
50.654592751106165,52.7220937842946,54.73086798392805,56.700432779215504,58.65043725937521,60.60060231233311,62.570689060480476,64.58048175892813,66.64977829314128,68.7785644647893,70.88754882872689,72.87762130418645,74.64967384485166,76.14638268690904,77.47755555330085,78.79478385403385,80.24965959099927,81.92764182714839,83.64965664943878,85.19608430064423,86.44965547259633,87.31095769367762,87.64965515881556,87.35801701458601,86.44965547259633,84.98370176228548,83.0800199716802,80.87365756072799,78.49966227966108,76.07154165129444,73.61664146914477,71.14076851697435,68.64973248788318,66.14934823862575,63.64543973479958,61.14384688724334,58.65043725937521
51.65700770356708,53.72489449517525,55.733902970488,57.70361300412182,59.65370903948258,61.60393253152495,63.57405687853142,65.58387384277819,67.65318600636688,69.7819820996717,71.89097249692435,73.88104851996474,75.65310310542134,77.14981313054764,78.48098675597947,79.79821561036306,81.25309179212445,82.93107438649247,84.65308945740591,86.1995172616717,87.45308852334537,88.31439079266188,88.65308827429737,88.36145011594016,87.45308852334537,85.98713470537797,84.08345270804065,81.87708991144888,79.50309392611744,77.07497204495523,74.62006963990618,72.144192731775,69.65314965053463,67.15275282463352,64.64882191246812,62.14718922898166,59.65370903948258
52.759632574469194,54.82782564715154,56.837020106787406,58.80684543168205,60.75701414067656,62.70728401838595,64.67743820866569,66.68727443311454,68.75659900191803,70.88540297011421,72.99439815603725,74.9844769948036,76.7565332032156,78.25324416734568,79.5844183952286,80.90164768904528,82.35652422384166,84.0345071025283,85.75652237077405,87.30295029652393,88.55652162940967,89.4178239370105,89.75652143174011,89.46488326216978,88.55652162940967,87.09056772599517,85.18688556457451,82.98052246190028,80.60652591759344,78.17840304208576,75.72349887271736,73.24761882472885,70.75657014616473,68.25616333808242,65.75221464011295,63.250550337899796,60.75701414067656
53.76242412062031,55.83086035455959,57.840202455000025,59.81011929640084,61.76034569041707,63.710652386051805,65.68083026360785,67.69068177515663,69.76001619009351,71.88882640863741,73.99782539534644,75.98790646896174,77.75996396551642,79.25667567493514,80.58785038098418,81.90508002357939,83.35995683857993,85.03793994293048,86.75995536779902,88.3063833899709,89.55995477937765,90.42125711736486,90.75995462248727,90.46831644401705,89.55995477937765,88.09400080814382,86.19031851649007,83.983955170878,81.60995818291187,79.18183451819112,76.72692894847967,74.25104640837887,71.75999328719757,69.25957855619447,66.75561574143819,64.25392634284042,61.76034569041707
54.76534799663128,56.833977269259535,58.843436568005,60.813426052261676,62.76369823337994,64.7140341524275,66.68423083099957,68.6940944760961,70.76343670598219,72.89225188545703,75.00125388886183,76.99133673628151,78.76339525523711,80.26010755619234,81.59128264176235,82.90851256118336,84.36338959858217,86.04137288204235,87.7633884312225,89.30981652992457,90.56338796419213,91.42469032629693,91.76338783966811,91.4717496541341,90.56338796419213,89.09743393913001,87.19375154411019,84.98738800567818,82.61339066557935,80.18526637445933,77.73035969329369,75.25447517519842,72.76341852789795,70.26299750843174,67.7590234890579,65.25731417107815,62.76369823337994
55.76837692789526,57.83715944156555,59.84671177057274,61.81675891538126,63.76706743930255,65.71742655362209,67.68763815483028,69.69751143043621,71.76685986309437,73.89567898007948,76.00468337784358,77.99476763313504,79.7668269635716,81.26353973403002,82.59471512082618,83.91194525996406,85.36682247388056,87.04480589950015,88.7668215473465,90.31324970679064,91.56682117666423,92.42812355791119,92.76682107782946,92.47518288668886,91.56682117666423,90.10086710887856,88.19718463181704,85.99082094034371,83.61682332075685,81.18869853246323,78.73379096913509,76.25790488110223,73.76684543511182,71.266419424466,68.76243651190796,66.26071138367226,63.76706743930255
56.77148925730626,58.8403934149389,60.85001958835461,62.82011250081732,64.7704498710208,66.72082739583924,68.69105084131522,70.70093176072834,72.77028511655698,74.89910735875662,77.00811365692888,78.99819902965038,80.77025900416035,82.26697214726389,83.5981477731435,84.91537808667081,86.37025544068953,88.04823897914116,89.77025470529892,91.3166829129541,92.5702544110882,93.43155680752835,93.770254332643,93.47861613705246,92.5702544110882,91.10430030939284,89.20061776721474,86.99425395427242,84.62025611285577,82.19213092995503,79.73722266645356,77.26133533235898,74.77027366504228,72.26984369287999,69.76585372175077,67.26411604476047,64.7704498710208
57.87466778978698,59.94366850667181,61.95335329436536,63.92348253417886,65.8738428003093,67.82423493780196,69.79446778418261,71.80435477053167,73.87371203390026,76.00253675659103,78.1115445631207,80.10163082274792,81.87369130845964,83.37040474733197,84.70158056297225,86.01881101491261,87.47368848013056,89.15167210813703,90.8736878964506,92.42011614237089,93.67368766293541,94.53499007143435,94.87368760067339,94.58204940155093,93.67368766293541,92.2077335343259,90.30405094046478,88.09768703111244,85.7236890136293,83.29556351752858,80.84065469829892,78.36476637520356,75.87370294481613,73.37326982838692,70.86927425483697,68.36752661780142,65.8738428003093
58.87789887392722,60.94697623647828,62.95670754883221,64.92686562265312,66.8772440616819,68.82764779742021,70.79788810536884,72.80777990707466,74.8771402718705,77.00596696333253,79.1149759670479,81.10506293061319,82.87712382206622,84.37383749569045,85.70501346194399,87.02224402374284,88.47712157721966,90.15510527630587,91.87712111395257,93.42354939024388,94.67712092861143,95.53842334668147,95.87712087919405,95.58548267726829,94.67712092861143,93.21116677864013,91.30748414375815,89.10112015788513,86.72712200065791,84.29899625597015,81.84408699565853,79.36819788759217,76.87713305785273,74.3766974458115,71.87269742559889,69.3709418832122,66.8772440616819
59.98117167228408,62.05030987265927,64.06007811322127,66.03025907322008,67.98065193633293,69.93106487770481,71.90131110794471,73.91120673161849,75.98056955802546,78.10939781210494,80.21840776602818,82.2084952883099,83.98055650180014,85.47727036174714,86.80844644754248,88.12567709653614,89.58055472006409,91.2585384755663,92.98055435236873,94.52698265276555,95.78055420526337,96.64185663092996,96.98055416604076,96.68891596189005,95.78055420526337,94.31460003833723,92.41091737089693,90.20455332428944,87.83055505614726,85.40242911415578,82.94751950375709,80.47162977265845,77.98056383225143,75.48012623943798,72.97612268989532,70.47436087299074,67.98065193633293
61.08447758171697,63.153664071699936,65.16346162318331,67.13366074833853,69.08406506000892,71.03448530795986,73.00473623875128,75.01463489593351,77.08399967612684,79.21282917045828,81.32183987856264,83.31192784429805,85.08398931338951,86.58070332122101,87.91187950189679,89.22911022009698,90.68398789922455,92.36197169950422,94.08398760738453,95.63041592691394,96.88398749062696,97.74528992232297,98.08398745949592,97.79234925357926,96.88398749062696,95.41803331024371,93.51435061696193,91.3079865221494,88.93398816597396,86.50586206738242,84.05095217911929,81.57506195351941,79.08399513157426,76.58355596661852,74.07954961583748,71.5777828188217,69.08406506000892
62.18780977299102,64.25703459209576,66.26685540829227,68.2370689513842,70.187482349878,72.13790839710421,74.10816305874208,76.11806412362824,78.18743045454545,80.31626093326656,82.42527223996527,84.4153605576703,86.1874222296326,87.68413635484015,89.01531261082256,90.33254338395203,91.78742110720906,93.4654049430286,95.1874208755755,96.73384921029039,97.9874207829049,98.8487232193865,99.18742075819623,98.89578255087791,97.9874207829049,96.52146659184082,94.61778387804858,92.41141974497569,90.03742131892821,87.60929509604308,85.15438498723881,82.67849436915287,80.18742684752995,77.68698643476262,75.1829778606326,72.68120711088551,70.187482349878
63.29116282516068,65.36041806713945,67.37025734894121,69.34048233570988,71.29090294648148,73.24133359662048,75.21159121944335,77.22149419532956,79.29086175705883,81.41969301709122,83.52870479889481,85.5187933959584,87.2908552289394,88.7875694473084,90.11874576306175,91.43597657978862,92.89085433807122,94.56883820209879,96.29085415422354,97.8372825009912,99.09085408067085,99.95215652095071,100.29085406105955,99.99921585262874,99.09085408067085,97.62489988112932,95.72121715105794,93.5148529876178,91.14085450611283,88.71272818457581,86.2578179007279,83.78192697112546,81.29085889416766,78.79041749101069,76.28640715220456,73.78463326516336,71.29090294648148
64.49453243525447,66.56381182453312,68.57366576274133,70.54389983245848,72.49432616765733,74.44476047114637,76.41502044426983,78.42492493692038,80.49429347554693,82.62312535570688,84.73213751460163,86.72222633339229,88.494288294174,89.99100258648527,91.32217894967886,92.63940980100901,94.09428758709142,95.77227147350771,97.49428744117142,99.04071579750536,100.29428738279262,101.15558982608718,101.4942873672271,101.20264915791331,100.29428738279262,98.82833317652253,96.9246504335304,94.71828624598777,92.34428772046613,89.91616132062907,87.46125089784886,84.98535972099559,82.49429120326798,79.9938490140377,77.48983727460539,74.98806089748643,72.49432616765733
65.89791518777206,67.96721374318406,69.97707931434465,71.9473205932634,73.89775147196757,75.84818867513235,77.81845051369461,79.82835621020354,81.89772552419457,84.0265578965504,86.1355703547427,88.12565934951829,89.89772141173547,91.3944357627348,92.7256121635817,94.0428430423765,95.49772085052365,97.17570475470987,98.89772073470687,100.44414909863356,101.69772068837159,102.55902313405892,102.89772067601723,102.60608246600262,101.69772068837159,100.23176647676107,98.32808372351371,96.1217195168409,93.74772095638323,91.31959449439935,88.86468396134853,86.3887925882521,83.89772372068518,81.3972809075477,78.8932680564365,76.3914897029379,73.89775147196757
66.32615738254529,68.41684129230862,70.45940170821113,72.47317354418286,74.4768844868259,76.48788758936867,78.5214675405122,80.59046391349197,82.70554624893353,84.86048043484101,86.98663687971369,89.00170490295068,90.82594438533826,92.42056229951177,93.89019790845072,95.36699329105613,96.96908186031092,98.74707684933219,100.53383327518401,102.14820619760631,103.54760807362227,104.68045864322696,105.21098284745787,104.78652569208413,103.54760807362227,101.74140855555216,99.55079733733766,97.12728211568586,94.6059096101379,92.09031034679406,89.58667795063077,87.08484952284721,84.57959835629588,82.06775392308504,79.54707143790037,77.01640184103869,74.4768844868259
64.64912797517268,66.71838207867286,68.72822066946227,70.69844522799174,72.6488655688699,74.59929604676171,76.56955355877315,78.57945646314727,80.648823978818,82.7776552096127,84.88666697363728,86.87675556024689,88.64881738720241,90.14553160208519,91.47670791560185,92.79393873069723,94.24881648766913,95.92680035064112,97.64881630203323,99.19524464834987,100.44881622776514,101.31011866790286,101.64881620796308,101.35717799957392,100.44881622776514,98.98286202854084,97.07917929907866,94.87281513677489,92.49881665734522,90.07069033949988,87.6157800622023,85.13988914425721,82.64882108808072,80.1483797219854,77.64436944921573,75.14259567957612,72.6488655688699
63.542444495909976,65.6116291787938,67.62142563341001,69.59162407879614,71.54202796204467,73.49244793657323,75.46269869146371,77.47259723512809,79.54196194220819,81.67079139012782,83.77980207000977,85.7698900191506,87.5419514786771,89.03866548097461,90.36984165809984,91.68707237371024,93.1419500507572,94.81993384936125,96.5419497560786,98.088378074892,99.34194963818534,100.20325206965573,100.54194960675153,100.25031140090094,99.34194963818534,97.87599545830571,95.97231276599092,93.76594867298229,91.39195032010119,88.9638242273698,86.50891434950469,84.03302414240969,81.5419573534528,79.04151824732863,76.53751200137357,74.0357453907202,71.54202796204467
62.94530220108307,65.02353227806597,67.04706230862705,69.03557095359662,71.00849557243518,72.98469115008555,74.98210017919456,77.01754351829433,79.10680405483001,81.24704734413899,83.36357558373804,85.36464444661166,87.15975546586807,88.70013526350247,90.0939973520758,91.48482761222138,93.00890021177302,94.73460282201802,96.4878151476551,98.06724300923818,99.3925386611983,100.3906590494579,100.82856437359446,100.46801031689753,99.3925386611983,97.76114323487887,95.72311195608826,93.41820238059515,90.97885395189905,88.51252227093465,86.03651923918862,83.54945368736081,81.05229033929346,78.54695544451614,76.03580291859564,73.52168728356902,71.00849557243518
45.699943128798054,47.763456751786734,49.76980738867887,51.73786896005484,53.68692554616402,55.636485445923654,57.60618279839423,59.615724165768,61.68485881152918,63.813542211615555,65.92246407932315,67.91249980662603,69.6845311658534,71.18122775276967,72.5123927564191,73.82961532198748,75.28448645138745,76.96246497680427,78.6844772236461,80.23090328932186,81.48447353186125,82.34577525328035,82.68447254752245,82.39283454963945,81.48447353186125,80.01852093674898,78.11484128765048,75.90848287147887,73.53449488576828,71.10638723486474,68.65151007918823,66.17567810552029,63.684715126282896,61.1844611491412,58.680784746049056,56.17960447686622,53.68692554616402
46.700188747328546,48.76490824321386,50.77199219155653,52.740508745540836,54.68985228835436,56.63959540945369,58.60941066809036,60.619028140591126,62.68821180913987,64.81692633099806,66.92586712436155,68.91591398015181,70.68795175380869,72.18465205199095,73.51581943674516,74.83304373911761,76.2879162638472,77.9658959130024,79.68790893977973,81.23433548560925,82.48790600960733,83.3492078823416,83.68790522833697,83.3962671861351,82.48790600960733,81.02195307677391,79.11827277915242,76.91191315322243,74.53792295822645,72.10981137730607,69.65492724845114,67.17908286519975,64.68809776436429,62.18780433772059,59.68405765103779,57.18275245338738,54.68985228835436
47.70109032019928,49.766767940588636,51.7744343070715,53.74331213332212,55.69288349498376,57.64277206388354,59.61268091492647,61.62235879628297,63.69158137592872,65.82032059981427,67.9292764147273,69.91933210329404,71.69137496812047,73.18807821194969,74.5192474865942,75.8364731674722,77.29134679967757,78.96932734074561,80.69134098655866,82.23776791348669,83.49133866087877,84.35264065371206,84.69133804078399,84.39969996340622,83.49133866087877,82.02538545999579,80.12170464764095,77.91534406152414,75.54135211301416,73.11323741282807,70.65834774932881,68.18249351649357,65.69149085744678,63.19116611880207,60.68736364511008,58.18595928254112,55.69288349498376
48.70251313982323,50.76895186924983,52.77708074625352,54.7462454105099,56.69599763065435,58.64600165725636,60.615984799080636,62.62571062960893,64.69496409407427,66.82372292438814,68.93269066206827,70.92275336127108,72.69480026698261,74.19150584878173,75.52267662343695,76.83990339843763,78.29477790964833,79.97275915862872,81.69477329577109,83.24120052517733,84.49477144987742,85.35607353803336,85.69477095770782,85.4031328524109,84.49477144987742,83.02881803624328,81.12513681534409,78.9187754671259,76.54478212684907,74.11666495089428,71.66177089452671,69.18590884401425,66.6948922488249,64.19454265725491,61.69069590356597,59.18921282799795,56.69599763065435
49.70435006159984,51.77139329054067,53.779889416800785,55.7492818050486,57.699177596953746,59.64927327229117,61.61931538280463,63.629079272273515,65.69835725070502,67.82713164291359,69.93610884379808,71.9261771073822,73.69822722035966,75.19493465781198,76.52610662302891,77.84333426643667,79.2982094753151,80.97619128616634,82.69820581327724,84.24463328276067,85.49820434819024,86.35950651200386,86.69820395755494,86.40656583009859,85.49820434819024,84.03225076569538,82.1285692205342,79.92220726743534,77.54821282251122,75.12009368153386,72.66519613853288,70.18932788308985,67.69830022666275,65.19793090895159,62.694049009060166,60.192503455320036,57.699177596953746
50.706515901417404,52.77403917849091,54.782826888009225,56.75240005904503,58.70240981923607,60.652578242458205,62.62266715900729,64.63246125692169,66.70175869252226,68.83054543638004,70.93953014827645,72.9296028283355,74.70165548692998,76.19836439721851,77.52953730738645,78.84676564005017,80.30164140266834,81.97962365947703,83.70163849610627,85.24806615613917,86.50163733326582,87.36293955712895,87.70163702321835,87.40999887817404,86.50163733326582,85.03568361674607,83.13200181421792,80.92563938102471,78.5516440593407,76.12352335872154,73.66862304837056,71.19274986804811,68.70171343223902,66.20132845765156,63.69741866147905,61.19582351649811,58.70240981923607
51.7089429581186,53.77684741138296,55.785866612029025,57.75558329449001,59.70568352101216,61.655909688197056,63.62603575633152,65.63585383136292,67.70516671039422,69.83396325786654,71.94295393129586,73.9330301167276,75.70508479578493,77.20179487506641,78.53296853524343,79.85019741497044,81.30507361709246,82.98305622785799,84.70507131015219,86.25149912142433,87.50507038720502,88.36637265872953,88.70507014112019,88.41343198211631,87.50507038720502,86.03911656430964,84.13543455750911,81.92907174326464,79.55507572569539,77.12695378718624,74.67205128038356,72.19617419116743,69.70513078711295,67.2047333855111,64.70080144759095,62.19916694057801,59.70568352101216
52.81157744018054,54.87978453513456,56.88898750906779,58.85881811176465,60.80899014753676,62.759262148610276,64.72941770499206,66.73925481108833,68.8085799477459,70.93738427641776,73.04637968154339,75.03645864920018,76.80851493190326,78.30522593901641,79.63640019447661,80.95362950840843,82.40850605936504,84.0864889510664,85.80850422834504,87.3549321596559,88.60850349580136,89.4698058051547,89.8085033004837,89.51686513040005,88.60850349580136,87.14254958847555,85.23886741954394,83.03250430285874,80.65850773296472,78.23038481194072,75.77548056181028,73.29960037009415,70.80855143531116,68.30814417029111,65.80419465816777,63.30252890858331,60.80899014753676
53.814376617246864,55.882823983321174,57.892172842568726,59.86209387335748,61.81232290799673,63.762631289011,65.7328102508693,67.7426624621929,69.8119973278402,71.94080783249555,74.04980699318641,76.03988816910234,77.811945724622,79.30865746815643,80.63983219609361,81.95706185465419,83.41193868248112,85.08992179716148,86.81193722919946,88.35836525578507,89.6119366477791,90.4732389871572,90.81193649275535,90.52029831387773,89.6119366477791,88.1459826734408,86.24230037582562,84.03593701909301,81.66194001081833,79.23381630997122,76.77891067615882,74.3030280219811,71.81197469743802,69.31155960376086,66.80759614280277,64.30590559540207,61.81232290799673
54.8173065515154,56.8859446613954,58.89540932524278,60.86540213486681,62.81567641194842,64.7660136687231,66.73621120792308,68.74607540843803,70.81541799605596,72.94423340261866,75.05323554411333,77.04331847272925,78.81537703848542,80.31208936651834,81.64326446946097,82.96049440155372,84.41537144913285,86.0933547407918,87.8153702956623,89.36179839786759,90.61536983418864,91.47667219739743,91.81536971114622,91.52373152528882,90.61536983418864,89.14941580666252,87.24573340691111,85.03936985965274,82.66537250343497,80.23724818364146,77.78234145159882,75.30645684296047,72.81540003425116,70.3149787269289,67.81100419465966,65.30929396485959,62.81567641194842
55.82034029222747,57.88912982108161,59.89868640877194,61.8687361930825,63.819046380633665,65.76940655673346,67.73961884103292,69.74949255747899,71.81884127407085,73.94766057129641,76.05666507866275,78.04674939839981,79.81880876598203,81.31552155793203,82.64669695851686,83.9639271077123,85.41880432970892,87.09678776183591,88.8188034141987,90.36523157642333,91.61880304792678,92.48010543004997,92.81880295026794,92.52716475887068,91.61880304792678,90.15284897818543,88.24916649736844,86.04280279888961,83.66880516650917,81.24068035545736,78.78577275174807,76.30988659185107,73.81882701775007,71.3184007786318,68.81441745898545,66.31269160702816,63.819046380633665
56.82345643953377,58.89236616578472,60.901995719570806,62.87209072710607,64.82242941777294,66.77280778534302,68.74303177299547,70.75291304230635,72.82226662349439,74.95108900875141,77.06009539391519,79.05018081778724,80.82224082177976,82.3189539819412,83.65012961876488,84.9673599402749,86.42223730070683,88.10022084432335,89.82223657406581,91.36866478392787,92.62223628335562,93.4835386804912,93.82223620584372,93.53059801004949,92.62223628335562,91.15628218010801,89.25259963494922,87.04623581644665,84.67223796487568,82.24411276391173,79.78920446835974,77.31331707722647,74.82225530822814,72.32182515472658,69.81783486048928,67.31609660907489,64.82242941777294
57.9266380026794,59.99564313979734,62.005330610651,63.97546151338669,65.9258228275945,67.87621563398967,69.84644891070025,71.85633617476505,73.9256936170022,76.05451845323792,78.16352632881294,80.1536126290384,81.92567313815046,83.42238659056163,84.75356241488828,86.0707928731645,87.52567034347258,89.20365397557843,90.92566976673722,92.47209801440908,93.72566953600037,94.58697194505132,94.92566947447914,94.634031275195,93.72566953600037,92.25971540615885,90.35603280993192,88.1496688961664,85.7756708706238,83.3475453601863,80.8926365155181,78.41674814715108,75.92568463605875,73.42525137570014,70.92125554569793,68.41950745273799,65.9258228275945
58.929871492511595,60.99895236366727,63.00868580574654,64.97884519946872,66.92922447037272,68.87962873702574,70.84986938653003,72.85976140866006,74.92912191542437,77.05794869700728,79.16695775552401,81.15704475131221,82.9291056613381,84.42581934570813,85.75699531885601,87.07422588568366,88.52910344320054,90.20708714554044,91.92910298544535,93.47553126312691,94.7291028023094,95.59040522081756,95.92910275347998,95.6374645514259,94.7291028023094,93.26314865136027,91.35946601460054,89.15310202522478,86.77910386160076,84.3509781055339,81.89606882503168,79.42017968103315,76.92911478723813,74.42867906095981,71.92467883720016,69.4229229329437,66.92922447037272
60.033146200425975,62.10228718574835,64.11205711673732,66.08223912436709,68.03263264774961,69.98304601051275,71.95329251184725,73.9631883104725,76.03255124956021,78.16137957516878,80.27038957258794,82.26047712044499,84.03253834867654,85.52925221715249,86.86042830841987,88.17765896140489,89.63253658813943,91.31052034622411,93.03253622481888,94.57896452631915,95.83253607946378,96.69383850547814,97.03253604070784,96.74089783645526,95.83253607946378,94.36658191176153,92.46289924283089,90.25653519344324,87.88253692022391,85.45441096920085,82.99950134277682,80.52361158315878,78.0325455919108,75.53210790842712,73.02810419732864,70.52634209320637,68.03263264774961
61.13645362557557,63.20564232607707,65.21544121929281,67.18564117596878,69.13604601170177,71.08646659411372,73.05671774007408,75.06661653611584,77.13598140574408,79.26481095684827,81.37382169947537,83.36390968550995,85.13597116630159,86.63268518090251,87.96386136592147,89.28109208728958,90.73596976896225,92.41395357129163,94.13596948059453,95.68239780099972,96.93596936522611,97.79727179719814,98.1359693344655,97.84433112846799,96.93596936522611,95.4700151842269,93.5663324897622,91.3599683927431,88.9859700325379,86.55784392677799,84.10293402579558,81.6270437775598,79.13597691526209,76.63553767834128,74.13153119933301,71.62976417435146,69.13604601170177
62.239787019937665,64.30901359359798,66.31883547475313,68.28904967783328,70.23946349227973,72.18988980496943,74.16014463738765,76.17004581248696,78.23941221438884,80.36824273817054,82.47725407226997,84.46734240608647,86.2394040873352,87.73611821791567,89.06729447734527,90.38452525298914,91.83940297826618,93.51738681571257,95.23940274938859,96.78583108479859,98.03940265782059,98.90070509452123,99.23940263340589,98.94776442602338,98.03940265782059,96.57344846626756,94.66976575153649,92.46340161671222,90.08940318746632,87.66127695889165,85.20636683999207,82.73047620394001,80.23940865028922,77.73896818040313,75.23495950449892,72.73318857381466,70.23946349227973
63.34314102703863,65.41239766165053,67.42223778872625,69.39246329933405,71.34288424024996,73.29331510108847,75.26357285946023,77.27347592282283,79.34284354089273,81.47167483668977,83.58068664024134,85.5707752500926,87.3428370904443,88.83955131307778,90.17072763156716,91.4879584502897,92.94283621017559,94.62082007549438,96.34283602851531,97.8892643758347,99.14283595583775,100.00413839629148,100.34283593645978,100.05119772797805,99.14283595583775,97.67688175590817,95.77319902509161,93.56683486026141,91.19283637621784,88.76471005016504,86.30979975830445,83.83390881444231,81.34284071206395,78.84239926357176,76.33838884398727,73.83661481333579,71.34288424024996
64.54651139508685,66.61579188972529,68.62564649883777,70.5958809843302,72.54630758156637,74.49674205228833,76.46700213299724,78.47690669507797,80.54627527842213,82.67510718696853,84.78411936312469,86.77420819206492,88.54627015869673,90.04298445439272,91.37416081975789,92.69139167267201,94.14626946002696,95.82425334746809,97.5462693158431,99.09269767261495,100.34626925815888,101.20757170159145,101.54626924277858,101.25463103342437,100.34626925815888,98.88031505158082,96.97663230799722,94.7702681193513,92.3962695918148,89.96814318839353,87.5132327592537,85.03734157108244,82.54627303317858,80.04583080796566,77.54181900441944,75.04004251331668,72.54630758156637
65.94989474920902,68.01919418196213,70.02906028562603,71.9993018945483,73.94973298123256,75.9001703171306,77.8704322410837,79.88033799269941,81.9497073421829,84.07853973706905,86.18755220896175,88.17764121179306,89.94970327865347,91.44641763233923,92.77759403490975,94.09482491496175,95.5497027241189,97.22768662911855,98.9497026096801,100.49613097395437,101.74970256389611,102.61100500969297,102.94970255168874,102.65806434164207,101.74970256389611,100.28374835204113,98.38006559832434,96.17370139077582,93.79970282871898,91.37157636389033,88.91666582579185,86.44077444371234,83.94970556013149,81.44926271843457,78.9452498164361,76.44347137246837,73.94973298123256
66.41864208986266,68.50902964013488,70.55113879611837,72.56431455100991,74.56730365741376,76.57749663660698,78.6102414251815,80.67846913325086,82.79296385705638,84.9475652515234,87.0735041856949,89.08825679370668,90.91184315921667,92.50525630238116,93.97323323116478,95.44818080321532,97.04862313278709,98.82553078021586,100.61159642681028,102.22525525616034,103.62316129014525,104.75335557964812,105.2821000557449,104.85886685057055,103.62316129014525,101.82053070114834,99.63315174023505,97.21222695632969,94.69268681775287,92.17820453427959,89.67520398347591,87.17371477566286,84.66864992845649,82.15695570210576,79.63649351672603,77.10620771475165,74.56730365741376
64.74549430977282,66.81475100704182,68.82459117214793,70.79481670632421,72.74523766209393,74.69566853241218,76.66592629688253,78.67582936418086,80.74519698478562,82.87402828219177,84.98304008672184,86.97312869714843,88.74519053783173,90.24190476065709,91.57308107926954,92.89031189808188,94.34518965803991,96.0231735234168,97.74518947647806,99.29161782382225,100.54518940383987,101.40649184430143,101.74518938447238,101.45355117598838,100.54518940383987,99.07923520389282,97.17555247304274,94.96918830815002,92.59518982399223,90.16706349773625,87.71215320551516,85.23626226101143,82.74519415748938,80.24475270695746,77.7407422837386,75.23896824662583,72.74523766209393
63.63880681121647,65.70799561117329,67.71779456475602,69.6879945588436,71.6383994181551,73.58882001561506,75.55907117125628,77.56896997354556,79.63833484719765,81.76716440085613,83.87617514503648,85.86626313198438,87.63832461330242,89.13503862820792,90.46621481342227,91.78344553493292,93.23832321672012,94.91630701914168,96.63832292850859,98.18475124895318,99.43832281320269,100.29962524518712,100.63832278245872,100.34668457645758,99.43832281320269,97.97236863217574,96.06868593765783,93.86232184053941,91.48832348015293,89.0601973740705,86.60528747251584,84.12939722326166,81.6383303591484,79.13789111898973,76.6338846342123,74.13211759897416,71.6383994181551
63.04006194722956,65.1181641039497,67.14149794557561,69.12974480059174,71.10234830891982,73.07817805252174,75.07520376555534,77.11028863503071,79.19927138760052,81.33935588951884,83.45577976720148,85.4566964727074,87.25148930008314,88.79127083452774,90.18428436661853,91.57413363453317,93.09729879178741,94.82238386592378,96.57519607984537,98.15420377970509,99.47859701281212,100.47503627024685,100.9117549029624,100.55202235073752,99.47859701281212,97.84930553033128,95.81304195830401,93.5094637415055,91.071014771037,88.6052151500779,86.1295078395082,83.6425995192385,81.14552208148493,78.64025621489478,76.1292045577834,73.61526360549904,71.10234830891982
45.70978793440767,47.77331483202342,49.77967354322058,51.74774012497167,53.69679987138231,55.646361789096744,57.616060440201394,59.625602645825595,61.69473783154983,63.82342157443111,65.93234365059902,67.92237950047922,69.69441093035996,71.19110755815498,72.52227258803174,73.83949517273064,75.29436631749985,76.97234485529442,78.69435711072708,80.24078318169163,81.49435342733125,82.35565515041702,82.69435244522919,82.40271444685803,81.49435342733125,80.02840082849903,78.12472117225721,75.91836274276034,73.54437473271494,71.11626703852315,68.6613898060387,66.18555769568246,63.6945944727824,61.194340061119476,58.69066288389007,56.189481238715615,53.69679987138231
46.71004077343716,48.77477081793557,50.78186117962154,52.75038171221138,54.69972776410799,56.64947248716487,58.61928877665346,60.62890691452526,62.69809101166365,64.82680580560643,66.93574676442802,68.92579371750907,70.69783154724396,72.19453187787184,73.5256992834428,74.84292360099917,76.29779613792738,77.97577579690682,79.6977888305027,81.24421538052994,82.49778590698867,83.35908778104582,83.69778512749363,83.40614708490432,82.49778590698867,81.03183297120273,79.12815266791156,76.92179303140533,74.54780281709475,72.11969120181635,69.66480701199858,67.18896252025647,64.6979772260223,62.1976834544877,59.69393615333635,57.19262986344869,54.69972776410799
47.71094808476546,49.77663408550377,51.784305545264246,53.7531865305138,55.70275988410879,57.65264972467577,59.622559393985384,61.632237803479484,63.701460723310106,65.83020016315444,67.93915610939356,69.92921187518073,71.7012547845166,73.19795805409805,74.52912734526481,75.84635303819437,77.3012266800818,78.97920722894733,80.70122088017229,82.24764781043204,83.50121855977713,84.36252055366037,84.70121794109141,84.40957986340614,83.50121855977713,82.03526535655072,80.13158453969587,77.92522394518468,75.55123198134467,73.12311725388852,70.66822754200282,68.19237322305773,65.70137041050805,63.201045398116236,60.697242436697906,58.19583720714914,55.70275988410879
48.71237546376692,50.77882084966981,52.78695377110432,54.75612094340208,56.70587474484296,58.655879780889336,60.62586357222207,62.635589821953815,64.70484355643222,66.83360255815592,68.94257040007085,70.932633160564,72.70468010160286,74.20138570384157,75.53255649161059,76.8497832761766,78.30465779507196,79.98263905024123,81.70465319167903,83.25108042372966,84.50465134997984,85.36595343896913,85.70465085892862,85.41301275338765,84.50465134997984,83.03869793448575,81.1350167100149,78.92865535513405,76.55466200268975,74.12654480509067,71.6716507103186,69.19578859146029,66.70477187443421,64.20442206558658,61.70057492477494,59.19909116104009,56.70587474484296
49.71421600732717,51.7812645226628,53.78976386018351,55.75915823953285,57.709055286701556,59.65915176331194,61.62919438937199,63.638958611575674,65.70823680432187,67.83701133258053,69.94598861619698,71.93605692842758,73.70810706944442,75.20481452311972,76.5359864987451,77.85321414974487,79.30808936472263,80.986071180486,82.70808571100616,84.25451318258848,85.50808424924836,86.36938641372339,86.7080838595007,86.41644573185063,85.50808424924836,84.04213066527723,82.13844911728123,79.93208715889422,77.55809270431277,75.12997354615626,72.67507597267354,70.19920766298407,67.70817990985425,65.2078104196869,62.70392821252713,60.20238211256064,57.709055286701556
50.71638472365038,52.78391219852173,54.792702457571664,56.76227720924055,58.71228796585322,60.66245702509434,62.63254635085275,64.64234071286701,66.71163831857255,68.84042517041462,70.9494099479759,72.93948266664586,74.7115353474953,76.20824427066003,77.53941718908916,78.85664552777865,80.31152129523788,81.98950355594533,83.71151839528052,85.25794605697928,86.51151723508244,87.37281945947055,87.7115169257395,87.41987878054144,86.51151723508244,85.04556351739097,83.14188171261281,80.9355192752224,78.56152394587338,76.1334032316191,73.67850289707468,71.20262967369666,68.71159316113399,66.2112080496662,63.70729800960905,61.205702431070335,58.71228796585322
51.71881406462988,53.78672185093896,55.79574307562376,57.7654610128198,59.71556203027686,61.665788702300716,63.63591509523728,65.64573337988996,67.71504639393571,69.84384302711602,71.9528337526639,73.94290996874122,75.71496466546236,77.21167475496372,78.54284842169764,79.86007730620739,81.3149535121717,82.99293612603168,84.7149512104736,86.26137902306796,87.5149502896237,88.37625256156485,88.71495004409803,88.42331188497211,87.5149502896237,86.04899646579831,84.14531445721197,81.93895163963616,79.56495561598317,77.13683366665182,74.68193114064675,72.20605401725726,69.71501055228309,67.21461304203815,64.71068091054312,62.20904605940402,59.71556203027686
52.82145036047761,54.88966010165902,56.89886468237168,58.86869628106945,60.81886894465396,62.76914134643755,64.73929716062277,66.74913443309877,68.81845967691866,70.94726407361753,73.05625952010985,75.04633851209014,76.81839480881303,78.31510582403769,79.64628008470214,80.96350940242996,82.41838595643625,84.09636885059368,85.81838412957697,87.36481206193724,88.61838339869789,89.47968570838192,89.81838320382403,89.52674503364352,88.61838339869789,87.15242949063392,85.24874732028488,83.04238420095561,80.66838762623293,78.24026469661936,75.78536043124794,73.30948021240832,70.8184312292731,68.31802387802229,65.81407421225626,63.31240818953168,60.81886894465396
53.824250977621205,55.89270044450424,57.902050579241745,59.87197240063068,61.82220193359454,63.77251063266465,65.74268979914663,67.75254214252791,69.82187709323082,71.95068765187956,74.05968684540332,76.04976804062487,77.82182560727206,79.31853735724462,80.6497120893124,81.96694175088588,83.42181858113335,85.0998016977631,86.821817131154,88.36824515857258,89.62181655105485,90.48311889069545,90.82181639638337,90.53017821742887,89.62181655105485,88.1558625761307,86.25218027739051,84.04581691855932,81.67181990645211,79.24369619878743,76.78879055287825,74.31290787717259,71.82185451425215,69.32143935213315,66.8174757692274,64.31578500503083,61.82220193359454
54.827182055178895,56.89582183278486,58.90528750910792,60.875280946278195,62.82555561889893,64.77589312812232,66.7460908297353,68.75595513506579,70.8252977901929,72.95411323961041,75.06311540716464,77.05319835110345,78.82525692569155,80.32196925883441,81.65314436505554,82.97037429953961,84.42525134903991,86.1032346422461,87.82525019819047,89.37167830105682,90.62524973776544,91.48655210118257,91.8252496150026,91.5336114290842,90.62524973776544,89.15929570977431,87.25561330912998,85.04924976020595,82.6752524009463,80.24712807574168,77.79222133409782,75.31633670837269,72.8252798692032,70.3248585075583,67.82088387849825,65.31917347662443,62.82555561889893
55.830216703508626,57.89900755623498,59.908564947602514,61.87861523002613,63.82892573152867,65.77928610800191,67.74949852121063,69.75937232084965,71.8287210910239,73.95754042226343,76.0665449503133,78.05662928221219,79.82868865680433,81.32540145281011,82.65657685599706,83.97380700709051,85.42868423061196,87.10666766396697,88.82868331718211,90.37511147993143,91.62868295174249,92.48998533403108,92.82868285430555,92.53704466285987,91.62868295174249,90.16272888163208,88.25904640010637,86.05268270030551,83.67868506551073,81.25056025016411,78.79565263883433,76.31976646537551,73.82870686709816,71.32828058486385,68.82429718839404,66.32257119985995,63.82892573152867
56.833333571310334,58.90224434844359,60.91187454015581,62.8819699430621,64.83230888291973,66.78268740952933,68.75291149949837,70.76279283484006,72.83214645855666,74.96096887081067,77.06997527239102,79.06006070591593,80.83212071547224,82.32883387885275,83.66000951774171,84.9772398407582,86.43211720240035,88.11010074699158,89.83211647741057,91.37854468768906,92.63211618736094,93.49341858462778,93.8321161100252,93.54047791419251,92.63211618736094,91.16616208382041,89.26247953809909,87.0561157185472,84.68211786506001,82.25399266068729,79.79908435908689,77.3231969571896,74.83213516900247,72.33170498127956,69.82771462606709,67.3259762662505,64.83230888291973
57.93651570638835,60.005521677670444,62.01520965487606,63.985340871429585,65.93570238342487,67.88609531605171,69.85632867397177,71.86621599044557,73.9355734664378,76.0643983241011,78.173406212706,80.16349252059292,81.93555303412096,83.43226648908711,84.763442315053,86.0806727745249,87.53555024579356,89.21353387867305,90.93554967036874,92.48197791837116,93.7355494401562,94.5968518493113,94.93554937877477,94.64391117946013,93.7355494401562,92.2695953100822,90.3659127134088,88.15954879881046,85.78555077174693,83.35742525860385,80.90251640913505,78.42662803222458,75.93556450590211,73.43513121838188,70.93113533998347,68.42938716098394,65.93570238342487
58.93974965021076,61.00883118349226,63.01856502748207,64.98872467028893,66.9391040981799,68.88950846502424,70.85974917898504,72.86964124271233,74.93900177626814,77.06782857485817,79.17683764371672,81.16692464558584,82.93898555911669,84.43569924551461,85.76687521996357,87.08410578774021,88.5389833460195,90.21696704897343,91.93898288930453,93.48541116724843,94.7389827065847,95.60028512517553,95.93898265786623,95.64734445578793,94.7389827065847,93.27302855545102,91.36934591833696,89.16298192830018,86.78898376346899,84.36085800525473,81.90594872094223,79.4300595701628,76.93899466427953,74.43855891644301,71.93455865427113,69.43280268172458,66.9391040981799
60.0430247184871,62.1121662293702,64.12193647936752,66.09211868470054,68.04251233268558,69.99292577497137,71.96317232746534,73.97306815910646,76.04243111945866,78.17125945856583,80.2802694641933,82.27035701687676,84.04241824789023,85.53913211797567,86.87030821027574,88.18753886401396,89.64241649135363,91.32040024992565,93.04241612885869,94.58884443056719,95.84241598383389,96.70371840991385,97.042415945166,96.7507777408942,95.84241598383389,94.37646181598517,92.47277914677326,90.26641509686098,87.89241682268353,85.46429086995605,83.00938124050785,80.53349147550779,78.04242547466536,75.54198777407092,73.0379840324845,70.53622187416008,68.04251233268558
61.1463324296749,63.21552154733379,65.22532069375407,67.1955208073501,69.14592574198133,71.09634638751092,73.0665975740768,75.07649639632335,77.14586128282926,79.27469084464727,81.38370159378934,83.37378958365468,85.1458510666543,86.64256508253273,87.97374126837128,89.29097199033725,90.74584967249021,92.42383347520637,94.14584938477776,95.69227770534822,96.9458492696715,97.80715170169559,98.14584923898079,97.85421103296801,96.9458492696715,95.47989508855602,93.57621239386809,91.36984829643256,88.99584993546691,86.5677238283542,84.11281392497148,81.63692367246401,79.14585680255118,76.64541755204951,74.14141104884291,71.63964398084092,69.14592574198133
62.249666051077455,64.31889295584816,66.32871503797654,68.29892936560606,70.24934325854883,72.19976962133532,74.17002448598228,76.1799256818804,78.24929209717811,80.3781226294634,82.48713396873379,84.47722230559074,86.24928398859196,87.74599812018637,89.0771743802665,90.39440515638486,91.84928288204313,93.52726671979651,95.24928265368561,96.7957109892268,98.04928256232569,98.91058499906765,99.24928253796648,98.95764433057188,98.04928256232569,96.58332837068042,94.67964565577213,92.47328152061738,90.09928309076787,87.67115686111951,85.2162467403148,82.74035610087228,80.24928854117738,77.74884806051212,75.24483936540166,72.74306840057193,70.24934325854883
63.353020238387984,65.42227713581013,67.43211742240135,69.40234303186521,71.35276403508416,73.30319493568473,75.27345271963652,77.28335579950718,79.35272342820937,81.48155473075573,83.59056653841148,85.58065515067594,87.35271699241858,88.84943121585681,90.18060753486252,91.49783835396167,92.95271611415015,94.6306999797126,96.35271593290267,97.89914428032615,99.15271586039024,100.01401830087678,100.35271584105631,100.06107763256497,99.15271586039024,97.68676166038743,95.78307892943025,93.57671476433772,91.2027162798151,88.77458995291009,86.31967965953741,83.84378871298424,81.35272060580868,78.85227914876106,76.34826871393253,73.84649465617969,71.35276403508416
64.55639074947331,66.62567145270928,68.63552618843116,70.60576075238642,72.5561873990728,74.50662190135407,76.4768820023659,78.48678657754914,80.55615516933214,82.68498708323548,84.79399926264911,86.78408809350472,88.55615006124053,90.05286435757527,91.38404072335024,92.7012715765633,94.15614936415838,95.83413325179292,97.55614922030216,99.10257757715664,100.35614916274902,101.21745160620762,101.55614914740366,101.26451093804184,100.35614916274902,98.89019495611282,96.98651221241764,94.78014802356348,92.40614949564676,89.97802309154909,87.5231126612091,85.047221470902,82.55615292919057,80.0557106971872,77.55169888154174,75.04992236892862,72.5561873990728
65.95977421712705,68.0290738154472,70.03894001960222,72.00918169080094,73.95961281673407,75.91005017768082,77.88031211774837,79.89021787976355,81.95958723594498,84.08841963508293,86.19743210956109,88.18752111391264,89.95958318164931,91.45629753584205,92.7874739387378,94.10470481902706,95.55958262837481,97.23756653352797,98.95958251419606,100.50601087853592,101.7595824685161,102.62088491433363,102.9595824563365,102.66794424628375,101.7595824685161,100.293628256615,98.38994550280961,96.18358129509586,93.80958273273721,91.3814562673717,88.92654572832066,86.45065434454594,83.959585457943,81.45914261085649,78.95512969925484,76.45335123821428,73.95961281673407
66.4387311496007,68.52905272916848,70.57106142247531,72.5841044540129,74.58693280661151,76.5969453314411,78.62950404509127,80.69756045529743,82.81192420416423,84.9664514118989,87.09234185426295,89.10702413836889,90.93046486730196,92.52360929189798,93.99121611058501,95.46575116721871,97.06582580027077,98.84249049056095,100.62840174980136,102.24190094963417,103.6394724965626,104.7690724644792,105.29741849158006,104.87445932821494,103.6394724965626,101.8376397271453,99.65098263234114,97.23063590156046,94.7115043989329,92.19727110959116,89.69441137337023,87.1929977546043,84.687974422229,82.17631366270376,79.65590055864142,77.1257002563195,74.58693280661151
64.76644697968459,66.83570423333256,68.84554473613886,70.815770479597,72.76619156726451,74.71662252176048,76.68688034038469,78.69678344263116,80.7661510857449,82.89498239743958,85.0039942106583,86.99408282619376,88.76614466982177,90.26285889435084,91.59403521405639,92.91126603366601,94.3661437942646,96.04412766015734,97.76614361357665,99.31257196114126,100.56614354128808,101.42744598181909,101.76614352201382,101.47450531350947,100.56614354128808,99.100189341186,97.1965066100382,94.9901424445901,92.61614395941814,90.18801763135801,87.73310733593577,85.25721638573506,82.76614827205711,80.26570680341305,77.761696347922,75.25992225343472,72.76619156726451
63.65975861896487,65.72894830205932,67.73874779168534,69.7089481179785,71.65935318666118,73.60977391774348,75.58002515934801,77.58992401711382,79.65928892649654,81.78811850283662,83.89712926080935,85.88721725586706,87.6592787418595,89.15599275946948,90.48716894641902,91.80439966919533,93.25927735199927,94.93726115523972,96.65927706517505,98.20570538596951,99.45927695042411,100.3205793825188,100.6592769198281,100.36763871379466,99.45927695042411,97.99332276915106,96.08964007416056,93.88327597616058,91.50927761416415,89.08115150521783,86.62624159858163,84.15035134028403,81.65928446004935,79.15884519113953,76.65483865513332,74.15307152881934,71.65935318666118
63.060657255664424,65.13873095577223,67.16202115202857,69.15020976392428,71.12274182561244,73.09849016377937,75.09543057228112,77.1304356583132,79.21935657985287,81.35940573563003,83.47580638144491,85.47668921417802,87.27141120203373,88.81105952709318,90.20388408096665,91.59351482021594,93.11647777925309,94.84142522313905,96.59414825139993,98.17306228559733,99.49725430713161,100.49331858785487,100.9297724217989,100.5702231898185,99.49725430713161,97.86843185989167,95.83256215053991,93.52928044433126,91.09103173180472,88.62535054633344,86.14970905503382,83.6628357278842,81.16577740949238,78.66052690480754,76.14949769504847,73.63559561516696,71.12274182561244
45.68920853030918,47.75270764450218,49.75904945635959,51.727105551490396,53.676158683443134,55.62571637760925,57.59541231069167,59.60495276186944,61.67408681745832,63.80276984287448,65.9116914827377,67.90172707606519,69.67375835806934,71.17045490030571,72.50161987528898,73.81884241994797,75.27371353254952,76.95169204443765,78.67370428188983,80.220130341785,81.47370058093591,82.3350023005333,82.67369959415234,82.3820615968029,81.47370058093591,80.00774798988945,78.10406834859855,75.89770994699123,73.52372198787828,71.09561438428824,68.64073731256173,66.16490548829236,63.67394277537504,61.1736892731592,58.670013716188464,56.16883495094481,53.676158683443134
46.68944625704799,48.75415422356198,50.76123116225155,52.729743367690446,54.67908416811633,56.62882553829995,58.59863967023014,60.608256415489535,62.67743961559559,64.80615384006896,66.91509445258889,68.90514120204162,70.67717891440594,72.17387917712554,73.50504653912735,74.82227082490394,76.27714333630061,77.95512297471805,79.6771359940428,81.22356253528426,82.47713305659289,83.33843492788131,83.67713227338214,83.38549423160376,82.47713305659289,81.01118012698655,79.10749983556194,76.90114022119164,74.52715004730626,72.09903850393874,69.64415444171541,67.16831017704294,64.67732528758972,62.177032237907156,59.67328622283017,57.171982218979736,54.67908416811633
47.69034155793483,49.756010018791,51.76367081841778,53.73254519193543,55.682114376444616,57.63200155543058,59.60190951211945,61.61158681622871,63.680809024057,65.80954801190245,67.9185036832778,69.90855928744358,71.68060210362182,73.17730531930421,74.50847457589003,75.8257002435959,77.28057386521891,78.95855439776437,80.68056803766228,82.22699496094876,83.48056570620625,84.34186769789193,84.68056508457136,84.38892700752973,83.48056570620625,82.01461250788458,80.11093170044822,77.90457112350636,75.53057919175188,73.10246452137163,70.64757491075812,68.17172077203979,65.68071828076964,63.180393841326904,60.67659190071322,58.175188485741245,55.682114376444616
48.69175939426616,50.7581908483007,52.76631530481306,54.7354772278203,56.68522771963127,58.635230642924995,60.60521307484544,62.61493844719004,64.68419161653463,66.81295025949984,68.92191788325275,70.911980515466,72.68402738256525,74.18073294202414,75.51190370234615,76.82913046689208,78.28400496970353,79.96198621191954,81.68400034436706,83.23042757088302,84.48399849388885,85.34530058113393,85.68399800049687,85.39235989546671,84.48399849388885,83.01804508228763,81.11436386529226,78.90800252435622,76.53400919737825,74.10589204508042,71.65099803068844,69.17513605487713,66.68411959285372,64.18377023876536,61.67992390819634,59.17844158478522,56.68522771963127
49.69359235751044,51.760629808522026,53.76912242492803,55.73851263693247,57.68840705685277,59.63850185640999,61.60854340343806,63.618306929232276,65.68758467342064,67.81635891692827,69.9253360273878,71.915404237802,73.68745432013273,75.18416173985355,76.5153336936942,77.83256132880399,79.28743653101594,80.96541833649829,82.6874328598829,84.2338603270723,85.48743139115713,86.34873355424779,86.68743099955162,86.39579287230701,85.48743139115713,84.0214778102758,82.11779626821308,79.91143432089407,77.5374398865253,75.10932076432448,72.65442325463965,70.17855505848726,67.68752750775504,65.1871583785362,62.683276814484984,60.18173185776287,57.68840705685277
50.695755053363726,52.76327374231863,54.7720586652396,56.74163010866694,58.69163877978332,60.641806507845445,62.61189497713423,64.62168878639099,66.69098603606912,68.81977266190148,70.92875730202704,72.91882993988487,74.69088257415495,76.18759147036997,77.51876437150855,78.83599269758614,80.29086845491312,81.96885070746052,83.69086554113221,85.23729319934434,86.49086437540365,87.35216659869297,87.69086406458614,87.39922591970989,86.49086437540365,85.02491066016455,83.12122886009564,80.91486643148994,78.54087111818373,76.11275043246752,73.65785014855967,71.18197701529641,68.690940663378,66.19055583839892,63.68664630878908,61.185051637681,58.69163877978332
51.69817961339039,53.766080423692785,55.77509741209556,57.744812723149295,59.69491208519065,61.64513770059344,63.61526341372354,65.62508125964166,67.69439399110396,69.82319044489853,71.93218106136298,73.92225721329947,75.69431187305048,77.19102194116178,78.52219559417216,79.83942446867181,81.29430066659417,82.9722832739775,84.6942983539243,86.24072616375129,87.49429742868486,88.35559969975391,88.69429718198882,88.4026590231183,87.49429742868486,86.0283436068059,84.12466160195731,81.91829879135392,79.54430278043412,77.11618085375349,74.66127836793876,72.18540131607367,69.69435797860363,67.19396069574728,64.69002896940188,62.188394838514256,59.69491208519065
52.800812113015624,54.8690163156854,56.87821753343262,58.8480470475146,60.798218397096406,62.74848996019921,64.71864523480525,66.72848215905069,68.79780717858125,70.9266114329005,73.03560679281284,75.02568573388439,76.797742001264,78.29445299951134,79.6256272492834,80.9428565590662,82.39773310668957,84.07571599570647,85.79773127112202,87.34415920128582,88.59773053675893,89.45903284575078,89.79773034095614,89.50609217097838,88.59773053675893,87.13177663023987,85.22809446285747,83.02173134906221,80.64773478444587,78.21961187281019,75.76470763933793,73.2888274772674,70.79777859533274,68.29737142456183,65.79342208036792,63.29175662932198,60.798218397096406
53.80360971610099,55.872054786023625,57.88140225117917,59.85132241785293,61.80155090783016,63.75185894121364,65.72203767942096,67.73188974640726,69.8012245190899,71.93003496473119,74.03903408953613,76.02911524435126,77.80117278770868,79.2978845242063,80.62905924762879,81.9462889028963,83.40116572807764,85.07914884062735,86.80116427118651,88.34759229686173,89.60116368832215,90.46246602741333,90.80116353291334,90.50952535411979,89.60116368832215,88.13520971462417,86.23152741823861,84.02516406379976,81.65116705971397,79.22304336631836,76.76813774572759,74.29225511507966,71.80120183248246,69.30078681361138,66.7968234859405,64.29513317549481,61.80155090783016
54.80653840077234,56.87517468785266,58.884638245078506,60.8546303688031,62.80490421356576,64.75524119441741,66.72543855610208,68.73530264205502,70.80464515588628,72.93346051560928,75.0424626286212,77.0325455404894,78.80460409659236,80.30131641904015,81.63249151839946,82.9497214478785,84.40459849335782,86.08258178332565,87.80459733702247,89.35102543850518,90.60459687440269,91.46589923738375,91.80459675105465,91.51295856526396,90.60459687440269,89.13864284738477,87.2349604486093,85.02859690317149,82.65459955027845,80.22647523639921,77.77156851485057,75.2956839248879,72.80462714947114,70.30420590152278,67.80023147504463,65.29852143331894,62.80490421356576
55.809571149471964,57.878359231353,59.88791494063531,61.85796418051507,63.8082740249216,65.7586339820159,67.72884612541921,69.7387197509365,71.80806840896349,73.9368876690122,76.04589215377169,78.03597646021606,79.80803582013652,81.30474860765361,82.63592400539436,83.9531541525153,85.4080313728453,87.08601480363004,88.80803045506127,90.35445861671238,91.60803008787967,92.46933246982212,92.80802998997827,92.51639179863396,91.60803008787967,90.1420760185417,88.23839353849931,86.03202984146546,83.65803221172386,81.22990740536619,78.77499980998604,76.29911366491191,73.80805411723532,71.30762792524234,68.80364468956304,66.30191898688238,63.8082740249216
56.812686509287374,58.88159508693886,60.891223943480455,62.86131851888051,64.81165693718519,66.76203513092716,68.73225900674893,70.74214020388905,72.81149373859387,74.94031609434353,77.04932246156423,79.03940787488582,80.81146787279724,82.30818102944025,83.63935666400658,84.95658698387007,86.4114643429792,88.08944788553038,89.81146361453347,91.35789182394032,92.61146332310122,93.47276572009338,93.81146324539684,93.51982504964461,92.61146332310122,91.1455092201738,89.24182667562982,87.03546285827412,84.6614650087976,82.23333981155943,79.77843152261825,77.30254414324992,74.8114823952247,72.31105227912661,69.80706205153442,67.30532391860216,64.81165693718519
57.91586744731906,59.98487167270723,61.99455859012507,63.96468914986208,65.91505024789076,67.86544291631644,69.83567610426607,71.84556331104855,73.9149207163918,76.04374552920747,78.15275339054102,80.14283968239258,81.91490018667804,83.41161363629665,84.74278945883162,86.06001991580099,87.51489738505919,89.19288101631948,90.91489680689139,92.46132505420198,93.71489657558146,94.57619898451856,94.91489651390748,94.62325831465665,93.71489657558146,92.24894244599409,90.34525985025512,88.13889593739988,85.76489791351963,83.3367724060393,80.8818635666181,78.40597520758894,75.914911713143,73.41447848247162,70.91048270536591,68.40873470644607,65.91505024789076
58.91910044094634,60.98818058840757,62.99791359120407,64.96807271268001,66.9184518119993,68.86885596914452,70.83909654819865,72.84898852486347,74.91834900234501,77.04717576533938,79.15618481255264,81.14627180169447,82.91833270788945,84.41504639004305,85.74622236176887,87.06345292755927,88.51833048424284,90.1963141859116,91.91833002535076,93.46475830274555,94.71832984175995,95.57963226017773,95.91832979280923,95.62669159078166,94.71832984175995,93.2523756910125,91.34869305464008,89.14232906598681,86.76833090368223,84.34020514996242,81.88529587362478,79.4094067370377,76.91834185645493,74.41790615373944,71.91390597196391,69.4121501423476,66.9184518119993
60.02237475499008,62.091515165881745,64.10128474819884,66.07146653974155,68.0218599269352,69.97227320278112,71.94251964819897,73.95241541073828,76.0217783265842,78.15060663743901,80.2596166258866,82.24970416846841,84.02176539365936,85.51847926037613,86.84965535051484,88.16688600267656,89.62176362874972,91.29974738630175,93.02176326452681,94.56819156579948,95.8217631188107,96.6830655447533,97.02176307995849,96.73012487572694,95.8217631188107,94.3558089512685,92.45212628264528,90.24576223383109,87.87176396165898,85.4436380124988,82.98872838938021,80.51283863564466,78.02177265488324,75.52133499010142,73.01733131232584,70.5155692674458,68.0218599269352
61.12568186750383,63.19487011205791,65.2046687285245,67.17486851368886,69.12527324132739,71.07569375475258,73.04594485633167,75.0558436237319,77.12520847491308,79.25403801430717,81.36304874981354,83.35313673166118,85.12519821003949,86.62191222324415,87.95308840736726,89.27031912808195,90.72519680922966,92.40318061113625,94.12519652014574,95.67162484037028,96.92519640449078,97.78649883640585,98.12519637365376,97.83355816767295,96.92519640449078,95.45924222361862,93.55555952939793,91.34919543283391,88.97519707345992,86.54707096917858,84.09216107081969,81.61627082725286,79.12520397327836,76.62476475120124,74.12075829864145,71.61899132068069,69.12527324132739
62.22901501371376,64.2982412254749,66.30806288696893,68.27827695391824,70.22869068256927,72.1791169405038,74.14937173769644,76.15927289006291,78.22863927732331,80.35746979181071,82.46648112025841,84.45656945075172,86.228631130085,87.72534525955723,89.0565215182758,90.37375229340103,91.82863001826144,93.50661385537225,95.22862978881537,96.77505812408202,98.02862969701998,98.88993213367542,99.22862967254463,98.93699146517537,98.02862969701998,96.5626755055678,94.65899279103034,92.45262865656734,90.07863022798117,87.65050400058001,85.19559388376274,82.7197032514164,80.22863570437178,77.72819524626712,75.22418659135512,72.72241569799138,70.22869068256927
63.3323688238481,65.40162517121189,67.41146512393925,69.38169052649867,71.3321113993182,73.28254221669732,75.25279994711042,77.26270299242992,79.33207059887889,81.460901887299,83.5699136863648,85.5600022935784,87.33206413240981,88.82877835416369,90.15995467208873,91.47718549039965,92.93206324995484,94.61004711500732,96.33206306784338,97.87849141504896,99.13206299498532,99.99336543540318,100.33206297555923,100.04042476708801,99.13206299498532,97.66610879513577,95.76242606447293,93.55606189992943,91.18206341640949,88.75393709128812,86.29902680108025,83.82313586015934,81.3320677630243,78.83162632388306,76.32761592096011,73.82584191993004,71.3321113993182
64.53573903555868,66.60501930220278,68.61487377293285,70.5851081726664,72.53553471585413,74.48596915208225,76.45622921060027,78.46613375836017,80.53550233248076,82.6643342351721,84.77334640776787,86.76343523461463,88.5354972000398,90.03221149503764,91.36338785995488,92.6806187125423,94.13549649963477,95.81348038686451,97.5354963550928,99.08192471177432,100.33549629726534,101.19679874066944,101.5354962818468,101.24385807250096,100.33549629726534,98.86954209075078,96.96585934728918,94.75949515887082,92.38549663174992,89.95737022906793,87.50245980123985,85.0265686154031,82.53550008166084,80.03505786386978,77.53104607354784,75.0292696059557,72.53553471585413
65.93912226559233,68.00842151738284,70.01828751121126,71.98852905206618,73.93896009585194,75.8893974043721,77.85965931071229,79.86956505096154,81.93893439312427,84.06776678336325,86.17677925243007,88.16686825359979,89.93893031950249,91.43564467263414,92.76682107484913,94.08405195464181,95.53892976359064,97.2169136684225,98.93892964886761,100.48535801307018,101.7389296029699,102.60023204874418,102.93892959073222,102.64729138069215,101.7389296029699,100.27297539116535,98.36929263754539,96.16292843017749,93.78892986845051,91.36080340420861,88.9058928671513,86.43000148692465,83.93893260664686,81.43848977084069,78.93447687933832,76.432698454031,73.93896009585194
66.40031413381197,68.49075939060343,70.53295642109398,72.54624826300136,74.54937796446262,76.5597287571731,78.59263626176607,80.66101375227838,82.77562299278785,84.93028924885382,87.05627057838112,89.07108466751157,90.89479835078527,92.48844639090528,93.95674680218318,95.43205485882413,97.03281845304647,98.80993834958548,100.59613885852758,102.20993711998014,103.60813528830354,104.73884854248584,105.26794087182337,104.84446842956967,103.60813528830354,101.80480782992142,99.61679813577814,97.19536813411597,94.67547077215525,92.16077079087775,89.65764711426382,87.15609180962235,84.6509906599606,82.13926716822289,79.61876206244915,77.08840149097887,74.54937796446262
64.72641083547177,66.79566702365545,68.80550687976674,70.77573222245056,72.7261530575341,74.67658385082996,76.64684156574961,78.65674460107041,80.72611220107956,82.85494348541175,84.9639552819917,86.95404388774367,88.72610572573262,90.22281994699902,91.55399626461134,92.87122708269413,94.32610484206609,96.00408870697096,97.7261046597046,99.27253300684713,100.52610458674651,101.3874070271445,101.72610456729375,101.43446635882833,100.52610458674651,99.06015038694133,97.15646765636363,94.95010349197905,92.57610500874927,90.14797868414405,87.69306839485205,85.21717745556103,82.7261093613316,80.22566792737224,77.72165753368239,75.21988354906718,72.7261530575341
63.61972412579243,65.68891211768084,67.69871058078535,69.66891027090566,71.61931493864303,73.56973541383883,75.53998649082376,77.54988524235218,79.61925008331079,81.74807961621568,83.85709034777605,85.84717832730345,87.61923980434443,89.11595381677532,90.44713000040201,91.76436072075461,93.2192384016114,94.89722220328372,96.6192381121306,98.16566643225502,99.41923799631684,100.28054042820042,100.61923796543752,100.3275997594659,99.41923799631684,97.9532838155151,96.0496011214296,93.84323702511782,91.46923866620443,89.04111256274246,86.58620266583739,84.11031242485788,81.61924557549571,79.11880636164432,76.61479992374109,74.11303297183716,71.61931493864303
63.021291105827046,65.09941816002677,67.12279018760299,69.11108799922714,71.08375401410501,73.05965497456198,75.05675531285715,77.09190997520331,79.18094681459888,81.3210622349812,83.43750643410667,85.43845276853175,87.23330755868173,88.77320560520269,90.16638441628987,91.55642479100335,93.07976675776501,94.80497217199459,96.5578623635802,98.13695195487068,99.46152109507932,100.45828813120714,100.8952382007354,100.53534542757369,99.46152109507932,97.83181953977248,95.7952115534155,93.49137401345996,91.05274988199685,88.58684666112735,86.1110817737131,83.62414284178104,81.12704867838873,78.62176937308692,76.11069807870065,73.59672311981477,71.08375401410501
45.693782617082654,47.757287917965016,49.7636334929075,51.731691923167475,53.68074652801013,55.63030516266568,57.600001700991015,59.609542542845034,61.678676850090014,63.807360035269795,65.91628177228841,67.90631742274454,69.67834873767754,71.17504529896593,72.50621028617277,73.82343283974777,75.27830395951236,76.95628247716927,78.6782947186253,80.22472078098536,81.47829102158116,82.33959274195536,82.67829003584009,82.38665203826312,81.47829102158116,80.012338428801,78.10865878418085,75.90230037636317,73.52831240590866,71.10020478214363,68.64532767461988,66.16949578664526,63.67853296016605,61.17827925543648,58.674603337670064,56.173423931129946,53.68074652801013
46.69402370895551,48.758736591707944,50.76581651938689,52.7343305790924,54.683672548902464,56.633414665695994,58.603229278066436,60.6128463334297,62.68202973328499,64.81074408456661,66.91968477420028,68.90973156899653,70.6817693074967,72.17846958533798,73.50963695704166,74.82686124989492,76.2817337669769,77.95971340997305,79.68172643247567,81.22815297567354,82.48172349812897,83.34302537003393,83.68172271574562,83.39008467378667,82.48172349812897,81.01577056714655,79.11209027307953,76.90573065378005,74.53174047089286,72.1036289115124,69.64874482087657,67.17290050564071,64.68191552605172,62.18162231562869,59.6778760141714,57.1765715012713,54.683672548902464
47.694921684277645,49.76059405085238,51.76825722424579,53.73713307004637,55.68670318291741,57.63659095457811,59.60649929262958,61.61617684288356,63.68539920925902,65.81413829775462,67.92309403033607,69.91314967049136,71.68519250741376,73.18189573509827,74.51306499938451,75.83029067270714,77.28516429884259,78.96314483502216,80.68515847744237,82.23158540228164,83.48515614844933,84.34645814062436,84.68515552747118,84.3935174502862,83.48515614844933,82.0192029490355,80.11552213950183,77.90916155864767,75.53516961974847,73.10705493665867,70.65216530349409,68.17631112464323,65.68530856183122,63.18498399480539,60.6811818268811,58.17977800784314,55.68670318291741
48.6963416455353,50.76277620187301,52.77090254333052,54.740065635236476,56.68981686402803,58.63982025778475,60.60980299241618,62.619528560135464,64.68878185532287,66.81754057817567,68.92650825050842,70.91657091128678,72.68861779485076,74.18532336383578,75.51649413026962,76.83372089927359,78.28859540566656,79.96657665076698,81.68859078521646,83.23501801296484,84.4885889366931,85.34989102432661,85.68858844382237,85.3969503386785,84.4885889366931,83.02263552422504,81.11895430556504,78.91259296152381,76.53859962887506,74.11048246648963,71.65558843419876,69.17972642653407,66.68870990772717,64.18836045237398,61.68451394138185,59.183031297242565,56.68981686402803
49.69817629673875,51.765216211520766,53.77371032456679,55.74310146454545,57.69299646949537,59.643091642495094,61.61313342979969,63.62289711066887,65.69217495474116,67.82094926165655,69.92992641067431,71.91999464376079,73.69204473915963,75.18875216644133,76.51992412513297,77.8371517637811,79.29202696883573,80.97000877660741,82.69202330158095,84.23845076974857,85.49202183440681,86.35332399780575,86.692021443215,86.4003833158801,85.49202183440681,84.02606825283743,82.12238670945351,79.91602475966991,77.54203032080021,75.11391119059286,72.65901366670164,70.18314544526706,67.69211784946535,65.19174863987125,62.687866932613986,60.18632172131666,57.69299646949537
50.70034033321157,52.76786097858968,54.77664708974635,56.74621926984511,58.696228405355114,60.646396429841275,62.616485089846904,64.62627902219053,66.6955763511481,68.82436302730783,70.93334769803727,72.92342035389021,74.6954729985325,76.19218190074861,77.5233548057374,78.84058313462339,80.2954588942066,81.97344114857106,83.69545598350388,85.2418836424924,86.49545481900685,87.35675704254086,87.69545450851768,87.40381636356977,86.49545481900685,85.02950110322166,83.1258193021041,80.91945687154222,78.54546155466365,76.11734086259264,73.66244056740913,71.18656741407932,68.69553102638898,66.19514613761518,63.69123649433999,61.1896416211672,58.696228405355114
51.70276595784701,53.770668321548044,55.7796862532758,57.74940214911287,59.69950187977854,61.64972773046742,63.61985359497538,65.62967153859,67.6989843329774,69.82778082671722,71.93677146747214,73.92684763369135,75.69890230167482,77.19561237454923,78.52678603061554,79.84401490734419,81.29889110705733,82.97687371588287,84.69888879683062,86.24531660727385,87.49888787256864,88.3601901438319,88.69888762613323,88.40724946720584,87.49888787256864,86.03293405025627,84.12925204457535,81.92288923241934,79.54889321866415,77.12077128693971,74.66586879217547,72.18999172438348,69.69894835852108,67.19855102503031,64.69461920846705,62.19298491719533,59.69950187977854
52.805399302804744,54.873604738776265,56.8828067053807,58.85263668366025,60.80280832584131,62.753080075699756,64.72323547045815,66.73307247224685,68.80239754172169,70.93120182774572,73.04019720693753,75.03027615934533,76.80233243325904,78.29904343528685,79.6302176874844,80.9474469990364,82.40232354808111,84.0803064382427,85.80232171445267,87.3487496451056,88.6023209808654,89.4636232900114,89.80232078526947,89.51068261524657,88.6023209808654,87.13636707400232,85.23268490595933,83.02632179093177,80.65232522406497,78.22420230842602,75.76929806785051,73.29341789313875,70.80236898866897,68.30196177770917,65.79801236190825,63.2963467835621,60.80280832584131
53.80819757705281,55.8766436260799,57.885991685691806,59.855912220833886,61.80614094306114,63.75644912467831,65.72662795825293,67.73648008678629,69.80581489911012,71.93462536991566,74.04362451002277,76.03370567383553,77.80576322237904,79.30247496187724,80.63364968722485,81.95087934389656,83.40575617020602,85.08373928366424,86.805754714854,88.35218274091743,89.60575413260537,90.46705647181892,90.80575397736077,90.51411579853136,89.60575413260537,88.13980015863436,86.23611786172447,84.02975450630754,81.65575750043556,79.22763380386255,76.77272817763392,74.29684553695265,71.80579223646923,69.30537718569997,66.80141380119392,64.29972338970795,61.80614094306114
54.81112679456618,56.87976385890852,58.88922788801017,60.859220304209984,62.80949433331831,64.75983143182667,66.73002886920585,68.73989300400935,70.80923554930406,72.93805092900004,75.04705305415735,77.03713597316695,78.80919453338615,80.3059068582155,81.63708195910277,82.95431188969633,84.40918893607105,86.08717222676,87.80918778095727,89.3556158827481,90.60918731882622,91.47048968190438,91.80918719560849,91.51754900978936,90.60918731882622,89.1432332915916,87.23955089239996,85.03318734618585,82.65918999187511,80.23106567547396,77.77615894945055,75.30027435152437,72.80921756191128,70.30879628864523,67.80482181705655,65.30311169513382,62.80949433331831
55.81415996627089,57.8829486651574,59.89250474900274,61.86255422103392,63.81286421176118,65.76322426224189,67.73343646572492,69.74331013001526,71.81265881301498,73.94147808891631,76.05048258331563,78.04056689542816,79.8126262586157,81.30933904802302,82.64051444697651,83.95774459498202,85.4126218160227,87.09060524737978,88.81262089920824,90.35904906110392,91.61262053241455,92.47392291443407,92.81262043461658,92.52098224324969,91.61262053241455,90.14666646290458,88.24298398253188,86.03662028488188,83.66262265401505,81.23449784565574,78.77959024672396,76.30370409532918,73.81264453638491,71.31221832429719,68.80823505281339,66.30650928647948,63.81286421176118
56.81727566188118,58.886184729308326,60.895813883162816,62.86590864283018,64.81624717727318,66.76662544513741,68.73684936864505,70.74673059655962,72.81608415108539,74.94490651941734,77.05391289428916,79.04399831210961,80.81605831261406,82.31277147075737,83.64394710628628,84.96117742685185,86.41605478652501,88.09403832953049,89.81605405884885,91.36248226844981,92.6160537677245,93.4773561647778,93.8160536901022,93.52441549433206,92.6160537677245,91.15009966466054,89.24641711985441,87.04005330200964,84.66605545164003,82.23793025281316,79.78302196105305,77.30713457666803,74.81607281969963,72.31564268765229,69.81165243164186,67.30991424818747,64.81624717727318
57.92045686646843,59.98946148062841,61.999148634037496,63.969279340033026,65.91964053024292,67.87003325750034,69.84026648329866,71.85015371450696,73.9195111355822,76.04833595838444,78.15734382579069,80.147430121213,81.91949062755657,83.41620407836598,84.74737990166491,86.06461035919155,87.51948782889744,89.1974714605183,90.91948725134046,92.46591549880509,93.7194870202749,94.58078942926053,94.91948695866603,94.62784875940102,93.7194870202749,92.25353289057912,90.34985029463209,88.1434863813887,85.76948835679963,83.34136284805831,80.88645400639973,78.4105656433888,75.91950214184466,73.41906889851431,70.9150730988529,68.41332505983331,65.91964053024292
58.923690071683055,60.992770527735715,63.00250371784733,64.97266295541216,66.9230421278971,68.8734463317377,70.84368694083255,72.85357893688426,74.92293942685231,77.05176619777303,79.16077524980624,81.15086224178214,82.92292314961067,84.41963683270939,85.75081280504158,87.06804337127429,88.52292092831318,90.20090463026813,91.92292046990588,93.46934874742297,94.72292028650904,95.58422270496536,95.92292023761004,95.63128203557115,94.72292028650904,93.25696613567558,91.35328349913803,89.14691951017667,86.77292134730945,84.34479559258884,81.88988631447536,79.41399717472797,76.92293228851135,74.42249657574837,71.91849637607038,69.41674051462667,66.9230421278971
60.026964553677644,62.09610520951304,64.10587494050775,66.07605682419243,68.02645026945855,69.97686358236695,71.9471100516283,73.95700582955506,76.02636875531155,78.15519707245754,80.2642070647307,82.25429460956191,84.02635583604945,85.52306970351631,86.85424579413632,88.17147644664911,89.62635407300428,91.30433783078342,93.02635370916616,94.57278201053586,95.82635356360396,96.68765598957717,97.0263535247928,96.7347153205523,95.82635356360396,94.36039939599354,92.45671672723923,90.25035267818049,87.87635440556186,85.44822845560729,82.99331883107924,80.51742907483532,78.02636308960233,75.52592541684582,73.021921724861,70.52015965471936,68.02645026945855
61.13027179950285,63.19946023847805,65.20925897295359,67.17945883125245,69.12986360498367,71.0802841478256,73.05053526832937,75.06043404794266,77.12979890698988,79.25862845137729,81.36763918992003,83.35772717355303,85.1297886529604,86.62650266676044,87.95767885126554,89.27490957225888,90.72978725363043,92.4077710557173,94.12978696485195,95.67621528515348,96.92978684931913,97.79108928125851,98.1297868185147,97.83814861252677,96.92978684931913,95.46383266839278,93.56014997406804,91.35378587730997,88.97978751758158,86.55166141266973,84.09675151319215,81.62086126763444,79.12979441011082,76.62935518170417,74.12534871786644,71.62358171985551,69.12986360498367
62.23360505152766,64.30283141760668,66.31265317276669,68.28286729776372,70.23328106299888,72.18370734428166,74.15396215649488,76.16386331855487,78.23322971205857,80.36206023050917,82.47107156136684,84.4611598932772,86.23322157342726,87.72993570337204,89.0611119623938,90.37834273774018,91.83322046277826,93.51120430003218,95.23322023357458,96.77964856890239,98.03322014187616,98.89452257855086,99.23322011742667,98.94158191005178,98.03322014187616,96.56726595038097,94.66358323576095,92.4572191011439,90.08322067227641,87.65509444437487,85.20018432666967,82.72429369274317,80.2332261428816,77.73278567975322,75.2287770158899,72.7270061066123,70.23328106299888
63.33695894565079,65.40621541550041,67.41605544257189,69.38628089120436,71.33670179306097,73.28713262897165,75.25739037130664,77.26729342431992,79.33666103572418,81.4654923272899,83.57450412826847,85.56459273660681,87.3366545760865,88.83336879821543,90.16454511638113,91.48177593486753,92.93665369456376,94.61463755972979,96.3366535126447,97.8830818598988,99.1366534398636,99.99795588029676,100.33665342045802,100.04501521198233,99.1366534398636,97.67069923997992,95.76701650925152,93.5606523445858,91.18665386084257,88.758527535324,86.30361724441141,83.82772630223633,81.3366582028655,78.83621675973689,76.33220634970927,73.83043233604829,71.33670179306097
64.54032922402548,66.60960958788895,68.61946411762685,70.58969855392897,72.54012512016357,74.49055957110022,76.46081963908073,78.47072419294717,80.5400927710008,82.6689246761888,84.77793685030277,86.76802567804219,88.54008764398188,90.03680193927742,91.36797830438567,92.68520915711238,94.14008694431679,95.81807083163667,97.54008679992754,99.08651515664756,100.34008674216113,101.2013891855774,101.54008672675893,101.24844851740949,100.34008674216113,98.87413253561951,96.9704497921059,94.76408560359049,92.39008707629236,89.96196067329515,87.50705024490772,85.0311590580755,82.54009052255869,80.03964830160287,77.53563650564196,75.0338600280246,72.54012512016357
65.94371250697189,68.0130118359269,70.02287787659041,71.99311944647002,73.94355050854819,75.89398782874258,77.8642497425931,79.87415548768915,81.94352483297354,84.07235722519414,86.18136969546595,88.17145869734418,89.94352076365527,91.44023511702318,92.77141151938976,94.08864239929302,95.54352020833068,97.22150411323409,98.94352009372884,100.489948457962,101.74352004787964,102.60482249366353,102.9435200356549,102.65188182561201,101.74352004787964,100.27756583605358,98.37388308239233,96.16751887494743,93.79352031307977,91.36539384858767,88.91048331108638,86.43459193006967,83.94352304838344,81.44308021006536,78.93906731408735,76.43728888082305,73.94355050854819
66.41002316645641,68.50043615493152,70.54258404814121,72.55581097769296,74.55886206366557,76.56912461430625,78.60194113705606,80.67023487879725,82.78478008974236,84.9394100801635,87.06536770557973,89.08014741953976,90.90378991790368,92.49730662669434,93.9654261834279,95.44053270516687,97.04111669726248,98.81811793972908,100.60424305761416,102.21796337450037,103.61599823907233,104.74642140277982,105.27531929794,104.8519805776205,103.61599823907233,101.81306034024684,99.62540325840641,97.20425571573232,94.68455808026883,92.169979819155,89.66692498638218,87.1654066390874,84.66032578766738,82.14861865950263,79.62813755250846,77.09781878837501,74.55886206366557
64.73654239334896,66.80579885208836,68.81563887241637,70.78586431686972,72.73628521609251,74.68671605032225,76.65697379157587,78.66687684389126,80.73624445484604,82.86507574612645,84.97408754693153,86.96417615516785,88.73623799458872,90.23295221668364,91.56412853482747,92.881359353298,94.33623711298142,96.01422097813713,97.7362369310449,99.28266527829462,100.53623685825683,101.3975392986886,101.7362368388494,101.44459863037409,100.53623685825683,99.07028265837624,97.16659992765379,94.96023576299916,92.58623727927616,90.15811095379365,87.703200662945,85.22730972088365,82.7362416217156,80.2358001789487,77.73178976956552,75.23001575705024,72.73628521609251
63.62985526441736,65.69904368575739,67.70884240952878,69.6790422611939,71.62944703074423,73.57986757091788,75.55011868970507,77.56001746821056,79.62938232654429,81.75821187047876,83.86722260874609,85.85731059221715,87.62937207153118,89.12608608527722,90.45726226974767,91.77449299071571,93.22937067206698,94.90735447413748,96.62937038326076,98.17579870355533,99.42937026771689,100.29067269965407,100.6293702369095,100.33773203092221,99.42937026771689,97.96341608679546,96.05973339248015,93.8533692957397,91.47937093604342,89.05124483118877,86.59633493181266,84.12044468643555,81.62937782923385,79.12893860140133,76.62493213858659,74.1231651423943,71.62944703074423
63.03124779727854,65.10936092866311,67.13271160250254,69.12098091911571,71.09361198043926,73.06947311682453,75.06653172539484,77.10164736052835,79.1906539555056,81.33075208689175,83.44718492269614,85.44811468929821,87.24293483142402,88.78276772791395,90.17585412130435,91.56578763833402,93.08903074361226,94.8141688717503,96.56701546390629,98.1460592678454,99.47053005570146,100.46711383043115,100.90393450707687,100.544131310736,99.47053005570146,97.84105778111257,95.80464237174175,93.50094983505117,91.06242364885642,88.59657835906117,86.12084566777261,83.63392385350909,81.13683904291261,78.63156725240417,76.12050693900431,73.60655099635407,71.09361198043926
45.79422461949096,47.85786414157041,49.86429135511209,51.83240044424153,53.78148700200414,55.731066039538305,57.700775707886976,59.710325024974026,61.77946479157461,63.90815144261671,66.01707528729361,68.00711217707914,69.77914420635946,71.27584118095598,72.60700643333664,73.92422918033239,75.37910045548924,77.05707909829238,78.77909142660671,80.3255175424396,81.57908781438036,82.4403895516059,82.77908685125418,82.4874488487416,81.57908781438036,80.11313518398953,78.20945546714594,76.00309692460229,73.62910870810862,71.20100064667372,68.74612276257666,66.2702894926021,63.779324202548054,61.27906610454728,58.77538235977832,56.27418904109177,53.78148700200414
46.7945387190136,48.859358258809465,50.866503030817505,52.835057317214435,54.78442465559078,56.73418296922355,58.70400800415666,60.713631786830206,62.78281951998599,64.91153662220557,67.02047898471903,69.01052676318278,70.78256506866492,72.27926567455069,73.61043325672371,74.92765770309555,76.38253034351266,78.06051008583759,79.78252317727976,81.32894976291902,82.58252031025299,83.44382219553287,83.78251954581911,83.49088149994276,82.58252031025299,81.11656734941894,79.21288699802813,77.00652727179644,74.63253689362747,72.2044249868671,69.74954027986104,67.27369486771991,64.78270793275496,62.282411235278346,59.778658721170245,57.27734316507019,54.78442465559078
47.79549471614162,49.86125181572419,51.868966486194054,53.837874271741185,55.7874645243939,57.73736515342499,59.70728176466142,61.71696465470853,63.78619046055732,65.91493173252502,68.02388879289113,70.0139452137908,71.78598850072967,73.28269198878431,74.61386142012063,75.93108721529131,77.38596093931807,79.06394155433503,80.78595525147263,82.33238220999769,83.58595297591148,84.44725497870223,84.78595236917984,84.49431428888562,83.58595297591148,82.11999975280438,80.21631889777277,78.00995823204639,75.63596613815167,73.20785117934555,70.75296105696538,68.27710600749316,65.78610189267599,63.28577455790338,60.78196745877135,58.28055487403287,55.7874645243939
48.79696077704352,50.86346263600656,52.871629869696676,54.840818319633826,56.790585536365924,58.74059913624072,60.71058843780207,62.72031824392175,64.78957426910316,66.91833472501114,69.02730345121927,71.01736673167929,72.78941397242319,74.28611974806475,75.61729064708665,76.93451751280162,78.3893920968911,80.06737340456482,81.78938758244354,83.33581483692839,84.58938577632915,85.45068787238833,85.78938529476586,85.49774718715418,84.58938577632915,83.12343234505573,81.21975109028395,79.01338967887953,76.63939622321064,74.21127884198856,71.75638442140561,69.28052172272385,66.78950397207562,64.28915231991596,61.7853018948808,59.28381229295502,56.790585536365924
49.7988320476541,51.865925412090576,53.87445199328482,55.84386326463341,57.793770961101245,59.74387423546864,61.71392123526317,63.72368828028135,65.7929682912031,67.92174397366557,70.0307219591524,72.02079068408325,73.79284106297705,75.28954865428258,76.6207207182096,77.93794843361741,79.39282370033982,81.07080555777605,82.79282011721943,84.33924760660776,85.59281868370527,86.45412085379166,86.79281830148821,86.50118017219461,85.59281868370527,84.12686508721008,82.22318351516421,80.01682151191439,77.64282697540345,75.21470767150504,72.7598098394253,70.28394106952732,67.79291249600365,65.29254154277513,62.78865672885115,60.28710599487442,57.793770961101245
50.801025167949504,52.86858825622224,54.87740014490443,56.84698830623583,58.79700751619548,60.74718197122432,62.71727476858388,64.72707137113522,66.79637041995495,68.92515818789994,71.03414352254008,73.02421656877192,74.79626943842493,76.2929784708271,77.62415145934139,78.94137984915163,80.39625565768064,82.07423795146389,83.79625281375542,85.34268048958688,86.59625167597437,87.45755390481625,87.7962513726085,87.50461322610593,86.59625167597437,85.13029794834254,83.22661612447601,81.02025365147793,78.64625825710137,76.21813742717153,73.76323688737806,71.28736329873081,68.79632613501644,66.29593986230147,63.79202775320739,61.290428496504276,58.79700751619548
51.80347388839735,53.87140995157516,55.88044834768978,57.85017692970078,59.80028465720922,61.75051561212743,63.720644760580115,65.73046482359092,67.79977898305438,69.92857634335279,72.03756751105698,74.02764398712128,75.79969883369625,77.29640900989955,78.62758273226018,79.94481165734447,81.39968789590597,83.07767053601822,84.79968563868061,86.34611346249207,87.59968473562311,88.46098701109922,88.79968449484142,88.50804633468015,87.59968473562311,86.13373090390806,84.23004888017124,82.0236860343336,79.64968995906818,77.221567917925,74.76666522901337,72.29078781570857,69.79974383391202,67.29934540197527,64.79541162825504,62.29377385766165,59.80028465720922
52.90612557205763,54.97435776321839,56.98357597541154,58.95341602388672,60.90359401363659,62.85386981491621,64.82402781622181,66.83386650020847,68.90319265315787,71.03199762697498,73.1409934244086,75.13107262274127,76.90312903840345,78.39984012244355,79.73101442725897,81.0482437771909,82.50312035706956,84.18110327206344,85.90311856550838,87.44954650677165,88.7031178487511,89.56442016124083,89.90311765764254,89.61147948664032,88.7031178487511,87.23716393442513,85.33348175205113,83.12711861029044,80.75312199460294,78.32499899211817,75.87009459744755,73.39421414850139,70.90316475516215,68.40275667235821,65.8988057031386,63.397137363182836,60.90359401363659
53.90893840649869,55.977405696110225,57.986766651741064,59.95669518034161,61.906928940933994,63.85724033828703,65.82742124072904,67.83727470444401,69.9066103767303,72.0354213934408,74.14442086550784,76.13450222451175,77.90655988556125,79.4032716901527,80.73444645726318,82.05167614439708,83.50655299517948,85.18453612834712,86.90655157321626,88.45297960770112,89.70655100432559,90.56785334619308,90.90655085264262,90.61491267303592,89.70655100432559,88.24059702443125,86.33691471614685,84.13055133951183,81.7565542948908,79.32843052938819,76.87352478085404,74.39764192251235,71.9065882340116,69.4061724912548,66.90220787378553,64.40051527036437,61.906928940933994
54.91187918344177,56.98053310958328,58.99000737545066,60.96000613652819,62.91028416477633,64.860623815692,66.8308228951635,68.84068808971409,70.91003131756662,73.03884713054964,75.14784951918446,77.13793259311768,78.90999124263301,80.40670361912697,81.73787875316148,83.0551087079329,84.50998577373181,86.18796908006411,87.90998464511874,89.45641275359367,90.70998419358989,91.5712865587745,91.90998407319907,91.61834588676298,90.70998419358989,89.24403016165397,87.34034775343437,85.13398419037941,82.75998680531353,80.33186243420289,77.87695561110547,75.4010708404218,72.91001374283829,70.40959192033854,67.90561647013753,65.40390460844685,62.91028416477633
55.914921531760484,57.983723615841996,59.99328782536267,61.96334233361992,63.91365549858422,65.86401757495987,67.83423108179207,69.84410558721228,71.91345481196171,74.04227443176447,76.15127913528653,78.14136357036216,79.91342300442415,81.41013583483772,82.74131126010019,84.05854142729572,85.51341866375338,87.19140210752663,88.91341776797255,90.4598459351734,91.71341740959386,92.57471979328528,92.91341731403958,92.62177912218303,91.71341740959386,90.24746333635242,88.34378084881425,86.13741713779767,83.76341948252046,81.33529463073819,78.88038695475862,76.40450066624598,73.91344086286486,71.41301421484835,68.90903016663387,66.40730301942766,63.91365549858422
56.91804451204422,58.986964204552805,60.99659980823195,62.966698565339385,64.91703961925009,66.8674194950984,68.83764445308736,70.84752634861218,72.91688033312704,75.0457029744145,77.15470951526746,79.1447950306839,80.91685508744149,82.4135682781315,83.74474393454184,85.06197427033854,86.51685164224818,88.19483519510837,89.91685093126641,91.4632791450781,92.71685064682106,93.57815304520133,93.91685057097958,93.62521237482078,92.71685064682106,91.25089654079545,89.34721399030207,87.14085016184823,84.76685229210412,82.33872705881237,79.88381870589939,77.40793121268374,74.91686926170532,72.41643878365994,69.91244791115449,67.41070863168997,64.91703961925009
58.02123149923044,60.09024454730766,62.09993682024327,64.07007069912551,66.02043388908494,67.97082789261918,69.94106193949365,71.95094970058776,74.02030746294683,76.14913250239452,78.2581405015403,80.24822687442466,82.0202874254164,83.51700090205813,84.8481767419307,86.1654072115463,87.62028469096427,89.29826833040681,91.02028412665763,92.56671237746434,93.8202839008932,94.68158631093205,95.02028384069777,94.72864564112429,93.8202839008932,92.35432976884678,90.45064716838576,88.24428324672195,85.8702852067553,83.4421596706592,80.98725078046354,78.51136233107357,76.02029867554337,73.51986515759351,71.0158688686175,68.51411995968711,66.02043388908494
59.02446929456937,61.09355644512087,63.103293698790694,65.07345545475067,67.02383621446732,68.97424143130145,70.94448269208984,72.95437510871417,75.02373586956018,77.15256281243285,79.2615719690279,81.25165902248551,83.02371996575133,84.52043366935317,85.85160965483988,87.16884023066757,88.62371779541499,90.30170150357802,92.0237173475245,93.57014562769419,94.82371716833515,95.68501958762741,96.023717120558,95.73207891827428,94.82371716833515,93.35776301563598,91.45408037551564,89.24771637987101,86.87371820479862,84.4455924283665,81.9906831117291,79.51479390342259,77.02372889498702,74.52329296425799,72.0192923762093,69.51753582431255,67.02383621446732
60.12774742004571,62.196893389619746,64.20666634598076,66.1768502285632,68.12724493363447,70.07765905056395,72.04790603707787,74.05780214881462,76.1271652895676,78.25599374319212,80.36500381845615,82.35509141208547,84.1271526666996,85.62386655043983,86.95504265150055,88.2722733116289,89.72715094410232,91.40513470680884,93.12715058861139,94.67357889208648,95.92715044638871,96.78845287302539,97.12715040846797,96.83551220403314,95.92715044638871,94.46119627729745,92.55751360569948,90.35114955133623,87.97715126903032,85.54902530184336,83.09411564673881,80.6182258360795,78.12715975384116,75.62672190808458,73.12271790784888,70.62095528969155,68.12724493363447
61.23105755789183,63.30025021458039,65.3100515091052,67.28025295395936,69.23065872761028,71.1810799086089,73.15133143965825,75.16123048421753,77.23059551390789,79.35942516661851,81.46843597103117,83.45852399339529,85.23058549512676,86.72729952184298,88.0584757146349,89.37570644167269,90.83058412790031,92.50856793389801,94.23058384574699,95.77701216771956,97.03058373286476,97.8918861653307,98.23058370276703,97.93894549662485,97.03058373286476,95.5646295507631,93.66094685418133,91.45458275321306,89.08058438579586,86.65245826720663,84.19754834346048,81.7216580547132,79.23059112019632,76.73015175447927,74.2261450459821,71.72437761300907,69.23065872761028
62.33439310543335,64.40362281923726,66.41344660635654,68.3836619906217,70.33407654950102,72.28450333729208,74.2547584753568,76.26465984770503,78.33402637664848,80.46285698107536,82.57186836421405,84.56195672686532,86.33401842473403,87.8307325649304,89.16190883052941,90.4791396106733,91.93401733956563,93.61200117992357,95.33401711562037,96.88044545227444,98.13401702602569,98.99531946311836,99.3340170021371,99.0423787946398,98.13401702602569,96.66806283359765,94.76438011718625,92.55801597922753,90.18401754425747,87.75589130550016,85.30098116853297,82.8250905003269,80.33402288935571,77.83358231724385,75.32957345919387,72.82780220468553,70.33407654950102
63.43774882158371,65.50700794860221,67.51684958847034,69.48707603659612,71.43749756837315,73.38792880630163,75.3581868072659,77.36809002718536,79.43745774608836,81.56628910589353,83.67530094836764,85.66538958110505,87.43745143464804,88.93416566491365,90.26534198829967,91.5825728105939,93.03745057334925,94.71543444097895,96.43745039560378,97.98387874391057,99.23745032449244,100.09875276525733,100.43745030553205,100.14581209695919,99.23745032449244,97.77149612386833,95.86781339171813,93.66144922440012,91.28745073581327,88.85932440167849,86.40441409547765,83.92852312609483,81.43745497822123,78.93701344859235,76.43300288443845,73.93122859676696,71.43749756837315
64.64112054614928,66.71040301905815,68.72025882889217,70.69049405849995,72.64092112470561,74.59135589472518,76.56161616798033,78.57152085432055,80.64088951769607,82.7697214770458,84.87873368409478,86.86882253119978,88.64088450830153,90.13759881005515,91.46877517930679,92.78600603505578,94.24088382468821,95.9188677139635,97.64088368361155,99.18731204116708,100.44088362717042,101.30218607084996,101.64088361212157,101.34924540269502,100.44088362717042,98.97492942004114,97.07124667539901,94.86488248477849,92.490883953636,90.06275754380006,87.60784710327837,85.13195589485134,82.64088732083785,80.14044503122663,77.63643311293548,75.13465641783542,72.64092112470561
66.04450497696769,68.11380597990404,70.12367303659221,72.09391523612352,74.04434669503087,75.99478426848228,77.96504634525972,79.97495219550038,82.04432160850484,84.17315404371362,86.28216654012597,88.2722555573747,90.0443176325451,91.54103199103884,92.87220839669402,94.18943927899603,95.64431708996084,97.32230099641627,99.04431697798822,100.5907453428845,101.84431693319087,102.70561937918376,103.04431692124658,102.7526787111425,101.84431693319087,100.3783627208984,98.47467996634145,96.26831575722571,93.89431719230677,91.4661907223868,89.01128017525453,86.53538877709798,84.04431986485689,81.54387697204699,79.03986397897529,76.53808537309456,74.04434669503087
66.58642274396175,68.67628298529276,70.71758902771737,72.72970357313812,74.73140704450603,76.74015643582297,78.77141223367744,80.8382688035687,82.95171489476772,85.10572222518226,87.23127281375278,89.24546218027254,91.06788190322702,92.65914171780226,94.12415130426791,95.5957894584603,97.19328006917586,98.96823639093046,100.75306166671156,102.36543768270585,103.76065463823765,104.88606733328692,105.41160351774842,104.9905771065407,103.76065463823765,101.9644356409019,99.7828507471659,97.36656083997772,94.85029456749183,92.33780609028648,89.83593274970951,87.33504852099432,84.83031590755397,82.31888949241824,79.79882004379743,77.26921831502668,74.73140704450603
64.92017239828488,66.98943365290134,68.99927658413631,70.96950383255634,72.91992586871038,74.8703574285343,76.84061563658287,78.85051899014402,80.91988679512119,83.04871820956564,85.15773008526514,87.1478187375389,88.91988060234237,90.41659483912301,91.74777116668899,93.06500199203211,94.51987975723688,96.19786362683925,97.9198795828332,99.46630793198288,100.71987951305884,101.58118195408935,101.91987949445493,101.62824128580428,100.71987951305884,99.2539253118419,97.35024257855324,95.14387840911157,92.76987991664642,90.34175357561264,87.8868432571705,85.41095226600247,82.91988407929276,80.41944248040312,77.91543179284045,75.41365728576893,72.91992586871038
63.81347783766658,65.88267387148738,67.8924772158463,69.86267993105588,71.81308650534243,73.76350819731289,75.73376005708587,77.74365931378722,79.81302448011144,81.94185421955636,84.05086507671103,86.0409531300871,87.81301464969349,89.30972868675168,90.64090488617884,91.95813561805647,93.4130133081723,95.09099711730141,96.81301303132375,98.35944135463433,99.61301292056382,100.47431535345143,100.81301289103197,100.52137468476629,99.61301292056382,98.14705873752106,96.24337603913216,94.03701193479276,91.66301356121915,89.23488743167843,86.77997748850045,84.30408716517132,81.81302016900604,79.31258069334461,76.80857378894879,74.30680600770188,71.81308650534243
63.211887223250685,65.28976211617939,67.31274737142645,69.30052901277266,71.27256178551086,73.247741159922,75.24408526142913,77.27853254999808,79.36702113013318,81.50682311281895,83.62306129105067,85.62370722863596,87.41793374019856,88.95665017737686,90.34815231124064,91.73625327019624,93.25780021931007,94.9817835259185,96.73388165378009,98.31213928675109,99.63492085074552,100.62835521363243,101.06295077142991,100.70468812116303,99.63492085074552,98.00938544591098,95.97627376832179,93.67506706391524,91.23821912964831,88.77336614205836,86.29818483494691,83.81155614416267,81.31463148228175,78.8094883636883,76.29861606477753,73.78498569434213,71.27256178551086
45.93246345468597,47.99628269606926,50.002819215590236,51.97099612950029,53.92012546657486,55.86973181957205,57.83945906629458,59.84901972989219,61.91816680536593,64.04685809642224,66.15578476277771,68.145823311744,69.91785629737281,71.4145538252946,72.74571943268248,74.06294243862448,75.51781392181599,77.1957927321613,78.91780517675905,80.4642313641798,81.71780167808424,82.57910343786992,82.91780074523429,82.62616273611405,81.71780167808424,80.25184899734134,78.34816918380712,76.14181046089624,73.76782191501233,71.33971326763753,68.88483434388576,66.40899922372719,63.9180306355026,61.417766655892734,58.914072432480594,56.41286048836622,53.92012546657486
46.932875311497014,48.99783765823102,51.00506924862593,52.973677391970654,54.9230786941002,56.87285869202087,58.84269768055472,60.8523304696283,62.921524004110296,65.05024478921737,67.15918939133807,69.1492384867089,70.92127755125065,72.41797859631316,73.74914646025657,75.06637111215468,76.52124391768935,78.19922379299274,79.9212369767292,81.46766361918782,82.7212341998284,83.58253610301429,83.9212334594248,83.62959540830394,82.7212341998284,81.2552811990299,79.3516007708956,77.14524090150621,74.77125026189955,72.34313789007686,69.8882523578917,67.412405477244,64.92141592447335,62.421114558614704,59.91735372713991,57.416023386566636,54.9230786941002
47.93390899711795,49.999779545886284,52.0075631633608,53.97651371056605,55.926130926437764,57.87604876881407,59.84597645606166,61.85566649491449,63.92489690544886,66.05364110059293,68.16259993856136,70.15265740469997,71.92470129410825,73.421405130739,74.75257478571723,76.06980074401457,77.52467459909539,79.20265531965755,80.92466909004924,82.47109609367187,83.72466688602115,84.5859689030239,84.92466629836233,84.63302821390556,83.72466688602115,82.25871363119421,80.35503271525124,78.14867193590041,75.77467963450218,73.34656430657489,70.8916735292467,68.4158173142109,65.92481112161097,63.424480081449275,60.92066638052779,58.41924206042441,55.926130926437764
48.93543678156355,51.002028750325735,53.01025073200674,54.97947313158191,56.92926175292335,58.87928901662363,60.84928710987039,62.85902259026631,64.92828227029614,67.0570450463727,69.16601518348043,71.15607929355284,72.92812701247917,74.42483306478663,75.75600414131361,77.0732311365025,78.52810582460978,80.20608721605487,81.92810145207542,83.47452874235424,84.72809970273687,85.58940181007613,85.92809923631171,85.63646112539618,84.72809970273687,83.26214624628736,81.35846494317022,79.15210344158196,76.7781098212172,74.34999214702289,71.89509720660553,69.41923358280951,66.92821418300579,64.427859589819,61.924003924756676,59.42250500788552,56.92926175292335
49.93735708138612,52.004522007081704,54.01309205736551,55.98253028066475,57.932454968432296,59.88256908878344,61.8526230669525,63.86239461581391,65.93167752765821,68.0604550516662,70.16943415699458,72.15950354039288,73.93155429882165,75.42826210971756,76.75943431453072,78.07666213270218,79.53153748198366,81.20951940590928,82.93153401149988,84.47796152929794,85.73153262304876,86.59283480208816,86.93153225284684,86.63989412093099,85.73153262304876,84.2655790065713,82.36189739615367,80.15553532132483,77.7815406540946,75.3534211176636,72.89852287298984,70.42265336882457,67.93162348635383,65.43125019879406,62.92736122574222,60.425803098122984,57.932454968432296
50.939589140915835,53.007209053286715,55.01605545322799,56.98566501018395,58.93569770769088,60.88588077181163,62.85597910816854,64.86577928552795,66.93508063685393,69.06386986645118,71.1728560899164,73.16292965877648,74.93498282966743,76.43169203635894,77.76286513669478,79.0800936080687,80.53496948212491,82.21295182868087,83.93496672759949,85.48139442597974,86.734965625585,87.59626786153288,87.93496533175554,87.64332718317169,86.734965625585,85.26901188209324,83.365330027771,81.15896749796059,78.78497199983198,76.35685098534067,73.90195011807037,71.4260759466325,68.9350377439989,66.43464961850103,63.930734208232195,61.429129082960884,58.93569770769088
51.942068783042316,54.010049963856034,56.01911575776367,57.988861323917305,59.938979757471756,61.889217545826995,63.85935109074717,65.8691739911514,67.93848997814206,70.06728849856515,72.17628037173415,74.16635726261018,75.93841234827843,77.43512266281547,78.76629647392902,80.08352546375049,81.53840175432097,83.21638443631898,84.93839956805232,86.4848274097608,87.73839869338278,88.59970097449892,88.93839846017015,88.64676029835695,87.73839869338278,86.27244484907965,84.36876280117013,82.16239991024052,79.788403752627,77.36028156499712,74.90537861616647,72.42950074029903,69.93845593390716,67.43805603140122,64.934119637491,62.43247720886687,59.938979757471756
53.044745019081645,55.11301303041938,57.12225299215498,59.092106522480535,61.04229301023756,62.99257423546935,64.96273572635586,66.97257666242498,69.04190426590051,71.17071016051582,73.27970651787972,75.26978604544956,77.04184265088053,78.53855384471635,79.86972821997506,81.18695762128894,82.6418342424472,84.31981719068582,86.04183250720438,87.58826046267254,88.84183181297864,89.70313412994489,90.04183162787766,89.7501934555643,88.84183181297864,87.37587788866153,85.47219568710165,83.26583250955142,80.89183582850413,78.46371270975271,76.00880810878397,73.53292729270069,71.04187724487684,68.54146799487222,66.03751494597753,63.53584290884896,61.04229301023756
54.04757734695248,56.11607307353941,58.12545129425081,60.09539052436544,62.04563103021664,63.995946732720654,65.96613040490932,67.97598565612967,70.04532247970994,72.1741342272626,74.28313414374816,76.27321576406835,78.04527357573764,79.54198546747409,80.87316029049549,82.1903900184113,83.64526690195734,85.32325006151139,87.04526552469406,88.59169357045334,89.8452649736867,90.70656731910718,91.04526482677194,90.75362664612459,89.8452649736867,88.3793109858624,86.47562866235015,84.26926525730892,81.89526816081181,79.46714430302822,77.01223839075496,74.53635524101574,72.04530103304842,69.54488436387808,67.04091809575142,64.53922255782467,62.04563103021664
55.050533599744426,57.119210100413,59.12869807113222,61.09870532661344,63.048988708820275,64.99933177683562,66.96953305469711,68.97939966800823,71.04874380965009,73.17756020270556,75.28656294407656,77.27664622541701,79.0487049944795,80.54541744014054,81.8765926185516,83.19382260569165,84.64869969749509,86.32668302477029,88.0486986043604,89.5951267217838,90.84869816702553,91.71000053503016,92.04869805041922,91.75705986315718,90.84869816702553,89.38274412879554,87.47906170848962,85.27269812288864,82.89870069664869,80.47057625229455,78.01566929923717,75.53978429727078,73.04872678738522,70.54830422958699,68.04432746924684,65.54261327840128,63.048988708820275
56.05358823371239,58.12240823778177,60.13198332582604,62.102044576477965,64.05236199103533,66.00272677962721,67.97294203134828,69.98281766284993,72.05216761287866,74.18098769308686,76.28999267657645,78.28007727627153,80.05213680521823,81.54884969052978,82.88002515101395,84.19725534390048,85.65213260099799,87.3301160613936,89.05213173337636,90.59855990767964,91.85213138626344,92.7134337721931,93.05213129371295,92.76049310120084,91.85213138626344,90.38617730802645,88.4824948108953,86.27613108198392,83.9021333940268,81.47400848411112,79.01910070498221,76.54321423290013,74.05215410227393,71.55172687064831,69.04774178256852,66.54601278668801,64.05236199103533
57.05672096667237,59.125654883906506,61.13529912249017,63.10540323128046,65.05574765819198,67.00612968676705,68.97635602969135,70.98623881899417,73.05559337916625,75.1844163858788,77.29342314894251,79.28350879501764,81.05556892708533,82.55228216134793,83.88345784571376,85.20068820190141,86.65556559019292,88.33354915624628,90.05556490156113,91.60199312101003,92.85556462605743,93.7168670262142,94.05556455260005,93.76392635592094,92.85556462605743,91.38961051606684,89.48592795795949,87.27956411530258,84.9055662196204,82.4774409401881,80.02253250540537,77.54664486649042,75.05558265577697,72.55515171451933,70.05116001666767,67.54941926989498,65.05574765819198
58.15991569553954,60.228940034810705,62.23863916166181,64.20877728832914,66.15914315550191,68.10953886768131,70.07977401378982,72.08966248428015,74.15902070354034,76.28784603302677,78.39685420854158,80.3869406851299,82.15900129589534,83.65571480712066,84.98689066918153,86.30412115498144,87.75899864740171,89.4369822973157,91.15899810083427,92.70542635611523,93.95899788216683,94.82030029361567,95.15899782386367,94.8673596238772,93.95899788216683,92.49304374697337,90.58936114046918,88.38299720753238,86.00899914697864,83.58087357426078,81.12596461908501,78.65007605405337,76.15901219237104,73.65857830676846,71.15458136271185,68.65283128916916,66.15914315550191
59.16315963607006,61.23225574909192,63.241998442962014,65.2121635704868,67.16254645514738,69.11295302814966,71.08319516140709,73.0930881410822,75.16244926457192,77.29127643764886,79.40028573422825,81.39037286999584,83.1624338607041,84.65914759175496,85.99032359485255,87.30755418352575,88.7624317585931,90.44041547506731,92.16243132478223,93.7088596085031,94.96243115122574,95.82373357163715,96.16243110495049,95.87079290233899,94.96243115122574,93.4964769960288,91.59279435111199,89.38643034651996,87.01243215510759,84.58430634960875,82.12939698139661,79.65350768130514,77.16244250924635,74.66200628671058,72.15800517872228,69.65624770246637,67.16254645514738
60.26644263937594,62.33559572287298,64.3453729972775,66.31555955593286,68.2659559475974,70.2163711409281,72.18661881992516,74.19651537855727,76.26587880714139,78.39470744347948,80.50371762984923,82.49380528880805,84.26586658107726,85.76258048660381,87.0937566016423,88.41098727196612,89.86586491263049,91.5438486819336,93.26586456831456,94.81229287460823,96.0658644305627,96.92716685808765,97.265864393834,96.97422618913899,96.0658644305627,94.59991025948894,92.69622758408403,90.4898635226192,88.11586522734427,85.68773923708702,83.23282954104755,80.75693965753844,78.26587344543213,75.76543536806807,73.26143095515485,70.75966760332962,68.2659559475974
61.36975664900217,63.43895495227069,65.44875967412571,67.41896324301828,69.36937035533435,71.31979239067938,73.29004447135553,75.2999438706169,77.36930912875943,79.49813892649004,81.60714981908748,83.59723789330363,85.36929942492202,86.86601346893005,88.19718967281611,89.51442040794609,90.96929810067482,92.64728191190827,94.36929782739111,95.91572615160082,97.16929771805736,98.03060015122836,98.36929768890579,98.0776594825571,97.16929771805736,95.70334353438216,93.79966083477885,91.59329672817407,89.21929835046333,86.7911722135632,84.33626225732698,81.86037191075877,79.36930487316556,76.86886532362126,74.36485828758106,71.86309027229315,69.36937035533435
62.47309526973149,64.54232946538987,66.55215597284396,68.52237304298339,70.47278866437154,72.42321613026166,74.39347170456705,76.40337335844319,78.4727400687095,80.60157078823894,82.71058224136996,84.70067064517625,86.47273236676622,87.9694465206871,89.30062279509156,90.61785358165818,92.07273131571048,93.75071516022403,95.47273109880504,97.01915943723472,98.2727310120268,99.13403344967902,99.47273098888915,99.18109278122796,98.2727310120268,96.80677681834986,94.90309409954021,92.6967299571078,90.32273151396777,87.89460526067708,85.43969509792251,82.96380438382388,80.47273669104092,77.97229597302515,75.46828685500361,72.96651513831021,70.47278866437154
63.576453425169575,65.64571610953973,67.65555990857746,69.6257876947976,71.57621006989444,73.52664184603299,75.49690019324271,77.50680363661144,79.57617149943064,81.70500295059286,83.81401484861993,85.8041035140221,87.57616538639266,89.07287962755146,90.40405595792636,91.72128678531833,93.17616455216913,94.85414842309712,96.57616438001116,98.12259272972726,99.37616431113523,100.23746675234426,100.57616429277088,100.28452608406793,99.37616431113523,97.91021010951991,96.00652737546622,93.8001632045974,91.42616470952603,88.99803836385612,86.5431280371878,84.06723703138006,81.57616881857237,79.07572717313937,76.57171640264565,74.06994174813673,71.57621006989444
64.77982708586019,66.84911238230482,68.85896990589711,70.82920619756054,72.7796339331134,74.73006913031215,76.70032967838313,78.7102345420754,80.77960331967739,82.90843535153728,85.01744760267869,87.00753647570976,88.77959846775495,90.2763127781545,91.60748915295322,92.92472001274828,94.37959780563128,96.05758169752445,97.7795976689894,99.32602602766352,100.57959761432255,101.44090005835457,101.77959759974675,101.48795939021696,100.57959761432255,99.11364340640648,97.20996066025357,95.0035964668148,92.62959793052552,90.20147151153415,87.7465610547674,85.2706698174299,82.77960119187813,80.27915881035311,77.77514672828974,75.27336974203008,72.7796339331134
66.18321305342052,68.25251629743896,70.26238471435322,72.23262775684464,74.18305974701556,76.1334976595203,78.1037599544196,80.11366594542483,82.18303544909102,84.31186794185116,86.42088047325971,88.41096951108597,90.18303159811697,91.67974596347298,93.01092237353089,94.32815325904427,95.78303107258905,97.46101498112228,99.18303096413632,100.72945932992043,101.98303092074723,102.84433336701989,103.1830309091784,102.89139269899235,101.98303092074723,100.5170767078303,98.61339395207423,96.40702974072164,94.03303117171771,91.60490469453106,89.14999413450508,86.67410271340228,84.18303376025523,81.68259079449325,79.17857767143536,76.67679883446071,74.18305974701556
66.83571838540294,68.92481535280848,70.96495846119981,72.97553553369954,74.97537515288998,76.9820300875938,79.01112376645978,81.07598773892036,83.1879088697149,85.34105188904559,87.46603731192009,89.4794067633545,91.30012736457276,92.8882480810045,94.34892563380073,95.81572375615865,97.40888979727472,99.18098324532302,100.96398706892683,102.57447795539461,103.96573876914444,105.0841018570216,105.60489720421887,105.18713266584663,103.96573876914444,102.17894245825664,100.00584324584406,97.59632129055342,95.08482490046075,92.57523698969395,90.07500205607758,87.57499673807845,85.07074666453369,82.55970915539672,80.04020991890445,77.51160109006605,74.97537515288998
65.17943151423887,67.24869920381082,69.25854604080018,71.22877570971725,73.17919927136327,75.1296318047619,77.09989063913793,79.10979439689902,81.17916246220784,83.30799404190907,85.41700601809896,87.40709472946037,89.17915662832122,90.67587088480664,92.00704722501487,93.32427805957937,94.77915583219246,96.45713970776117,98.17915566789608,99.72558401959506,100.97915560216538,101.84045804399928,102.17915558463963,101.88751737575366,100.97915560216538,99.51320139915535,97.60951866242348,95.40315448655875,93.02915598236368,90.60102962046386,88.1461192649979,85.6702282079404,83.17915990377071,80.67871809540172,78.17470703458855,75.67293186394056,73.17919927136327
64.0727269819865,66.1419332300254,68.15174277414155,70.12194933155621,72.0723583273724,74.02278156478093,75.9930344187805,78.00293431710664,80.07229989668059,82.20112989845384,84.31014091512691,86.30022906229877,88.07229063596786,89.5690047043054,90.9001809238009,92.21741167031654,93.67228937219237,95.35027319079245,97.07228911138812,98.61871743874546,99.8722890070471,100.73359144121002,101.07228897922673,100.78065077258753,99.8722890070471,98.40633482115803,96.5026521173033,94.296288002768,91.92228961057427,89.49416344791078,87.03925344596117,84.56336301803908,82.07229583541786,79.57185602722925,77.06784853033703,74.56607969573375,72.0723583273724
63.46702987816816,65.54457658542316,67.56705837465645,69.5541679503812,71.52537597600312,73.499615204831,75.49497362855774,77.52849856935197,79.61627203367817,81.75566509394886,83.87163445265097,85.87188837470632,87.66529478551601,89.20246811043131,90.59177893992242,91.97734277667558,93.49653917145552,95.2189208580383,96.96998039890332,98.54714666183972,99.86758163215372,100.85663514443672,101.28813096443147,100.9320148015091,99.86758163215372,98.24751177132237,96.21897753682909,93.92120957537685,91.48668057815809,89.02319770796906,86.54877740038152,84.06255317389706,81.56584946461447,79.06088385693226,76.55027091320372,74.03708958774858,71.52537597600312
46.09289929245543,48.15692005451554,50.163579131044536,52.13183208875992,54.08100938785918,56.03064636506298,58.000393319225566,60.009966703516184,62.07912197300763,64.20781846599407,66.31674829573384,68.30678870480591,70.07882276259525,71.57552091084887,72.9066869162344,74.22391021248039,75.67878192889896,77.35676092707537,79.07877350203808,80.62519976971578,81.87877013066557,82.74007191574339,83.0787692317582,82.78713121523015,81.87877013066557,80.41281739347315,78.50913747153933,76.30277854641926,73.92878963125688,71.50068032698627,69.04580023767977,66.56996304328226,64.07899075747821,61.57872018398069,59.075014212886884,56.57378138752401,54.08100938785918
47.09342076748136,49.15854323856215,51.16587216987131,53.13454069563767,55.08398007585676,57.03378438454871,59.00363901666037,61.0132819028789,63.0824819412492,65.2112068552455,67.32015396818876,69.31020453994215,71.08224445546412,72.57894599288659,73.91011417272202,75.22733905503513,76.68221204568256,78.36019207006778,80.08220535727506,81.62863206343371,82.88220268141424,83.74350460467451,84.08220196795088,83.79056391095042,82.88220268141424,81.41624963581165,79.51256912164052,77.30620909175742,74.93221815905372,72.50410526585087,70.0492188085593,67.57337028157127,65.08237779398003,62.58207119439143,60.078301038275,57.57695412266091,55.08398007585676
48.094541563834966,50.16053931523035,52.16840023470937,54.13739872412373,56.087046169278636,58.0369833098505,60.00692341453063,62.016621467948994,64.08585704080701,66.21460451312481,68.32356534396132,70.3136239819154,72.08566854675081,73.58237277416936,74.91354267987194,76.2307688210501,77.68564282305528,79.36362366194386,81.08563751446044,82.63206456864185,83.88563539062788,84.74693742356365,85.08563482435156,84.79399673522815,83.88563539062788,82.41968210023992,80.5160011160094,78.30964020927453,75.9356476752447,73.50753193349672,71.05264042190788,68.57678290016096,66.08577437816102,63.585439183885626,61.08161808167584,58.58018060495657,56.087046169278636
49.096138555441804,51.16283155554128,53.17111491863825,55.14037538046338,57.09018799901442,59.04023058141874,61.01023853109177,63.01998037294001,65.08924415042478,67.21800952764136,69.32698124650649,71.31704628665565,73.08909454167114,74.58580090414799,75.91697217967547,77.2341993200172,78.68907412473851,80.36705561009944,82.0890699113026,83.63549724170994,84.88906822561529,85.7503703456006,86.08906777616143,85.79742966154198,84.88906822561529,83.423114740941,81.51943338362395,79.31307178093084,76.93907797592607,74.51095997328139,72.05606445007899,69.58019978913941,67.0891785404699,64.5888206500982,62.08495911043083,59.5834497505184,57.09018799901442
50.09811382749375,52.16535898629819,54.17397777192099,56.14344621186095,58.09338994888017,60.043516228776014,62.01357803043899,64.02335462856958,66.09264079263905,68.22142038120185,70.33040074198266,72.32047086358725,74.09252204751172,75.58923010458983,76.92040246735003,78.23763040072953,79.69250584256771,81.37048784103443,83.09250249836052,84.63893004800863,85.89250116042945,86.75380334950604,87.09250080369767,86.800862668842,85.89250116042945,84.42654752154994,82.52286586811381,80.31650371303797,77.94250889925871,75.51438910213608,73.05949039490429,70.58362006755368,68.09258871762472,65.59221281304809,63.088319177193966,60.58675276053154,58.09338994888017
51.100389545292664,53.168073166768266,55.17695825861054,57.14659180269726,59.09663962127735,61.04683233711634,63.016936883263725,65.02674106834483,67.09604500100967,69.22483586926322,71.3338230891884,73.32389724396565,75.09595075257371,76.5926601546605,77.92383338035917,79.24106194317383,80.69593789069242,82.3739202964117,84.09593523639285,85.64236296005251,86.89593417447614,87.75723641839052,88.09593389133792,87.80429574042076,86.89593417447614,85.42998041320386,83.5262985247378,81.31993593123528,78.94594031679054,76.51781909538789,74.06291786098424,71.58704303618126,69.09600366881747,66.59561346616707,64.09169435495076,61.590082650412114,59.09663962127735
52.102903855895875,54.17093562033679,56.18003213072987,58.14979673810758,60.09992717431925,62.05017262367751,64.02031109748759,66.0301371788945,68.09945521472414,70.22825503576098,72.33724769982504,74.32732505574538,76.09938040946045,77.59609087908304,78.92726478969722,80.24449385209535,81.699370200973,83.37735292992897,85.09936809425366,86.6457959560264,87.89936725140974,88.76066953884893,89.09936702668277,88.80772886301762,87.89936725140974,86.43341339299424,84.52973131798475,82.32336837650264,79.94937212656892,77.52124977471324,75.06634653448816,72.59046814004292,70.09942240919914,67.59902085804046,65.09508152663662,62.59343387588744,60.09992717431925
53.205607618967605,55.273915789698194,57.2831801353485,59.25304878035803,61.203244795294154,63.1535321013385,65.12369750439834,67.13354096527624,69.2028701949346,71.33167712185488,73.44067410695527,75.43075400363202,77.20281082181222,78.6995221387397,80.03069659297219,81.34792605189023,82.80280271932693,84.48078570483614,86.20280104722244,87.74922901861564,89.00280037825675,89.86410270024159,90.20280019989085,89.91116202610758,89.00280037825675,87.53684644273861,85.63316421966947,83.42680100199567,81.05280424767378,78.62468099857617,76.16977616632718,73.69389493864745,71.2028441570825,68.70243359853148,66.19847821811527,63.696802036084335,61.203244795294154
54.20846180176747,56.27698940990689,58.286386986805866,60.256338214495486,62.20658628249194,64.1569068115104,66.12709358886292,68.13695084405384,70.20628895834781,72.33510152524596,74.444101939968,76.43418385324915,78.20624183377787,79.70295382321231,81.03412870891526,82.35135848255155,83.80623540282883,85.48421859196455,87.2062340756785,88.7526621340775,90.00623354472003,90.86753589412379,91.2062334031509,90.9145952213369,90.00623354472003,88.54027954800546,86.6365972074213,84.43023377053402,82.05623661587876,79.62811265463925,77.17320655879857,74.6973230823744,72.20626829203441,69.70585058426391,67.20188246558767,64.70018363778738,62.20658628249194
55.21143540505619,57.2801372145542,59.28964054996669,61.25965732858626,63.20994671313521,65.16029361206492,67.13049735454057,69.14036555842219,71.20971072451142,73.33852776788468,75.44753090470729,77.4376144185714,79.20967332165785,80.70638584486187,82.03756107302337,83.35479109645178,84.80966821740884,86.48765156816307,88.20966716404882,89.7560952915044,91.0096667426268,91.87096911379294,92.20966663026331,91.91802844207528,91.0096667426268,89.54371269734061,87.6400302634847,85.43366665260746,83.05966918020732,80.63154465374015,78.17663755498509,75.7007522937283,73.20969432161203,70.70927093947235,68.20529271033763,65.7035759082784,63.20994671313521
56.214503812787,58.28334390727551,60.29293119134155,62.263000000927136,64.21332217971258,66.16369000897082,68.13390721688518,70.14378411083476,72.21313487397248,74.34195547034005,76.45096076770042,78.44104555194991,80.2131051872716,81.70981813412911,83.04099363410023,84.35822385578888,85.81310113602561,87.49108461505654,89.21310029997316,90.75952848223898,92.01309996549027,92.87440235392924,93.2130998763073,92.92146168306022,92.01309996549027,90.54714588165275,88.64346337376699,86.43709962479383,84.06310190019937,81.6349769251105,79.18006903034117,76.70418235245991,74.21312185496018,71.71269396905186,69.20870771518119,66.7069766467543,64.21332217971258
57.21764747966873,59.28659734443569,61.29625126367395,63.26636137225455,65.21670958064095,67.1670940226371,69.13732191821046,71.14720570952602,73.21656091506603,75.34538433145568,77.45439134363922,79.44447713619542,81.21653735269305,82.71325063580471,84.04442635151139,85.3616567305593,86.81653413721645,88.49451771806062,90.2165334736411,91.76296169940986,93.01653320816187,93.87783561031029,94.21653313737733,93.92489494011485,93.01653320816187,91.55057909372614,89.64689652708284,87.44053266850288,85.0665347437416,82.63840941258132,80.18350088601468,77.70761308375666,75.21655058185499,72.71611912129126,70.21212649814586,67.71038410637644,65.21670958064095
58.3208508878532,60.38988788579631,62.39959469660748,64.36973758547573,66.32010645407298,68.2705040818128,70.2407404602707,72.25062972606355,74.31998845755442,76.44881411220247,78.55782248544412,80.54790907829462,82.31996975607217,83.81668330606902,85.14785919300519,86.46508969694928,87.91996720394634,89.59795086559986,91.31996667726627,92.86639493756329,94.11996646655523,94.98126887958485,95.3199664103735,95.02832820992403,94.11996646655523,92.6540123278337,90.75032971455451,88.54396576897955,86.16996768534574,83.74184207157131,81.28693304354657,78.81104434886934,76.31998025607048,73.8195459582934,71.31554827982757,68.81379690064024,66.32010645407298
59.32410171782895,61.3932078787427,63.402956671640155,65.37312557902978,67.32351084596405,69.27391893936456,71.24416205074526,73.25405566165526,75.32341719170384,77.4522446228622,79.56125407637764,81.55134130442265,83.3234023483185,84.82011611014237,86.15129213298344,87.46852273605771,88.92340032269468,90.60138404848655,92.32339990466839,93.86982819237053,95.12339973742695,95.98470215909299,96.32339969283547,96.03176148985646,95.12339973742695,93.65744557942972,91.7537629291356,89.54739891451267,87.17340070478164,84.74527486669616,82.29036544066372,79.81447603767248,77.32341068217613,74.82297413249663,72.31897244160538,69.81721392905254,67.32351084596405
60.427390189711076,62.49655124866452,64.50633336403672,66.476522922838,68.42692120534055,70.37733760542274,72.34758606076115,74.35748312040646,76.42684687167733,78.55567571285503,80.66468602378512,82.65477375598464,84.42683509046886,85.92354902041997,87.25472515112887,88.57195583288285,90.02683348273001,91.70481725942852,93.42683315094233,94.97326146039595,96.22683301820268,97.08813544672346,97.4268329828104,97.13519477782373,96.22683301820268,94.76087884490637,92.85719616523349,90.65083209580713,88.27683378599264,85.84870776987134,83.39379802793991,80.91790806275911,78.42684170505822,75.92640336803962,73.4223984924748,70.92063431813621,68.42692120534055
61.530708540013734,63.59991317368295,65.60972173792146,67.57992768807246,69.53033630116414,71.48075929431516,73.45101199117659,75.46091178809354,77.53027730235314,79.65910726266526,81.76811825412636,83.75820638647372,85.53026795159818,87.02698201499202,88.35815823131568,89.67538897551776,91.13026667553493,92.80825049263812,94.53026641219486,96.07669473891262,97.33026630683935,98.1915687408007,98.53026627874847,98.2386280721683,97.33026630683935,95.86431212140012,93.96062941840927,91.75426530548543,89.38026691623466,86.95214075880625,84.49723076614549,82.02134035475439,79.53027320160263,77.02983344597014,74.52582604272231,72.02405737460266,69.53033630116414
62.63405060610688,64.70328982638199,66.71311938360394,68.68333834377532,70.63375515634021,72.5841833824457,74.55443944581941,76.56434141531571,78.63370832886258,80.76253917743313,82.87155070903233,84.8616391589774,86.63370090716116,88.13041507646857,89.46159136074473,90.77882215451194,92.23369989434903,93.91168374352142,95.6336996853359,97.18012802575622,98.43369960171516,99.29500203999474,99.63369957941943,99.34206137157447,98.43369960171516,96.96774540663809,95.06406268513982,92.85769853769195,90.48370008539254,88.05557381580856,85.6006636241438,83.12477285859524,80.63370507409333,78.1332641925051,75.6292547830302,73.12748254818234,70.63375515634021
63.73741149623709,65.80667816875805,67.81652438843973,69.7867536747955,71.73717699533651,73.68760937486104,75.65786811024563,77.6677718041227,79.73713982828596,81.86597138186825,83.97498334217558,85.96507204419815,87.73713393767622,89.23384819104729,90.56502452925743,91.88225536236446,93.33713313380667,95.01511700843238,96.73713296791283,98.28356131920887,99.537132901543,100.39843534324993,100.73713288384687,100.44549467499809,99.537132901543,98.07117869881638,96.16749596262869,93.96113178777915,91.587133285438,89.15900692683607,86.70409657722175,84.22820553057812,81.73713724497301,79.23669546971237,76.73268446789166,74.23090940212232,71.73717699533651
64.94078732752043,67.01007578943164,69.01993523431653,70.99017271664866,72.94060120260518,74.89103687871338,76.86129773487964,78.87120279740077,80.94057170306175,83.06940381621257,85.17841611678588,87.16850501888257,88.9405670276808,90.43728134777325,91.76845772879078,93.08568859312187,94.54056638964911,96.21855028447715,97.94056625797906,99.48699461790719,100.74056620530129,101.60186864972854,101.94056619125587,101.64892798161033,100.74056620530129,99.27461199650322,97.37092924865657,95.16456505205825,92.79056650999897,90.36244008074345,87.90752960576442,85.43163833601545,82.94056965268436,80.44012716811497,77.93611490244707,75.43433758976916,72.94060120260518
66.344175017923,68.41348077441754,70.42335071627929,72.39359470381153,74.34402728958084,76.29446558219729,78.26472812163244,80.27463427044844,82.34400387575512,84.47283643303595,86.58184900367866,88.57193806457431,90.34400016490224,91.8407145379515,93.17189095294526,94.48912184205894,95.94399965849612,97.62198356935878,99.34399955398956,100.89042792076896,102.14399951217916,103.0053019587655,103.34399950103133,103.05236129075341,102.14399951217916,100.6780452985622,98.77436254146181,96.56799832760149,94.19399975401788,91.76587326868457,89.31096269420351,86.83507124737571,84.34400224836918,81.84355920082078,79.33954593203573,76.83776683598238,74.34402728958084
67.12140530318587,69.20966317996022,71.24852724359155,73.25741223288766,75.25519888009205,77.25954462861776,79.2862520639085,81.34891467235113,83.45914963407114,85.61133641931949,87.73569635202216,89.74815806760435,91.56699640472343,93.15163558381985,94.60749979944916,96.06890813685698,97.65724764633734,99.4261403190198,101.20710537854191,102.81548431681503,104.2023066584641,105.31273934281148,105.82818610509045,105.41410292584537,104.2023066584641,102.42606775045084,100.26243466843997,97.86043467192019,95.35422473086305,92.84784553342843,90.34942107250492,87.85038637628922,85.34666901815561,82.83606076366644,80.3171907521241,77.78967716653803,75.25519888009205
65.47604361314646,67.54531820871034,69.55516923734353,71.52540150392684,73.47582670272226,75.42626028095512,77.39651978750159,79.40642397904725,81.47579232374218,83.60462408079573,85.71363616483119,87.70372493960507,89.47578687501606,90.97250115264848,92.30367750642431,93.62090835088509,95.07578613144875,96.75377001342048,98.47578597799944,100.02221433243429,101.27578591660834,102.13708835930444,102.47578590023969,102.18414769110117,101.27578591660834,99.80983171167401,97.90614897124686,95.69978478848898,93.32578627170547,90.89765988741236,88.4427494922127,85.96685836444311,83.47578993421618,80.97534790103549,78.47133643965253,75.96956055685878,73.47582670272226
64.36932837929814,66.4385455892745,68.4483617869675,70.4185724678251,72.36898406241578,74.31940895837977,76.28966287937703,78.2995634662906,80.3689294893613,82.49775977266347,84.60677096053053,86.59685920836333,88.36892084005213,89.86563494195843,91.19681118299113,92.51404194521615,93.96891965971271,95.64690348847694,97.3689194161271,98.91534774782741,100.16891931867482,101.03022175420637,101.36891929269119,101.07728108565111,100.16891931867482,98.70296512973106,96.79928242001053,94.59291829453298,92.21891988235637,89.79079368414573,87.3358836191228,84.85999307895234,82.36892569622793,79.86848553117355,77.36447739841823,74.8627074333597,72.36898406241578
63.7591343448628,65.8363213227572,67.85825114438094,69.84462370168868,71.81492694438454,73.78813435360695,75.78241048239133,77.81492219900895,79.90190977824874,82.04085332624285,84.15652713383312,86.1563499892376,87.948854339631,89.48432936569446,90.87122633769323,92.25399217695252,93.77059325552119,95.49120485207794,97.24111582500464,98.8170745239949,100.13491090160673,101.11910517756165,101.54715651685837,101.19342611928923,100.13491090160673,98.52088895042084,96.4974075806025,94.20342815629124,91.77145042613265,89.30947359913587,86.8358893571764,84.35010936683561,81.85364830023315,79.3488776102758,76.83854942418604,74.3258610409251,71.81492694438454
46.26917971338554,48.333413471169834,50.34020207344179,52.30853539512279,54.25776337955145,56.20743271921545,58.17720049917938,60.18678732593591,62.25595125433125,64.384653244361,66.49358641694191,68.48362879164003,70.25566398241085,71.75236278618578,73.08352921214617,74.40075281516403,75.85562477803981,77.53360397470225,79.25561668742505,80.80204303991235,82.05561345057623,82.91691526238084,83.25561258753686,82.96397456318076,82.05561345057623,80.58966065373207,78.68598061724958,76.47962147844977,74.10563217306105,71.67752217463115,69.22264085365134,66.74680146734758,64.25582527420269,61.755547732733476,59.251829347435205,56.750574455923555,54.25776337955145
47.269817051059285,49.33510875720525,51.34254056163738,53.31127289917636,55.26075251914864,57.210582518336,59.18045368169858,61.19010723794554,63.25931414918938,65.38804342630833,67.49699319250978,69.4870453243975,71.25908613917338,72.75578819688576,74.08695671053277,75.40418183633145,76.85905502259244,78.53703520451631,80.25904860106394,81.80547537453606,83.0590460319747,83.92034797644806,84.25904534697979,83.9674072837662,83.0590460319747,81.5930929390265,79.68941233393792,77.48305213445697,75.10906089202987,72.68094744787078,70.22606001299437,67.75020974627317,65.25921415737282,62.758902027140905,60.255122017355106,57.75375758621817,55.26075251914864
48.27102991614393,50.33716210321387,52.3451047163191,54.314153870095666,56.263833260357686,58.21379079425776,60.18374402093548,62.193450543624806,64.26269157167323,66.39144250707716,68.50040544383347,70.49046532007699,72.26251059865439,73.75921523902883,75.0903854096785,76.40761174411168,77.8624859013756,79.54046686530285,81.26248080460299,82.80890791221114,84.0624787655151,84.92378081528773,85.26247822183421,84.97084012777944,84.0624787655151,82.59652543754889,80.69284438115713,78.48648333981222,76.11249055995447,73.68437438091118,71.22948209340953,68.75362319082538,66.26261220728286,63.76227262323184,61.25844369983898,58.7569923200263,56.263833260357686
49.27270005120225,51.33949982468596,53.34784805527488,55.31714874009775,57.26698671777817,59.217045488122224,61.187063853446716,63.196812417651984,65.2660805250421,67.39484865095815,69.5038220413102,71.49388806429667,73.2659368858119,74.76264357605297,76.09381506186949,77.41104235559806,78.8659172835485,80.54389886815272,82.26591323823607,83.81234061104828,85.06591161981069,85.92721375315944,86.26591118829084,85.97427306975737,85.06591161981069,83.59995810531049,81.69627669071903,79.4899149811858,77.11592098106705,74.68780263134022,72.23290649229338,69.75704073537622,67.26601753295895,64.76565615835636,62.26178841080994,59.76026801536628,57.26698671777817
50.27473342042627,52.342063370543485,54.35073365868476,56.32023403036129,58.27019789763237,60.220337027003524,62.1904070960251,64.20018902987806,66.26947863066995,68.39826040090611,70.50724208835777,72.49731299004483,74.26936462360194,75.76607294082727,77.09724547049427,78.41447352561713,79.86934906526241,81.54733114249865,83.26934585449499,84.81577343779986,86.06934456994975,86.9306467696329,87.2693442274522,86.97770608948998,86.06934456994975,84.6033909073974,82.69970920850253,80.49334696862758,78.11935199998612,75.6912319273838,73.23633273135468,70.76046153412207,68.26942863348984,65.76904996343718,63.265151400258986,60.76357622428728,58.27019789763237
51.27705527720788,53.34480622610161,55.35373220633245,57.323391098891136,59.27345489656237,61.22365781172914,63.19376891996721,65.20357734012994,67.27288400056995,69.40167660043713,71.51066487334853,73.50073964728013,75.27279351276277,76.76950312132891,78.10067647950177,79.41790513894429,80.87278116409249,82.55076363233118,84.27277861570417,85.81920636607722,87.07277759615984,87.93407984849266,88.27277732431935,87.9811391709365,87.07277759615984,85.6068238160984,83.7031418915517,81.49677923074407,79.12278349338506,76.69466205333376,74.23976043097062,71.76388491573931,69.27284431757354,66.77245191993806,64.26852889782191,61.766910240761376,59.27345489656237
52.27960622551129,54.34769144572911,56.35682041607167,58.32660514521393,60.27674826510953,62.227001810115866,64.19714549243957,66.20697493530608,68.27629513620178,70.40509633163279,72.51408983145691,74.50416767880196,76.27622331576913,77.77293394927474,79.10410796503388,80.42133710412563,81.87621351461797,83.55419629319567,85.27621149196048,86.82263937493568,88.07621068274754,88.93751297686845,89.27621046698759,88.98457230136542,88.07621068274754,86.61025680941907,84.70657470577237,82.50021171087013,80.1262153633792,77.69809283798182,75.2431892898326,72.76731034739242,70.27626363965544,67.77586034632006,65.27191791078245,62.77026474165331,60.27674826510953
53.38233907876533,55.45068968869958,57.459979802122604,59.429864419468956,61.38007050212637,63.33036423396568,65.30053377113818,67.31037990005433,69.37971084814534,71.5085188659303,73.61751651437656,75.60759680109837,77.37965384409631,78.87636529109795,80.2075398287841,81.52476934857397,82.97964606491428,84.65762908980832,86.37964445952977,87.92607244775138,89.17964381725699,90.04094614454513,90.37964364600822,90.08800547067166,89.17964381725699,87.71368986990242,85.81000762410392,83.60364436403054,81.2296475322774,78.80152414543954,76.34661906879067,73.87073740616609,71.37968584923732,68.87927390790969,66.37531606370908,63.87363550163646,61.38007050212637
54.38521635727801,56.453777656572896,58.46319568807212,60.43315959407346,62.38341565325065,64.33374128259909,66.30393134126999,68.31379071411328,70.38313019233982,72.51194362506243,74.62094456628414,76.61102678914489,78.3830849481118,79.87979704078627,81.21097199272648,82.52820181467678,83.98307877376891,85.66106199416438,87.38307749957427,88.92950557132997,90.18307698980198,91.04437934341493,91.38307685388173,91.09143867083488,90.18307698980198,88.71712298369287,86.81344062506837,84.60707715452847,82.23307993841598,79.80495586785193,77.3500495780307,74.87416575638996,72.3831103506413,69.88269154535395,67.3787214711507,64.87701916684563,62.38341565325065
55.38820829594411,57.45693685062736,59.466456422571525,61.43648326464128,63.3867789920624,65.3371299392358,67.30733628614027,69.31720617082195,71.38655241947257,73.51537015005404,75.62437370476079,77.61445746433876,79.38651650905184,80.8832291141976,82.21440439493168,83.53163445670697,84.9865116084714,86.6644949840365,88.38651059714235,89.93293873519914,91.18651019253579,92.0478125670428,92.38651008465581,92.09487189548929,91.18651019253579,89.72055613979315,87.81687369161861,85.6105100540313,83.23651253285252,80.80838791961433,78.3534806668967,75.8775951316409,73.3865366710732,70.88611241782985,68.38213263657968,65.88041307517688,63.3867789920624
56.39129125918194,58.46015258417194,60.46975275625573,62.439829553627604,64.39015676692271,66.34052780934283,68.31074708442185,70.32062531243486,72.38997693480673,74.51879807661365,76.62780370564958,78.61788868492255,80.38994843265345,81.8866614445482,83.21783698624623,84.53506723837081,85.98994454305938,87.66792804178269,89.38994374036693,90.93637193104695,92.1899434192305,93.0512458103211,93.3899433336061,93.09830513958235,92.1899434192305,90.72398932947478,88.82030681022431,86.61394304005137,84.23994527674124,81.81182023278214,79.35691221581257,76.88102532045791,74.38996443527321,71.88953585796695,69.3855483721735,66.883815113629,64.39015676692271
57.39444648048388,59.46341319769658,61.473077346838,63.44319379559373,65.3935459999794,67.3439329923071,69.31416252860791,71.32404737877752,73.39340326629505,75.52222711560137,77.6312343910364,79.62132033838299,81.39338064409995,82.89009397883171,84.22126972765707,85.53850013086202,86.99337755692656,88.67136115340067,90.39337691982911,91.93980515227621,93.19337666494295,94.05467906919598,94.39337659698282,94.10173839910397,93.19337666494295,91.72742254580994,89.82373997014648,87.61737609474022,85.2433781392503,82.81525275342767,80.36034412987058,77.88445615500363,75.39339334539574,72.89296133606751,70.38896773513932,67.88722360505653,65.3935459999794
58.49765906049306,60.566709435356216,62.5764243660732,64.54657228730873,66.49694432759966,68.44734397956626,70.41758166028154,72.427471766492,74.4968310392706,76.6256570375256,78.73466561971031,80.72475233541816,82.49681308400916,83.99352667497696,85.32470258819943,86.64193311131697,88.09681063371772,89.77479430777666,91.49681012805314,93.04323839365077,94.29680992574984,95.15811234044989,95.49680987180984,95.20517167087114,94.29680992574984,92.83085578330005,90.92717316286155,88.72080920393158,86.34681109590841,83.91868543874844,81.4637763337423,78.98788750206519,76.4968231650394,73.99638843170666,71.49238997717094,68.99063721827345,66.49694432759966
59.50091717082843,61.57003394971942,63.57978918765899,65.54996208934632,67.50034987369771,69.45075957374526,71.42100371873539,73.43089799668815,75.50025995635828,77.6290876602381,79.73809727959194,81.72818460514891,83.50024570524948,84.99695949959201,86.32813554329653,87.64536616158878,89.10024376045165,90.77822749608973,92.50024335910537,94.0466716510146,95.30024319853715,96.161545621529,96.50024315572495,96.20860495235763,95.30024319853715,93.83428903758082,91.93060638160435,89.72424235638155,87.35024412729265,84.92211825477206,82.46720876763942,79.99131925591121,77.50025370657167,74.99981681119075,72.49581450433047,69.99405489669459,67.50034987369771
60.60421142156265,62.673380908456764,64.68316813943147,66.6533608685752,68.60376114917962,70.55417882446923,72.52442810018842,74.53432568926775,76.60368978153019,78.73251883916734,80.84152928172357,82.83161709131839,84.60367847041238,86.10039242617356,87.43156857344182,88.74879926727431,90.20367692682518,91.88166071133867,93.60367660827643,95.15010492106921,96.40367648083334,97.2649789104064,97.60367644685329,97.3120382415584,96.40367648083334,94.93772230518837,93.0340396210054,90.82767554316592,88.4536772179871,86.02555117453463,83.5706413841079,81.0947513326225,78.603684821068,76.10324620966563,73.59924084520459,71.09747580169409,68.60376114917962
61.7075343588122,63.77674568202369,65.7865583066252,67.7567667731204,69.70717697212334,71.65760097741398,73.62785432541484,75.637754542545,77.70712032745026,79.83595045956653,81.94496155549942,83.93504974927552,85.70711134980675,87.20382543368603,88.53500166315293,89.85223241694173,91.30711012466072,92.98509394796665,94.70710987182841,96.25353820119645,97.50710977067676,98.3684122054733,98.70710974370678,98.41547153688195,97.50710977067676,96.04115558337341,94.13747287680293,91.93110875720154,89.5571103557561,87.12898417663489,84.67407414548342,82.19818366559227,79.70711639032675,77.20667641691549,74.70266862562968,72.20089926764533,69.70717697212334
62.81088006573694,64.8801245956825,66.88995737568385,68.86017833310524,70.81059640441927,72.76102543386483,74.73128201405001,76.74118431707045,78.81055144542918,80.93938243036092,83.0483940448795,85.03848254358059,86.81054431986674,88.30725850543347,89.6384348001414,90.95566560151758,92.41054334746762,94.08852720156312,95.81054314679447,97.35697148931835,98.61054306651036,99.47184550545285,99.81054304510425,99.51890483706518,98.61054306651036,97.14458886995375,95.24090614561428,93.0345419928665,90.66054353088815,88.23241724408659,85.77750702187173,83.30161620195463,80.8105483205309,78.31010726609139,75.80609754863006,73.30432476623466,70.81059640441927
63.91424384570382,65.98351473262467,67.99336351027036,69.9635943818611,71.9140187014786,73.86445171861726,75.83471086419648,77.8446148227923,79.91398301745205,82.04281467926435,84.15182670538483,86.14191544610513,87.91397736188807,89.41069162816417,90.741867974654,92.05909881380029,93.51397659009436,95.19196046862757,96.91397643081999,98.46040478378562,99.71397636709844,100.57527880933152,100.91397635010838,100.62233814110553,99.71397636709844,98.2480221631975,96.34433942475476,94.13797524569864,91.76397673567534,89.3358503634078,86.88093998954582,84.40504889974986,81.91398053721784,79.41353862476493,76.90952737849489,74.4077518781358,71.9140187014786
65.1176219707193,67.18691377767225,69.19677525284118,71.16701399338555,73.1174432723138,75.06787945449838,77.03814063623707,79.04804590886587,81.11741494985013,83.2462471489032,85.35525950171247,87.34534843452354,89.11741046102519,90.61412479136038,91.9453011789495,93.26253204807398,94.71740984845209,96.3953937463815,98.11740972203594,99.66383808328922,100.9174096714601,101.77871211630494,102.11740965797512,101.82577144820726,100.9174096714601,99.45145546172998,97.54777271209349,95.34140851215642,92.96740996399978,90.53928352389788,88.08437302967349,85.60848172567448,83.1174129812864,80.61697038782741,78.11295792813976,75.61118027052711,73.1174432723138
66.52101148170065,68.59031989320088,70.60019144651693,72.5704364326995,74.5208696478535,76.47130834214414,78.44157113998669,80.45147745556545,82.52084716827837,84.64967979373992,86.75869240584231,88.74878149111598,90.52084360549512,92.01755798667403,93.34873440688371,94.66596529980185,96.12084311929553,97.79882703261973,99.52084301895894,101.06727138679014,102.32084297881687,103.18214542573469,103.52084296811384,103.22920475773886,102.32084297881687,100.8548887644601,98.95120600593914,96.74484178942888,94.37084321100579,91.94271671706369,89.48780612730755,87.01191465329546,84.52084560582799,82.02040247185381,79.51638904907509,77.01460967924643,74.5208696478535
67.43952403238552,69.52688417586641,71.56437911338949,73.57145156492386,75.56703712970587,77.56890451868568,79.59304801892016,81.65334274521526,83.76176230463805,85.91291891637454,88.0366047387962,90.04808780021308,91.86489546297369,93.44577377010252,94.896428113706,96.35198834475638,97.93507803082483,99.70048249044939,101.47922289634104,103.08529501944349,104.46726169656236,105.56899262748925,106.0785517150397,105.6685225768799,104.46726169656236,102.7025555273913,100.54921339588971,98.15535749388187,95.65485370012526,93.1519309263062,90.65545436624265,88.15746327532382,85.65431848315214,83.14417148833087,80.62597744554822,78.09963998216443,75.56703712970587
65.80581892643085,67.87510066622096,69.88495603108487,71.85519098493424,73.80561787734658,75.75605253645082,77.72631273835114,79.73621737864258,81.80558601235961,83.93441795288238,86.04343014848294,88.03351898885634,89.80558096207807,91.30229526158685,92.63347162939822,93.95070248409664,95.40558027288505,97.08356416148065,98.80558013065692,100.35200848792202,101.60558007375512,102.46688251734314,102.80558005858344,102.5139418491837,101.60558007375512,100.1396258668301,98.23594312258027,96.0295789326915,93.65558040288532,91.22745399542659,88.77254355912282,86.2966523582023,83.80558379757049,81.30514153182435,78.80112965605602,76.29935303655441,73.80561787734658
64.69909262177052,66.76832117188171,68.77814425267795,70.74835919921293,72.69877348221618,74.64920009394156,76.61945511873809,78.62935641798873,80.69872289985243,82.82755347439337,84.93656483935885,86.92665319132433,88.69871488303392,90.19542901966676,91.5266052829795,92.84383606145575,94.2987137890083,95.97669762828727,97.6987135632352,99.24514189942825,100.49871347290923,101.3600159098566,101.69871344882569,101.40707524137092,100.49871347290923,99.03275928080546,97.12907656501673,94.92271242821964,92.54871399537083,90.12058776038707,87.6656776301155,85.18978697382524,82.69871938409617,80.19827884986768,77.69427005931828,75.19249892481443,72.69877348221618
64.08410728100716,66.16091060687388,68.18225162631262,70.16783774040232,72.13717514767043,74.10928060475894,76.10240029326661,78.13382883175908,80.21997590750361,82.35843856092745,84.47379612762774,86.47315766008204,88.2646963281836,89.79835214765959,91.18266087390035,92.5624228412928,94.07623405148179,95.79494088132645,97.543615035279,99.1182726534044,100.43330664571431,101.41225123786975,101.83657391544219,101.48542677218919,100.43330664571431,98.82580152965105,96.80775037098238,94.5178338255576,92.08858797479046,89.62822224970705,87.15553189676339,84.67022672168628,82.1740249577162,79.66946254691419,77.1594386035811,74.64727679555764,72.13717514767043
46.45554676959944,48.519996493510256,50.52691641743968,52.495331213392575,54.444610581856494,56.39431272947097,58.36410162165663,60.373702075647046,62.44287478191876,64.57158234450233,66.68051890583664,68.67056327315532,70.44259961246624,71.93929908076419,73.2704659330746,74.58768984707686,76.04256205979412,77.72054145766809,79.44255431004262,80.98898074850408,82.24255120956468,83.1038530484631,83.44255038288581,83.15091235059415,82.24255120956468,80.77659835224969,78.8729181996456,76.66655884423191,74.29256914325848,71.86445844113722,69.40957587157047,66.93373426325891,64.44275410910788,61.942469503947606,59.438738533853865,56.9374612727905,54.444610581856494
47.45630158836769,49.52176488222412,51.52930098330428,53.49809801312243,55.44761842711189,57.397474470258445,59.36736239215391,61.377026765059256,63.44624064359688,65.57497434376795,67.68392679966699,69.67398051311415,71.44602223949263,72.94272482463955,74.27389367668187,75.5911190493096,77.04599243387023,78.72397277549598,80.44598628288534,81.99241312459523,83.24598382203379,84.10728578801152,84.44598316589826,84.15434509638624,83.24598382203379,81.78003068108984,79.87634998383547,77.66998961242777,75.29599805602437,72.86788405334349,70.412995627458,67.93714359711245,65.44614486431021,62.94582712746697,60.44203712862779,57.94065494120166,55.44761842711189
48.457607803760084,50.523876290661704,52.53190172605041,54.501002242578295,56.450714017678365,58.400692225374144,60.370658754411664,62.38037386273933,64.44962042091439,66.57837486696842,68.68733993856577,70.67740107010357,72.44944707222405,73.94615213122499,75.27732257045986,76.59454910080171,78.0494234154564,79.72740450613924,81.44941853341453,82.99584569518308,84.249416580235,85.11071864707567,85.44941605945982,85.15777796040597,84.249416580235,82.78346321417456,80.8797820846307,78.67342090682735,76.2994278777661,73.87131125542277,71.41641818135358,68.94055787897004,66.44954440007992,63.949200365960266,61.44536351393886,58.94389803996458,56.450714017678365
49.45935209757003,51.52626012203764,53.53467411518005,55.50401557701636,57.45387926272194,59.4039544435644,61.373983367674086,63.3837387465891,65.45301124335822,67.58178215572403,69.69075724051729,71.6808242598376,73.45287365563166,74.9495806781377,76.28075237713084,77.59797982635247,79.05285487922416,80.73083656443444,82.45285100434376,83.9992784201431,85.2528494541039,86.11415160099955,86.45284904076433,86.1612109182631,85.2528494541039,83.78689590936828,81.88321443671592,79.6768526188755,77.30285842096362,74.87473971938867,72.41984295604078,69.94397608809594,67.45295090510041,64.95258599841407,62.44871195771469,59.94718037510667,57.45387926272194
50.46144436861741,52.52886028156706,54.53758278216182,56.50711552511078,58.45709979947752,60.407251954938374,62.37733040491132,64.38711774778194,66.45641083249843,68.58519481436954,70.69417784671066,72.68424953919228,74.45630162855622,75.953010209501,77.28418290836666,78.60141108690456,80.0562867257,81.73426888278735,83.45628365020463,85.00271126762843,86.25628241977833,87.11758463021366,87.45628209171043,87.164643950599,86.25628241977833,84.79032873322808,82.88664698825022,80.68028466241176,78.30628953678165,75.87816918491691,73.42326949337846,70.94739741431871,68.45636294168816,65.95598146817977,63.45207790999909,60.95049385437795,58.45709979947752
51.46381300228042,53.53163220763801,55.54059963943307,57.51028422920592,59.460364225652114,61.410577480306316,63.38069524078584,65.39050795420147,67.45981737987975,69.58861173514057,71.69760107549808,73.68767647708621,75.45973070434387,76.95644052222463,78.28761401469072,79.60484277208792,81.0597188759317,82.73770140754831,84.45971643490893,86.00614421236219,87.2597154583188,88.12101771918564,88.45971519793113,88.1680770420488,87.2597154583188,85.79376165921022,83.89007969808745,81.6837169690505,79.30972110708942,76.88159944538714,74.42669742973723,71.95082121459677,69.45977936872737,66.95938474596304,64.45545775923287,61.95383205414349,59.460364225652114
52.46640109410906,54.53454050698947,56.543702384085066,58.51350751171458,60.46366348962749,62.41392524151456,64.38407420389966,66.39390705439428,68.46322945008967,70.5920320387888,72.70102638584962,74.69110473136752,76.46316065547629,77.95987145511526,79.29104557746311,80.6082747943016,82.06315126725468,83.74113409613548,85.46314932981332,87.00957723428209,88.26314855469317,89.12445085558753,89.46314834802335,89.17151018041729,88.26314855469317,86.79719466624698,84.8935125335698,82.6871494845139,80.31315303812622,77.88503033680416,75.43012647650252,72.95424697854256,70.46319928049766,67.96279422106082,65.45884863875793,62.957189875449316,60.46366348962749
53.569163438718945,55.637557072409095,57.64687330811378,59.61677411738515,61.56699040611359,63.51729065202562,65.48746438009513,67.49731321369228,69.56664590381502,71.69545502744468,73.80445334834583,75.79453403046864,77.56659130137137,79.06330288023327,80.39447750251901,81.71170708401654,83.16658384993201,84.84456691475162,86.56658231218361,88.11301031746466,89.36658169697029,90.2278840296345,90.56658153293634,90.27494335602519,89.36658169697029,87.90062773761679,85.99694546877674,83.79058216572159,81.41658525547399,78.98846172900451,76.53355640459984,74.05767430105792,71.56662195811813,69.06620861502512,66.56224827320432,64.0605632709307,61.56699040611359
54.5720641311669,56.640659585378444,58.65009835277668,60.62007511134752,62.570339271501894,64.52067007124163,66.49086345629868,68.50072497587686,70.57006583676628,72.69888014720289,74.80788162215404,76.79796415884539,78.57002249870067,80.0667346960328,81.3979097151198,82.71513958604751,84.17001658448748,85.84799983657194,87.57001536397566,89.11644344927147,90.3700148756805,91.23131723356046,91.57001474548666,91.27837656119002,90.3700148756805,88.90406086004779,87.00037848313525,84.79401497848066,82.42001770006708,79.99189351867729,77.53698703221193,75.06110286061423,72.57004683100631,70.06962691313089,67.5656548565457,65.06394902798914,62.570339271501894
55.57507465766432,57.6438303254954,59.653366357190805,61.62340340100073,63.573705558432025,65.52406060945376,67.49426959655617,69.5041411851202,71.57348853119822,73.70230695842457,75.81131093675373,77.80139494541959,79.57345413370402,81.07016682191667,82.40134215594517,83.71857225659389,85.17344943958872,86.85143284030542,88.57344847086777,90.11987661967137,91.37344808330764,92.23475046120136,92.57344797997274,92.28180978981425,91.37344808330764,89.90749402300608,88.00381156031632,85.79744789565214,83.42345032502496,80.99532562382429,78.54041821502997,76.06453240201282,73.57347344628644,71.07304830997747,68.56906695529744,66.06734459665557,63.573705558432025
56.57817237670682,58.64705522417162,60.656668461412806,62.62675335632008,64.57708567328169,66.52745997299517,68.49768134362807,70.50756092402459,72.5769134174297,74.70573511216577,76.81474107743168,78.8048262544061,80.57688611608974,82.07359919391473,83.40477477791262,84.72200506089106,86.17688239036724,87.85486590905339,89.57688162149284,91.1233098207026,92.37688131388616,93.23818370766482,93.57688123186918,93.28524303705817,92.37688131388616,90.91092721813096,89.00724468735973,86.80088089569587,84.42688309313851,81.99875797936352,79.54384983851571,77.06796272270147,74.57690144450834,72.07647216630997,69.57248343167669,67.0707479529376,64.57708567328169
57.58133931135788,59.650323112706076,61.65999763232763,63.630120508359056,65.58047676363083,67.53086634131611,69.50109754087636,71.51098346444056,73.58034004330045,75.70916433146803,77.81817187376942,79.80825797803189,81.58031837419323,83.07703176125392,84.40820754365268,85.72543797134637,87.18031541708487,88.85829902940347,90.58031480682884,92.12674304604597,93.38031456268124,94.24161696906776,94.5803144975843,94.28867629908055,93.38031456268124,91.91436043878642,90.01067785397893,87.8043139615153,85.43031597487484,83.00219053363926,80.54728181175992,78.07139366191393,75.58033054037452,73.07989797474636,70.57590338260846,68.07415749034067,65.58047676363083
58.68456118930382,60.753625124948016,62.76334828713502,64.73350130986493,66.6838765654114,68.63427826940412,70.60451727026022,72.61440822842894,74.68376804992815,76.81259439650823,78.9216031905052,80.91169003075736,82.68375085113416,84.18046448363546,85.51164042350516,86.82887096605944,88.2837485040754,89.96173219071014,91.68374801971487,93.23017629068589,94.48374782593477,95.3450502423282,95.68374777426732,95.39210957283262,94.48374782593477,93.01779367970556,91.11411105200943,88.90774707954101,86.53374894679362,84.10562324565237,81.65071406260778,79.17482509204962,76.68376050744331,74.18332533257404,71.6793260913116,69.17757193375722,66.6838765654114
59.68782668007519,61.756954222854304,63.76671599437704,65.73689294522539,67.68728328156779,69.63769461032628,71.60793980311968,73.61783475727495,75.68719715246604,77.81602513281213,79.92503492028162,81.91512234468956,83.68718350176653,85.18389732907424,86.51507339392872,87.83230402764792,89.2871816389046,90.96516538452408,92.68718125446736,94.23360955064148,95.487181100664,96.34848352499988,96.68718105965552,96.39554285589455,95.487181100664,94.02122693670793,92.11754427497111,89.91118023900282,87.5371819902903,85.10905608286173,82.6541465337899,80.17825691183165,77.68719116598714,75.18675392015786,72.6827509888702,70.18099027111354,67.68728328156779
60.79112678908031,62.860304819712226,64.87009723655984,66.8402931795892,68.79069548573608,70.74111445374496,72.71136456111044,74.72126268689382,76.7906271248302,78.91945640189901,81.02846697788885,83.01855486594177,84.79061629025796,86.28733027218365,87.61850643623862,88.93573714231549,90.39061481170334,92.06859860413908,93.79061450657531,95.33704282275312,96.59061438450149,97.45191681514132,97.79061435195304,97.49897614634571,96.59061438450149,95.12466020647564,93.22097751772066,91.01461343135249,88.64061509059837,86.21248901943943,83.75757917985153,81.28168904087644,78.79062237335573,76.29018348380188,73.78617762373136,71.28441169911352,68.79069548573608
61.894454376304026,63.96367248095818,65.97348922169338,67.94370023909188,69.89411204578516,71.84453707711441,73.81479108519613,75.82469172830969,77.89405778757694,80.02288809385645,82.13189929569572,84.12198755174408,85.89404918816824,87.39076329281433,88.7219395356048,90.03917029911196,91.49404801463858,93.17203184423238,94.8940477724583,96.44047610451307,97.69404767556824,98.55535011121151,98.89404764973452,98.60240944266172,97.69404767556824,96.22809348637517,94.32441077617588,92.11804664980531,89.74404823599772,87.31592203488587,84.86101196471512,82.38512141538337,79.8940540163273,77.39361382214683,74.88960563749472,72.38783558017259,69.89411204578516
62.99780377408041,65.0670536866329,67.076889733677,69.04711271577725,70.99753206312624,72.9479619069433,74.91821901103671,76.92812165216111,78.99748899828143,81.1263201214467,83.23533182002325,85.2254203681499,86.99748217292426,88.49419637497361,89.8253726802565,91.14260348934616,92.59748124149313,94.27546510057931,95.9974810492745,97.54390939393079,98.79748097237281,99.6587834119873,99.99748095186857,99.70584274363264,98.79748097237281,97.33152677431633,95.42784404709667,93.22147988897613,90.847481417186,88.41935511293043,85.96444485974598,83.48855398471379,80.99748600503742,78.4970447753731,75.99303474569624,73.49126140823455,70.99753206312624
64.10117048358197,66.1704456427893,68.18029701352968,70.15052949212517,72.10095482453877,74.05138848804717,76.02164804945372,78.03155227640325,80.10092064390065,82.22975241542905,84.33876450826645,86.32885328821584,88.10091522660989,89.59762950596824,90.92880586085141,92.2460367061199,93.70091448733247,95.37889836982679,97.10091433476845,98.64734268942658,99.90091427373153,100.76221671649799,101.10091425745729,100.80927604829822,99.90091427373153,98.43496006864015,96.53127732791141,94.32491314459094,91.95091462677999,89.52278824065922,87.06787784221663,84.59198670867579,82.10091826816056,79.60047621663156,77.0964647225556,74.59468878163912,72.10095482453877
65.30455093383601,67.3738461317734,69.38370966510887,71.35394968114394,73.304379763933,75.25481645914324,77.22507797092497,79.23498345654656,81.30435263471225,83.43318492084707,85.5421973266096,87.53228629055684,89.30434833500496,90.80106267572353,92.13223906997445,93.44946994395809,94.90434774824007,96.5823316493134,98.3043476271499,99.85077598974652,101.10434757870487,101.96565002397307,102.30434756578802,102.01270935589619,101.10434757870487,99.63839336802988,97.734710616579,95.52834641325731,93.15434785891964,90.72622140782241,88.27131089408834,85.795419555369,83.30435074908561,80.80390804524174,78.29989538887021,75.79811738158634,73.304379763933
66.70794229040165,68.7772533933711,70.7871265802713,72.75737257881788,74.70780643199923,76.65824553347963,78.62850859327794,80.63841507790937,82.70778489950332,84.83661759408176,86.94563024821318,88.93571935819965,90.70778148682291,92.20449587624313,93.53567230174028,94.85290319851516,96.30778102110727,97.98576493692684,99.70778092499799,101.25420929389537,102.50778088654714,103.36908333380094,103.70778087629503,103.41614266582158,102.50778088654714,101.04182667144043,99.13814391147936,96.9317796922827,94.55778110895373,92.12965460628465,89.67474400104368,87.19885249947404,84.70778340288018,82.20734018129346,79.7033266024065,77.20154695504323,74.70780643199923
67.77642047100609,69.86287369400162,71.8989847681535,73.90422382161027,75.89758090101306,77.89693635273136,79.91847814052107,81.9763673449462,84.08294085270933,86.23304920606616,88.3560488124681,90.36653526230252,92.18127354275283,93.75831412419912,95.20364101966715,96.65320573585575,98.23089931689137,99.99271104265462,101.76915707331526,103.3728475613536,104.74979267017142,105.84249588686284,106.34592579748131,105.94011880807071,104.74979267017142,102.99699466937557,100.85422443221412,98.46869907219951,95.97401327545836,93.4746071797475,90.98010999196894,88.48317863141871,85.98061503412326,83.47093613815457,80.9534279059238,78.42828317614166,75.89758090101306
66.15445762558467,68.22374635097168,70.23360595577415,72.20384353721084,74.15427208562667,76.10470780159659,78.07496868340695,80.08487376247746,82.15424267879732,84.28307479871432,86.39208710340206,88.382176007918,90.15423801811069,91.65095233900992,92.98212872054506,94.29935958525371,95.75423738208426,97.43222127715657,99.15423725082805,100.70066561086054,101.95423719831584,102.81553964277597,103.15423718431458,102.86259897465938,101.95423719831584,100.48828298944436,98.58460024145673,96.37823604459543,94.00423750205587,91.57611107194603,89.12120059545111,86.6453093230044,84.1542406348641,81.65379814171789,79.14978586076778,76.64800852092068,74.15427208562667
65.04772049588216,67.11696013437879,69.1267899454464,71.09700906293341,73.04742597464511,74.99785426402661,76.96811036810757,78.97801236387431,81.04737929434108,83.17621015365228,85.28522169178274,87.27531014556811,89.04737189596543,90.5440860665535,91.87526235165136,93.19249314601788,94.64737088633646,96.32535473589662,98.04737067798023,99.59379901856624,100.8473705946223,101.7086730329541,102.04737057239666,101.75573236453641,100.8473705946223,99.3814163994287,97.47773367770662,95.27136952984131,92.89737107677954,90.46924480583938,88.01433461176833,85.53844384193735,83.04737604980127,80.5469351545982,78.0429257208644,75.54115344288832,73.04742597464511
64.42791566904764,66.50433268929336,68.52508070076124,70.50987450233235,72.47823847186139,74.44923277202537,76.44118575115527,78.47152092671809,80.55681921827657,82.69479609080909,84.80983414438724,86.80872949656106,88.59929199215172,90.13110765670923,91.51279565889958,92.88951211576986,94.40049098198403,96.11726193725335,97.8646781558247,99.43801169927707,100.75019105949622,101.72377807175842,102.14428749339856,101.79578291672883,100.75019105949622,99.14931855261834,97.1367787674145,94.85097675973259,92.4244931725521,89.96575483123169,87.49396687774875,85.00914088675461,82.51320076685106,80.00884849318285,77.49913147025654,74.98750076982279,72.47823847186139
46.57179116636348,48.63637097319774,50.643369991062,52.61183385636053,54.56114417102542,56.51086607702703,58.48066768379239,60.490276344566695,62.55945433715236,64.6881652556947,66.79710385783437,68.78714942516564,70.55918645615958,72.05588632465174,73.38705343372197,74.7042775350076,76.15914989818627,77.83712941723536,79.55914235371198,81.10556884394941,82.35913933536031,83.22044119057537,83.55913853057874,83.26750049350812,82.35913933536031,80.89318644162816,78.98950621909248,76.78314673322794,74.40915679402251,71.98104566811884,69.52616234661824,67.0503194001508,64.55933686056724,62.05904800143914,59.5553094523745,57.05401871955662,54.56114417102542
47.572616748830264,49.63818339151565,51.6457823082127,53.61461829957781,55.56416328167816,57.514035009550895,59.48393302403332,61.49360391108351,63.56282198553916,65.69155834940231,67.8005124251142,69.79056709102096,71.56260936639197,73.05931226917457,74.3904813250079,75.70770684628286,77.16258035026499,78.84056078806759,80.56257436220889,82.10900124501345,83.36257196654104,84.2238739454693,84.5625713277854,84.27093325448027,83.36257196654104,81.89661879669274,79.99293804393358,77.7865775689869,75.41258582349833,72.98447148446022,70.52958246176154,68.05372936931192,65.56272874316198,63.062407629851535,60.55861161529154,58.05721873441722,55.56416328167816
48.57397919076828,50.640329769997535,52.648405086586564,54.61753653648361,56.56726781514706,58.51725847338335,60.48723301355409,62.49695329242414,64.5662031810073,66.69495974127659,68.80392609853573,70.79398798604689,72.56603442390512,74.06273973501449,75.39391033599877,76.71113698432222,78.16601139376192,79.84399256078044,81.56600664103685,83.11243383542225,84.36600473959366,85.22730681671317,85.56600423261293,85.27436613054849,84.36600473959366,82.90005135059178,80.99637017699376,78.79000891701139,76.41601573787297,73.98789884856212,71.53300530080018,69.05714415541837,66.56612917375915,64.06578245967853,61.56194083279519,59.060466870852395,56.56726781514706
49.575768150329075,51.642741372075136,53.651194971341496,55.62056099103974,57.57044015915406,59.52052522298318,61.490560505937765,63.500319988880165,65.56959512906256,67.69836771950828,69.80734382474174,71.79741144408206,73.5694611857227,75.06616840832788,76.39734023570185,77.71456777856568,79.16944290666835,80.84742465246634,82.56943913442682,84.1158665761142,85.36943762525014,86.2307397803041,86.56943722285922,86.27779909796848,85.36943762525014,83.90348406230589,81.9998025546877,79.79344067162171,77.41944635459336,74.9913274411258,72.53643030180658,70.06056276476997,67.56953638901449,65.0691693552057,62.56529152458174,60.06375320470761,57.57044015915406
50.57789589702203,52.64536358265562,54.65411752835139,56.62366976668858,58.573666330976266,60.52382633119015,62.493909828436315,64.50370042877968,66.57299561161665,68.70178092539714,70.8107647676683,72.80083693638836,74.57288930025177,76.06959804001565,77.40077084077741,78.71799909363926,80.17287479214562,81.8508569973215,83.57287179811479,85.11929943608595,86.37287060028035,87.23417281719095,87.57287028090244,87.28123213789446,86.37287060028035,84.90691689927795,83.00323512654768,80.79687274893959,78.42287752876663,75.99475700872236,73.53985701877457,71.06398440865405,68.57294898932213,66.07256582749287,63.56865926117513,61.06706985795489,58.573666330976266
51.580292703118786,53.6481530166017,55.65714541250293,57.626845478170324,59.57693523009408,61.52715471152432,63.497276478187715,65.50709177712673,67.57640286811079,69.70519828051914,71.81418826372244,73.80426404330267,75.57631848843124,77.07302843236701,78.40420200570819,79.72143082209638,81.17630697333277,82.85428954311728,84.57630459696847,86.1227323907302,87.37630364624655,88.23760591225282,88.57630339275613,88.28466523536848,87.37630364624655,85.91034983566728,84.00666785251737,81.80030508239085,79.42630914539102,76.99818735020443,74.54328509770639,72.06740846106129,69.57636586378999,67.0759699009902,64.57204052665477,62.07041057702989,59.57693523009408
52.58290316512846,54.65107521570923,56.66025691068124,58.63007432304528,60.580238044491225,62.530504738820326,64.50065688101674,66.51049178368393,68.57981550115005,70.70861892891426,72.81761378620459,74.80769243173589,76.57974852876924,78.07645942845826,79.40763361499677,80.72486287865647,82.17973938922512,83.85772224839984,85.57973750310326,87.12616542051605,88.37973674851472,89.24103905348824,89.57973654731921,89.28809837851841,88.37973674851472,86.91378285096421,85.0101007008041,82.80373761913538,80.42974111318935,78.00161830592066,75.54671425763223,73.07083442512292,70.57978613068713,68.07938000765444,65.57543253027944,63.07377039799047,60.580238044491225
53.68568327108049,55.75410281573352,57.76343478332453,59.73334534394681,61.6835677791029,63.63387194798915,65.60404819994028,67.61389866237388,69.68323240159722,71.8120421911974,73.92104091706949,75.91112183731369,77.68317924546696,79.17989090373874,80.51106557697265,81.82829519563222,83.28317199140321,84.96115508026713,86.68317049438711,88.22959850994184,89.48316989546976,90.34447223137161,90.68316973578078,90.39153155792134,89.48316989546976,88.01721592889012,86.11353364617389,83.9071703172339,81.5331733597148,79.10504974915537,76.65014427554527,74.1742619064708,71.68320909017348,69.18279490289822,66.67883305693971,64.17714538064774,61.6835677791029
54.688598064570726,56.757214088362105,58.766665343696275,60.73664984251843,62.68691888133597,64.63725279484026,66.60744818314359,68.61731099554655,70.68665268911428,72.8154675281346,74.92446932451239,76.91455205020114,78.6866104989924,80.18332275935222,81.51449781887685,82.83172771930012,84.28660474143643,85.96458801260485,87.68660355325383,89.23303164670389,90.4866030778928,91.34790543834248,91.68660295114759,91.39496476609833,90.4866030778928,89.02064905652475,87.11696666859864,84.91060314339926,82.53660582746625,80.10848157933415,77.6535749744443,75.17769059209292,72.68663418677971,70.1862135988728,67.68224034844141,65.18053239747925,62.68691888133597
55.69161978550268,57.76039178196265,59.76993772630304,61.73998091393189,63.69028694371208,65.64064446619204,67.61085504329733,69.62072765798739,71.6900756649668,73.81889451173197,75.92789874517821,77.91798290385165,79.69004217859867,81.18675491683648,82.51793028296038,83.83516040701974,85.29003760882239,86.96802102468598,88.69003666576118,90.23646482103678,91.49003628846684,92.35133866840015,92.6900361878691,92.39839799711322,91.49003628846684,90.02408222361314,88.12039975218191,85.91403607121134,83.54003847080492,81.11191371663084,78.65700621384286,76.18112023355016,73.6900609796256,71.18963531151005,68.68565300926655,66.18392896604763,63.69028694371208
56.69472639110491,58.763622200213064,60.77324330573296,62.743333077230304,64.69366846777262,66.64404472912267,68.61426736175761,70.6241477565974,72.69350077456289,74.8223228022882,76.93132897004105,78.92141426607668,80.69347419638581,82.19018731391583,83.52136292338784,84.83859322494732,86.29347056935126,87.97145410005956,89.69346982084303,91.23989802518963,92.49346952138433,93.35477191678179,93.69346944153983,93.40183124625467,92.49346952138433,91.02751542201608,89.12383288430675,86.91746907970045,84.54347125350733,82.11534609768728,79.66043788223664,77.18455063365556,74.69348911878188,72.19305941848697,69.68906993176753,67.18733311596458,64.69366846777262
57.69790037998787,59.76689447000862,61.77657523506966,63.74670198180297,65.69706067663745,67.64745181129916,69.61768401252114,71.62757058251347,73.6969275777189,75.82575213018083,77.93475983319644,79.92484603195797,81.69690648258742,83.19361990116201,84.5247957037796,85.84202614622109,87.29690360380775,88.97488722566834,90.69690300971637,92.24333125301061,93.49690277203581,94.3582051797072,94.6969027086632,94.40526450978312,93.49690277203581,92.03094864527333,90.12726605495905,87.92090215222305,85.54690414682284,83.11877867221608,80.66386989112439,78.1879816359012,75.69691832650807,73.19648542586071,70.69249023678881,68.19074328328378,65.69706067663745
58.80112785748929,60.870199959894265,62.87992807933085,64.85008417433328,66.80046136619978,68.75086430598095,70.7211041018628,72.73099557310445,74.80035572505838,76.92918228140942,79.03819120296552,81.02827811822168,82.80033898182985,84.29705263934378,85.62822859526116,86.94545914952076,88.40033669694066,90.07832039114888,91.80033622541,93.34676449961704,94.60033603676281,95.46163845417601,95.80033598646394,95.50869778473056,94.60033603676281,93.13438188825754,91.23069925619066,89.02433527556903,86.65033712793203,84.22221140030405,81.76730217026258,79.29141311606641,76.80034838236033,74.29991294158562,71.79591322653457,69.29415822666995,66.80046136619978
59.80439779301378,61.87353181815588,63.88329752440207,65.85347691377416,67.80386878699865,69.75428109661279,71.72452692042253,73.73442228180568,75.80378493927951,77.9326130861212,80.0416229748345,82.03171045877319,83.80377165016299,85.30048549732321,86.63166157491474,87.94889221792448,89.40376983664504,91.0817535882756,92.80376946239087,94.35019776113342,95.60376931266151,96.4650717378068,96.80376927273926,96.51213106874124,95.60376931266151,94.13781514689893,92.23413248169305,90.02776843925353,87.65377017872312,85.22564425027201,82.77073466389872,80.29484497555694,77.80377911137172,75.30334165449278,72.79933834715776,70.29757696085547,67.80386878699865
60.90770143006311,62.97688460600237,64.98668014593771,66.95687802446209,68.90728155044809,70.85770129696871,72.82795190517474,74.83785035417613,76.90721500028685,79.03604440950348,81.14505506585064,83.13514300115318,84.90720445270348,86.4039184503861,87.73509462455053,89.05232533800128,90.50720301331323,92.18518681051995,93.9072027162675,95.45363103448388,96.70720259742723,97.56850502870947,97.90720256574092,97.61556435994544,96.70720259742723,95.24124841796751,93.33756572645913,91.13120163495478,88.7572032848208,86.32907719697624,83.87416732778215,81.39827713611838,78.90721037467057,76.40677131760626,73.90276515906598,71.4009987038209,68.90728155044809
62.01103181764938,64.08025400629572,66.09007322588754,68.06028577951304,70.01069855440278,71.96112420364108,73.93137860924173,75.94127950889424,78.01064573338988,80.13947614455525,82.24848741017422,84.23857570372465,86.01063736176451,87.50735147891689,88.83852772973125,90.15575849909109,91.61063621931962,93.2886200527002,95.0106359835543,96.55706431722706,97.8106358892307,98.67193832538385,99.01063586408127,98.71899765685913,97.8106358892307,96.34468169889959,94.44099898651493,92.23463485606773,89.86063643481536,87.43251022046013,84.97760012679093,82.50170953564012,80.01064206203398,77.51020173490026,75.00619331335213,72.50442283486946,70.01069855440278
63.114383438170776,65.18363659229021,67.19347460684209,69.16369880826136,71.11411892407433,73.06454925832855,75.03480667793397,77.04470952267388,79.11407699993619,81.24290820634951,83.35191995554808,85.34200853344012,87.11407035537091,88.61078456734651,89.94196087899796,91.25919169273287,92.71406944861178,94.39205331070352,96.11406926148469,97.66049760742521,98.91406918662001,99.7753716266392,100.11406916665888,99.82243095830442,98.91406918662001,97.44811498766025,95.54443225870607,93.33806809734993,90.96406961965084,88.53594330488403,86.0810330330488,83.60514212482482,81.11407408597798,78.6136327507885,76.10962253308688,73.60784886134896,71.11411892407433
64.21775191192656,66.28702964403041,68.29688257640666,70.26711602278567,72.21754196513328,74.16797601790344,76.13823582973265,78.14814021829218,80.21750868987716,82.34634052747961,84.45535266049575,86.44544146406994,88.21750341608107,89.7142177033179,91.04539406325578,92.36262491221123,93.81750269638584,95.49548658126565,97.21750254786298,98.76393090354041,100.01750248844283,100.8788049315305,101.21750247259968,100.9258642633465,100.01750248844283,98.55154828263453,96.6478655405291,94.44150135464054,92.06750283213964,89.63937643767606,87.18446602443038,84.70857486454517,82.21750637706631,79.71706424178186,77.21305259847034,74.71127639223809,72.21754196513328
65.42113376250813,67.49043100259459,69.5002957754163,71.47053655958759,73.42096712648397,75.37140413065245,77.34166584119518,79.35157145508686,81.42094071586696,83.54977305444481,85.65878549209727,87.64887447479555,89.42093653005152,90.91765087702325,92.2488272752861,93.56605815219609,95.020935958829,96.69891986179576,98.42093584094634,99.96736420435197,101.22093579378455,102.08223823930766,102.42093578120983,102.1292975712433,101.22093579378455,99.75498158254052,97.85129882999695,95.64493462463696,93.27093606657687,90.84280960885795,88.38789908337468,85.91200772374579,83.42093888018731,80.9204961098667,78.4164833350467,75.91470511718121,73.42096712648397
66.82452623053842,68.89383895438769,70.9037131250783,72.87395973329868,74.82439397071775,76.7748333174191,78.74509653497438,80.75500312141394,82.82437300857904,84.95320574478156,87.062218424224,89.0523075490932,90.82436968629466,92.32108408067802,93.65226050935944,94.96949140845695,96.42436923291504,98.10235315023735,99.82436913935149,101.37079750889102,102.62436910191914,103.4856715493753,103.82436909193859,103.53273088140594,102.62436910191914,101.15841488636082,99.25473212553248,97.04836790471803,94.67436931843459,92.24624281050984,89.79133219594354,87.31544067777799,84.82437155159887,82.32392827724948,79.81991460434985,77.31813478984763,74.82439397071775
67.98574651997322,70.07165869116582,72.10694383056484,74.11108800482933,76.10311327000618,78.10096619782911,80.12095029721428,82.1773979476059,84.28286430788279,86.4323436455283,88.55493135100068,90.56481939956501,92.37831444654935,93.95304690569031,95.3951642945936,96.84110947289666,98.41553852277795,100.17517310538778,101.95022726440828,103.5524716946434,104.92636367594676,106.01356371304875,106.51324684225764,106.11002177599124,104.92636367594676,103.18079665886602,101.04441935265945,98.66391400358299,96.17272501341725,93.67542892349317,91.18211815687638,88.68582163556111,86.18360610215163,83.67420748539138,81.15710980238111,78.63267883617395,76.10311327000618
66.37077286594868,68.44006565198123,70.44992772140523,72.42016683022254,74.3705963412499,76.32103267156057,78.29129394859277,80.30119928271912,82.3705683633118,84.49940058750803,86.60841295560655,88.59850189740757,90.37056392909092,91.86727826242411,93.19845465193669,94.51568552246415,95.97056332396944,97.64854722280661,99.37056319909107,100.91699156073221,102.17056314913049,103.03186559409754,103.3705631358095,103.07892492600585,102.17056314913049,100.70460893912751,98.80092618896717,96.59456198805286,94.22056343811155,91.79243699483496,89.33752649497751,86.8616351809537,84.37056641869458,81.87012379336409,79.36611127688778,76.86433351831438,74.3705963412499
65.26402944375572,67.33327552782133,69.34310925111657,71.31333079312412,73.26374923286824,75.21417849744762,77.18443522890107,79.19433762954245,81.26370482077562,83.39253584561956,85.50154748440826,87.49163599738003,89.26369778189158,90.76041197221734,92.09158826997859,93.40881907358188,94.86369682132118,96.54168067685762,98.26369662308909,99.81012496622867,101.06369654378159,101.92499898291813,102.26369652263588,101.97205831453998,101.06369654378159,99.59774234679193,97.69405962162085,95.48769546732177,93.11369700251049,90.68557071066942,88.23066047951271,85.7547696436822,83.26370173388993,80.76326062885767,78.25925082125019,75.75747787859022,73.26374923286824
64.64135933872996,66.71754650283198,68.7379416044955,70.72226376652955,72.69004809022584,74.66038048450383,76.65163817474694,78.68132150085783,80.76611357713709,82.90380065864822,85.0186480794895,87.0172652519801,88.80724509020237,90.33796183507526,91.71808348597266,93.09297780714097,94.60226024146147,96.31787068668281,98.06453235970213,99.63707130753413,100.94753624381346,101.91790074658786,102.33611266549372,101.98920059014428,100.94753624381346,99.35064435308271,97.34140487593567,95.05806236580827,92.63322785659183,90.17546028353703,87.70421037987127,85.21967002674384,82.72388584958249,80.21965880910136,77.71012468088101,75.19881042018007,72.69004809022584
46.59379526795425,48.65839930846252,50.665413060634904,52.63388606683915,54.58320214626839,56.5329277329046,58.50273170815851,60.51234189769889,62.581520875021425,64.7102324187125,66.81917140101352,68.8092171918831,70.58125435172374,72.07795429476406,73.40912145166351,74.72634558783625,76.18121797904286,77.8591975206644,79.58121047280756,81.12763697268986,82.38120746975437,83.24250932800891,83.58120666905182,83.28956863109097,82.38120746975437,80.91525456923841,79.01157433367587,76.805214823511,74.43122483992772,72.00311363508192,69.54823017351114,67.07238697777206,64.58140399382992,62.08111434227166,59.577374381392175,57.07608113904129,54.58320214626839
47.5946340333835,49.66021992903843,51.66783054746182,53.63667379675172,55.58622335546586,57.53609800511555,59.50599789965527,61.51567000016419,63.58488885623679,65.71362571629288,67.82258009374355,69.81263493707444,71.58467731471174,73.08138027666348,74.412549370459,75.72977491942396,77.18464844565189,78.8626289013703,80.58464248794614,82.13106937840578,83.3846401044207,84.24594208576138,84.5846394689026,84.2930013948909,83.3846401044207,81.91868692918811,80.0150061660895,77.80864567185561,75.4346538911443,73.00653948944957,70.55165035557661,68.07579706527827,65.58479608643546,63.08447434415612,60.58067720898525,58.07928233612651,55.58622335546586
48.59600694989531,50.662372822006105,52.6704574307368,54.63959464300672,56.58932955483506,58.53932253237417,60.50929856486499,62.51901980690593,64.58827031587825,66.71702726998376,68.82599386673596,70.81605589506977,72.58810241409721,74.08480777216934,75.41597840328427,76.73320507358534,78.18807950068157,79.86606068191988,81.58807477204559,83.13450197250685,84.38807288023983,85.24937495927409,85.58807237582872,85.29643427320349,84.38807288023983,82.92211948696445,81.01843830516,78.81207702986939,76.43808382277456,74.00996688373306,71.55507324773167,69.07921194531622,66.58819668372115,64.08784947041713,61.5840069540711,59.08253141098419,56.58932955483506
49.59780423022796,51.664789597376895,53.67325057464211,55.64262116904425,57.592503221247114,59.54259012608888,61.512626593572804,63.52238684101472,65.59166247361254,67.72043537665107,69.82941167197205,71.81947940308405,73.591529209149,75.0882364690286,76.41940832031736,77.73663588062485,79.19151102274154,80.8694927798258,82.59150726961951,84.13793471612934,85.39150576809209,86.2528079246658,86.5915053677407,86.29986724240484,85.39150576809209,83.92555220175596,82.02187068762433,79.81550879240814,77.44151445319076,75.0133955002519,72.55849829089678,70.08263062922181,67.59160403127902,65.09123660122977,62.587358064617874,60.08581848972264,57.592503221247114
50.59993858559794,52.66741591573172,54.6761757191272,56.645731589105935,58.595730442775775,60.54589190431625,62.51597634177065,64.52576754891678,66.59506312259182,68.72384868448039,70.83283267762528,72.82290493505897,74.59495735005615,76.09166611940482,77.42283893914777,78.74006720585467,80.19494291548398,81.87292512961777,83.59493993662838,85.14136757842707,86.39493874486512,87.25624096298193,87.59493842710597,87.3033002837447,86.39493874486512,84.92898504117056,83.02530326327056,80.8189408760189,78.44494563823446,76.01682508686176,73.5619250413263,71.08605233227982,68.59501673659642,66.09463326026672,63.590726133592824,61.089135734219965,58.595730442775775
51.60234063982745,53.670208611110155,55.67920565739135,57.64890860593354,59.599000175117254,61.54922081647493,63.51934332941153,65.52915910998223,67.5984705111795,69.72726612051329,71.83625622346584,73.82633207345836,75.59838655917193,77.09509652658923,78.42627011499579,79.74349894237281,81.1983751024375,82.87635767933193,84.59837273811779,86.14480053491744,87.39837179221459,88.25967405917821,88.59837154000897,88.30673338234091,87.39837179221459,85.93241797949855,84.02873599224543,81.82237321446479,79.44837726348669,77.02025544343468,74.56535314681659,72.08947643165368,69.59843369441128,67.09803748198972,64.59410766289099,62.09247692259298,59.599000175117254
52.60495526906209,54.67313339950506,56.68231878619227,58.65213848697215,60.602303650889255,62.55257126589858,64.52272400043094,66.53255928537703,68.60188324906261,70.73068683312783,72.83968178546363,74.82976048688141,76.60181661612714,78.09852753445348,79.4297017329494,80.74693100533096,82.20180752290665,83.87979038772448,85.60180564634456,87.14823356616856,88.40180489558064,89.263107201314,89.60180469540491,89.31016652638152,88.40180489558064,86.93585099633418,85.03216884291734,82.82580575517352,80.45180923813297,78.02368641112852,75.56878232782196,73.09290243299284,70.6018540274614,68.10144770630211,65.59749987591303,63.095837116049864,60.602303650889255
53.707738683664275,55.7761630550809,57.78549795323319,59.75541033034662,61.70563391046274,63.65593881012185,65.626115532222,67.63596629807532,69.70530023272511,71.83411014638224,73.94310894769225,75.93318991229366,77.70524734601395,79.20195901907819,80.53313370180275,81.85036332738485,83.30524012871732,84.9832232220602,86.70523863928884,88.25166665675735,89.50523804340708,90.36654037991201,90.70523788452749,90.41359970649141,89.50523804340708,88.03928407548139,86.13560179018026,83.92923845641849,81.55524149009364,79.12711786386994,76.6722123624659,74.19632994392805,71.7052770394537,69.20486269492423,66.70090056877495,64.19921239436658,61.70563391046274
54.7106561039387,56.779275959474546,58.788729541077146,60.758715481759054,62.708985429376014,64.65931992291308,66.62951568438129,68.63937873761162,70.70872058629064,72.83753552377553,74.94653738002862,76.93662014092376,78.70867861000758,80.20539088210823,81.53656594916558,82.85379585508326,84.30867288163373,85.9866561563571,87.70867169947344,89.25509979444246,90.50867122652177,91.36997358745012,91.70867110041894,91.41703291522946,90.50867122652177,89.04271720408532,87.1390348141076,84.93267128508116,82.55867396215902,80.13054970159418,77.67564307464423,75.19975865303368,72.70870217773412,70.20828146501381,67.70430799219278,65.20259964586882,62.708985429376014
55.71367991019606,57.78245494837974,59.792002739257256,61.76204707136014,63.712353822482655,65.66271180534622,67.6329226786373,69.6427954844741,71.71214361456617,73.84096253948299,75.9499668204524,77.94005100706923,79.71211029792251,81.208823045479,82.53999841758161,83.85722854600192,85.31210575130807,86.99008916999325,88.71210481302676,90.25853296950798,91.51210443764472,92.37340681795799,92.71210433755687,92.42046614668976,91.51210443764472,90.04615037194307,88.14246789888347,85.93610421487533,83.56210660892165,81.13398184487968,78.67907432458259,76.20318831312983,73.71212900365694,71.2117032364765,68.70772075772092,66.205996400699,63.712353822482655
56.716788171202865,58.78568639482242,60.795308966051095,62.76539964596165,64.71573560905125,66.66611223581515,68.63633510353581,70.64621565009004,72.71556876577063,74.84439085552512,76.95339706099722,78.94348237921153,80.7155423223042,82.21225544723049,83.54343106144782,84.86066136646858,86.31553871365325,87.99352224660103,89.71553796893885,91.2619661742423,92.51553767099793,93.37684006669693,93.71553759155813,93.42389939618464,92.51553767099793,91.04958357095666,89.14590103195488,86.93953722493771,84.5655393943417,82.1374142306895,79.68250600134184,77.20661872802896,74.7155571690665,72.21512739014345,69.71113776332547,67.20940069845427,64.71573560905125
57.71996347415816,59.78895948076291,61.79864140922791,63.76876887699673,65.7191280262733,67.66951945096865,69.63975183878014,71.64963852918908,73.71899560195129,75.84782020364597,77.95682793659938,79.94691415296415,81.71897461373995,83.21568803818494,84.54686384456892,85.86409428975762,87.31897174955134,88.99695537318941,90.71897115847109,92.26539940252482,93.51897092199523,94.38027332990598,94.71897085894382,94.42733265999362,93.51897092199523,92.05301679469856,90.14933420335849,87.94297029870893,85.56897228981414,83.14084680899103,80.68593801686924,78.21004974201642,75.71898639762992,73.21855343457526,70.71455813430654,68.21281098311428,65.7191280262733
58.82319199475093,60.892265618466226,62.901994661341305,64.87215132864729,66.82252888121165,68.77293205119551,70.74317199517469,72.75306356199155,74.82242377550253,76.95125037092971,79.06025931624748,81.05034624547535,82.8224071171367,84.31912077930996,85.65029673821672,86.9675272946568,88.42240484382845,90.10038853944744,91.82240437468772,93.36883264949756,94.6224041869967,95.48370660459986,95.82240413695276,95.53076593516377,94.6224041869967,93.15645003806739,91.25276740518638,89.04640342304597,86.67240527263533,84.2442795400734,81.78937030127734,79.31348123150113,76.82241647002076,74.3219809797132,71.81798117640486,69.31622601963475,66.82252888121165
59.826462758247786,61.895597990928124,63.905364430135776,65.8755442737564,67.82593643327135,69.77634892559922,71.74659486695467,73.7564903041962,75.82585301052804,77.9546811883845,80.0636910959575,82.05377859098554,83.82583978876711,85.32255363962547,86.6537297195897,87.97096036433004,89.42583798444097,91.10382173719128,92.82583761208373,94.37226591130471,95.62583746311326,96.48713988840933,96.82583742339335,96.53419921935117,95.62583746311326,94.15988329701418,92.25620063116205,90.04983658751709,87.67583832478525,85.24771239241807,82.79280279909626,80.31691309838855,77.82584721215886,75.32540971596562,72.8214063385805,70.3196448277416,67.82593643327135
60.929767052503436,62.99895118691272,65.00874730861749,66.97894554768602,68.92934930090365,70.87976919244542,72.85001989394799,74.8599184031584,76.9292830880478,79.0581125218809,81.16712319319704,83.15721113730122,84.92927259392468,86.42598659454252,87.75716277059011,89.07439348541448,90.52927116182994,92.20725495992542,93.9292708662898,95.47569918488593,96.72927074805187,97.59057317945378,97.92927071652616,97.63763251069562,96.72927074805187,95.26331656832508,93.35963387630379,91.15326978384266,88.77927143196139,86.35114534100865,83.8962354662995,81.42034526482091,78.92927848587634,76.42883939760823,73.92483318346905,71.42306662937878,68.92934930090365
62.033097961742584,64.10232091115626,66.1121405925098,68.08235343230373,70.03276638754906,71.98319215189142,73.95344663154188,75.96334757898242,78.03271383425678,80.16154426496028,82.27055554246013,84.26064384299642,86.03270550506286,87.52941962454493,88.86059587685395,90.17782664730403,91.63270436840847,93.3106882024944,95.0327041338381,96.57913246781226,97.83270403999256,98.69400647624073,99.0327040149706,98.74106580772066,97.83270403999256,96.36674984944946,94.46306713665771,92.25670300545116,89.88270458281194,87.45457836598973,84.99966826794326,82.5237776690024,80.03271018150909,77.53226982960884,75.02826136393176,72.52649080699535,70.03276638754906
63.13644999631771,65.20570375427693,67.21554213533629,69.18576656389033,71.13618682285272,73.08661724846557,75.0568747268445,77.06677760951388,79.13614511120531,81.26497633312607,83.37398809175451,85.36407667519123,87.13613850031793,88.63285271414259,89.96402902698038,91.28125984158059,92.73613759815468,94.4141214608063,96.13613741197608,97.68256575815579,98.9361373374908,99.7974397775854,100.13613731763087,99.84449910925433,98.9361373374908,97.47018313836281,95.56650040908552,93.36013624712666,90.98613776832686,88.55801145160197,86.10310117629251,83.62721026188555,81.13614221201644,78.63570085716975,76.1316906044429,73.62991687043603,71.13618682285272
64.23981879871921,66.30909701010259,68.3189502333804,70.28918386003812,72.23960991600418,74.190044041286,76.1603038997639,78.17020831842814,80.23957680940254,82.36840865931327,84.47742079981387,86.46750960778888,88.23957156233661,89.73628585104106,91.06746221192053,92.38469306156277,93.83957084628915,95.51755473161333,97.23957069851906,98.78599905438637,100.0395706394001,100.90087308254759,101.23957062363723,100.9479324143665,100.0395706394001,98.57361643345823,96.66993369109636,94.4635695047294,92.08957098135487,89.66144458533721,87.20653416933399,84.73064300454138,82.23957450831409,79.73913235742772,77.23512068631663,74.73334443066139,72.23960991600418
65.44320091015403,67.5124985306522,69.52236353436544,71.49260446162504,73.44303511870092,75.39347218042211,77.36373392798998,79.37363956577582,81.44300884194533,83.57184119029229,85.68085363388516,87.67094262007635,89.44300467734563,90.93971902548219,92.27089542449241,93.58812630194751,95.04300410901837,96.72098801233778,98.44300399173318,99.98943235528952,101.24300394481041,102.10430639038103,102.44300393229943,102.151365722319,101.24300394481041,99.77704973346039,97.87336698071329,95.66700277497361,93.2930042162201,90.86487775726769,88.40996722959576,85.93407586607186,83.44300701556978,80.94256423286592,78.43855143598135,75.93677317888874,73.44303511870092
66.84659358522806,68.9159066110149,70.92578096496595,72.89602768675634,74.84646199575118,76.79690138813226,78.76716463507447,80.77707124047882,82.84644113985851,84.97527388381478,87.08428656797216,89.07437569561368,90.84643783441311,92.343152229721,93.67432865899559,94.99155955852575,96.44643738333146,98.1244213009337,99.84643729024214,101.39286565990125,102.6464372529995,103.50773970049335,103.84643724306956,103.55479903252584,102.6464372529995,101.18048303735705,99.27680027636714,97.07043605525135,94.69643746841754,92.26831095951377,89.81340034321033,87.33750882195329,84.84643969026305,82.34599640608505,79.84198271567273,77.34020287003587,74.84646199575118
68.02482672915107,70.11064004048603,72.1457742387149,74.14971826935059,76.14149999876994,78.13907806876429,80.1587771002486,82.21496082835216,84.32022441970852,86.46958852880019,88.59210076798767,90.60187916558242,92.4151463454692,93.98945555372646,95.43098395818956,96.8762642877885,98.45009313493324,100.20932714031503,101.98412508127183,103.58610321575746,104.95943260974758,106.04561741460545,106.5446084612273,106.14186038780832,104.95943260974758,103.2151972579195,101.07999509588608,98.7004110876341,96.20986313475277,93.71295355737954,91.21986002277622,88.72367971078278,86.22152788303495,83.71218056100858,81.19515800676649,78.67085763627081,76.14149999876994
66.41112883052551,68.48042235198335,70.49028486777564,72.46052425321716,74.41095393858316,76.36139038015722,78.33165172876802,80.34155710908752,82.4109262194317,84.53975846251393,86.64877084209675,88.63885979065049,90.41092182622603,91.90763616181113,93.23881255276851,94.5560434243498,96.01092122670173,97.68890512622072,99.41092110297843,100.95734946491093,102.21092105347995,103.07222349853885,103.41092104028222,103.11928283045168,102.21092105347995,100.74496684327208,98.84128409271823,96.63491989106988,94.26092133978806,91.83279489412683,89.37788439003822,86.90199306848436,84.41092429280158,81.91048164353118,79.40646908439872,76.90469124998981,74.41095393858316
65.30438426869523,67.3736315201223,69.38346595196278,71.35368793307593,73.30410664956227,75.25453609075988,77.2247929358368,79.23469540980506,81.30406264826561,83.43289370308923,85.54190536010813,87.53199388379912,89.30405567448913,90.8007698683896,92.13194616844432,93.44917697372047,94.90405472280372,96.58203857942254,98.30405452640525,99.8504828700073,101.10405444783132,101.96535688711357,102.30405442688121,102.01241621874259,101.10405444783132,99.63810025051636,97.73441752472064,95.52805336925636,93.1540549023171,90.72592860669064,88.27101836881737,85.79512752103366,83.30405958993268,80.80361844689824,78.29960857157849,75.79783550853759,73.30410664956227
64.68119143393993,66.75733664804896,68.77766733664873,70.7619034054155,72.7295819051872,74.69979343718015,76.69092414602717,78.72048840229706,80.80518799636633,82.94282212922069,85.05763471665813,87.05620105546717,88.84607440823054,90.37659027043685,91.75642548816236,93.13098644795872,94.63995836976497,96.35535631418097,98.10187978644207,99.67427316732665,100.98442392018003,101.95419747210192,102.37198775293353,102.02536796175792,100.98442392018003,99.38826128760962,97.37962583525092,95.09673311118412,92.67220001206249,90.21460980781396,87.74345819088948,85.2589700100066,82.7632143143412,80.25901014566485,77.74950941878654,75.23825294430274,72.7295819051872
46.53429876608911,48.59883699738663,50.60581073661457,52.57425891937446,54.52355934371079,56.4732749350063,58.4430724782502,60.45267851617825,62.521854819286744,64.65056466528367,66.75950261519374,68.74954779900801,70.52158460894418,72.01828434953666,73.349451376548,74.66667541797898,76.12154773307108,77.7995272133933,79.5215401229914,81.06796659668154,82.32153707839268,83.18283892839304,83.52153626661286,83.22989823106957,82.32153707839268,80.85558419629922,78.95190399611324,76.74554455194004,74.37155468887212,71.94344369840678,69.48856061721978,67.01271809841909,64.52173632120594,62.021448821622016,59.517712694756085,57.016426267446235,54.52355934371079
47.535101731810045,49.600635343684885,51.608214184453125,53.577037723771355,55.52657485398257,57.476441569083136,59.446336358023956,61.456005163187925,63.52522189665149,65.65395740921392,67.76291096724307,69.75296532874935,71.52500742866562,73.02171022993376,74.35287922063668,75.6701046944049,77.12497816022062,78.80295856728567,80.52497212009345,82.07139898976439,83.32496970359328,84.18627167838264,84.52496905928314,84.23333098719027,83.32496970359328,81.85901654298264,79.95533580796247,77.74897536610624,75.37498368104815,72.9468694495078,70.49198061754706,68.01612786453961,65.52512784349256,63.02480780928177,60.52101371731325,58.01962425401095,55.52657485398257
48.53644620339223,50.60277054568414,52.61082992026695,54.57995148393755,56.52967652933617,58.47966320843693,60.449635188290415,62.459353814683226,64.52860263888678,66.65735852346512,68.76632446983427,70.75638611574081,72.52843241433987,74.0251376448769,75.35630819416704,76.67353480478428,78.12840918393124,79.80639032655333,81.5284043898773,83.07483157383857,84.3284024718995,85.18970454573395,85.52840196051011,85.23676385940786,84.3284024718995,82.86244909022955,80.95876793071096,78.75240669699255,76.37841356581787,73.95029676182824,71.49540336545569,69.01954248949113,66.52852798810807,64.02818213052754,61.524342029663416,59.02287078043081,56.52967652933617
49.53822088761237,51.605173272244265,53.61361421345846,55.58297238454381,57.53284660454612,59.48292850982102,61.45296176052241,63.462719931840454,65.5319942272031,67.66076628134428,69.76974206045105,71.75980948802852,73.53185911913869,75.02856627779337,76.35973806413762,77.67696557707396,79.13184068113324,80.80982240756776,82.53183687608895,84.07826430950266,85.3318353537887,86.19313750623535,86.53183494789869,86.2401968237716,85.3318353537887,83.86588179666384,81.9622003002205,79.75583843800024,77.38184415904078,74.95372531329284,72.49882829413181,70.02296097093294,67.5319349763765,65.03156862238369,62.52769200299814,60.02615583631784,57.53284660454612
50.54033729622779,52.60778843533535,54.61653233125678,56.586078338942315,58.536070975427975,60.48622846849895,62.45631035266403,64.46609991193752,66.5353944242273,68.66417931233738,70.7731628957597,72.76323491227677,74.53528718841181,76.03199587741804,77.36316864561444,78.68039687472279,80.13527255414589,81.81325474395295,83.5352695340795,85.08169716548383,86.33526832582886,87.19657054067002,87.5352680036737,87.24362986127184,86.33526832582886,84.86931462944528,82.96563286558452,80.75927050452174,78.38527531456407,75.95715484826897,73.50225495369102,71.02638251329438,68.53534739652261,66.0349647742708,63.5310591693364,61.029471475179264,58.536070975427975
51.542725098411,53.610572273802944,55.619556691257145,57.58925181089471,59.53933844501566,61.48955593640129,63.45967642271057,65.46949089533112,67.53880145409313,69.6675965286434,71.77658630639698,73.76666196517317,75.53871634067151,77.03542624432087,78.36659979181485,79.68382858934987,81.13870472543987,82.81668728302614,84.53870232841112,86.08513011696076,87.33870136942187,88.2000036337856,88.53870111372713,88.24706295682057,87.33870136942187,85.87274756250856,83.96906558639839,81.76270282940386,79.38870691638596,76.96058516386015,74.50568298705734,72.02980648512263,69.53876412799491,67.03836859346256,64.53443998219194,62.03281138909672,59.53933844501566
52.54532841093618,54.613490030589844,56.622665391844336,58.59247887806407,60.54264012471657,62.492905239468115,64.46305636541481,66.47289061221949,68.54221390725544,70.67101706685945,72.78001176108344,74.77009031073223,76.54214635249994,78.03885722021357,79.37003138623712,80.68726063493307,82.14213713347999,83.82011998297295,85.54213523095672,87.0885631442327,88.3421344698064,89.20343677347624,89.54213426686135,89.25049609844237,88.3421344698064,86.87618057516558,84.9724984305929,82.76613535934706,80.39213887243551,77.96401609902674,75.50911211081777,73.03323238522842,70.5421842813956,68.04177849828186,65.53783162656083,63.03617057097878,60.54264012471657
53.648102840401236,55.71651410399426,57.72584104374164,59.69574848788007,61.64596895867052,63.59627187379604,65.56644731912904,67.576297260996,69.64563066493298,71.77444024169293,73.88343883813872,75.87351968228074,77.64557704656957,79.14228867946242,80.47346333641363,81.79069294319643,83.24556972942575,84.92355281060526,86.64556821939186,88.19199623166318,89.44556761526641,90.30686995013353,90.64556745418881,90.35392927663241,89.44556761526641,87.97961365099621,86.07593137271472,83.86956805204738,81.49557110963596,79.06744752595118,76.61254210002623,74.13665981581438,71.6456071507993,69.14519323331967,66.64123186807475,64.13954504638363,61.64596895867052
54.651013127239764,56.71962257707165,58.72906984131936,60.69905186639696,62.649319346020334,64.59965226438311,66.5698470124605,68.57970941168423,70.64905083913291,72.77786550922103,74.88686720287276,76.87694986815907,78.64900828213504,80.14572052235161,81.47689556895261,82.79412545994929,84.2490024745124,85.92698573958168,87.64900127599758,89.19542936684158,90.44900079650287,91.31030315613128,91.64900066865549,91.35736248384676,90.44900079650287,88.98304677696778,87.07936439256156,84.87300087392816,82.49900356998612,80.07087934318447,77.61597277614237,75.14008846114662,72.64903217590657,70.14861180213774,67.64463893325257,65.14293166059889,62.649319346020334
55.654031270470384,57.722798048370095,59.73234082467786,61.702382048774865,63.6526868409739,65.60304357358999,67.57325364253958,69.58312592928584,71.65247372504507,73.78129243772815,75.89029658964049,77.88038070037238,79.6524399474865,81.14915266973657,82.480328025603,83.79755814218045,85.2524353379722,86.93041874899495,88.6524343867103,90.19886253991749,91.45243400613508,92.31373638541655,92.65243390466254,92.3607957140976,91.45243400613508,89.98647994273624,88.0827974740987,85.87643379833956,83.50243620745042,81.07431147020631,78.61940399745814,76.1435180706257,73.65245891200351,71.15203341385018,68.64805141444234,66.14632790960437,63.6526868409739
56.6571350359643,58.72602670259113,60.73564529344958,62.705733506415356,64.65606791465868,66.60644354908105,68.57666577838751,70.58654591293605,72.65589876325518,74.78472068455912,76.89372678759835,78.8838120455827,80.65587195395956,82.1525850588001,83.48376066013073,84.80099095575184,86.25586829538493,87.93385182225101,89.65586754036781,91.20229574307271,92.45586723830506,93.31716963318516,93.65586715776627,93.36422896263261,92.45586723830506,90.98991314009152,89.08623060459956,86.8798668041296,84.50586898549031,82.07774384310761,79.62283565149957,77.14694844534998,74.65588700611801,72.15545744072261,69.65146819436546,67.14973180588024,64.65606791465868
57.660306770346295,59.72929757215776,61.738976341209565,63.70910185088812,65.65945976605234,67.60985040311347,69.58008228421025,71.589968647608,73.65932550975187,75.78814997774691,77.89715762939919,79.88724379795939,81.65930423118118,83.15601763968411,84.48719343583991,85.80442387356808,87.25930132736814,88.93728494617916,90.6593007281106,92.20572897010186,93.45930048836324,94.32060289562399,94.65930042443955,94.36766222567975,93.45930048836324,91.99334636251723,90.08966377396291,87.88329987450992,85.50930187510518,83.08117641116365,80.62626764899588,78.15037942745059,75.6593161780944,73.15888338451717,70.65488838622184,68.15314177188193,65.65945976605234
58.76353245825659,60.832601950606744,62.84232848573343,64.81248359885495,66.76286017188478,68.71326271671522,70.68350225851151,72.69339356577814,74.76275361212072,76.89158010143021,79.00058898221917,80.99067587350447,82.7627367232962,84.25945037281623,85.59062632360488,86.90785687412352,88.36273441853797,90.04071811032574,91.76273394290695,93.30916221607977,94.56273375261932,95.42403616970661,95.76273370188306,95.47109550024514,94.56273375261932,93.09677960484144,91.19309697417145,88.98673299615555,86.61273485327717,84.18460913411421,81.72969991909262,79.25381089162669,76.76274620557197,74.26231084977907,71.75831128614804,69.25655655548077,66.76286017188478
59.766800973260374,61.835932926673706,63.845697375404214,65.8158759854381,67.76626736748403,69.7166793636225,71.68692498576317,73.69682021699872,75.76618279064854,77.89501088427924,80.00402074063561,81.99410820554863,83.76616938597226,85.26288322678774,86.5940593003086,87.91128994034914,89.36616755668426,91.04415130639374,92.76616717917565,94.31259547709736,95.56616702814426,96.42746945303088,96.76616698787487,96.4745287839526,95.56616702814426,94.10021286295904,92.19653019886184,89.99016615849051,87.61616790173703,85.1880419800046,82.73313240555261,80.25724273842663,77.76617691206238,75.26573952263365,72.76173633548112,70.25997516284204,67.76626736748403
60.87010348276526,62.939285014292366,64.94907955610655,66.91927681605792,68.86967995219051,70.8200994499034,72.79034989804374,74.80024824374661,76.86961282332605,78.99844219030905,81.10745282097447,83.09754074117632,84.86960218402275,86.36631617666959,87.69749234760309,89.01472305869719,90.46960073211582,92.14758452779776,93.86960043248703,95.4160287500519,96.66960031261334,97.53090274369026,97.8696002806515,97.57796207491614,96.66960031261334,95.20364613361188,93.29996344298348,91.0935993531206,88.71960100598437,86.29147492347245,83.8365650637403,81.36067488891553,78.86960815748624,76.36916915395729,73.86516309080616,71.36339680514637,68.86967995219051
61.97343297537077,64.04265385879597,66.05247228615943,68.02268434881574,69.9730968142756,71.92352226603384,73.8937765445898,75.903677362254,77.97304353394364,80.10187391158811,82.21088515682348,84.20097343838844,85.97303508952007,87.4697492026755,88.80092545092549,90.11815621841485,91.5730339371407,93.25101776931103,94.97303369932516,96.51946203248082,97.77303360418134,98.63433604017153,98.97303357881322,98.68139537163881,97.77303360418134,96.30707941421394,94.40339670252771,92.19703257338338,89.82303415451031,87.3949079443876,84.93999785822837,82.46410728044268,79.9730398306623,77.47259954601964,74.96859120018206,72.46682085629979,69.9730968142756
63.07678388551514,65.14603600364812,67.15587338939591,69.12609720112798,71.0765170713444,73.02694724885788,74.9972045676275,77.00710734729311,79.07647478264323,81.20530596245098,83.31431769547106,85.30440626385024,87.07646808029796,88.57318228910118,89.90435859871727,91.2215894109676,92.67646716565379,94.35445102678497,96.07646697689947,97.62289532242957,98.8764669013838,99.73776934127365,100.07646688124909,99.7848286729325,98.8764669013838,97.41051270271271,95.50682997431288,93.30046581399083,90.92646733818017,88.4983410267727,86.04343076089816,83.56753986328206,81.07647184334574,78.5760305418815,76.07202038427144,73.57024681936622,71.0765170713444
64.18015179542519,66.24942870524606,68.2592811385326,70.22951427561372,72.17994002303001,74.13037395139446,76.10063368319007,78.11053802010002,80.17990645841923,82.30873827490484,84.41775039508005,86.4078391911039,88.17990113876311,89.67661542348203,91.00779178180447,92.32502262958158,93.77990041280954,95.45788429692695,97.17990026299515,98.72632861834681,99.97990020305828,100.8412026460433,101.17990018707737,100.88826197785424,99.97990020305828,98.51394599747908,96.61026325581366,94.40389907074584,92.02990054974381,89.60177415794658,87.14686374943186,84.67097259796614,82.17990412549656,79.67946201697985,77.17545042136314,74.67367429992422,72.17994002303001
65.38353319847008,67.45282978589752,69.4626941625867,71.43293470126619,73.38336511344477,75.33380201887203,77.30406366589193,79.31396923878924,81.38333847316629,83.5121707949837,85.62118322244429,87.61127219914982,89.38333425095169,90.88004859592495,92.21122499290564,93.52845586888037,94.98333367476192,96.66131757712355,98.38333355585416,99.92976191900124,101.18333350828225,102.0446359537239,102.38333349559818,102.09169528565555,101.18333350828225,99.71737929722009,97.81369654502572,95.60733234031719,93.23333378344674,90.80520732784407,88.35029680611578,85.87440545316949,83.38333662152388,80.88289387244886,78.37888113548428,75.8771029849194,73.38336511344477
66.78692531128267,68.85623751710821,70.86611137338521,72.83635778675746,74.78679190137643,76.73723116970666,78.70749433684374,80.71740089074602,82.786770756955,84.91560347985471,87.02461615120791,89.01470527132065,90.7867674057806,92.28348179857775,93.61465822624152,94.93188912459672,96.38676694845844,98.0647508653005,99.78676685408129,101.3331952234156,102.58676681632346,103.44806926371493,103.78676680625608,103.49512859574236,102.58676681632346,101.12081260090946,99.2171298403583,97.01076562006091,94.63676703472166,92.2086405284766,89.75372991689059,87.27783840402901,84.78676928730516,82.28632602981841,79.78231238696466,77.28053262587905,74.78679190137643
67.91893449179685,70.00501711903479,72.04056249367893,74.04505169436601,76.03749673099314,78.03582334168709,80.05629863348163,82.1132009626194,84.21901659704525,86.36869439875397,88.49141207592089,90.50148895974529,92.31537638621955,93.89083752048262,95.33396859237983,96.78105757201875,98.35651879774798,100.11684204200657,101.8923365937089,103.49503866350031,104.86989722212299,105.95884066177682,106.45971163187278,106.05566794438354,104.86989722212299,103.12204172947632,100.98364334476815,98.6015523815668,96.10925963542229,93.61129782300364,91.11761282893413,88.62111609189719,86.11879079453564,83.60930379448956,81.0920766558788,78.56742064356573,76.03749673099314
66.30176021917458,68.37105173161298,70.38091302802542,72.35115165779048,74.3015808669015,76.2520170045286,78.22227815760226,80.23218341173217,82.30155244080186,84.43038463229166,86.5393969805018,88.52948591060866,90.30154793555161,91.79826226498497,93.1294386519955,94.44666952069794,95.90154732073701,97.57953121839336,99.30154719385827,100.84797555499489,102.10154714309738,102.96284958790544,103.30154712956303,103.00990891980595,102.10154714309738,100.6355929334493,98.7319101839704,96.52554598432731,94.15154743670752,91.72342099756057,89.26851050503062,86.79261920404716,84.30155046503484,81.80110788116303,79.29709543855782,76.79531781131496,74.3015808669015
65.19501877058052,67.26426283303516,69.27409532928652,71.24431611085993,73.19473407134737,75.14516303006283,77.11541956474532,79.12532183840065,81.19468894784629,83.3235199207721,85.43253152799005,87.4226200223984,89.19468179621028,90.69139598034546,92.02257227413494,93.33980307484119,94.79468082025303,96.47266467391506,98.19468061884558,99.74110896118424,100.99468053826769,101.8559829771518,102.19468051678327,101.90304230876126,100.99468053826769,99.52872634184135,97.62504361775203,95.41867946547087,93.04468100434471,90.61655471905907,88.16164449953402,85.68575368440376,83.19468581151352,80.69424477229269,78.19023508194803,75.68846234776143,73.19473407134737
64.57325054835643,66.64951007885283,68.67001629342252,70.65448695982664,72.62245381079374,74.59299465599072,76.58447133374449,78.6143599875376,80.69931153239159,82.83708990996598,84.95199739021726,86.95070220728341,88.7408656326885,90.27192867768986,91.65254403314223,93.02801283402468,94.53783026474936,96.25380677743578,98.00070649774227,99.57349615863527,100.88450214177313,101.85588401657864,102.27482159095089,101.92740650359562,100.88450214177313,99.28635425171505,97.27607402947291,94.9919562741324,92.56660213613361,90.1085287346454,87.6371093452639,85.15247902204074,82.65664572781027,80.15237924368068,77.64278751204591,75.13137359131858,72.62245381079374
46.516655002691024,48.58117354403613,50.58813531130099,52.55657606675838,54.50587180698187,56.45558440759034,58.42538002631993,60.434984822046886,62.504160325004776,64.63286966303491,66.74180730404336,68.73185230622062,70.50388901146181,72.00058869147986,73.33175567962738,74.64897969271064,76.10385198502853,77.78183144700938,79.50384434387757,81.05027080973076,82.30384128684801,83.16514313437862,83.50384047175376,83.21220243693382,82.30384128684801,80.83788841026674,78.9342082206658,76.72784879623796,74.35385896922946,71.92574804290894,69.47086507553658,66.99502275928265,64.5040413431348,62.00375448744269,59.50001950775014,56.99873511956227,54.50587180698187
47.51744725727623,49.582965225838045,51.59053455860864,53.559352200581486,55.50888561208994,57.45874995310572,59.428643214404815,61.43831103357029,63.50752713192857,65.63626224130756,67.74521555415762,69.73526977149714,71.50731178831649,73.00401454150645,74.33518350136305,75.6524089526316,77.10728240037139,78.78526279287888,80.5072763355829,82.05370319903366,83.30727390921638,84.16857588204549,84.50727326227553,84.21563519075681,83.30727390921638,81.84132075298078,79.93764002636195,77.73127960017763,75.35728794373998,72.92917376311152,70.47428502148597,67.99843242924138,65.50743269477636,63.00711317163652,60.50331999022353,58.00193214551069,55.50888561208994
48.518783218162525,50.58509513464209,52.59314695903744,54.562263840537625,56.511985933820156,58.461970728372336,60.43194149563894,62.44165933940465,64.51090765950885,66.63966322407403,68.74862897584208,70.73869050732253,72.51073673996717,74.00744193234442,75.33861245715174,76.65583904991098,78.11071341471106,79.78869454577875,81.51070860108337,83.05713578010767,84.31070667527464,85.17200874755325,85.5107061617973,85.21906806115072,84.31070667527464,82.84475329707716,80.94107214422675,78.73471092294713,76.36071781448854,73.9326010509078,71.4777077262346,69.00184697786844,66.51083270394844,64.01048725201382,61.506647873885456,59.00517790941464,56.511985933820156
49.5205511415957,51.587493657732495,53.595928604036146,55.565283057970134,57.51515493451106,59.46523534386989,61.435267632079444,63.44502518220099,65.51429907744966,67.6430708775923,69.75204650224259,71.7421138389995,73.51416341776141,75.01087054612856,76.34204231304074,77.65926981180314,79.1141449044753,80.79212662173913,82.51414108389531,84.06056851339056,85.31413955537965,86.17544170659143,86.51413914783241,86.22250102406701,85.31413955537965,83.84818600101087,81.94450450986008,79.7381426575125,77.36414839658282,74.93602958290751,72.48113262065448,70.00526539873107,67.51423958471389,65.01387355268788,62.5099975069553,60.00846236004561,57.51515493451106
50.52266218048567,52.590105483104026,54.59884461939777,56.56838767620469,58.51837845245363,60.46853475812148,62.43861587831783,64.44840494453163,66.51769913924443,68.64648382575322,70.75546728658242,72.74553923101482,74.5175914656009,76.01430013056786,77.34547288334099,78.66270110119947,80.11757677158458,81.79555895411285,83.5175737391875,85.06400136748175,86.31757252600369,87.17887473986474,87.51757220253319,87.2259340604184,86.31757252600369,84.85161883180763,82.94793707214754,80.74157471892072,78.36757954327332,75.93945910243433,73.48455925302439,71.00868689301045,68.51765191953388,66.01726955283071,63.513364403215846,61.0117775184855,58.51837845245363
51.52504571839124,53.592886671524624,55.601867310337155,57.571560087499364,59.521645245004436,61.47186179388848,63.44198167381117,65.4517957550801,67.52110606177709,69.64990097631474,71.75889065676554,73.74896625832787,75.52102060084869,77.01773048541803,78.34890402067055,79.66613280927653,81.12100893819306,82.79899149000215,84.52100653137745,86.06743431745858,87.32100556847271,88.18230783205854,88.521005311734,88.22936715505527,87.32100556847271,85.85505176329565,83.95136979051955,81.74500703974445,79.3710111380846,76.94288940576331,74.48798726481047,72.01211082667581,69.52106858328222,67.02067325158112,64.51674500170469,62.01511705107356,59.521645245004436
52.52764564489206,54.59580232440237,56.604974685965516,58.57478631273361,60.52494638730394,62.47521075395426,64.44536139859632,66.4551953347788,68.5245184297481,70.65332146234897,72.76231607934335,74.75239458358135,76.52445059917471,78.02116145174452,79.352335608052,80.66956484966096,82.1244413425143,83.8024241874219,85.52443943222318,87.0708673435399,88.32443866796513,89.18574097101755,89.52443846419149,89.23280029595334,88.32443866796513,86.85848477470238,84.95480263277597,82.74843956646647,80.37444308856985,77.94632033119741,75.49141637144261,73.01553669649152,70.52448868292998,68.02408306080488,65.5201364759269,63.01847593028258,60.52494638730394
53.630417385944426,55.69882472757661,57.70814928610102,59.67805525424821,61.62827479469884,63.57857711603258,65.54875217934423,67.55860187466627,69.62793511980863,71.75674459576557,73.8657431309139,75.85582393901325,77.62788128252748,79.12459290340065,80.4557675526402,81.77299715379804,83.22787393550838,84.90585701304849,86.62787241930914,88.17430043002543,89.4278718127171,90.28917414709414,90.62787165098183,90.33623347356897,89.4278718127171,87.96191784954064,86.05823557335951,83.85187225661014,81.47787532135388,79.04975175039718,76.59484634705635,74.11896410303619,71.62791150966973,69.12749771996772,66.623536582393,64.12185016544831,61.62827479469884
54.63332553840641,56.7019318747669,58.71137724880582,60.68135810229798,62.6316248434739,64.58195729052903,66.55215173538984,68.56201393892826,70.63135524034058,72.76016983042086,74.86917147542067,76.85925411209985,78.63131250958699,80.1280247402635,81.45919978074375,82.7764296672759,84.23130667825228,85.90928994043296,87.63130547484401,89.17773356445377,90.43130499339156,91.29260735263102,91.63130486502219,91.33966668032738,90.43130499339156,88.9653509747246,87.0616685919854,84.85530507646173,82.48130777819874,80.05318356149937,77.59827701238231,75.12239272928679,72.63133650091446,70.13091622856334,67.62694354038182,65.12523658898101,62.6316248434739
55.63634198721449,57.705106293566544,59.714647569469165,61.68468786362121,63.634992069691265,65.58534842822093,67.55555825650356,69.5654303879327,71.63477808365619,73.76359673283676,75.87260084613393,77.86268493416031,79.63474416818721,81.13145688286534,82.4626322338737,83.77986234690766,85.23473953985265,86.91272294858268,88.63473858470681,90.18116673693439,91.4347382025777,92.29604058155047,92.6347381006909,92.34309991021635,91.4347382025777,89.9687841398679,88.06510167255351,85.85873799926254,83.48474041288085,81.05661568365494,78.6017082251339,76.12582232362072,73.63476321013458,71.13433779247687,68.63035593649471,66.12863268663872,63.634992069691265
56.639444407613254,58.708334112329595,60.71795151222403,62.688038987056146,64.63837293007417,66.58874826757808,68.55897030586465,70.56885031713693,72.63820308805722,74.76702495895906,76.87603103134936,78.86611627131231,80.63817616930181,82.1348892681325,83.4660648656073,84.78329515841591,86.23817249578951,87.91615602083593,89.63817173768973,91.1845999396171,92.4381714343937,93.29947382902876,93.63817135352603,93.34653315846417,92.4381714343937,90.972217336727,89.06853480228523,86.86217100377425,84.48817318871255,82.0600480526939,79.60513987237795,77.12925268632429,74.63819128291688,72.13776178141111,69.63377264889168,67.13203646278794,64.63837293007417
57.64261507424686,59.711604318736605,61.7212821424619,63.69140706626078,65.64176461216638,67.59215501355948,69.56238674304214,71.57227300859483,73.64162980771958,75.77045423571033,77.87946186303651,79.86954801729308,81.64160844227042,83.13832184600332,84.46949763909873,85.78672807459466,87.24160552660136,88.91958914396808,90.64160492489711,92.18803316627124,93.44160468417087,94.30290709123713,94.64160461998618,94.34996642128334,93.44160468417087,91.97565055875896,90.07196797103813,87.86560407313996,85.49160607657475,83.06348061768439,80.60857186447913,78.13268365888403,75.64162043796185,73.141187695094,70.63719278715215,68.1354463334439,65.64176461216638
58.74583991459299,60.81490817080005,62.82463395558423,64.7947886036785,66.74516488362185,68.69556724140013,70.66580666285927,72.67569789246582,74.74505788878989,76.87388434634795,78.98289320782922,80.97298008776175,82.74504093100984,84.24175457674389,85.57293052510349,86.89016107385041,88.34503861684146,90.0230223074829,91.74503813926847,93.2914664119515,94.54503794820394,95.40634036513686,95.7450378972605,95.4533996956678,94.54503794820394,93.07908380077055,91.17540117076214,88.96903719398028,86.59503905335568,84.16691333820181,81.7120041302938,79.23611511548754,76.74505045200095,74.24461513645618,71.74061564453902,69.23886104136601,66.74516488362185
59.74910775682682,61.818238729052254,63.828002582212605,65.79818082314513,67.74857197256456,69.69898382023817,71.66922934686656,73.67912451646305,75.74848705041308,77.87731511884257,79.98632495987444,81.97641241577672,83.74847359100667,85.24518742881722,86.57636350041015,87.89359413904447,89.34847175424984,91.02645550304945,92.7484713751999,94.29489967273283,95.54847122355187,96.40977364831596,96.74847118311804,96.45683297923168,95.54847122355187,94.08251705864006,92.17883439506795,89.9724703556761,87.59847210071142,85.17034618216103,82.71543661335511,80.23954695627708,77.74848114782517,75.24804379034148,72.74404066010845,70.24227958866217,67.74857197256456
60.85240973231741,62.92159048503707,64.93138455413246,66.90158152112225,68.85198447261679,70.8024038524921,72.77265422482398,74.78255252160369,76.85191706967332,78.98074641665406,81.08975703515642,83.07984494820646,84.85190638693068,86.34862037719247,87.67979654659577,88.99702725657374,90.4519049290957,92.12988872405549,93.85190462824355,95.39833294549986,96.65190450788043,97.51320693886012,97.85190447578807,97.56026627008123,96.65190450788043,95.185950329096,93.28226763888435,91.07590354979891,88.70190520408245,86.27377912409608,83.8188692688452,81.34297910199552,78.8519123847833,76.35147340660916,73.84746738863515,71.3457011832925,68.85198447261679
61.95573880105253,64.02495906631387,66.03477711847106,68.00498894860004,69.95540126751118,71.90582662574108,73.87608084412756,75.88598162296135,77.95534776964159,80.08417813141028,82.19318936699179,84.18327764288037,85.95533929074016,87.4520534020026,88.78322964903805,90.10046041564155,91.55533813365571,93.23332196525287,94.9553378948692,96.50176622777994,97.75533779933693,98.61664023524995,98.95533777386521,98.6636995667134,97.75533779933693,96.28938360954179,94.38570089818633,92.17933676965902,89.80533835191284,87.37721214379465,84.92230206119223,82.44641148973639,79.95534405124008,77.45490378672157,74.9508954767412,72.44912519660687,69.95540126751118
63.059089374756326,65.12834100223719,67.13817809017786,69.10840171735062,71.05882147125033,73.00925157452994,74.97950884554288,76.98941159438871,79.05877900988884,81.18761017709593,83.29662190245375,85.28671046632758,87.05877228017843,88.5554864874792,89.88666279613135,91.20389360767852,92.65877136179984,94.33675522247611,96.05877117227487,97.60519951761057,98.85877109645087,99.72007353627946,100.05877107623394,99.76713286793529,98.85877109645087,97.3928168979165,95.48913416977922,93.28277000994689,90.90877153503067,88.48064522521419,86.02573496216267,83.54984406957058,81.05877605859044,78.55833477309875,76.05432464394863,73.5525511296403,71.05882147125033
64.16245701762419,66.2317335380047,68.24158573491795,70.21181872551284,72.16224438060794,74.1126782500527,76.0829379439437,78.09284225639195,80.1622106789562,82.29104248544063,84.40005459953431,86.39014339198226,88.16220533758035,89.65891962110676,90.9900959786641,92.30732682588314,93.76220460866276,95.4401884924191,97.16220445823667,98.70863281343406,99.9622043980551,100.82350684099151,101.16220438200895,100.87056617280005,99.9622043980551,98.49625019258443,96.59256745112737,94.38620326644826,92.01220474615613,89.58407835562167,87.12916794934759,84.65327680186942,82.16220833650839,79.66176624066912,77.15775466764109,74.65597858636104,72.16224438060794
65.36583820871182,67.43513448703423,69.44499867611155,71.41523909852394,73.36566943742679,75.31610629608933,77.28636791302424,79.2962734665063,81.36564268837857,83.49447500225806,85.60348742489171,87.59357639875907,89.36563844892501,90.86235279295178,92.19352918932518,93.510760064857,94.96563787038272,96.64362177245775,98.36563775098945,99.91206611401408,101.16563770322331,102.02694014862638,102.36563769048746,102.07399948055613,101.16563770322331,99.69968349224729,97.79600074021832,95.58963653581829,93.21563797951129,90.78751152491091,88.33260100496099,85.85670965517961,83.36564082917606,80.86519809016312,78.36118537112722,75.85940725243653,73.36566943742679
66.76923015329021,68.83854211377513,70.84841582114308,72.81866214223353,74.76909619869329,76.7195354299062,78.68979857316478,80.69970511165714,82.76907496794108,84.89790768454046,87.00692035206252,88.9970094699226,90.7690716030841,92.26578599513005,93.5969624223118,94.91419332031543,96.36907114389476,98.04705506050934,99.76907104913226,101.31549941836938,102.56907101122026,103.4303734585811,103.7690710011118,103.47743279060705,102.56907101122026,101.10311679587463,99.19943403545474,96.9930698154022,94.61907123051017,92.1909447250606,89.73603411488614,87.26014260453654,84.76907349229079,82.26863024279034,79.76461661416661,77.26283687837957,74.76909619869329
67.88658635182885,69.97275270233854,72.00842588785147,74.01308452579141,76.00573567876063,78.00429484173522,80.02501124209722,82.08213672033679,84.18812374931244,86.3378989314353,88.46068037825331,90.4708499076331,92.28492982247045,93.86074835181942,95.30437645869851,96.752026066148,98.32799301826425,100.08865358060692,101.86436380229922,103.46728995373937,104.84262167807086,105.93241816388402,106.43387005201988,106.02942604009372,104.84262167807086,103.09364566079047,100.95425694746096,98.57138855232589,96.0785543811265,93.58026591289607,91.08639726063059,88.58980225479067,86.08742308081051,83.57789269717225,81.06060201194269,78.53583552322479,76.00573567876063
66.26833075161161,68.33762163981154,70.34748255734056,72.31772095230318,74.26815001343306,76.21858605661825,78.18884714893494,80.19875236385542,82.26812136767164,84.3969535431307,86.50596588159281,88.49605480596787,90.26811682760709,91.76483115512897,93.09600754091313,94.41323840872104,95.86811620804149,97.5461001051191,99.2681160801823,100.81454444107163,102.06811602902916,102.9294184737593,103.26811601539023,102.97647780565597,102.06811602902916,100.60216181955502,98.69847907041013,96.4921148713901,94.11811632490816,91.68998988778533,89.23507939884688,86.759188104255,84.26811937663689,81.76767681308561,79.26366440668758,76.761886843815,74.26815001343306
65.1615902703553,67.23083334193961,69.24066523676865,71.21088564562328,73.16130337120808,75.1117321800075,77.08198861824478,79.0918908296592,81.16125789901753,83.29008884649616,85.39910043824005,87.3891889235498,89.16125069211729,90.65796487321822,91.98914116506096,93.30637196434724,94.76124970861832,96.43923356136162,98.16124950565451,99.70767784760059,100.96124942445394,101.82255186321434,102.16124940280349,101.86961119481772,100.96124942445394,99.49529522830372,97.5916125047446,95.38524835345245,93.01124989413256,90.58312361206,88.12821339823607,85.65232259325188,83.16125473844878,80.66081373148472,78.15680409861523,75.65503146660971,73.16130337120808
64.54026531437005,66.61656040565772,68.63712121930502,70.6216648550921,72.58972138790044,74.56036464523154,76.55194890386161,78.58193842058878,80.66696829614246,82.80479151626125,84.91972849555867,86.91847635943165,88.70872994984657,90.23996305745155,91.62082082856914,92.99657165510456,94.50665167818188,96.2228078400228,97.96982437092896,99.54273704724002,100.85400846554234,101.82588932504854,102.24518270111847,101.89752098751032,100.85400846554234,99.25524431222848,97.2444532411217,94.95995483867986,92.53434550508945,90.0761218865015,87.60461924217208,85.11994472177706,82.62408729855836,80.11980143725873,77.6101814067774,75.09871852471724,72.58972138790044
46.46683115107714,48.53129365605295,50.53822135138425,52.5066409687268,54.45592337788611,56.405627466919896,58.37541760841877,60.385018868795726,62.45419209449361,64.58289998682952,66.69183674869092,68.68188123392147,70.45391764119637,71.95061714881695,73.28178402635632,74.59900795876081,76.05388018626226,77.73185959604274,79.45387245668104,81.00029890022995,82.25386936427273,83.11517120477444,83.45386853974549,83.16223050698427,82.25386936427273,80.78791650337945,78.88423634390395,76.67787697567232,74.30388725129049,71.87577650752883,69.4208938640779,66.94505212428069,64.45407173573989,61.95378671259007,59.450054997797096,56.94877641302057,54.45592337788611
47.46759292256321,49.533066370895014,51.540608643991305,53.50940950205869,55.458932330055774,57.4087899143549,59.37867882793219,61.388343840908334,63.45755813173146,65.58629209363369,67.69524470869365,69.68529851572839,71.45734029605026,72.95404291240773,74.28521178447431,75.60243717170795,77.0573105680028,78.7352909190788,80.45730443302713,82.00373127877492,83.25730197858044,84.1186039458307,84.45730132415264,84.16566325426791,83.25730197858044,81.7913488347964,79.88766813208815,77.68130775050685,75.30731617552416,72.8792021397932,70.42431365526551,67.94846152055882,65.45746260171845,62.957144533107666,60.45335394317169,57.951970705023285,55.458932330055774
48.468904662433104,50.535181215342064,52.54321155189086,54.51231510785374,56.46202879933492,58.41200823039992,60.38197554659965,62.39169116297791,64.46093804839472,66.58969270218904,68.698657900114,70.6887191059329,72.4607651508685,73.95747023464132,75.28864068976951,76.60586723170411,78.06074155567228,79.73872265385573,81.46073668633692,83.00716385131037,84.26073473824093,85.1220368060916,85.46073421882119,85.16909611947153,84.26073473824093,82.79478136992626,80.89110023605372,78.68473905017555,76.31074600636788,73.88262935779261,71.42773623717889,68.95187585196332,66.46086222541282,63.96051792796342,61.45668060677019,58.95521429878008,56.46202879933492
49.47065334487333,51.537567775368096,53.5459856600942,55.51532953493141,57.46519474191034,59.415270893839676,61.38530044276061,63.39505622493208,65.46432898143976,67.59310005869176,69.70207524375229,71.69214232202991,73.46419175180645,74.96089879397402,76.29207050558172,77.60929796400453,79.06417302426831,80.74215471543187,82.4641691594731,84.01059657781619,85.26416761326807,86.12546976096536,86.4641672010043,86.17252907826827,85.26416761326807,83.7982140667433,81.89453259065522,79.68817076640582,77.31417655678968,74.88605783439439,72.431161034104,69.95529410041493,67.4642688002202,64.96390368452529,62.46002927143263,59.9584970268299,57.46519474191034
50.472749101606816,52.54017010156636,54.54889569187773,56.51843035040467,58.468415832358545,60.41856875863337,62.38864770454465,64.39843536749049,66.46772865836579,68.59651277110876,70.70549588303268,72.69556762230897,74.46761973864491,75.96432833519509,77.29550104407295,78.61272922991384,80.0676048745764,81.74558703638888,83.46760180708566,85.01402942652842,86.26760057986178,87.12890279093335,87.46760025264777,87.17596211134997,86.26760057986178,84.8016468918915,82.89796514418671,80.69160281326143,78.31760767834166,75.88948730995176,73.43458758909195,70.95871545785076,68.46768089219842,65.96729925279757,63.46339539904099,60.961810817971696,58.468415832358545
51.47512050339167,53.54294374791465,55.551913632627304,57.52159974303356,59.47168069803786,61.42189456452641,63.39201271864843,65.40182568611444,67.47113527542369,69.59992973455866,71.70891913808146,73.69899457681065,75.47104882547607,76.96775865574284,78.29893215615564,79.61616091934923,81.07103702784974,82.74901956321669,84.47103459318026,86.01746237223597,87.27103361913191,88.13233588050375,88.47103335942197,88.17939520339169,87.27103361913191,85.80507981889623,83.90139785560908,81.69503512253473,79.32103925320042,76.89291757838213,74.43801553945977,71.96213928290275,69.47109736320144,66.97070260876677,64.46677538743333,61.96514926528124,59.47168069803786
52.47771079324525,54.54585341302368,56.55501723738436,58.52482357209148,60.47498031087264,62.42524254839748,64.39539182322689,66.40522487536552,68.47454740093659,70.60335007208127,72.7123444692767,74.70242284427357,76.47447878537375,77.97118959484351,79.30236372349864,80.61959294493775,82.07446942158688,83.75245225344432,85.47446748918814,87.02089539492877,88.2744667160854,89.13576901738055,89.47446650995347,89.18282834223004,88.2744667160854,86.80851282674462,84.90483069234958,82.69846764008918,80.32447118784937,77.89634847611711,75.44144459734412,72.96556506651169,70.47451730986609,67.97411214592154,65.47016637741106,62.96850728307058,60.47498031087264
53.58047488303707,55.6488710626806,57.658188844172,59.628090611596036,61.57830750426393,63.5286081356424,65.49878211170545,67.50863110535016,69.5779638985563,71.70677308762349,73.81577144831664,75.80585215383698,77.57790943822582,79.07462102489043,80.40579565218229,81.7230252373313,83.17790200618035,84.85588507336254,86.57790047243425,88.12432847872479,89.37789985882218,90.23920219180451,90.57789969521515,90.2862615182108,89.37789985882218,87.9119458987586,86.00826362855514,83.80190032295653,81.42790340806411,78.99977987333205,76.5448745342666,74.06899240463375,71.57794001518239,69.077526589141,66.57356609952537,64.07188083450589,61.57830750426393
54.583376961020264,56.65197443635762,58.66141443079971,60.63139194991635,62.58165658944171,64.53198769513608,66.50218127702972,68.51204292363937,70.58138386634681,72.71019822872145,74.81919973525564,76.80928229051766,78.58134064107686,80.07805284460204,81.40922786766237,82.7264577414883,84.18133474225667,85.85931799621626,87.58133352492145,89.12776161101849,90.38133303789719,91.24263539602964,91.58133290804219,91.28969472367163,90.38133303789719,88.91537902170093,87.01169664370622,84.8053331370329,82.43133585493271,80.0032116669849,77.54830516888327,75.07242097657716,72.58136491005286,70.08094492634089,67.57697275244973,65.07526671534812,62.58165658944171
55.586388587459396,57.655145859711936,59.66468286540852,61.634720512901595,63.585023050824944,65.53537834468915,67.50558748802337,69.51545917741339,71.58480658843084,73.71362505688057,75.82262906027725,77.81271308368272,79.58477228046286,81.0814849735909,82.41266031077308,83.7298904137221,85.18476759856497,86.86275100076996,88.58476663236533,90.13119478180485,91.38476624581389,92.24606862390802,92.58476614274792,92.29312795253077,91.38476624581389,89.91881218506506,88.01512972151636,85.80876605524995,83.43476848169666,81.00664377529088,78.55173635726086,76.0758505278074,73.58479154278041,71.08436635421671,68.58038490643018,66.07866238226372,63.585023050824944
56.58948717967846,58.65837130073274,60.66798531109953,62.6380706851741,64.58840330414192,66.53877779660348,68.50899929123923,70.51887895166203,72.58823149660984,74.71705322406507,76.82605920922714,78.81614439790036,80.58820426632707,82.08491734805344,83.41609293455437,84.73332321935858,86.18820055030154,87.86618407016897,89.58819978342831,91.1346279831428,92.38819947662225,93.24950187055995,93.58819939481873,93.2965611999611,92.38819947662225,90.92224538051201,89.01856284905907,86.81219905612349,84.4382012512437,82.0100761333374,79.55516798515922,77.07928085629945,74.58821955485033,72.08779023517724,69.58380142664481,67.08206581652738,64.58840330414192
57.59265480746615,59.66163961976338,61.671314753053196,63.641438009414856,65.59179450439508,67.54218423506703,69.51241553304942,71.52230152013092,73.59165813990046,75.7204824540373,77.82949001213026,79.81957612567811,81.59163652719145,83.08834991734867,84.4195257017341,85.7367561308769,87.19163357777958,88.86961719103576,90.59163296911186,92.13806120872962,93.39163272559972,94.25293513211247,94.59163266067222,94.29999446213148,93.39163272559972,91.92567860142313,90.02199601607455,87.81563212260158,85.44163413411779,83.01350868960321,80.55859996190571,78.08271180170547,75.59164866170777,73.091216063161,70.58722141236902,68.08547541582529,65.59179450439508
58.69587723561547,60.76494197371369,62.77466562299347,64.74481894760108,66.69519439340804,68.64559621882792,70.61583529780233,72.62572630638502,74.69508616035434,76.82391252754628,78.9329213340771,80.92300818169903,82.6950690063237,84.19178264128271,85.52295858272925,86.84018912643367,88.29506666537367,89.97305035275258,91.69506618227376,93.24149445356278,94.49506598899804,95.35636840549165,95.69506593746505,95.40342773600102,94.49506598899804,93.02911184254518,91.1254292144196,88.91906524115004,86.54506710693963,84.11694140319581,81.66203221553334,79.186143236757,76.69507863750033,74.1946434365035,71.69064414868713,69.18888990836827,66.69519439340804
59.69914316312163,61.76827134284876,63.77803350099241,65.74821069144714,67.69860117880177,69.649012603938,71.61925785873439,73.6291528529034,75.69851527386611,77.82734327057187,79.93635306798947,81.92644049824682,83.69850165869535,85.19521548795373,86.52639155405976,87.8436221886918,89.29849980068187,90.97648354689201,92.69849941724522,94.24492771367171,95.49849926384218,96.35980168825759,96.69849922294043,96.40686101915617,95.49849926384218,94.03254509970861,92.12886243763091,89.92249840102674,87.54850015115304,85.12037424165881,82.66546468892176,80.18957506044077,77.69850930296823,75.19807203640144,72.69406906816378,70.19230828471657,67.69860117880177
60.80244361878741,62.87162215499039,64.88141487870874,66.85161101191753,68.80201343792437,70.75243248242893,72.72268263900645,74.73258079654889,76.80194525494024,78.93077454499375,81.03978512887942,83.02987302157503,84.80193444856722,86.29864843204116,87.62982459708948,88.94705530389089,90.40193297386085,92.07991676676536,93.80193266952696,95.34836098590509,96.60193254777087,97.46323497847382,97.80193251530713,97.51029430968131,96.60193254777087,95.13597836960412,93.2322956805786,91.02593159370574,88.65193325202998,86.22380717923153,83.76889733673454,81.29300719258237,78.80194051583246,76.30150160981924,73.79749572042137,71.2957297436647,68.80201343792437
61.905771481170945,63.97498998711296,65.98480697141761,67.95501813976398,69.90543004159115,71.85585513363543,73.82610918077691,75.83600984909768,77.90537592460012,80.03420624118559,82.14321744929178,84.13330570902505,85.90536734757315,87.40208145344808,88.733257697027,90.05048846110923,91.50536617709787,93.18335000706372,94.9053659355479,96.45179426776164,97.70536583891001,98.56666827460337,98.90536581314352,98.61372760605606,97.70536583891001,96.23941164960513,94.33572893919109,92.12936481241995,89.75536639788086,87.32724019546772,84.87233012298805,82.3964395695472,79.90537216316594,77.40493195592163,74.90092374799238,72.39915364928746,69.90543004159115
63.00912109735138,65.07837132841621,67.0882075687853,69.0584306706944,71.00885009355179,72.95927998555868,74.92953712065393,76.93943978178537,79.00880714079153,81.13763827213668,83.24664997568732,85.23673852673866,87.00880033319882,88.50551453622347,89.83669084213216,91.15392165167822,92.6087994041919,94.28678326357341,96.00879921247356,97.55522755725606,98.80879913577205,99.6701015754263,100.00879911532117,99.71716090707359,98.80879913577205,97.3428449376268,95.43916221023672,93.23279805179824,90.8587995794275,88.43067327413912,85.97576301912206,83.49987214082847,81.00880415533805,78.50836291530497,76.00435286715299,73.5025794968457,71.00885009355179
64.11248798020634,66.18176339222339,68.19161491640826,70.16184749009707,72.11227288244206,74.06270658419888,76.0329661702117,78.04287041304084,80.11223879076579,82.24107056878654,84.35008266557188,86.34017144784258,88.11223338757465,89.60894766770714,90.94012402308698,92.25735486871773,93.71223265022135,95.39021653295006,97.11223249805441,98.65866085281272,99.91223243717636,100.77353487997439,101.11223242094451,100.82059421177615,99.91223243717636,98.44627823201452,96.54259549115052,94.33623130757772,91.96223278930592,89.53410640236541,87.07919600246828,84.60330486633887,82.11223642120905,79.61179436145032,77.10778285271064,74.60600688572453,72.11227288244206
65.31586856805487,67.38516396665138,69.39502762177732,71.36526771328859,73.3156978436455,75.26613456921365,77.23639610052538,79.24630159875066,81.31567078503394,83.44450307632175,85.55351548521776,87.54360445100747,89.31566649651754,90.81238083785055,92.14355723249568,93.46078810676687,94.91566591127983,96.59364981253921,98.31566579050485,99.86209415318098,101.11566574218591,101.97696818747913,102.31566572930265,102.02402751940348,101.11566574218591,99.649711531455,97.74602877989673,95.53966457637478,93.16566602167134,90.73753956992346,88.28262905503495,85.80673771426105,83.31566890431505,80.81522619393925,78.3112135259291,75.80943549795371,73.3156978436455
66.71926003383167,68.78857129606686,70.7984445796332,72.76869063808563,74.71912452902174,76.66956365459728,78.63982672989664,80.64973322453159,82.71910305256851,84.84793575123688,86.95694840785535,88.94703751930419,90.71909964877034,92.21581403867819,93.54699046448823,94.86422136149133,96.31909918426683,97.99708310023402,99.71909908840765,101.26552745736815,102.5190990500569,103.38040149733058,103.71909903983143,103.42746082935221,102.5190990500569,101.0531448349058,99.14946207485951,96.9430978555039,94.56909927188462,92.1409727686991,89.68606216254187,87.21017065934151,84.71910155984064,82.21865833306953,79.71464474494498,77.21286508115884,74.71912452902174
67.7975496171337,69.88394694171501,71.91997269699756,73.92509867211209,75.91831823714733,77.91751859353329,79.93889964252789,81.99664013819138,84.10309946417206,86.2531429578228,88.3761000964431,90.38652485638649,92.20113499480684,93.77793776168289,95.22293415792367,96.67212641465582,98.24948430608285,100.01107228344077,101.78737532200535,103.3909172947499,104.76754898219177,105.85968776451124,106.36273375310422,105.95719129416246,104.76754898219177,103.0154936046199,100.87338084714135,98.48837237804315,95.99404695062377,93.49485843106136,91.00048362438024,88.50361776075134,86.00109007715716,83.49144010265152,80.97397423721327,78.44890317310217,75.91831823714733
66.17630941891689,68.24559856374789,70.25545842313338,72.22569616234085,74.17612481018969,76.12656058961797,78.0968215122528,80.10672661766932,82.17609555095777,84.30492768164629,86.41393999288405,88.40402890125137,90.17609091366393,91.67280523584752,93.0039816182067,94.3212124835164,95.77609028082982,97.45407417629103,99.17609015023243,100.72251851043109,101.97609009798377,102.83739254249626,103.17609008405276,102.88445187438225,101.97609009798377,100.51013588899542,98.60645314078334,96.40008894350339,94.02609040019928,91.59796396872936,89.14305348982123,86.6671622130798,84.17609351728338,81.6756510104832,79.17163870520437,76.66986132210494,74.17612481018969
65.06957163923292,67.13881194352322,69.14864215870404,71.11886152663182,73.06927859618168,75.01970698629628,76.9899631551817,78.99986519276996,81.06923215017264,83.19806302658256,85.30707457511053,87.29716303500958,89.06922478893068,90.56593896155758,91.8971152479635,93.21434604328414,94.66922378436922,96.34720763454673,98.06922357705879,99.61565191790856,100.86922349411924,101.73052593253416,102.06922347200515,101.77758526412056,100.86922349411924,99.40326929874013,97.49958657666177,95.29322242813191,92.91922397385645,90.49109770075734,88.03618750285551,85.5602967262071,83.06922892191773,80.56878800504035,78.06477853268723,75.56300618605258,73.06927859618168
64.44947042912433,66.52586368097215,68.5465752018075,70.5313202403235,72.49962428647405,74.4705501680424,76.4624312879761,78.49269910324469,80.57794509018932,82.71589202257073,84.83091038164675,86.82977699612681,88.62027930493161,90.15198147403484,91.53350774935447,92.91003613524052,94.42083996853589,96.13749122106302,97.88482962616482,99.45808123904008,100.77008387118154,101.74333886658722,102.16361171020887,101.81527110434527,100.77008387118154,99.16962179446489,97.15742255067926,94.87187447656706,92.44556122251517,89.98692317889264,87.51519082422374,85.03039435182912,82.53447034821025,80.03013101744828,77.52043289737335,75.00883490385446,72.49962428647405
46.43215809696186,48.49658122398104,50.503484975812086,52.47188973852552,54.42116277933037,56.370860886861976,58.34064717923083,60.35024595513222,62.41941758047844,64.54812445684743,66.65706060088473,68.6471047228288,70.41914092070662,71.91584030717411,73.24700710698312,74.56423098269026,76.01910316464165,77.69708253773811,79.4190953729157,80.96552180079017,82.21909225564485,83.0803940912069,83.4190914244885,83.12745339317404,82.21909225564485,80.75313940577632,78.84945926747164,76.64309993873212,74.26911028647162,71.84099967100403,69.3861172551903,66.91027592050048,64.41929625411461,61.91901251879051,59.41528309841516,56.914008591995525,54.42116277933037
47.43289844742874,49.498340610138285,51.50586386737082,53.474652930647224,55.42416832110396,57.374021157118506,59.34390701532641,61.35357005624515,63.422783076816756,65.55151623232527,67.66046835701036,69.65052187570168,71.42256348982397,72.91926601002174,74.25043482039354,75.56766016262631,77.02253352276801,78.70051384472785,80.42252733846797,81.96895417177498,83.22252486428786,84.08382682761751,84.42252420459853,84.13088613586211,83.22252486428786,81.7565717292542,79.85289104334925,77.64653069311288,75.27253917537305,72.8444252414694,70.38953693761837,67.91368512444842,65.4226867787916,62.92236973235663,60.418580963589505,57.91720096271453,55.42416832110396
48.43419316657446,50.5004448683128,52.50846010446074,54.47755429595206,56.42726208307354,58.377237744941766,60.34720263589605,62.35691668697078,64.42616256415577,66.55491657790222,68.66388138661168,70.65394236357051,72.42598827659273,73.92269328404333,75.25386369020418,76.57109019642152,78.02596449169488,79.70394556676882,81.42595958321075,82.9723867383099,84.22595761945232,85.0872596841912,85.42595709585649,85.13431899741823,84.22595761945232,82.76000425808283,80.85632313754707,78.64996197654742,76.27596897817348,73.84785241041881,71.3929594332088,68.91709930319884,66.42608613158998,63.92574264545962,61.42190676978471,58.9204430313963,56.42726208307354
49.43592832776446,51.50282302141311,53.511228916215316,55.48056535661378,57.43042587655577,59.380499036568665,61.35052666044683,63.3602812001853,65.4295531564384,67.55832372567605,69.66729860181302,71.65736549844317,73.42941482351962,74.92612180511003,76.25729347785226,77.57452090792623,79.0293959454149,80.70737761823639,82.42939204954725,83.9758194600531,85.22939049091092,86.0906926361384,86.4293900753326,86.13775195331996,85.22939049091092,83.76343694989853,81.85975548439589,79.65339367989257,77.27939950633724,74.85128084808943,72.39638416161897,69.92051743048788,67.42949249138402,64.92912801964454,62.4252547538956,59.923724548898036,57.43042587655577
50.438013345173786,52.50541867213276,54.51413474305528,56.483663499696775,58.433645261078425,60.383795812476706,62.353873230402286,64.36365990719642,66.43295256289636,68.56173627242302,70.67071913915227,72.66079073425419,74.43284276748935,75.92955131595929,77.26072399398956,78.57795215732995,80.03282778391588,81.71080993117022,83.4328246917629,84.97925230498524,86.23282345467229,87.09412566378359,87.43282312482751,87.14118498410389,86.23282345467229,84.76686977107718,82.86318803177407,80.6568257165213,78.28283061022302,75.85471029274707,73.39981066222646,70.92393869175626,68.43290441270418,65.93252328441805,63.428620341330884,60.92703737916713,58.433645261078425
51.44037621842179,53.50818701832395,55.517149345614655,57.48683077095559,59.436908772644585,61.38712075407213,63.35723769538177,65.36704988011853,67.43635896528063,69.56515310437939,71.67414231328988,73.66421763758737,75.43627182029547,76.93298161240091,78.26415508832991,79.58138383366482,81.0362599278179,82.71424245163004,84.43625747357396,85.98268524769253,87.23625649169438,88.09755875151035,88.43625622989643,88.14461807432184,87.23625649169438,85.77030269493133,83.86662073831258,81.66025801767748,79.28626217106012,76.85814053665227,74.40323856943232,71.92736244047978,69.43632074825462,66.93592639949637,64.43199990097565,61.93037506379375,59.436908772644585
52.442959736189465,54.51109247554456,56.520250300391936,58.49005291609669,60.44020731064394,62.3904680519191,64.36061636410766,66.37044879498097,68.43977092040505,70.56857333753487,72.67756758026562,74.66764586443772,76.43970175318742,77.93641253236845,79.2675866415908,80.58481584885541,82.03969231411699,83.7176751368034,85.43969036618199,86.986118268004,88.23968958686362,89.10099188692386,89.43968937907441,89.14805121171267,88.23968958686362,86.77373570027903,84.8700535711767,82.66369052878937,80.28969409458,77.8615714149216,75.4066675930589,72.93078816350652,70.43974058740972,67.93933574545352,65.43539055064863,62.93373247621744,60.44020731064394
53.54571844909367,55.61410678467287,57.623419803601664,59.59331861895947,61.543533650890524,63.49383309464707,65.46400630664202,67.47385480718012,69.54318728278619,71.67199627024034,73.78099450833432,75.77107514176683,77.543132384605,79.03984394722943,80.37101855909742,81.68824813299616,83.1431248928069,84.82110795271001,86.54312334672969,88.08955134990998,89.3431227281842,90.20442506018641,90.54312256326182,90.25148438654456,89.3431227281842,87.87716877030829,85.97348650430561,83.76712320654329,81.39312630596163,78.9650027966866,76.51009750279096,74.0342154535443,71.5431632073952,69.04275003691782,66.53879000265816,64.03710554715869,61.543533650890524
54.54861625825377,56.61720750651348,58.62664372043723,60.59661889631337,62.54688205889707,64.49721222194523,66.46740519738529,68.47726645261093,70.546607143237,72.67542134559048,74.78442275481734,76.7745052528631,78.5465635704435,80.0432757548879,81.37445076570634,82.69168063060292,84.14655762419753,85.82454087237976,87.54655639707511,89.09298448070358,90.34655590613524,91.20785826348975,91.54655577523624,91.2549175910935,90.34655590613524,88.88060189167527,86.97691951701475,84.77055601656107,82.39655874581936,79.96843457807682,77.51352811582655,75.0376439873231,72.54658803453819,70.04616825366867,67.54219644119726,65.04049104662309,62.54688205889707
55.55162449577925,57.62037682481588,59.62991082961699,61.599946617162885,63.55024798279037,65.50060252845685,67.47081119044077,69.48068256918592,71.55002978012493,73.67884812156532,75.78785204772896,77.77793602572174,79.54999519632656,81.04670787431021,82.37788320177597,83.69511329763776,85.14999047678683,86.82797387440628,88.54998950281903,90.09641765029926,91.34998911315978,92.21129149063646,92.5499890092652,92.25835081922884,91.34998911315978,89.88403505378906,87.9803525928867,85.77398893155686,83.3999913670188,80.97186667664997,78.51695928707517,76.04107350826199,73.55001461351024,71.04958958594338,68.54560842501809,66.04388641083294,63.55024798279037
56.554720397745385,58.623600594874375,60.63321222324234,62.60329612100281,64.55362780948948,66.50400170809418,68.47422282067706,70.48410223453885,72.55345462068354,74.68227624733103,76.79128217119305,78.7813673238222,80.55342717147352,82.05014024117978,83.38131581996878,84.69854609914785,86.15342342557162,87.83140694179951,89.55342265253282,91.0998508506922,92.35342234326005,93.2147247367077,93.55342226079885,93.26178406608479,92.35342234326005,90.88746824824366,88.98378571889111,86.77742192987367,84.40342413214927,81.9752990269715,79.52039090137828,77.04450381271175,74.5534425829143,72.0530133910249,69.54902481017578,67.04728960483516,64.55362780948948
57.55788588998149,59.62686758754704,61.6365408301256,63.60666291468996,65.55701867112836,67.5074079304483,69.47763892519202,71.48752471657667,73.55688121030357,75.68570544442906,77.7947129538681,79.7847990388077,81.5568594238316,83.05357280444841,84.38474858271289,85.701979007391,87.15685645070681,88.8348400610743,90.55685583714549,92.10328407552896,93.35685559167553,94.21815799779934,94.556855526226,94.2652173277992,93.35685559167553,91.89090146836708,89.98721888468563,87.78085499432248,85.4068570115179,82.97873157710599,80.5238228673342,78.04793473903538,75.55687165590771,73.05643915878322,70.55244468870448,68.05069901343504,65.55701867112836
58.66110662295564,60.73016888869431,62.73989103724152,64.710043431764,66.66041829137829,68.61081974268106,70.5810585809729,72.5909494342301,74.66030918815896,76.78913549184574,78.89814425975982,80.8882310846754,82.66029189621239,84.1570055235992,85.48818146018748,86.8054120003483,88.26028953644139,89.93827322152752,91.66028904945742,93.20671731976677,94.46028885462778,95.32159127081266,95.66028880268048,95.36865060130687,94.46028885462778,92.99433470886396,91.09065208206158,88.88428811126028,86.51028998155749,84.08216428583216,81.62725511239734,79.15136615894122,76.66030160482235,74.1598664843246,71.65586733994095,69.15411335461943,66.66041829137829
59.6643712048827,61.73349742217364,63.74325838913842,65.71343484136585,67.66382486345172,69.61423599164804,71.58448105541326,73.59437592629988,75.66373826786023,77.79256621416182,79.90157598092928,81.89166339316456,83.66372454322537,85.1604383664737,86.49161442872372,87.80884506054323,89.26372267027372,90.94170641466408,92.66372228375428,94.21015057940322,95.46372212911788,96.32502455328826,96.66372208788728,96.3720838841748,95.46372212911788,93.99776796553124,92.09408530450372,89.88772126985863,87.51372302356262,85.08559712043267,82.63068757898813,80.15479797060378,77.66373224895719,75.16329504628267,72.65929219188803,70.1575316108334,67.66382486345172
60.76767059248749,62.8368475710263,64.84663934927595,66.81683489654183,68.76723695326,70.71765576208134,72.68790576703654,74.69780382672936,76.76716822209889,78.89599747214655,81.00500803170516,82.99509591009664,84.76715732884409,86.26387130754782,87.59504746953567,88.91227817410474,90.36715584228126,92.04513963374143,93.76715553550058,95.31358385126155,96.56715541276557,97.42845784327403,97.76715538004083,97.47551717447197,96.56715541276557,95.10120123503292,93.19751854684094,90.991154461523,88.61715612268685,86.18903005493974,83.73412022140559,81.25823009320413,78.76716344488938,76.26672458958753,73.76271879054711,71.26095297443027,68.76723695326
61.87099760710376,63.940214876678056,65.95003111054518,67.92024181382111,69.87065342254076,71.82107832752193,73.79133225432025,75.80123284497753,77.87059887045942,79.99942915529219,82.10844034408998,84.09852859247005,85.87059022447428,87.3673043265631,88.69848056771289,90.01571133002332,91.47058904458848,93.148572873408,94.8705888010965,96.41701713282043,97.67058870368167,98.53189113922068,98.87058867770803,98.57895047066577,97.67058870368167,96.2046345147213,94.30095180496889,92.09458767943187,89.72058926714655,87.29246306874268,84.83755300337685,82.36166246259612,79.8705950787838,77.3701549117892,74.86614677557685,72.36437680437228,69.87065342254076
62.974346550381455,65.04359580010978,67.05343144484456,69.02365417762243,70.9740733678384,72.92450311137246,74.89476015095096,76.90466275044072,78.97403006974554,81.1028611758885,83.21187286411404,85.20196140615434,86.97402320742064,88.47073740744025,89.80191371142095,91.11914451956075,92.57402227094462,94.25200612941624,95.9740220776849,97.52045042207861,98.77402200036668,99.63532443989843,99.97402197975137,99.68238377153969,98.77402200036668,97.30806780249492,95.4043850756299,93.19802091817098,90.82402244758909,88.39589614548285,85.94098589611204,83.4650950278668,80.97402706028942,78.47358585220252,75.9695758609724,73.46780259186245,70.9740733678384
64.0777128991346,66.14698753224494,68.15683858366722,70.12707086437348,72.07749607206972,74.02792965598312,75.99818916618403,78.00809336008808,80.07746170630197,82.20629346431976,84.31530554894154,86.30539432406019,88.07745625966989,89.57417053741727,90.90534689126687,92.22257773578147,93.67745551638836,95.3554393983949,97.077455362998,98.62388371744774,99.8774553016305,100.73875774433131,101.07745528526813,100.78581707612827,99.8774553016305,98.41150109668573,96.50781835623849,94.30145417344313,91.92745565659116,89.49932927217631,87.04441887676062,84.56852774860658,82.07745931769432,79.57701728329138,77.07300581973061,74.57122993306507,72.07749607206972
65.28109306305456,67.35038784342022,69.3602511233096,71.33049098227866,73.28092096607901,75.23135759811446,77.20161906925415,79.21152452864749,81.28089368992043,83.40972596533189,85.51873836457364,87.50882732468675,89.2808893669249,90.77760370636484,92.10878009979544,93.42601097318072,94.88088877698195,96.55887267766813,98.28088865523594,99.82731701766716,101.08088860652853,101.94219105174457,102.2808885935417,101.98925038366512,101.08088860652853,99.6149343959699,97.71125164474242,95.50488744183752,93.13088888826098,90.70276243851772,88.24785192718613,85.7719605927423,83.2808917940808,80.78044910382992,78.27643647167834,75.77465850745352,73.28092096607901
66.6844841923517,68.75379496388904,70.76366794962698,72.73391382350943,74.68434759812308,76.63478664946147,78.60504967700216,80.61495614081616,82.68432594900234,84.81315863506961,86.9221712840255,88.91226039096881,90.68432251783803,92.18103690624339,93.51221333108941,94.8294442273894,96.28432204959998,97.96230596511224,99.68432195297012,101.2307503217362,102.48432191431101,103.34562436152342,103.68432190400338,103.39268369354204,102.48432191431101,101.01836769929665,99.11468493951291,96.90832072064707,94.53432213792223,92.10619563632777,89.65128503299366,87.17539353481749,84.68432444427313,82.18388123347516,79.6798676738116,77.17808806062439,74.68434759812308
67.73334331895612,69.8199105763384,71.85619569485665,73.86166540399509,75.85530295875748,77.85497471171703,79.87684427379381,81.93503668835015,84.04184298595511,86.19208356473965,88.31516974430228,90.32578194815655,92.14078142707997,93.71830669611727,95.16430704501262,96.6146305298272,98.19300780322334,99.95527514380564,101.73201230935317,103.33600514681662,104.71358822006945,105.80743998195672,106.31165086153332,105.90530579028689,104.71358822006945,102.95927839423358,100.81516901116439,98.42859042217205,95.93317010316949,93.4333204435143,90.9385737325264,88.44150882131616,85.93887199204892,83.42913412071042,80.91153949383309,78.3862445384228,75.85530295875748
66.10990586523887,68.17919372889148,70.18905281066108,72.15929006796247,74.10971841209627,76.0601539976929,78.03041479563066,80.0403198205741,82.10968870203253,84.23852079981972,86.34753309105065,88.3376219876541,90.1096839932861,91.60639831154663,92.93757469138883,94.25480555486263,95.70968335070111,97.3876672449745,99.10968321809143,100.65611157778255,101.90968316503773,102.7709856093903,103.10968315089207,102.81804494126843,101.90968316503773,100.44372895640636,98.5400462088798,96.33368201287864,93.95968347190986,91.53155704459421,89.07664657305722,86.60075530943385,84.10968663702278,81.60924417192828,79.10523194096073,76.60345468997431,74.10971841209627
65.00317007090231,67.07240834154729,69.08223732237713,71.05245592534133,73.00287251277948,74.9533005952079,76.92355656615004,78.93345847599564,81.00282535112348,83.13165617530586,85.240667692075,87.23075613330003,89.0028178764577,90.49953204285711,91.8307083252676,93.14793911767393,94.60281685641772,96.2808007047096,98.00281664591296,99.54924498595705,100.80281656169547,101.66411899985647,102.00281653924063,101.7111783314304,100.80281656169547,99.33686236688303,97.43317964589288,95.22681549939291,92.85281704882458,90.42469078231996,87.96978059611911,85.49388984029432,83.00282207312685,80.50238122245301,77.99837186806141,75.49659973114225,73.00287251277948
64.38397010584141,66.46043562930346,68.48125810417085,70.46615140948417,72.43463765136755,74.40577155192068,76.39787114439586,78.42834374755833,80.51374874584295,82.65178669756729,84.76686492807609,86.76581890436495,88.55650417554374,90.08855134646888,91.47056920499278,92.84766920240855,94.35900497478113,96.07601998837256,97.82359484752469,99.39709541589018,100.70963502404217,101.68389870921992,102.10489019706199,101.7560515116823,100.70963502404217,99.10792581533303,97.09469162088133,94.8083717011522,92.3815406582236,89.9225977042545,87.45069632003892,84.9658101044486,82.46983710316644,79.965458422362,77.45570283192016,74.94400539831425,72.43463765136755
46.37451763021694,48.43887459478972,50.44573811620661,52.414117919535244,54.36337521911159,56.31306327614398,58.28284310094091,60.29243770224818,62.361606638565235,64.49031180783015,66.59924691375238,68.58929042527467,70.3613262713074,71.85802545420418,73.18919212340467,74.5064159038445,75.96128800925918,77.63926732071627,79.36128011311281,80.90770651464986,82.16127695406595,83.02257878132805,83.36127611177088,83.06963808288742,82.16127695406595,80.69532412272213,78.79164401999023,76.58528475760846,74.21129522653182,71.7831848266338,69.32830279331361,66.85246213931629,64.36148368635014,61.86120211492744,59.357476549800566,56.85620889612126,54.36337521911159
47.375221989502386,49.440611585860694,51.44810289199185,53.41687213707063,55.366375030526015,57.31621988815806,59.28610061251936,61.2957603398434,63.364971226043565,65.49370302658832,67.60265432730814,69.5927073615027,71.36474869636359,72.8614510549865,74.19261976169389,75.50984502831282,76.96471832770719,78.64269860074376,80.36471206052852,81.91113887293147,83.16470955319076,84.02601150993274,84.36470888466062,84.07307081785368,83.16470955319076,81.69875643286016,79.79507577518939,77.58871547762125,75.21472405606522,72.78661029325977,70.33172229299555,67.85587102009634,65.36487363754631,62.86455830864837,60.36077259994404,57.859398038567264,55.366375030526015
48.37648811041795,50.442698056666146,52.450687920471566,54.41976637725651,56.36946424349745,58.31943357210267,60.28939438798545,62.299105808921524,64.3683499919996,66.49710293028897,68.60606708500866,70.59612767741919,72.36817336879042,73.86487824799852,75.19604857188071,76.51327501808318,77.96814926514128,79.64613030138477,81.36814429087627,82.91457142938387,84.16814230080061,85.02944436031083,85.3681417701878,85.07650367328097,84.16814230080061,82.70218895110094,80.79850785297467,78.59214673377784,76.21815381174515,73.7900373797915,71.33514464353948,68.85928494234565,66.36827253516458,63.86793041227406,61.364096965467155,58.86263754471031,56.36946424349745
49.37820055298169,51.44506208411769,53.45344783284928,55.42277178145656,57.37262442592767,59.32269255871188,61.2927169479927,63.30246940010255,65.37174001170735,67.50050972734053,69.60948408440035,71.59955067581248,73.37159982496374,74.86830670476772,76.19947831220522,77.51670569464525,78.97158069386543,80.64956233586716,82.37157674578745,83.91800414312456,85.1715751662631,86.03287730734058,86.37157474511541,86.07993662431826,85.1715751662631,83.70562163451305,81.80194018679684,79.59557841547249,77.2215843025093,74.79346575204701,72.33856925682562,69.86270286604798,67.3716785336768,64.87131514396029,62.36744380606473,59.86591702816199,57.37262442592767
50.38026752586748,52.44764651838224,54.4563465942972,56.42586543421463,58.37584094403525,60.3259875049953,62.296062355486384,64.3058473752743,66.37513896370425,68.50392199571601,70.61290445045029,72.60297580329927,74.3750276969021,75.87173616458394,77.20290879078172,78.520136916315,79.97501251252714,81.65299463531983,83.37500937893479,84.9214369817051,86.17500812526532,87.03631033108279,87.37500779100017,87.08336965124127,86.17500812526532,84.70905444902178,82.80537272383576,80.59901043491715,78.22501537671093,75.79689514478454,73.34199566605876,70.86612396572852,68.37509016824418,65.87470989877211,63.37080848586069,60.8692282439026,58.37584094403525
51.38261606913561,53.450405958965746,55.45935558782108,57.4290291410035,59.37910218032384,61.329310994334236,63.299425897786065,65.30923676732189,67.37854500537746,69.50733860672688,71.6163274886347,73.60640262065519,75.37845669253677,76.87516642052053,78.20633985531,79.52356857063737,80.97844464068274,82.65642714507965,84.37844215354832,85.92486991937113,87.17844115851014,88.03974341571175,88.37844089320369,88.08680273839482,87.17844115851014,85.71248736758199,83.80880542216798,81.60244272243435,79.22844691398768,76.80032534748065,74.3454235007406,71.86954758619902,69.37850627619679,66.87811260908713,64.37418732509136,61.87256464701288,59.37910218032384
52.385188208127005,54.45330434584616,56.4624520899288,58.432248456709914,60.382398912306726,62.332657139472545,64.3028038341595,66.31263522113562,68.38195667420212,70.51075866451657,72.61975264770386,74.60983077926514,76.3818865800516,77.87859730833917,79.209771384909,80.52700056835663,81.9818770144839,83.6598598217604,85.3818750404437,86.92830293568134,88.18187425068129,89.04317654866658,89.38187404010745,89.09023587335342,88.18187425068129,86.71592036872792,84.81223824851881,82.60587522272095,80.23187881880773,77.80375619304226,75.34885246680467,72.87297320743082,70.38192593470609,67.88152163377943,65.37757740295852,62.875921042255925,60.382398912306726
53.48793788649863,55.55631304200992,57.56561805856393,59.53551191365173,61.48572381903672,63.43602126726233,65.40619319541219,67.41604086739494,69.48537280934495,71.6141814580334,73.7231794901268,75.71326000243172,77.4853171754533,78.98202869768352,80.3132032836352,81.63043283863036,83.08530958325417,84.76329263092644,86.48530801645722,88.03173601441152,89.28530738962235,90.14660971997762,90.48530722248972,90.19366904625485,89.28530738962235,87.81935343542216,85.91567117647807,83.70930789188284,81.33531101534723,78.90718754884713,76.45228233084924,73.9764004166737,71.48534841131206,68.98493567025311,66.4809764011174,63.979293305834915,61.48572381903672
54.490828522933754,56.55940930806139,58.56883916969802,60.53881040829272,62.4890710892098,64.43939966835293,66.40959162478353,68.41945222237582,70.48879248943533,72.61760642290893,74.72660766863254,76.71669007053907,78.48874833270594,79.98546048508943,81.31663547533806,82.63386532523083,84.08874230677156,85.76672554524617,87.48874106320389,89.03516914268448,90.2887405656847,91.15004292173208,91.48874043303147,91.1971022492716,90.2887405656847,88.8227865541422,86.91910418508405,84.71274069508115,82.33874344342479,79.91061930963272,77.4557129076226,74.97982888632536,72.48877312465419,69.98835368461613,67.48438247942994,64.9826781644794,62.4890710892098
55.49383106619588,57.562575089312475,59.572104051797155,61.542136714123814,63.4924361099722,65.44278939846023,67.41299725164262,69.42286810841844,71.49221498317033,73.62103311119975,75.73003690759043,77.72012080927735,79.49217993590038,80.98889258843724,82.32006789957674,83.63729798352999,85.0921751531119,86.77015854302641,88.4921741660915,90.03860231027954,91.29217377121023,92.15347614764943,92.4921736659233,92.20053547619085,91.29217377121023,89.8262197141551,87.92253725769937,85.71617360466425,83.34217605527428,80.91405139185196,78.45914405008989,75.9832583563664,73.49219961330212,70.99177485625455,68.48779417733556,65.98607302006002,63.4924361099722
56.49692244782331,58.565796051703316,60.57540367766528,62.54548509481353,64.49581521983575,66.446188120597,68.41640859122536,70.42628759079645,72.49563971010781,74.62446116737041,76.73346698823136,78.7235520802964,80.49561189303935,81.99232494254846,83.3235005083793,84.64073077810654,86.09560809693687,87.77359160704933,89.4956073135382,91.04203550908457,92.29560700012073,93.15690939274492,93.49560691655442,93.20396872208153,92.29560700012073,90.82965290694219,88.92597038111894,86.71960659868506,84.3456088129837,81.9174837291934,79.46257564154917,76.98668862041848,74.49562751101564,71.9951985338383,69.4912103355602,66.9894758103566,64.49581521983575
57.50008435176082,59.5690608157345,61.57873088140174,63.54885099702473,65.49920551250922,67.44959397982751,69.41982446504637,71.42970992760613,73.49906620954641,75.62789030923068,77.7368977369176,79.72698377378742,81.49904413110448,82.99575749569081,84.32693326367037,85.64416368084657,87.09904111813545,88.77702472364913,90.49904049635148,92.04546873266099,93.29904024759188,94.1603426530621,94.49904018126524,94.20740198302987,93.29904024759188,91.83308612574217,89.92940354486187,87.72303965972411,85.34904168646224,82.92091626902558,80.46600758937393,77.9901195146784,75.49905652710817,72.99862420040117,70.49463003397074,67.99288489853109,65.49920551250922
58.603302236383314,60.672360347885544,62.68207997479081,64.65223080651425,66.60260468116302,68.55300550384567,70.52324393772398,72.53313452999136,74.60249411582456,76.73132031280505,78.84032901583234,80.83041580259487,82.60247659214093,84.09919020680431,85.43036613522946,86.74759666943602,88.20247420074551,89.8804578819792,91.60247370723525,93.1489019758985,94.4024735097946,95.26377592546075,95.60247345715112,95.31083525592946,94.4024735097946,92.93651936518859,91.0328367406095,88.8264727739556,86.45247465182683,84.02434896957476,81.56943982004636,79.09355090913519,76.60248643086042,74.10205144562343,71.59805254224652,69.09629898539114,66.60260468116302
59.60656455737232,61.67568747723455,63.68544644269157,65.65562165449357,67.60601089479935,69.55642152405447,71.52666626683444,73.53656093057242,75.60592313871481,77.73475100032343,79.84376071559015,81.83384809754331,83.60590923014993,85.10262304329967,86.4337990990706,87.7510297261642,89.20590733209794,90.8838910734306,92.60590694039857,94.15233523474099,95.40590678368983,96.26720920744846,96.60590674190667,96.31426853831478,95.40590678368983,93.93995262102209,92.03626996175925,89.82990593040594,87.45590769012142,85.02778179768524,82.57287227521519,80.09698270059886,77.6059170391498,75.10547994383202,72.60147728072512,70.09971703974617,67.60601089479935
60.70986215034348,62.77903651157969,64.78882670118168,66.7590212639017,68.70942270011275,70.65984111292097,72.63009086310873,74.639988758387,76.70935304786244,78.83818223068916,80.9471927493716,82.93728060372811,84.70934200862216,86.20605597931063,87.53723213615604,88.85446283697414,90.30934050213718,91.98732429117044,93.70934019124516,95.25576850596919,96.50934006686535,97.37064249704702,97.70934003370203,97.4177018282289,96.50934006686535,95.04338588986204,93.13970320307067,90.93333912036542,88.55934078630062,86.13121472704111,83.67630490856709,81.2004148071673,78.70934820663138,76.20890943653875,73.70490378932391,71.20313824312645,68.70942270011275
61.81318774047878,63.88240293261563,65.89221790554085,67.86242782736988,69.81283894358779,71.76326353425114,73.73351725883956,75.7434177190006,77.81278366043416,79.94161389191359,82.05062504826788,84.0407132775714,85.81277489858016,87.30948899430727,88.64066523137551,89.9578959907088,91.41277370288219,93.09075752977546,94.81277345612702,96.35920178702789,97.6127733574067,98.4740757926863,98.81277333108497,98.52113512411864,97.6127733574067,96.14681916902524,94.24313646038445,92.03677233692112,89.66277392842285,87.23464773675559,84.77973768334297,82.30384716383475,79.81277981794457,77.31233971858063,74.80833170287254,72.30656194590388,69.81283894358779
62.9165355530952,64.98578315390806,66.99561779781277,68.9658399103481,70.91625870966203,72.86668820372063,74.8369450828045,76.84684757871912,78.91621483131462,81.04504589511097,83.1540575575861,85.14414608448533,86.9162078770245,88.41292207199486,89.74409837273599,91.06132917851285,92.51620692799834,94.19419078494113,95.91620673214864,97.4626350758891,98.71620665379426,99.57750909312014,99.9162066329027,99.62456842475129,98.71620665379426,97.25025245638194,95.34656973039927,93.14020557458626,90.76620710701009,88.33808081025072,85.88317057036717,83.40727971900594,80.91621178152738,78.41577062711909,75.91176073153338,73.40998763246304,70.91625870966203
64.01990100441041,66.08917432874276,68.09902458579319,70.06925637420775,72.0196812716429,73.97011465754667,75.94037404036258,77.95027815205884,80.01964644532549,82.14847816973273,84.25749023391637,86.24757899701751,88.01964092570053,89.51635519944028,90.84753155071866,92.16476239335778,93.61964017245793,95.297624053251,97.01964001701191,98.56606837094317,99.81963995482201,100.68094239735939,101.01963993824035,100.72800172914832,99.81963995482201,98.35368575024188,96.45000301049495,94.24363882900596,91.86964031453965,89.4415139343686,86.98660354648297,84.51071243172979,82.01964402470696,79.51920203290874,77.01519064526113,74.5134148935564,72.0196812716429
65.22328045601358,67.29257419758072,69.30243684696889,71.27267631520267,73.2231060527474,75.17354252762202,77.14380389765596,79.15370929180087,81.22307841104949,83.35191065978422,85.46092304280423,87.45101199337903,89.22307403011945,90.71978836637852,92.05096475776834,93.36819562966508,94.82307343227038,96.50105733199347,98.2230733088928,99.76950167091248,101.02307325953262,101.88437570461899,102.22307324637177,101.93143503653317,101.02307325953262,99.55711904926343,97.65343629859181,95.44707209672379,93.07307354504073,90.64494709866578,88.1900365933108,85.71414526950323,83.22307648980282,80.72263383336734,78.2186212614681,75.71684340436195,73.2231060527474
66.62667101993203,68.69598096696134,70.7058534522652,72.6760990160189,74.62653259517853,76.576971521778,78.54723446907086,80.5571408810971,82.62651065592854,84.75534332082246,86.86435595690315,88.85444505627589,90.62650717878157,92.12322156466229,93.45439798788857,94.77162888300705,96.22650670426843,97.90449061901627,99.62650660634358,101.17293497478306,102.42650656716637,103.2878090142759,103.62650655672059,103.33486834628945,102.42650656716637,100.96055235238177,99.05686959303921,96.85050537499632,94.47650679377432,92.04838029485332,89.59346969626283,87.11757820652866,84.62650913103373,82.12606594707509,79.62205243523388,77.12027290706695,74.62653259517853
67.62889673050138,69.7157423073752,71.75245216104432,73.75848466848596,75.75280644271868,77.75324963005755,79.77591840458058,81.83484995214795,83.94222359940383,86.09278638819117,88.21608351298599,90.22700210489833,92.04263787237394,93.62134350892673,95.06898317889961,96.52115261376453,98.10119224214358,99.86456688307459,101.64201139767513,103.2467386592227,104.62587080959572,105.72250945317671,106.2286138694314,105.82096429036349,104.62587080959572,102.86788877006279,100.72052294539363,98.33138076492689,95.83417133195218,93.33324075693574,90.83788581920447,88.34049532145058,85.83767994348749,83.32779827530473,80.80999298433996,78.2843316855195,75.75280644271868
66.00185804467992,68.07114378134958,70.08100157213832,72.05123802938954,74.001665869302,75.95210113310331,77.92236172402153,79.93226661536514,82.00163541077649,84.13046745394162,86.23947971195759,88.22956858903083,90.00163058340588,91.49834489515345,92.82952127081703,94.14675213124292,95.60162992463273,97.27961381693403,99.00162978868227,100.5480581475308,101.80162973429206,102.66293217837904,103.00162971979,102.70999151024412,101.80162973429206,100.33567552625334,98.43199277986488,96.22562858598671,93.85163004889498,91.42350362847615,88.96859316917659,86.49270192733158,84.00163329374439,81.50119089788885,78.99717879029134,76.49540175863628,74.001665869302
64.89512554636825,66.96436044080522,68.97418737239397,70.94440470538242,72.894820492429,74.84524806404326,76.81550370636401,78.82540540413386,80.89477214267066,83.02360288014603,85.13261434418972,87.12270275441256,88.89476447970097,90.39147863576169,91.72265491153901,93.03988569910703,94.49476343396383,96.17274727912529,97.89476321815597,99.44119155686249,100.69476313181684,101.55606556955634,101.8947631087963,101.60312490110954,100.69476313181684,99.22880893794519,97.32512621876165,95.11876207563175,92.74476363121786,90.31663737566126,87.86172720888612,85.3858364876323,82.89476878209385,80.39432804132983,77.89031888277552,75.3885470940217,72.894820492429
64.27740319335315,66.35398718138244,68.37499151727238,70.36012782256803,72.32891264185352,74.30038739784192,76.29284492835043,78.32365300594999,80.40931846077298,82.54750548854999,84.66268177500584,86.66177882390039,88.45276370832237,89.98537575246604,91.36819827823983,92.74623363848747,94.2584395637574,95.97604946074908,97.72401093900552,99.29791850727756,100.61133577068065,101.58724732654409,102.00941223041886,101.65976032565075,100.61133577068065,99.00758775995263,96.99266046404486,94.70507717029692,92.27739826714789,89.81795590896414,87.34577763608189,84.86074439988242,82.36469112544052,79.86024797550016,77.3503982257226,74.83853786190875,72.32891264185352
46.3492463493059,48.41357402794284,50.42041974158187,52.38878849665258,54.338038828335684,56.287722436471,58.25749939836133,60.26709215175805,62.33625989775797,64.46496431136103,66.57389895775398,68.56394219906852,70.33597788935438,71.83267698213902,73.16384359352462,74.48106733179365,75.93593940332877,77.61391868750073,79.3359314609599,80.8823578508385,82.13592828342058,82.99723010700865,83.33592743619488,83.0442894083875,82.13592828342058,80.66997546027686,78.76629537329154,76.55993614028354,74.18594666284983,71.75783635837534,69.30295449436882,66.82711414168514,64.33613622584815,61.83585561229181,59.332131753716425,56.830867133442965,54.338038828335684
47.349934777648556,49.4153011059779,51.422778269039,53.39153874156989,55.3410361031836,57.2908774291445,59.260755880977854,61.27041414151729,63.33962408292297,65.46835528368318,67.57730621966863,69.56735903939705,71.33940025064078,72.83610253774131,74.1672711985609,75.48449643170875,76.93936970421288,78.61734995559317,80.33936340034734,81.88579020349695,83.1393608783321,84.00066283215796,84.33936020588848,84.04772213993564,83.1393608783321,81.6734077645099,79.7697271193372,77.56336684508305,75.18937546610357,72.76126177903603,70.30637391315682,67.83052287941251,65.33952592318886,62.83921135457109,60.335427000424644,57.83405484687577,55.3410361031836
48.35118823986168,50.41737970327026,52.425358336021645,54.39442982779957,56.34412330251928,58.29408982767032,60.26404883969684,62.273759096384055,64.3430025295536,66.471754991784,68.58071885701021,70.57077927919752,72.34282487245326,73.83952969489386,75.17069998235473,76.48792640199117,77.9428006277064,79.62078164676132,81.342795624323,82.88922275548623,84.1427936225978,85.00409567979355,85.3427930888789,85.05115499264996,84.1427936225978,82.67684027806389,80.77315918985734,78.56679808916488,76.19280520092522,73.76468882908495,71.30979619949478,68.83393668811968,66.34292461931827,63.84258309987587,61.3387507282245,58.83729321869558,56.34412330251928
49.352890626181406,51.41973747802251,53.42811430907247,55.397432728143855,57.34728188649791,59.297347793949115,61.267370751414035,63.27712227942044,65.34639229580691,67.47516163358569,69.58413576087216,71.5742022171772,73.34625128845381,74.84295812320127,76.17412970173109,77.49135706308564,78.94623204536597,80.62421367372508,82.34622807417666,83.89265546568456,85.14622648540609,86.00752862464654,86.34622606179308,86.05458794153395,85.14622648540609,83.68027295775607,81.77659151791318,79.57022976127574,77.19623567513412,74.76811717238394,72.3132207618204,69.83735452170282,67.34633045790642,64.8459675471554,62.34209706263796,59.840571801761996,57.34728188649791
50.354949611728614,52.422316947317526,54.43100994300224,56.400524393238,58.350497135770084,60.30064193033728,62.27071564433594,64.2804999306382,66.34979104663326,68.47857377873797,70.58755605109954,72.57762729671347,74.34967912850695,75.84638756042733,77.17756016368105,78.49478827247871,79.94966385524572,81.62764596721021,83.3496607033099,84.89608830145355,86.14965944230167,87.01096164666109,87.34965910607977,87.0580209667479,86.14965944230167,84.68370576931234,82.78002405037537,80.57366177311377,78.19966673619587,75.77154654213865,73.31664713060604,70.84077554985527,68.34974196554055,65.8493620762289,63.34546134066092,60.843882302820816,58.350497135770084
51.357291811852434,53.425072445816085,55.43401645366356,57.40368652219496,59.353757364892886,61.30396477682507,63.27407877820485,65.28388906555745,67.35319692863501,69.48199029194564,71.59097902910327,73.58105407601087,75.35310809883424,76.84981779843405,78.1809912150128,79.4982199170571,80.95309597643102,82.63107847223361,84.35309347473739,85.89952123688798,87.15309247387441,88.01439472991879,88.35309220701491,88.061454052545,87.15309247387441,85.68713868552912,83.783456745075,81.57709405459356,79.20309826304346,76.77497672659325,74.32007493318451,71.84419911355357,69.35315797274524,66.85276460737245,64.34883986099507,61.847218138659116,59.353757364892886
52.3598589140239,54.42796770298804,56.43711098477557,58.406904585435484,60.35705329743078,62.30731041170888,64.27745639039722,66.28728731528456,68.35660847072694,70.48541027210834,72.59440414040677,74.58448220441372,76.35653796626255,77.85324867202175,79.18442273413771,80.50165190704251,81.95652834469985,83.63451114515505,85.35652635910398,86.90295425142702,88.15652556471846,89.01782786178522,89.35652535291192,89.06488718642693,88.15652556471846,86.6905716848151,84.78688956854265,82.58052655008827,80.20653015958585,77.77840755767653,75.3235038737681,72.8476246897251,70.35657755129029,67.85617348985446,65.35222968574821,62.85057408364,60.35705329743078
53.46260459324246,55.53097391455006,57.54027538881208,59.51016704820637,61.46037756960499,63.41067413449477,65.38084549434129,67.39069279955788,69.46002450528104,71.58883300401227,73.69783094491794,75.68791140360483,77.45996854572155,78.95668005007096,80.28785462455059,81.60508417117791,83.05996090907912,84.73794395133731,86.45995933311045,88.00638732875142,89.2599587026062,90.12126103223241,90.45995853449523,90.16832035847385,89.2599587026062,87.79400475003312,85.89032249421354,83.68395921544682,81.3099623495554,78.88183890198991,76.4269337175888,73.95105186320347,71.45999996442825,68.95958741345461,66.45562848300676,63.953945989834295,61.46037756960499
54.46549205464868,56.53406820822491,58.54349525798588,60.51346475371781,62.46372433610814,64.41405221412435,66.38424371948295,68.39410402596891,70.46344410553348,72.59225791998539,74.70125909333302,76.69134145268279,78.46339969032044,79.96011182851191,81.29128680965515,82.60851665290637,84.06339362911137,85.74137686328882,87.46339237826407,89.00982045590857,90.2633918778325,91.12469423330124,91.46339174440274,91.17175356081235,90.2633918778325,88.79743786758144,86.89375550100323,84.68739201562641,82.31339477241835,79.88527065365473,77.4303642783104,74.95448030446877,72.46342462739557,69.96300533822915,67.45903440186231,64.95733056481517,62.46372433610814
55.46849207732208,57.53723242378106,59.546759154253834,61.5167904331814,63.46708895709321,65.4174416890821,67.38764918424249,69.39751980996465,71.46686653590075,73.59568456946218,75.70468830840788,77.69477217631743,79.46683128347158,80.96354392474422,82.29471922865676,83.6119493073386,85.06682647268556,86.74480985918939,88.46682547988732,90.01325362261804,91.26682508269451,92.12812745867441,92.4668249767912,92.17518678719328,91.26682508269451,89.80087102666437,87.89718857217696,85.69082492281356,83.31682738012901,80.8887027286348,78.43379540803735,75.95790975197951,73.4668510760608,70.96642643876068,68.46244597320543,65.96072519524733,63.46708895709321
56.47158145799992,58.54045214334127,60.55005799761264,62.52013831670088,64.47046774964434,66.42084020870286,68.39106039516525,70.4009392113474,72.470291212543,74.59911259482607,76.70811837009282,78.69820343534872,80.47026323263918,81.96697627320786,83.29815183330267,84.615382098846,86.07025941431502,87.74824292172043,89.47025862633049,91.0166868207202,92.27025831107831,93.13156070333801,93.47025822702281,93.17862003265671,92.27025831107831,90.80430421871334,88.90062169445233,86.6942579149327,84.32026013455345,81.89213506023049,79.43722698938467,76.96133999814921,74.47027894204001,71.9698500599066,69.46586203097644,66.9641278068406,64.47046774964434
57.474741773557724,59.543715920850374,61.55338458023664,63.52350382429387,65.4738577904611,67.42424590719398,69.39447616686785,71.40436148387076,73.4737176720621,75.60254171223492,77.71154910373363,79.70163511932499,81.47369546437741,82.97040882186772,84.30158458529459,85.61881499915002,87.07369243377101,88.7516760371361,90.47369180834724,92.02012004373873,93.27369155813143,94.13499396331235,94.47369149141653,94.1820532932659,93.27369155813143,91.80773743692743,89.90405485728714,87.69769097446242,85.32369300542469,82.89556759550226,80.44065892918351,77.96477087821589,75.47370793294488,72.97327568167452,70.4692816496563,67.9675367531764,65.4738577904611
58.57795839734064,60.6470146699436,62.656733180626745,64.62688332056602,66.57725675921255,68.52765730363176,70.49789555849343,72.50778603523165,74.57714554665603,76.70597169640217,78.81498037070682,80.80506714058062,82.57712792039221,84.07384152942348,85.40501745423515,86.722247985806,88.17712551499802,89.85510919452635,91.57712501859882,93.12355328653342,94.3771248200024,95.23842723543892,95.57712476705076,95.28548656589635,94.3771248200024,92.91117067590889,91.00748805231396,88.80112408749594,86.42712596871988,83.99900029243187,81.54409115348577,79.06820226140749,76.57713781670567,74.0767028913429,71.57270409464945,69.07095072745787,66.57725675921255
59.5812197175113,61.65034117774482,63.66009925722035,65.630273919939,67.58066281418401,69.53107322257904,71.50131782327247,73.51121239531452,75.58057454439844,77.70940236851706,79.81841206098662,81.80849942953515,83.58056055441551,85.07727436309501,86.40845041599798,87.7256810409996,89.18055864525269,90.85854238523181,92.58055825126038,94.12698654502448,95.38055809363428,96.24186051721067,96.58055805160654,96.28891984806802,95.38055809363428,93.91460393137335,92.01092127289161,89.80455724299544,87.43055900537199,85.00243311766944,82.54752360359862,80.07163404392995,77.58056840912779,75.0801313613323,72.57612878290035,70.07436869245849,67.58066281418401
60.68451651607617,62.753689718745406,64.76347920512113,66.73367333202468,68.68407449356366,70.63449273107365,72.60474236848667,74.61464019098563,76.6840044335862,78.81283358665705,80.92184408724532,82.9119319309626,84.68399332972427,86.18070729686477,87.51188345143379,88.82911415059152,90.28399181442062,91.9619756023796,93.68399150170872,95.2304198159737,96.48399137660081,97.34529380663781,97.68399134324335,97.39235313781259,96.48399137660081,95.01803719992034,93.11435451374894,90.90799043220024,88.5339921002475,86.10586604474513,83.65095623293756,81.17506614340175,78.6839995640155,76.18356083164142,73.6795552516333,71.1777898249177,68.68407449356366
61.78784147565533,63.85705574819988,65.86687016295997,67.83707973887576,69.78749063708403,71.73791508861225,73.70816872369089,75.71806912608682,77.78743503031572,79.91626523817786,82.02527638017082,84.01536460102994,85.78742621717149,87.28414031008253,88.61531654534402,89.93254730335947,91.38742501447409,93.06540884051469,94.78742476627448,96.33385309681103,97.58742466697626,98.44872710214108,98.78742464050046,98.49578643356779,97.58742466697626,96.12147047885104,94.21778777070233,92.01142364815695,89.63742524133505,87.20929905264981,84.75438900452836,82.27849849443658,79.78743116533292,77.28699109590622,74.78298313354026,72.28121347140475,69.78749063708403
62.891188787776656,64.96043565868527,66.97026985956516,68.94049169754551,70.89091032382373,72.84133970745006,74.8115965154898,76.82149896555607,78.8908661886222,81.0196972336735,83.12870888475001,85.11879740494692,86.89085919362297,88.38757338635821,89.71874968566536,91.03598049039621,92.49085823904137,94.16884209530738,95.89085804204522,97.43728638549652,98.69085796323216,99.55216040246691,99.89085794221829,99.5992197340936,98.69085796323216,97.22490376602325,95.32122104043113,93.11485688534667,90.74085841910106,88.3127321247085,85.85782188902458,83.38193104513718,80.89086312098206,78.390421990335,75.88641213708704,73.38463911328603,70.89091032382373
63.9945538418346,66.06382658682683,68.07367649224268,70.0439080627406,71.99433282283633,73.94476612108963,75.91502544751759,77.92492952282399,79.9942977926531,82.12312950218237,84.23214155731891,86.22223031510043,87.99429224071727,89.49100651268301,90.8221828628232,92.13941370463212,93.5942914830653,95.27227536332123,96.99429132670934,98.54071968041109,99.79429126415539,100.65559370662045,100.99429124747667,100.70265303840583,99.79429126415539,98.32833705973671,96.42465432029977,94.21829013938903,91.84429162597877,89.41616524768627,86.96125486313386,84.48536375431269,81.99429535786476,79.49385338492581,76.98984203088173,74.48806633891846,71.99433282283633
65.19793297812558,67.26722625986089,69.27708863015299,71.24732792542486,73.19775755396266,75.14819395926881,77.11845528454757,79.12836064980972,81.19772975045595,83.32656198738204,85.43557436322135,87.42566330957399,89.19772534388076,90.69443967873184,92.02561606921827,93.34284694045606,94.79772474253201,96.47570864182875,98.1977246184322,99.74415298026972,100.9977245687831,101.85902701381204,102.19772455554516,101.9060863457234,100.9977245687831,99.531770358642,97.62808760821642,95.42172340680736,93.04772485596249,90.61959841107857,88.16468790836916,85.68879658926983,83.19772781796267,80.69728517649585,78.19327263126779,75.69149482157853,73.19775755396266
66.60132329177499,68.67063287382973,70.68050513761266,72.65075056408551,74.60118405672597,76.55162292810877,78.52188583987932,80.5317922289813,82.60116198904802,84.72999464456942,86.83900727495077,88.82909637097237,90.60115849154647,92.09787287630962,93.42904929881891,94.7462801934144,96.20115801425563,97.87914192866508,99.60115791575754,101.14758628405244,102.40115787635102,103.26246032341496,103.6011578658441,103.30951965542627,102.40115787635102,100.93520366166811,99.0315209025208,96.82515668484217,94.45115810428547,92.02303160654787,89.56812101005721,87.09222952405996,84.60116045522679,82.10071728314874,79.59670379247649,77.09492430194442,74.60118405672597
67.58390191557365,69.67086816512364,71.70776215243058,73.71403860768446,75.70865689933032,77.70943431975883,79.73244927282012,81.79170089429391,83.8993201734985,86.05002244145336,88.17341087277954,90.18446207183007,92.00037318712847,93.5795894634735,95.02793799181401,96.48090517481722,98.06166279323844,99.82551547148928,101.6032652674188,103.20830942016718,104.58810971886493,105.68594954251374,106.19286946718468,105.78465811717236,104.58810971886493,102.82854322483566,100.67977073379294,98.28952011027725,95.79153654652488,93.29013804934286,90.79451974030242,88.29698823696589,85.79409552639318,83.28415157393206,80.7662550304218,78.24043502893855,75.70865689933032
65.95530084662916,68.02458565035366,70.0344428748873,72.00467898121718,73.95510659996594,75.90554172262003,77.87580222273442,79.88570705547798,81.95507581314692,84.08390783235346,86.19292007580054,88.1830089443074,89.95507093374488,91.4517852426357,92.78296161646642,94.10019247555542,95.55507026787117,97.23305415930751,98.95507013045543,100.50149848893433,101.75507007547894,102.61637251944946,102.95507006082059,102.66343185130881,101.75507007547894,100.28911586770019,98.3854331218109,96.17906892886394,93.8050703934728,91.37694397607909,88.92203352214716,86.44614228985468,83.95507367329658,81.45463130781093,78.95061925432654,76.44884231887552,73.95510659996594
64.84856979403085,66.91780320758427,68.92762924032729,70.89784601627395,72.84826145224949,74.79868879980829,76.7689442979877,78.77884590273597,80.84821258136063,82.97704328080417,85.08605472172121,87.07614311834574,88.84820483579625,90.34491898732215,91.67609526019004,92.99332604563585,94.4482037787877,96.12618762257608,97.84820356065379,99.39463189877361,100.64820347338404,101.50950591093863,101.84820345011538,101.55656524248279,100.64820347338404,99.18224927992506,97.27856656153392,95.0722024198822,92.69820397816784,90.2700777274133,87.81516756915875,85.33927686306859,82.84820918456214,80.34776849200725,77.8437594193519,75.34198778331186,72.84826145224949
64.231488692561,66.30812408131607,68.32920732117987,70.3144490493929,72.28336339167899,74.25498599529006,76.24759876517003,78.27855232292427,80.36433071490873,82.50258237952823,84.61780117964194,86.61696025738765,88.40807502906097,89.94093192006795,91.32410315369742,92.70254374322306,94.21512653444015,95.93299401502816,97.68112287165644,99.25520661866025,100.56900371366311,101.54562813791267,101.96830042508553,101.61829690638541,100.56900371366311,98.96437318124808,96.94871255323035,94.66058178797365,92.23253534436623,89.77287645040536,87.30057810647976,84.81548111124911,82.31939302311036,79.81492191285825,77.3050313250381,74.79310029342385,72.28336339167899
46.27925546665722,48.3435011392087,50.35029698671912,52.31863480357785,54.267865623057446,56.2175367728763,58.18730571769861,60.19689329633513,62.26605770904929,64.39476000654484,66.5036933661005,68.49373585074173,70.26577110488338,71.76246994532346,73.09363639480776,74.41086001498422,75.86573199164506,77.54371119940939,79.26572391983748,80.81215027706844,82.06572069051296,82.92702250381248,83.26571982947979,82.97408180468582,82.06572069051296,80.5997678903323,78.69608784744278,76.48972869669126,74.11573936947612,71.68762933221993,69.23274794234916,66.75690843344586,64.26593202175212,61.76565409054365,59.26193501088056,56.76067888513589,54.267865623057446
47.279899285647815,49.34520045841727,51.35263801714687,53.32137392398043,55.27085579472417,57.22068723087287,59.19055931888276,61.20021347193756,63.269420767601744,65.39815028876284,67.50710020336862,69.49715242251911,71.26919328759277,72.76589537440643,74.09706390672443,75.41428904614195,76.86916224334416,78.54714243407962,80.26915583674295,81.8155826139801,83.06915327362574,83.93045521928559,84.26915259022316,83.97751452666205,83.06915327362574,81.60320017802937,79.69951956785553,77.49315935888846,75.11916809913771,72.69105462416209,70.2361671346066,67.7603167705772,65.26932100821175,62.7690085686348,60.26522800770344,57.76386259686706,55.27085579472417
48.28111730089556,50.34725700785394,52.35520419051123,54.32425617816514,56.27393735523749,58.22389602980607,60.19384999043896,62.203556986840354,64.27279832001366,66.40154944911797,68.51051250366439,70.50057244916897,72.27261776766795,73.76932243114015,75.10049261660905,76.4177189618515,77.87259312779952,79.55057409872052,81.27258804287467,82.81901515347116,84.07258600852683,84.93388805924118,85.27258546610977,84.98094737177917,84.07258600852683,82.60663267845874,80.70295161803082,78.49659056915681,76.1225977755492,73.69448157204674,71.23958924114612,68.76373026132785,66.27271914010423,63.77237931052038,61.26854994966547,58.76709779220931,56.27393735523749
49.2827915273879,51.3495972733366,53.35794913227113,55.327252066927755,57.27709146303479,59.2271511388235,61.19717008672774,63.20691902693453,65.27618737650886,67.40495565616754,69.51392914001062,71.50399521796996,73.27604407117109,74.77275077974494,76.10392227732348,77.42114957963142,78.87602451447441,80.55400610462961,82.27602047856561,83.82244785374965,85.07601886390236,85.93732099799857,86.27601843338564,85.98438031463324,85.07601886390236,83.61006534773395,81.70638392993894,79.50002221442983,77.12602820339782,74.69790983425773,72.24301366076497,69.7671478425467,67.2761245308508,64.77576296136516,62.27189486659381,59.77037385389917,57.27709146303479
50.28482814634857,52.35216283928956,54.360836008189665,56.33033816592834,58.28030315915302,60.23044300723622,62.20051353867632,64.21029577097195,66.27958556398964,68.40836745625299,70.51734921790913,72.5074201632284,74.2794718219347,75.7761801537108,77.10735269271336,78.42458075464565,79.87945629976159,81.5574383814036,83.27945309645781,84.8258806816452,86.07945181489859,86.940754015175,87.27945147319718,86.98781333506122,86.07945181489859,84.61349815102217,82.70981644958465,80.50345420496666,78.12945922766332,75.70133913965265,73.24643991628372,70.77056867039616,68.27953568302871,65.7791568582951,63.27525801951734,60.77368235361118,58.28030315915302
51.28715258393811,53.35490729877395,55.363835566056395,57.3334958764454,59.283560567879604,61.233764053526386,63.20387552880183,65.21368418584501,67.2829909988573,69.41178369557852,71.52077202738641,73.51084683594908,75.28290072139272,76.77961034150783,78.11078370709032,79.4280123719375,80.88288840142775,82.56087087316334,84.28288585896334,85.82931361083055,87.08288484178902,87.9441870945927,88.28288457058042,87.9912464170597,87.08288484178902,85.61693106067666,83.71324913411186,81.50688646953967,79.13289072530571,76.70476927302477,74.24986762896198,71.77399207511309,69.28295140810508,66.78255888769787,64.2786356468338,61.77701660089818,59.283560567879604
52.28970558156968,54.357793791801285,56.36692457775082,58.33671043237183,60.28685426170617,62.23710825952668,64.20725223317793,66.21708186406056,68.28640218605457,70.41520345835934,72.52419700492986,74.5142748797617,76.28633053257192,77.783041175244,79.11421519688416,80.43144434026559,81.88632075420423,83.56430353555743,85.28631873624857,86.83274662040965,88.08631792891671,88.94762022341133,89.2863177136583,88.99467954792667,88.08631792891671,86.6203640547541,84.71668194950564,82.51031895161546,80.1363225986679,77.70820006356385,75.25329649819156,72.7774175251005,70.28637076272315,67.78596737194286,65.28202476278216,62.78037128499392,60.28685426170617
53.39244006196877,55.46079304569841,57.47008460040466,59.43997011113612,61.39017675691237,63.34047084816555,65.31064061657104,67.32048689471823,69.38981793892606,71.51862601772615,73.62762370327522,75.61770401181334,77.38976106738596,78.886472521663,80.21764706401694,81.53487658721153,82.98975330628718,84.66773633338411,86.3897517046345,87.93617969379736,89.18975106385474,90.0510533914395,90.38975089300405,90.09811271758059,89.18975106385474,87.72379711583812,85.82011486876829,83.61375160632338,81.2397547702393,78.81163137569723,76.35672628537841,73.88084459842614,71.3897929981291,68.88938097945888,66.38542299745178,63.88374219039075,61.39017675691237
54.395318632320624,56.46388181608879,58.473300991683345,60.44326560682289,62.39352211297107,64.34384802759598,66.31403826980049,68.32389776109012,70.39323731560526,72.52205079675588,74.63105176742619,76.62113400760259,78.39319217655004,79.88990427499903,81.22107923064407,82.53830905529671,83.99318601655986,85.67116923870375,87.39318474532716,88.93961281782995,90.19318423673991,91.0544865905883,91.3931841011356,91.1015459180198,90.19318423673991,88.7272302301053,86.82354787047176,84.61718439804957,82.24318717849962,79.81506310182073,77.36015680114966,74.88427296019995,72.39321752002978,69.89279865335521,67.38882846977381,64.88712597101784,62.39352211297107
55.398311596555374,57.46704164719222,59.47656212729875,61.446589532248424,63.39688561444528,65.34723678804873,67.31744328062638,69.32731325931998,71.3966595685213,73.52547733754025,75.63448091562046,77.62456468894192,79.39662374157655,80.89333635130552,82.2245116349801,83.54174169890027,84.99661885238783,86.67460222934068,88.39661784340973,89.94304598205945,91.19661743974369,92.05791981443755,92.3966173321145,92.10497914289323,91.19661743974369,89.73066338658397,87.82698093760855,85.62061729852728,83.24661977462017,80.81849515652864,78.36358789519946,75.88770234461813,73.39664385672998,70.89621955476335,68.39223968669899,65.8905199709582,63.39688561444528
56.40139537393583,58.47025788642006,60.47985877937158,62.44993602352457,64.40026351841462,66.35063474055613,68.32085413125759,70.33073243388853,72.40008410431977,74.52890527663465,76.63791092422213,78.6279959144033,80.40005566842157,81.89676868395404,83.22794422798596,84.5451744818129,86.00005178786914,87.67803528769392,89.4000509870426,90.94647917819327,92.20005066665269,93.06135305789161,93.4000505812273,93.10841238716016,92.20005066665269,90.73409657656595,88.83041405667981,86.62405028532109,84.25005251984551,81.8219274720343,79.36701944822971,76.89113254071117,74.40007163384217,71.8996430178641,69.39565546316572,66.89392208212172,64.40026351841462
57.4045512415166,59.47351890134183,61.48318362267338,63.453300426054,65.40365285394753,67.3540399889226,69.32426961699394,71.33415452638828,73.40351045205071,75.53233432557124,77.64134161573068,79.63142757173514,81.40348788244238,82.9002012200614,84.23137697073915,85.54860737529526,87.00348480244536,88.68146839979367,90.40348416682889,91.94991239964952,93.20348391253523,94.06478631690598,94.40348384473309,94.11184564681973,93.20348391253523,91.73752979313949,89.83384721697149,87.62748334062408,85.25348538341544,82.82535999453538,80.37045136555335,77.8945633810319,75.40350055421314,72.90306851419098,70.39907485857265,67.89733063126108,65.40365285394753
58.507764334536475,60.576815457613264,62.586530842501176,64.55667904521182,66.50705126290474,68.45745102809207,70.42768878164634,72.43757893486372,74.50693823791808,76.63576425539192,78.74477284926346,80.73485957184305,82.50692032439483,84.00363391765426,85.33480983234695,86.6520403565369,88.10691787979925,89.78490155455208,91.50691737531011,93.05334564120423,94.3069171734771,95.16821958827059,95.5069171196625,95.21527891869641,94.3069171734771,92.84096303081878,90.93728040997985,88.73091645030286,86.35691834091554,83.9287926813289,81.47388357201699,78.99799473267709,76.50693038199101,74.00649562429642,71.50249712635298,69.00074429028435,66.50705126290474
59.51102285208579,61.58014022487312,63.58989582330311,65.56006894840313,67.51045687356087,69.46086666347273,71.43111086627557,73.44100518153788,75.51036716523798,77.63919488437185,79.7482045130015,81.7382918440126,83.51035294725683,85.00706674341822,86.3382427882897,87.65547340743313,89.11035100697984,90.78833474316866,92.51035060656653,94.05677889871112,95.31035044637156,96.17165286943758,96.51035040365889,96.21871220026986,95.31035044637156,93.84439628524973,91.94071362895544,89.73434960313972,87.3603513729681,84.93222549852146,82.47731600797131,80.00142649016115,77.51036092997938,75.00992401526246,72.50592167394929,70.00416200506235,67.51045687356087
60.61431742604928,62.68348738434369,64.6932749014491,66.66346780791922,68.61386820028316,70.56428594689874,72.5345352685041,74.54443288719618,76.61379699853126,78.74262606827554,80.85163651819401,82.8417243321178,84.61378571370687,86.11049967091174,87.4416758191062,88.75890651361425,90.21378417370791,91.89176795865849,93.61378385589961,95.1602121688792,96.4137837287528,97.27508615838472,97.61378369485172,97.32214548953961,96.4137837287528,94.94782955297646,93.04414686854123,90.83778279023116,88.46378446419297,86.0356584192118,83.58074862607259,81.10485856975995,78.6137920496,76.11335342285057,73.60934803104419,71.10758293891845,68.61386820028316
61.717640619860816,63.786852317238356,65.79666516894777,67.76687377618933,69.71728406389676,71.66770812579921,73.63796151022015,75.64786175085399,77.71722755089723,79.84605769262296,81.9550687943993,83.9451569916113,85.7172185941229,87.21393267914803,88.54510890935,89.862339663675,91.3172173718248,92.99520119547765,94.71721711958023,96.26364544909651,97.5172170186637,98.378519453507,98.7172169917564,98.42557878491792,97.5172170186637,96.05126283125608,94.14758012448537,91.94121600451052,89.56721760238298,87.13909142204844,84.68418138874407,82.20829090502153,79.71722362292584,77.2167836373336,74.71277582434377,72.21100642777333,69.71728406389676
62.820986530428186,64.89023135735924,66.90006431761995,68.87028538675321,70.82070352847265,72.77113260285125,74.74138921194316,76.75129153361854,78.82065867399231,80.94948966655109,83.05850128570759,85.04858978713574,86.82065156499374,88.31736575146991,89.6485420467613,90.96577284856306,92.42065059485505,94.0986344492259,95.82065039464838,97.36707873728992,98.6206503145509,99.48195275353045,99.82065029319456,99.52901208514459,98.6206503145509,97.15469611791151,95.25101339341313,93.0446492403689,90.6706507778492,88.2425244900846,85.787614266161,83.31172344320291,80.82065555635808,78.3202144922505,75.81620475756264,73.31443194454137,70.82070352847265
63.92435047203219,65.9936215946767,68.00347051539663,69.97370147565405,71.92412585115272,73.87455890395489,75.8448180724775,77.85472204587975,79.92409025007588,82.05292191794175,84.16193394774336,86.15202269062814,87.92408460765867,89.42079887465658,90.7519752216095,92.06920606109358,93.52408383765905,95.20206771641078,96.9240836787549,98.47051203181393,99.72408361518148,100.585386057444,100.92408359823095,100.63244538921944,99.72408361518148,98.25812941121485,96.354446672646,94.14808249335458,91.7740839829016,89.34595760986971,86.8910472346515,84.41515614244189,81.92408777560713,79.42364585548069,76.91963459553793,74.41785907087097,71.92412585115272
65.12772872534282,67.19702071939362,69.2068823081221,71.17712111904186,73.12755044232321,75.07798665281408,77.04824785276294,79.05815313714368,81.12752218569693,83.25635438955472,85.36536674528571,87.35545567981474,89.12751770730657,90.62423203821467,91.95540842617135,93.27263929556392,94.72751709615747,96.40550099426034,98.12751697003517,99.67394533136255,100.92751691957689,101.78881936444509,102.12751690612325,101.83587869634856,100.92751691957689,99.46156270979463,97.55787996005805,95.35151575993422,92.97751721143655,90.54939077072797,88.09448027542712,85.61858896951242,83.12752022170928,80.62707762215977,78.12306515162005,75.62128747471421,73.12755044232321
66.53111833815441,68.60042689815673,70.61029854160597,72.58054358364586,74.53097683400313,76.4814155507605,78.45167836305652,80.4615846879628,82.53095440668324,84.6597870359583,86.76879965037966,88.75888873701689,90.53095085218195,92.02766523381558,93.35884165431696,94.67607254744792,96.13095036711255,97.80893428057442,99.53095026700922,101.07737863489923,102.33095022696048,103.1922526738968,103.53095021628229,103.23931200590187,102.33095022696048,100.86499601256233,98.96131325396189,96.75494903730339,94.38095045860963,91.95282396418602,89.49791337357551,87.02202189804294,84.53095284786488,82.03050970905667,79.52649627766463,77.02471689252299,74.53097683400313
67.45701270892877,69.54432517792135,71.58174738746442,73.58872351984175,75.58419206107467,77.58592760990476,79.60993463425166,81.67010324497596,83.77842606535017,85.92952776231655,88.05317764296515,90.06460851467715,91.88130784603348,93.46198537906642,94.91236129095935,96.36760856161732,97.95041692586814,99.71563426470706,101.4942552491336,103.10020347217198,104.4819091226741,105.58317150214451,106.09241300243852,105.6826025920922,104.4819091226741,102.71782241869266,100.56503158998035,98.17161100573074,95.67141170477046,93.16867316861737,90.67230036944298,88.17436484918552,85.67125053945227,83.16112809823335,80.64297003340559,78.1166951542304,75.58419206107467
65.8239256932882,67.89320780985106,69.9030634033991,71.87329849896938,73.8237254806996,75.77416019680672,77.74442043537853,79.75432509933589,81.82369374829534,83.95252569849387,86.06153789997813,88.05162674381114,89.82368871902693,91.32040301968941,92.65157938824096,93.96881024347931,95.42368803270149,97.1016719216464,98.82368789106513,100.3701162484795,101.62368783440009,102.48499027803516,102.82368781929152,102.53204960987803,101.62368783440009,100.15773362737009,98.25405088291865,96.0476866926538,93.67368816216086,91.2455617534804,88.79065131500892,86.31476011023055,83.82369154272148,81.32324926471031,78.81923736708816,76.31746070873416,73.8237254806996
64.71719880477328,66.78642795294263,68.79625139674047,70.76646656823876,72.71688099302341,74.66730769523446,76.63756277824308,78.64746411506088,80.71683062112035,82.84566121102061,84.95467258532588,86.94476094278312,88.71682263765808,90.21353677612237,91.54471304061005,92.86194381994335,94.31682154818446,95.99480538801797,97.71682132335074,99.26324965978074,100.5168212334006,101.3781236704227,101.71682120941728,101.42518300194064,100.5168212334006,99.05086704113018,97.14718432502146,94.94082018762737,92.56682175368837,90.13869551676527,87.6837853830526,85.20789472063842,82.71682711999236,80.21638656629443,77.71237774105435,75.21060654487641,72.71688099302341
64.101959611076,66.17874259804795,68.2000523990993,70.18559680888936,72.15488298798617,74.1269299825823,76.1199883010062,78.1513593416875,80.23746179099184,82.37589890728067,84.49123967889248,86.49057670885368,88.28206407727903,89.81562322290344,91.19979433451536,92.57939648049137,94.09305915103235,95.81166450853203,97.56027274851152,99.13486100660263,100.44974553065325,101.42840985166535,101.85253324584608,101.50152418730826,100.44974553065325,98.84258784055811,96.82482575857742,94.53512525123159,92.10602454481841,89.64574437228325,87.1731014721168,84.68782149878618,82.19163349658423,79.68708213899421,77.17707434058325,74.66494047294529,72.15488298798617
46.226069929308096,48.2902523952845,50.29700980720908,52.26532377726187,54.214539556812284,56.16420110374763,58.13396386897956,60.14354745887809,62.21270930226994,64.34140996865176,66.4503423363015,68.4403842376918,70.21241915564937,71.70911780157981,73.04028412626903,74.35750765541857,75.81237955894937,77.4903587078179,79.21237138736915,80.75879771943494,82.01236811812808,82.87366992349706,83.21236724645196,82.9207292239808,82.01236811812808,80.5464153356476,78.64273532674751,76.43637623940012,74.06238702797492,71.63427719669318,69.17939617229086,66.70355731378145,64.21258206149501,61.712306197862844,59.208590801820066,56.707341223702045,54.214539556812284
47.22667936569344,49.29193031876855,51.29933735117157,53.268054322947236,55.21752425334542,57.16734806639829,59.13721524913839,61.14686623611492,63.216071492419985,65.34479971893126,67.45374884624813,69.44380060246742,71.21584120070986,72.71254313314043,74.0437115664082,75.36093663357745,76.8158097727362,78.493789916726,80.21580328694532,81.76223004420888,83.0158006921463,83.8771026315117,84.21580000029641,83.9241619385789,83.0158006921463,81.54984761059856,79.64616702740219,77.43980686875909,75.065815700911,72.63770238941791,70.18281518993638,67.70696534212964,65.21597050000113,62.715659701507434,60.21188206441589,57.71052185090372,55.21752425334542
48.22787005978874,50.293969874164205,52.30189281546096,54.27092976941063,56.220601467441924,58.17055409074749,60.14050415773394,62.15020864108202,64.21944835556033,66.34819845707898,68.45716088674578,70.44722046481871,72.21926557153253,73.71597011247036,75.04714021932284,76.36436650722172,77.81924062710053,79.49722156091943,81.21923547932275,82.76566257406617,84.01923341982902,84.88053546554747,85.21923287070733,84.92759477783997,84.01923341982902,82.55328010091134,80.64959906189546,78.44323805296361,76.0692453322993,73.64112925855335,71.18623715788551,68.71037858779638,66.21936819697463,63.71902966994891,61.21520262984072,58.71375459779935,56.220601467441924
49.22952258149182,51.29629664374734,53.30462925435869,55.27392025364367,57.22375212498157,59.17380699737063,61.14382285467697,63.15356980018676,65.22283686496763,67.35160432901756,69.4605773168883,71.4506431032151,73.22269178832158,74.71939839963954,76.05056983482012,77.3677970916143,78.82267198989213,80.50065355059934,82.22266790409688,83.76909526669833,85.02266626947534,85.88396839960626,86.22266583363712,85.93102771604613,85.02266626947534,83.556712762157,81.65303136135677,79.4466696775498,77.07267572441297,74.64455745826083,72.18966146750459,69.71379597449041,67.2227732425207,64.72241270689472,62.21854645416019,59.71702871599581,57.22375212498157
50.231541960749965,52.29885149313051,54.30750937962006,56.277002062286414,58.22696108231074,60.17709711761239,62.14716519591184,64.1569458449617,66.22623461821648,68.35501586312225,70.46399723112174,72.45406794497093,74.22611947025999,75.72282772484387,77.05400021432101,78.37122824012901,79.82610375622312,81.50408581449224,83.22610051332441,84.77252808852501,86.02609921592429,86.88740141305347,87.22609886999922,86.93446073278506,86.02609921592429,84.56014555907218,82.6564638711234,80.45010165166744,78.07610672031558,75.64798671404665,73.19308763571613,70.71721664794441,68.22618412070966,65.7258061165627,63.22190873984765,60.720335673055274,58.22696108231074
51.23385270723324,53.301587443799804,55.31050357826972,57.2801563670528,59.23021631705876,61.18041677629678,63.15052630443037,65.16033370481671,67.22963970842898,69.3584318913368,71.4674199106972,73.45749453554123,75.22954831509125,76.72625787393875,78.05743120021285,79.37465983638813,80.82953584284371,82.50751829602822,84.22953326895279,85.77596101289346,87.02953223920551,87.89083448951126,88.22953196464462,87.9378938118555,87.02953223920551,85.56357846366836,83.65989654780961,81.45353390320852,79.0795381954463,76.65141680804393,74.19651527909842,71.7206399301169,69.22959962831881,66.72920775921904,64.2252856788183,61.723668695874636,59.23021631705876
52.23639483321742,54.30446718144242,56.313588335583916,58.283368219523496,60.23350828527127,62.183759880902244,64.15390230905382,66.16373094250592,68.23305062207012,70.36185148655755,72.47084478513706,74.46092251415084,76.23297808291312,77.72968867695697,79.06086266739803,80.37809178802252,81.83296818367853,83.51095095030772,85.23296614077961,86.77939401864941,88.0329653234686,88.89426761598058,89.23296510554945,88.94132694039851,88.0329653234686,86.56701145373107,84.66332935697994,82.45696637494089,80.08297005094096,77.65484756733107,75.19994409332762,72.72406528284037,70.23301881033177,67.7326159364992,65.22867424841358,62.72702240806973,60.23350828527127
53.33912068162675,55.407461072368534,57.416744981050726,59.38662575235847,61.3368294107772,63.287121595331115,65.2572901370398,67.26713562351244,69.33646615781797,71.46527391293108,73.57427140164879,75.56435159445076,77.33640858331432,78.8331199989951,80.16429451658627,81.48152402171868,82.93640072628338,84.61438374169384,86.33639910483323,87.88282708900266,89.13639845613301,89.99770078214412,90.33639828317047,90.04476010820792,89.13639845613301,87.67044451162857,85.7667622713031,83.56039902143921,81.18640220833089,78.75827885465982,76.30337383686054,73.82749227896733,71.33644090874017,68.83602930037455,66.33207204943454,63.83039254204331,61.3368294107772
54.3419923987737,56.41054558539807,58.41995869154982,60.38991954469711,62.340173679654015,64.29049808088018,66.26068734943411,68.27054621236275,70.33988536216475,72.46869858640352,74.57769940084816,76.56778154916455,78.33983966516493,79.83655173298001,81.1677266689708,82.48495647928746,83.93983342903327,85.61781664190163,87.33983214208729,88.8862602106268,90.13983162721357,91.00113397981296,91.33983148993309,91.04819330718311,90.13983162721357,88.67387762336655,86.77019526908603,84.56383180664943,82.18983460533536,79.76171056109581,77.3068043179836,74.83092057946833,72.33986532190534,69.83944678089159,67.33547717756433,64.83377571037549,62.340173679654015
55.344979922361915,57.413702036948095,59.423217699237256,61.39324211809688,63.34353631819985,65.29388629058607,67.2640920103637,69.27396149032151,71.34330747829966,73.47212504340672,75.5811284974902,77.57121219790218,79.34327120851266,80.8399837939275,82.1711590620025,83.48838911454416,84.94326625889042,86.62124962848124,88.34326523744065,89.88969337294475,91.14326482878508,92.00456720248759,92.34326471982548,92.05162653089457,91.14326482878508,89.67731077783785,87.77362833311113,85.5672647019554,83.19326719252214,80.76514260017771,78.31023538453309,75.83434991525414,73.34329157230175,70.84286752881343,68.33888812130078,65.83716922432704,63.34353631819985
56.34805938070804,58.41691559351773,60.42651266225168,62.39658753622071,64.34691353724261,66.29728380595733,68.26750258327877,70.2773804900595,72.34673190553443,74.47555291600378,76.58455846517481,78.5746433974876,80.34670311815125,81.84341611438553,83.17459164603606,84.49182189083191,85.94669918963265,87.6246826836142,89.34669837890738,90.89312656756132,92.14669805455722,93.00800044500933,93.34669796807594,93.05505977423923,92.14669805455722,90.68074396622656,88.77706144971262,86.57069768464441,84.19669993065673,81.76857490328103,79.31366691573632,76.83778007274759,74.34671928091444,71.84629087009145,69.34230368093554,66.84057094975469,64.34691353724261
57.35121181977098,59.420174479020204,61.42983616487078,63.39995108695783,65.35030232913641,67.3006887073635,69.27091784858965,71.28080244379534,73.35015816709793,75.47898191216126,77.58798912420738,79.57807503428164,81.35013531851527,82.84684864081733,84.17802438166795,85.49525477905607,86.95013220044746,88.62811579315802,90.35013155697435,91.89655978781335,93.15013129953746,94.01143370328371,94.3501312308972,94.05849303316678,93.15013129953746,91.68417718153552,89.78049460804402,87.57413073668943,85.20013278859872,82.77200741593836,80.31709881573582,77.84121088243177,75.35014814691714,72.84971626972717,70.34572290424154,67.84397919273133,65.35030232913641
58.45442219126066,60.52346934504938,62.533182320550054,64.5033290300283,66.45370030659909,68.4040994711472,70.37433683828888,72.38422674213327,74.45358588457397,76.58241180009102,78.6914203319639,80.68150701808864,82.45356774962832,83.95028133073066,85.28145723762356,86.59868775612429,88.05356527481595,89.73154894588777,91.453564764091,92.99999302841228,94.25356455976319,95.114866974061,95.4535645052834,95.1619263044625,94.25356455976319,92.78761041821113,90.88392779949655,88.67756384378234,86.30356574163196,83.87544009491887,81.42053100844926,78.94464220976064,76.45357793154282,73.95314330308851,71.44914503542445,68.94739260875056,66.45370030659909
59.45767854853236,61.52679277068681,63.5365464567065,65.50671839659651,67.45710557477283,69.40751488795199,71.37775878405692,73.38765290139091,75.45701475761152,77.58584239582213,79.69485197524337,81.68493927732018,83.45700036388709,84.95371415039939,86.28489018908016,87.60212080370806,89.05699839962702,90.73498213289423,92.45699799426433,94.00342628516054,95.25699783208924,96.11830025476183,96.4569977888486,96.1653595855748,95.25699783208924,93.79104367184544,91.88736101723725,89.68099699456681,87.30699877013913,84.87887290591024,82.42396343349003,79.94807394794485,77.45700844528125,74.95657163314257,72.45256947460288,69.95081013065456,67.45710557477283
60.560971407757805,62.630138865262936,64.63992486443792,66.61011683018687,68.56051662966351,70.51093399789295,72.48118307607075,74.49108053766648,76.56044454782077,78.68927355333614,80.79828396419784,82.78837175515648,84.56043312350874,86.05714707305509,87.38832321633598,88.70555390726005,90.16043156447435,91.83841534710606,93.56043124273776,95.10685955472651,96.36043111401932,97.22173354333898,97.56043107969919,97.26879287447852,96.36043111401932,94.89447693893987,92.9907942558429,90.78443018002923,88.41043185855003,85.9823058216787,83.52739604292924,81.05150601222533,78.56043953771758,76.0600009923847,73.5559957456461,71.05423091142548,68.56051662966351
61.66429324050233,63.73350295292005,65.74331459981616,67.71352246039466,69.66393227752224,71.61435603909746,73.58460923030896,75.59450934625502,77.66387506599091,79.79270515673807,81.90171622751495,83.8918044064995,85.66386599850506,87.16058007745163,88.49175630375372,89.80898705523413,91.26386476109856,92.9418485829109,94.66386450573607,96.21029283446595,97.46386440357216,98.32516683816762,98.66386437633226,98.37222616956636,97.46386440357216,95.99791021671766,94.09422751100912,91.88786339301566,89.5138649945066,87.08573882060882,84.63082879872564,82.15493833532877,79.6638710894673,77.16343116849546,74.6594234706462,72.15765427877594,69.66393227752224
62.767638070740716,64.83688132215639,66.84671332613654,68.81693380263528,70.76735157085216,72.71778040685962,74.68803686260057,76.69793908531099,78.76730616194467,80.89613711404172,83.00514870859395,84.99523719555496,86.76729896507427,88.26401314672589,89.59518943892195,90.91242023846593,92.36729798294404,94.0452818358541,95.7672977802627,97.31372612228003,98.56729769917514,99.428600137958,99.76729767755484,99.47565946956247,98.56729769917514,97.10134350297479,95.19766077931945,92.99129662784786,90.61729816820012,88.1891718855444,85.73426167068578,83.2583708638602,80.7673030057745,78.26686199295622,75.76285234965565,73.26107969910545,70.76735157085216
63.87100115485586,65.94027102698038,67.95011918868764,69.92034967856586,71.87077375761342,73.82120662121952,75.79146566802706,77.80136956288064,79.87073771648618,81.99956935223751,84.10858136251072,86.09867009391289,87.87073200432499,89.36744626749366,90.6986226119898,92.01585344968188,93.47073122480768,95.14871510239998,96.87073106393937,98.41715941650298,99.67073099958014,100.53203344168654,100.87073098242008,100.5790927734543,99.67073099958014,98.20477679596196,96.30109405806225,94.09472988001902,91.72073137184552,89.29260500286856,86.83769463484522,84.36180355544002,81.8707352114314,79.37029333201335,76.86628214460481,74.36450674889156,71.87077375761342
65.0743787275575,67.14366972904942,69.15353071534135,71.12376915291787,73.07419824090461,75.02463430122992,76.99489540457328,79.0048006266098,81.07416963500926,83.20300181337772,85.31201415360897,87.30210307902426,89.07416510126308,90.57087942913188,91.90205581513862,93.21928668310888,94.67416448255975,96.35214837974235,98.07416435487849,99.62059271581268,100.87416430379653,101.73546674854082,102.07416429017658,101.78252608043819,100.87416430379653,99.40821009429084,97.50452734508531,95.2981631459522,92.92416459926375,90.49603816177355,88.04112767218331,85.56523637643144,83.07416764674544,80.57372507950619,78.06971266653699,75.56793509198195,73.07419824090461
66.47776780015705,68.5470755723519,70.55694673764205,72.52719148335729,74.47762454696031,76.42806314453094,78.39832588015098,80.40823215557455,82.47760184242489,84.60643445146903,86.71544705358828,88.70553613299191,90.47759824398764,91.97431262320899,93.30548904216272,94.62271993416478,96.07759775292246,97.75558166565392,99.47759765158179,101.0240260191597,102.277597611038,103.13890005787599,103.47759760022784,103.18595938987625,102.277597611038,100.81164339685938,98.90796063868046,96.70159642280828,94.32759784555049,91.89947135368132,89.44456076760332,86.968669300137,84.47760026433852,81.97715715117499,79.47314376547678,76.97136446157106,74.47762454696031
67.36168256945476,69.44925860786647,71.4870828703502,73.49459142488308,75.49070676374225,77.49317090812036,79.51793204131042,81.5787974187591,83.68765464361095,85.83905967600904,87.96290808061323,89.97462720830869,91.79192482941305,93.3737110137561,94.8256240098674,96.28259844899898,97.86695889463917,99.63320834665461,101.41248792615436,103.01911935679382,104.40226406790075,105.50610863023462,106.01709963676836,105.6060843731772,104.40226406790075,102.63476156652841,100.47892894430501,98.08310527667784,95.58122443758151,93.07746820406679,90.58052216149926,88.0822796068771,85.57899687057684,83.06873875787804,80.55038188978436,78.02376117149494,75.49070676374225
65.72517721431961,67.79445725687563,69.8043115915942,71.77454590703823,73.72497239710349,75.67540679942869,77.64566683613609,79.6555713698205,81.72493993487555,83.85377183181217,85.96278400090854,87.95287282569771,89.72493478993687,91.22164908424853,92.55282544872554,93.87005630099183,95.32493408782634,97.0029179748483,98.72493394293241,100.27136229952515,101.52493388496411,102.38623632834023,102.72493386950806,102.43329566017037,101.52493388496411,100.058979678512,98.15529693517033,95.94893274697561,93.5749342202632,91.14680781830782,88.69189739176902,86.21600620822673,83.72493767857476,81.2244954680784,78.72048369075421,76.21870724626984,73.72497239710349
64.61845353972575,66.68767939578817,68.6975008413846,70.6677147745354,72.61812841886092,74.56855462297841,76.538809385549,78.5487105155721,80.61807688844189,82.7469073937942,84.855918716687,86.84600704391406,88.61806872136472,90.1147828497477,91.44595910776742,92.76318988238293,94.21806760683381,95.89605144361484,97.61806737682905,99.16449571195477,100.41806728481009,101.27936972142115,101.61806726027518,101.32642905291891,100.41806728481009,98.95211309345704,97.04843037910993,94.842066245002,92.46806781706422,90.0399415908165,87.58503147604583,85.10914084734175,82.61807330679007,80.11763286026502,77.61362422598557,75.11185336930299,72.61812841886092
64.00461857410112,66.0815140493436,68.10299650520277,70.08877155387525,72.05834102835455,74.03071130614167,76.02410896481499,78.05579791466371,80.14214709334318,82.28072539344238,84.39615901580866,86.39563150358505,88.18740246223226,89.72149599026127,91.10642769902773,92.48691304234022,94.00139643358257,95.72056237951195,97.46953473238452,99.04450611263222,100.36021615640813,101.34042808088218,101.76565160505729,101.41388028380825,100.36021615640813,98.7511394196713,96.73178006040324,94.44088553233823,92.01098247665286,89.55022931788673,87.07732405187299,84.59190473310379,82.09564063781886,79.5910281628019,77.0809310916897,74.56864272525556,72.05834102835455
46.218655563501876,48.28282915641347,50.289581172602,52.25789179492065,54.20710546307967,56.15676566190285,58.126527559603886,60.1361105895368,62.20527207222975,64.33397250962463,66.44290473802378,68.43294655753328,70.20498142829499,71.7016800469188,73.0328463540884,74.35006987045895,75.80494176372326,77.48292090432358,79.20493357813626,80.75135990666921,82.00493030329142,82.86623210754709,83.20492943012118,82.91329140797609,82.00493030329142,80.53897752329578,78.63529751916741,76.42893844072114,74.0549492455513,71.62683944318573,69.1719584700904,66.6961197028878,64.20514461336695,61.704869039995316,59.20115416108399,56.699905502164725,54.20710546307967
47.21926017320693,49.284504076289764,51.29190682326949,53.26062113683912,55.2100893909801,57.159912133854405,59.129778627960434,61.1394291704616,63.208634140467524,65.33736218522694,67.44631120201875,69.43636289324854,71.20840345403136,72.70510536478855,74.03627378415095,75.3534988411775,76.8083719721877,78.48635210961501,80.2083654752796,81.75479222973914,83.00836287603289,83.86966481451464,84.2083621829971,83.91672412153841,83.00836287603289,81.54240979645738,79.63872921704831,77.43236906547003,75.05837791052386,72.63026462198158,70.17537746322269,67.69952768788687,65.20853297494759,62.708222406840434,60.20444518021739,57.70308569634014,55.2100893909801
48.22044703188793,50.286541245989596,52.294460784162524,54.263495627594466,56.213165994899285,58.16311776868933,60.13306728905977,62.142771419608366,64.21201090684319,66.34076086410226,68.44972320604415,70.43978273253444,72.2118278095164,73.70853233325201,75.03970242906776,76.35692870891631,77.81180282232765,79.48978375093787,81.21179766572612,82.75822475824398,84.01179560270222,84.87309764771933,85.21179505263932,84.92015695997736,84.01179560270222,82.54584228534995,80.64216124934003,78.43580024601553,76.06180753559153,73.63369148006169,71.17879941171553,68.70294089914702,66.21193061086416,63.711592266700535,61.20776555239462,58.706318099506674,56.213165994899285
49.22209650659671,51.2888661209533,53.29719602938067,55.26648535310659,57.21631616806958,59.16637036612576,61.136385789553174,63.14613245503381,65.21539933944652,67.34416668899564,69.45313960723836,71.44320535262375,73.21525401413192,74.71196061179643,76.04313203821711,77.3603592886218,78.81523418176633,80.49321573833944,82.21523008896767,83.7616574498027,85.01522845154426,85.87653058111852,86.21522801495898,85.92358989753102,85.01522845154426,83.54927494546834,81.64559354705395,79.43923186769757,77.06523792268847,74.63711967099451,72.18222370589206,69.7063582585323,67.21533560794859,64.71497521746298,62.21110922332622,59.70959194486257,57.21631616806958
50.22411346567269,52.291419465888,54.30007520694494,56.2695665594419,58.219524740909605,60.169660240947564,62.1397279748585,64.14950840164147,66.21879703173491,68.3475781857601,70.45655949849532,72.44663017984917,74.21868168640815,75.71538993015525,77.04656241267969,78.3637904334163,79.81866594543612,81.49664800042399,83.2186626969788,84.76509027077739,86.0186613973548,86.87996359404217,87.21866105083683,86.92702291375207,86.0186613973548,84.55270774148885,82.64902605543371,80.44266383951015,78.06866891460929,75.64054891981583,73.18564986184683,70.7097789103112,68.21874644767306,65.71836855872576,63.214471387265135,60.71289868535406,58.219524740909605
51.226422290132916,53.29415422204201,55.30306865323489,57.27272038608706,59.2227796704601,61.17297970483048,63.14308895961102,65.1528961835792,67.22220207356231,69.35099418433745,71.45998215983428,73.4500567588866,75.22211052357054,76.71882007381686,78.04999339457257,79.36722202672271,80.82209802994453,82.5000804805247,84.22209545164172,85.76852319446962,87.02209442012938,87.88339667008442,88.22209414509784,87.93045599241145,87.02209442012938,85.55614064537492,83.65245873101912,81.44609608922175,79.07210038657968,76.64397900828538,74.18907749550087,71.71320217528006,69.22216192475267,66.72177014708797,64.21784822960109,61.71623153627435,59.2227796704601
52.22896288989827,54.29703301132383,56.306152813292385,58.275931859028944,60.22607139641934,62.176322654814655,64.14646486599838,66.15629335942431,68.22561294879975,70.35441375603494,72.46340701979975,74.45348472834257,76.2255402853056,77.7222508725227,79.05342485858381,80.37065397601353,81.82553036910289,83.50351313366502,85.22552832270225,86.77195619968884,88.02552750399029,88.88682979622395,89.22552728569762,88.9338891206282,88.02552750399029,86.55957363487397,84.6558915393158,82.44952855950201,80.07553223956597,77.64740976318521,75.19250630200872,72.71662751434894,70.22558108253412,67.72517828127427,65.22123672249556,62.7195851120274,60.22607139641934
53.33168752650053,55.40002614936323,57.40930898464791,59.379189090604115,61.32939232963747,63.27968424651593,65.24985261601248,67.25969799134435,69.32902845406625,71.45783616373794,73.56683362482308,75.55691380137719,77.3289707808757,78.82568219113807,80.15685670525286,81.47408620784955,82.92896291037712,84.60694592414697,86.32896128614763,87.8753892696161,89.12896063633552,89.99026296212574,90.32896046307648,90.03732228817867,89.12896063633552,87.6630066923241,85.75932445294548,83.5529612048478,81.17896439496499,78.75084104703166,76.29593603941319,73.82005449963819,71.32900316170986,68.82859161094565,66.3246344626379,63.8229551377033,61.32939232963747
54.33455828155424,56.40311006471762,58.41252231880161,60.382482643815294,62.33273644588829,64.28306063465314,66.25324976651927,68.26310854123426,70.33244763421983,72.46126082239152,74.57026161490411,76.56034375032453,78.33240185889183,79.82911392240632,81.16028885563792,82.47751866394199,83.9323956120709,85.61037882363709,87.33239432291901,88.87882239090214,90.13239380716274,90.9936961595868,91.33239366964696,91.04075548694834,90.13239380716274,88.66643980370709,86.76275745017804,84.55639398914329,82.1823967903893,79.75427275070382,77.29936651567212,74.82348279153729,72.33242755960995,69.83200906431476,67.32803954244761,64.82633822007729,62.33273644588829
55.33754504135125,57.40626604182418,59.41578102775637,61.38580502740855,63.33609896329034,65.28644876704142,67.25665437832802,69.26652378826986,71.33586973115246,73.46468726763294,75.57369070430889,77.56377439448534,79.33583339919616,80.83254598119763,82.16372124708263,83.4809512980269,84.93582844108982,86.61381180964712,88.33582741788919,89.8822555529517,91.13582700853316,91.99712938209652,92.3358268993868,92.04418871049666,91.13582700853316,89.66987295789653,87.76619051376628,85.55982688372322,83.18582937632188,80.75770478759205,78.30279757836092,75.82691212049576,73.33585379789048,70.83542979068916,68.33145044783197,65.8297316658024,63.33609896329034
56.34062389336415,58.40947922178469,60.41907575364944,62.38915029487595,64.33947608617838,66.28984622104448,68.26006491225539,70.26994276346392,72.33929414314628,74.4681151308946,76.57712066624924,78.5672055904381,80.3392653064192,81.83597829994426,83.1671538298566,84.48438407338459,85.9392613711668,87.617244864328,89.33926055905182,90.88568874735527,92.13926023414572,93.00056262448737,93.3392601475162,93.04762195371185,92.13926023414572,90.67330614606158,88.76962363002106,86.56325986583596,84.18926211346101,81.76113708895421,79.30622910649993,76.83034227257032,74.3392814968867,71.8388531148648,69.33486597702631,66.83313333707775,64.33947608617838
57.3437758511097,59.4127378083451,61.4223990680544,63.39251372603263,65.34286480175238,67.29325107374194,69.26348014662136,71.27336469771907,73.342720392613,75.4715441196426,77.58055132072263,79.57063722434889,81.34269750486598,82.83941082501772,84.17058656448876,85.48781696087059,86.94269438145355,88.62067797351301,90.34269373687746,91.88912196743826,93.14269347899926,94.00399588265788,94.34269341024141,94.05105521253662,93.14269347899926,91.676739361193,89.77305678807727,87.56669291742358,85.19269497061293,82.7645696002296,80.30966100406732,77.83377307795351,75.3427103552568,72.84227850092635,70.33828517617158,67.83654153707315,65.34286480175238
58.44698584053317,60.516032437086736,62.52574507434127,64.4958915741893,66.44626271863886,68.39666179886508,70.36689911175948,72.37678898059514,74.44614810048778,76.57497400169146,78.68398252486051,80.67406920586747,82.4461299344573,83.94284351385295,85.27401941965084,86.5912499373529,88.04612745540291,89.72411112595795,91.44612694380251,92.992555207903,94.24612673912448,95.10742915335271,95.4461266845513,95.15448848375075,94.24612673912448,92.78017259772773,90.87648997931137,88.67012602415349,86.29612792301906,83.86800227811327,81.41309319485043,78.93720440186874,76.44614013382449,73.94570552351384,71.441707288178,68.9399549189778,66.44626271863886
59.450241894530734,61.51935567437815,63.5291090919206,65.49928086542268,67.44966793873255,69.40007718498467,71.37032103803323,73.38021512758064,75.4495769659048,77.57840459275482,79.68741416526784,81.67750146328271,83.4495625475083,84.946276332666,86.27745237047768,87.59468298447163,89.0495605798813,90.72754431273835,92.44956017382378,93.99598846454475,95.24956001137073,96.1108624339881,96.44955996805598,96.15792176479835,95.24956001137073,93.7836058512502,91.8799231968787,89.67355917464982,87.29956095102851,84.87143508823407,82.41652561835909,79.94063613734347,77.44957064275467,74.94913384501665,72.44513171213595,69.9433724138048,67.44966793873255
60.55353451302976,62.62270161945712,64.6324874055346,66.60267923921863,68.55307895546163,70.50349627057058,72.47374531457433,74.48364275411576,76.5530067500656,78.6818357465641,80.79084615194273,82.78093393967735,84.55299530617137,86.04970925464255,87.38088539723364,88.69811608765457,90.15299374446464,91.8309775267708,93.55299342217657,95.09942173402621,96.35299329323746,97.21429572251333,97.55299325885852,97.26135505365072,96.35299329323746,94.88703911825588,92.98335643534678,90.77699235988356,88.40299403904439,85.97486800331157,83.51995822658225,81.04406819947346,78.5530017313747,76.05256319747163,73.54855797109865,71.04679317308454,68.55307895546163
61.65685615469849,63.72606558845398,65.73587706621012,67.70608482196688,69.65649457303118,71.60691829244439,73.5771714565318,75.58707155497333,77.6564372634351,79.78526734702552,81.89427841345051,83.88436658987617,85.6564281804068,87.15314225850001,88.48431848425462,89.80154923533564,91.25642694087928,92.93441076243325,94.65642668507905,96.20285501369855,97.45642658274005,98.3177290173007,98.65642655545345,98.36478834869773,97.45642658274005,95.9904723959632,94.08678969040379,91.88042557268847,89.50642717468737,87.07830100169329,84.62339098141345,82.14750052087005,79.65643328009537,77.15599336819542,74.65198568651041,72.15021652337737,69.65649457303118
62.76020083327293,64.82944386350695,66.83927573323784,68.80949612653842,70.75991384232043,72.71034264486366,74.68059907907616,76.69050128789317,78.75986835557862,80.88869930199533,82.99771089309344,84.98779937802345,86.75986114637213,88.25657532734645,89.58775161910795,90.90498241833498,92.35986016255843,94.03784401526339,95.75985995952965,97.30628830145939,98.55985987830312,99.42116231705837,99.75985985664576,99.4682216486615,98.55985987830312,97.0939056821644,95.19022295862742,92.98385880737658,90.60986034813206,88.18173406619357,85.72682385260755,83.25093304804676,80.75986519399846,78.25942418838054,75.75541455790955,73.25364193016819,70.75991384232043
63.86356379700793,65.93283349357586,67.94268154872762,69.91291197257077,71.86333601000045,73.8137688470459,75.7840278767662,77.79393176059259,79.86329990709586,81.99213153833875,84.1011435458704,86.09123227566056,87.86329418514353,89.36000844777465,90.69118479192585,92.00841562936638,93.46329340429006,95.14127728171958,96.863293243146,98.40972159564006,99.66329317867645,100.52459562076093,100.863293161487,100.57165495252762,99.66329317867645,98.19733897510719,96.2936562373014,94.08729205943344,91.71329355157992,89.28516718317223,86.83025681615896,84.35436573855131,81.8632973977472,79.36285552404405,76.85884434681839,74.35706896920854,71.86333601000045
65.066941274161,67.13623213631064,69.14609303802835,71.11633142319235,73.06676047814678,75.01719651739081,76.98745760717203,78.99736282045623,81.06673182321859,83.19556399800871,85.304576336064,87.29466526019984,89.06672728170119,90.56344160914333,91.89461799487631,93.21184886264689,94.66672666193733,96.34471055899077,98.06672653403723,99.61315489491622,100.86672648286772,101.72802892759461,102.06672646922442,101.77508825949111,100.86672648286772,99.40077227340083,97.49708952426988,95.29072532527586,92.9167267788414,90.48860034180305,88.03368985301447,85.55779855868933,83.06672983154671,80.56628726884342,78.06227486395639,75.56049730377005,73.06676047814678
66.47033027092185,68.53963793251887,70.54950903068172,72.51975373479682,74.47018677218198,76.42062535302031,78.39088807787606,80.40079434635291,82.4701640287291,84.5989966349331,86.70800923532525,88.69809831371339,90.4701604241238,91.9668748030065,93.29805122174295,94.61528211358653,96.07015993221691,97.74814384484583,99.4701598307025,101.01658819823662,102.27015979008925,103.13146223691342,103.47015977926054,103.17852156891297,102.27015979008925,100.80420557594141,98.90052281782168,96.69415860205989,94.3201600250037,91.89203353349315,89.43712294805144,86.9612314817175,84.47016244793774,81.96971933837443,79.46570595909097,76.96392666658977,74.47018677218198
67.34677159995097,69.43439036503705,71.47227979765842,73.47987464353224,75.47609479438935,77.4786769841988,79.5035602721949,81.56453849394512,83.67348225359649,85.82493639884896,87.94881694418771,89.96058273706151,91.7779772025981,93.35994280200815,94.8121044592542,96.26935818835622,97.85396950164467,99.62038571961588,101.3997716890052,103.00651346565698,104.38989053592016,105.49415180851044,106.00542498525272,105.59421541030318,104.38989053592016,102.62183635406375,100.46551203174351,98.0692996273063,95.56714662412057,93.063225612481,90.56618673477429,88.06789445095322,85.56458443350151,83.0543043443127,80.53591527200413,78.00923852702613,75.47609479438935
65.70971181246338,67.7789915259082,69.78884566087089,71.75907985252147,73.70950626456741,75.65994061710046,77.63020062177523,79.6401051347874,81.70947368652817,83.83830557501297,85.94731773896993,87.93740656073712,89.70946852323449,91.20618281653839,92.53735918036882,93.85459003216351,95.30946781861911,96.98745170533596,98.70946767320828,100.25589602967062,101.50946761503317,102.37077005836821,102.70946759952197,102.41782939019632,101.50946761503317,100.04351340867277,98.13983066550716,95.93346647764096,93.55946795152845,91.13134155064024,88.67643112599498,86.2005399458225,83.70947142217786,81.209029222395,78.70501746416016,76.20324105361345,73.70950626456741
64.60298864786625,66.6722139815251,68.68203511003942,70.6522488466845,72.60266236716376,74.55308849224181,76.52334320396403,78.53324430117215,80.60261065290686,82.73144114484279,84.84045245957725,86.83054078200723,88.60260245669296,90.09931658347622,91.43049284046955,92.74772361433642,94.20260133818587,95.88058517448252,97.60260110736054,99.1490294422793,100.40260101501332,101.26390345155914,101.60260099039084,101.31096278305371,100.40260101501332,98.93664682380582,97.03296410973823,94.82659997615175,92.45260154916629,90.0244753246126,87.56956521284769,85.09367458949288,82.60260705847722,80.1021666289588,77.5981580249817,75.09638722217159,72.60266236716376
63.98938152308769,66.06629524374692,68.08780570287,70.07361815735283,72.0432335744961,74.0156562756073,76.0091089565251,78.04084944914788,80.12723862716376,82.26583981454843,84.38128848846472,86.3807829339281,88.17259985992098,89.7067799969048,91.091834956572,92.47246338605149,93.98707971136037,95.70633644034206,97.45536775124762,99.03040116135314,100.346244840295,101.3267072113668,101.75210870506668,101.40021407711532,100.346244840295,98.7368574027628,96.71723931668257,94.42615130902755,91.99611820561915,89.53528837042194,87.06234056774468,84.57689865606307,82.08062222299418,79.5759998381743,77.06588829176897,74.55357487301443,72.0432335744961
46.194656084135346,48.25880085170006,50.26553533899051,52.23383508562124,54.183041894545184,56.13269771377591,58.10245679313884,60.11203800391634,62.181198314809436,64.30989800829589,66.41882978431241,68.40887133781618,70.1809060552529,71.67760458516585,73.0087708354196,74.32599431027512,75.78086617018667,77.45884528392614,79.1808579390959,80.72728425615168,81.98085464604615,82.8421564466849,83.18085376802193,82.8892157469362,81.98085464604615,80.51490187412313,78.61122188549646,76.40486283596721,74.0308736936062,71.60276398518033,69.14788317876578,66.67204470819112,64.18107014744596,61.680795517041844,59.177082318131454,56.67583664540396,54.183041894545184
47.195245013750025,49.260466013895076,51.26785483896916,53.23656051688798,55.18602332540043,57.13584259159893,59.105706848546234,61.11535594708377,63.18455998699156,65.31328744129482,67.42223609902446,69.41228757912322,71.18432801821115,72.68102985855816,74.01219823274627,75.3294232568222,76.78429636136028,78.46227647746808,80.1842898283358,81.73071657368588,82.9842872146398,83.84558915025082,84.18428651775143,83.89264845713356,82.9842872146398,81.51833414147154,79.6146535743662,77.40829344573939,75.03430233270768,72.60618911872562,70.15130209226203,67.67545255236213,65.18445825911921,62.684148439467435,60.18037254633046,57.679015432811596,55.18602332540043
48.196419412542554,50.26249543327505,52.27040391581693,54.239431902851834,56.18909794704463,58.1390469610229,60.10899470560659,62.11869769001814,64.18793643900841,66.31668592761226,68.42564798456263,70.41570734347675,72.18775232386889,73.68445679171973,75.01562685168052,76.33285310537613,77.78772719777648,79.4657081094654,81.18772201250934,82.73414909779703,83.98771993801705,84.84902198075562,85.18771938489633,84.89608129290174,83.98771993801705,82.52176662575019,80.61808559950576,78.41172461439785,76.03773193724143,73.6096159408902,71.15472397754735,68.67886565184583,66.18785569668044,63.68751794657986,61.18369229070565,58.68224671930875,56.18909794704463
49.198058988624105,51.26481415324737,53.27313528315361,55.24241916351886,57.192246546649756,59.14229855400724,61.112312567895614,63.12205832364732,65.19132462209913,67.32009159967015,69.4290642917126,71.41912990409185,73.19117848893634,74.68788504224494,76.01905644020746,77.33628366985451,78.7911585463226,80.46914008946524,82.191154430772,83.73758178586843,84.99115278424611,85.85245491201194,86.19115234523386,85.89951422833559,84.99115278424611,83.52519928220651,81.621517891543,79.41515622664514,77.04116230804058,74.6130441033168,72.1581482215558,69.68228292251331,67.19126053632783,64.69090061735893,62.18703546332715,59.68551967828982,57.192246546649756
50.20006808534694,52.26736261071872,54.27601138195129,56.24549841314587,58.195453870403796,60.14558763153525,62.11565424663368,64.12543395133959,66.19472211634553,68.32350297512761,70.43248410832612,72.42255468411236,74.19460612982314,75.69131433836489,77.02248679830203,78.33971480256324,79.79459030134694,81.47257234567505,83.19458703483141,84.74101460407525,85.99458572798278,86.85588792323475,87.1945853795385,86.90294724287412,85.99458572798278,84.52863207532042,82.62495039541719,80.41858819096939,78.0445932870258,75.61647332951267,73.16157433769197,70.68570350387638,68.19467125109298,65.69429373639412,63.19039723174237,60.688825715218684,58.195453870403796
51.20237066579118,53.27009348627638,55.27900238406164,57.248650686524115,59.198707808461805,61.14890646256802,63.11901482930833,65.12882148014798,67.19812700098463,69.32691887742264,71.4359067104202,73.42598122568313,75.19803494207167,76.69474446437542,78.02591776720357,79.34314638627714,80.79802237899347,82.47600482111297,84.19801978635782,85.74444752557064,86.99801874911128,87.85932099792706,88.19801847255084,87.90638032019812,86.99801874911128,85.53206497689953,83.62838306742648,81.42202043473743,79.0480247487292,76.61990340002434,74.16500193974187,71.68912671295587,69.19808662899135,66.69769514837125,64.1937737601417,61.69215800769166,59.198707808461805
52.204906307368915,54.27296919463555,56.282084603819044,58.2518609264945,60.20199874741479,62.15224891023503,64.1223904165567,66.13221845508038,68.20153775146011,70.33033837270025,72.43933152336274,74.42940916540167,76.20146468403254,77.69817524907157,79.02934922090353,80.34657832795443,81.80145471270552,83.47943747055241,85.20145265492891,86.74788052904623,88.00145183166575,88.86275412299514,89.20145161215957,88.90981344735499,88.00145183166575,86.53549796456757,84.63181587288483,82.42545290030031,80.05145659356657,77.62333414067098,75.16843072116546,72.69255200766514,70.20150570805203,67.7011031425588,65.1971620038587,62.69551114018634,60.20199874741479
53.3076270071997,55.375959886783306,57.38523923493466,59.355117179369614,61.30531905594901,63.25561010323199,65.22577791326401,67.23562292753354,69.3049531577021,71.43376071974845,73.54275809106382,75.53283821483365,77.30489516390784,78.80160655656745,80.13278105938855,81.45001055374756,82.90488724965705,84.58287025809699,86.30488561639845,87.85131359758952,89.10488496297401,89.96618728804651,90.30488478875182,90.01324661406417,89.10488496297401,87.6389310205644,85.7352487842617,83.52888554190193,81.15488874249777,78.72676541320467,76.27186043866053,73.79597895774603,71.3049277247467,68.80451636111192,66.30055954622505,63.79888081403621,61.30531905594901
54.310494636718474,56.37904186047825,58.388451346458794,60.35840995572943,62.308662676364804,64.25898617490799,66.22917486271729,68.23903335085299,70.30837225925929,72.43718533026004,74.54618605152208,76.5362681450475,78.308326229467,79.80503827901015,81.13621320327793,82.45344300504374,83.90831994791989,85.58630315525575,87.30831865160155,88.85474671777715,90.1083181329782,90.96962048483262,91.30831799469796,91.01667981216615,90.1083181329782,88.6423641307939,86.73868177970621,84.53231832322564,82.15832113278857,79.73019710789784,77.27529089911727,74.79940722170016,72.30835207305532,69.80793372628568,67.30396446905758,64.80226361715839,62.308662676364804
55.31347891519869,57.38219629626566,59.39170908492339,61.36173172269963,63.312024800207794,65.26237405611491,67.23257931494734,69.2424484974286,71.31179429380953,73.440611737291,75.54961511741523,77.53969877433951,79.31175775988419,80.80847033079657,82.13964558956701,83.45687563532186,84.91175277421564,86.58973613941534,88.31175174532703,89.85817987895486,91.11175133369535,91.97305370680664,92.31175122394227,92.02011303518454,91.11175133369535,89.64579728406784,87.74211484187529,85.53575121544685,83.1617537146467,80.73362913765945,78.27872194926388,75.80283652847865,73.3117782719749,70.81135438265892,68.30737524984757,65.80565684123656,63.312024800207794
56.316555797424854,58.38540825273981,60.39500304048221,62.36507650073048,64.31540161071865,66.26577131075146,68.23598972221549,70.24586739288691,72.31521865629018,74.44403957022493,76.55304506069433,78.54312995849091,80.3151896592598,81.81190264398347,83.14307816824895,84.46030840765809,85.91518570213123,87.59316919262751,89.31518488550171,90.86161307266649,92.11518455878945,92.97648694877226,93.31518447167836,93.02354627797911,92.11518455878945,90.64923047150621,88.74554795700365,86.53918419568753,84.1651864485519,81.73706143336523,79.28215346744814,76.80626666294893,74.31520593973022,71.81477765127434,69.3107906801504,66.80905833658774,64.31540161071865
57.31970619152008,59.388665868129934,61.3983257434374,63.36843954340699,65.31879007835295,67.26917600520927,69.2394048560511,71.24928926385542,73.31864486645819,75.4474685349017,77.55647570035626,79.54656158303493,81.31862185147807,82.81533516464415,84.14651089963326,85.46374129274596,86.91861871070253,88.5966023006468,90.31861806254324,91.86504629220025,93.11861780323153,93.97992020660527,94.3186177340914,94.02697953647005,93.11861780323153,91.65266368606092,89.74898111416587,87.54261724578927,85.16861930313706,82.74049394015111,80.28558535711443,77.80969745435956,75.31863477330435,72.81820299323752,70.31420980080483,67.81246639695019,65.31879007835295
58.422914939728855,60.491959725997376,62.50167126439412,64.4718170832178,66.4221877984459,68.37258660473601,70.34282374139755,72.35271349650056,74.42207254314141,76.55089839784522,78.65990689273828,80.64999355711907,82.42205427612586,83.91876784997693,85.24994375221755,86.56717426732487,88.02205178329032,89.70003545216656,91.42205126884593,92.96847953222908,94.22205106303008,95.08335347703226,95.42205100815355,95.13041280741922,94.22205106303008,92.75609692213786,90.85241430469037,88.6460503513398,86.27205225350596,83.8439266144715,81.38901754162643,78.91312876718476,76.42206453219144,73.92162998082398,71.41763185051269,68.91587966802692,66.4221877984459
59.42617000848253,61.49528235141041,63.50503489675275,65.47520612971125,67.42559286234217,69.37600189116877,71.34624560434023,73.35613960361762,75.42550138380163,77.55432897374462,79.66333852381494,81.65342580863364,83.42548688525314,84.9222006660101,86.25337670099836,87.5706073129329,89.02548490668804,90.7034686382126,92.42548449837324,93.97191278852486,95.2254843350171,96.08678675745506,96.42548429146154,96.13384608825646,95.2254843350171,93.75953017529702,91.8558475216945,89.64948350090009,87.27548527989846,84.84735942176407,82.39244996015772,79.91656049385733,77.42549502550108,74.92505827454639,72.42105622502399,69.91929707488904,67.42559286234217
60.52946184493554,62.59862781081905,64.60841290460807,66.57860430925352,68.52900375509589,70.47942089763261,72.44966983061525,74.45956719850905,76.52893114831295,78.65776011551823,80.76677050308406,82.75685828034486,84.52891964080192,86.02563358578024,87.3568097261304,88.67404041491675,90.12891807041363,91.8069018516622,93.52891774633395,95.07534605773171,96.3289176166781,97.19022004581151,97.52891758210802,97.23727937694191,96.3289176166781,94.86296344201432,92.95928075971557,90.75291668539091,88.37891836663093,85.95079233459683,83.4958825644303,81.01999254900105,78.52892610172307,76.02848760495199,73.52448244474074,71.02271776435057,68.52900375509589
61.63278286585779,63.70199139432518,65.71180232259726,67.68200973782024,69.63241927426517,71.58284285670678,73.55309593267631,75.56299597425092,77.63236164608657,79.76119170642697,81.87020275871392,83.86029092682648,85.63235251256557,87.12906658788651,88.46024281186246,89.77747356164615,91.23235126614748,92.91033508686205,94.6323510089253,96.17877933718609,97.43235090601732,98.29365334046499,98.63235087857905,98.34071267185648,97.43235090601732,95.96639671949276,94.06271401441778,91.85634989760614,89.48235150125535,87.05422533119688,84.59931531612597,82.12342486485258,79.63235764060342,77.13191775817518,74.62791012900286,72.12614105922833,69.63241927426517
62.73612705172259,64.80536936340513,66.81520079700121,68.7854209200164,70.73583846545348,72.68626715928175,74.65652352355478,76.6664256872364,78.73579272585162,80.86462365381476,82.9736352336915,84.96372371202344,86.73578547656903,88.23249965534299,89.5636759456928,90.8809067438901,92.33578448728629,94.01376833932501,95.73578428312888,97.28221262477393,98.53578420145081,99.39708664011634,99.73578417967303,99.44414597171505,98.53578420145081,97.0698300055123,95.16614728235982,92.95978313182623,90.58578467389152,88.15765839428308,85.70274818483136,83.2268573876282,80.7357895466962,78.23534856447,75.73133897567845,73.22956642203599,70.73583846545348
63.839489624379354,65.90875875061758,67.91860645960324,69.88883666891851,71.83926057114442,73.78969332190235,75.75995229611155,77.76985614411387,79.83922426754407,81.96805588414034,84.07706788276558,86.06715660731885,87.83921851378331,89.335932774668,90.66710911769876,91.98433995432198,93.43921772858906,95.11720160548978,96.83921756654922,98.38564591881733,99.63921750172126,100.50051994373455,100.83921748443626,100.54757927549774,99.63921750172126,98.17326329831093,96.26958056081031,94.0632163835116,91.68921787669773,89.26109151013938,86.8061811464075,84.3302900746396,81.83922174424592,79.33877988910882,76.83476874496418,74.33299342616681,71.83926057114442
65.04286679112438,67.11215720059359,69.12201782755547,71.09225604244716,73.04268499008977,74.99312096084711,76.96338200656902,78.97328719141962,81.04265617586887,83.17148833903391,85.28050067002019,87.27058958999947,89.04265160910505,90.53936593516106,91.87054232000474,93.18777318712664,94.64265098589593,96.32063488252967,98.04265085728483,99.58907921798448,100.84265080583086,101.70395325050123,102.04265079211171,101.75101258239496,100.84265080583086,99.3766965964901,97.47301384760138,95.26664964905918,92.89265110344986,90.46452466787933,88.00961418169521,85.5337228920051,83.04265417312524,80.54221162515786,78.03819924652726,75.5364217330205,73.04268499008977
66.4462555415085,68.51556284380685,70.52543372389358,72.4956782928626,74.44611124507392,76.39654977155423,78.36681246144002,80.37671870734908,82.44608837519012,84.57492097216732,86.68393356694878,88.67402264203787,90.44608475054675,91.94279912832927,93.27397554635986,94.59120643768858,96.0460842559053,97.72406816820111,99.44608415382662,100.9925125212184,102.24608411298757,103.1073865597669,103.4460841020987,103.15444589176425,102.24608411298757,100.78012989893986,98.87644714101239,96.67008292560921,94.29608434920794,91.86795785886238,89.41304727548784,86.93715581283273,84.44608678561112,81.94564368774368,79.44163032930004,76.93985107384847,74.44611124507392
67.30543170379562,69.39316493850652,71.4312289613668,73.43905496617218,75.43555586673506,77.43845422351978,79.46366465155734,81.52494504902572,83.63412051295855,85.78570615450118,87.90967275148611,89.92156347869931,91.73921720522122,93.32166305823527,94.77449020457283,96.23249122739581,97.81777363448097,99.58463588774603,101.3643063766117,102.9713432255821,104.35534154908311,105.46071666435373,105.97274384308031,105.56101505772803,104.35534154908311,102.58581215277609,100.42817242532591,98.03091967749484,95.52803810082676,93.02367590246833,90.52638843534433,88.0279629810562,85.52457990467259,83.01424096120928,80.49576564222599,77.96893884558065,75.43555586673506
65.66688624631212,67.73616504226825,69.74601862035595,71.71625246689784,73.66667866144323,75.6171128751668,77.58737279054166,79.59727724592427,81.66664576054777,83.79547762547075,85.9044897751001,87.89457858844278,89.66664054608435,91.1633548365788,92.49453119860675,93.81176204908668,95.26663983448603,96.94462372035221,98.66663968763412,100.21306804373302,101.46663962888248,102.32794207210297,102.66663961321757,102.37500140392548,101.46663962888248,100.00068542277774,98.09700268010306,95.89063849315264,93.51663996871254,91.08851357079935,88.63360315143281,86.15771198065465,83.66664347375709,81.16620130384115,78.6621895988232,76.16041328288722,73.66667866144323
64.56016450347163,66.62938838078638,68.63920862534643,70.60942181417724,72.55983498940057,74.5102608941342,76.48051546410244,78.49041646982961,80.55978276264446,82.68861321717844,84.79762450916925,86.78771281822614,88.55977448520377,90.05648860752731,91.38766486165937,92.70489563343921,94.15977335561195,95.83775719055825,97.55977312249908,99.10620145684085,100.35977302923666,101.22107546560065,101.55977300437017,101.26813479708629,100.35977302923666,98.89381883843501,96.99013612514673,94.78377199301391,92.40977356868325,89.98164734885208,87.52673724546668,85.05084663702436,82.55977913259301,80.05933875048528,77.55533023098454,75.05355957835887,72.55983498940057
63.94716788094867,66.02413049716978,68.04571600026249,70.03162869315732,72.00136722104283,73.97393039301149,75.96753050201056,77.99940909349375,80.08590543781364,82.22456794322694,84.34005694156463,86.33961021267336,88.13155028373983,89.66596243036157,91.05134752743182,92.43235918143547,93.94733149950966,95.66683131929105,97.41602049277535,98.99121998189058,100.30742142656638,101.2885541798926,101.7144319666593,101.3622073453077,100.30742142656638,98.69720212392733,96.67689115997928,94.38528490916694,91.95490341977117,89.49386815742275,87.02080638717112,84.53530394111154,82.0389944502804,79.53434551296156,77.02419518080227,74.51181463460546,72.00136722104283
46.18438724231018,48.248519627349964,50.25524658468164,52.22354165937783,54.17274552173038,56.1223994595843,58.09215732824961,60.10173775755635,62.170897565068714,64.29959693898755,66.40852852066986,68.39856995990306,70.17060461147454,71.6673031032791,72.99846932908297,74.31569278610448,75.77056463168839,77.44854373388898,79.17055638105015,80.71698269317557,81.97055308017994,82.83185487926494,83.17055220007055,82.8789141794399,81.97055308017994,80.50460031172474,78.60092032975729,76.39456129265017,74.02057217297477,71.59246250490344,69.13758177009156,66.66174342694214,64.1707690933481,61.670494868023184,59.16678239080599,56.66553800088286,54.17274552173038
47.18496943623174,49.25018059790419,51.25756344247401,53.22626541071834,55.17572587991016,57.12554365260402,59.09540694851549,61.105055426756564,63.174259067113596,65.3029862677691,67.41193477125306,69.40198616065427,71.17402654746456,72.67072835756483,74.00189671234698,75.319121722268,76.77399481543421,78.45197492238358,80.17398826689487,81.72041500833173,82.97398564699179,83.83528758136958,84.1739849484484,83.8823468881917,82.97398564699179,81.50803257657591,79.60435201475602,77.39799189598867,75.02400080096258,72.59588761901006,70.1410006493778,67.6651512106163,65.17415709766628,62.673847599535435,60.17007227923622,57.66871618397319,55.17572587991016
48.18613848260786,50.25220668794297,52.26011042125096,54.22913546293347,56.17879965001217,58.128747478434406,60.09869446017761,62.108396952232624,64.1776353840884,66.30638467136762,68.41534660589153,70.40540589281844,72.17745083171755,73.67415527556142,75.00532532011965,76.32255156258051,77.77742564595498,79.45540655037485,81.17742044837368,82.72384753055542,83.9774183689548,84.83872041071457,85.17741781452048,84.8857797228126,83.9774183689548,82.51146505887252,80.60778403682315,78.40142305954073,76.02743039667536,73.59931442574604,71.14442250751046,68.66856426208314,66.17755445001816,63.67721695511477,61.17339175392078,58.671946990772895,56.17879965001217
49.18777380650286,51.25452276388078,53.262840122738695,55.23212166475744,57.181947573647534,59.13199863992742,61.1020120483074,63.111757413258545,65.18102345999367,67.30979027777055,69.41876287264206,71.40882842788463,73.18087697979595,74.67758351405017,76.00875489978765,77.32598212051764,78.7808569898219,80.45883852719507,82.18085286449752,83.72728021712877,84.9808512140614,85.84215334105033,86.18085077400656,85.88921265733582,84.9808512140614,83.51489771375572,81.6112163264218,79.40485466773504,77.0308607604733,74.60274257592698,72.14784672996774,69.67198149463928,67.18095922203385,64.68059950561879,62.176734712478634,59.67521956898602,57.181947573647534
50.18977952575837,52.257069121813004,54.26571489896733,56.23520007382511,58.18515436082086,60.13528737495474,62.10535350943475,64.11513290395135,66.18442086916532,68.31320160111702,70.42218265719028,72.41225318762687,74.1843046071985,75.68101280061671,77.0121852508508,78.32941324803457,79.78428874113231,81.4622707808812,83.18428546685934,84.73071303414656,85.98428415690717,86.84558635154252,87.18428380763538,86.89264567115161,85.98428415690717,84.51833050562101,82.61464882836049,80.4082866288424,78.03429173390168,75.60617179240339,73.15127282899866,70.67540204575317,68.18436988311902,65.6839925291896,63.18009631098511,60.67852530367914,58.18515436082086
51.19207942392563,53.25979833035545,55.268704851112034,57.23835167995327,59.188407872954684,61.13860593412838,63.108713919385096,65.11852032402061,67.18782568627955,69.31661746205117,71.42560523383395,73.41567971310272,75.18773340874455,76.68444291904473,78.01561621417156,79.33284482762775,80.78772081583111,82.46570325431608,84.1877182170384,85.73414595469822,86.98771717732855,87.84901942565494,88.18771690011131,87.89607874790194,86.98771717732855,85.52176340620909,83.61808149883359,81.41171887005726,79.03772319119457,76.60960185520074,74.1547004174721,71.67882523082375,69.18778521841121,66.68739386539534,64.18347270452378,61.68185735625481,59.188407872954684
52.19461293558298,54.262672715219395,56.2717862373587,58.24156139026539,60.191698473826335,62.14194816601041,64.112089369538,66.12191721264509,68.19123638315989,70.3200369245004,72.42903002657643,74.41910764004672,76.19116314221085,77.68787369772262,79.01904766344202,80.33627676603439,81.79115314720357,83.46913590216572,85.19115108454005,86.73757895742477,87.99115025932176,88.85245255026275,89.19115003929431,88.89951187460349,87.99115025932176,86.52519639309055,84.62151430307262,82.41515133359364,80.04115503253135,77.61303258972448,75.15812918812,72.68225050647703,70.19120426365507,67.69080179944228,65.18686084119929,62.68521029833494,60.191698473826335
53.29733194426713,55.365662356666036,57.37494020682034,59.34481722271167,61.29501851400943,63.245309187732275,65.21547675742995,67.22532161659456,69.29465174686298,71.42345924549252,73.53245657824466,75.52253667933945,77.29459361534398,78.79130500044178,80.12247949841137,81.4397089892316,82.89458568229813,84.57256868844846,86.29458404516083,87.84101202537356,89.09458339018457,89.95588571494878,90.29458321554867,90.00294504095135,89.09458339018457,87.62862944846307,85.72494721348176,83.51858397358683,81.1445871786841,78.71646385739845,76.26155889706237,73.78567744143314,71.29462625350916,68.79421497026132,66.29025829860518,63.78857982104766,61.29501851400943
54.30019823112633,56.36874349626629,58.378151793128836,60.34810966535244,62.29836192142483,64.2486851234631,66.21887362051477,68.22873198554194,70.29807081465677,72.42688383532328,74.5358845259776,76.52596660150579,78.29802467555186,79.7947367190932,81.12591163951032,82.44314143846742,83.89801837908712,85.5760015846057,87.2980170796902,88.84444514508931,90.09801655983522,90.95931891144494,91.29801642122658,91.00637823876644,90.09801655983522,88.63206255819705,86.72838020815816,84.52201675363392,82.14801956676965,79.71989554823443,77.26498935073083,74.78910569338271,72.29805058051429,69.79763229754818,67.29366315400353,64.79196250420904,62.29836192142483
55.30318144368762,57.37189726993613,59.381409114691394,61.3514311674343,63.30172387620303,65.25207289676769,67.22227800419313,69.23214708896202,71.30149282240885,73.43031022593983,75.53931358177061,77.52939722441047,79.30145620172178,80.7981687678705,82.12934402358465,83.44657406711022,84.90145120421306,86.57943456797037,88.301450172881,89.84787830589254,91.10144976027175,91.96275213318881,92.30144965025804,92.00981146155718,91.10144976027175,89.63549571107774,87.73181326971758,85.5254496448419,83.15145214687746,80.72332757493461,78.26842039548958,75.79253499063313,73.3014767625252,70.80105292385036,68.29707388127036,65.79535563307226,63.30172387620303
56.306257479736274,58.37510870082659,60.384702739330805,62.35477573521342,64.30510055252311,66.25547006576052,68.22568835705113,70.2355659501675,72.30491716361968,74.43373804584559,76.54274351703323,78.53282840349223,80.30488809772628,81.80160107866904,83.13277660050873,84.45000683814851,85.90488413120016,87.58286762055165,89.30488331263132,90.85131149930689,92.10488298514312,92.9661853749718,93.30488289782517,93.01324470417107,92.10488298514312,90.63892889820394,88.73524638436207,86.52888262427835,84.15488487939348,81.72675986821051,79.27185190939747,76.79596511754096,74.3049044168601,71.80447616859826,69.30048926909146,66.79875705285006,64.30510055252311
57.30940720212095,59.378365899022484,61.38802517961996,63.35813861100691,65.30848891364764,67.25887469224185,69.22910344770091,71.23898779394935,73.30834335690571,75.43716700018189,77.54617415033245,79.53626002401248,81.30832028726891,82.80503359743406,84.13620933049783,85.45343972220618,86.90831713903452,88.58630072807017,90.30831648933597,91.85474471860473,93.10831622940842,93.96961863265983,94.3083161601041,94.01667796251859,93.10831622940842,91.64236211251088,89.73867954114024,87.53231567374179,85.15831773287599,82.73019237306781,80.27528379566962,77.79939590294927,75.3083332397824,72.80790149161766,70.30390835602785,67.80216505322906,65.30848891364764
58.41261541713034,60.48165942573861,62.491370492088976,64.46151601835874,66.41188654920218,68.36228523781499,70.33252229877053,72.34241200501631,74.41177102018972,76.5405968549181,78.64960533766438,80.63969199490299,82.41175270979303,83.90846628126229,85.23964218197476,86.55687269596746,88.01175021103742,89.68973387919246,91.4117496953713,92.9581779584463,94.21174948906668,95.07305190297174,95.4117494340598,95.12011123335392,94.21174948906668,92.7457953483912,90.8421127313599,88.63574877878574,86.26175068236975,83.83362504585746,81.37871597748769,78.90282721101043,76.41176299021508,73.9113284641684,71.40733037897351,68.90557827669642,66.41188654920218
59.415870062644075,61.48498178830148,63.49473395896477,65.464904959717,67.41529154599927,69.36570048142431,71.3359441345075,73.34583809500673,75.41519985021493,77.54402742430341,79.65303696473282,81.6431242438827,83.41518531723474,84.91189909610128,86.24307512987663,87.56030574092647,89.0151833339709,90.69316706492305,92.4151829246864,93.96161121459345,95.2151827609423,96.07648518330319,96.41518271728333,96.12354451410083,95.2151827609423,93.74922860139426,91.8455459481221,89.63918192794387,87.26518370806761,84.8370578519351,82.38214839388078,79.90625893390177,77.41519347681447,74.91475674595692,72.41075473224356,69.90899564577064,67.41529154599927
60.51916156314654,62.588327039076276,64.59811183547254,66.56830305581185,68.51870238549567,70.46911945389893,72.43936833918922,74.44926567630463,76.5186296062852,78.64745856090676,80.75646894082055,82.74655671358205,84.5186180714457,86.01533201492359,87.34650815431107,88.66373884239525,90.118616497328,91.79660027812227,93.5186161724787,95.06504448368233,96.31861604251492,97.17991847158717,97.51861600786276,97.22697780271457,96.31861604251492,94.8526618679877,92.94897918595113,90.74261511211554,88.3686167942488,85.94049076380355,83.48558099645629,81.00969098604426,78.51862454771052,76.01818606689058,73.51418093510102,71.0124163052397,68.51870238549567
61.622482317409094,63.69169045698358,65.7015011492087,67.67170841814541,69.62211786239428,71.57254138599568,73.5427944241116,75.55269444125736,77.62206009735917,79.75089014771183,81.85990119392537,83.84998935846683,85.62205094214754,87.11876501627758,88.44994123948943,89.76717198871582,91.22204969276942,92.90003351312338,94.62204943493634,96.1684777630431,97.42204933178402,98.2833517661831,98.62204930428061,98.33041109757221,97.42204933178402,95.95609514536783,94.05241244050092,91.84604832407746,89.47204992843564,87.04392375963823,84.58901374680497,82.1131232995138,79.62205608236366,77.12161621259585,74.6176086059819,72.11583957631228,69.62211786239428
62.72582629161613,64.79506829462389,66.80489954086545,68.77511954777165,70.72553702003204,72.67596566715855,74.64622200138706,76.65612414567946,78.7254911718067,80.8543220918425,82.96333366689882,84.95342214239635,86.72548390530824,88.22219808313697,89.5533743728803,90.87060517063527,92.3254829136761,94.00346676542864,95.72548270903384,97.27191105055664,98.52548262716181,99.38678506578879,99.72548260533232,99.43384439738563,98.52548262716181,97.05952843130932,95.155845708322,92.9494815580965,90.57548310072448,88.14735682211698,85.69244661444128,83.21655582039881,80.7254879851013,78.22504701292374,75.72103744203676,73.2192649202257,70.72553702003204
63.8291886962738,65.89845757751021,67.90830513779005,69.87853525494857,71.82895909909374,73.77939181278433,75.74965076314709,77.75955459576014,79.82892270927863,81.95775431958297,84.06676631438222,86.05685503668582,87.8289169418536,89.32563120198806,90.65680754453749,91.9740383808096,93.42891615479462,95.10690003146821,96.82891599236996,98.37534434454102,99.62891592738806,100.49021836937075,100.828915910062,100.53727770113244,99.62891592738806,98.162961724046,96.25927898667648,94.05291480962231,91.67891630325502,89.25078993749112,86.79587957516888,84.3199885059096,81.82892017998802,79.32847833282652,76.8244672028928,74.32269190936009,71.82895909909374
65.03256572967398,67.10185594468102,69.11171645361348,71.08195459535972,73.03238349690334,74.98281943824023,76.95308046503516,78.96298563767125,81.03235461425358,83.16118677242473,85.27019910037431,87.26028801856806,89.03235003664446,90.52906436210499,91.8602407465666,93.17747161340986,94.6323494119553,96.31033330840873,98.03234928303877,99.57877764366138,100.83234923146262,101.69365167610869,102.03234921771087,101.74071100800123,100.83234923146262,99.36639502217605,97.46271227339135,95.25634807504323,92.8823495297884,90.45422309484842,87.99931260978312,85.5234213220841,83.03235260675376,80.5319100651166,78.02789769776523,75.52612020431106,73.03238349690334
66.43595437421975,68.50526152217083,70.51513230857654,72.48537681948962,74.43580973511202,76.38624823824118,78.35651091310464,80.36641714931902,82.43578681091604,84.56461940392958,86.67363199630083,88.66372106997272,90.43578317766473,91.93249755497463,93.26367397270201,94.58090486380955,96.03578268184862,97.71376659400133,99.43578257952748,100.98221094685812,102.23578253859147,103.09708498535147,103.43578252767671,103.14414431734791,102.23578253859147,100.76982832458675,98.86614556674186,96.65978135149271,94.28578277537281,91.85765628552772,89.40274570304118,86.92685424196641,84.43578521756207,81.93534212471894,79.4313287752276,76.92954953569183,74.43580973511202
67.28516097215709,69.37295254339301,71.41110553724613,73.41904933208102,75.4156932795683,77.41875271229043,79.44412978802478,81.50556409933563,83.61485757138702,85.76651018040386,87.89052059948867,89.90247494761604,91.72026069004254,93.30295105716296,94.75611696010967,96.21449828753146,97.80012213623921,99.56721128098468,101.34702648228713,102.95421339597914,104.33852761952551,105.44446894021165,105.95687928037356,105.5448866584576,104.33852761952551,102.5682479825586,100.40993896334874,98.01215666135066,95.50890411321502,93.00431722790668,90.50690314433976,88.00840985655478,85.50498956455914,82.9946206405309,80.47610138609414,77.94919814755951,75.4156932795683
65.64585813329819,67.71513647542837,69.72498977806374,71.69522345390124,73.64564954086225,75.59608368592515,77.56634355712876,79.5762479840055,81.6456164802693,83.7744483335377,85.8834604760801,87.87354928525565,89.64561124049536,91.14232552960016,92.47350189073649,93.79073274056607,95.24561052544298,96.92359441088838,98.64561037787826,100.19203873379736,101.44561031884145,102.30691276200528,102.6456103031005,102.353972093825,101.44561031884145,99.97965611286317,98.07597337043133,95.86960918393386,93.49561066032102,91.06748426387938,88.61257384712391,86.13668268099255,83.64561418237875,81.14517202723617,78.6411603485414,76.13938407940364,73.64564954086225
64.53913709371409,66.6083602506641,68.61818005798565,70.58839297584595,72.53880598029204,74.48923177603459,76.45948627588575,78.46938723636282,80.53875350003354,82.66758393606702,84.77659521680795,86.76668351925,88.53874518241486,90.03545930253246,91.36663555524922,92.68386632599672,94.1387440473401,95.81672788161848,97.5387438130957,99.08517214715211,100.33874371938062,101.20004615565466,101.53874369439343,101.24710548713588,100.33874371938062,98.87278952877966,96.96910681587688,94.76274268446312,92.38874426144562,89.96061804395043,87.50570794470983,85.02981734364386,82.53874985236216,80.03830949370564,77.53430101599022,75.03253043765176,72.53880598029204
63.92645179046251,66.00343933291357,68.02506309148126,70.01102688176942,71.98082816397921,73.9534629361164,75.94713818772831,77.97908716332118,80.06563812419134,82.20433187899002,84.31984142741956,86.3194246766791,88.1114275017504,89.64595787182088,91.03151117815082,92.41271806578133,93.9278717209744,95.64749535449789,97.39676492672575,98.97204899441716,100.28843262082864,101.2699066857329,101.69602691918385,101.34363432609858,100.28843262082864,98.67778968031638,96.6571257660104,94.3652554677832,91.93469644729221,89.47355649296736,87.00043663812023,84.51490333923675,82.01857699943577,79.51391452862717,77.00374442761034,74.49132966634407,71.98082816397921
46.15799653925812,48.22209696667497,50.22880449004147,52.19708750694652,54.14628376447209,56.09593284665765,58.06568759061466,60.075266003009745,62.14442451133719,64.27312306047764,66.3820541405988,68.37209528490865,70.14412976648717,71.64082815993706,72.9719943226377,74.289217733631,75.7440895422364,77.42206861465607,79.14408124114765,80.6905075405482,81.94407792009345,82.80537971516836,83.14407703460242,82.8524390151463,81.94407792009345,80.4781251605884,78.5744451958079,76.36808619076137,73.99409712963569,71.56598756571631,69.11110701570519,66.63526900143023,64.14429525409508,61.644022074247204,59.14031145966135,56.639070380549114,54.14628376447209
47.158561349306815,49.223747119097126,51.231114528623664,53.19980692255578,55.14926135417156,57.09907527225829,59.06893608781627,61.07858296512282,63.14778557427147,65.27651212028242,67.38546022567047,69.37551138098853,71.14755163287441,72.64425336491016,73.97542166960707,75.29264664299545,76.74751970681172,78.42549979012392,80.14751311822974,81.69393984956685,82.9475104823066,83.80881241350156,84.1475097794918,83.85587172016733,82.9475104823066,81.48155741899447,79.57787687081586,77.37151677749506,74.99752572893999,72.56941262965314,70.11452580669813,67.63867662896689,65.14768298133848,62.6473743130274,60.14360047117617,57.64224700394739,55.14926135417156
48.159716581783016,50.22576461647098,52.23365609248572,54.202673532486955,56.15233292651688,58.10227769511917,60.07222270803388,62.08192392935658,64.15116154271358,66.27991031039005,68.38887192894092,70.37893103007436,72.15097586188335,73.64768024376716,74.97885024857263,76.2960764620374,77.7509505221168,79.42893140777582,81.1509452927536,82.69737236691917,83.9509432006196,84.81224523985318,85.15094264279506,84.85930455182708,83.9509432006196,82.48498989617559,80.5813088849533,78.37494792786784,76.0009553018866,73.57283939656924,71.11794759475194,68.64208955650597,66.15108011377181,63.65074327751202,61.14691924981116,58.64547657268784,56.15233292651688
49.16134093128677,51.22807386842852,53.23638149457412,55.20565700153067,57.15547910553178,59.10552774296866,61.07553958858094,63.08528394490722,65.15454934198175,67.28331574734268,69.39228809142364,71.38235349920092,73.15440196611439,74.65110845119072,75.98227980537635,77.2995070030921,78.75438185390703,80.4323633763897,82.15437770335733,83.70080504962614,84.95437604282921,85.81567816781308,86.15437560008354,85.86273748400005,84.95437604282921,83.4884225469986,81.58474116825818,79.37837952560173,77.004385647615,74.57626751514499,72.12137176158733,69.64550669069979,67.15448471123543,64.6541255175957,62.15026165588803,59.64874816817026,57.15547910553178
50.16333793367062,52.23061480765631,54.23925285737232,56.20873324118739,58.158684507835176,60.10881559402986,62.078880488072556,64.08865908201541,66.15794653158227,68.28672693619481,70.39570779321383,72.38577820660657,74.15782955871515,75.65453771310075,76.98571013829209,78.30293811720942,79.75781359563216,81.43579562356243,83.1578103013378,84.70423786357517,85.95780898337563,86.81911117641957,87.15780863196811,86.86617049595046,85.95780898337563,84.49185533564133,82.58817366520145,80.38181147840669,78.00781660670154,75.57969670653634,73.12479781647096,70.6489271637429,68.1578952337769,65.65751829478056,63.15362281587363,60.65205312281752,58.158684507835176
51.165630909158736,53.23333971378946,55.2422400996485,57.21188312519976,59.16193692069385,61.11213345155707,63.082240452235396,65.09204622143767,67.16135117442016,69.29014269037978,71.3991303041721,73.3892046905427,75.16125833263891,76.65796781195886,77.9891410872092,79.3063696861673,80.7612456627231,82.43922809182763,84.16124304803941,85.70767078169114,86.96124200197198,87.82254424903527,88.16124172305965,87.86960357122024,86.96124200197198,85.49528823367167,83.59160633170971,81.38524371303185,79.01124805261131,76.5831267494236,74.12822536990456,71.65235028684836,69.16131045910583,66.6609194354264,64.15699886134774,61.65538455623768,59.16193692069385
52.168158923701185,54.236210682832564,56.24531933467597,58.21509146850812,60.165226649005234,62.115475126515506,64.08561554855581,66.09544288730821,68.16476173297568,70.29356206810152,72.40255504477977,74.39263258451648,76.16468804418136,77.66139857510407,78.9925725250475,80.30980161613269,81.76467798805719,83.44266073557407,85.16467591278101,86.71110378248449,87.96467508251669,88.82597737245517,89.16467486114382,88.87303669674664,87.96467508251669,86.49872121852303,84.59503913280184,82.38867617133805,80.01467988491328,77.58655746814469,75.13165411274124,72.6557755133197,70.16472941707119,67.66432721425528,65.16038672175769,62.658737006873125,60.165226649005234
53.270873567695475,55.339197612512535,57.34847159646486,59.318346215862306,61.26854599659586,63.218835706190134,65.18900265560399,67.1988471144551,69.26817698688923,71.396984321845,73.50598155506844,75.49606159764073,77.2681184999135,78.76482986549493,80.09600435094308,81.41323383263011,82.8681105183591,84.54609351860012,86.26810887121108,87.81453684889894,89.06810821222983,89.92941053619833,90.26810803652606,89.97646986216179,89.06810821222983,87.6021542722843,85.69847204071326,83.49210880718002,81.11811202389512,78.68998872327606,76.23508379960982,73.7592024092399,71.26815133765183,68.76774026187633,66.26378395988738,63.762106139512966,61.26854599659586
54.2737363892727,56.34227659938651,58.35168182723572,60.32163779720156,62.27188885427444,64.22221129105732,66.19239929577874,68.20225734307252,70.27159596754237,72.40040885830024,74.50940946995831,76.49949149903705,78.27154954631018,79.76826157436136,81.0994364848402,82.41666627654824,83.87154321134415,85.54952641217253,87.27154190400177,88.81796996739682,90.07154138096796,90.93284373194615,91.27154124151178,90.97990305923662,90.07154138096796,88.60558738073937,86.70190503340727,84.49554158393227,82.12154440628908,79.69342040415697,77.23851423575826,74.76263063020659,72.27157560967433,69.77115749138008,67.26718864124348,64.76548851306511,62.27188885427444
55.276716850791644,57.34542866418704,59.35493807280852,61.32495861562805,63.275250372709976,65.22559878587465,67.19580350253058,69.20567233511156,71.27501790613044,73.40383520655243,75.51283849968371,77.50292210545655,79.27498106151813,80.7716936153723,82.10286886319844,83.42009890097043,84.8749760334509,86.5529593934856,88.2749749958125,89.82140312723345,91.07497458068028,91.93627695309604,92.27497446999382,91.98333628143979,91.07497458068028,89.609020532605,87.70533809339324,85.49897447252516,83.12497698187948,80.69685242295579,78.24194526661134,75.76605990286583,73.27500174804536,70.77457804007125,68.27059923037129,65.76888139618617,63.275250372709976
56.27979070292932,58.348638738589955,60.35823084337201,62.32830264076442,64.27862670269444,66.2289957338278,68.1992137149602,70.20909110791317,72.27844219244552,74.4072629928335,76.51626841425639,78.506353271454,80.27841294882211,81.77512592000667,83.10630143558566,84.4235316686588,85.87840895804166,87.55639244443853,89.27840813446747,90.82483631988062,92.07840780497679,92.9397101944076,93.2784077171249,92.98676952358733,92.07840780497679,90.6124537189256,88.70877120678887,86.50240744988596,84.12840971081002,81.70028470996037,79.2453767694823,76.7694900102556,74.27842936774314,71.77800122321892,69.2740145085503,66.772282620915,64.27862670269444
57.28293869168614,59.351894860041966,61.36155260574142,63.331665085846225,65.28201478892574,67.2324001848672,69.20262869415086,71.21251288152843,73.2818683421606,75.41069192048178,77.519699031134,79.50978488158921,81.28184513145914,82.7785584338792,84.10973416197382,85.42696455005765,86.88184196397408,88.55982555066463,90.28184131030275,91.82826953856951,93.0818410487858,93.94314345172148,94.28184097905773,93.9902027815647,93.0818410487858,91.61588693259307,89.71220436257582,87.505840497702,85.13184256144676,82.70371720984014,80.24880864699442,77.7729207801724,75.28185816317387,72.78142649734599,70.27743350846309,67.77569046648154,65.28201478892574
58.3861455305525,60.45518753208357,62.464897380120476,64.43504215133198,66.38541220629331,68.33581059119034,70.30604745675467,72.31593703690386,74.38529597086222,76.5141217540357,78.62313020543206,80.6132168442371,82.38527754850227,83.88199111382423,85.2131670105927,86.53039752170858,87.98527503446738,89.66325870076112,91.38527451564809,92.93170277792781,94.18527430808197,95.04657672173639,95.38527425273872,95.09363605210626,94.18527430808197,92.71932016796586,90.81563755200877,88.60927360143839,86.23527550868178,83.80714987867907,81.35224082185962,78.8763520759379,76.38528789178648,73.88485343109073,71.38085546233768,68.87910356707286,66.38541220629331
59.389399083718914,61.45850921625154,63.468260419898414,65.43843082134471,67.38881702991274,69.33922572427583,71.30946922227582,73.31936308269167,75.38872477343931,77.51755230660854,79.62656182215548,81.61664908667464,83.38871015159373,84.88542392558114,86.21659995622613,87.53383056499266,88.98870815620269,90.66669188567752,92.38870774441554,93.93513603369132,95.1887075796702,96.05001000183213,96.38870753574423,96.09706933262001,95.1887075796702,93.72275342056612,91.81907076814653,89.61270674955873,87.23870853258694,84.81058268162109,82.35567323273426,79.87978378907016,77.38871836106722,74.88828168207881,72.3842797607857,69.88252083861948,67.38881702991274
60.49268971716059,62.56185392855919,64.57163795740856,66.54182870206849,68.49222773195632,70.44264460902694,72.41289337122696,74.42279062890593,76.49215450772395,78.62098342986782,80.72999379003242,82.72008155118147,84.49214290235187,85.9888568419572,87.3200329788601,88.637263665132,90.09214131860884,91.77012509823055,93.49214099177314,95.03856930247576,96.29214086101467,97.15344328992904,97.49214082615062,97.20050262104866,96.29214086101467,94.82618668683983,92.92250400547996,90.7161399329067,88.34214161734522,85.91401559100076,83.45910583092974,80.9832158334669,78.49214941821741,75.99171097856613,73.48770592013075,70.9859414206803,68.49222773195632
61.59600978319607,63.66521691906924,65.67502700207596,67.64523389345942,69.59564309975752,71.54606647149711,73.51631941191582,75.52621936601261,77.59558498150662,79.72441500608173,81.83342603662027,83.82351419194492,85.59557577031322,87.09228984136959,88.42346606260945,89.7406968103974,91.19557451329544,92.87355833271874,94.59557425388579,96.14200258159488,97.3955741501027,98.25687658437647,98.59557412243109,98.30393591575941,97.3955741501027,95.92961996396622,94.02593725963641,91.81957314421484,89.44557475040268,87.01744858486012,84.562538577802,82.08664814078861,79.59558094196043,77.09514110486828,74.59113355647568,72.08936463031364,69.59564309975752
62.69935321113144,64.7685944174743,66.77842518016882,68.74864488740684,70.699062170804,72.64949069739706,74.61974695408296,76.62964904833323,78.69901604223003,80.82784694180619,82.9368585044212,84.92694697260336,86.69900873129876,88.1957229066879,89.52689919486609,90.8441299914794,92.29900773360305,93.9769915846169,95.69900752770945,97.24543586891659,98.49900744533677,99.36030988386432,99.6990074233738,99.40736921545624,98.49900744533677,97.03305324970628,95.12937052714527,92.92300637771497,90.54900792179518,88.120881645771,85.66597144267905,83.19008065679405,80.69901283603875,78.19857188979586,75.69456236511928,73.19278992546248,70.699062170804
63.80271518219698,65.87198343110325,67.88183060758516,69.8520604868944,71.80248418113774,73.75291679916043,75.72317568797745,77.733079480872,79.8024475688091,81.93127916287457,84.0402911477992,86.03037986429658,87.80244176611772,89.2991560243159,90.63033236562302,91.94756320098902,93.40244097424608,95.08042485033337,96.80244081082822,98.3488691627488,99.602440745449,100.46374318735273,100.80244072801696,100.51080251911053,99.602440745449,98.13648654228311,96.23280380525193,94.02643962882891,91.65244112361428,89.22431475990078,86.76940440121666,84.29351333843198,81.80244502405253,79.30200319747541,76.79799210421896,74.29621687589227,71.80248418113774
65.00609187144472,67.07538158456043,69.08524178886825,71.05547974183185,73.00590852439767,74.95634438980262,76.92660536774855,78.93651050886004,81.00587946513839,83.13471161042074,85.24372393053281,87.23381284411815,89.00587485953832,90.50258918346204,91.83376556693766,93.15099643306169,94.60587423102933,96.28385812701745,98.00587410132451,99.55230246174833,100.80587404943299,101.66717649401642,102.00587403559717,101.71423582590589,100.80587404943299,99.33991984028626,97.43623709177012,95.22987289392296,92.85587434958299,90.42774791627038,87.97283743409267,85.49694615153254,83.00587744536321,80.5054349200639,78.00142258182332,75.49964514012332,73.00590852439767
66.40948024283017,68.47878699242315,70.48865753704564,72.45890189812084,74.40933471931007,76.3597731621719,78.3300357982638,80.33994200945702,82.40931165493879,84.53814423772246,86.64715682387308,88.63724589388727,90.40930799947103,91.90602237556115,93.23719879250592,94.55442968304266,96.00930750062312,97.6872914124065,99.40930739767632,100.95573576484915,102.20930735648997,103.07060980320028,103.4093073455085,103.11766913519426,102.20930735648997,100.74335314259628,98.83967038496452,96.63330617011299,94.25930759471919,91.83118110616579,89.37627052597111,86.90037906897507,84.40931005184184,81.90886697196606,79.40485364558002,76.9030744471216,74.40933471931007
67.23889373045935,69.326815223305,71.36516635412295,73.37337244530346,75.37033490064908,77.37375294406206,79.39950098998912,81.46127788419464,83.57083399331523,85.72263563388401,87.84674357205488,89.85883949271978,91.67691898240281,93.26015333933883,94.71407273765698,96.17329974978514,97.75968266011935,99.52727610278788,101.30741290329964,102.91493327429279,104.29994933482169,105.40714818594432,105.92040922016335,105.5078308548851,104.29994933482169,102.52800261518884,100.36820560346183,97.96924545442633,95.46516750679083,92.96008058971444,90.46238468958418,87.96374041048179,85.46023727661913,82.94980161425639,80.43118455447501,77.9041111399429,75.37033490064908
65.5979036959642,67.66718099489145,69.6770336643485,71.6472669477902,73.59769278744848,75.54812677468203,77.51838654434977,79.52829090570043,81.59765935976108,83.72649118623923,85.83550331249083,87.82559211208752,89.59765406180607,91.09436834771645,92.42554470680334,93.74277555513802,95.19765333881394,96.87563722329213,98.5976531896107,100.14408154511653,101.39765312991838,102.25895557295195,102.59765311400261,102.30601490476528,101.39765312991838,99.93169892423074,98.0280161823571,95.8216519969009,93.44765347518961,91.01952708213065,88.56461667137724,86.0887255159274,83.59765703635537,81.09721491517209,78.59320329698608,76.09142713542275,73.59769278744848
64.49118427294444,66.5604057740035,68.5702245762514,70.5404368712356,72.49084948311847,74.44127502832475,76.41152936699862,78.42143022345988,80.49079642013746,82.61962681364412,84.72863806852504,86.71872635576159,88.49078801016219,89.987502125209,91.31867837467243,92.63590914304689,94.09078686248385,95.76877069522686,97.49078662563848,99.03721495903883,100.2907865308828,101.15208896695009,101.49078650561816,101.19914829842115,100.2907865308828,98.82483234074328,96.92114962872654,94.71478549896571,92.34078707896674,89.9126608668412,87.45775077712824,84.98186019301812,82.49079273196335,79.9903524272138,77.48634404554977,74.98457363797425,72.49084948311847
63.879192501864694,65.95623557673132,67.97794456154698,69.96402218376433,71.93396326065083,73.9067575249477,75.90060015052526,77.93270589243386,80.01937849493252,82.1581418459403,84.27369716106102,86.27334717279639,88.0654897485956,89.6002833799871,90.98621121675666,92.36785274791019,93.88341005273264,95.60330925977252,97.35275776273892,98.928230052028,100.24501906645236,101.22725246506062,101.65391196544043,101.30114576816669,100.24501906645236,98.6334333688938,96.61198377786597,94.3195255684727,91.88857120369869,89.42719808619583,86.95394886128206,84.46834684256423,81.97198297365588,79.46729035824316,76.95707622336923,74.44458524870993,71.93396326065083
46.196986741937025,48.26113431581035,50.26787050964521,52.23617131509317,54.18537879180839,56.13503503742152,58.10479439116857,60.11437577905315,62.18353620402891,64.31223596993992,66.42116778999898,68.41120936940021,70.18324410176419,71.67994264031373,73.01110889610865,74.32833237500591,75.78320423816459,77.46118335451914,79.18319601150392,80.72962232967708,81.98319272022655,82.84449452121743,83.18319184267492,82.89155382148604,81.98319272022655,80.5172399475176,78.61355995738172,76.4072009050372,74.0332117575349,71.60510203996336,69.1502212173213,66.67438271786789,64.18340810564281,61.68313338343438,59.179420020964514,56.67817405751114,54.18537879180839
47.197577198094024,49.26280042797397,51.270190608432145,53.238897127087256,55.188360465767516,57.13818007044364,59.10804454519341,61.11769378431059,63.18689791476976,65.31562542655796,67.42457411924474,69.41462561989853,71.18666607083429,72.68336791803623,74.01453629662237,75.33176132390625,76.78663443102158,78.464614549205,80.18662790151328,81.73305464775024,82.98662528922404,83.84792722511452,84.18662459271073,83.89498653201099,82.98662528922404,81.52067221543197,79.61699164712877,77.41063151626747,75.03664039915512,72.60852717791411,70.15364013857067,67.67779057574947,65.18679624164625,62.68648634912725,60.182710326166344,57.68135298187707,55.188360465767516
48.198752809928244,50.2648306018953,52.272740160773026,54.24176881532294,56.19143528039939,58.141384563063866,60.1113324805324,62.12103557652816,64.19027439739156,66.31902393162221,68.42798601631843,70.41804539154725,72.19009038134308,73.68679485463467,75.0179649180862,76.33519117432797,77.79006526877387,79.4680461821102,81.19006008629754,82.73648717228912,83.99005801292178,84.85136005588217,85.19005746009873,84.89841936803919,83.99005801292178,82.5241047001598,80.62042367296465,78.41406268608324,76.04007000568798,73.6119540035753,71.15706203000968,68.68120368611537,66.19019369851871,63.68985589058205,61.18603013166232,58.68458437708952,56.19143528039939
49.20039334970021,51.267149921094784,53.27547190564667,55.244756315958966,57.194584033201636,59.1446362538384,61.11465040495494,63.12439624927495,65.19366260477406,67.32242961855967,69.43140233262426,71.42146795795257,73.1935165502608,74.69022310788775,76.02139450862086,77.3386217402888,78.79349661838049,80.47147816283065,82.19349250504493,83.73991986070004,84.99349085940523,85.8547929873471,86.19349042062925,85.90185230367939,84.99349085940523,83.52753735697266,81.62385596555453,79.41749429924906,77.04350037807384,74.61538216877716,72.16048627890233,69.68462096542012,67.19359855349367,64.69323858861941,62.18937335279767,59.68785742236517,57.194584033201636
50.20240321187144,52.26969885439203,54.27834830418249,56.247835756084555,58.19779147856261,60.14792540898834,62.11799213301077,64.1277719080158,66.19706011830118,68.32584100582719,70.43482215650484,72.4248927425688,74.19694419420358,75.69365240617279,77.02482486830895,78.34205287417419,79.7969283742465,81.47491041961243,83.19692510948906,84.74335267917635,85.9969238033438,86.85822599873552,87.19692345508705,86.90528531838176,85.9969238033438,84.53097015036954,82.62728846986738,80.42092626430232,78.04693135831843,75.61881139717579,73.1639123989151,70.68804155363866,68.19700928042448,65.69663172928998,63.19273515971983,60.69116352779062,58.19779147856261
51.20470640020991,53.27243010775095,55.28133954424993,57.25098818068375,59.2010455131491,61.15124430163338,63.12135275483044,65.13115946146807,67.20046501824363,69.32925691749597,71.4382447643668,73.42831928778722,75.20037300887765,76.6970825339018,78.0282558384753,79.34548445882199,80.80036045256108,82.47834289550428,84.20035786132084,85.74678560088559,87.00035682463255,87.86165907355925,88.20035654822098,87.90871839583576,87.00035682463255,85.53440305217325,83.63072114222487,81.42435850864902,79.05036282102138,76.62224146943579,74.1673400040419,71.69146476815938,69.20042466797881,66.7000331584394,64.19611171868303,61.694495874632224,59.2010455131491
52.20724252449895,54.275306116058175,56.284421952908474,58.254198540692215,60.204336528722465,62.15458679820438,64.12472837314917,66.13455645596069,68.20387578086556,70.33267642021359,72.44166958188734,74.4317472304009,76.20380275276366,77.70051331996186,79.03168729317913,80.34891640124047,81.80379278680337,83.48177554530403,85.2037907301343,86.75021860453093,88.0037899073142,88.86509219873165,89.20378968792618,88.91215152309582,88.0037899073142,86.53783604001956,84.6341539479595,82.42779097467118,80.0537946666521,77.62567221147006,75.1707687879076,72.69489006718734,70.20384375470351,67.70344116625677,65.19949998665913,62.697849050281135,60.204336528722465
53.3099636076,55.37829704632966,57.38757673397677,59.3574548888504,61.30765689807393,63.25794803001793,65.22811589451763,67.23796094393904,69.30729119674825,71.43609877316695,73.545096153222,75.53517628213075,77.30723323416696,78.80394462854031,80.13511913246094,81.45234862762194,82.90722532417574,84.5852083331346,86.30722369179621,87.85365167320897,89.10722303872342,89.96852536386581,90.307222864595,90.01558468988694,89.10722303872342,87.64126909615788,85.7375868595557,83.53122361663733,81.15722681621301,78.72910348510513,76.274198507341,73.79831702069602,71.30726577748115,68.80685439562802,66.30289754828036,63.80121875838367,61.30765689807393
54.31283154141012,56.381379209058125,58.390788964532106,60.36074774084193,62.311000566762615,64.26132413250359,66.23151286354482,68.24137137958098,70.31071030595733,72.43952338836547,74.54852411656427,76.53860621416842,78.31066430093887,79.80737635184224,81.13855127698271,82.45578107938506,83.91065802277261,85.58864123052031,87.31065672715197,88.85708479350353,90.11065620880774,90.97195856071762,91.31065607060192,91.0190178880539,90.11065620880774,88.64470220649966,86.74101985517432,84.53465639825035,82.16065920700358,79.73253518067247,77.27762896933618,74.80174528737079,72.31069013061781,69.81027176938821,67.30630248639567,64.80460158869292,62.311000566762615
55.315816061462954,57.38453379490328,59.394046797480485,61.36406956784458,63.31436272892125,65.2647120381647,67.23491733131095,69.24478653593707,71.31413234658095,73.44294979911649,75.5519531847464,77.54203684490801,79.31409583231866,80.81080840431063,82.14198366377373,83.4592137100338,84.91409084933349,86.59207421486005,88.31408982099862,89.86051795476615,91.11408940958852,91.9753917827438,92.31408929989449,92.02245111112387,91.11408940958852,89.64813535986275,87.74445291748154,85.53808929070118,83.16409178925836,80.7359672111279,78.28106002070386,75.80517459630866,73.31411633336944,70.81369243257652,68.30971327931576,65.80799483434993,63.31436272892125
56.318893135460996,58.387745870492054,60.39734082803656,62.36741439352541,64.31773956984416,66.26810931221095,68.23832775091027,70.2482054391582,72.31755671388203,74.44637763500305,76.55538312984233,78.54546803020835,80.31752773245827,81.8142407180388,83.14541624285405,84.4626464826642,85.9175237774595,87.59550726821523,89.31752296126952,90.86395114854513,92.11752263473308,92.97882502475082,93.31752254766886,93.02588435395938,92.11752263473308,90.65156854737185,88.74788603271959,86.54152227112414,84.16752452347845,81.73939950738438,79.28449153985727,76.80860473249282,74.31754400416631,71.81711570660113,69.31312871924638,66.81139634682853,64.31773956984416
57.32204368178806,59.39100358043217,61.40066359052054,63.3707774740231,65.32112806161706,67.27151402207448,69.24174289453317,71.25162731628808,73.320982927876,75.4498066020233,77.55881377094623,79.54889965566431,81.32095992528293,82.8176732391291,84.14884897455457,85.46607936798553,86.92095678619779,88.59894037634801,90.32095613838734,91.86738436813236,93.1209558792152,93.9822582826167,94.32095581011228,94.02931761248283,93.1209558792152,91.65500176198272,89.75131918996883,87.54495532137054,85.17095737831349,82.74283201460734,80.28792343029279,77.81203552526378,75.32097284015448,72.82054105285755,70.31654784754244,67.81480442078518,65.32112806161706
58.42525255083743,60.49429751334945,62.50400915872744,64.47415504385349,66.42452580086923,68.37492463382888,70.34516178764791,72.35505155382354,74.42441060759595,76.55323646682686,78.66224496447276,80.65233163047226,82.424392350412,83.92110592480287,85.25228182738984,86.56951234274976,88.02438985891814,89.70237352795783,91.42438934475065,92.97081760820365,94.22438913904557,95.08569155306975,95.42438908419855,95.13275088345779,94.22438913904557,92.75843499810424,90.8547523805624,88.6483884270359,86.27439032888071,83.84626468927462,81.39135561541534,78.91546683916869,76.4244026009576,73.9239680438516,71.41996990331548,68.91821770265179,66.42452580086923
59.42850771551126,61.49762019833298,63.50737282858991,65.47754411417405,67.42793087997238,69.37833992996684,71.34858365675629,73.35847766482206,75.42783945066644,77.55666704420257,79.66567659645784,81.65576388256126,83.42782495992127,84.92453874110669,86.25571477636983,87.57294538850486,89.02782298242109,90.70580671407538,92.42782257432606,93.97425086453309,95.22782241105782,96.08912483351324,96.42782236752572,96.13618416431552,95.22782241105782,93.76186825129876,91.85818559762139,89.65182157668733,87.27782335543066,84.84969749684257,82.3947880344312,79.91889856669818,77.427833095788,74.92739634027863,72.42339428264076,69.92163511807789,67.42793087997238
60.53179962810172,62.60096570502493,64.61075086621294,66.58094231262821,68.53134178479591,70.48175894413374,72.45200788792505,74.46190526279423,76.53126921709075,78.66009818714794,80.76910857644798,82.75919635472847,84.53125771577325,86.02797166109163,87.35914780165996,88.67637849060543,90.13125614623019,91.8092399275817,93.53125582232491,95.07768413376667,96.33125569273884,97.19255812188614,97.53125565818738,97.2396174530172,96.33125569273884,94.86530151804413,92.96161883568595,90.75525476125044,88.38125644228805,85.95313040989384,83.49822063908843,81.02233062252203,78.53126417321704,76.03082567283093,73.52682050617832,71.0250558143367,68.53134178479591
61.63512070945785,63.7043293260612,65.7141403078293,67.68434775620557,69.63475731354518,71.58518090932188,73.55543399387031,75.5653340409813,77.63469971638274,79.7635297789867,81.87254083265006,83.86262900157197,85.63469058777756,87.13140466336839,88.46258088751752,89.77981163742751,91.23468934203031,92.9126731628266,94.63468908494654,96.18111741324228,97.434688982094,98.29599141655264,98.6346889546705,98.34305074794469,97.434688982094,95.96873479554488,94.06505209042271,91.8586879735231,89.48468957701164,87.05656340666735,84.60165339108933,82.12576293891344,79.63469571305541,77.1342558277579,74.63024819347308,72.12847911460949,69.63475731354518
62.738464943291305,64.80770732492972,66.81753880098648,68.78775895031583,70.73817651233713,72.68860521674952,74.65886158783167,76.66876375590752,78.73813079735292,80.86696172711262,82.97597330808186,84.96606178705616,86.73812355197202,88.23483773096018,89.56601402144744,90.88324481974499,92.33812256322175,94.01610641532531,95.73812235917421,97.28455070084698,98.53812227754008,99.39942471621434,99.73812225577403,99.44648404781348,98.53812227754008,97.0721680815821,95.16848535839218,92.96212120778877,90.58812274972654,88.15999646989124,85.70508626003702,83.22919546211753,80.73812761990857,78.23768663540505,75.73367704255571,73.23190448169922,70.73817651233713
63.84182755402219,65.91109673578589,67.92094447847317,69.89117470867421,71.84159862406315,73.79203138322174,75.76229036283533,77.77219421432537,79.8415623400019,81.97039395802409,84.07940595751643,86.06949468257955,87.8415565893379,89.3382708503926,90.66944719353243,91.98667803023524,93.44155580456624,95.11953968151845,96.8415556426136,98.38798399490373,99.64155557782055,100.50285801984076,100.84155556054483,100.5499173516043,99.64155557782055,98.17560137439474,96.27191863686441,94.06555445951028,91.69155595259518,89.2634295858568,86.80851922180545,84.33262814946903,81.8415598180618,79.34111796111719,76.83710681375186,74.33533148922871,71.84159862406315
65.04520475098755,67.11449520452828,69.12435585823954,71.09459408970838,73.04502304779852,74.99545902522354,76.96572007523488,78.97562526285371,81.04499424908585,83.17382641338271,85.28283874505719,87.27292766544116,89.04498968477998,90.54170401097093,91.87288039590118,93.19011126308622,94.64498906190627,96.32297295858086,98.04498893336438,99.59141729408151,100.8449888819381,101.70629132661398,102.04498886822635,101.753350658508,100.8449888819381,99.37903467258508,97.47535192367278,95.26898772508656,92.89498917939693,90.46686274368349,88.01195225724581,85.53606096710442,83.04499224742017,80.54454969801812,78.04053731683128,75.53875979877995,73.04502304779852
66.44859352535813,68.51790086263664,70.52777176395458,72.49801634608102,74.44844930658459,76.398887838357,78.36915053164736,80.37905677975357,82.44842644900967,84.57725904688517,86.68627164221289,88.67636071762317,90.44842282631717,91.94513720420679,93.2763136223061,94.59354451368496,96.04842233194194,97.72640624427021,99.44842222991821,100.99485059732382,102.24842218910113,103.10972463588482,103.4484221782181,103.1567839678824,102.24842218910113,100.78246797504366,98.87878521709749,96.67242100165939,94.29842242519436,91.8702959347354,89.41538535115959,86.93949388814632,84.44842486028622,81.9479817612801,79.44396840080755,76.94218914174895,74.44844930658459
67.31026770101249,69.39798688914591,71.43602948864844,73.44382712991202,75.44029358385305,77.44315315082817,79.46832344540331,81.52956677438284,83.63871381622911,85.79028332832513,87.91423937037399,89.92611477369836,91.74373670165818,93.32612365559285,94.77886919471607,96.23677859191027,97.82197872802222,99.58878630693764,101.36842192239848,102.97542260662517,104.35934479494476,105.46458343164845,105.97651824033395,105.56485306005116,104.35934479494476,102.58999620318379,100.43251773925776,98.03539256381143,95.53260034462471,93.02829226296598,90.5310352903596,88.03262617275139,85.52925205905504,83.01892033578332,80.50045559762268,77.97364720989549,75.44029358385305
65.67190459192841,67.74118349586541,69.75103713949272,71.72127102665107,73.67169724679451,75.6221314768548,77.59239140273954,79.60229586490468,81.67166438389657,83.80049625159259,85.90950840290819,87.89959721724236,89.67165917545542,91.16837346628053,92.49954982852061,93.81678067915527,95.27165846467894,96.94964235064523,98.67165831799662,100.21808667413828,101.47165825931283,102.3329607025468,102.67165824366602,102.38002003436998,101.47165825931283,100.00570405317801,98.10202131044556,95.89565712338737,93.52165859875042,91.09353220048709,88.63862178049929,86.1627306086155,83.67166209974695,81.17121992631593,78.66720821503478,76.16543188796388,73.67169724679451
64.5651826817589,66.6344067304733,68.64422707906752,70.61444033237157,72.56485354822868,74.51527947889505,76.4855340655466,78.4954350820403,80.56480138178954,82.69363184072543,84.802643135393,86.79273144602378,88.56479311390858,90.06150723675701,91.39268349122585,92.70991426325128,94.16479198562132,95.84277582072659,97.5647917527777,99.11122008718738,100.364791659623,101.2260940960084,101.56479163478522,101.27315342749509,100.364791659623,98.89883746877358,96.99515475539357,94.7887906230897,92.41479219844655,89.98666597805962,87.53175587368798,85.0558652634906,82.5647977559305,80.06435736824292,77.5603488388,75.05857816849885,72.56485354822868
63.95211110631236,66.02906772145606,68.05064401432563,70.03654440507549,72.00626782406206,73.97881375705181,75.97239577378798,78.00425741837196,80.09074061202892,82.22939559307147,84.34487964322686,86.34442569595305,88.13635065640045,89.67073433510718,91.05607892614493,92.43704356400785,93.95197221014756,95.67144221021312,97.42061201963018,98.99579113748382,100.31194870091451,101.2929992380015,101.71881861855434,101.36663446258346,100.31194870091451,98.70183143438824,96.68160547154523,94.39006280571971,91.95972406470798,89.49871401052035,87.02566622578912,84.54017120833107,82.04386577429004,79.53922009546656,77.0290745230864,74.51670221484267,72.00626782406206
46.252199393428114,48.31641300893877,50.3231893628437,52.291515085218265,54.240738276851005,56.19040455635286,58.16017036706063,60.169755922722516,62.238919032349855,64.36762050259134,66.47655335908087,68.46659554791404,70.23863063155284,71.73532937334323,73.06649575953506,74.3837193335453,75.8385912731167,77.51657045101078,79.23858315070731,80.78500949517522,82.03857990113829,82.89988171041566,83.23857903470731,82.94694101109141,82.03857990113829,80.57262710993463,78.66894708428359,76.46258796568881,74.08859869719893,71.66048876440709,69.20560755989135,66.72976838084907,64.23879255717335,61.738515674580256,59.234798463144315,56.73354565817104,54.240738276851005
47.2528257742585,49.31810147673953,51.32552355328052,53.29424985675371,55.24372567168071,57.19355324160796,59.16342284180368,61.17307538911382,63.2422816504735,65.3710105150254,67.47996003034096,69.4700120147061,71.24205274445063,72.73875475296566,74.06992323504825,75.38714833782353,76.84202150558778,78.5200016726152,80.24201505882387,81.78844182593099,83.04201247963857,83.90331442210606,84.24201179195174,83.95037372932566,83.04201247963857,81.57605939116723,79.67237879467561,77.46601861123139,75.092027398091,72.66391400602902,70.20902666359066,67.7331765613745,65.24218126572673,62.74186965846003,60.238090580416596,57.73672780551561,55.24372567168071
48.254029932820224,50.32014940721744,52.32808429528286,54.29712865824732,56.246805027812314,58.19676063335041,60.16671261923642,62.17641834108902,64.24565885330668,66.37440946124912,68.4833721988746,70.47343195802846,72.24547716911613,73.74218177044244,75.07335191603934,76.39057823219878,77.84545237478184,79.52343332688572,81.24544725797982,82.79187436053607,84.0454452108787,84.90674725905927,85.24544466506123,84.95380657147274,84.0454452108787,82.57949188646577,80.67581083689743,78.4694498082809,76.09545705166803,73.66734091397433,71.21244869984113,68.73658992782566,66.24557917704081,63.74524000807696,61.24141182423827,58.739961759075,56.246805027812314
49.25569315115272,51.322482827924304,53.33082492461874,55.30012180598143,57.249957385735684,59.2000146253759,61.170032005817006,63.179779934370615,65.24904763233465,67.37781549834006,69.48678873064026,71.476854660692,73.24890342864038,74.74561008788885,76.07678155382092,77.39400883304563,78.84888374934383,80.52686532456386,82.24887968813405,83.79530705693657,85.04887806334855,85.91018019543367,86.24887763013291,85.95723951196956,85.04887806334855,83.58292455166861,81.67924314249288,79.47288144306216,77.09888746139293,74.67076914448538,72.21587306367127,69.74000741038714,67.24898439271163,64.74862334756983,62.24475618702668,59.74323683508024,57.249957385735684
50.25772102656008,52.325042958714064,54.333708376787655,56.30320572903193,58.253167692817385,60.20330560716607,62.173374894443356,64.18315632376219,66.25244559958549,68.38122716352771,70.49020872553257,72.48027955345691,74.25233114449783,75.74903943712428,77.08021195100896,78.39743999462004,79.85231552501696,81.53029759480492,83.2523123016318,84.79873988175416,86.05231101203853,86.91361321071874,87.25231066819501,86.96067253052654,86.05231101203853,84.58635735172464,82.68267565712821,80.47631342527166,78.10231847127358,75.67419842471998,73.21929927491033,70.74342815993168,68.25239540593026,65.75201699737454,63.24811890011294,60.74654455240287,58.253167692817385
51.26003852036929,53.327783102755234,55.3367052166072,57.306361712247764,59.25642399896368,61.206625949702214,63.17673643744311,65.18654445714606,67.25585085965398,69.38464329578386,71.49363146912742,73.4837061845133,75.25576001625072,76.75246960529267,78.0836429509391,79.40087160124472,80.85574761905247,82.53373008137947,84.25574506064942,85.80217280849654,87.05574403709848,87.91704628863526,88.25574376418967,87.96410561104,87.05574403709848,85.5897902588137,83.68610833767868,81.47974568323525,79.10574995749872,76.67762853812232,74.22272695244368,71.7468515024976,69.25581102071351,66.75541883063066,64.2514961783202,61.74987817867489,59.25642399896368
52.26258600418592,54.330666169635265,56.339792070598406,58.30957489705777,60.25971681760794,62.20996959710659,64.18011278692477,66.18994191193934,68.25926190811148,70.38806297358305,72.4970563943797,74.48713419525683,76.25918980544037,77.7559004234496,79.08707442926647,80.40430356110626,81.85917996577247,83.53716273965807,85.25917793516629,86.80560581613665,88.05917712277332,88.9204794162624,89.25917690616545,88.96753874072832,88.05917712277332,86.59322325085498,84.68954114991612,82.48317816006517,80.10918182179901,77.6810593128113,75.22615579377864,72.75027690315554,70.25923028779124,67.75882715919194,65.25488501717399,62.75323236985048,60.25971681760794
53.36531610667066,55.43366270358129,57.44295038043775,59.412833487467594,61.36303861814129,63.31333174237123,65.28350088863135,67.29334676526402,69.3626775508641,71.4914854654995,73.60048305122137,75.59056330106148,77.3626203228012,78.85933175750333,80.1905062872983,81.50773580133227,82.9626125130484,84.6405955342183,86.36261090135503,87.90903888798536,89.16261025655825,90.02391258334487,90.36261008463643,90.07097190944677,89.16261025655825,87.6966563103229,85.7929740666736,83.58661081060941,81.21261398617798,78.7844906123645,76.3295855588255,73.85370393732825,71.36265245371601,68.86224064314044,66.3582830319095,63.85660288400359,61.36303861814129
54.3681912012633,56.43674931475677,58.4461654121007,60.416128119264684,62.36638342281245,64.31670856988495,66.28689831828191,68.29675749088497,70.3660968401413,72.49491019099361,74.60391108243078,76.59399327601845,78.36605141811268,79.86276350102503,81.19393844670199,82.51116826408384,83.96604521950573,85.64402843694536,87.36604394030371,88.91247201079648,90.16604342852814,91.02734578174308,91.36604329207374,91.07440510914344,90.16604342852814,88.70008942330733,86.79640706638867,84.59004359903088,82.21604638872967,79.78792232850307,77.33301605702417,74.85713226802628,72.36607692046917,69.86565821896038,67.36168832966713,64.85998635409231,62.36638342281245
55.371181406151976,57.43990743184554,59.44942546849143,61.41945135898138,63.36974648663414,65.32009705101476,67.2903031516505,69.30017287739969,71.36951902368588,73.49833668928662,75.60734020447927,77.59742394082315,79.36948297214434,80.86619556954189,82.19737084530482,83.51460090345412,84.96947805230548,86.64746142552451,88.36947703700207,89.91590517405646,91.16947663080552,92.03077900499662,92.36947652250159,92.07783833342758,91.16947663080552,89.70352257876792,87.79984013194732,85.59347649688564,83.21947898031925,80.79135437528592,78.33644713712661,75.86056162777952,73.36950321339859,70.8690790425247,68.36509940803887,65.86338010755313,63.36974648663414
56.37426299303837,58.44312231050489,60.452721263921944,62.422797305985384,64.37312404322842,66.3234947818193,68.29371386143208,70.30359196329923,72.37294350442397,74.50176459465547,76.61077019232897,78.60085515316099,80.37291489026276,81.86962789600773,83.20080343376017,84.5180336830068,85.97291098538324,87.65089448224452,89.37291017953638,90.91933836942076,92.17290985713791,93.0342122479778,93.37290977117705,93.08127157722677,92.17290985713791,90.70695576794182,88.80327324976598,86.59690948159762,84.22291172194838,81.79478668450147,79.33987867908685,76.86399180429595,74.37293095576982,71.87250244384046,69.36851507453468,66.86678202308252,64.37312404322842
57.37741712177106,59.44638224544559,61.45604542726777,63.4261612765102,65.37651310304321,67.32689985421749,69.297129235375,71.30701398542192,73.37636980845329,75.50519361682402,77.61420086736665,79.60428680007664,81.37634709735723,82.87306042720793,84.20423617290163,85.52146657382237,86.9763439980518,88.65432759304798,90.37634335845068,91.92277159026628,93.17634310256287,94.0376455066169,94.37634303433566,94.08470483651506,93.17634310256287,91.71038898387401,89.80670640906347,87.60034253524825,85.22634458266397,82.79821920201007,80.34331058762416,77.8674226290787,75.37635984856675,72.87592789112838,70.37193438265697,67.87019041694498,65.37651310304321
58.48062883450763,60.54967794447428,62.55939210738991,64.52953955277594,66.47991129315879,68.43031075371923,70.4005483112962,72.41043833803877,74.47979755963452,76.60862352539883,78.71763208782644,80.70771879191722,82.47977953381225,83.97649312090594,85.3076690316428,86.62489955294737,88.07977707389159,89.75776074677752,91.47977656623982,93.02620483133626,94.27977636314154,95.14107877768365,95.47977630898956,95.18813810809712,94.27977636314154,92.81382222104426,90.91013960128276,88.70377564361559,86.32977753789861,83.90165188484106,81.44674278711409,78.97085396839138,76.47978965445908,73.97935496231143,71.47535658115902,68.97360395272361,66.47991129315879
59.48388625642541,61.55300203130159,63.56275665981188,65.53292918380747,67.48331673011774,69.43372627824452,71.40397032549902,73.41386454037782,75.483226459424,77.61205413751591,79.7210637411885,81.71115105752499,83.48321215231094,84.97992594357856,86.31110198531032,87.6283326021636,89.08321019987042,90.76119393457748,92.48320979694694,94.02963808845837,95.2832096357477,96.1445120586142,96.48320959276725,96.19157138943666,95.2832096357477,93.81725547507118,91.91357281963204,89.70720879541149,87.33321056815305,84.90508469888854,82.45017521753341,79.9742857160871,77.4832201850769,74.98278332238468,72.47878107376894,69.97702156968148,67.48331673011774
60.587179960722594,62.65634865068817,64.66613539794285,66.63632782730629,68.58672791897489,70.53714547368389,72.50739467182984,74.51729221084719,76.58665627086631,78.71548530803553,80.82449573814556,82.81458354042208,84.58664491529785,86.08335886861849,87.41453501432093,88.7317657070113,90.18664336564463,91.86462714941914,93.58664304584406,95.13307135832109,96.38664291790013,97.24794534737369,97.58664288378652,97.29500467852078,96.38664291790013,94.92068874247724,93.01700605872074,90.81064198167675,88.43664365795075,86.00851761708267,83.55360783124154,81.07771778791688,78.5866512909104,76.08621270545311,73.58220738722093,71.0804424258972,68.58672791897489
61.69050246423981,63.75971315490261,65.76952539556537,67.73973362412092,69.69014367316383,71.64056758274896,73.61082086917968,75.62072104657548,77.69008680588914,79.81891692176,81.92792800781432,83.91801619578189,85.69007779296513,87.18679187490739,88.51796810313145,89.83519885601376,91.29007656300448,92.96806038572387,94.69007630917858,96.23650463829605,97.49007620762941,98.35137864234703,98.69007618055346,98.39843797375178,97.49007620762941,96.02412202050235,94.12043931427034,91.91407519530038,89.54007679500803,87.11195061793804,84.65704059042616,82.18115011701221,79.69008285329346,77.18964290047482,74.68563514588097,72.18386585312854,69.69014367316383
62.79384782689526,64.86309185477015,66.87292433003287,68.843145098599,70.79356305088871,72.74399200437233,74.71424853568908,76.7241508071723,78.79351791521896,80.92234888725667,83.03136049393461,85.02144898802547,86.7935107616543,88.2902249456836,89.62140123940512,90.9386320400618,92.39350978543385,94.07149363906382,95.79350958397211,97.33993792629705,98.59350950337247,99.45481194225226,99.79350948188225,99.50187127386151,98.59350950337247,97.12755530695576,95.22387258288495,93.01750843063829,90.64350996957518,88.21538368440167,85.76047346507556,83.2845826502994,80.79351477804039,78.29307373994527,75.7890640516064,73.28729132098576,70.79356305088871
63.8972113336055,65.96648182202223,67.9763303577928,69.94656107948745,71.89698530463468,73.84741826148208,75.8176773682743,77.82758130183896,79.89694948037697,82.02578113195528,84.13479315185268,86.12488188891379,87.89694380258764,89.39365806764349,90.7248344133504,92.04206525192562,93.49694302776092,95.17492690592464,96.89694286786062,98.4433712206684,99.69694280388866,100.558245246072,100.89694278683186,100.60530457784354,99.69694280388866,98.23098860009875,96.32730586186926,94.12094168321089,91.746943173914,89.31881680293867,86.86390643136947,84.38801534565388,81.89694699039589,79.39650509091555,76.89249386776007,74.3907184084947,71.89698530463468
65.10058924173082,67.16988073238431,69.17974201557435,71.1499806371452,73.10040984109192,75.0508459754231,77.02110712637649,79.03101237913803,81.10038140732642,83.22921359825678,85.33822594612674,87.32831487603356,89.1003769008612,90.59709123022787,91.92826761719559,93.24549848586682,94.70037628588082,96.37836018351697,98.10037615896786,99.64680452009586,100.90037610819329,101.76167855299863,102.1003760946553,101.80873788489902,100.90037610819329,99.43442189855128,97.53073914908404,95.32437494946268,92.95037640188258,90.52224996280628,88.06733947040169,85.59144816964127,83.1003794310266,80.59993684786393,78.09592440652231,75.59414678152585,73.10040984109192
66.5039785805624,68.57328674101147,70.58315814195223,72.55340303370477,74.50383618934569,76.454274845655,78.42453761906316,80.43444391887323,82.5038136214301,84.63264624044461,86.74165884862671,88.73174793159527,90.50381004464572,92.00052442505594,93.3317008447724,94.6489317373308,96.10380955653545,97.7817934696269,99.5038094558046,101.05023782353629,102.30380941550477,103.16511186239123,103.50380940475966,103.21217119439385,102.30380941550477,100.83785520121795,98.93417244283131,96.7278082265716,94.35380964860613,91.92568315547805,89.4707725671663,86.99488109572471,84.50381205283958,82.00336892703758,79.49935551882014,76.99757617487901,74.50383618934569
67.40763112705706,69.49508030591008,71.532711062518,73.53996337948689,75.53576745748902,77.53788100589041,79.56227929838971,81.62280945445613,83.73140959092314,85.88266870367346,88.00642161110174,90.01800208131553,91.83501192710818,93.41626490837174,94.86743876454499,96.32358281967798,97.90719720555106,99.6729506145431,101.45191369923344,103.05821683359922,104.44067013221505,105.54327435480343,106.05342521178744,105.64298852510879,104.44067013221505,102.67480898230517,100.52043856053186,98.12577043927428,95.62469838179558,93.12143171652795,90.62476146168414,88.12666662923819,85.62346492961834,83.11327209501826,80.59501088268456,78.06855657302734,75.53576745748902
65.77277140909672,67.84205245715799,69.85190740217342,71.82214209583285,73.77256882426369,75.72300337871448,77.6932635132884,79.70316811013083,81.77253671586385,83.90136863862251,86.01038082342099,88.00046965744285,89.77253162700363,91.26924592439426,92.60042229084664,93.91765314455382,95.37253093254591,97.05051482050015,98.7725307892313,100.31895914622237,101.57253073189483,102.4338331753965,102.77253071660725,102.48089250723281,101.57253073189483,100.10657652516257,98.20289378128285,95.99652959208453,93.62253106353924,91.19440465832346,88.73949422599952,86.26360303216173,83.77253448415614,81.27209224092773,78.7680804052815,76.2663038571103,73.77256882426369
64.666046176353,66.7352736284708,68.74509604282103,70.71531057633875,72.66572459904104,74.6161510446408,76.58640596256396,78.59630719284384,80.66567363028571,82.794504176628,84.90351552444623,86.89360386632929,88.66566555222748,90.16237968549801,91.49355594665349,92.81078672355622,94.26566444984468,95.94364828810558,97.66566422234689,99.21209255810494,100.46566413133094,101.32696656814126,101.6656641070634,101.37402589964881,100.46566413133094,98.99970993953315,97.09602722433198,94.88966308863084,92.5156646577836,90.08753842636033,87.63262830240632,85.15673765735914,82.66567008767291,80.16522958918905,77.66122086232937,75.159449841055,72.66572459904104
64.05153513557491,66.12837645518589,68.14977579063672,70.1354398065686,72.1048729029263,74.077087558136,76.07032187112242,78.10185779741003,80.18808821847404,82.32659856450711,84.44198749691839,86.4413947884434,88.23302925768466,89.7668656048645,91.15143129129878,92.53149165509416,94.04558016970543,95.76447641973891,97.51327360965256,99.08806069042629,100.40337364971649,101.38284126467406,101.80753577241532,101.4561309909027,100.40337364971649,98.79522005680724,96.77662921791833,94.48630928154701,92.05679238180562,89.59626687994859,87.12348790095292,84.63813565624164,82.14190818890498,79.63732513343841,77.12727103511567,74.61505704013872,72.1048729029263
46.1641924121508,48.22830035988798,50.23501245650778,52.20329831089276,54.15249635801486,56.102146582855866,58.071902062132324,60.08148094915572,62.150639763213036,64.27933850644398,66.3882697045947,68.37831091830724,70.15034543988926,71.64704385648443,72.97821003403482,74.2954334558597,75.750305273167,77.42828435259486,79.15029698395048,80.69672328634552,81.9502936676461,82.81159546366466,83.15029278342149,82.85865476368897,81.9502936676461,80.48434090603484,78.58066093720981,76.37430192461866,74.00031284971479,71.57220326128592,69.11732266778665,66.6414845761195,64.15051069082331,61.65023726494917,59.14652621204081,56.64528435381453,54.15249635801486
47.16476131299578,49.22995305806033,51.23732409980869,53.20601874680234,55.15547459920414,57.10528942437291,59.075150823618216,61.084798077663635,63.154000929480745,65.28272762954558,67.3916758286153,69.38172703901884,71.15376732265574,72.65046907306198,73.98163738954521,75.29886237153062,76.75373544225363,78.43171553112823,80.15372886309464,81.70015559680847,82.95372623094141,83.81502816288538,84.1537255291318,83.86208746958795,82.95372623094141,81.48777316595762,79.58409261456887,77.37773251525988,75.00374145576902,72.57562833702893,70.12074147955717,67.64489224039913,65.15389848326917,62.65358961968124,60.14981542991515,57.6484613442461,55.15547459920414
48.16591979618636,50.231972577485294,52.2398669379275,54.208886166785064,56.158546688734546,58.10849217738651,60.07843765361439,62.08813917397137,64.15737697994112,66.28612586989283,68.39508756279984,70.38514670765503,72.15719156466497,73.65389596112949,74.98506597528976,76.30229219557805,77.75716626113932,79.43514715121322,81.15716103925519,82.70358811530716,83.95715895011335,84.8184609899414,85.15715839308662,84.86552030194451,83.95715895011335,82.49120564434251,80.58752463057235,78.38116366873408,76.00717103407308,73.57905511331563,71.12416328410225,68.64830519710142,66.15729566745472,63.65695867619998,61.15313437234755,58.65169120433191,56.158546688734546
49.16754672821129,51.23428343528404,53.24259335176649,55.21187027891753,57.16169327830082,59.111742487303374,61.0817547006729,63.09149929435321,65.16076484430874,67.28953134672125,69.39850374981935,71.3885691922988,73.16061767921437,74.65732417586345,75.98849553747402,77.3057227406056,78.76059759577149,80.43857912175824,82.16059345115792,83.70702079892396,84.96059179300471,85.82189391846042,86.16059135089225,85.86895323467058,84.96059179300471,83.494638296121,81.5909569153583,79.38459526892956,77.01060138405369,74.58248323932884,72.12758746402683,69.65172235444231,67.1607003059947,64.66034098933316,62.15647690843667,59.65496303107476,57.16169327830082
50.169545781874746,52.23682564966035,54.24546551782633,56.214947029088904,58.16489900649766,60.11503054638331,62.0850957323311,64.0948745146685,66.16416208557972,68.2929425672232,70.40192347108453,72.39199391202052,74.16404528000483,75.66075344357577,76.9919258746603,78.30915385787617,79.76402933975226,81.44201137046377,83.16402605016944,84.71045361359515,85.96402473409219,86.82532692751064,87.16402438318727,86.87238624705992,85.96402473409219,84.49807108552207,82.59438941347712,80.38802722368827,78.01403234651522,75.58591243662332,73.1310135292994,70.6551428458574,68.16411086113888,65.66373382449865,63.159838171616954,60.65826816928579,58.16489900649766
51.17184038643009,53.23955156825241,55.24845339779958,57.21809731835674,59.16815167804246,61.118348569025,63.08845580139861,65.09826172013385,67.1675667694291,69.29635834652885,71.40534599750018,73.39542040573195,75.1674740604288,76.66418354703916,77.99535682696693,79.31258542933679,80.76746140863352,82.44544383994551,84.16745879768936,85.7138865322843,86.96745775311804,87.82876000047857,88.1674574746046,87.87581932267813,86.96745775311804,85.50150398415431,83.59782208091842,81.39145945986415,79.01746379510371,76.58934248419592,74.1344410909787,71.65856598354478,69.16752611234486,66.6671350111645,64.16321429899915,61.661599748408335,59.16815167804246
52.17436969457279,54.24242334111966,56.25153313906077,58.22130598335421,60.17144161168849,62.121690375041126,64.09183098098444,66.10165843842383,68.17097736053583,70.29977774418903,72.40877075037645,74.39884830746445,76.17090377713046,77.66761431383956,78.99878826749548,80.3160173612886,81.7708937353886,83.44887648465755,85.17089166308048,86.71731953353259,87.97089083400363,88.832193124178,89.17089061294735,88.87925244848108,87.97089083400363,86.50493696948342,84.60125488275109,82.39489191940112,80.02089562953176,77.59277320663574,75.13786984036005,72.6619912215898,70.17094509084897,67.67054282651999,65.16660222442113,62.664952314692684,60.17144161168849
53.27708536568204,55.34541090894339,57.35468580270634,59.32456098605692,61.274761122263016,63.22505105874026,65.19521815412205,67.20506270717672,69.27439264028553,71.40320001375777,73.51219727040274,75.50227732674678,77.27433423695749,78.77104560713161,80.10222009552636,81.41944957936263,82.87432626681833,84.55230926844996,86.27432462202607,87.82075260030808,89.0743239639873,89.93562628814306,90.27432378853479,89.98268561411567,89.0743239639873,87.60837002362382,85.70468779125028,83.49832455621998,81.12432777020112,78.6962044647187,76.24129953242316,73.76541812669613,71.27436702773136,68.77395590313255,66.26999951415186,63.76832153912622,61.274761122263016
54.27994900272277,56.34849040240573,58.35789635246806,60.32785277008139,62.27810410930806,64.22842672617423,66.19861484675297,68.20847296881718,70.277811641445,72.40662456277357,74.51562519302138,76.50570723303082,78.27776528660428,79.77447731830065,81.10565223111826,82.42288202453216,83.87775896069854,85.55574216263061,87.27775765522593,88.82418571909258,90.07775713294016,90.93905948406697,91.27775699368344,90.98611881136476,90.07775713294016,88.61180313237988,86.7081207844108,84.5017573337476,82.12776015393445,79.69963614794227,77.24472997269447,74.76884635495384,72.27779131269261,69.77737315564704,67.27340423646436,64.77170398553696,62.27810410930806
55.28293011162796,57.351642869344516,59.36115285124737,61.331173749388626,63.28146573042568,65.23181428652642,67.20201909513995,69.21188798706692,71.28123359630906,73.41005092099513,75.51905422888112,77.50913784332967,79.28119680439184,80.77790936113921,82.10908461082161,83.42631464994756,84.88119178351579,86.55917514442649,88.28119074736139,89.82761887915669,91.08119033282291,91.94249270535664,92.28119022229477,91.98955203370619,91.08119033282291,89.61523628448435,87.71155384476702,85.50519022295587,83.1311927305879,80.70306816860048,78.24816100681991,75.77227563339997,73.28121746133317,70.780793722602,68.27681485809967,65.77509692648715,63.28146573042568
56.2860044776925,58.354853262961825,60.364445822795716,62.334517902222075,64.28484214191137,66.23521128649561,68.20542934061581,70.21530678067211,72.28465789554244,74.41347871518892,76.52248414832266,78.51256901240617,80.28462869374329,81.78134166722415,83.11251718427647,84.42974741842423,85.88462470867046,87.56260819576258,89.28462388627412,90.83105207198436,92.08462355725472,92.94592594677911,93.28462346952846,92.99298527596346,92.08462355725472,90.61866947099453,88.71498695845656,86.50862320080515,84.13462546036217,81.70650045708086,79.25159251228814,76.77570574538282,74.28464508918191,71.7842169202457,69.28023016208013,66.7784981971158,64.28484214191137
57.28915287441387,59.35810963779784,61.36776774469615,63.337880448660854,65.28823029283176,67.23861577882079,69.20884434603553,71.21872857079929,73.28808405551086,75.41690764911755,77.52591476906467,79.51600062498525,81.28806087800535,82.78477418224803,84.11594991151202,85.43318030044878,86.88805771505045,88.56604130229286,90.28805706231401,91.83448529081657,93.0880568011711,93.94935920418106,94.28805673154275,93.99641853402797,93.0880568011711,91.62210268481249,89.71842011447676,87.51205624900888,85.1380583116686,82.70993295813196,80.2550243918617,77.77913651894517,75.28807389108209,72.78764220587833,70.28364918247172,67.78190607911348,65.28823029283176
58.392360037120014,60.46140251096513,62.471112645700885,64.44125759459604,66.39162776154406,68.34202621791285,70.31226312945749,72.32215273928031,74.39151169235053,76.52033748765618,78.62934594642992,80.61943258957282,82.3914932963383,83.88820686310686,85.21938276080347,86.53661327259634,87.991490785899,89.66947445263074,91.39149026782175,92.93791853028861,94.19149006055247,95.05279247426589,95.39149000528839,95.09985180463866,94.19149006055247,92.72553592030475,90.82185330409484,88.61548935305292,86.24149125943518,83.81336562790061,81.35845656836308,78.88256781760413,76.3915036248295,73.8910691487551,71.3870711526004,68.88531920862053,66.39162776154406
59.39561384734229,61.46472435477595,63.474475785985376,65.444646328463,67.39503262591641,69.34544137700729,71.31568491150216,73.32557879547008,75.39494050138684,77.52376804418539,79.63277756558779,81.62286483354988,83.39492590045347,84.89163967558906,86.22281570697072,87.54004631627456,88.99492390791625,90.67290763773875,92.39492349671805,93.9413517861424,95.19492333220832,96.05622575441708,96.3949232883452,96.10328508520723,95.19492333220832,93.72896917299977,91.82528652037956,89.6189225014175,87.2449242837622,84.81679843158051,82.36188898053632,79.88599953303294,77.39493409818571,74.89449740699126,72.39049546394939,69.88873650311777,67.39503262591641
60.49890468482445,62.56806919379805,64.57785340326994,66.54804425986886,68.49844336030601,70.44886028240188,72.41910907356808,74.42900634994035,76.49837024079818,78.62719917058486,80.73620953539691,82.72629729927868,84.49835865202415,85.9950725925408,87.32624873002837,88.64347941672676,90.0983570705462,91.77634085044383,93.49835674417793,95.04478505499847,96.29835661360647,97.15965904255799,97.4983565787923,97.20671837367946,96.29835661360647,94.83240243934873,92.92871975782961,90.7223556849593,88.34835736885532,85.92023134154584,83.46532157976256,80.98943157925247,78.49836515857066,75.9979267092314,73.49392163353399,70.99215710339466,68.49844336030601
61.602224912816524,63.6714322848851,65.68124251125579,67.65144949148676,69.6018587537805,71.5522821612569,73.52253512466615,75.5324350935999,77.60180071864993,79.73063074929112,81.83964178351837,83.82972994101195,85.6017915206304,87.09850559241008,88.42968181411405,89.74691256224048,91.20179026541041,92.87977408505273,94.60179000637177,96.14821833417444,97.40178990273714,98.26309233704039,98.6017898751051,98.3101516684248,97.40178990273714,95.93583571653483,94.03215301207864,91.8257888964213,89.45179050217857,87.02366433587005,84.5687543274529,82.09286388802087,79.60179668488112,77.10135684009957,74.59734927800608,72.09558032748616,69.6018587537805
62.70556846930296,64.7748098631205,66.78464073960546,68.75486051736273,70.70527784520402,72.65570640016156,74.62596267509514,76.63586478112154,78.70523178260297,80.83406268699378,82.94307425253652,84.93316272244017,86.70522448212782,88.20193865809108,89.53311494663757,90.85034574351953,92.305223485859,93.98320733704668,95.70522328025989,97.2516516215413,98.50522319800503,99.36652563655596,99.70522317607346,99.41358496814902,98.50522319800503,97.0392690023223,95.13558627966094,92.92922213004354,90.555223673782,88.12709739714988,85.67218719297928,83.19629640517462,80.70522858099719,78.20478762865122,75.70077809310023,73.1990056341105,70.70527784520402
63.80893054240329,65.8781989401123,67.88804620691124,69.85827614219224,71.80869987171116,73.75913251224685,75.72939141554707,77.73929521778834,79.80866331174539,81.93749490963228,84.04650689688063,86.03659561474433,87.80865751735304,89.30537177600687,90.63654811760634,91.95377895318559,93.40865672661394,95.0866406028392,96.8086565634298,98.35508491540932,99.60865649814407,100.46995894006639,100.80865648073699,100.51701827182511,99.60865649814407,98.14270229493674,96.23901955782593,94.0326553812544,91.65865687576851,89.23053051157248,86.77562015203223,84.29972908772393,81.80866077062834,79.30821893920721,76.8042078373197,74.3024325936484,71.80869987171116
65.01230731263851,67.08159714386152,69.09145741985498,71.06169541724373,73.01212422780794,74.96256011108156,76.93282110052283,78.94272624905282,81.01209521010918,83.14092735842462,85.24993968038103,87.24002859505084,89.01209061109608,90.50880493538146,91.83998131908913,93.1572121853824,94.61208998348599,96.2900738795836,98.01208985396667,99.55851821443727,100.81208980214936,101.67339224674754,102.01208978833333,101.72045157863775,100.81208980214936,99.34613559296974,97.44245284439043,95.23608864642537,92.86209010187008,90.43396366817453,87.9790531853173,85.50316190154787,83.01209319322271,80.51165066407873,78.00763831898765,75.50586086510863,73.01212422780794
66.41569574830525,68.48500259164163,70.49487319316164,72.46511758949734,74.41555043290901,76.36598888995324,78.336251535169,80.34615775225033,82.41552740152441,84.54435998671545,86.65337257432992,88.64346164520485,90.41552375128474,91.91223812766191,93.24341454479085,94.56064543546191,96.01552325315028,97.69350716502058,99.41552315035071,100.96195151756066,102.21552310922328,103.07682555594528,103.4155230982575,103.12388488793985,102.21552310922328,100.74956889530344,98.84588613762153,96.63952192267645,94.26552334711177,91.83739685825441,89.3824862775204,86.90659481956453,84.41552580072022,81.91508271779291,79.41106938596963,76.90929017784471,74.41555043290901
67.25007088851456,69.33796068006885,71.37626346620945,73.38440556062872,75.38129030829265,77.38462086512612,79.41027841499965,81.47197174326097,83.58146379092724,85.73322908157834,87.85731323462032,89.86937462613707,91.68738247439613,93.27048416843172,94.72421983244372,96.18324065928152,97.76943852964015,99.53690905078496,101.31696746782447,102.9244065698044,104.3092515965685,105.41614404680571,105.92919784503506,105.51676216831048,104.3092515965685,102.5377111698455,100.378276903721,97.97960395909061,95.47572731069766,92.97076235593207,90.47313519811132,87.97452775106309,85.47104482563553,82.96062544362604,80.44203224312108,77.9150003434048,75.38129030829265
65.60949260415833,67.67877015624771,69.68862297936309,71.65885635803052,73.60928225770371,75.55971628323894,77.52997607754719,79.53988045479957,81.60924891910199,83.73808075208157,85.84709288228653,87.83718168420779,89.60924363526621,91.10595792195183,92.43713428153609,93.75436513023354,95.2092429142009,96.88722679891382,98.60924276539528,100.1556711210014,101.40924270586203,102.27054514892723,102.6092426899887,102.3176044807421,101.40924270586203,99.94328850010389,98.03960575809478,95.8332415723859,93.45924305021313,91.03111665633327,88.57620624412328,86.10031508608128,83.60924660188826,81.1088044724638,78.60479283959366,76.10301665192438,73.60928225770371
64.50277278883445,66.57199469174131,68.58181373789822,70.55202618404061,72.50243889118985,74.45286449719578,76.42311887498377,78.43301975668737,80.50238596962271,82.63121637344969,84.74022763460627,86.7303159255328,88.50237758206033,89.99909169833772,91.33026794859066,92.64749871754104,94.10237643744061,95.7803602705562,97.50237620122644,99.048804534786,100.30237610672327,101.16367854284076,101.50237608152597,101.21073787431428,100.30237610672327,98.8364219164718,96.93273920424004,94.72637507407808,92.35237665334654,89.9242504399179,87.4693403478928,84.9934497596679,82.50238229127768,80.00194197344612,77.49793356847258,74.99616311945665,72.50243889118985
63.8906117461989,65.96764126854936,67.98932945441469,69.9753792971195,71.94528625930477,73.91804160305205,75.91184338586076,77.94391087456947,80.03055379550833,82.16930016475021,84.2848443127191,86.28447803445442,88.07658651178122,89.61131591099192,90.99715237250221,92.37868786990452,93.8941467092969,95.61397869749501,97.36338355678578,98.93880993769777,100.2555000806624,101.23754830156994,101.66407630650721,101.3114012079769,100.2555000806624,98.6441443260789,96.62288639421365,94.33057161790347,91.89971371379539,89.4383974892508,86.96517983226346,84.47959458234025,81.98323987124958,79.47855461173829,76.96835122209761,74.45587884538344,71.94528625930477
45.984954899040446,48.04884089617019,50.055418014942916,52.02362012014029,53.9727653459079,55.92238184404734,57.89211561944697,59.90168049716394,61.97083028716152,64.09952330152115,66.20845101584804,68.1984901810336,69.97052352184986,71.46722125527643,72.79838699451376,74.11561009662825,75.57048165708368,77.24846052965407,78.97047301743939,80.51689923144781,81.77046956093754,82.63177132910204,82.97046863933215,82.67883062775783,81.77046956093754,80.30451686149392,78.40083701204887,76.19447822214971,73.82048955393049,71.3923806889379,68.93750137905889,66.46166557174254,63.97069575857742,61.47042959453475,58.96673147933885,56.46551261768093,53.9727653459079
46.98540306772826,49.050418457985245,51.05768229461552,53.026310441156625,54.97572435770698,56.92551240928205,58.89535658022476,60.904992714289975,62.97418840338895,65.1029105563212,67.21185599023171,69.20190557470134,70.97394492115752,72.47064612932999,73.80181409792277,75.11903882615326,76.57391169301242,78.25189161770396,79.97390483571843,81.52033149927973,82.77390209229037,83.63520400212653,83.97390136081158,83.68226330774291,82.77390209229037,81.30794907664907,79.40426862001232,77.19790869745427,74.82391796074978,72.39580541620325,69.94091957754699,67.46507215149649,64.9740816264732,62.47377852677616,59.97001460622266,57.46867877466056,54.97572435770698
47.98646560988644,50.05237829683681,52.06018752240843,54.02915395174497,55.97878118193066,57.92870541741013,59.89863721831284,61.90832991224032,63.97756203295707,66.1063073137689,68.21526681193833,70.20532466627826,71.97736877944338,73.4740727455351,74.80524248357383,76.12246850245629,77.5773424062105,79.2553231659721,80.97733696357027,82.52376398394213,83.77733478610952,84.6386368083906,84.97733420553433,84.6856961195316,83.77733478610952,82.31138151950188,80.40770058093645,78.20133975938558,75.82734738092068,73.39923191590202,70.94434089532649,68.46848424740088,65.97747728311299,63.47714486676949,60.973328713938855,58.471900035300266,55.97878118193066
48.988016320359634,51.054641757877704,53.062884073698285,55.0321190824487,56.98191565356889,58.93194799205409,60.901949350547014,62.91168693837349,64.98094797581484,67.10971161360177,69.21868227471707,71.20874669290713,72.98079458943016,74.47750074449115,75.80867188694344,77.12589893021887,78.58077365695827,80.25875507951599,81.98076933713037,83.52719664070305,84.78076760887834,85.642069720407,85.98076714807546,85.6891290359329,84.78076760887834,83.31481414307848,81.41113282200585,79.20477128692339,76.83077760539071,74.40265982238668,71.9477646889031,69.47190072152014,66.98088070922064,64.48052502373658,61.97666741252607,59.4751650360725,56.98191565356889
49.989954830825056,52.05714633560825,54.06573253076945,56.035180764195545,57.985111762596716,59.93522991116993,61.90528648111524,63.915059702706145,65.98434369195317,68.11312189991072,70.22210142114781,72.21217104910053,73.9842219484884,75.48092984094006,76.81210209807824,78.12932995441606,79.5842053343599,81.26218728297965,82.98420190570928,84.5306294340587,85.78420053399456,86.6455027163591,86.98420016825506,86.69256203536528,85.78420053399456,84.3182469100957,82.41456528542682,80.2082031840136,77.8342084682343,75.40608884544083,72.95119044752991,70.47532067065816,67.98429030204501,65.48391614751509,62.98002562976244,60.47846475613807,57.985111762596716
50.99220135313344,53.0598423707454,55.06870158845172,57.03831909184822,58.98835679866916,60.93854306022037,62.908643453765094,64.91844495880905,66.9877471652856,69.11653693774002,71.22552349131445,73.21559725427832,74.98765053704889,76.48435980847137,77.81553295033765,79.13276145200425,80.58763735039722,82.26561971655289,83.98763462907482,85.5340623358297,86.787633540344,87.64893577893105,87.98763325005635,87.69599510069955,86.787633540344,85.32167979096188,83.4179979253284,81.21163537441795,78.83763983775589,76.40951875471856,73.95461776582358,71.4787433779376,68.98770478944991,66.48731597582903,63.98339933950389,61.48179203464322,58.98835679866916
51.994692480037884,54.06269041802112,56.07176638764378,58.04151826177207,59.99164067157503,61.94188099787644,63.91201617564667,65.92184012985894,67.99115679559274,70.11995574688568,72.22894788206398,74.21902492700079,75.99108010146814,77.48779046738224,78.81896431145859,80.1361933253234,81.59106963521,83.26905233276435,84.99106747529461,86.53749532364999,87.7910666111683,88.65236889437918,88.99106638076685,88.69942821834013,87.7910666111683,86.32511276219003,84.42143070530278,82.21506779762603,79.84107160942847,77.41294936739352,74.95804632202916,72.48216827436619,69.99112316172005,67.49072271304527,64.98678534599686,62.485141187378815,59.99164067157503
53.097377835121364,55.16565915036992,57.17490718999255,59.14476572751579,61.094955371445934,63.04523861113765,65.01540139805527,67.02524317054757,69.09457131274803,71.22337754934736,73.33237411466905,75.32245376451738,77.09451044042834,78.59122167504222,79.92239607646354,81.23962549686064,82.69450213335011,84.37248509393582,86.0945004190239,87.64092837976773,88.89449973316636,89.75580205179514,90.09449955029658,89.80286137749627,88.89449973316636,87.42854580513853,85.52486359645303,83.31850040561059,80.94450370028872,78.51638053835595,76.06147586076821,73.58559490833042,71.09454461743135,68.59413493392893,66.09018111264346,63.58850770238462,61.094955371445934
54.10021740303236,56.1687236912951,58.178108324322366,60.14805152900203,62.098294540049764,64.04861184148879,66.01879654236146,68.02865245746088,70.09798970863127,72.22680172761835,74.33580180916067,76.32588352653356,78.09794139414296,79.59465331824501,80.92582816203169,82.24305790509388,83.69793480080831,85.37591797016222,87.09793344014655,88.64436149009315,89.89793289578103,90.75923524252107,91.0979327506372,90.80629456960335,89.89793289578103,88.43197890501156,86.52829657584365,84.32193316025243,81.94793604448854,79.51981215243188,77.06490617934602,74.58902292138194,72.09796852048501,69.59755150724517,67.09358462606494,64.59188799826305,62.098294540049764
55.10317940366602,57.171864288626125,59.181357349366266,61.1513677596821,63.1016531303531,65.05199746747999,67.02219956182327,69.0320667020616,71.1014111830844,73.23022779157846,75.33923066395546,77.3293140223268,79.10137283578902,80.59808530713866,81.92926050203116,83.24649050119291,84.70136760265441,86.37935093770778,88.10136652269637,89.64779464344323,90.9013660906331,91.76266845968512,92.10136597543239,91.80972778786358,90.9013660906331,89.43541205006555,87.53172962527074,85.32536603129621,82.9513685897642,80.5232441182075,78.0683371168831,75.59245202901846,73.10139436600417,70.60097153511643,68.09699428819118,65.59527923229797,63.1016531303531
56.10623860059256,58.17506526021356,60.18464438856449,62.15470814334907,64.10502713620716,66.05539293211625,68.02560883188863,70.03548488161647,72.10483510101353,74.23365535221608,76.34266043968539,78.33274510052004,80.10480466470688,81.60151757040751,82.932693043973,84.24992324640115,85.70480051116425,87.38278397773341,89.10479965400093,90.65122783094208,91.90479931107211,92.76610169783308,93.10479921963721,92.81316102688163,91.90479931107211,90.43884523097975,88.5351627302858,86.32879899472834,83.95480129463391,81.5266763631275,79.07176854568903,76.59588200542936,74.10482175326456,71.60439430488682,69.10040883060157,66.59867914812399,64.10502713620716
57.109374955738275,59.17831415607637,61.18796160167682,63.158067698085944,65.10841337773064,67.05879620582819,69.029023063117,71.03890618436856,73.1082609583394,75.23708410077063,77.34609094636326,79.33617664096494,81.10823680100276,82.60495005144817,83.93612574619667,85.25335610995754,86.70823350433322,88.38621707528654,90.10823282400222,91.65466104554471,92.90823255181941,93.769534952636,94.1082324792475,93.81659428237512,92.90823255181941,91.44227844035623,89.53859587942108,87.33223203148913,84.95823412617356,82.53010882960473,80.07520036441564,77.59931267138805,75.10825036420917,72.60781925091476,70.10382724652993,67.60208595479959,65.10841337773064
58.212572559890944,60.28160109273567,62.291302765138354,64.26144246943488,66.21180933092474,68.16220567769452,70.13244123205811,72.14232996601783,74.21168835497083,76.34051379217749,78.44952203319565,80.4396085482995,82.21166918126488,83.70838270533453,85.03955857563614,86.3567890674469,87.8116665646962,89.48965021849926,91.21166602471706,92.75809428165974,94.01166580868545,94.87296822065798,95.21166575108508,94.9200275509452,94.01166580868545,92.5457116723232,90.64202906357457,88.43566512645097,86.06166705825123,83.63354147193206,81.17863249262274,78.70274388464183,76.21167994639475,73.71124592424616,71.20724873689299,68.70549823081377,66.21180933092474
59.21581878276062,61.2849182244579,63.29466293882223,65.26482931854683,67.21521299241131,69.16562006909403,71.135862526386,73.1457557151779,75.21511697335326,77.34394423192798,79.45295358049745,81.44304074683487,83.21510175516322,84.71181549640863,86.04299150604687,87.36022209949093,88.81509967839102,90.49308339795202,92.21509924980933,93.76152753484914,95.01509907834489,95.87640149917192,96.21509903262745,95.9234608298942,95.01509907834489,93.54914492222025,91.64546227552206,89.439098267607,87.06510007012595,84.63697425383175,82.18206486646477,79.70617553228448,77.2151102994561,74.71467396854348,72.21067266744993,69.70891484788754,67.21521299241131
60.31910359770113,62.388259323316944,64.39803820144462,66.36822575399353,68.31862277205838,70.26903836516405,72.239286301349,74.24918302595776,76.31854656144225,78.44737526564,80.55638549327438,82.54647317649648,84.31853448275076,85.81524839636876,87.14642451659859,88.46365519070902,89.91853283441546,91.59651660616854,93.31853249424992,94.86496080159043,96.1185323581585,96.97983478601336,97.31853232187255,97.02689411708091,96.1185323581585,94.65257818634845,92.74889550952965,90.5425314454273,88.16853314533567,85.74040714651014,83.28549743526749,80.80960752470202,78.31854126436282,75.81810310097985,73.31409853479852,70.8123349104894,68.31862277205838
61.42241904531144,63.491619445723856,65.50142544048998,67.47162979825012,69.42203740774599,71.37245976039488,73.34271204520209,75.35261157619962,77.42197691918912,79.5508067707801,81.65981769612927,83.64990578960325,85.42196733232159,86.9186813827518,88.24985759075823,89.56708832889363,91.02196602403687,92.69994983721487,94.4219657540473,95.96839407908789,97.22196564603149,98.0832680794643,98.42196561723131,98.13032741080593,97.22196564603149,95.7560114617719,93.85232876104637,91.6459646523482,89.27196627081443,86.84384012711365,84.38893015881064,81.91303979076775,79.42197271489209,76.92153309707447,74.41752593938497,71.91575770782565,69.42203740774599
62.525758807425404,64.59499466764646,66.60482218543292,68.57503988170564,70.52545589770912,72.47588361544493,74.44613935176983,76.45604111020526,78.52540788781477,80.65423865009322,82.76325012921933,84.75333854831057,86.52540027871058,88.02211443772875,89.35329071540353,90.67052150435559,92.12539924032426,93.80338308638119,95.5253990260334,97.07182736512254,98.32539894030118,99.18670137816125,99.52539891744246,99.23376070972039,98.32539894030118,96.85944474616039,94.95576202646006,92.74939788236615,90.37539943619174,87.9472731775034,85.4923630051714,83.01647227402836,80.52540455086053,78.02496377865612,75.52095456408134,73.01918267573268,70.52545589770912
63.629117868816294,65.6983818743876,67.70822647534058,69.67845475852852,71.62887744683395,73.57930942286343,75.54956789866849,77.55947142502615,79.62883934129576,81.75767082638788,83.86668274504727,85.85677142258113,87.62883330194424,89.12554754714873,90.45672388011934,91.77395470940459,93.22883247777645,94.90681634992941,96.62883230769366,98.17526065793317,99.42883223964796,100.29013468102194,100.62883222150498,100.33719401275371,99.42883223964796,97.96287803766447,96.05919530290382,93.85283113071628,91.47883263323656,89.0507062832825,86.59579594901258,84.11990492967664,81.62883669275247,79.12839500430991,76.62438415718171,74.1226093664296,71.62887744683395
64.83249224858432,66.90177859369017,68.91163675377184,70.88187343988231,72.83230142403039,74.78273677988324,76.75299743002064,78.76290235958135,80.83227117960696,82.9611032383971,85.0701155059144,87.06020438857436,88.83226638616954,90.32898069978019,91.6601570766391,92.97738793793685,94.4322657320271,96.11024962489256,97.83226559703232,99.37869395612185,100.6322655430244,101.49356798718739,101.83226552862433,101.54062731905618,100.6322655430244,99.16631133481616,97.26262858810215,95.05626439361669,92.68226585541589,90.25413943302422,87.79922897022404,85.3233377221492,82.8322690774562,80.33182666179444,77.82781451890615,75.32603742450999,72.83230142403039
66.23587878689075,68.30518286324677,70.31505178534854,72.28529514091493,74.23572732839689,76.18616536682582,78.15642774273545,80.16633378602054,82.23570332335838,84.36453583749311,86.4735483818992,88.46363742736793,90.23569951880401,91.73241388670863,93.06359029840169,94.3808211851078,95.83569899961077,97.5136829089157,99.23569889246534,100.78212725857917,102.03569884959924,102.8970012959758,103.23569883816987,102.94406062795338,102.03569884959924,100.56974463645037,98.66606188024898,96.45969766806564,94.0856990975445,91.65757261765903,89.20266205284435,86.7267706232193,84.23570165487985,81.73525866202351,79.2312454906888,76.72946656788604,74.23572732839689
66.92835931443122,69.01718106601413,71.05690472546985,73.06692702508754,75.06609374406636,77.07199205503625,79.10030414583107,81.16444734157196,83.27581654838626,85.428646633189,87.55342738495159,89.56649984492016,91.3866047432698,92.97358709559008,94.43269183481547,95.89773017513988,97.489321586337,99.2603714487991,101.04271082092839,102.652513626266,104.04232910326938,105.1581122268564,105.67716933607309,105.26060104852776,104.04232910326938,102.25897232126174,100.08896190388188,97.68189759619189,95.17213016144495,92.6635923646464,90.16395017385531,87.66426270268597,85.16018709628918,82.64929018081727,80.12999705110116,77.60174702429998,75.06609374406636
65.2756590269337,67.34492900885289,69.35477723720086,71.32500776837804,73.27543187345378,75.22586475367117,77.19612381116517,79.20602771291527,81.27539587096263,83.40422750953363,85.51323952152137,87.50332825393171,89.2753901649249,90.7721044284298,92.10328077314162,93.42051161099106,94.87538938624323,96.55337326393733,98.27538922554739,99.82181757815451,101.07538916125716,101.93669160337726,102.27538914411548,101.9837509351457,101.07538916125716,99.60943495760837,97.70575221964991,95.4993880414971,93.12538953312344,90.69726316379048,88.24235279513543,85.76646171460601,83.27539336859329,80.77495148560104,78.27094029182405,75.76916488478875,73.27543187345378
64.16895094244134,66.23816082913689,68.24797258181468,70.21818050794961,72.16859036639374,74.11901415433746,76.08926736251262,78.09916748940617,80.16853321619297,82.29736331141604,84.40637438491466,86.39646256549955,88.16852415842752,89.66523823790779,90.99641446455226,92.31364521628244,93.76852292234753,95.44650674432148,97.16852266725878,98.7149509960577,99.9685225652044,100.82982499982162,101.16852253799368,100.87688433122142,99.9685225652044,98.50256837830133,96.59888567249953,94.39252155433212,92.01852315550536,89.59039698104246,87.13548695815648,84.65959649297504,82.16852924393221,79.66808931728676,77.16408160932826,74.66231239948547,72.16859036639374
63.56177690005326,65.6392054970361,67.66150607101237,69.64837370198009,71.61928474765327,73.59318534957919,75.58818863927306,77.62138116415119,79.70889683325312,81.84814245333814,83.96401487675897,85.96412742489846,87.75723802377384,89.29385453898394,90.68237420523431,92.06702134332637,93.58536779820001,95.30716999405115,97.05785360259604,98.63462469562742,99.95420953876312,100.94167427466192,101.37204461143037,101.0167079327818,99.95420953876312,98.33611877467162,96.30923944387294,94.01271314570619,91.57902071655701,89.11603183746703,86.64188581405736,84.15580734050154,81.65918324599345,79.15428159596267,76.64376209220006,74.13074252982481,71.61928474765327
45.7728074955198,47.8364186579327,49.842828622350375,51.81092700807931,53.760006814756935,55.70958154154539,57.67928843577474,59.68883596221292,61.757974575361246,63.886660494136834,65.99558389350841,67.98562052144891,69.75765239980228,71.25434928707523,72.58551448343013,73.90273718956004,75.35760843188567,77.03558704824799,78.75759935821094,80.30402546274613,81.55759572806431,82.41889746172953,82.75759476016009,82.46595675869031,81.55759572806431,80.09164310561987,78.18796340403563,75.9816048899568,73.60761672544615,71.17950875648194,68.72463103645892,66.24879805847272,63.75783328892189,61.25757611913049,58.75389402805071,56.25270364872847,53.760006814756935
46.77310616913239,48.83790317354845,50.84503424492519,52.81358003210843,54.76294201057141,56.71269690212165,58.68251973497179,60.69214209629891,62.76132891391569,64.89004543491794,66.99898744398601,68.9890350146209,70.76107320031136,72.25777373688803,73.58894127459322,74.90616568852974,76.36103830288866,78.03901802422743,79.7610311011041,81.30745767777638,82.56102821985401,83.42233010230805,83.7610274516278,83.4693894065791,82.56102821985401,81.09507526532701,79.19139492604754,76.98503522240844,74.61104488549849,72.18293305213237,69.72804847535272,67.25220329496526,64.76121677313137,62.26092081239844,59.757169610898615,57.255856388008425,54.76294201057141
47.774049906880585,49.83978910352741,51.84749289349783,53.81639393074417,55.76597992823906,57.7158778407573,59.68579270403362,61.69547446588963,63.764699545047336,65.89344035569181,68.00239713552412,69.99245339146846,71.76449658332807,73.26120001637182,74.59236941241392,75.90959518184059,77.36446888518492,79.04244948354514,80.7644631691221,82.31089012053005,83.56446088227187,84.42576288281973,84.76446027253024,84.47282219289295,83.56446088227187,82.09850766417068,80.19482681875186,77.98846617095722,75.6144741098099,73.18635920925698,70.73146919023802,68.25561432471031,65.76461053780012,63.264283787796145,60.76047773052878,58.259066997808176,55.76597992823906
48.77550622751851,50.84199386644585,52.85015246030518,54.8193355525554,56.769099391341555,58.71911083486401,60.68909874896411,62.69882765959525,64.76808310798434,66.89684319773309,69.0058117012789,70.99587485081284,72.76792201609196,74.26462774807123,75.59579861908,76.91302546436192,78.36790003203572,80.045881326489,81.767895495192,83.31432274402798,84.56789368011744,85.42919577439646,85.76789319616515,85.47625508907485,84.56789368011744,83.1019402528172,81.19825900567511,78.99189760850318,76.61790417882588,74.18978684383953,71.73489250529474,69.25902995261072,66.76801246222539,64.26766127420618,61.76381167612904,59.26232354424408,56.769099391341555
49.77736976097582,51.84445183236256,53.85297155361437,55.82237857158276,57.772283586579306,59.7223851492883,61.69243104778832,63.70219738202991,65.77147693514044,67.9002523269779,70.0092301357359,71.99929875675011,73.77134907574725,75.2680566323979,76.59922867409085,77.91645637328091,79.37133162697421,81.0493134739173,82.77132802607792,84.31775551098276,85.57132658545211,86.43262875412557,86.77132620133887,86.4796880724591,85.57132658545211,84.10537299211042,82.20169142612023,79.99532943416673,77.62133491828538,75.19321565108433,72.73831788411852,70.2624492300996,67.77142086314859,65.27105027831445,62.767166120766035,60.26561655362025,57.772283586579306
50.7795567363151,52.84711085712729,54.85591729949124,56.82550208429417,58.77551916572054,60.725692262104104,62.6957841853242,64.70558022371485,66.77487890916277,68.90366644643584,71.01265164080522,73.00272460455798,74.77477742667088,76.27148643156738,77.60265940243445,78.91988777937266,80.37476357756042,82.05274586301528,83.77476071952648,85.32118839179938,86.5747595761009,87.43606180382132,87.77475927123,87.48312112505593,86.5747595761009,85.108805850972,83.20512403191186,80.99876156787971,78.62476618987687,76.19664538907375,73.74174490096138,71.2658714042878,68.77483440453142,66.27444842421492,63.77053683609819,61.26893850554639,58.77551916572054
51.78200057700268,53.849929520079385,55.85896359245369,57.82868949412264,59.77879553205676,61.72902540855381,63.699153863175425,65.70897347840094,67.77828734945169,69.90708452666398,72.01607558303458,74.00615199363494,75.77820680247723,77.27491695684924,78.60609066520324,79.923319580071,81.37819581042461,83.05617844392663,84.77819354200116,86.32462136298818,87.57819263446359,88.4394949090496,88.77819239248738,88.4865542325868,87.57819263446359,86.11223880473514,84.20855678481314,82.00219394609175,79.6281978838222,77.20007586579695,74.74517321790465,72.26929587759963,69.77825202593735,67.27785382607978,64.77392046586692,62.272283430383624,59.77879553205676
52.88464838601533,54.95287492429492,56.96208970410626,58.93192762494705,60.8821042735824,62.83237921887846,64.80253666947353,66.81237499804604,68.8817009220794,71.01050575057991,73.11950145964761,75.10958060602138,76.88163699173502,78.37834805844761,79.70952235214597,81.026751693969,82.48162826733306,84.1596111770804,85.88162646688392,87.42805440590547,88.6816257465708,89.5429280583541,89.88162555451417,89.58998738371886,88.6816257465708,87.2156718338216,85.31198965447547,83.10562651836294,80.73162991299023,78.3035069288542,75.84860256674071,73.3727221757347,70.88167288568354,68.38126498708243,65.87731434606846,63.375646589584676,60.8821042735824
53.887458144151026,55.95592094602594,57.965279176978584,59.93520601671992,61.88543871280693,63.835749430740066,65.80592989607248,67.81578307769084,69.88511856828464,72.01392946965662,74.1229288715873,76.11301018935131,77.88506782663063,79.38177961746922,80.71295437575606,82.03018405645392,83.48506090206568,85.16304403106912,86.88505947304807,88.4314875057537,89.68505890133517,90.54636124264192,90.88505874889972,90.59342056945722,89.68505890133517,88.21910492269232,86.31542261681112,84.10905924465905,81.73506220822489,79.30693845728568,76.8520327345922,74.37614992223766,71.88509631571702,69.38468071916301,66.8807163621937,64.37902422188378,61.88543871280693
54.890396478801534,56.95904684236757,58.968518945407595,60.93851636593922,62.88879354924978,64.83913266089361,66.80933139342447,68.81919636407216,70.88853944771418,73.01735516915255,75.12635750211996,77.11644054332095,78.88849917396988,80.38521153954815,81.71638666657935,83.03361661624248,84.48849367793744,86.16647698096465,87.88849254372533,89.43492065078803,90.68849208995647,91.54979445469604,91.88849196896837,91.59685378266262,90.68849208995647,89.2225380590138,87.31885565270164,85.11249209320482,82.73849471463686,80.31037035508521,77.85546355249753,75.37957881831397,72.8885217857983,70.38810007934039,67.88412483590014,65.38241334178693,62.88879354924978
55.89343688827597,57.962236144325786,59.971798637052416,61.941852081256286,63.89216457556854,65.84252622391384,67.81273945537495,69.82261378308164,71.89196289337045,74.02078244051387,76.12978709985256,78.11987150894859,79.89193092803629,81.38864374978608,82.71981916949002,84.03704933263109,85.49192656583146,87.16991000698141,88.89192566560665,90.43835383168663,91.69192530545004,92.55322768878824,92.89192520942171,92.60028701766859,91.69192530545004,90.22597123299698,88.32228874697273,86.11592503878023,83.74192738866043,81.31380254605254,78.85889488635159,76.38300862680916,73.89194887507252,71.39152231915881,68.88753843505164,66.38581157959555,63.89216457556854
56.89655832944885,58.96547577708651,60.975110018046564,62.94520793057558,64.89554845217391,66.84592798828797,68.81615272771214,70.82603448218458,72.89538837585155,75.02421095946912,77.13321746525365,79.12330296005004,80.89536300492253,82.39207618873608,83.72325184073462,85.0404821733133,86.49535954263762,88.17334309341568,89.89535882812866,91.4417870410507,92.69535854227217,93.5566609403721,93.89535846605443,93.60372026997777,92.69535854227217,91.2294044368723,89.32572188758047,87.11935806136819,84.74536019571747,82.31723496970744,79.86232662971481,77.38643915949282,74.89537724950478,72.39494684456169,69.89095610230899,67.38921705440902,64.89554845217391
57.999744094885,60.06875536104275,62.07844655232526,64.04857976084078,65.99894252829382,67.94933626217684,69.9195701355747,71.9294577847148,73.99881547496759,76.12764046864254,78.23664843995446,80.22673479647266,81.99879533803116,83.49550880921505,84.82668464558598,86.14391511264739,87.5987925900134,89.2767762278034,90.99879202290725,92.54522027300783,93.79879179602281,94.66009420583913,94.99879173552873,94.70715353602043,93.79879179602281,92.332837664473,90.42915506496571,88.22279114508098,85.84879310836328,83.4206675780467,80.9657586981059,78.48987026696608,75.99880664396994,73.49837318404158,70.99437699844772,68.49262827331168,65.99894252829382
59.00298092042134,61.072066656558945,63.08180305168092,65.05196427555515,67.00234469992208,68.95274970273138,70.92299082583027,72.93288315359621,75.00224385721128,77.13107076375401,79.24007989825726,81.23016693872503,83.00222787450372,84.49894157377369,85.83011755648113,87.14734813028159,88.60222569340036,90.28020940025172,92.00222524328787,93.5486535228971,94.80222506320955,95.6635274823252,96.00222501519539,95.71058681296338,94.80222506320955,93.33627091090457,91.43258827154122,89.2262242773086,86.85222610481492,84.42410033297,81.9691910244719,79.49330183065055,77.00223684803733,74.50180096336001,71.99780045736614,69.49604405134795,67.00234469992208
60.106258276102565,62.175403122990346,64.18517539789677,66.15535885815281,68.10575329705298,70.05616724410925,72.02641412133826,74.03631016254779,76.10567325787643,78.23450168266587,80.34351174039558,82.33359932371486,84.10566057238641,85.60237445268842,86.93355055154328,88.2507812100626,89.70565884124335,91.38364260290882,93.10565848398883,94.6520867870191,95.90565834106059,96.7669607675571,97.1056583029517,96.81402009855793,95.90565834106059,94.43970417228218,92.53602150128503,90.32965744804252,87.95565916778332,85.52753320423722,83.07262355559287,80.59673375643041,78.1056676946873,75.60522988548209,73.10122595037345,70.59946344800065,68.10575329705298
61.20956780292261,63.27875956849343,65.2885603221318,67.25876143177918,69.2091669941675,71.15958804033667,73.12983948464617,75.13973847322777,77.20910346686475,79.33793309668889,81.4469438871846,83.4370319013656,85.20909339838045,86.70580742236777,88.03698361340885,89.35421433916957,90.8090920243712,92.48707582954265,94.20909174081811,95.75552006243765,97.00909162737587,97.87039405973059,98.20909159712883,97.91745339101925,97.00909162737587,95.54313744552249,93.63945474941761,91.43309064933888,89.05909228354618,86.6309661678467,84.17605624922798,81.70016596960576,79.209099051356,76.70865971464983,74.20465305784418,71.70288571676974,69.2091669941675
62.31290286546766,64.3821318719651,66.39195522977275,68.36217034798025,70.31258473917879,72.26301141995503,74.23326648917399,76.24316781709263,78.31253431742044,80.44136490368231,82.5503762757751,84.5404646319314,86.31252632605654,87.80924046408697,89.14041672829634,90.45764750742661,91.91252523550462,93.59050907520675,95.31252501044835,96.85895334682223,98.1125249204092,98.97382735741358,99.31252489640212,99.02088668893069,98.1125249204092,96.64657072817825,94.74288801214534,92.53652387489267,90.16252544121193,87.73439920474821,85.27948907185069,82.80359841088719,80.31253081282722,77.81209026374131,75.308081446719,72.80631026515084,70.31258473917879
63.41625819666051,65.48551676227318,67.49535806139025,69.46558429834354,71.41600569703127,73.36643685002161,75.33669479634281,77.34659798099842,79.41596567718915,81.54479702257674,83.65380885628367,85.64389748386606,87.41595933443777,88.91267356298427,90.24384988526737,91.56108070675707,93.0159584688661,94.69394233597525,96.41595829023882,97.9623866383232,99.21595821877469,100.07726065946952,100.41595819972025,100.12431999116791,99.21595821877469,97.75000401830704,95.84632128645723,93.6399571196996,91.2659586321361,88.83783229982174,86.382921996851,83.90703103321661,81.41596289559064,78.91552138423748,76.41151085264733,73.90973662286865,71.41600569703127
64.6196296156753,66.68891164298577,68.69876718236162,70.66900224436013,72.61942920493213,74.56986390753606,76.54012413742089,78.5500287957721,80.61939744112084,82.74822938902732,84.8572415891178,86.84733043213126,88.6193924068747,90.11610670726387,91.4472830756401,92.76451393075052,94.21939171986995,95.89737560873212,97.6193915780934,99.16581993547243,100.41939152137229,101.28069396499619,101.61939150624877,101.32775329683852,100.41939152137229,98.95343731436714,97.04975456996348,94.84339037978772,92.46939184945745,90.0412654410664,87.58635500310842,85.11046379924396,82.619395233364,80.11895295825826,77.61494106581299,75.11316441666258,72.61942920493213
66.02301380397166,68.0923144532299,70.10218129525283,72.07242336175163,74.02285473681707,75.9732922567605,77.9435542991148,79.95346012714054,82.02282952583717,84.15166195196343,86.2606744428528,88.25076345685406,90.02282553015266,91.51953988756344,92.85071629252383,94.16794717431901,95.62282498487664,97.30080889100418,99.02282487234851,100.5692532371047,101.82282482732893,102.68412727327768,103.02282481532541,102.73118660523424,101.82282482732893,100.35687061513501,98.45318786076731,96.24682365200458,93.87282508773029,91.44469861895715,88.9897880738597,86.51389667932446,84.022827773539,81.52238489224206,79.01837191968428,76.51659335027387,74.02285473681707
66.54987661216077,68.6398493471335,70.68132674272215,72.69366774715746,74.69564562761593,76.70470321802316,78.73627699267999,80.80342644757343,82.91709658333522,85.0712308567941,87.19686443668024,89.2111741809747,91.03384328155843,92.62556352282871,94.09120788327496,95.56355439049779,97.16167714979733,98.93705155846595,100.72214267021481,102.33479368120625,103.73058729804225,104.85702607844087,105.38325122973762,104.96175087610696,103.73058729804225,101.93299382525232,99.7501682076698,97.3328867383188,94.81592057259627,92.30300605894928,89.80089192418434,87.29987848034769,84.79507491241665,82.28359130449101,79.76343798945106,77.23369019547164,74.69564562761593
64.8821558030576,66.95141608136845,68.96125842002508,70.93148530120868,72.88190710591581,74.83233851802945,76.80259663105181,78.81249992328793,80.88186768876767,83.01069907813945,85.11971093859256,87.10979958190154,88.88186144153785,90.3785756753289,91.70975200097683,93.02698282492086,94.48186058900164,96.15984445769881,97.88186041306449,99.42828876182742,100.68186034267661,101.54316278358525,101.88186032390915,101.59022211529417,100.68186034267661,99.21590614173172,97.31222340896548,95.10585924049832,92.73186074981281,90.30373441194483,87.84882409911992,85.37293311794863,82.88186494905989,80.3814233819524,77.87741275101914,75.37563834462519,72.88190710591581
63.775462755323275,65.8446572394555,67.85445964319283,69.82466177546576,71.77506798235919,73.72548943985657,75.69574114878593,77.70564030814023,79.77500541176636,81.90383511141093,84.0128459443635,86.00293398350891,87.77499549491293,89.27170952722545,90.60288572360787,91.92011645326458,93.3749941415962,95.05297794928839,96.7749938623134,98.32142218501002,99.57499375057961,100.43629618327375,100.77499372078807,100.48335551457909,99.57499375057961,98.10903956796867,96.20535687040902,93.99899276761658,91.62499439686799,89.19686827235266,86.74195833809148,84.26606803063117,81.77500106275491,79.2745616375444,76.7705548230419,74.26878720160977,71.77506798235919
63.17447858780231,65.25240192730571,67.27546149574138,69.26334232071017,71.23549678577871,73.21081484734783,75.20730431578244,77.24188759714009,79.33048159256583,81.47034384559444,83.58662164110848,85.58732534694549,87.38167269097096,88.92061641712651,90.31244115469028,91.70091539544143,93.22280795383094,94.94702662871487,96.69927733035678,98.27769524612424,99.60082128348597,100.59489817204914,101.0299479099767,100.67137079142637,99.60082128348597,97.97448322159443,95.94069841932028,93.6389855033703,91.20179594259696,88.73674101051579,86.26144750649972,83.77475917490318,81.27780192947598,78.77263263223827,76.26172208238916,73.7480254784617,71.23549678577871
39.74086578407541,41.787087003453905,43.782885716437,45.744386543785595,47.689299824001765,49.636212017848194,51.60420461170936,53.61264522509606,55.681070666965354,57.80930376968851,59.91795177983295,61.90782646734941,63.67976500078669,65.17640787951127,66.50753842423956,67.82473585490709,69.27958679108659,70.95754905368045,72.67955001320112,74.2259691300178,75.47953529923828,76.34083483079581,76.67953137605515,76.38789401956305,75.47953529923828,74.01358759168453,72.1099173281057,69.90357641967663,67.52962040676758,65.10156963048689,62.64679338765802,60.171140993960734,57.68049811826387,55.180814919986545,52.67815522301218,50.178781512136254,47.689299824001765
40.73171405282571,42.782668033200515,44.78136143269802,46.74466462901226,48.690717176712894,50.638357811935705,52.60681959227952,54.615563227924184,56.68418393324242,58.812541027279394,60.92126444983636,62.911183484637945,64.68314758106841,66.17980525049848,67.51094528494308,68.82814963759935,70.28300613488187,71.96097287618231,73.68297694418641,75.2293979746942,76.48296526569325,77.34426540033175,77.68296215185862,77.39132461872944,76.48296526569325,75.01701621212209,73.11334336380537,70.90699763381865,68.53303281577271,66.10496637664413,63.65016234353375,61.174460496657076,58.683729473724895,56.1838891111766,53.68094950069461,51.18107853603115,48.690717176712894
41.72513258589265,43.77985886414989,45.780855867372345,47.74559200450237,49.69254975578784,51.64076894993251,53.609603285831184,55.618587496653234,57.68736320941268,59.815818725910304,61.92460200725367,63.91455624195039,65.6865406282743,67.18321003730524,68.51435760383973,69.8315674505343,71.28642836169777,72.96439865776719,74.68640519298431,76.23282774239314,77.48639592374988,78.34769653705467,78.68639345229639,78.39475577897011,77.48639592374988,76.02044580184226,74.1167709020126,71.91042134513772,69.53644953840237,67.10837066751559,64.6535445767844,62.17780347744893,59.6870024874472,57.18703736907938,54.68387554529697,52.18360976530738,49.69254975578784
42.72060069223219,44.778331121988344,46.78116034684038,48.7470353250002,50.69471214652401,52.64339079201628,54.6125209275674,56.6216961247861,58.690594883881715,60.819128524947246,62.927959318707266,64.91794149248122,66.68994198323955,68.18662071013026,69.51777425494959,70.83498846229813,72.28985287678046,73.96782599428276,75.68983448773324,77.23625824269678,78.48982713073184,79.35112812395465,79.68982516913704,79.39818738453617,78.48982713073184,77.02387616088382,75.1201996327641,72.9138470384764,70.53986968478456,68.1117809467118,65.65693734854574,63.1811650936032,60.690308567827074,58.19024442159218,55.686906198134494,53.18632696179016,50.69471214652401
43.71770160236106,45.77782280608011,47.78210869866504,49.74888853178164,51.69713646425194,53.64617993338831,55.615544909636554,57.62487171916864,59.69386815082194,61.822463803562016,63.93133230950602,65.92133665910843,67.6933499321761,69.19003605474043,70.52119434456614,71.8384120129887,73.2932792080692,74.9712545649511,76.69326461265564,78.23968932446991,79.49325877339646,80.3545600681607,80.69325721647712,80.40161934355748,79.49325877339646,78.02730713053705,76.12362931004064,73.91727430495072,71.54329254861767,69.11519597889566,66.66033848488684,64.18454150114935,61.693640894788956,59.19349814434577,56.6900198941871,54.18919180987922,51.69713646425194
44.71610230431445,46.77812509885234,48.783568685262786,50.751067305498836,52.699768771484386,54.649101900217886,56.618653310208856,58.62810047109201,60.697174432194316,62.82581930625646,64.93471774535966,66.92473969628676,68.69676311481314,70.19345510738006,71.52461716334406,72.84183757883596,74.29670698088631,75.97468411516928,77.69669539648814,79.2431208677562,80.496690761863,81.35799229596094,81.69668952613495,81.40505158311663,80.496690761863,79.03073858483361,77.12705973857587,74.92070282002713,72.54671756930355,70.11861478356047,67.66374626029902,65.18792964894288,62.69699405465866,60.19678891239886,57.69319951151547,55.19217388022008,52.699768771484386
45.71553707707832,47.77907171284969,49.78543513076936,51.75350463319151,53.702566221816966,55.65212931584411,57.621828723952234,59.631371418211586,61.70050691869244,63.82919086139651,65.93811305908064,67.9281489804139,69.70018045148007,71.19687710310419,72.52804214826944,73.84526474411993,75.30013589784826,76.97811444285807,78.70012670329851,80.24655277734601,81.50012302479281,82.36142474885014,82.70012204399461,82.4084840453389,81.50012302479281,80.03417042379218,78.1304907633863,75.92413232612188,73.55014430189118,71.12203658246571,68.66715930520823,66.19132711517331,63.70036375023682,61.20010908528177,58.69643145679029,56.19524900951899,53.702566221816966
46.81579412514553,48.88053031871581,50.88762441890148,52.85614727071652,54.805494785216496,56.755240442091306,58.72505733248693,60.734675858218495,62.8038602051914,64.93257515773837,67.04151621300917,69.03156322280319,70.80360108522723,72.30030143476839,73.63146885247387,74.94869317888131,76.40356572292035,78.08154538762656,79.80355842519712,81.3499849776713,82.60355550556439,83.46485738039266,83.8035547271042,83.51191668428905,82.60355550556439,81.13760256805736,79.23392226146123,77.02756261878986,74.65357239322037,72.22546075791391,69.77057653255955,67.2947319775758,64.80374657060518,62.303452598025984,59.799704938687086,57.29839801210957,54.805494785216496
47.816704781578906,49.88239566744098,51.89007009619837,53.85895292290343,55.80852743764255,57.75841801949342,59.72832816578922,61.73800688314664,63.80723000127861,65.93596956701015,68.04492558980218,70.03498140060285,71.80702433588425,73.30372762047725,74.63489692127521,75.95212262122988,77.40699626876119,79.08497682217208,80.80699047655173,82.35341740875363,83.60698815923718,84.46829015373247,84.80698754137285,84.5153494635083,83.60698815923718,82.14103495464477,80.23735413516673,78.03099353576224,75.65700156298604,73.22888681963357,70.77399707954231,68.29814271040189,65.80713980837197,63.30681463640684,60.8030113906819,58.30160565575099,55.80852743764255
48.81813481836217,50.884584084493305,52.89271936352415,54.86188799781799,56.81164272103294,58.76164834550735,60.73163251545324,62.74135900954806,64.81061290142316,66.93937200306544,69.04833990574116,71.03840270196181,72.81044966359374,74.3071552777472,75.6383260731605,76.95555286330236,78.41042738667727,80.0884086454542,81.81042278939587,83.356850022988,84.61042095014177,85.47172303961685,85.81042045974246,85.5187823540592,84.61042095014177,83.14446753356344,81.24078630701058,79.03442494824594,76.66043158870897,74.23231437849294,71.77742026133402,69.3015581026354,66.81054131458798,64.31019137908434,61.80634401261021,59.30485984772747,56.81164272103294
49.81997747315277,51.88702907005822,53.895530279498985,55.86492581950756,57.81482359839805,59.7649205420886,61.73496346867233,63.7447278848346,65.81400620250962,67.94278081007492,70.05175814191767,72.04182648250537,73.81387663986703,75.31058410299903,76.64175608469174,77.95898374011705,79.41385895865024,81.09184077727699,82.81385530978451,84.3602827825903,85.61385384996737,86.47515601482795,86.81385346073714,86.52221533297414,85.61385384996737,84.14790026513569,82.2442187154872,80.03785675401761,77.66386229380669,75.2357431256361,72.78084553438487,70.30497719307394,67.81394938357394,65.31357979287803,62.809697406604684,60.30815098823058,57.81482359839805
50.82214786626277,52.88967778813185,54.89846953336351,56.86804520641978,58.81805654386926,60.768225973860154,62.7383155381559,64.74811005411986,66.81740775898336,68.9461946737719,71.05517948961071,73.04525223078778,74.81730492461014,76.31401385528072,77.64518677852547,78.96241512072754,80.4172908910087,82.09527315398884,83.81728799490139,85.36371565757123,86.61728683624361,87.47858906093775,87.81728652731135,87.52564838202363,86.61728683624361,85.15133311786911,83.24765131177938,81.04128887194233,78.6672935381252,76.23917281592273,73.7842724672754,71.30839921879931,68.81736266149528,66.31697747023688,63.81306728801394,61.3114714567447,58.81805654386926
51.92457853880374,53.992488268023735,56.001510672567676,57.97122934117742,59.92133081968832,61.871557785994156,63.84168436826516,65.85150277511077,67.92081586785945,70.04961255100085,72.15860330692979,74.14867954087111,75.9207342478889,77.41744434334764,78.74861801390374,80.06584690120138,81.52072310940551,83.19870572506932,84.92072081076319,86.46714862412827,87.72071989113581,88.58202216331986,88.9207196459361,88.62908148673904,87.72071989113581,86.2547660667683,84.35108405714097,82.14472123762323,79.7707252104239,77.34260325478408,74.8877007175855,72.4118235742756,69.92078007378996,67.42038250021456,64.91645025588042,62.414815204142485,59.92133081968832
52.92721589195057,54.99542717567998,57.00463269302129,58.97446487231062,60.92463790186112,62.87491053722759,64.84506650169222,66.85490387115469,68.92422917744187,71.0530336137952,73.16202908440107,75.15210809056009,76.92416439545542,78.42087541540847,79.75204967910659,81.0692789990472,82.5241555548312,84.2021384504203,85.92415373039731,87.4705816633693,88.72415300048854,89.58545531036535,89.92415280587339,89.63251463563645,88.72415300048854,87.2581990919943,85.35451692081904,83.14815379994847,80.77415722241102,78.34603428779039,75.89113001353469,73.41524977888419,70.92420076756339,68.42379336604672,65.91984361071896,63.41817742877488,60.92463790186112
54.03001734854914,56.09846804004232,58.10781891829204,60.077741200539705,62.02797102398819,63.97827990846018,65.94845919422187,67.95831161458253,70.02764661486624,72.15645720498893,74.2654564176517,76.25553762412692,78.02759519726064,79.5243069509861,80.8554816854617,82.17271134879148,83.62758818044992,85.305571298216,87.0275867323956,88.57401476029969,89.82758615306659,90.6888884928602,91.02758599860046,90.73594781960114,89.82758615306659,88.36163217780094,86.45794987840496,84.25158651835045,81.87758950400918,79.44946579237038,76.99456013940973,74.51867745115491,72.02762406586348,69.52720886384822,67.02324520985643,64.52155431928473,62.02797102398819
55.132949092556714,57.20158984231851,59.21105610883666,61.181049911817766,63.13132481500715,65.08166247138853,67.05186026767569,69.0617246341055,71.1310673285852,73.2598828029837,75.36888498572863,77.35896793859953,79.13102651833597,80.62773885445753,81.95891396258972,83.27614389846778,84.73102094908799,86.40900424319605,88.13101979976639,89.67744790301815,90.93101933995264,91.79232170349121,92.13101921735276,91.8393810313988,90.93101933995264,89.46506531169048,87.56138291052564,85.35501936063065,82.98102199959783,80.55289767123895,78.09799092399831,75.62210628831293,73.13104943138751,70.63062803807676,68.12665335259518,65.62494285041572,63.13132481500715
56.23598426995774,58.30477589439944,60.31433375424861,62.28438432703351,64.23469501154531,66.18505550482072,68.15526799317351,70.16514184130756,72.2344906427162,74.36330999378325,76.47231453389,78.46239887287828,80.23445825155667,81.73117104992664,83.06234645463043,84.37957660683028,85.8344538312406,87.51243726531145,89.2344529190234,90.78088108207862,92.03445255406896,92.8957549364539,93.23445245676139,92.94281426528748,92.03445255406896,90.56849848374341,88.66481600180458,86.45845230123308,84.08445466503093,81.65632984718076,79.20142223140883,76.72553605004452,74.23447643767429,71.73405013030663,69.23006668905472,66.72834062090696,64.23469501154531
57.33910155775271,59.40801294746916,61.41764351104288,63.38773914441981,65.33807822953631,67.28845684885357,69.25868099846525,71.26856237229777,73.33791602080521,75.46673844879638,77.57574485994631,79.56583029909808,81.33789031189765,82.83460347715462,84.16577911724752,85.48300944114214,86.9378868034898,88.61587034864918,90.3378860794625,91.88431428998376,93.13788578979795,93.9991881871413,94.33788571256488,94.04624751670978,93.13788578979795,91.67193168608668,89.76824914003748,87.56188531987394,85.18788746526968,82.75976225890989,80.30485395378375,77.82896654561188,75.33790474623916,72.83747453856788,70.33348414781162,67.83174572480499,65.33807822953631
58.94425838688893,61.058457920469735,63.136579219353294,65.19687682316514,67.25626147123309,69.32889851561201,71.42510300114212,73.55093985780414,75.70897139807202,77.88804006111167,80.02989750940942,82.0676320165382,83.93842809743995,85.61762073803082,87.2010276451303,88.80110437987285,90.51011122358533,92.35728765063311,94.18742001490556,95.84617486829346,97.33707784459953,98.62773517286567,99.26081962040723,98.7660953648967,97.33707784459953,95.30923734603778,92.90747067389496,90.30686895141487,87.6556571683929,85.05893482620576,82.50872380800217,79.98167816852319,77.46251284589597,74.93941812047511,72.40218187225048,69.84251956673346,67.25626147123309
56.74740359634828,58.81616944940825,60.8257116642727,62.7957525403895,64.74605711326238,66.69641370589743,68.66662368479082,70.67649591341831,72.74584367174472,74.87466236066552,76.98366649812829,78.9737506003639,80.74580984258085,82.24252256199755,83.57369791604611,84.89092803129762,86.34580522602413,88.02378863618897,89.74580427330889,91.2922324261495,92.54580389215221,93.40710627131816,93.74580379052463,93.45416559999353,92.54580389215221,91.07984982901118,89.17616736086879,86.96980368603322,84.59580609683071,82.16768136258699,79.71277389516253,77.23688797780441,74.74582883607187,72.24540336803953,69.74142142230077,67.23969801287562,64.74605711326238
54.94147659899565,57.00988639501152,59.019212443718175,60.989119335548835,62.939339458211336,64.88964215114332,66.85981745352609,68.86966730313733,70.93900064765427,73.06781018669432,75.17680876020293,77.16688959085799,78.9389469473731,80.43565857576823,81.7668332298338,83.08406283451177,84.53893961905011,86.21692269886779,87.9389381067092,89.48536611839862,90.73893750166076,91.60023983634449,91.93893734033706,91.64729916283437,90.73893750166076,89.27298353779983,87.36930126030428,85.162937941103,82.78894100136901,80.36081742244701,77.9059120049729,75.43002973580056,72.93897709759598,70.43856322793002,67.93460194787798,65.43291527764067,62.939339458211336
53.77845681186784,55.867300254021075,57.907056973919566,59.91712300456304,61.91634277308526,63.922300743167355,65.95067447154433,68.01487451822086,70.12628726366373,72.27914203663063,74.40393893628014,76.41703482915874,78.23718831175425,79.82426050749288,81.2834894140016,82.74866673111843,84.34038254090473,86.11151487139185,87.89390676046479,89.50376395818752,90.89369371400852,92.00968091538455,92.5288755839482,92.11221262298093,90.89369371400852,89.11006503536453,86.93981061600982,84.53255227851929,82.02264840437438,79.51402776292693,77.01433881814694,74.51462627847991,72.01053691262244,69.49962890951372,66.98031952619858,64.45204120593135,61.91634277308526
52.4316005242309,54.49854921611697,56.506987914065576,58.476344694212415,60.42621803730417,62.37629938281553,64.34633227335786,66.35609021222767,68.42536435786994,70.55413631696631,72.66311203827634,74.65317943186926,76.42522904339101,77.92193619071227,79.25310796978516,80.5703354774177,82.02521057721597,83.70319230021886,85.4252067663583,86.97163419830576,88.22520524173231,89.08650739371683,89.42520483522215,89.13356671123042,88.22520524173231,86.75925168563876,84.85557019117586,82.64920833264989,80.27521406043707,77.84709522669053,75.39219822882413,72.91633094352198,70.4253050165223,67.92493878300763,65.42106237827977,62.91952659319193,60.42621803730417
51.78175212414439,53.856250432488324,55.87405109514128,57.854903217880164,59.81841853900052,61.78387026267619,63.769994411023404,65.79485865732742,67.87590412557712,70.0114447490725,72.12487951223338,74.1214343362529,75.90709090613059,77.42964044593968,78.79809072772846,80.15936284400968,81.65591914447569,83.36279937934154,85.1037741219015,86.6703151545895,87.96780691655772,88.91366710531256,89.31431256645445,88.97958512409002,87.96780691655772,86.40096957792436,84.41647073953787,82.15146240358435,79.73887185673345,77.28829370275332,74.82102273452297,72.33859302318274,69.8439606503863,67.34065834023262,64.83247431734732,62.32349484927191,59.81841853900052
39.26479802271863,41.30832913823646,43.3024802418185,45.262954318504654,47.20721825016513,49.15371511391641,51.121440137226514,53.129707917090414,55.19802197733898,57.32618434920725,59.4347893387839,61.42463872692812,63.19656267692801,64.69319711763836,66.02432224851313,67.34151573019597,68.79636349376696,70.47432320125472,72.1963223873804,73.74274041243208,74.99630594167506,75.8576051291733,76.19630155675642,75.90466430103625,74.99630594167506,73.53035900202758,71.62669021304708,69.42035205532304,67.04640106574377,64.61835922507689,62.16359883640638,59.687974655002975,57.197382064724934,54.69778852008953,52.19528848588183,49.69619836889785,47.20721825016513
40.25418592235387,42.3029941075073,44.3003757096978,46.26286236038291,48.20839886970025,50.15570959162498,52.123958892024135,54.13256530500121,56.20109758866198,58.329398536517715,60.43808781099074,62.427986764703036,64.19993928589307,65.69659025792524,67.02772599532607,68.34492721363597,69.7997811927969,71.47774590609666,73.19974856655077,74.74616873052182,75.99973551356942,76.86103537512747,77.19973203325455,76.90809458010821,75.99973551356942,74.53378706948709,72.63011539156324,70.42377184482285,68.0498110138285,65.62175166700068,63.16696021765381,60.69128076386241,58.20058965556646,55.70082046089573,53.198007605678285,50.6983618270792,48.20839886970025
41.24643895996311,43.2994553590388,45.299408601185306,47.263495626682676,49.21004338779163,51.158000562086734,53.1266661837913,55.13554145279505,57.20424697389191,59.332657922684874,61.441414099014864,63.43135239473298,65.20332759355662,66.69999168677015,68.03113584269754,69.34834320163759,70.80320211415368,72.48117080059059,74.20317621863109,75.74959808026782,77.00316585846265,77.86446625502306,78.20316309613324,77.91152548628946,77.00316585846265,75.53721622030736,73.63354224942131,71.42719442539669,69.05322578320649,66.62515254154516,64.17033643874879,61.69461311342971,59.20384380563175,56.70393517937951,54.200873980753414,51.70078699248363,49.21004338779163
42.240977950205746,44.2973469659708,46.299346121935194,48.26470525657818,50.21205640989375,52.16052698448826,54.12952316816063,56.13861188048337,58.207454921269985,60.33595318612045,62.44476246557056,64.4347319881861,66.20672518667834,67.70339969434582,69.03455053213858,70.35176276494107,71.80662559308774,73.48459743301929,75.20660503976396,76.75302824884149,78.0065968168863,78.86789763807886,79.20659462442296,78.9149568902082,78.0065968168863,76.54064623099327,74.63697044017795,72.4306192212585,70.05664437928056,67.62856010916644,65.17372443855238,62.697966291242096,60.207134912867474,57.707115608319,55.20385726334813,52.70341997279769,50.21205640989375
43.23733884644487,45.29637678599934,47.30000281959036,49.26637282150706,51.21436210774451,53.163240364326455,55.132498995587184,57.14175715084741,59.21070935434487,61.3392769271976,63.44812835656316,65.43812266469341,67.210130149796,68.70681292352523,70.03796906476614,71.35518516598171,72.81005110198164,74.48802544485203,76.21003478877634,77.75645906732007,79.01002826226994,79.87132942049355,80.21002652210996,79.91838868918185,79.01002826226994,77.54407692415609,75.64039968885939,73.43404577540257,71.06006601262621,68.63197298915014,66.17712178732097,63.70133600106185,61.21045535497565,58.71034819783739,56.20693335499266,53.70621795753222,51.21436210774451
44.23515056983021,46.29631186449271,48.301231068400114,50.268404149330635,52.21690022476376,54.166102182244146,56.13556916895176,58.144961831868486,60.21400068622209,62.34262327214972,64.45150815714825,66.44152213800172,68.21354096256073,69.71023029713314,71.04139064775399,72.35860981934735,73.81347822206153,75.4914545515212,77.21346527424845,78.7598904016291,80.01346009415431,80.87476151987984,81.213458712988,80.921820801711,80.01346009415431,78.54750815900184,76.64382977721797,74.4374737251006,72.06349005666905,69.63539008559893,67.18052655649254,64.70471883273407,62.213799081414095,59.71362219111313,57.210083121510365,54.70914694519824,52.21690022476376
45.23411683983763,47.29696662092495,49.30291342469532,51.27072438491369,53.219622890081396,55.1690818469701,57.13871423742867,59.14821367219102,61.21732130663881,63.345987558537516,65.45489899805996,67.4449285934459,69.21695641824215,70.71365096020062,72.04481465182764,73.3620362603917,74.81690662094431,76.49488452716433,78.21689634424979,79.76332214535341,81.01689223280471,81.87819387084676,82.21689113657204,81.9252531631094,81.01689223280471,79.55093982378202,77.64726053202966,75.44090278245332,73.06691601409182,70.63881052868359,68.18393721532033,65.7081120794729,63.21716128941044,60.716929049016386,58.213291371552216,55.712179934435,53.219622890081396
46.334001386126424,48.39819332721605,50.40495650096445,52.37327404587967,54.32249208006675,56.272155066574356,58.241918758192725,60.251502946046145,62.32066517460741,64.44936608551104,66.5582986018584,68.54834059068445,70.32037555903972,71.81707423412928,73.14824057752666,74.46546412032217,75.92033603481596,77.59831519251361,79.32032787819276,80.86675421403109,82.12032461493561,82.98162642149349,83.320323744855,83.02868572203562,82.12032461493561,80.65437182980165,78.7506918158062,76.54433271895385,74.17034349017041,71.74223362801087,69.28735254882079,66.81151359281016,64.3205381667158,61.820261993131325,59.31654604487383,56.81529548519643,54.32249208006675
47.33461597669325,49.39987445809728,51.40728606667398,53.37600587700058,55.32547759737912,57.27530255321447,59.24517047130716,61.25482193291319,63.32402749494048,65.45275591553397,67.56170516087411,69.55175698649188,71.32379762473528,72.82049958030959,74.15166802842609,75.46889310642614,76.92376625428625,78.60174640528373,80.32375978036677,81.87018654062459,83.12375719031722,83.98505913062623,84.32375649973366,84.0321184377398,83.12375719031722,81.65780410666343,79.75412351942285,77.54776335323562,75.1737721716103,72.74565883560936,70.29077159264256,67.81492166744835,65.3239266873662,62.8236156428561,60.3198375674491,57.81847657480196,55.32547759737912
48.33581076643597,50.40191656105071,52.409843136357466,54.37888234401075,56.32855546304914,58.27850899350349,60.24845964418961,62.258164504271775,64.3274044614102,66.45615471697522,68.56511724031839,70.55517687347336,72.3272220119361,73.82392657124322,75.15509668988115,76.47232298637644,77.92719711316155,79.60517805254247,81.32719197480614,82.8736190719261,84.12718991908204,84.98849196554943,85.32718937096546,85.03555127787874,84.12718991908204,82.66123659849282,80.75755555626702,78.5511945413474,76.17720180974808,73.74908571655018,71.29419358136792,68.81833494985588,66.32732444953882,63.82698572724533,61.32315833923181,58.82170968874604,56.32855546304914
49.337466541866746,51.40424535379513,53.412580849919024,55.381873638438805,57.33170663781905,59.281762230289274,61.25177855090979,63.26152579544646,65.330793052832,67.45956063915065,69.5685337013731,71.55859953141882,73.33064824172456,74.82735486762226,76.15852631215697,77.47575357577419,78.93062847953354,80.60861004465531,82.3306244012168,83.87705176570452,85.13062276958723,85.9919249003126,86.33062233454677,86.03898421678167,85.13062276958723,83.66466926094216,81.76098785759422,79.55462616903478,77.18063220721882,74.75251392562765,72.29761790747716,69.82175236571132,67.33072954683425,64.83036885622133,62.326502327345295,59.824984098293186,57.33170663781905
50.33948850550894,52.40680180969595,54.41546198717273,56.38495609025129,58.33491600572201,60.28505261260082,62.255121058652776,64.26490194504852,66.33419087117699,68.46297221312878,70.57195364014174,72.56202438869084,74.33407593398061,75.83078420013648,77.16195669703802,78.47918472826146,79.93406024870626,81.61204231047924,83.33405701174327,84.88048458844099,86.13405571671788,86.99535791431884,87.334055371426,87.04241723407364,86.13405571671788,84.66810205881275,82.76442036884185,80.55805814561381,78.18406320737336,75.7559431888504,73.30104408877703,70.8251730623109,68.33414046609717,65.83376233893523,63.32986474304093,60.82829128661301,58.33491600572201
51.4418013044165,53.50953903592146,55.51845698922463,57.488110905575866,59.43817156637287,61.38837247930242,63.35848229933386,65.36828988810684,67.43759601305709,69.56638827299119,71.67537633919095,73.6654509915764,75.43750478700105,76.93421435503325,78.26538768720012,79.58261632767363,81.03749233758236,82.71547479354788,84.43748976840261,85.98391751353157,87.23748874054017,88.09879099122037,88.43748846648181,88.14585031358303,87.23748874054017,85.77153496416724,83.86785304670352,81.66149039910856,79.28749468587883,76.85937328875042,74.40447174254756,71.92859636285417,69.43755600630706,66.93716403956914,64.43324178520218,61.931624492993436,59.43817156637287
52.44434506016573,54.51241978626511,56.521542384315154,58.49132316332354,60.44146379327363,62.391715749018985,64.36185840885788,66.37168719183582,68.44100696770731,70.56980789333105,72.67880122908716,74.66887897996068,76.44093456132266,77.93764516265642,79.26881915777456,80.5860482818106,82.04092468020735,83.71890744904384,85.4409226410477,86.98735051986066,88.2409218252327,89.10222411804187,89.44092160771243,89.14928344247443,88.2409218252327,86.77496795483178,84.87128585680682,82.66492287239149,80.29092654405201,77.86280405272258,75.4079005650219,72.93202173015857,70.44097521419542,67.9405722628667,65.43663043670179,62.93497835088705,60.44146379327363
53.54707220259627,55.61541448115621,57.62469953605819,59.59458101785647,61.544785124112536,63.495077594501495,65.46524632010549,67.47509192525887,69.54442253600436,71.67323033964173,73.78222785786663,75.77230806801873,77.54436506688273,79.0410764883495,80.3722510096529,81.68948051749302,83.14435722423309,84.82234024139547,86.54435560575078,88.09078359066879,89.34435495823794,90.20565728448496,90.54435478559198,90.25271661056036,89.34435495823794,87.87840101320697,85.97471877187044,83.76835552012052,81.3943587035679,78.96623534376982,76.51133031509906,74.03544873785845,71.54439733314128,69.04398566326647,66.54002830273144,64.03834860050544,61.544785124112536
54.64994494710842,56.71849963240891,58.72791364843488,60.69787506554546,62.64812955596979,64.598454184071,66.56864359858585,68.57850255571273,70.6478417661857,72.77665502893839,74.88565586680298,76.8757380288902,78.64779615282794,80.14450822523537,81.47568316417258,82.79291297663835,84.24778992811073,85.9257731423696,87.64778864352036,89.194216712654,90.44778812958903,91.30909048237568,91.64778799255984,91.35614980975501,90.44778812958903,88.98183412532416,87.07815177024113,84.8717883063076,82.49779110225975,80.06966705315719,77.61476080141628,75.13887704754495,72.64782176260711,70.14740317277322,67.64343348245947,65.14173186062736,62.64812955596979
55.75293328630592,57.821656590589896,59.83117297512166,61.80119784162861,63.751492323878026,65.7018424763399,67.67204831196875,69.68191786669257,71.75126390282563,73.88008149850131,75.98908497117327,77.9791686825152,79.75122769942556,81.24794028848535,82.5791155588989,83.89634561314634,85.35122275886297,87.02920612955744,88.75122173928281,90.29764987525849,91.55122133137523,92.41252370522639,92.75122122261509,92.45958303364066,91.55122133137523,90.08526728009635,88.18158483473269,85.97522120238884,83.60122369078579,81.1730990945816,78.71819187208834,76.24230639062128,73.75124802594141,71.25082394370435,68.74684446714993,66.24512544743396,63.751492323878026
56.85601339212067,58.92487054931874,60.93446819134425,62.90454342062968,64.8548696455988,66.80524005724267,68.77545892651654,70.78533689263958,72.85468834633527,74.98350938106704,77.09251494499179,79.0825998859797,80.85465961164357,82.35137261077085,83.6825481442775,84.99977839042721,86.45465569031563,88.13263918517315,89.8546548810743,91.40108307010252,92.65465455731783,93.51595694788787,93.85465447099483,93.56301627712358,92.65465455731783,91.1887004687239,89.28501795170445,87.07865418569321,84.70465642998334,82.27653139954415,79.8216234065637,77.34573655390122,74.85467574482293,72.35424730324493,69.85026005929016,67.34852723068767,64.8548696455988
58.03717951655956,60.15883234996049,62.24812434437483,64.32285696829102,66.39925115713294,68.4903903456072,70.60504864021014,72.74733982010618,74.91762179369432,77.10350639429589,79.24977204817166,81.29383451407968,83.17749652976272,84.87961678629051,86.49298731787891,88.12443601527696,89.85976361080503,91.72354655695639,93.56392516721675,95.23303392783299,96.74487664886976,98.07040221401088,98.72533488685023,98.21570940411,96.74487664886976,94.66536170609139,92.21122708394509,89.56417494480563,86.87734702548565,84.25767098862619,81.69402937671211,79.15963465571718,76.6363906455215,74.10998571442013,71.5678585716624,68.99957176580793,66.39925115713294
55.73341868949832,57.80202504228906,59.811470426302876,61.78145128597767,63.73171803105048,65.68205048059279,67.6522449270537,69.6621071316248,71.73144843370221,73.86026302420474,75.96926466946127,77.95934730629139,79.73140570386556,81.22811793459243,82.55929297510498,83.8765228616607,85.33139987265598,87.00938313485193,88.73139866927355,90.27782675888983,91.53139818783143,92.39270054707293,92.73139805946482,92.43975987476941,91.53139818783143,90.06544416915987,88.16176178641189,85.95539827087181,83.58140097257885,81.15327675582617,78.69837020661451,76.22248592335066,73.73142969467821,71.23100942179191,68.72703673265679,66.22532977956067,63.73171803105048
53.92773877053345,55.99589547611359,58.005067853506546,59.97487949008723,61.9250395708428,63.87530394144096,65.84545458862294,67.85528852644461,69.9246116224697,72.05341465574082,74.16240927314271,76.15248777762035,77.92454379335186,79.42125464600159,80.75242880236036,82.06965804400669,83.52453453689009,85.20251738182188,86.92453262663996,88.47096053796702,89.72453186239831,90.58583416545397,90.92453165862904,90.63289349038995,89.72453186239831,88.25857796912828,86.3548958271879,84.14853276085236,81.77453628290817,79.34641352545108,76.89150956554613,74.41562989032782,71.92458187628989,69.42417625331524,66.92022966692355,64.41856911858821,61.9250395708428
52.81085939725298,54.9032692452665,56.94845616578101,58.96569456971122,60.97359908484535,62.989303025552516,65.02772287091457,67.10116819132477,69.21964795647652,71.37650488087026,73.50391747788301,75.52080630752073,77.34881321110578,78.95037064645727,80.42953906276279,81.91692537495666,83.52842406007298,85.31262131888343,87.10331259490604,88.72174876768547,90.1296476498629,91.27753896740305,91.81810640021567,91.38674527753284,90.1296476498629,88.30314271647602,86.09404478880248,83.65564670100599,81.12371041308086,78.6016568255506,76.09436840390573,73.5905756689402,71.08424514715011,68.57153033066554,66.0495709340624,63.516675716402204,60.97359908484535
51.45868159460471,53.531931934131165,55.54781380811498,57.526096448071286,59.486445765149114,61.44827120622095,63.43057351566361,65.45184285337658,67.53008863125731,69.66402338961836,71.7764005204068,73.77141021900236,75.55382359743888,77.07023088471354,78.42986832978718,79.78080180162385,81.26764780467454,82.96783761661575,84.70444136032805,86.26636138272565,87.55381937297054,88.48058141860864,88.86741726371486,88.542279187573,87.55381937297054,86.01014626697429,84.0445046468653,81.79334914783513,79.38995288714034,76.94475234591172,74.48045090160014,71.99959445875001,69.50582007618999,67.00320631934997,64.49602712443294,61.988784061523205,59.486445765149114
50.716747922511075,52.781266567762046,54.78822839820438,56.75666919285662,58.70596495779883,60.65567757418958,62.62547320307512,64.63507800535734,66.70425351253775,68.83296285324852,70.94190049588707,72.93194549902285,74.70398220481655,76.20068188515425,77.53184887350687,78.84907288673973,80.30394517917779,81.98192464125542,83.7039375381908,85.25036400408537,86.50393448122684,87.3652363287705,87.70393366615008,87.41229563132633,86.50393448122684,85.03798160461649,83.13430141495968,80.92794199042766,78.55395216322887,76.12584123656981,73.67095826859685,71.19511595127405,68.70413453322081,66.20384767413078,63.700112688384436,61.19882828943581,58.70596495779883
38.55786463573402,40.59681164719522,42.58815132675602,44.54687193058558,46.49002633265095,48.43581329404283,50.40308087534591,52.41105313622859,54.47917673399422,56.60721814928428,58.71574956693293,60.705555688254606,62.47745469744399,63.97407470723377,65.30519057914954,66.62237730712287,68.07721964476156,69.75517498238844,71.47717113556769,73.02358729342815,74.27715172814891,75.13845032721915,75.47714655354633,75.18550947017155,74.27715172814891,72.81120610181392,70.90753983476502,68.70120638142748,66.32726398296501,63.899237424306335,61.444504149778226,58.96892821701829,56.47842162271883,53.978981393223734,51.47675437431029,48.978149121552015,46.49002633265095
39.544764928445574,41.589913838681014,43.58505599112539,45.54614774146707,47.49080233889141,49.437549088733036,51.40543510267126,53.41380687432064,55.48218795238142,57.610392883037264,59.719023758244134,61.708888369159254,63.48082109410937,64.97746061203375,66.3085890004653,67.62578485828325,69.08063453083834,70.75859577575442,72.48059602894662,74.02701471092249,75.28058062524534,76.14188001976697,76.48057651815688,76.18893920180139,75.28058062524534,73.81463322354216,71.91096354728347,69.70462373443745,67.33066972228016,64.9026225049859,62.447852576757484,59.97221141985395,57.481588572657955,54.9819410834489,52.479344981293195,49.98008423135545,47.49080233889141
40.535031026184214,42.585129806399706,44.58330051823758,46.546278408642976,48.49212538933622,50.43963460930459,52.408011755118494,54.41670073386531,56.48528622067306,58.61362095180566,60.722330773338626,62.712241809965235,64.48420129605834,65.98085629796502,67.31199462093059,68.62919772520179,70.08405321953704,71.7620191531016,73.48402266049035,75.03044334586386,76.28401043455017,77.14531046042303,77.48400717474958,77.19236967347689,76.28401043455017,74.81806162373326,72.91438924157413,70.70804438115621,68.33408115112039,65.90601753679944,63.451218515709996,60.97552558785691,58.484810462739404,55.9849984462451,53.48210932287839,50.9823280528876,48.49212538933622
41.527985023050334,43.58202992358342,45.582611072902914,47.547088622159364,49.49388305683593,51.44199788213514,53.410765017093524,55.41970583588292,57.488453591323804,59.6168913566589,61.72566384222284,63.71561172853001,65.48759245553978,66.98425974732169,68.31540595543848,69.63261481128063,71.08747492639935,72.76544458136559,74.48745067162066,76.03387294709569,77.28744096787648,78.14874149485382,78.48743838056959,78.19580073252783,77.28744096787648,75.82149103864327,73.91781650880402,71.71146764210886,69.33749709578572,66.90942046697437,64.45459835436192,61.97886433429612,59.48807596314356,56.98813334541509,54.48501160076533,51.98481703513227,49.49388305683593
42.52308286156743,44.58027083183791,46.58276936345008,48.54843885256634,50.49598594996702,52.44458171719194,54.41365849863773,56.422799248756235,58.49167581536099,60.62019536623981,62.72901759098113,64.71899472588761,66.49099231219162,67.98766935859904,69.31882182523157,70.63603524613464,72.0908990287927,73.76887163744927,75.49087977773232,77.0373033152741,78.29087207585977,79.1521730005644,79.49087002231198,79.1992322577795,78.29087207585977,76.82492125893775,74.9212450244801,72.71489297799,70.34091662469292,67.91282966617177,65.45798922548798,62.98222258951412,60.491376079794776,57.991329793816945,55.48802338590298,52.9875006873348,50.49598594996702
43.51988889825424,45.579578508046836,47.583601531461134,49.5502181115091,51.49836301903636,53.447340682017085,55.41666330056931,57.42596276512171,59.494941580849115,61.62352604952038,63.73238775397593,65.72238810413378,67.4943990719,68.99108386065022,70.32224129471217,71.63945833892922,73.09432503252845,74.7722999855381,76.49430975293298,78.04073429217925,79.29430363994908,80.15560488033034,80.49430201004655,80.2026641530552,79.29430363994908,77.82835211846722,75.92467453105087,73.71831996074917,71.34433899843309,68.91624384115167,66.461388853268,63.98559632940254,61.494703673087514,58.9945750992771,56.49112210410311,53.990338903250205,51.49836301903636
44.51805493143213,46.57973451006532,48.58496920597595,50.55233815356941,52.50095780898481,54.450238691182676,56.41975647522203,58.429181929672154,60.49824190791219,62.626877904744504,64.73577094534282,66.72578972185019,68.49781131063587,69.99450224454523,71.32566362128514,72.64288354134266,74.09775254536584,75.77572935909447,77.49774041793104,79.04416575223169,80.29773556605025,81.1590370569844,81.4977342723954,81.20609634201938,80.29773556605025,78.83178348535839,76.92810482409662,74.72174825064015,72.34776363013017,69.919661965448,67.46479543131815,64.98898235982378,62.4980530756811,59.99785918601276,57.49428983189584,54.99329983054075,52.50095780898481
45.61730305068751,47.68056485920975,49.68676232218557,51.654728841186724,53.603725471744895,55.553247087487705,57.52291980248512,59.53244526663079,61.601569668218104,63.73024656479022,65.83916447757741,67.82919787933524,69.60122789812155,71.09792370948321,72.42908821554545,73.74631041816806,75.2011812559812,76.87915954656647,78.6011716304224,80.14759759575868,81.40116777948063,82.26246946927884,82.60116675270588,82.30952876408435,81.40116777948063,79.93521525494317,78.03153574136886,75.82517757800474,73.45119005397615,71.0230832243411,68.56820752587024,66.09237814546262,63.6014197890062,61.101174055610954,58.59751233942791,56.09635817538825,53.603725471744895
46.61741170109225,48.681931088536516,50.688893370251726,52.657334444870344,54.606630386376764,56.5563431154994,58.52613881692821,60.535743666034364,62.60491920337594,64.73362856323416,66.84256621751658,68.83261122749907,70.60464793723918,72.10134761986018,73.43251460967772,74.74973862397914,76.20461091727566,77.88259038004468,79.60460327745989,81.15102974364987,82.4046002209645,83.26590206860125,83.60459940601268,83.31296137116166,82.4046002209645,80.93864734414637,79.03496715409057,76.82860772881423,74.45461790025621,72.02650697117929,69.57162399891615,67.09578167395847,64.60480024229511,62.104513358934014,59.60077832994571,57.09949385413374,54.606630386376764
47.61820441594643,49.68372305672007,51.691292798061816,53.66011069345177,55.6096442647582,57.55950870779188,59.52940203473598,61.53906989627127,63.60828602192099,65.73702114862537,67.84597447201116,69.83602869554574,71.60807071593587,73.10477347119183,74.43594243237393,75.75316788460935,77.20804133312589,78.88602172625893,80.60803526939713,82.15446213311517,83.40803284345456,84.26933481636792,84.6080321966268,84.31639412508339,83.40803284345456,81.94207968703097,80.03839896005113,77.83203853319336,75.45804687552584,73.02993269270964,70.57504394720225,68.09919134804943,65.60819160126954,63.10787205616822,60.60407883562729,58.10269092136127,55.6096442647582
48.619540742547194,50.68585319297956,52.69390534181669,54.66302242451633,56.61274464465558,58.56272952018958,60.53270033956284,62.542418216959206,64.6116665587253,66.74042213704193,68.84938789717228,70.8394494335698,72.61149566904862,74.10820086306563,75.43937138892503,76.75659798245165,78.21147234786824,79.88945347943245,81.61146753508166,83.1578947143181,84.41146560960942,85.27276768195489,85.61146509622179,85.31982699555567,84.41146560960942,82.94551223126274,81.04183107812577,78.83546985631165,76.46147674687691,74.03335998155976,71.57846665380552,69.10260589995627,66.61159161626183,64.111246146896,61.60740673771059,59.10593671803164,56.61274464465558
49.62130895649972,51.68825189669868,53.69668710061194,55.66604171427724,57.61591369152012,59.5659941651607,61.53602649472995,63.545784071545256,65.61505798398741,67.74382979504475,69.85280542633227,71.84287276699187,73.61492234800326,75.11162947767193,76.44280124541913,77.76002874479062,79.21490383795208,80.89288555560996,82.61490001803969,84.16132744770331,85.41489848979113,86.27620064105596,86.61489808231508,86.32325995853415,85.41489848979113,83.9489449353039,82.04526344392568,79.83890159115384,77.46490732944942,75.03678851439588,72.58189154969743,70.10602432342208,67.61499850164684,65.11463245578543,62.61075638540213,60.10922119467136,57.61591369152012
50.72342022613371,52.790863865496604,54.79960320631827,56.76914638992872,58.71913724611477,60.6692936028071,62.63937475583232,64.64916384323364,66.7184580515932,68.84724274676512,70.9562262128623,72.94629816039232,74.7183503967638,76.21505906276377,77.54623181619965,78.86346003454156,80.31833570531505,81.9963178881561,83.71833267344785,85.26476030187573,86.51833146047602,87.37963367437916,87.71833113706205,87.42669299493491,86.51833146047602,85.05237776618597,83.14869600634536,80.94233365278183,78.56833847651949,76.14021803458658,73.68531818323572,71.20944581976761,68.71841084013342,66.21802846244896,63.714123293268315,61.2125363737557,58.71913724611477
51.725803947280994,53.79364516779344,55.80262596897961,57.772318846801426,59.72240406775886,61.67262065714361,63.642740563123624,65.65255466120952,67.72186497873813,69.85065990015175,71.95964958478382,73.94972518880468,75.72177953274263,77.21848941813185,78.5496629539104,79.8668917429001,81.32176787212488,82.99975042418222,84.7217654657298,86.26819325191703,87.52176450299334,88.38306676661259,88.72176424629949,88.43012608961097,87.52176450299334,86.05581069774166,84.1521287248223,81.94576597377991,79.57177007163199,77.14364833844252,74.68874619594914,72.21286975507286,69.72182750679197,67.22143216637492,64.71750390096882,62.21587592273005,59.72240406775886
52.82840401928392,54.89656091107916,56.90573340154339,58.87554510821485,60.82570523315128,62.775969631948655,64.7461202972731,66.75595424680346,68.8252773503699,70.95408038842834,73.06307500874138,75.05315351493074,76.82520953164885,78.3219203848694,79.6530945415944,80.9703237835079,82.42520027660592,84.10318312171056,85.8251983666486,87.37162627804952,88.62519760252411,89.48649990560304,89.82519739878605,89.53355923054016,88.62519760252411,87.15924370920213,85.25556156716199,83.04919850064037,80.67520202235636,78.24707926429481,75.79217530331731,73.31629562619021,70.82524760874958,68.32484197970655,65.8208953825025,63.319234814945375,60.82570523315128
53.93117587586116,55.99958338602562,58.00890804687465,59.97881407844737,61.92903365887611,63.879336005725975,65.84951108545364,67.85936079137008,69.9286940433361,72.05750352362469,74.16650206140707,76.15658287105524,77.92864021546217,79.42535183685183,80.75652648642276,82.07375608782232,83.52863286972686,85.20661594742336,86.92863135379254,88.47505936457564,89.72863074730651,90.5899330817046,90.92863058559948,90.63699240818046,89.72863074730651,88.26267678408303,86.35899450781166,84.15263119089391,81.77863425533019,79.35051068382654,76.89560527951525,74.41972303376798,71.9286704373227,69.42825664212987,66.92429549477183,64.42260906043455,61.92903365887611
55.03408412004032,57.1026905901912,59.11213604545516,61.082116949292086,63.03238372220021,64.98271618950815,66.95291064739862,68.9627728593459,71.03211416617421,73.16092875969258,75.269930406783,77.26001304469148,79.03207144288717,80.52878367397363,81.85995871471691,83.1771886014409,84.63206561257141,86.31004887487622,88.03206440937342,89.5784924990362,90.83206392800508,91.69336628726126,92.03206379965815,91.74042561495845,90.83206392800508,89.36610990930083,87.46242752648999,85.25606401083269,82.88206671232567,80.4539424951922,77.99903594530485,75.52315166083855,73.03209543002252,70.53167515331333,68.0277024573667,65.52599549216117,63.03238372220021
56.1371006416602,58.20586505421825,60.215406394595504,62.18544672870867,64.13575095996558,66.08610733457027,68.05631717319473,70.06618931129807,72.13553701132025,74.26435566322964,76.37335977818616,78.36344386718824,80.13550310177749,81.632215816781,82.96339116799813,84.28062128118438,85.73549847425167,87.41348188308025,89.13549751927275,90.6819256715424,91.93549713721043,92.79679951619644,93.13549703534139,92.84385884486301,91.93549713721043,90.469543074471,88.56586060709975,86.35949693370272,83.98549934712733,81.55737461755689,79.10246715842447,76.62658125582328,74.13552214039757,71.63509671928084,69.13111485713546,66.6293915963225,64.13575095996558
56.8880686896409,59.01867438398678,61.121321468954406,63.213200716419024,65.30964063805487,67.42239172555223,69.55840802151668,71.71957899941744,73.90381796186671,76.09743165118444,78.24868233330332,80.29988197676774,82.1979872600389,83.92562250294918,85.5719133813359,87.23732467128411,89.00075635729817,90.88209106702425,92.73323057932583,94.41316063036531,95.9467280700569,97.30796042167316,97.98497374160361,97.46031275220248,95.9467280700569,93.81321123453596,91.30298403021766,88.60498445181805,85.87830703594192,83.232578319634,80.65355565716177,78.1107012371618,75.58274884063724,73.05251563645274,70.5047206079544,67.92640550264078,65.30964063805487
54.45221872326407,56.52056222184861,58.52984801750809,60.49972995846876,62.44993435414462,64.4002270092576,66.37039585370594,68.380241535558,70.44957219570367,72.57838003070034,74.68737756799457,76.6774577893594,78.44951479468627,79.94622621989234,81.27740074359477,82.59463025318479,84.04950696133068,85.72748997962528,87.44950534476641,88.99593333016817,90.2495046980209,91.11080702442037,91.44950452557953,91.15786635050326,90.2495046980209,88.78355075264966,86.87986851065973,84.67350525769093,82.29950843891238,79.87138507515465,77.4164800394581,74.94059844971402,72.4495470227073,69.94913531308154,67.44517788171956,64.94349805357946,62.44993435414462
52.646945935551486,54.7146856025722,56.72360473131761,58.69325937637255,60.643320496526144,62.59352170265882,64.5636317113324,66.57343942185231,68.64274562521854,70.77153793493173,72.88052603140187,74.87060070158633,76.64265450727008,78.13936408123797,79.47053741721311,80.7877660604644,82.24264207260478,83.92062453036756,85.64263950646969,87.18906725236658,88.44263847982533,89.30394073074753,89.64263820609175,89.35100005312208,88.44263847982533,86.97668470291227,85.07300278441133,82.86664013488151,80.49264441811835,78.0645230147044,75.6096214573488,73.13374605780751,70.6427056658783,68.14231363604065,65.63839126924616,63.136773777171484,60.643320496526144
51.58778043845189,53.68461325180749,55.73651897240879,57.76260303886295,59.78117489348341,61.80879326857952,63.85943252473146,65.9440680172928,68.0710660695727,70.23273348718091,72.36328482341361,74.3847176577225,76.22210543881431,77.84086824221009,79.34351660985254,80.85678125295775,82.49109190353815,84.29023259037571,86.0903666866146,87.71852336886053,89.14665037867681,90.33002272243104,90.89405400145299,90.4465827072647,89.14665037867681,87.27158224944702,85.01759245982566,82.54257260713929,79.98437666134672,77.44616861743351,74.92969214108837,72.42095161200368,69.91189900127766,67.39698737792867,64.87180230642238,62.33327682290671,59.78117489348341
50.18672253618534,52.26077169330162,54.277881933917456,56.25780980649701,58.22018678853878,60.184335332560366,62.16908677845177,64.19266053605504,66.27270145472704,68.4076660693316,70.52072154419604,72.51672236157151,74.30121649228633,75.82156602445605,77.18686324666959,78.54444163553742,80.03753384567406,81.74203021053862,83.4814487954293,85.04634575830963,86.34027156934606,87.27935904234161,87.67511920980907,87.3437830391236,86.34027156934606,84.7816747053428,82.80390508147252,80.5438521214003,78.13455612124508,75.68590697756545,73.21970186757287,70.73783704255601,68.24351278875443,65.74045777811047,63.23263469243358,60.724279072424935,58.22018678853878
49.43924620314057,51.50210368906816,53.50805518047234,55.47586904996379,57.42476939033317,59.37422951912775,61.34386266378323,63.35336258538133,65.42247053343173,67.55113698442271,69.66004854501787,71.65007821159637,73.42210607742798,74.91880064312879,76.2499643499886,77.56718596966368,79.02205633914278,80.70003425255179,82.4220460746268,83.96847187880215,85.22204196805406,86.08334360706415,86.42204087312051,86.13040289937433,85.22204196805406,83.75608955687083,81.85241026096962,79.64605250365395,77.27206572115881,74.84396021060877,72.38908685263556,69.9132616373999,67.42231070581938,64.92207821305959,62.41844008599021,59.91732784974131,57.42476939033317
38.5265079368712,40.565233698637314,42.55643756493569,44.5150734159474,46.45817417118353,48.40392680057121,50.371172256136035,52.379130221939164,54.4472446059614,56.575280169680354,58.68380802802298,60.673612056127354,62.44550985868858,63.94212917031187,65.27324459427889,66.59043099550686,68.04527307063782,69.72322819684973,71.44522420329412,72.99164027081926,74.24520465258664,75.10650322318851,75.44519943977886,75.15356236474221,74.24520465258664,72.77925908979017,70.87559294475312,68.66925971901514,66.29531773619266,63.86729191687853,61.41255995412769,58.936986355607075,56.446483921672126,53.94705110913367,51.44483729725508,48.94625549751618,46.45817417118353
39.51328819674585,41.55826040739197,43.55329434395608,45.5143186596096,47.458930610404266,49.40565008347772,51.373518524933274,53.38187894595805,55.45025270920371,57.578452994733794,59.687081044644884,61.67694399407256,63.448875761284185,64.94551472505883,66.27664275794643,67.59383835642281,69.04868782062324,70.72664889773793,72.44864903446603,73.99506764474245,75.2486335170361,76.10993288896233,76.4486293796241,76.15699206988658,75.2486335170361,73.78268616576361,71.87901658634615,69.67267695414708,67.29872327188679,64.87067664142097,62.415907754382886,59.940268450266956,57.449648905472316,54.95000730411249,52.44742168757672,49.94817956238613,47.458930610404266
40.50345836821367,42.55341620706517,44.551500761382414,46.51442502370311,48.460238113374174,50.407725666448385,52.37608885786602,54.38476882470886,56.453348504570485,58.58167954840394,60.69038712732632,62.68029684516662,64.45225557107884,65.94891013314736,67.28004817391326,68.5972510723426,70.05210640130534,71.73007220168509,73.45207561663585,74.99849624510134,76.25206330042897,77.11336330836784,77.45206001656055,77.16042252054055,76.25206330042897,74.78611452963898,72.88244222434302,70.67609750730537,68.30213453911102,65.87407139056262,63.41927319588666,60.943581738655496,58.45286923485594,55.95306189218509,53.45018109327047,50.95041461210186,48.460238113374174
41.49633581114679,43.550268405769074,45.55078100320867,47.515215921415745,49.461983430033186,51.41008104739127,53.378837102257435,55.387770766461614,57.456513912186836,59.58494875062058,61.69371945611505,63.683666295661254,65.45564641930034,66.95231336197665,68.28345934610877,69.60066803857268,71.05552802243426,72.73349757169116,74.45550358857798,76.00192581888496,77.2554938131889,78.116794325932,78.45549120677933,78.16385356290667,77.2554938131889,75.78954391572516,73.88586944689237,71.6795206939986,69.30555035550054,66.87747409637716,64.42265263970228,61.946919786909774,59.45613349642481,56.95619458871221,54.45307945245115,51.952896628717,49.461983430033186
42.49137262399685,44.54847117789845,46.55091519327087,48.516550804175594,50.46407651348285,52.412658615873326,54.38172660021995,56.390861670585736,58.459734577990815,60.58825180560372,62.69707261743477,64.68704892150157,66.45904602890069,67.95572279821914,69.28687508707321,70.60408837830198,72.05895205678067,73.73692458153539,75.45893266358587,77.00535616527768,78.25892490484864,79.12022581825555,79.45892283613904,79.16728507491555,78.25892490484864,76.7929741131421,74.88929792710542,72.68294597093981,70.3089697825944,67.88088311749738,65.42604319743955,62.9502774879563,60.45943262974342,57.959389288659,55.45608812662478,52.955574750130836,50.46407651348285
43.488130056801296,45.5477485201927,47.55172820671969,49.518317871157336,51.46644579230714,53.41541260516286,55.38472823967297,57.39402319547506,59.46299910660018,61.591581731178934,63.700442314163865,65.69044200486812,67.46245259252143,68.9591371613437,70.29029445430172,71.60751139559562,73.06237800650732,74.74035289292385,76.46236261409936,78.00878712489151,79.26235645598192,80.12365768739616,80.46235481404544,80.17071695968045,79.26235645598192,77.7964049545136,75.89272740552906,73.68637290691814,71.3123920755248,68.88429715113588,66.42944257647837,63.953650787984856,61.46275944252143,58.96263320623315,56.45918437521958,53.958408574891834,51.46644579230714
44.48625740686319,46.54788040494108,48.55308066184271,50.52042822981345,52.469034396425826,54.41830666413907,56.38781890381887,58.397240779213035,60.46629845188376,62.59493298498633,64.70382513544575,66.69384338853456,68.46586467562075,69.96255543497172,71.29371669971673,72.6109365380837,74.06580547647752,75.74378223735104,77.46579325950324,79.01221857121979,80.26578837179989,81.1270898556169,81.46578706859367,81.17414914030219,80.26578837179989,78.7998363069928,76.8961576762344,74.68980115967904,72.31581664308287,69.8877151632486,67.43284895709976,64.95703646928044,62.46610822559296,59.965916191317106,57.46235014261339,54.96136601606088,52.469034396425826
45.5854747561651,47.64869158616462,49.654861688063065,51.62281122752199,53.57179714778252,55.521311924480855,57.4909802382104,59.5005028613686,61.569625432907785,63.69830116767113,65.8072183739376,67.79725136025158,69.56928113957652,71.0659768123902,72.39714122956158,73.71436336734617,75.16923415306908,76.84721240170316,78.56922445644265,80.11565040385389,81.36922057706849,82.2305222612178,82.5692195427128,82.27758155574577,81.36922057706849,79.90326806513878,77.99958857577502,75.79323045757343,73.41924301602147,70.99113633310094,68.53626089495077,66.06043197781267,63.56947444718594,61.069230186479686,58.56557109400448,56.06442159343001,53.57179714778252
46.58555894201847,48.65004258547387,50.65698313377073,52.62541072508215,54.57469816315506,56.52440546303836,58.4941976707332,60.50380026476412,62.57297434952213,64.70168278722335,66.8106198807291,68.80066456096966,70.5727010806477,72.06940065330252,73.4005675725671,74.71779153540639,76.1726637873588,77.85064321683106,79.57265609113651,81.11908254309938,82.37265301207431,83.23395485522754,83.5726521911055,83.28101415756765,82.37265301207431,80.90670014526296,79.00301997442313,76.79666058499235,74.42267082189619,71.99456000926705,69.53967724362187,67.06383528636542,64.57285451017603,62.07256879572863,59.568835849304406,57.067555075284986,54.57469816315506
47.58633221255769,49.65182245522005,51.659374936067906,53.62818212556684,55.57770894601428,57.527569079173475,59.49745963285848,61.50712570442471,63.57634067711183,65.70507507188157,67.81402795017186,69.80408191198762,71.57612378152447,73.07282644949986,74.40399535468387,75.72122076607369,77.17609418177531,78.85407454848067,80.57608807327665,82.1225149257026,83.37608562942276,84.23738759877753,84.5760849778193,84.28444690731817,83.37608562942276,81.91013248094157,80.00645176921344,77.80009137080634,75.42609976509604,72.99798567470475,70.54309709319094,68.06724478588524,65.5762455593633,63.075926942054394,60.57213537452492,58.0707503986242,55.57770894601428
48.58765308928882,50.65394298240665,52.66198142485439,54.63109000764618,56.580806868566825,58.53078832291993,60.5007569409792,62.51047339760396,64.57972082423387,66.70847582160215,68.81744122845573,70.80750255712533,72.57954867287124,74.07625379761339,75.40742427902694,76.72465084013433,78.17952517950567,79.85750629009422,81.5795203311852,83.12594750145908,84.37951839149673,85.24082046101776,85.57951787431864,85.28787977447973,84.37951839149673,82.91356501945393,81.00988387842227,78.80352267918948,76.42952961099323,74.00141291903395,71.54651972144201,69.07065919923357,66.57964532847309,64.07930059551234,61.5754624983729,59.07399481103394,56.580806868566825
49.58940903000539,51.65633405527786,53.664758376182505,55.63410624180487,57.58397396476627,59.53405172274206,61.50408230501586,63.51383875411847,65.58311194019822,67.71188329014933,69.8208586410382,71.81092581682306,73.58297530280203,75.07968237748702,76.41085410995748,77.72808158359777,79.1829566560871,80.86093835709659,82.5829528079714,84.12938023052146,85.38295126843941,86.24425341746247,86.58295085795487,86.29131273483053,85.38295126843941,83.9169977189556,82.01331623718534,79.80695440233634,77.43296017336297,75.00484141653372,72.54994455514546,70.07407751272453,67.58305201869831,65.08268655733193,62.57881152835165,60.077278188899854,57.58397396476627
50.69151055163833,52.758939964869384,54.767670665168836,56.73720849180695,58.68719597094737,60.63735017204394,62.60742993816967,64.61721813047616,66.68651176230993,68.81529609149706,70.92427933504001,72.91435115170822,74.68640331265217,76.18311193501151,77.51428466044817,78.8315128583672,80.2863885127332,81.96437068236038,83.686385458481,85.23281308126283,86.48638423655349,87.34768644867736,87.68638391075169,87.39474576914569,86.48638423655349,85.02043054623464,83.11674879401991,80.91038645468173,78.53639130439808,76.1082709086779,73.65337113932458,71.17749892178242,68.6864642022848,66.18608228852058,63.68217794592189,61.180592495833025,58.68719597094737
51.69388653155018,53.76171645633306,55.770690397847886,57.740379023178136,59.690461563507924,61.64067644188735,63.610795247040286,65.62060863467089,67.68991849460338,69.81871312553184,71.92770263352142,73.91777813367683,75.68983241774775,77.18654226849932,78.51771578205485,79.83494455483488,81.28982067103699,82.96780321260648,84.68981824687492,86.2362460285809,87.48981727703037,88.3511195392374,88.68981701844127,88.39817886216638,87.48981727703037,86.02386347493064,84.12018150806392,81.91381876831224,79.53982288678363,77.11170119027322,74.65679911286146,72.18092278780713,69.68988074599795,67.18948577379861,64.68555816446353,62.18393135254664,59.690461563507924
52.7964804566563,54.86462838022574,56.87379542510381,58.84360375615471,60.7937617533088,62.74402479401236,64.71417458558192,66.72400797121217,68.79333071157976,70.92213351907817,73.03112799918928,75.02120642294034,76.7932623921419,78.2899732178705,79.62114735695705,80.9383765860049,82.39325306876682,84.07123590554724,85.79325114470784,87.33967905255197,88.59325037494162,89.45455267689968,89.79325016969932,89.50161200178171,88.59325037494162,87.12729648412133,85.22361434688519,83.01725128932502,80.64325482740655,78.21513209845726,75.76022818913513,73.28434860393621,70.79330075037308,68.29289541358712,65.78894933711483,63.2872896952929,60.7937617533088
53.89924743275269,55.967647823067395,57.97696816108299,59.946871513161966,61.89708940466363,63.84739067355093,65.81756505976136,67.8274143181028,69.8967472817948,72.02555657908664,74.13455500559027,76.12463574980693,77.89669305649988,79.39340465606915,80.72457929164045,82.04180888282855,83.49668565652931,85.17466872761887,86.89668412940249,88.44311213736256,89.69668351843862,90.55798585194707,90.89668335553766,90.60504517837924,89.69668351843862,88.23072955720076,86.3270472847423,84.12068397493726,81.74668705236287,79.31856350396566,76.86365814065331,74.38777596786963,71.8967235014945,69.39630993826785,66.89234920421983,64.39066350465471,61.89708940466363
55.00215180222928,57.07075262023989,59.08019464404727,61.050173421003564,63.000438853343184,64.9507704650447,66.9209643724791,68.93082622918138,71.0001673072046,73.12898175547764,75.23798331424581,77.22806590022117,79.0001242684832,80.49683648225081,81.82801151188255,83.1452413905017,84.60011839512083,86.27810165218173,88.00011718303936,89.54654527046152,90.80011669811698,91.66141905666704,92.00011656882242,91.70847838432954,90.80011669811698,89.33416268098868,87.43048030120418,85.22411679119224,82.85011950299486,80.42199530420098,77.96708878685457,75.49120456029956,73.00014843272064,70.49972834012408,67.99575597222497,65.49404959021835,63.000438853343184
56.105165247826164,58.173925173576976,60.1834637901398,62.15350243604273,64.10380560324796,66.05416129874044,68.02437070046065,70.034242556603,72.10359007502133,74.23240861164896,76.34141265650388,78.33149670428654,80.10355591511745,81.60026861637493,82.93144395877283,84.24867406552625,85.7035512534255,87.38153465809198,89.10355029139573,90.64997844188701,91.90354990651257,92.76485228493814,93.10354980389141,92.81191161357717,91.90354990651257,90.43759584502399,88.53391338005473,86.32754971113843,83.95355213274581,81.52542741773149,79.07051998442685,76.59463412779002,74.1035750943038,71.60314981931799,69.09916821754605,66.59744541962462,64.10380560324796
56.835926545432486,58.9669822002964,61.07029868900368,63.1630342220883,65.26047071833116,67.37429084768554,69.51135815615126,71.67345369139352,73.85837343257391,76.05236313697515,78.20385596545692,80.25540178840555,82.15420580131624,83.88306945948702,85.53093414968386,87.19795603309778,88.96271054985502,90.8448668682802,92.6965083889404,94.37694195443012,95.91151629000566,97.27439217240732,97.95241478265521,97.42706711429562,95.91151629000566,93.77548681099384,91.26261482310242,88.56218185061365,85.83358014841127,83.18658333325403,80.6068082530855,78.0635388043524,75.53535504902952,73.00493353863233,70.45685939651925,67.87804951273027,65.26047071833116
54.393324432810516,56.46165388323695,58.470931149311426,60.44080780315677,62.39100886624887,64.34129939431782,66.3114668703073,68.32131166899532,70.39064176031192,72.51944923421478,74.62844655193082,76.61852664418441,78.390583575093,79.88729495724242,81.21846945332035,82.53569894276082,83.99057563471882,85.66855863997642,87.39057399606915,88.93700197590044,90.19057334048784,91.05187566513186,91.3905731656906,91.09893499112849,90.19057334048784,88.72461939903467,86.82093716456853,84.61457392563472,82.24057713248712,79.81245381432362,77.35754885952737,74.88166741375707,72.39061624340832,69.89020499150396,67.38624837569456,64.8845699974197,62.39100886624887
52.58807340232812,54.65579078264204,56.66469637657859,58.634342630844316,60.58439846164663,62.53459629163153,64.50470412814494,66.5145104367836,68.58381573721189,70.71260747373293,72.82159522164761,74.81166968688194,76.5837233744345,78.08043288005439,79.41160617217844,80.72883478344436,82.18371076988808,83.86169320695589,85.58370816869464,87.13013590574897,88.38370712802435,89.24500937615991,89.58370685055104,89.29206869839757,88.38370712802435,86.91775335733078,85.01407145077312,82.8077088235224,80.43371314744584,78.0055918164081,75.55069038747337,73.074815216475,70.58377523196113,68.08338392869912,65.57946285647617,63.07784766580042,60.58439846164663
51.53188321868811,53.62894246312439,55.68119168524453,57.70772713903733,59.72684205612052,61.75506532711326,63.80632315434994,65.89152351422338,68.01895053636943,70.18085981400026,72.31156880687297,74.3332296713936,76.17108741801712,77.79070941482405,79.29452456210856,80.80906752013098,82.4444984072015,84.24436958804273,86.04496392937006,87.67359329644209,89.10270040210592,90.28778036103814,90.85293289320032,90.40469243480531,89.10270040210592,87.22527120870797,84.96907408030043,82.49223571224933,79.93272585276867,77.39370535868264,74.87676537275829,72.3677748153702,69.85858452088098,67.3435617165054,64.8182132855521,62.27940236007362,59.72684205612052
50.128306716081795,52.202397273206856,54.21957116027687,56.19958424910149,58.16206620910228,60.126334963397994,62.111213068027894,64.13490593168194,66.21503958780463,68.35005738686205,70.46314788593304,72.45919986633086,74.24380136862675,75.7643541813793,77.12994290912675,78.48786303353731,79.98127597345086,81.68599318859611,83.42555600087167,84.99060538993147,86.28486198994047,87.22457840043322,87.62079278558261,87.28914125701525,86.28486198994047,84.72550108632454,82.74710851865765,80.48659738409904,78.07699703234778,75.62816978313941,73.16186629324639,70.67994933747866,68.18559665139165,65.68251882202425,63.174662434207605,60.66624926031707,58.16206620910228
49.3805494693721,51.44331823973651,53.44921575567881,55.41699612622216,57.36587533496275,59.315321969670734,61.284946429992175,63.294440745825156,65.36354508283375,67.49220924133449,69.60111940781164,71.59114825462777,73.36317564794854,74.85986994026294,76.19103347172098,77.50825496345595,78.96312523014925,80.64110306077895,82.36311482540059,83.90954059420578,85.16311066272424,86.0244122905878,86.36310955283177,86.07147158235034,85.16311066272424,83.69715827641899,81.79347902829076,79.58712136009099,77.21313474034102,74.78502951929198,72.33015667498996,69.85433237388764,67.36338307184748,64.86315348500656,62.35952053500715,59.85841750050753,57.36587533496275
38.491661518139296,40.53013951241327,42.52119127434831,44.47973220114437,46.42277286923134,48.3684870442204,50.33570771697093,52.343649670858554,54.41175373450962,56.53978274382334,58.64830661534137,60.63810829880278,62.4100047498013,63.90662327939724,65.23773820160957,66.55492423684474,68.00976601793647,69.68772090733891,71.40971674942313,72.95613271576212,74.20969703821555,75.07099557692953,75.40969178261349,75.11805471691656,74.20969703821555,72.74375154658964,70.84008553822014,68.6337525674202,66.25981105016297,63.831786059000706,61.37705556559213,58.9014845816873,56.41098680783034,53.91156230309731,51.40936328447273,48.910807754322164,46.42277286923134
39.47830736200808,41.523081685361205,43.5179944216618,45.478943208175224,47.42350739201339,49.370196312838175,51.338045071436355,53.34639277858872,55.41475834844826,57.54295343091863,59.65157831617708,61.64143940454781,63.413370098981545,64.91000844204413,66.24113607668117,67.55833138466471,69.01318061548368,70.6911415046412,72.41314151091592,73.9595600408806,75.21312586609659,76.07442521271335,76.41312169471868,76.12148439239408,75.21312586609659,73.74717857131233,71.8435091003684,69.637169670515,67.26321635777785,64.83517038462819,62.38040266384402,59.90476543506358,57.4141495893341,54.91451458302039,52.41194071149843,49.9127194478649,47.42350739201339
40.46837010699059,42.51817009846014,44.51615815525166,46.47902235138184,48.42479748056833,50.37226076476831,52.3406083258686,54.34927819842238,56.41785137386444,58.54617828750696,60.654883354448884,62.644791595096365,64.41674946951784,65.91340353891647,67.24454126358584,68.56174393144833,70.01659907517453,71.69456472637174,73.41656803778116,74.962988602503,76.21655562046502,77.0778556083157,77.41655230963781,77.12491481950147,76.21655562046502,74.75060689450987,72.84693467530965,70.64059011887464,68.26662744397336,65.83856481714443,63.3837675481476,60.90807773818287,58.41736817055934,55.917566063096245,53.414694588474276,50.914944672303136,48.42479748056833
41.46116181463873,43.514968628354325,45.51540444534506,47.47979161402375,49.42652896320409,51.37460730602197,53.34335095003922,55.352276600332544,57.4210145826618,59.54944614263334,61.658214854245415,63.64816052129822,65.42013996909202,66.91680652072941,68.24795225397253,69.56516076343377,71.02002060027209,72.69799003112217,74.41999596582791,75.96641814554144,77.21998611018824,78.0812866069873,78.41998348238143,78.12834584317864,77.21998611018824,75.75403624830997,73.85036184781157,71.64401322238868,69.27004311667895,66.84196727164921,64.38714654970067,61.91141500438951,59.420631044491444,56.92069629241723,54.41758855828202,51.91741888671375,49.42652896320409
42.4561302805282,44.51312868703702,46.51551164142978,48.48110930618441,50.42861105889199,52.37717785530063,54.346235985961954,56.355364694379034,58.42423350306804,60.55274812835748,62.66156735756604,64.65154273099606,66.42353930196593,67.92021576091247,69.2513678506339,70.56858099661233,72.02344455839796,73.7014169891728,75.42342500599595,76.96984846753165,78.22341718356368,79.0847180843158,79.42341509787107,79.13177734035403,78.22341718356368,76.7574664201014,74.85379028830184,72.64743843331024,70.27346242972999,67.84537609330222,65.39053675640614,62.91477208469989,60.4239290763648,57.92388903389704,55.420593747835,52.92009081306999,50.42861105889199
43.45283327695071,45.51237205399434,47.516303200402454,49.48286271709744,51.43097161187487,53.3799262714671,55.34923408309281,57.358523988591514,59.42749664623214,61.556077205215416,63.66493653202353,65.65493548406313,67.4269456459457,68.923629968423,70.25478710332817,71.57200392933612,73.02687044762808,74.70484525945253,76.42685492885701,77.97327940777717,79.22684872018468,80.08814994155483,80.42684706476878,80.1352092133456,79.22684872018468,77.76089724113388,75.85721973519745,73.65086531688857,71.27688463214403,68.84878996862187,66.39393585682585,63.918144892034405,61.427255014876465,58.927131396881094,56.42368723019747,53.922919719270226,51.43097161187487
44.45091730097279,46.51247692596587,48.51763860857793,50.484962229431176,52.433553287231575,54.382815905806154,56.35232193519235,58.36173980164054,60.43079489181011,62.559427785366566,64.66831893876724,66.65833660556635,68.43035755471391,69.92704811853912,71.2582092578367,72.57542900470078,74.03029786958203,75.70827457125164,77.43028555231307,78.97671083873277,80.23028062448427,81.09158210032923,81.43027931057941,81.13864138462284,80.23028062448427,78.76432857746994,76.86064998087892,74.65429352805944,72.28030912785886,69.85220785507586,67.39734201630401,64.92153018226873,62.43060310401168,59.93041314798916,57.42685080172426,54.92587325560427,52.433553287231575
45.550100186587024,47.61326663775121,49.61940609294393,51.587336613682965,53.53631053729927,55.48581765352563,57.455481037344,59.465000478273595,61.534120999948726,63.662795433351874,65.771711848233,67.76174436920152,69.53377388030177,71.03046939792551,72.36163371552874,73.67885578068717,75.133726508063,76.81170470970679,78.53371673183247,80.08014265916559,81.33371282061069,82.19501449843258,82.53371177776347,82.24207379264969,81.33371282061069,79.86776032280315,77.96408086055806,75.75772279294375,73.38373544377527,70.95562892519214,68.50075377863155,66.02492538040929,63.53396877480776,61.03372616368334,58.53007001006114,56.02892573309205,53.53631053729927
46.550156970708215,48.614600578211636,50.6215167831062,52.58992927175922,54.539207185081366,56.488908403617984,58.458696697937,60.46829676602596,62.53746922372288,64.66617662850132,66.77511309387202,68.7651574047632,70.53719371154952,72.03389316102934,73.36506000126633,74.68228390646203,76.13715611210422,77.81513550428024,79.53714835270007,81.0835747887269,82.33714524836037,83.19844708649154,83.53714442065183,83.24550638858491,82.33714524836037,80.87119239275779,78.96751224344207,76.7611528941625,74.38716320439133,71.95905252219734,69.50416998798835,67.02832844260013,64.53734840061787,62.03706399548925,59.533333381776174,57.03205675418411,54.539207185081366
47.55090846224101,49.61636689664108,51.623900044075185,53.592695241864334,55.54221450061638,57.49206980623492,59.46195725355474,61.471621320150064,63.540835001385744,65.66956857630365,67.77852095603515,69.76857462469536,71.5406163252589,73.0373188954698,74.36848773792937,75.68571310356734,77.14058648251248,78.81856681961574,80.54058032386627,82.08700716364379,83.3405778599496,84.20187982531837,84.54057720299684,84.24893913366317,83.3405778599496,81.87462472036484,79.9709440257204,77.7645836591814,75.39059211166924,72.96247812480468,70.50758972698279,68.03173774657999,65.54073910280752,63.04042152473383,60.53663180876788,58.035250124171625,55.54221450061638
48.552212033879286,50.61847666076167,52.62649975067592,54.59559881266517,56.54530967066957,58.49528729291434,60.46525344525034,62.47496831044707,64.54421471201843,66.67296905865697,68.78193406979938,70.77199516578946,72.54404114742053,74.04074619456668,75.37191662619571,76.68914315098979,78.14401746118745,79.82199854828076,81.54401257306478,83.0904397332996,84.34401061745248,85.20531268380981,85.54401009602867,85.25237199711637,84.34401061745248,82.87805725247077,80.97437612499847,78.7680149510594,76.39402192905513,73.96590531926526,71.51101226747025,69.03515200472657,66.54413859650028,64.04379468839883,61.539958060902705,59.03849298605208,56.54530967066957
49.55395422749444,51.62085918632906,53.6292713171334,55.59861162421407,57.54847458190493,59.4985492980276,61.4685779231298,63.47833310906378,65.54760548153328,67.67637631499174,69.78535135180141,71.77541834290733,73.54746772243884,75.04417473553572,76.3753464284921,77.69257387331044,79.14744892264454,80.82543060500586,82.54744504293784,84.09387245751988,85.34744349076709,86.20874563727912,86.54744307691269,86.25580495452381,85.34744349076709,83.88148994688768,81.9778084758795,79.77144666110615,77.3974524687954,74.96933377718418,72.51443703151537,70.03857019503286,67.54754506812381,65.04718026145989,62.543306398971794,60.04177513316566,57.54847458190493
50.656044830451954,52.7234583089879,54.73217933098145,56.70171115721905,58.65169485368742,60.601846640270324,62.57192485290871,64.58171204260523,66.65100502866305,68.77978894790456,70.88877194216079,72.87884361224852,74.65089568870482,76.14760426218153,77.47877695625579,78.79600513129881,80.25088076728649,81.92886292211259,83.65087768796046,85.19730530441808,86.45087645600157,87.31217866613244,87.6508761275251,87.35923798650283,86.45087645600157,84.98492277013092,83.08124102645806,80.87487870305394,78.50088358186945,76.07276323791294,73.61786356040642,71.14199150631845,68.6509570782041,66.15057568408464,63.646672267353765,61.14508846318931,58.65169485368742
51.658412139417095,53.72622941181069,55.73519566974771,57.7048795318121,59.65495906953423,61.60517203139112,63.57528960349045,65.58510219532859,67.65441154270016,69.78320584825136,71.89219515838069,73.88227054219468,75.65432475920755,77.15103457116088,78.48220805982405,79.79943681444735,81.25431291606259,82.93229544588444,84.65431047199941,86.20073824868582,87.4543094941929,88.31561175481806,88.65430923348092,88.36267107766932,87.4543094941929,85.98835569562371,84.08467373553668,81.87831100843187,79.50431514999931,77.07619349457377,74.62129149006105,72.14541529474077,69.65437348420411,67.15397892445151,64.65005204999228,62.14842654449103,59.65495906953423
52.76099917936958,54.829137057571,56.83829800279118,58.80810255276616,60.758258166560665,62.70851968604261,64.67866849890541,66.68850125290193,68.75782358644446,70.8866261356887,72.9956204587573,74.98569879016783,76.75775470614528,78.25446550107966,79.5856396204091,80.90286883504592,82.35774530623021,84.03572813368653,85.7577433663757,87.30417127023583,88.55774259029012,89.41904489099265,89.75774238336288,89.46610421581299,88.55774259029012,87.09178870227203,85.18810657041695,82.98174352289458,80.60774707930746,78.17962438296729,75.72472053150523,73.2488410492766,70.75779337927545,68.25738836985151,65.75344287665946,63.25178427176836,60.758258166560665
53.86376068881313,55.93215310412245,57.94146860008138,59.91136895082269,61.86158495053198,63.81188501197656,65.78205862136711,67.79190737837243,69.86124001916392,71.99004911147802,74.09904741333642,76.08912808426219,77.86118534871107,79.35789692383892,80.68907154372897,82.00630112347903,83.46117788799063,85.13916095167963,86.86117634832686,88.40760435312484,89.66117573234729,90.52247806485926,90.86117556810903,90.56953739124246,89.66117573234729,88.19522177333356,86.29153950514603,84.08517620330804,81.71117929528324,79.28305577276791,76.82815045537922,74.3522683643233,71.86121604364196,69.36080274024445,66.85684246915184,64.35515759261699,61.86158495053198
54.96666071820522,57.035255205194886,59.044693385383596,61.01466977999033,62.96493371073859,64.91526436406173,66.88545765492131,68.89531911370776,70.9646599354426,73.09347422102391,75.2024756808608,77.19255820866502,78.96461654339788,80.4613287377663,81.79250375495181,83.10973362449259,84.56461062181828,86.24259387300535,87.96460939978624,89.51103748469862,90.76460891088288,91.62591126864203,91.96460878052689,91.67297059626566,90.76460891088288,89.29865489551987,87.39497251912522,85.18860901543673,82.81461173878738,80.38648756053597,77.93158107963922,75.45569691795168,72.96464090601035,70.46422101964143,67.96024901919381,65.45854329043787,62.96493371073859
56.06967071831902,58.13842561834436,60.147961183925304,62.11799793883871,64.06829991418306,66.0186548489909,67.98886376132752,69.99873530164064,72.06808261664148,74.19690102414006,76.30590499047298,78.29598899208511,80.06804817630388,81.5647608621642,82.89593619468351,84.21316629423143,85.66804347634186,87.34602687634627,89.06804250641432,90.61447065491357,91.86804211837145,92.72934449616928,93.06804201490783,92.77640382477745,91.86804211837145,90.40208805828398,88.49840559600524,86.29204193210785,83.91804436288095,81.48991966417121,79.0350122597967,76.55912645464525,74.06806751294087,71.56764240163878,69.06366109151548,66.5619388120865,64.06829991418306
56.780527407403284,58.91205604342011,61.01607599757543,63.109711063148254,65.20819400841553,67.32313613366269,69.46130596399193,71.62437091662125,73.81000419811981,76.00438791464718,78.15613444225897,80.20804291056396,82.10757870761553,83.83772830898718,85.48723942684363,87.15594495346497,88.92208134427521,90.80509551002996,92.65726101785695,94.33822001822008,95.87384471146368,97.23843399787395,97.91750815140558,97.39144511119432,95.87384471146368,93.7351932040728,91.21955794320127,88.51657951558335,85.78596284332639,83.13763716941489,80.55707324433968,78.01336855403905,75.48494213522822,72.95432309801775,70.40595614292926,67.82662710133515,65.20819400841553
54.33081641074939,56.399130741100876,58.408398826707725,60.37826978996537,62.328467266148905,64.27875550484634,66.24892150794041,68.25876535606353,70.32809483513931,72.45690192039032,74.56589900177033,76.55597895505917,78.32803580586999,79.82474714167672,81.15592160802191,82.47315107577504,83.92802775030971,85.60601074153536,87.32802608788916,88.87445406172486,90.12802542279772,90.98932774555226,91.32802524546479,91.03638707145608,90.12802542279772,88.6620714855616,86.75838925919348,84.55202603536571,82.17802926980522,79.74990600071565,77.29500113299389,74.81911984218519,72.32806894808205,69.8276581888315,67.32370245081584,64.8220256330558,62.328467266148905
52.525588797439084,54.59328219070554,56.60217321708454,58.57181044027001,60.52186057807839,62.472054774266326,64.44216027284901,66.4519650726192,68.52126940119962,70.65006052078368,72.75904789354183,74.74912213818463,76.52117569859035,78.01788513064606,79.34905837557237,80.66628695241184,82.12116291119777,83.79914532599128,85.52116027227041,87.06758799980732,88.32115921650373,89.18246146164,89.5211589350053,89.22952078373027,88.32115921650373,86.85520545250435,84.95152355880145,82.74516095553012,80.37116532324531,77.94304407010745,75.48814277939442,73.01226785438098,70.52122830837561,68.02083778713991,65.51691810828669,63.01530539464429,60.52186057807839
51.472532966640586,53.56983066198936,55.622441571282934,57.64945222047834,59.669138709082006,61.69799845842314,63.74990696509312,65.83570134692789,67.96357937359977,70.12574289446206,72.25661760034401,74.2785181257584,76.11686972710945,77.73739430840669,79.24243457416193,80.75831898844942,82.39492478019176,84.19556176920932,85.99663846973058,87.62576312448854,89.05589684061152,90.24276432423405,90.80908979761615,90.36004478444256,89.05589684061152,87.17599372329566,84.91748125140994,82.43873357562015,79.87784318276965,77.33796861595297,74.82054122758069,72.31128770918141,69.80195259597727,67.28681284215449,64.76129256500846,62.22218133662953,59.669138709082006
50.06630244470535,52.140436653377066,54.157677646643904,56.13778058080007,58.10037321635656,60.06476869849567,62.04978032126107,64.07359873403834,66.15383013937085,68.28890399516493,70.40203140919249,72.39813731350309,74.18285197718882,75.70361901630682,77.06951490996595,78.4277950748646,79.92154587141553,81.62649570038764,83.36621040918175,84.93142031826038,86.22602523237175,87.16640375113965,87.56309618747353,87.2311127646006,86.22602523237175,84.66585972808977,82.68681093089504,80.42581701684738,78.0158959113069,75.56688093664599,73.10047374632867,70.6185018385496,68.12411918088128,65.6210172971157,63.11312580332289,60.604651956795806,58.10037321635656
49.31825406741237,51.38092736026218,53.386766784720365,55.35451110102288,57.30336756592148,59.25279967690689,61.22241479020613,63.23190307248608,65.30100352287799,67.42966521393474,69.53857387989902,71.52860184439051,73.30062872913942,74.79732272720311,76.12848606987302,77.44570742390368,78.90057757996674,80.57855532149956,82.30056702428311,83.84699275501872,85.10056280122137,85.9618644170877,86.30056167522837,86.00892370826081,85.10056280122137,83.63461044169277,81.73093124498344,79.52457367270082,77.15058722811645,74.72248231866259,72.26761002723413,69.79178671002968,67.30083916189143,64.80061270273696,62.296985324889036,59.79589219432448,57.30336756592148
38.4597039019587,40.49795290207352,42.48886407213267,44.44731725454291,46.390302378414574,48.33598100560249,50.3031787684408,52.31110592034145,54.37920044341689,56.50722339354613,58.61574357945713,60.60554309541794,62.377438296965934,63.87405610361728,65.20517056198275,66.52235625887599,67.9771977681432,69.65515243862714,71.37714812876858,72.92356400156606,74.17712826918671,75.03842677842192,75.37712297402348,75.08548591696058,74.17712826918671,72.71118284335441,70.80751696132722,68.60118422620481,66.22724313933925,63.79921891376158,61.34448977868516,58.8689212118573,56.378427745994344,53.87901092136306,51.37682557820493,48.878294332475164,46.390302378414574
39.44622551763665,41.49081693873744,43.48561764476071,45.44649661360978,47.39101664139859,49.33767731905888,51.30550788219224,53.313843836148706,55.3822018316898,57.51039210421379,59.61901406391715,61.608873431836614,63.38080313454179,64.87744090378747,66.20856817026191,67.52576320969945,68.98061222476892,70.65857294016945,72.38057282584651,73.92699128156698,75.18055706326206,76.04185638648146,76.38055286048436,76.08891556501266,75.18055706326206,73.71460982069837,71.81094045003277,69.60460120723783,67.2306482361063,64.80260287061235,62.34783622797082,59.872200917731476,57.38158849159342,54.88195958203946,52.379396568096865,49.880194589615186,47.39101664139859
40.4361889730081,42.48584306445862,44.48374192253155,46.446550593786526,48.39229063173569,50.33973148111757,52.308064592992736,54.31672513397103,56.38529229643835,58.51361539193965,60.62231813668626,62.612225011744556,64.38418209900597,65.88083571295613,67.21197314541016,68.52917560012514,69.98403057260944,71.66199608589483,73.38399930158546,74.93041980737948,76.18398679079885,77.04528676007904,77.38398345504959,77.09234597035237,76.18398679079885,74.71803810629129,72.81436596668229,70.60802155871636,68.23405915494985,65.80599701042439,63.35120059717114,60.875512310020184,58.38480545673879,55.88500818894437,53.38214533410293,50.88241073124603,48.39229063173569
41.42890143588377,43.48259198537481,45.48295682800065,47.447299856719155,49.39400932584755,51.342069850658234,53.310802021605525,55.31972026349541,57.38845347254568,59.516882001751455,61.62564887012199,63.615593453264324,65.38757227627329,66.88423846641487,68.21538396772368,69.53259230800812,70.98745200893077,72.66542133031969,74.38742718905314,75.93384932199552,77.18741725922575,78.0487177412854,78.38741461163826,78.09577697675252,77.18741725922575,75.7214674302445,73.81779309291784,71.6114445853354,69.23747469482686,66.80939923260593,64.3545791898749,61.87884885326383,59.38806704787325,56.88813613746703,54.385035246188394,51.88487773301577,49.39400932584755
42.42380672680121,44.48071256086985,46.48303907079993,48.44860165755469,50.39608126411241,52.344633911120866,54.31368293263026,56.322805759779214,58.39167077942412,60.52018299900095,62.62900076515599,64.61897527825946,66.39097135332753,67.8876475253508,69.21879943098409,70.53601244268583,71.99087589659456,73.6688482404897,75.39085619701345,76.9372796214268,78.19084831569828,79.05214920475167,79.39084621430572,79.09920846021515,78.19084831569828,76.7248975783464,74.82122149668639,72.61486973522508,70.24089390245102,67.8128078698615,65.35796907206912,62.88220535973525,60.391364061517464,57.89132706844853,55.38803721440485,52.887543932418296,50.39608126411241
43.42045940481266,45.47992452138496,47.48381079700011,49.450342444445184,51.39843375062537,53.347377175268065,55.31667775508312,57.32596299185096,59.394932641816524,61.523511291263304,63.63236945679989,65.62236772598133,67.39437749426023,68.89106158900398,70.22221857779715,71.53943529722903,72.99430172989871,74.67227647276647,76.39428609431118,77.94071054376728,79.19427983890344,80.05558105098828,80.39427817102646,80.10264032232286,79.19427983890344,77.7283283805765,75.82465091443588,73.61829657036225,71.24431602118719,68.81622159882335,66.36136791491953,63.8855777115991,61.39468919181485,58.89456799429581,56.39112813953696,53.89036829169726,51.39843375062537
44.41850337942988,46.480004422693774,48.485130446640426,50.45243193010403,52.40100902077239,54.35026271928541,56.31976300759999,58.329177167991844,60.39822987077359,62.52686124865363,64.63575148032402,66.62576860512783,68.39778924186808,69.89447962493952,71.22564064826722,72.54286031054144,73.99772910746401,75.67570575440254,77.3977166974776,78.94414196051164,80.19771173255481,81.05901320103004,81.3977104087596,81.10607248496157,80.19771173255481,78.73175970198906,76.82808113698403,74.62172474308522,72.24774045048656,69.81963936911208,67.36477386996185,64.88896264031702,62.39803663944137,59.89784860465733,57.39428968110266,54.893318218233034,52.40100902077239
45.51765440720584,47.58077428787608,49.58688541256385,51.554798351776455,53.50376118522642,55.45326121978255,57.42292004616597,59.43243654529289,61.50155517197447,63.630228402336385,65.73914408562177,67.72917617640178,69.50120543954174,70.99790081370014,72.3290650392576,73.64628703727676,75.10115771071361,76.77913586891722,78.50114786089308,80.04757376966496,81.30114392022975,82.16244559220229,82.50114286953256,82.209504886132,81.30114392022975,79.83519143547746,77.93151199830223,75.72515397745333,73.35116671368877,70.92306034702739,68.46818547002675,65.99235755151611,63.501401801053674,61.00116071488351,58.49750727807819,55.996367830052094,53.50376118522642
46.517685861132364,48.58209245879996,50.58898615996653,52.557384687173936,54.50665379542272,56.456349392091624,58.42613406870372,60.435731801690935,62.50490275525328,64.63360920514697,66.74254508983844,68.73258905928463,70.50462516926322,72.0013245048739,73.33249127205383,74.64971512396093,76.10458728679161,77.78256664448911,79.50457946897897,81.05100589027373,82.30457634127148,83.16587817476002,83.50457550733242,83.21293747662529,82.30457634127148,80.83862349603088,78.93494336661313,76.72858405445135,74.35459443246543,71.92648387085222,69.47160155059447,66.9957603859578,64.50478102271303,62.00449782798313,59.50076937074135,56.99949657630222,54.50665379542272
47.51841721990569,49.58384625003979,51.591361525033165,53.56014563721622,55.50965790561068,57.45950874843001,59.42939332407883,61.43905553718207,63.50826802453669,65.637000841543,67.74595276038198,69.7360061580345,71.50804770239066,73.00475018222322,74.33591896669718,75.65314429003985,77.10801763500541,78.78599794474304,80.50801143000031,82.05443825808499,83.30800894753665,84.16931090922054,84.50800828563868,84.21637021738428,83.30800894753665,81.84205581617613,79.93837513732475,77.73201480024619,75.35802330653532,72.92990941537607,70.47502118736821,67.99916950917073,65.50817140412087,63.00785478676758,60.50406678247735,58.002688140520206,55.50965790561068
48.519704794382164,50.585946064448635,52.59395496192309,54.563045222488,56.51275053112883,58.462724610793984,60.43268848369725,62.44240187770036,64.51164733165706,66.64040107672875,68.74936572205601,70.73942660294554,72.5114724605941,74.00817743600668,75.33934782161239,76.6565743128366,78.1114485960646,79.7894296614378,81.51144367114685,83.05787082210105,84.31144170081376,85.1727437642464,85.51144117546494,85.21980307740927,84.31144170081376,82.84548834235969,80.94180722742232,78.73544607686604,76.36145309756394,73.93333656373558,71.4784436467226,69.00258362384108,66.51157064320444,64.01122749764383,61.507392228758135,59.00592956901784,56.51275053112883
49.52143427982406,51.58832068858972,53.5967215503876,55.56605487002557,57.51591342248227,59.465985326571854,61.43601214236995,63.44576616056892,65.51503778089685,67.64380813688382,69.75278288334297,71.74284970372243,73.5148989848486,75.01160594101034,76.3427775974379,77.6600050156118,79.1148800435401,80.79286170866206,82.51487613462905,84.06130354184505,85.31487457077439,86.1761767149651,86.51487415380473,86.22323603209573,85.31487457077439,83.84892103207596,81.94523957101678,79.73887777480238,77.36488361638439,74.93676498506397,72.48186834637204,70.00600170026931,67.51497691274169,65.01461271131727,62.51073992719208,60.009210578364886,57.51591342248227
50.62351478922271,52.69091353714953,54.699625612115895,56.669151891315224,58.619132090905,60.569281645395705,62.539358421914685,64.54914468474915,66.61843707381963,68.74722061408701,70.85620337789011,72.8462749124715,74.61832691082319,76.11503543911034,77.44620810419164,78.7634362580869,80.21831187708474,81.896294018228,83.61830877457922,85.16473638519042,86.41830753334685,87.27960974163526,87.61830720239774,87.32666906191513,86.41830753334685,84.95235385158833,83.048672115812,80.84230980713811,78.46831471285438,76.04019441675075,73.58529482415206,71.10942292116926,68.61838876242419,66.11800784869023,63.61410528787739,61.112523005286064,58.619132090905
51.62587408246365,53.69367965849402,55.70263881339939,57.672318272082606,59.62239503405192,61.572606224182636,63.542722656386715,65.55253451255496,67.62184338608971,69.75063739084592,71.85962651806338,73.8497017943255,75.62175594934655,77.11846572543283,78.44963919108424,79.76686792892255,81.22174401705293,82.8997265360147,84.6217415545922,86.16816932663826,87.42174056942528,88.28304282858811,88.62174030675081,88.33010215136753,87.42174056942528,85.95578677411991,84.05210482030036,81.84574210488697,79.47174626780553,77.04362465036093,74.5887227132397,72.1128466378521,69.62180504111531,67.12141086264906,64.61748466754555,62.115860369759204,59.62239503405192
52.7284547575191,54.79658334936673,56.80573865579059,58.77553971036237,60.72569312086496,62.67595323405543,64.6461011421535,66.65593331223646,68.72525526968964,70.85405758019085,72.96305175808149,74.95313000412777,76.72518587090221,78.22189663736881,79.55307073843383,80.87029993974839,82.32517640022975,84.00315921906639,85.72517444577304,87.27160234595016,88.5251736638455,89.38647596338738,89.72517345536063,89.4335352881507,88.5251736638455,87.05921977841791,85.15553765153732,82.94917461329445,80.57517818665374,78.14705552045908,75.69215172248579,73.21627233544804,70.72522483514079,68.22482012834661,65.72087517436783,63.219217528066864,60.72569312086496
53.831211213367695,55.899596256237615,57.9089072759775,59.87880485213995,61.82901910298477,63.77931804821003,65.7494909394699,67.75933923301517,69.82867157530129,71.95748047812373,74.06647866475387,76.05655926792582,77.82861649332217,79.32532804585517,80.65650265124867,81.97373222042484,83.42860897644152,85.10659203328908,86.82860742518801,88.37503542706276,89.62860680457166,90.4899091361624,90.8286066390971,90.53696846250035,89.62860680457166,88.162652847614,86.25897058337475,84.05260728890187,81.67861039432748,79.25048689573865,76.79558162080406,74.31969960530137,71.82864741930666,69.32823435610823,66.82427451299469,64.32259039730981,61.82901910298477
54.934107230601484,57.002695864912795,59.01213049188087,60.982104684129325,62.932367226733305,64.88269699408423,66.85288971495146,68.86275080588467,70.93209139069376,73.06090552587466,75.16990689425455,77.15998936828242,78.93204767201922,80.42875984845406,81.75993485413369,83.07716471528195,84.5320417058652,86.21002495162223,87.93204047463436,89.47846855722659,90.73203998205082,91.59334233907879,91.93203985071358,91.6404016666665,90.73203998205082,89.2660859683197,87.3624035950588,85.156040097216,82.78204283124225,80.35391867198132,77.89901222478048,75.42312812305968,72.93207221801953,70.43165252229777,67.92768086154062,65.4259757366821,62.932367226733305
56.03711404555898,58.10586429957361,60.1153970446822,62.08543205147333,64.03573292500295,65.98608715659631,67.95629561652237,69.9661668648672,72.0355139918187,74.16433227994395,76.27333617368723,78.263420132617,80.03547929223413,81.53219196386058,82.86336728724766,84.1805973801344,85.63547455689337,87.31345795258795,89.03547357966472,90.58190172632249,91.8354731887009,92.69677556591837,93.03547308445845,92.74383489449804,91.8354731887009,90.36951912990865,88.46583667011717,86.25947301085955,83.88547545010583,81.45735076646888,79.00244338883883,76.52655763128308,74.03549877442644,71.53507381444172,69.03109277393304,66.52937097382429,64.03573292500295
56.72781572168739,58.85980363025472,60.96450647872064,63.0590144546306,65.1585124305668,67.27454233010872,69.41378051572302,71.57778440293578,73.76410852433311,75.95887362224708,78.11086568019152,80.16312506812051,82.06336881236336,83.79476190058907,85.44586403142219,87.11619530814275,88.88366513120076,90.76750665304874,92.62017736559281,94.30164284628732,95.83827964595702,97.20451890772677,97.88460504489078,97.35785359781121,95.83827964595702,93.69710069940439,91.17879860386743,88.47336060445673,85.74079493549985,83.0911829378433,80.50985505123782,77.96572873170473,75.43706720266955,72.90625676786584,70.35760605419371,67.77777381562196,65.1585124305668
54.27118971127881,56.33948941424022,58.348748618474374,60.31861407652225,62.268808082637904,64.21909410653531,66.18925868470926,68.19910161322886,70.2684305000052,72.39723720926315,74.5062340620048,76.49631388085507,78.26837065417695,79.76508194515046,81.09625638273128,82.41348582950344,83.86836248718228,85.54634546483298,87.26836080176506,88.81478876980043,90.06836012747326,90.92966244839991,91.26835994768724,90.9767217742139,90.06836012747326,88.60240619431684,86.69872397578297,84.49236076656928,82.11836402769735,79.69024080608332,77.23533602259997,74.75945488170564,72.26840425485058,69.76799397220762,67.26403908339479,64.76236377532068,62.268808082637904
52.465984751898574,54.53365493993064,56.54253187343143,58.51216035976486,60.462204990035914,62.412395670795064,64.38249890760034,66.39230224764907,68.4616056360362,70.59039615877768,72.69938316859847,74.68945719983464,76.4615106372348,77.95821999812233,79.28939319738816,80.60662174092249,82.06149767295148,83.73948006619611,85.4614949975192,87.00792271584868,88.26149392714784,89.1227961693825,89.46149364175537,89.1698554913302,88.26149392714784,86.79554016962459,84.89185828835778,82.68549570828482,80.31150011836542,77.88337894059018,75.42847778359686,72.95260309655643,70.46156397477691,67.96117421009592,65.457255879228,62.95564556193558,60.462204990035914
51.41598082833396,53.51351049158285,55.56647320653008,57.59394598065404,59.61418818732534,61.64366659155502,63.696207371739604,65.78257880924096,67.91089485506849,70.07330525944806,72.20434086602236,74.22647407115858,76.06530506176694,77.68670551248428,79.19293406153554,80.71011884198995,82.34786290041552,84.14924149052982,85.95078517084363,87.58038921547603,89.0115162472553,90.20011218099538,90.76757107192776,90.31774867925778,89.0115162472553,87.12921865465037,84.86846276163786,82.3878633147429,79.82563299113545,77.28492905016223,74.76702821021681,72.25751921400814,69.74804339023788,67.2327899977823,64.70710272842604,62.16769964824819,59.61418818732534
50.00716674739748,52.081343473940066,54.098649828941205,56.078840269728715,58.04154069501176,60.00605959394832,61.991201238702104,64.0151419059252,66.09546849048962,68.23059692729444,70.34376028371177,72.33991869016415,74.12474352741626,75.6457191211226,77.0119140128617,78.3705445913117,79.86462415859754,81.56980031643425,83.3096628047675,84.87502887207404,86.16997259643361,87.11099500988516,87.50815222659229,87.17584613358525,86.16997259643361,84.60902436413713,82.6293369648073,80.36787311792993,77.95763973678473,75.50844197752528,73.04193380944804,70.55990839049875,68.06549654654036,65.56237123834302,63.05444555751329,60.54591262523962,58.04154069501176
49.258833049246206,51.321413982913754,53.32719721122338,55.294906648873535,57.24374111122526,59.193159171744426,61.16276524254586,63.17224768782454,65.24134437820351,67.37000368218806,69.47891089651422,71.46893800741972,73.24096440016156,74.73765811355858,76.06882127358935,77.38604249440085,78.840912543437,80.5188901987749,82.24090184173443,83.7873275356404,85.04089756025411,85.90219916451402,86.240896418685,85.94925845511685,85.04089756025411,83.57494522663002,81.67126607966487,79.46490860017525,77.09092232505121,74.66281771704358,72.20794596048103,69.73212359512749,67.24117774376306,64.7409543104166,62.23733232320738,59.736248773923705,57.24374111122526
38.427451741851485,40.465467910092144,42.456236119827395,44.41460007495594,46.35752871402573,48.30317119068086,50.27034565484108,52.27825775344313,54.34634257390593,56.4743593619193,58.58287579960492,60.572673111236355,62.34456704210295,63.841184113524974,65.1722981001615,66.4894834529633,67.94432468578682,69.6222791336321,71.34427466924876,72.8906904469151,74.14425465877113,75.00555313802664,75.34424932337444,75.05261227509236,74.14425465877113,72.67830929985055,70.77464354631272,68.56831105087272,66.19437040171262,63.7663469547291,61.31161920106622,58.83605309238527,56.34556400770906,53.84615499364256,51.343983558189095,48.845477009063046,46.35752871402573
39.41384705046987,41.45825249531973,43.4529392803957,45.41374725031032,47.35822237376935,49.304854329165906,51.272666387978504,53.28099038915326,55.34934068171876,57.477526062580665,59.58614504702163,61.576002665256226,63.34793135938094,64.84456854505896,66.17569543711454,67.49289020344264,68.94773899909632,70.62569953778714,72.34769930081717,73.89411768103176,75.14768341846634,76.00898271789079,76.34767918375528,76.05604189525292,75.14768341846634,73.68173622901065,71.77806696032746,69.5717279077698,67.19777528404884,64.76973053653657,62.31496499035822,59.839331631259824,57.348722682814554,54.849099973595045,52.34654800164216,49.84736563572339,47.35822237376935
40.40370954945128,42.453215283206816,44.45102343506326,46.413775641150494,48.359479992854745,50.30689802670862,52.27521644403521,54.28386749495127,56.3524285422981,58.48074775478845,60.58944813788253,62.5793536241473,64.3513099108727,65.84796306163494,67.17910019690798,68.49630243485335,69.95115723318578,71.62912260621579,73.351125724561,74.89754617042581,76.15111311871556,77.01241306910961,77.35110975762068,77.05947227845505,76.15111311871556,74.6851644763599,72.78149241769461,70.57514816072083,68.20118603269654,65.77312437867046,63.318328835702374,60.84264209724131,58.35193800442232,55.852145658520385,53.349291569878204,50.84957254036658,48.359479992854745
41.3963414339288,43.44991375719505,45.45020642460034,47.414504565329736,49.36118568145571,51.30922808580651,53.2779485888543,55.286859296502115,57.35558765118114,59.484013098126454,61.592778091935486,63.582721572748966,65.35469976035621,66.85136558285905,68.18251084829225,69.499719016525,70.9545785792223,72.63254778928993,74.35455357076002,75.90097565613645,77.15454356548423,78.01584403255393,78.35454089777991,78.06290326728458,77.15454356548423,75.68859376995904,73.78491949687759,71.57857110913815,69.20460143748781,66.77652636458087,64.32170701260932,61.84597790523729,59.35519829096316,56.85527128749638,54.352177355319824,51.852032207033446,49.36118568145571
42.391182484565974,44.44799418175755,46.450263291350126,48.415790205308504,50.3632472898982,52.31178554727114,54.280825304919006,56.28994215089169,58.358803317117435,60.487313090105545,62.596129368346595,64.58610300650423,66.35809857724364,67.85477445746788,69.18592617588473,70.50313905102799,71.95800239522661,73.63597465076566,75.35798254596531,76.90440593262548,78.1579746047666,79.01927548192248,79.3579724874073,79.0663347368014,78.1579746047666,76.69202389396884,74.7883478633004,72.58199619695884,70.2080205378935,67.77993481430549,65.32509656477791,62.84933382811883,60.358494269077,57.85846037721939,55.355176047478864,52.854692582227955,50.3632472898982
43.387783994307554,45.44717420415478,47.45101484855684,49.41751815397632,51.36559157299642,53.31452357190213,55.28381679706723,57.29309728578818,59.362063876976535,61.490640584440484,63.59949756897265,65.58949514369218,67.36150451167885,68.85818837481905,70.18934521501731,71.50656182606201,72.96142817165438,74.63940284439363,76.36141241726531,77.90783683675664,79.16140611432789,80.02270731696966,80.36140443377809,80.06976658784029,79.16140611432789,77.695454677077,75.79177725140849,73.5854229828316,71.21144257152984,68.78334839442239,66.32849514568207,63.852705716772306,61.3618185774269,58.861699841511935,56.35826437193742,53.85751231735942,51.36559157299642
44.38578724224612,46.44722871174331,48.45231847237831,50.41959744277744,52.36816032917034,54.31740495612274,56.28689940583898,58.29630979720943,60.365360072038754,62.493989908487805,64.6028792027652,66.59289577636355,68.36491609538768,69.8616062946337,71.19276720002084,72.50998677626771,73.96485550407674,75.64283209535412,77.36484299979728,78.91126823904824,80.16483799715016,81.02613945813039,81.3648366632965,81.07319874169366,80.16483799715016,78.69888598331246,76.79520745043021,74.58885111645333,72.21486693328514,69.78676604657188,67.33190089281457,64.85609027783066,62.36516537264404,59.86497929174419,57.36142384905415,54.86045857278016,52.36816032917034
45.48490587289632,47.54797839386774,49.55406070744773,51.521955766687704,53.47090732164082,55.420400154237086,57.390054345760234,59.39956785310157,61.468684552590446,63.59735655946852,65.70627149872621,67.69630315200743,69.46833216297347,70.96502739122856,72.29619152317605,73.61341345291501,75.06828407149625,76.74626218552152,78.46827414683517,80.0147000367304,81.26827017622999,82.12957184225375,82.4682691175494,82.17663113589118,81.26827017622999,79.80231770475478,77.89863829307542,75.69228031978668,73.31829314287737,70.89018693071938,68.43531232785946,65.95948489721229,63.46853001642023,60.96829048111684,58.46463980729078,55.96350527024924,53.47090732164082
46.48491156749816,48.549280527785115,50.55615134333054,52.524535672043356,54.4737958256716,56.42348570497066,58.39326670241175,60.40286206062103,62.4720314844904,64.60073696327329,66.70967225741799,68.69971587961695,70.47175178944336,71.96845100924992,73.29961770213126,74.61684149984418,76.07171361913586,77.7496929417689,79.47170574192216,81.01813214823449,82.27170259044979,83.13300441921676,83.47170175017428,83.18006372085006,82.27170259044979,80.80574975574721,78.90206964656556,76.69571037215233,74.32172081910363,71.8936103801203,69.43872827744951,66.9628875000346,64.47190882706118,61.971626863297814,59.46790059916967,56.96663170301028,54.4737958256716
47.4856224522179,49.55102157927571,51.558518678442994,53.527291516765516,55.47679667606312,57.42664298026543,59.39652463545187,61.40618496356903,63.47539623675567,65.60412828297127,67.71307973308572,69.70313285512523,71.47517424061954,72.97187662853787,74.30304535404085,75.62027063436946,77.07514394477805,78.75312422668497,80.47513769262625,82.02156450881935,83.27513519130036,84.13643714923674,84.47513452437317,84.18349645721639,83.27513519130036,81.80918206830393,79.90550140551395,77.69914109839644,75.32514965940116,72.89703586557359,70.44214781026548,67.96629643940881,65.47529888223617,62.97498324192861,60.471196978399234,57.96982143077885,55.47679667606312
48.48689375820939,50.553111275094686,52.56110573915774,54.530187048812266,56.47988671381867,58.42985719071635,60.39981874545657,62.4095306432674,64.4787751335069,66.6075282667893,68.71649254008503,70.70655320221871,72.4785989337779,73.97530383623788,75.30647417503816,76.62370063212205,78.07857488792212,79.75655593120604,81.47856992558397,83.02499706709983,84.27856794027994,85.13987000073818,85.4785674109394,85.18692931375489,84.27856794027994,82.81261458846441,80.908933486275,78.70257235949884,76.3285794236246,73.90046296704861,71.44557018710805,68.96971040816479,66.47869786238394,63.978355492322024,61.474521605132935,58.973061401539525,56.47988671381867
49.48861031985223,51.5554778636639,53.56386726508606,55.533193478591016,57.48304755097344,59.43311659525176,61.40314157100258,63.41289440162389,65.48216525702921,67.61093512743093,69.71990957860558,71.70997622535734,73.48202540640591,74.97873230466497,76.30990392394298,77.62713131501962,79.08200632117834,80.75998796876806,82.48200238256669,84.02842978229147,85.28200080682959,86.14330294865951,86.48200038669171,86.19036226567417,85.28200080682959,83.81604727340019,81.91236582245907,79.70600404511897,77.33200992116971,74.90389135116465,72.44899482126755,69.9731283687798,67.48210392640084,64.9817403405008,62.47786865306283,59.97634125378792,57.48304755097344
50.59068056437532,52.65806433158586,54.666767307565806,56.636287945495184,58.586264588794805,60.53641187326731,62.50648718926416,64.51627250948671,66.58556429142526,68.71434744627847,70.8233299757123,72.81340137248462,74.5854532914044,76.0821617737341,77.41333440932974,78.73056254171789,80.18543814343717,81.86342027066503,83.58543501735825,85.13186262202365,86.38543376669473,87.2467359731094,87.58543343323103,87.29379529329722,86.38543376669473,84.91948008911827,83.01579836137265,80.80943606767933,78.43544100075346,76.00732075331592,73.55242124706794,71.07654949775814,68.58551561295988,66.0851351877747,63.581233497424435,61.079652762261304,58.586264588794805
51.5930317058079,53.66082538684968,55.669777318069535,57.639452298562745,59.58952623761738,61.5397356259172,63.50985089885647,65.51966200685368,67.58897039849963,69.71776409734935,71.82675303854663,73.81682820542922,75.58888229740495,77.08559203701472,78.41676547926329,79.73399420003136,81.18887027444774,82.86685278236489,84.58886779327678,86.1352955606037,87.38886680062438,88.25016905830005,88.58886653595408,88.29722838100639,87.38886680062438,85.92291300863832,84.01923106119273,81.81286835766943,79.43887254230197,77.01075096348373,74.55584909489923,72.07997314148241,69.58893176217863,67.08853797147806,64.58461246727462,62.08298939772543,59.58952623761738
52.6956059078869,54.76372505565904,56.77287462749602,58.742672127277984,60.69282329705193,62.64308198005506,64.61322896801401,66.62306054426097,68.69238211923381,70.82118418693494,72.93017821718053,74.92025637641194,76.69231219314719,78.18902293066233,79.52019701315248,80.83742620091839,82.29230265051496,83.97028546058543,85.69230068120791,87.23872857763939,88.49229989333914,89.35360219170063,89.69229968327016,89.40066151640596,88.49229989333914,87.02634601054606,85.1226638887245,82.9163008599188,80.54230445051249,78.11418181497561,75.65927807140007,73.18339878117085,70.69235145344116,68.19194705441946,65.68800264881689,63.18634597739519,60.69282329705193
53.79835722431412,55.86673476951506,57.87604123698952,59.84593599143113,61.79614846369519,63.74644627373385,65.71661843465989,67.7264662568695,69.79579829557765,71.92460700568833,74.03360507513207,76.02368560939885,77.79574279507901,79.29245432463317,80.6236289152838,81.94085847370641,83.39573522108378,85.07371827097364,86.79573365804357,88.34216165694541,89.59573303271165,90.45703536336552,90.79573286597979,90.50409468965742,89.59573303271165,88.12977907784501,86.22609681762113,84.01973353063853,81.6457366497431,79.2176131754874,76.76270794372834,74.28682600506279,71.79577395604355,69.29536113712598,66.79140172926427,64.28971838735845,61.79614846369519
54.90124916124154,56.96983184345089,58.97926285682934,60.94923480929859,62.89949594017074,64.8498248064944,66.8200169476834,68.82987766451237,70.8992180083695,73.0280319905942,75.13703326596288,77.1271156853006,78.89917395751459,80.39588611571111,81.72706110968929,83.0442909623024,84.49916794602868,86.17715118626334,87.89916670544271,89.44559478567535,90.69916620911643,91.56046856540078,91.89916607678126,91.60752789295196,90.69916620911643,89.23321219704494,87.32952982697103,85.12316633507328,82.74916907995652,80.32104494000883,77.86613852707647,75.39025448634146,72.89919869001909,70.39877918818428,67.89480787289011,65.39310336219108,62.89949594017074
56.004252736936195,58.07299826600939,60.08252814272382,62.05256137168897,64.00286112468133,65.95321464111058,67.92342264093821,69.93329359235324,72.0026405280598,74.13145869478316,76.24046251470321,78.23054643022529,80.00260556482274,81.49931822197343,82.83049353607305,84.14772362218545,85.602600793502,87.2805841848135,89.0025998088482,90.54902795363316,91.80259941491374,92.66390179154104,93.00259930987926,92.71096112009172,91.80259941491374,90.33664535743878,88.43296290017682,86.22659924563776,83.85260169350127,81.42447702519323,78.96956967476213,76.49368396561088,74.00262519504386,71.50220038894795,68.99821962263553,66.49649830999218,64.00286112468133
56.67482453367565,58.807276321246135,60.91266873110736,63.00805782234808,65.1085799224799,67.22570680795398,69.36602185908473,71.53097172116098,73.71799160038003,75.91314069949256,78.0653799385788,80.11799255684349,82.01894873564042,83.75159262877445,85.40429408881533,87.07625840048598,88.84506671655792,90.72973832071168,92.58291574691988,94.2648891022104,95.80254043922415,97.17043262480789,97.8515319323032,97.32409132248063,95.80254043922415,93.65882709754257,91.13784762204219,88.42993740202925,85.69541071809091,83.04450349706299,80.46240599881018,77.91785481535014,75.38895633638288,72.85795298730476,70.30901623505848,67.72867666404197,65.1085799224799
54.211202469566985,56.27948725258479,58.288737397765814,60.258597240448054,62.208787707054526,64.15907147182746,66.12923459656331,68.1390765870742,70.20840486969645,72.33721119543588,74.44620781496297,76.43628749668389,78.20834419096587,79.7050554362088,81.03622984444954,82.3534592698208,83.80833591030644,85.4863188741105,87.20833420143225,88.75476216355122,90.00833351775594,90.8696358368181,91.20833333546773,90.91669516254046,90.00833351775594,88.5423795887609,86.63869737821805,84.43233418391091,82.05833747226177,79.63021429907351,77.17530960151461,74.69942861353523,72.20837825927718,69.70796846278105,67.20401444016743,64.70234067199407,62.208787707054526
52.40602061700396,54.473667135890054,56.48252969464764,58.45214926934011,60.402188281871744,62.352375376853274,64.32247630661652,66.33227815772935,68.40158058710588,70.5303705010592,72.63935714067853,74.62943095423665,76.40148426616932,77.89819355446426,79.2293667071557,80.54659521671825,82.00147112145474,83.67945349271922,85.40146840878691,86.94789611772467,88.20146732351857,89.0627695627935,89.40146703415411,89.1098288845958,88.20146732351857,86.73551357260108,84.83183170401927,82.62546914760897,80.25147360090293,77.82335249999869,75.36845147940156,72.89257703509712,70.4015383460343,67.90114935305017,65.39723239714624,62.89562452416247,60.402188281871744
51.35910680514483,53.45687119226997,55.510189844491265,57.53813008263097,59.55893429528699,61.58903818434399,63.642218033226726,65.72917256488793,67.85793110946915,70.02059088270053,72.15178899439141,74.17415717801813,76.01347221427085,77.63575676462554,79.14318419027902,80.66168017458776,82.30057133949285,84.10269696533251,85.90471091621697,87.53479762340193,88.96692441176558,90.15725891012974,90.725857098012,90.27525335755941,88.96692441176558,87.08221603704482,84.81919902254567,82.33673142619445,79.77314832218653,77.23160663314223,74.7132274171237,72.20346024225447,69.69384220731766,67.17847395757357,64.65261789422448,62.11291978193904,59.55893429528699
49.94767676437191,52.021896567363314,54.03926914113187,56.01954823281021,57.98235785236383,59.94700176956995,61.93227511575839,63.95633960930357,66.03676259200157,68.17194630688402,70.2851460639562,72.28135764086244,74.0662940499002,75.58748082937613,76.95397845583193,78.31296377364072,79.80737611792564,81.51278133312013,83.25279336957894,84.81831745284879,86.11360397880816,87.05527772408513,87.45290496880145,87.12027257326831,86.11360397880816,84.55186371613749,82.57152991239334,80.30959026898611,77.89904065843373,75.44965777905746,72.98304733625855,70.50096771689934,68.0065263101563,65.50337727506962,62.995416965315684,60.486824182284124,57.98235785236383
49.19905559179702,51.26154232637152,53.26726823705468,55.2349420992435,57.18375411918254,59.1331578482242,61.102754695627056,63.11223118711108,65.1813240422339,67.30998091137405,69.41888664500931,71.40891288524486,73.18093877613225,74.67763219916503,76.00879517290117,77.32601625782718,78.78088619769423,80.45886376511199,82.18087534705013,83.72730100338936,84.98087100598198,85.84217259840312,86.18086984852498,85.8892318884243,84.98087100598198,83.51491869878087,81.61123960255553,79.40488221771619,77.03089611544425,74.6027918149163,72.14792060392485,69.67209920947296,67.18115508884124,64.68093474185731,62.17731825315714,59.67624447684824,57.18375411918254
38.39490163993672,40.432681052942414,42.42330388069861,44.38157709220075,46.32444828461183,48.270053994350484,50.23720476225199,52.24510155054185,54.31317650267704,56.44118702330606,58.54969964872595,60.539494718362846,62.31138735683497,63.80800368046394,65.13911718731035,66.45630219014063,67.91114314179639,69.58909736319836,71.31109274164953,72.85750842255906,74.11107257769751,74.97237102646099,75.31106720137981,75.01943016202857,74.11107257769751,72.64512728683212,70.74146166397932,68.53512941231772,66.16118920834295,63.73316655325864,61.27844020461495,58.802876596083564,56.31239196744896,53.81299089737229,51.31083360713248,48.812352176141445,46.32444828461183
39.381168516320464,41.42538484206939,43.41995577295755,45.38069153598393,47.3251209898957,49.2717237330712,51.2395169717016,53.247828815979375,55.31617127399136,57.444351679619984,59.55296763796241,61.542823476614586,63.31475114492416,64.81138773706225,66.14251424830073,67.45970873685224,68.91455730934055,70.59251766830187,72.31451730658893,73.86093561000735,75.11450130242505,75.97580057764787,76.31449703523487,76.02285975382094,75.11450130242505,73.64855416698491,71.74488500202693,69.53854614295747,67.16459387258402,64.73654975361391,62.2817853226354,59.806153948018206,57.31554853668655,54.81593213372801,52.3133913923612,49.814228973844415,47.3251209898957
40.370928354856304,42.420283218034825,44.417999122172404,46.3806939015348,48.32636195850897,50.27375678749265,52.24206025938112,54.2507016581507,56.31925648591218,58.44757174904876,60.556269730137046,62.54617380387691,64.31812927638649,65.81478195604559,67.14591878905917,68.46312080653061,69.91797542773509,71.59594065811282,73.31794367744912,74.86436406236058,76.11793097492033,76.97923090610556,77.31792758804674,77.02629011450722,76.11793097492033,74.65198237543692,72.74831039909867,70.5419662956973,68.16800444812742,65.73994329298273,63.28514863517165,60.809463471864376,58.31876218667554,55.81897484675693,53.316129674056896,50.816426483822426,48.32636195850897
41.363478297388795,43.41693038825685,45.41714965245946,47.38140214023885,49.32805441969285,51.27607839427071,53.24478703016791,55.25369007487831,57.32241349225242,59.45083580427318,61.55959889148936,63.54954125113737,65.32151879248484,66.81818424106643,68.14932926659321,69.46653725983404,70.92139668194389,72.59936577878779,74.32137148167422,75.86779351867182,77.12136139966066,77.98266185148428,78.32135871149575,78.02972108546587,77.12136139966066,75.65541163816326,73.75173743042495,71.5453891645765,69.17141971552441,66.74334503858442,64.2885263891765,61.81279853204897,59.32202114633171,56.82209811655807,54.31901126236848,51.818878690145795,49.32805441969285
42.35825401847539,44.414969979066456,46.417180710829484,48.3826713437218,50.33010552200375,52.278629144055074,54.24765947962014,56.256770242240066,58.32562748920968,60.45413477380464,62.56294953870665,64.55292228696709,66.32491734475951,67.82159292819824,69.15274445619936,70.46995719245047,71.92482042506413,73.60279259073715,75.32480042356471,76.87122377182655,78.12479242145912,78.98609328651415,79.32479028786021,79.03315254079854,78.12479242145912,76.65884173766926,74.75516575886381,72.54881418926749,70.17483870687943,67.74675329757343,65.2919156056798,62.81615386136822,60.32531607122095,57.82528533356384,55.322006622506876,52.821533141670784,50.33010552200375
43.35480349093375,45.41411751965158,47.41791175520781,49.384386235110696,51.33244146163554,53.281361839686994,55.25064758457421,57.259923244131244,59.3288867242797,61.457461456577505,63.5663172399242,65.55631410831452,67.32832306916845,68.82500669674728,70.15616338581128,71.4733798866166,72.92824614364352,74.60622074505591,76.32823026842271,77.8746546574372,79.1282239171434,79.98952511018072,80.32822222370422,80.03658438057946,79.1282239171434,77.66227250132872,75.75859511682394,73.552240925034,71.17826065396164,68.7501667263018,66.2953139201614,63.819525278895895,61.32863954357833,58.828523311329235,56.32509230186227,53.82434817367562,51.33244146163554
44.35276531963062,46.41414620088942,48.419199079870126,50.386455153011475,52.33500359260481,54.28423899305872,56.2537275044356,58.26313406238975,60.332181867780776,62.46081013645933,64.56969847732525,66.55971449029882,68.33173448617742,69.82842449845666,71.15958528388771,72.47680477263711,73.93167343015149,75.60964996481653,77.3316608299676,78.87808604502906,80.13165578895143,80.99295724230863,81.33165444486747,81.04001652549738,80.13165578895143,78.66570379212773,76.76202529191715,74.55566901888623,72.18168494701857,69.75358425829313,67.29871945583113,64.82290946601191,62.33198567523779,59.831801581609255,57.32824967925892,54.82729069527247,52.33500359260481
45.45185100167779,47.514875355881884,49.52092836685851,51.48880524090992,53.43774532476155,55.38723083237754,57.35688030985699,59.36639077429473,61.43550551366042,63.56417627614772,65.67309045866342,67.66312166696954,69.43515042145224,70.93184550131069,72.2630095380485,73.58023139834043,75.03510196112865,76.71308003022057,78.43509196034803,79.98151783104402,81.2350879592893,82.09638961926262,82.43508689248891,82.1434489126028,81.2350879592893,79.76913550131809,77.86545611557032,75.65909819065448,73.28511110208467,70.85700504707043,68.402130723036,65.92630378858932,63.43534979232899,60.93511183439347,58.43146397075739,55.93033442860505,53.43774532476155
46.45183049811525,48.516161179262,50.523008718633626,52.49137860642426,54.440629652490244,56.39031371674902,58.36009097215927,60.369683915013354,62.43885178305081,64.5675562741283,66.67649096763462,68.66653423665228,70.4385699429061,71.93526904492953,73.26643566224261,74.58365940483523,76.03853147984384,77.71651076681323,79.43852354221397,80.98494993328785,82.23852036657058,83.09982219053535,83.43851951985039,83.14688149193267,82.23852036657058,80.77256754258615,78.86888745398642,76.66252821796684,74.2885387350334,71.86042842077558,69.40554653941012,66.92970615583417,64.43872818492788,61.938447473166065,59.43472343962611,56.93345850835223,54.440629652490244
47.45252055975883,49.51788927362478,51.525367886698746,53.494129258633905,55.443627187399755,57.39346887544562,59.3633475602703,61.37300597119213,63.44221600946308,65.57094727171636,67.6798982450963,69.66995108681292,71.44199231073053,72.93869460516393,74.26986327068815,75.58708850726765,77.04196178252869,78.71994203612931,80.44195548242449,81.9883822865228,83.24195296191405,84.1032549160389,84.4419522898717,84.15031422383126,83.24195296191405,81.7759998474246,79.87231920097054,77.6659589243261,75.29196754098143,72.86385384614883,70.40896596649178,67.93311490822805,65.44211790829519,62.941803261729504,60.438018768706684,57.93664636829482,55.443627187399755
48.45377531979417,50.51996867814553,52.527948462358,54.4970206682229,56.44671459318363,58.396681405759196,60.36664060272645,62.37635097877853,64.44559448883264,66.5743469998711,68.68331089477772,70.67337133441723,72.44541693773228,73.94212176599295,75.27329205718797,76.59051847954808,78.0453927074515,79.72337372826865,81.44538770705347,82.99181483896967,84.24538570652263,85.10668776395565,85.44538517312219,85.15374707682375,84.24538570652263,82.7794323614591,80.87575127223553,78.66939016964591,76.29539727794162,73.86728089993818,71.4123882594125,68.93652872857616,66.44551662508229,63.94517504377123,61.44134256188927,58.93988485641131,56.44671459318363
49.45547873712379,51.52232709395393,53.53070483928798,55.50002382527512,57.44987334104373,59.39993947664756,61.369962580909714,63.37971420366006,65.4489842810714,67.57775365758982,69.68672780843389,71.67679427859082,73.44884335785154,74.94555019721844,76.27672177871203,77.59394914222838,79.04882412624545,80.72680575600329,82.44882015742564,83.99524754953119,85.24881856960303,86.11012070903183,86.44881814624277,86.15718002592851,85.24881856960303,83.78286504153269,81.87918360088256,79.67282184273934,77.29882775384786,74.87070924620596,72.41581282696285,69.93994657139882,67.4489224800667,64.94855952020961,62.44468894819937,59.94316353178991,57.44987334104373
50.557538541569244,52.62490707228157,54.63360079386652,56.60311569415471,58.55308872040345,60.50323369607041,62.473307526588215,64.48309188809127,66.55238305252284,68.6811658153756,70.79014810643498,72.78021936304324,74.55227120117372,76.04897963676054,77.38015224236662,78.69738035288012,80.15225593702556,81.83023805010025,83.55225278697041,85.09868038558841,86.35225152671461,87.21355373122351,87.55225119069334,87.2606130513177,86.35225152671461,84.88629785339164,82.98261613381398,80.77625385535724,78.40225881625673,75.97413861831699,73.51923919989537,71.0433676068847,68.5523340007147,66.051954072427,63.548053267414204,61.046474106121636,58.55308872040345
51.55988139202198,53.627662974942055,55.63660755908346,57.606277984879085,59.55634905278613,61.50655660846665,63.47667070233159,65.48648104937267,67.55578895089498,69.68458233861058,71.79357109060875,73.78364614624259,75.55570017409566,77.05240987660554,78.38358329505135,79.7008119984575,81.15568805892552,82.83367055560925,84.55568555872458,86.10211332125166,87.35568455845878,88.2169868146218,88.5556842917585,88.26404613725386,87.35568455845878,85.8897307698487,83.98604882888607,81.77968613745603,79.40569034417362,76.9775688046418,74.52266700576527,72.04679117640356,69.55575001824857,67.05535662194016,64.55143182044333,62.04981000011962,59.55634905278613
52.66244901059248,54.73055855298733,56.739702292271986,58.7094961765289,60.65964506728727,62.60990229566444,64.58004834776071,66.58987932002383,68.6592005059802,70.78800232673201,72.89699620680946,74.88707427774243,76.65913004358333,78.15584075165226,79.48701481525009,80.80424398923584,82.25912042776156,83.9371032289161,85.65911844335042,87.20554633597229,88.4591176494389,89.32041994659981,89.65911743775874,89.36747927124617,88.4591176494389,86.99316376932532,85.08948165264928,82.88311863344204,80.50912224156465,78.08099963720947,75.62609594896125,73.15021675719493,70.65916960499197,68.1587655190023,65.65482167114703,63.15316599126375,60.65964506728727
53.76519509982387,55.833565019283284,57.8428668567192,59.81275874122733,61.76296940451945,63.71326605997345,65.68343747808541,67.69328482090481,69.76261655084718,71.89142506495281,74.00042301520753,75.99050347939163,77.7625606246769,79.25927213085953,80.59044670651534,81.90767625400056,83.36255299259102,85.04053603540429,86.76255141756269,88.3089794134408,89.56255078743462,90.42385311713561,90.76255061942393,90.4709124433807,89.56255078743462,88.09659683469474,86.1929145785548,83.98655129919052,81.6125544322078,79.18443098270104,76.7295257948554,74.25364393434008,71.76259202463706,69.26217945417486,66.75822048900295,64.256537934099,61.76296940451945
54.868082886749875,56.936659515176245,58.94608685322518,60.91605652764446,62.866316222661496,64.8166441725609,66.78683572416577,68.79669606049748,70.86603615928504,72.99484998593967,75.10385116670767,77.09393353042059,78.86599177057309,80.36270391021961,81.69387889229638,83.01110873622852,84.4659857129806,86.14396894759858,87.86598446287965,89.41241254071237,90.66598396274665,91.5272863182747,91.8659838293965,91.57434564578872,90.66598396274665,89.20002995236318,87.29634758553073,85.08998409967961,82.7159868556054,80.28786273530099,77.83295635722271,75.3570723785157,72.86601669276905,70.36559738813449,67.86162642420688,65.35992253816255,62.866316222661496
55.97108316784676,58.039823891255466,60.04935085056566,62.01938227132649,63.96968088463383,65.92003367367792,67.89024120554461,69.90011185495563,71.96945859614908,74.09827663939588,76.20728038423113,78.19736425560373,79.96942336475394,81.46613600718143,82.79731131183493,84.11454139105723,85.56941855683834,87.24740194369187,88.96941756463248,90.51584570751263,91.76941716767665,92.63071954370366,92.96941706183657,92.67777887222482,91.76941716767665,90.30346311154145,88.39978065685223,86.1934170071124,83.81941946374039,81.39129481102322,78.93638748825587,76.46050182833635,73.96944314553352,71.46901849595625,68.96503800852582,66.46331719167812,63.96968088463383
56.62155094756747,58.754471257869156,60.86055994622029,62.95683841258953,65.05839378185236,67.17662690604698,69.31802736011583,71.48393025105918,73.67165081038004,75.86718653091464,78.0196746014887,80.07264275917136,81.9743158532409,83.70821784741429,85.36252690754279,87.03613147516086,88.80628328138272,90.69178765020806,92.54547327080374,94.22795586565798,95.76662410971923,97.13617206164275,97.81828565849686,97.29015517626672,95.76662410971923,93.62036956273695,91.09670228398201,88.38630726763404,85.6498075748148,82.99759622803856,80.4147234586043,77.86974416870481,75.34060689490424,72.80940911019428,70.26018403169887,67.67933297689318,65.05839378185236
54.15085084033224,56.21912040331051,58.22836130717542,60.198215421494524,62.1484022773589,64.09868373753913,66.06884537958305,68.07868641320508,70.14801407951266,72.27682001401394,74.38581639563218,76.37589593746348,78.14795255111461,79.64466374970641,80.97583812801652,82.29306753155609,83.74794415450242,85.42592710418113,87.14794242169916,88.6943703777826,89.94794172844941,90.80924404560957,91.14794154360865,90.85630337123848,89.94794172844941,88.48198780369952,86.57830560130856,84.37194242220805,81.99794573832958,79.56982261454188,77.11491800463698,74.63903717265053,72.14798709647653,69.64757779591264,67.14362465693318,64.64195245965503,62.1484022773589
52.34569255914252,54.413314933017915,56.42216282790045,58.391773311655015,60.34180659340231,62.29199003044229,64.26208860673101,66.27188893893963,68.34119039000271,70.46997968291399,72.57896594488017,74.56903953637877,76.34109272031839,77.83780193455954,79.16897503973912,80.48620351464609,81.94107939154074,83.61906174038262,85.3410766408878,86.88750434024482,88.1410755404226,89.00237777667829,89.34107524700622,89.04943709833222,88.1410755404226,86.67512179624384,84.77143994060235,82.56507740833104,80.19108190570822,77.76296088322232,75.30806000176682,72.83218580508435,70.34114755744821,67.8407593516938,65.33684379842876,62.83523841894977,60.34180659340231
51.30190756565321,53.399909465609625,55.45358823503007,57.48200133663457,59.50337391122022,61.5341101850546,63.58793596330514,65.67547968217836,67.80468524328909,69.96759689101876,72.09895912502643,74.12156460374942,75.9613683764386,77.58454531156482,79.0931822659185,80.61300033659126,82.25304747139,84.05592557562011,85.8584130900847,87.4889857326014,88.92211871194027,90.11420185802088,90.68394518920903,90.23255615634991,88.92211871194027,87.03498324822047,84.76968735857957,82.28533514615785,79.72038632067603,77.1779984406466,74.65913588022927,72.1491078008273,69.63934603992625,67.12386170255468,64.59783502590678,62.057838669556716,59.50337391122022
49.88782873365374,51.96209217973116,53.97953184162412,55.95990074482802,57.92282098317256,59.887591542729936,61.87299829331701,63.897188206892,65.97770882343372,68.11294852302564,70.22618514528708,72.2224505700751,74.00749996808592,75.5289005998239,76.89570474691041,78.2550491856384,79.74979836356043,81.45543539820758,83.19559877284932,84.76128275210628,86.05691611797471,86.99924871625741,87.39735129312811,87.06438892381115,86.05691611797471,84.49437441117416,82.5133863021301,80.25096492138657,77.84009507421615,75.39052470712923,72.92381067466732,70.44167615605532,67.94720480477324,65.44403173610691,62.936036349346,60.42738293978714,57.92282098317256
49.13891795518823,51.201308603578,53.206976046329686,55.174613618310715,57.12340274463777,59.072791853945986,61.04237929238403,63.05184971026712,65.12093865294928,67.24959303824019,69.35849726138204,71.34852261342283,73.12054799235433,74.61724111917829,75.94840390286991,77.2656248491752,78.72049467767575,80.39847215540362,82.1204836750921,83.66690929310838,84.9204792732367,85.78178085358074,86.12047809957198,85.82884014300858,84.9204792732367,83.45452699299042,81.55084794852624,79.3444906602424,76.97050473430181,74.5424007474427,72.08753009300382,69.61170968899596,67.12076733393211,64.6205501354277,62.116939255889875,59.61587544919401,57.12340274463777
38.36010029152504,40.39762458975029,42.38809074734077,44.34626616390236,46.289075443516424,48.23464152703501,50.201766755488734,52.20964704241557,54.27771135846214,56.40571512407499,58.514223640607185,60.50401629380252,62.27590753931929,63.772523056969206,65.10363604669274,66.42082067231999,67.87566132093002,69.55361529826888,71.27561050732533,72.82202608394925,74.07559017795688,74.9368885938557,75.27558475753403,74.98394772780857,74.07559017795688,72.6096449604421,70.70597947844317,68.4996474895286,66.12570776537947,63.69768596381256,61.242961129512736,58.76740021566529,56.27692038978479,53.77752788177287,51.275385837221634,48.776931478262,46.289075443516424
39.34622877978646,41.390241310706955,43.384687387962515,45.345345331636615,47.289725564831556,49.23629682374012,51.20406977817345,53.21236851977673,55.28070253368527,57.40887757697732,59.51749027376613,61.50734419436772,63.27927075704338,64.7759067094579,66.10703281024756,67.42422699940846,68.87907533136666,70.55703549661352,72.27903500045124,73.82545322109783,75.07901886499582,75.94031811413393,76.27901456279932,75.98737728902537,75.07901886499582,73.61307178777426,71.7094027346125,69.50306408408676,67.12911219455518,64.70106875303462,62.24630552403008,59.77067628830568,57.28007468930386,54.78046508326871,52.27793644623969,49.77879552689394,47.289725564831556
40.33587799366765,42.385070272147146,44.3826867603474,46.34531964835729,48.29094858799887,50.23831840713835,52.20660577092163,54.21523676660338,56.28378489086748,58.41209589736226,60.52079128954756,62.51069384085426,64.28264843579358,65.77930060769268,67.1104371149277,68.42763889476987,69.8824933250639,71.56045840168946,73.28246131431283,74.82888163352808,76.08244850757762,76.94374841805933,77.28244509291946,76.99080762544381,76.08244850757762,74.61649995430244,72.71282806669714,70.50648412881786,68.13252258352486,65.70446196608003,63.24966826230053,60.773984796709655,58.283286537609314,55.7835045931736,53.28066903010456,50.780982911392755,48.29094858799887
41.32833963345033,43.38166215252447,45.381802308056365,47.34600559298202,49.292626792914646,51.24063090407006,53.209326749579915,55.21822153515561,57.286939631073054,59.4153585642469,61.524119596519526,63.514060747764034,65.28603759256586,66.7827026381311,68.11384740508402,69.4310552097167,70.88591448029976,72.56388345510996,74.28588907329797,75.83231105815236,77.08587890857558,77.94717934396678,78.285876198358,77.99423857714103,77.08587890857558,75.61992918375373,73.716255046443,71.50990691197,69.13593770283683,66.70786345267436,64.25304556049707,61.77731905089587,59.28654406713801,56.78662532024164,54.28354609474107,51.7834270769977,49.292626792914646
42.32304495125109,44.379657736007005,46.38180555135841,48.347257081629216,50.29466657184485,52.24317442002993,54.21219460046936,56.22129880642427,58.290151829191885,60.41865643177499,62.52746956558536,64.51744135470538,66.28943585963805,67.78611112319808,69.11726244596699,70.43447503251856,71.88933814486475,73.56731021367915,75.28931797928139,76.83574128615703,78.08930991152965,78.95061076354226,79.2893077604275,78.99767001718585,78.08930991152965,76.62335925684923,74.71968333394227,72.51333186861905,70.13935657665576,67.71127150608639,65.25643441521673,62.780673740467705,60.28983785685226,57.789810518819294,55.2865378636145,52.78607514400284,50.29466657184485
43.31953834344337,45.378770269699714,47.38251448772215,49.348957900116815,51.29699351894962,53.24590137206957,55.215179054692655,57.224449509348204,59.29340963639305,61.42198223983847,63.53083672853532,65.52083283563653,67.29284135767837,68.78952473136655,70.12068125753636,71.43789763952441,72.89276380109457,74.57073832562996,76.29274779563988,77.83917215180611,79.09274139225714,79.95404257494266,80.2927396849256,80.00110184483282,79.09274139225714,77.62678999954662,75.7231126594086,73.51675855038047,71.142778430449,68.71468477164653,66.25983244254523,63.78404465021109,61.293160428168946,58.79304689439371,56.28962069206325,53.78888510697374,51.29699351894962
44.31745553387553,46.37877111650242,48.3837842455616,50.35101564038436,52.29954850929623,54.24877396542426,56.21825607643207,58.22765850270309,60.29670364651207,62.425330225432276,64.53421753870147,66.5242329474276,68.2962525950164,69.79294240578074,71.12410306192177,72.44132245636541,73.89619103811546,75.57416751176306,77.2961783345647,78.84260352355442,80.09617325219395,80.95747469733493,81.29617189708361,81.00453398011999,80.09617325219395,78.63022127370806,76.72654280871144,74.52018660136874,72.14620264946205,69.71810217413008,67.26323775029809,64.78742843428813,62.29650584463934,59.79632389291089,57.29277580636753,54.791823604243916,52.29954850929623
45.416505705986545,47.479478148065,49.48549957733703,51.453356851567534,53.402284571888856,55.35176218462024,57.321406581275326,59.33091376604739,61.40002639277418,63.528695814044596,65.63760918093573,67.62763990964288,69.39966838768498,70.89636330759987,72.22752724171961,73.54474902716072,74.99961952981458,76.67759755047686,78.39960944699149,79.94603529699434,81.19960541310961,82.06090706656171,82.39960433755758,82.10796635958147,81.19960541310961,79.73365296969314,77.82997361189472,75.6236157391157,73.24962874575928,70.82152286011632,68.3666488366031,65.89082243696674,63.39986939406408,60.89963313623136,58.39598830144283,55.894864142816076,53.402284571888856
46.41645696728743,48.48074639235967,50.48756884502099,52.455923168462306,54.40516439839068,56.354842195172196,58.32461541739511,60.334205756958454,62.40337194810522,64.53207537462359,66.6410094207554,68.63105230911037,70.4030877959514,71.89978677102684,73.23095330689159,74.54817699007491,76.00304901735477,77.68102826588544,79.40304101460762,80.94946738925734,82.20303781291247,83.0643396317013,83.4030369592461,83.11139893284437,82.20303781291247,80.73708500048015,78.83340493406386,76.62704573942537,74.25305633206295,71.82494615223573,69.37006450939562,66.89422455030366,64.40324733609287,61.902967973751146,59.39924634436002,56.89798568647049,54.40516439839068
47.41712458655663,49.482460521759265,51.489919210699014,53.458668224183185,55.40815835986052,57.357995072585226,59.3278705559303,61.33752690048129,63.40673560774772,65.5354660250381,67.64441648458845,69.63446902416992,71.40651007393836,72.90321226761264,74.23438086849109,75.55160605791728,77.00647929529592,78.68445951838768,80.40647294350808,81.95289973457051,83.2064704023203,84.06777235233704,84.40646972476475,84.11483165992757,83.2064704023203,81.74051729699977,79.83683666815274,77.63047642435254,75.25648510098873,72.82837151285406,70.37348382251565,67.89763310116808,65.4066367018343,62.90632312633406,60.40254054158052,57.90117153325677,55.40815835986052
48.418361513786735,50.484528834439175,52.492492796785825,54.46155519057834,56.411242928890815,58.36120579203393,60.331162447772996,62.34087118365879,64.41011363725895,66.5388654776362,68.64782896471085,70.63788916454368,72.40993462963576,73.9066393779236,75.23780961780908,76.55503600274352,78.00991020057961,79.68789119718187,81.40990515916022,82.95633228072984,84.20990314221777,85.0712051963902,85.4099026044415,85.11826450909807,84.20990314221777,82.74394980443162,80.84026872918275,78.63390765266162,76.25991480856426,73.83179851524721,71.37690602498445,68.90104676156054,66.41003513476844,63.909694403581454,61.40586343635373,58.90440842336736,56.411242928890815
49.42005076441366,51.48687844170263,53.49524362412613,55.46455482027258,57.414399424895095,59.364462425506275,61.33448351266064,63.34423383355552,65.41350307243681,67.54227191664243,69.65124574378683,71.64131202360787,73.41336099316052,74.91006776905274,76.24123930982188,77.55846664363341,79.01334160378602,80.69132321432443,82.4133376024075,83.95976498630094,85.21333600155897,86.07463813839983,86.41333557472564,86.12169745516935,85.21333600155897,83.7473824792647,81.84370104970631,79.63733931225366,77.26334526114786,74.83522682072172,72.38033052074275,69.90446447742528,67.41344076445537,64.91307847935411,62.40920910956348,59.907685830305354,57.414399424895095
50.522099316669,52.58945142556598,54.59813517275563,56.56764388898678,58.51761301675212,60.46775550396836,62.43782773342245,64.44761106160773,66.51690156048366,68.64568390083404,70.75466593497082,72.74473704050864,74.51678879156347,76.01349717677031,77.3446697500533,78.66189783699002,80.11677340219424,81.79475550001445,83.51677022629718,85.06319781839724,86.31676895570274,87.17807115815759,87.51676861692486,87.22513047815085,86.31676895570274,84.85081528696423,82.94713357619008,80.74077131415548,78.36677630504555,75.93865616045504,73.48375683669366,71.00788541214393,68.5168521062826,66.01647271355647,63.51257286276979,61.01099539781056,58.51761301675212
51.52443323116337,53.59220177475137,55.601138440189075,57.57080395690369,59.52087193026473,61.47107751073122,63.44119033377798,65.45099986065254,67.52030723391421,69.64910028628606,71.75808883436332,73.74816377009202,75.52021772883292,77.01692739135612,78.34810078414704,79.66532946884028,81.1202055142746,82.79818799885085,84.52020299356295,86.06663075091674,87.32020198509136,88.18150423962406,88.52020171620316,88.22856356217599,87.32020198509136,85.85424820011995,83.95056626614465,81.74420358774888,79.37020781827,76.94208632108159,74.48718459733709,72.01130890168342,69.52026798188506,67.01987501065685,64.51595096654475,62.014330492649094,59.52087193026473
52.626993754050574,54.69509294376202,56.704230396693845,58.67402038411173,60.62416681852717,62.574422479094366,64.54456752250819,66.55439784379104,68.62371861046117,70.75252016504831,72.8615138832728,74.8515918590367,76.62364757002315,78.12035824635457,79.45153228959012,80.76876144872341,82.22363787531685,83.90162066686167,85.62363587462636,87.17006376314217,88.42363507420185,89.28493737006882,89.62363486078516,89.33199669465156,88.42363507420185,86.95768119697635,85.05399908584616,82.8476360769842,80.4736397039997,78.04551713325252,75.59061350463672,73.11473441899483,70.62368745597664,68.1232837073763,65.61934046066712,63.11768584947433,60.62416681852717
53.72973420941196,55.798095909824355,57.8073927569762,59.77728154824685,61.72749026181219,63.67778567284324,65.64795629034234,67.65780311646975,69.72713451362097,71.85594281647016,73.96494063826165,75.9550210269098,77.72707812865698,79.2237896096495,80.55496416914372,81.87219370484056,83.32707043396036,85.00505346914639,86.7270688460111,88.27349683863022,89.52706821071371,90.38837053938764,90.72706804132473,90.43542986558228,89.52706821071371,88.06111426026604,86.15743200852788,83.95106873737464,81.57707188538723,79.14894846255518,76.69404332203989,74.21816154575575,71.72710978620933,69.22669748353515,66.72273899549916,64.2210572888342,61.72749026181219
54.832617523457714,56.90118762708818,58.91061100384039,60.88057822295741,62.83083637039584,64.78116333256374,66.7513542487085,68.7612141749361,70.83055400958494,72.95936766856437,75.06836874737068,77.05845105113059,78.83050925672686,80.32722137637995,81.65839634562926,82.97562618020493,84.43050314944014,86.10848637800439,87.83050188908382,89.37692996432989,90.63050138484795,91.49180373956082,91.83050125040383,91.53886306703481,90.63050138484795,89.16454737628382,87.26086501294502,85.05450153361105,82.68050430143862,80.25238020230591,77.79747386179383,75.32158994994128,72.83053438337436,70.33011529128447,67.82614470606362,65.3244414932789,62.83083637039584
56.73088871643915,58.85917998189612,60.95838117578329,63.0458477550996,65.13714531264577,67.24437201015087,69.37494889736811,71.53132819309441,73.71203486346852,75.90369608903362,78.05368886832868,80.10308942244282,81.99756070956471,83.71879833289503,85.35687630963389,87.01386355184296,88.77036171842889,90.64738338241779,92.49588508346076,94.17316749253102,95.70143457934546,97.05399873007514,97.72567870113866,97.20464714626218,95.70143457934546,93.58113009378984,91.08475857588262,88.39946089475175,85.68279666431653,83.043651590898,80.46852966785005,77.92782508325942,75.40107056687509,72.87181204342701,70.32546123853031,67.74970486856084,65.13714531264577
55.69846496940487,57.76713307711127,59.776615952529895,61.74662004989811,63.696901441572095,65.64724323915462,67.61744369968388,69.62730978551882,71.69665358742608,73.82546976481845,75.93447237504688,77.92455557927612,79.69661430389259,81.19332672383823,82.5245018857507,83.84173186085653,85.29660894299185,86.97459226248074,88.69660783666677,90.24303595076326,91.49660739405479,92.35790976101097,92.69660727604145,92.40496908908646,91.49660739405479,90.03065335816484,88.12697094235244,85.92060736513376,83.54660995420177,81.11848553707858,78.66357863233857,76.18769371635995,73.69663635976275,71.19621407533857,68.69223780209057,66.19052447719379,63.696901441572095
54.09268938999139,56.16094408372463,58.170175959218824,60.140024477153005,62.09020780545721,64.04048701413346,66.01064720763955,68.0204873064143,70.08981437060359,72.21861992287853,74.32761607206788,76.31769547723178,78.08975201210927,79.58646316512454,80.91763751419337,82.23486689640413,83.68974350221522,85.36772643809391,87.089741746034,88.63616969622097,89.88974104343134,90.75104335873327,91.08974085609681,90.79810268427093,89.88974104343134,88.42378712282878,86.52010492840196,84.3137417641578,81.9397451074104,79.51162203188534,77.05671750761546,74.58083682802881,72.0897870235335,69.58937820747842,67.0854259317792,64.58375526921074,62.09020780545721
52.52005655113021,54.60819386859916,56.64687410970231,58.655515820000076,60.65300715587327,62.65702054686358,64.68338432141084,66.74572970336729,68.8557215560584,71.00777042508301,73.13204012546618,75.1443708659171,76.9629375156046,78.54707381167995,80.00224201503389,81.46286993667442,83.05050964512662,84.81893774457282,86.59960668530198,88.20767870728125,89.59385547595997,90.70313280474012,91.21779898240894,90.80425318722678,89.59385547595997,87.8191508974663,85.65688992097034,83.25597778578712,80.75053110672734,78.24461466782269,75.74645113949961,73.24755628195946,70.7439156575953,68.23336922627354,65.7145898258797,63.1872339243011,60.65300715587327
50.88343448373696,52.94999294996077,54.95819457672515,56.927404354145466,58.877185017487136,60.827207201139345,62.797202025747154,64.80693539652019,66.87619371772531,69.00495563119401,71.11392524374814,73.10398904538181,74.87603658652637,76.37274253597315,77.70391354650616,79.02114049355842,80.47601514299328,82.1539965032933,83.87601071769748,85.4224379946686,86.67600894725047,87.53731105039593,87.87600847519715,87.58437036550994,86.67600894725047,85.2100555001611,83.30637421501808,81.10001274695895,78.7260191878259,76.29790162255472,73.84300687540477,71.36714359555381,68.87612480888401,66.37577130913212,63.87191759224359,61.37042213855135,58.877185017487136
49.83013846483552,51.904442872537885,53.92194549905892,55.90239869067206,57.86542274046846,59.83031214267575,61.81584407423151,63.84015166978833,65.92076389189224,68.05605611768596,70.16932732703863,72.16564327113596,73.95079866983231,75.47239991259127,76.83949156787116,78.19917280244175,79.6942378253906,81.40009220689859,83.14039745948617,84.70623132913366,86.00218979442909,86.9451398092545,87.34368771112587,87.01041620889836,86.00218979442909,84.43889680312276,82.45729514028272,80.194421911306,77.78325164265354,75.33350536902014,72.86669413934223,70.38450810745083,67.89000865796092,65.38681303731447,62.87878473550671,60.370074434902165,57.86542274046846
49.0809655544229,51.14326233865729,53.14887266356136,55.116474782547726,57.06524154311589,59.01461636965276,60.98419461593774,62.993659100153565,65.06274422052768,67.19139617918732,69.3002989266302,71.29032341093546,73.06234828970359,74.55904112714158,75.89020372516622,77.20742453604372,78.66229425574298,80.34027164584693,82.06228310471955,83.60870868529561,84.86227864347704,85.72358021202221,86.06227745397796,85.77063950087035,84.86227864347704,83.39632638956475,81.49264739566945,79.28629020171701,76.91230444804629,74.48420076763094,72.02933065692493,69.55351122054668,67.06257059038063,64.56235646782672,62.058751068226414,59.557697001427485,57.06524154311589
38.326940896387654,40.36422019291997,42.35453587697317,44.31261736119117,46.255367171228045,48.20089519139498,50.16799588732252,52.17586032332082,54.243914422459056,56.37191169925312,58.4804162688083,60.47020660077858,62.24209650822628,63.738711251654564,65.06982374463092,66.38700800791759,67.84184836542241,69.5198021083146,71.24179715465073,72.78821263109806,74.04177666638348,74.90307505071254,75.24177120359329,74.95013418311433,74.04177666638348,72.5758315193292,70.67216617263429,68.46583443611416,66.09189517288473,63.663874191205,61.20915081158016,58.73359248623703,56.24311727385813,53.743732990498046,51.24160559075625,48.74317723658817,46.255367171228045
39.312936485916296,41.356753290745885,43.35107944873571,45.311662645153376,47.25599559937547,49.20253661551202,51.17029008537177,53.17857624072636,55.246902143305945,57.375072035570184,59.48368159932441,61.47353367745254,63.24545917805901,64.7420945159564,66.0732202224697,67.39041412403645,68.84526222494185,70.52322220410686,72.24522157879272,73.79163971992881,75.04520531721886,75.90650454129998,76.2452009813953,75.95356371496035,75.04520531721886,73.57925829592199,71.67558935015148,69.46925089995258,67.09529937625707,64.66725658549333,62.21249451110231,59.736867329992066,57.2462693930982,54.74666631614329,52.24414930641255,49.745029038785475,47.25599559937547
40.302479457278665,42.35151558184125,44.34903658069862,46.311610019691386,48.2572013847785,50.20454718010826,52.17281907071853,54.18144007331054,56.2499817582452,58.3782886758316,60.48698158112606,62.47688266998762,64.2488364219349,65.7454881060807,67.07662430037342,68.39382585194932,69.84868009885503,71.52664502778649,73.2486478379015,74.79506809400905,76.04863493106579,76.90993482165973,77.24863148971778,76.95699402806707,76.04863493106579,74.58268642217814,72.6790146198096,70.47267084093063,68.09870958600436,65.67064948507307,63.21585669773438,60.74017486296549,58.24947951071482,55.74970274915064,53.24687641700962,50.7472066969553,48.2572013847785
41.294856288409875,43.3480543566653,45.34811852650411,47.31227454959121,49.25886589552498,51.20685092628966,53.17553448552877,55.18442133745515,57.25313432161434,59.381550009082446,61.4903090673827,63.48024905783774,65.25222523353924,66.74888989196768,68.080034410535,69.39724203399095,70.85210115901762,72.53007001660235,74.25207555342922,75.79849748819487,77.05206530925682,77.91336572886308,78.25206257785547,77.96042496126177,77.05206530925682,75.58611561966543,73.68244155000735,71.47609354173348,69.10212456306603,66.6740507228654,64.21923355808244,61.743508342911895,59.25273566646875,56.752821033684654,54.24974913624813,51.74964313877828,49.25886589552498
42.289493986327585,44.34600767043552,46.34809505215047,48.31350902198244,50.260894797472034,52.20938749354562,54.178397919084546,56.18749582675635,58.256344791777394,60.38484681802977,62.49365838501802,64.48362925278984,66.25562322664643,67.75229818293155,69.08344930855472,70.40066175130517,71.85552474812255,73.5334967238947,75.25550442492039,76.80192769204052,78.05549629410903,78.91679713359309,79.25549412619333,78.96385638662113,78.05549629410903,76.58954566739109,74.68586979818016,72.47951843302155,70.10554332398002,67.67745857880055,65.22262206527344,62.74686241794396,60.25602836573776,57.756004293370495,55.25273745538131,52.752285072898616,50.260894797472034
43.28593351385648,45.34508657887163,47.34878275250716,49.31519632243281,51.26321310651931,53.21210892836001,55.181378866445584,57.1906443213052,59.259601227373366,61.38817178584996,63.49702503090933,65.48702040671773,67.25902850723745,68.75571163703867,70.08686800673257,71.4040842745849,72.85895034445943,74.53692479514689,76.25893421390228,77.80535853851448,79.05892776046903,79.92022893321064,80.25892603979256,79.96728820261222,79.05892776046903,77.59297638995238,75.68929909243298,73.48294506290574,71.10896508815998,68.68087168762153,66.22601981676318,63.75023283991089,61.25935007151742,58.75923912988712,56.25581754526806,53.755090166610415,51.26321310651931
44.28380782860468,46.34506068941663,48.350035636261794,50.31724332571585,52.26576123768902,54.21497714140733,56.1844531042685,58.19385156166619,60.26289414876939,62.39151910451251,64.50040543067452,66.49042025896166,68.26243957198383,69.75912918917331,71.09028972111852,72.4075090249722,73.86237753394309,75.54035394897744,77.26236473109824,78.8087898950435,80.06235960900236,80.92366104625083,81.2623582433001,80.97072032864813,80.06235960900236,78.59640764813176,76.69272921696162,74.48637307271893,72.1123892360466,69.68428896570009,67.22942490557946,64.75361623682946,62.26269480097906,59.762514906753566,57.258970485658324,54.758024798148,52.26576123768902
45.38282389230326,47.445746470165574,49.45173756304502,51.41957601008626,53.368491854166194,55.31796188314259,57.28760139918933,59.29710543352893,61.36621603086162,63.49488416376238,65.60379674716624,67.59382701517141,69.3658552276651,70.86254999393844,72.19371382948341,73.51093554302298,74.96580598791184,76.64378396205265,78.36579582627886,79.91222165640386,81.16579176086705,82.02709340805487,82.3657906769082,82.07415270076689,81.16579176086705,79.69983933143186,77.79616000048156,75.58980217778517,73.21581527589052,70.78770955294539,68.33283581811241,65.85700993221393,63.366057805104745,60.86582318038637,58.36218125509791,55.86106226785658,53.368491854166194
46.382748032475675,48.446997828596785,50.45379618359695,52.42213555617971,54.37136735683336,56.321039133122724,58.2908084810868,60.3003963199388,62.36956090026908,64.49826330417434,66.60719672843939,68.59723925113039,70.36927452720384,71.86597338033323,73.19713983795882,74.51436346407364,75.96923544550529,77.64721465711182,79.36922738020664,80.91565373907929,82.16922415348617,83.03052596730305,83.3692232931473,83.07758526820182,82.16922415348617,80.7032713521508,78.7995913070439,76.59323215215605,74.21924281738706,71.79113276669364,69.33625135298065,66.86041180164733,64.36943531431685,61.86915724822494,59.36543792825168,56.86418137535563,54.37136735683336
47.383394094580495,49.44869854363867,51.45613809385929,53.42487523597967,55.37435788568567,57.32418981914742,59.29406222716521,61.30371658676708,63.3729240154739,65.50165362109462,67.61060358706112,69.60065583641205,71.37269671889308,72.86939881577828,74.20056735455807,75.51779249868889,76.97266569967769,78.65064589346272,80.37265929824261,81.9190860767828,83.17265673719226,84.03395868326274,84.37265605434075,84.08101799065938,83.17265673719226,81.7067036406794,79.8030230287456,77.59666281649555,75.22267155074928,72.79455806510848,70.33967055662933,67.86382015892289,65.37282433652356,62.87251178988652,60.36873103821122,57.86736528831412,55.37435788568567
48.38461389224123,50.45075620174252,52.45870496586383,54.42775793428564,56.37743972974923,58.3273987990878,60.29735301373259,62.30706017407928,64.37630161285213,66.50505280899348,68.61401590430545,70.60407587378032,72.3761212060956,73.87282587756164,75.20399606815926,76.52122241714267,77.97609658609613,79.65407755943755,81.37609150527166,82.92251861690234,84.17608947256423,85.03739152360451,85.37608893058459,85.08445083615851,84.17608947256423,82.71013614176874,80.80645507994396,78.60009402846418,76.22610123009795,73.79798501813053,71.34309267221013,68.86723366566218,66.37622249678904,63.875882582229636,61.37205306997508,58.87060064338711,56.37743972974923
49.38628953473042,51.45309734767526,53.4614504623334,55.43075417562774,57.38059406263318,59.33065405178405,61.300673201311184,63.31042227164696,65.37969070503794,67.50845903790486,69.61743255410386,71.60749865108853,73.37954751525575,74.87625423017431,76.20742573182356,77.52465303710068,78.9795279743291,80.6575095664054,82.37952394167473,83.92595131767965,85.17952232831355,86.04082446266841,86.37952189814396,86.08788377931577,85.17952232831355,83.71356881156774,81.80988739266405,79.60352567508679,77.22953166027784,74.80141328441908,72.34651709900507,69.87065125957133,67.37962791005558,64.87926627312359,62.37539805818244,59.87387683186569,57.38059406263318
50.48832727838517,52.55566361275737,54.564337778650426,56.533840554521404,58.483805937423426,60.43394603424312,62.40401672571993,64.4137990613025,66.48308892084691,68.61187085534219,70.72085264267947,72.71092360309925,74.48297527050937,75.97968360732126,77.31085614955474,78.62808421384369,80.08295976085293,81.76094184401973,83.48295656013222,85.02938414597114,86.28295527960643,87.14425748008816,87.48295493818057,87.19131679998446,86.28295527960643,84.81700161527175,82.91331991295425,80.70695766669475,78.33296268639367,75.90484259305038,73.44994336021952,70.97407209749318,68.48303908010786,65.98266020184127,63.47876126768226,60.97718543221649,58.483805937423426
51.49065260915992,53.55840862733977,55.56733768614053,57.53699848722157,59.48706348797505,61.437267171057215,63.40737877335924,65.4171875123835,67.48649437819897,69.61528710844006,71.72427546063122,73.71435028117922,75.48640417353107,76.98311379764311,78.31428716578999,79.63151583250766,81.08639186350062,82.76437433644644,84.4863893230864,86.03281707547072,87.2863883067323,88.14769055969893,88.48638803574241,88.19474988217394,87.2863883067323,85.82043452525623,83.91675259799301,81.71038993211793,79.33639418550467,76.90827272899125,74.45337107741848,71.97749551020453,69.48645481937122,66.9860622564744,64.48213893990467,61.98051975938469,59.48706348797505
52.59320631603771,54.661295561074,56.67042697538092,58.64021321951493,60.5903572943764,62.54061144890973,64.51075552338543,66.52058521933787,68.58990558324234,70.71870688215206,72.82770044490087,74.81777832924548,76.58983398753882,78.08654463338326,79.41771865705876,80.73494780192479,82.18982421705616,83.86780699936989,85.5898222007277,87.13625008529924,88.38982139404686,89.25112368867082,89.58982117896201,89.29818301319251,88.38982139404686,86.92386751959559,85.02018541379275,82.8138224148685,80.43982606003247,78.01170352156907,75.55679995023613,73.08092096653722,70.58987418524957,68.08947076074496,65.5855280914957,63.083874506884754,60.5903572943764
53.69594135957058,55.76429516483944,57.773587218354464,59.7434730382744,61.693679878938426,63.643974094579846,65.6141439430119,67.62399027280588,69.69332135027842,71.822129450195,73.93112714858484,75.9212074646733,77.69326452459785,79.18997598139279,80.5211505253622,81.83838004973512,83.29325676975743,84.97123979761676,86.6932551693963,88.2396831588849,89.49325452913325,90.35455685682065,90.6932543584203,90.4016161829668,89.49325452913325,88.02730058088753,86.12361833337769,83.91725507011202,81.54325823252904,79.11513483532067,76.66022974027086,74.18434804489911,71.69329642959292,69.19288438415546,66.68892635445546,64.18724546260728,61.693679878938426
54.79882037701097,56.867384212970194,58.87680378452072,60.84676864508337,62.797025305922105,64.74735131927731,66.71754162500028,68.72740115728257,70.79674073820016,72.92555423611103,75.03455521697308,77.02463746314221,78.79669563554378,80.29340773599124,81.62458269291847,82.94181251850634,84.39668948052088,86.07467270326991,87.79668821031328,89.34311628307462,90.59668770213612,91.457990056066,91.79668756664117,91.5050493835015,90.59668770213612,89.13073369531969,87.22705133533691,85.02068786226329,82.64669064152369,80.21856656272853,77.76366025830245,75.2877764106702,72.7967209585872,70.29630207066738,67.79233184923169,65.29062928317893,62.797025305922105
56.69917414649689,58.827605805368364,60.92701615749888,63.01475080407906,65.10636108047136,67.21392411637444,69.34483256090442,71.50150425521815,73.68242666756953,75.87420721457963,78.02427689511089,80.07378747196769,81.96848112552857,83.69011064779517,85.32869251722207,86.98619753674839,88.7431225742469,90.62041009918613,92.4690745199945,94.14652034854106,95.67511486818356,97.0282153113706,97.70022575043177,97.17896926508749,95.67511486818356,93.55399487796744,91.05677064398527,88.37069349411733,85.65341629798132,83.01386892362234,80.43850891148432,77.89767319338262,75.37084563634272,72.84152769576406,70.29508887313858,67.71917662936349,65.10636108047136
55.63736348580714,57.70602161533496,59.71549843306012,61.68549877580783,63.635777800972036,65.58611808815792,67.55631757697388,69.56618303570052,71.63552643370245,73.76434235469618,75.8733448090112,77.86342792156405,79.63548659333935,81.13219898271234,82.46337412500985,83.78060408580838,85.2354811564494,86.91346446668132,88.63548003444248,90.18190814458362,91.43547958555659,92.29678195126627,92.63547946587042,92.34384127928055,91.43547958555659,89.96952555244867,88.0658431419786,85.85947957472553,83.48548218199295,81.05735779724421,78.60245094994796,76.12656613619897,73.63550896184395,71.13508700243014,68.63111130827858,66.12939901289467,63.635777800972036
54.03160336316391,56.09984222402106,58.109064485988384,60.078907044798186,62.02908661688913,63.97936342811772,65.94952207918966,67.9593611825184,70.02868760555867,72.15749275083027,74.26648865252406,76.25656791216137,78.0286243631589,79.52533546764317,80.8565097855753,82.17373914507465,83.62861573263967,85.30659865382378,87.02861395156506,88.57504189547333,89.82861323900322,90.6899155523265,91.02861304901327,90.73697487776691,89.82861323900322,88.36265932281688,86.45897713687043,84.25261398844566,81.878617360588,79.45049433645416,76.99558990337037,74.51970938606254,72.0286598708569,69.52825157071784,67.02430021425864,64.52263118588239,62.02908661688913
52.46105432202215,54.54935486157058,56.58828397208396,58.59725504161764,60.59514617106606,62.59960949741718,64.62643849645025,66.68921330643963,68.79953424719453,70.95176980561988,73.0761616472619,75.0886696781053,76.90760408296379,78.49242105830103,79.94853130579875,81.41021544722386,82.99880221391436,84.76785900216767,86.54892865649157,88.15741599326518,89.54446630833978,90.65530687296794,91.17102912539124,90.75675629546265,89.54446630833978,87.76768550218337,85.60356759720051,83.20118306584706,80.69470325078075,78.18816040002193,75.68964365056974,73.1905594921109,70.68681499161158,68.17618486848141,65.65728280439578,63.129713437935465,60.59514617106606
50.82241185968645,52.888930496676736,54.89710792432754,56.86630269566838,58.81607389794749,60.76609004204053,62.73608098062613,64.74581184330548,66.81506854902634,68.94382943695419,71.05279842587467,73.04286186081018,74.81490919059263,76.31161501774996,77.64278594982369,78.96001283964696,80.41488744310476,82.09286876637691,83.81488295508174,85.3613102162315,86.61488115953912,87.4761832576987,87.8148806807946,87.52324257256772,86.61488115953912,85.14892772357786,83.2452464598041,81.03888503160725,78.66489154527164,76.23677410949753,73.78187959212033,71.30601672118041,68.81499866345614,66.31464646367158,63.810795062934076,61.309303726551306,58.81607389794749
49.769568539879465,51.843917712230436,53.86148914751759,55.84203444760254,57.80517193507009,59.77019119299206,61.75585989790744,63.78029606587005,65.86100836577262,67.99635797371661,70.10966696687899,72.10603809841095,73.89130928818642,75.41312965453777,76.78053531261313,78.14058432430278,79.63599419211741,81.34208584608265,83.08254597008997,84.64854344590304,85.94485671838613,86.88848041672018,87.28751410305563,86.95390539307706,85.94485671838613,84.38074370564036,82.39847213326289,80.13510542657542,77.72360699868648,75.2736685551003,72.80675113486998,70.32450882132974,67.82997867210929,65.32675841116671,62.81869414589434,60.309921683951046,57.80517193507009
49.02010211319693,51.08229895827875,53.08784846641909,55.0554128356663,57.00415578123162,58.95351539937761,60.92308385774162,62.93254202369074,65.00162307399877,67.13027244873162,69.23917362481845,71.22919718513967,73.00122153132261,74.49791406061591,75.82907646093808,77.14629712760903,78.60116673145416,80.2791440282541,82.00115542236865,83.54758096307746,84.80115089788936,85.6624524538708,86.00114969152948,85.70951174210167,84.80115089788936,83.3351986720181,81.43151973196973,79.22516263846359,76.85117706822966,74.42307371412267,71.96820418239567,69.49238577637097,67.00144698291324,64.50123613569387,61.997636571230544,59.4965928756131,57.00415578123162
38.29347263721053,40.33050273162924,42.32066534830062,44.27865127555684,46.22134058529781,48.166829881527036,50.13390561880574,52.141753928398344,54.20979763300319,56.337788308142095,58.446288862075164,60.43607683244663,62.20796537855068,63.70457933429,65.03569132187828,66.3528752165214,67.80771527785713,69.48566878222437,71.20766366300955,72.75407903753768,74.00764301307939,74.86894136528952,75.20763750718486,74.91600049611324,74.00764301307939,72.54169793771132,70.6380327286741,68.43170124893895,66.05776245464708,63.62974230711643,61.175020407469916,58.69946471565433,56.20899419701428,53.709618281322804,51.20750578096688,48.70910388339203,46.22134058529781
39.279333053049164,41.32295076615971,43.31715493385745,45.27766208868286,47.22194694387845,49.16845719212823,51.13619083886867,53.14446418919229,55.212781839406944,57.340946491063534,59.44955286729149,61.43940307089858,63.211327490961665,64.70796220365247,66.03908750903094,67.35628111800078,68.81112898383407,70.48908877368028,72.21108801696761,73.75750607721005,75.01107162708138,75.87237082566963,76.21106725704581,75.91942999807749,75.01107162708138,73.54512466268204,71.64145582617095,69.4351175797837,67.06116642828812,64.63312429960122,62.17836339990792,59.70273830914974,57.212144098057536,54.712547663725076,52.21004248344407,49.71094322642759,47.22194694387845
40.2687679572344,42.31764523634068,44.315069094280716,46.27758205385558,48.223135192265474,50.170456546492126,52.13871269501611,54.14732353078507,56.215858664415364,58.34416142198026,60.452851797128716,62.44275139810706,64.21470429239868,65.7113554803067,67.04249135621342,68.35969267555227,69.8145467358795,71.49251151454763,73.21451422037114,74.7609344122732,76.01450121169361,76.87580108205381,77.21449774319146,76.92286028746705,76.01450121169361,74.54855274796564,72.64488103231663,70.43853741520383,68.06457645569535,65.63651688026252,63.181725025306065,60.706044849726254,58.21535245488488,55.71558096632944,53.212764025623386,50.71311098926638,48.223135192265474
41.26105851934338,43.314129987634715,45.31411685598256,47.27822479745038,49.224785771008435,51.172751389854994,53.14142244925473,55.15030122958562,57.21900901309016,59.34742139840141,61.456178448394496,63.446117257868664,65.21809275283088,66.71475701738822,68.0459012832492,69.36310872237675,70.81796769931502,72.49593643763507,74.21794189168544,75.76436377549106,77.01793156668097,77.87923197022769,78.21792881372735,77.92629120183734,77.01793156668097,75.55198191293292,73.64830791210431,71.44196003222487,69.06799128803226,66.63991786492488,64.18510144018934,61.70937754196561,59.2186072129701,56.71869676585203,54.21563232391135,51.715539573069236,49.224785771008435
42.25562743055595,44.312040300070535,46.31406620067155,48.279441958171546,50.22680360700265,52.17528088762853,54.14428138867416,56.153372888540844,58.22221772524448,60.350717130355505,62.45952710326803,64.44949703366501,66.22149046720743,67.71816511087248,69.04931603592047,70.36652833236829,71.82139121164721,73.49936309275856,75.22137072808434,76.76779395475737,78.02136253311642,78.882663359854,79.22136034809462,78.9297226122558,78.02136253311642,76.55541193484737,74.65173612026658,72.44538485701499,70.07140993407722,67.64332551994796,65.18848959380645,62.7127309917683,60.22189880282724,57.72187805292532,55.21861713331798,52.71817526769608,50.22680360700265
43.252012162407965,45.3110850006469,47.3147322965343,49.28111550580461,51.22911312788055,53.17799670930407,55.147258768193794,57.15651913630832,59.22547276537905,61.3540412433172,63.46289322310665,65.45288785490142,67.22489552656651,68.72157840823829,70.05273461873429,71.3699507704655,72.82481674704925,74.50279112260418,76.2248004892134,77.77122478172268,79.02479398485897,79.8860951474837,80.22479225060539,79.93315441638825,79.02479398485897,77.55884263692226,75.6551653827629,73.44881143411953,71.07483160708504,68.64673846930324,66.19188706465914,63.71610091747404,61.22521962801473,58.72511132361598,56.221694437018826,53.72097540749317,51.22911312788055
44.24984285941568,46.31103191131095,48.315968013253226,50.283151585562564,52.23165428064969,54.18086046588476,56.15033017368788,58.15972459318715,60.22876457911542,62.35738788344763,64.46627320533199,66.45628744308334,68.228306415719,69.72499583596624,71.05615624155521,72.37337545324306,73.82824388816877,75.50622024357024,77.22823098430254,78.77465612276767,80.02822582179044,80.88952725100913,81.22822444531207,80.9365865330119,80.02822582179044,78.56227387884158,76.65859548208633,74.45223940204136,72.07825568260795,69.65015562081275,67.1952919307304,64.71948392049958,62.22856365851759,59.72838585758325,57.22484516568798,54.72390610608163,52.23165428064969
45.34882422376148,47.4116960725031,49.4176563022244,51.38547559493959,53.3343793563332,55.28384166969121,57.25347622025306,59.26297704936644,61.332085582006385,63.46075240412701,65.56966419041484,67.55969398970402,69.33172193202999,70.8284165419891,72.15958027724456,73.47680191763175,74.93167230375076,76.60965023056082,78.33166206193692,79.87808787183832,81.13165796444675,81.99295960526132,82.33165687193485,82.04001889766019,81.13165796444675,79.66570554923604,77.76202624560091,75.55566847385833,73.18168166501653,70.75357610759944,68.29870266646842,65.82287730324447,63.33192610785892,60.83169314466187,58.328054179479224,55.82694045356085,53.3343793563332
46.348720772529894,48.412930251915895,50.41970409066282,52.38802825254291,54.33725045998787,56.28691611109301,58.25668151741857,60.266266812064,62.33542975355911,64.46413111706318,66.573063908644,68.5631060593102,70.33514112094966,71.83183985001165,73.16300622803709,74.4802297960907,75.9351017308766,77.61308090491661,79.33509360193824,80.88151994475939,82.13509034975712,82.99639215851555,83.33508948262971,83.0434514591658,82.13509034975712,80.66913755971174,78.76545753628491,76.5590984218392,74.18510916092646,71.7569992416132,69.30211806101313,66.82627892453158,64.33530317672556,61.83502642943128,59.3313094590454,56.83005708253802,54.33725045998787
47.34934490342499,49.41461731961781,51.42203739856836,53.390762462963266,55.340237496533945,57.290064567618444,59.25993384682138,61.26958618694857,63.33879231485592,65.4675210946881,67.57647055848471,69.56652251255642,71.33856322483996,72.8352652232524,74.1664336988533,75.48365879690078,76.93853196086675,78.6165121248352,80.33852550892078,81.88495227472086,83.13852292766228,83.99982486971787,84.33852223942269,84.04688417691725,83.13852292766228,81.6725698401103,79.768889245384,77.5625290652329,75.18853785810649,72.76042447674251,70.30553715328614,67.82968708485075,65.33869184942176,62.83838034954488,60.33460146283272,57.833239028036076,55.340237496533945
48.35054727413906,50.41666413803496,52.424597439786936,54.393640818970965,56.34331656824325,58.29327177779669,60.26322350888887,62.2729290662914,64.34216947258429,66.4709200132832,68.57988271001761,70.56994244512734,72.34198764235612,73.838692235664,75.16986237611636,76.48708868852333,77.9419628280917,79.61994377776769,81.34195770717668,82.88838480869555,84.14195565843005,85.0032577062837,85.34195511217388,85.05031701868113,84.14195565843005,82.67600233474681,80.77232128657963,78.56596026057684,76.19196750873728,73.76385137953461,71.30895918046748,68.83310043526402,66.34208973227547,63.841750648548896,61.33792261657605,58.83647282137315,56.34331656824325
49.3522090721481,51.418996675593185,53.427337512709784,55.396633613041644,57.34646870038745,59.296525625701136,61.26654280389856,63.27629060192248,65.34555821581174,67.47432602844505,69.58329922828963,71.5733651392574,73.34541389620594,74.84212054909017,76.17329201093902,77.49051928718538,78.9453942010908,80.62337577438379,82.34539013661653,83.89181750459568,85.145388510525,86.00669064235063,86.34538807696114,86.05374995887377,85.145388510525,83.6794349994242,81.77575359136057,79.56939189400441,77.19539791612374,74.76727960595551,72.31238353709941,69.83651790509609,67.34549492535692,64.84513394786921,62.341266907865915,59.83974777019938,57.34646870038745
50.45423581941907,52.52155610510873,54.530220523126985,56.49971725533824,58.449678828247315,60.39981649309388,62.36988561984167,64.37966694555547,66.44895615464716,68.57773767622737,70.68671921247198,72.6767900252493,74.4488416075596,75.94554989513472,77.27672240577854,78.59395044702572,80.0488259755235,81.72680804378196,83.44882274954729,84.99525032901614,86.24882145891743,87.11012365739168,87.44882111479751,87.15718297718936,86.24882145891743,84.78286779906318,82.87918610534945,80.67282387513944,78.29882892414838,75.87070888294379,73.41580974262524,70.93993864453725,68.44890592064617,65.9485275657883,63.44462956420169,60.94305538657336,58.449678828247315
51.456552417305645,53.52429569234734,55.53321701224827,57.50287301568737,59.45293499213206,61.40313674482738,63.3732471051505,65.38305504261989,67.45236139216198,69.58115379466877,71.69014194756626,73.68021665092989,75.45227047573782,76.94898006077052,78.28015340384465,79.59738205227403,81.0522580685744,82.73024052968749,84.45225550811489,85.9986832554433,87.25225448374118,88.11355673511451,88.45225421061302,88.16061605751122,87.25225448374118,85.78630070582125,83.88261878538682,81.67625613225026,79.30226040890037,76.87413899376952,74.41923741562397,71.9433619790841,69.45232152119874,66.95192937373638,64.44800679736473,61.94638893271825,59.45293499213206
52.55909918970006,54.627178317166255,56.636303587839876,58.60608602358769,60.55622769785495,62.506480320158275,64.47662340884148,66.48645246858582,68.55577242271838,70.68457346150308,72.79356686607159,74.78364465740665,76.55570026209021,78.05241087691729,79.38358488069254,80.70081401104316,82.155690414513,83.83367318743507,85.55568838227457,87.10211626283322,88.35568756922856,89.21698986258791,89.55568735244657,89.26404918704746,88.35568756922856,86.88973369759978,84.98605159721698,82.7796886084033,80.40569227203143,77.97756976641341,75.52266625335977,73.04678737337723,70.55574077698145,68.05533768221036,65.55139560046607,63.04974306029423,60.55622769785495
53.66182872732189,55.7301745001684,57.739461676681685,59.70934447357145,61.659549408757385,63.60984240821604,65.58001147420315,67.58985729902992,69.65918805126282,71.78799594471668,73.89699351755824,75.88707375982477,77.65913077719914,79.15584220937559,80.48701673755014,81.80424625040214,83.2591229611687,84.93710598157385,86.6591213481798,88.20554933448336,89.45912070286471,90.32042302954838,90.65912053080474,90.36748235564522,89.45912070286471,87.99316675685918,86.08948451365123,83.88312125841034,81.50912443548242,79.08100106434345,76.62609601555002,74.15021440249818,71.65916293394135,69.15875115021544,66.65479358682431,64.15311352396668,61.659549408757385
54.76470337345225,56.83326083274923,58.842676532918844,60.81263899390423,62.76289414228515,64.71321919032331,66.68340887500617,68.69326800649031,70.76260732926286,72.89142066330331,75.00042154451732,76.99050373209381,78.76256187072326,80.25927395163097,81.5904488960218,82.90767871246553,84.36255566713373,86.0405388839664,87.76255438690349,89.30898245713686,90.56255387471653,91.42385622784974,91.76255373815245,91.4709155552461,90.56255387471653,89.09659986967813,87.19291751310979,84.98655404640542,82.61255683729752,80.18443277919371,77.72952651148137,75.25364272918662,72.76258739357903,70.26216871338094,67.75819886205858,65.25649695398782,62.76289414228515
56.66716300371124,58.79573655893884,60.895358291291785,62.983363823005945,65.07529006300564,67.18319287609839,69.31443621608155,71.47140321022943,73.65254347958262,75.84444450846331,77.99459183458586,80.04421349433122,81.93913163972232,83.66115675049701,85.30024715117015,86.95827459091495,88.71563023298313,90.59318590128457,92.44201442254072,94.11962504475484,95.64854971312988,97.00219078910212,97.67453430396002,97.15305111870077,95.64854971312988,93.52660736121169,91.02852290944013,88.34165913660595,85.62376314947218,82.9838095555126,80.4082090995237,77.86724093965245,75.34033960977862,72.81096165461712,70.26443392619205,67.68836422700741,65.07529006300564
55.575885013945,57.64453296101475,59.65400359700651,61.62400010824369,63.574276718431534,65.52461546428613,67.4948139614864,69.50467878026025,71.57402176608397,73.70283742542736,75.81183972063543,77.80192273963415,79.57398135748589,81.07069371566006,82.40186883794084,83.71909878413904,85.1739758430503,86.85195914383559,88.57397470504031,90.12040281114511,91.37397424975202,92.2352766141897,92.57397412835878,92.28233594214147,91.37397424975202,89.90802021948312,88.00433781446478,85.79797425738143,83.42397688322106,80.99585253150988,78.54094574283401,76.0650610334086,73.57400404502856,71.07358241728208,68.56960731408816,66.06789606930356,63.574276718431534
53.97014066441935,56.03836336835407,58.047575819979485,60.017412297643446,61.967588036598684,63.917862401279464,65.88801947832646,67.89785756582079,69.96718333457989,72.09598806451181,74.2049837136407,76.19506282477064,77.96711919017011,79.4638302451294,80.795004531287,82.11223386760976,83.56711043655497,85.24509334274357,86.96710863007712,88.51353656757809,89.7671079073521,90.62841021865617,90.96710771465237,90.6754695439974,89.7671079073521,88.3011539956724,86.39747181838005,84.19110868609866,81.81711208772255,79.38898911603252,76.9340847760026,74.45820442429749,71.96715520430689,69.466747430651,66.96279701225966,64.46112965154612,61.967588036598684
52.401702144252,54.49016793595558,56.529348987138945,58.53865343581917,60.53694917007415,62.541867756823024,64.56916738656247,66.63237652482968,68.74303025044718,70.89545457289702,73.01996990428702,75.03265717045468,76.85196331796382,78.4374681860301,79.89453010344133,81.35728076377862,82.94682338029804,84.71651446227547,86.4979883064168,88.10689448183038,89.49482549264422,90.60724119956942,91.12402692642345,90.70902202324692,89.49482549264422,87.71595088414475,85.54995862803094,83.14608674042094,80.63856268690664,78.13138644934794,75.6325124647102,73.13323683003524,70.62938725260383,68.11867246651936,65.5996463094423,63.07186097395632,60.53694917007415
50.76101386017044,52.827491853727196,54.835644587211775,56.80482404534706,58.75458559287121,60.704595573737464,62.674582546720444,64.68431084994005,66.75356590708972,68.88232574847186,70.9912941009853,72.98135716171183,74.75340427580298,76.250109978166,77.58128083017338,78.89850766159552,80.35338221813453,82.03136350362033,83.75337766609942,85.29980491110378,86.55337584494723,87.41467793801873,87.75337535937442,87.46173725263779,86.55337584494723,85.087422420342,83.18374117837513,80.97737979085709,78.60338637881,76.17526907518541,73.7203747922873,71.24451233863391,68.7534950247855,66.25314415159376,63.749295114443896,61.247807979690094,58.75458559287121
49.70862853126627,51.783023059212994,53.80066420978943,55.78130282835157,57.74455523821693,59.70970604404975,61.695513296105844,63.720079695890405,65.8008933598718,67.93630108536675,70.04964834572633,72.04607536952972,73.83146382458582,75.35350608709449,76.72122968175748,78.08165101921901,79.57740993929542,81.28374172825579,83.02435857786853,84.59052160639574,85.8871938643733,86.83149901735979,87.2310239599096,86.89707425569145,85.8871938643733,84.32225108397915,82.33930140598424,80.07543504942558,77.66360429459436,75.21347121698173,72.74644623714823,70.26414691420729,67.76958566766552,65.26634044699135,62.75823975151434,60.24940432005975,57.74455523821693
48.95886654304478,51.020961412116804,53.02644886166803,54.993974709476106,56.94269335285176,58.89203745134583,60.861595921407286,62.87104763971584,64.94012453660845,67.06877127449512,69.17767084704268,71.16769346445503,72.9397172671443,74.4364094819814,75.76757168055167,77.08479220006234,78.53966168568037,80.21763888726518,81.9396502152952,83.48607571532025,84.73964562628389,85.60094716944431,85.93964440271787,85.64800645704521,84.73964562628389,83.27369342902801,81.37001454392951,79.16365755292703,76.78967216988723,74.36156914877215,71.906700207883,69.4308828533154,66.93994593418395,64.43973842937794,61.93614481954246,59.43511170744581,56.94269335285176
38.25922922056387,40.296002330659036,42.28600708503279,44.24389445622501,46.18652136456107,48.13197071909815,50.099020712468196,52.10685238811931,54.17488537098387,56.302869236628766,58.41136564850626,60.401151182919364,62.17303832481397,63.6696514680613,65.0007629343475,66.3179464487389,67.77278620457946,69.45073946291078,71.17273417293194,72.71914944233149,73.97271335624822,74.83401167532801,75.172707805892,74.88107080452397,73.97271335624822,72.50676835482369,70.60310328777895,68.3967720729147,66.02283376232677,63.59481447521155,61.140094102145184,58.66454112677948,56.17407544966261,53.67470816507293,51.17261103308568,48.6742364246051,46.18652136456107
39.244950245157106,41.28836263863704,43.282440990541645,45.2428697155495,47.18710495964036,49.13358347217488,51.10129667200201,53.109556814245096,55.17786595230244,57.30602519835503,59.41462828669347,61.40447655675558,63.176399862250975,64.67303393004832,66.00415882166067,67.32135212882001,68.77619975217898,70.45415934674486,72.17615845449603,73.72257643129757,74.97614193225698,75.83744110454961,76.1761375269321,75.88450027566552,74.97614193225698,73.51019502654682,71.60652630273566,69.40018826657791,67.02623749900253,64.59819605324053,62.14343636523438,59.66781343064855,57.177223062669526,54.67763348009419,52.1751405016457,49.676062916472574,47.18710495964036
40.23427370402118,42.28298716198951,44.28031083016825,46.242761409831715,48.18827511942645,50.135571263566064,52.10381117456208,54.11241152346983,56.18093989954292,58.309238366106825,60.4179261314428,62.40782419768763,64.17977620731733,65.67642688336166,67.00756243085671,68.32476351064557,69.77961737851916,71.45758200219225,73.17958460044022,74.72600472611498,75.97957148671387,76.84087133620321,77.17956799020254,76.88793054059101,75.97957148671387,74.51362306956767,72.60995144336891,70.40360799311625,68.029647338328,65.60158830494103,63.14679741172631,60.671118947580155,58.18042960326781,55.6806635537414,53.1778563001258,50.67822047258721,48.18827511942645
41.22647529632364,43.27941619474451,45.279323333788625,47.24338168208051,49.18991132786232,51.13785692393179,53.10651509004792,55.11538554468217,57.1840879637941,59.312496942976296,61.42125192142572,63.41118951273208,65.18316430551944,66.67982816380308,68.01097216900024,69.32817941799505,70.7830382421817,72.46100685748154,74.18301222614883,75.72943405738971,76.98300181776693,77.8443022047484,78.18299904258237,77.89136143554417,76.98300181776693,75.51705220099089,73.61337827115918,71.40703052371721,69.03306202138283,66.60498902850263,64.15017336711773,61.6744508273093,59.183682919676556,56.68377679001381,54.180720038290815,51.680640951054656,49.18991132786232
42.22097326478508,44.277282155656124,46.279244643161164,48.24458098662622,50.19191774969988,52.14037912971352,54.1093693938554,56.11845428418212,58.18729486258741,60.31579156402563,62.42459989266838,64.41456885617404,66.18656173238841,67.6832360535893,69.01438677174616,70.33159891728442,71.78646167532364,73.46443345879337,75.1864410263504,76.7328642113027,77.98643276520565,78.84773357879538,79.18643056253914,78.89479283055121,77.98643276520565,76.52048219628139,74.61680643805096,72.4104552799154,70.03648054894168,67.60839647628711,65.15356115602734,62.67780363219529,60.18697336518957,57.686956042366205,55.183701227477286,52.683270209791374,50.19191774969988
43.217301481814744,45.2762915736503,47.27988845519752,49.2462403487704,51.194218205835746,53.14308916156156,55.11234309321091,57.12159821442887,59.19054846332233,61.319114795211334,63.427965469889784,65.41795933424294,67.18996656354922,68.68664918927817,70.01780523556323,71.33502126751672,72.78988714787205,74.46786144592858,76.18987075874958,77.73629501814504,78.98986420187052,79.85116535405979,80.1898624536123,79.89822462245158,78.98986420187052,77.52391287722477,75.62023566779081,73.41388180257829,71.03990212790643,68.61180926115529,66.1569583374061,63.681173046013356,61.19029328205718,58.69018769792902,56.18677565727302,53.68606523972909,51.194218205835746
44.21508719159476,46.276210429480585,48.281106464919326,50.24826516127786,52.19675216056039,54.14594832138556,56.11541157720444,58.124801831671306,60.193839134521966,62.32246073544398,64.43134502142752,66.42135865004778,68.19337727157847,69.69006648868196,71.02122676393583,72.33844588055555,73.79331423910446,75.47129053299525,77.19330123103575,78.73972634321842,79.9932960268348,80.85459744777083,81.19329463924089,80.90165672936666,79.9932960268348,78.52734410237198,76.62366574111536,74.41730972728962,72.0433261287869,69.61522628211014,67.16036297371828,64.68455564274268,62.19363659159241,59.6934609498621,57.18992410458536,54.68899188155439,52.19675216056039
45.31403276645999,47.37685229131052,49.38278068702171,51.35058022264854,53.29947152103799,55.24892587588192,57.218555304625056,59.22805282759222,61.297159230527726,63.42582470059416,65.53473566466585,67.52476498047963,69.29679264413055,70.79348709285321,72.1246507246611,73.44187228959241,74.89674261509094,76.57472049307985,78.29673229057138,79.84315807961235,81.09672815999272,81.95802979423334,82.29672705865845,82.00508908630923,81.09672815999272,79.63077575945442,77.72709648399457,75.52073876481033,73.14675205195155,70.71864666527486,68.26377352709426,65.78794870300332,63.29699846868019,60.79676721932252,58.293131307450324,55.79202300850736,53.29947152103799
46.31390085658799,48.378068751367024,50.384817302495534,52.353125774946434,54.30233808719821,56.25199742028127,58.221758760865,60.231341431195034,62.30050268225165,64.42920297259394,66.53813511156808,68.52817687849475,70.30021171894782,71.79691032003566,73.12807661595437,74.44530012411843,75.90017201078972,77.5781511460803,79.30016381620773,80.84659014247191,82.10016053776422,82.96146234130492,83.30015966363447,83.00852164169879,82.10016053776422,80.63420775936436,78.7305277583003,76.5241686855702,74.15017950083939,71.7220697170434,69.26718877689679,66.7913500683303,64.30037508333552,61.800099696365606,59.29638514954965,56.795137080928185,54.30233808719821
47.314502366682746,49.37974174237275,51.38714173731594,53.35585434382209,55.30532152149277,57.25514357711211,59.22500962898607,61.23465988605071,63.303864672198856,65.43259260023947,67.54154154605345,69.5315931955478,71.30363373227448,72.8003356291133,74.13150403954586,75.44872909005886,76.90360221583619,78.58158234904914,80.30359571178874,81.85002246444756,83.10359310968578,83.96489504760004,84.30359241588843,84.01195435459593,83.10359310968578,81.63764003137683,79.7339594543999,77.52759930735854,75.15360816069786,72.72549488689432,70.27060775428697,67.79475802549109,65.30376339551555,62.803452975359804,60.299676012334515,57.79831699701961,55.30532152149277
48.31568676232321,50.38177738001397,52.38969473274865,54.358728220834394,56.308397733563936,58.25834896180592,60.2282981311464,62.238002035131586,64.30724137643344,66.4359912410508,68.54495352665681,70.53501302002141,72.30705807790989,73.80376259059844,75.13493267932654,76.45215895400528,77.90703306326327,79.58501398852857,81.30702790099527,82.85345499208388,84.10702583570435,84.96832788027103,85.30702528503696,85.01538719250695,84.10702583570435,82.64107251935732,80.73739148527781,78.53103048555428,76.15703778170646,73.72892173787477,71.27402969028523,68.79817121465577,66.3071609922221,63.80682276549027,61.30299626041054,58.801549179447676,56.308397733563936
49.31733428029942,51.38410103828009,53.392429211401904,55.36171745910585,57.311547595678434,59.26160136068654,61.231616505482336,63.241362991131695,65.31062975971422,67.43939703573233,69.54836990926077,71.53843562835411,73.3104842747077,74.80719086360418,76.13836228439934,77.45558953070073,78.91046442054878,80.588445974467,82.31046032325261,83.85688768295324,85.11045868402985,85.97176081324662,86.31045824696483,86.01882012964155,85.11045868402985,83.64450517875181,81.7408237818696,79.53446210537129,77.16046816558173,74.73234992317262,72.27745397454477,69.80158855650372,67.31056595818507,64.81020566090683,62.30633983283836,59.80482284958879,57.311547595678434
50.419349685170246,52.486653417078784,54.49530778036767,56.46479827864708,58.414755921604396,60.364891077902726,62.33495859065164,64.34473887469754,66.41402741285452,68.54280850851735,70.65178978576256,72.64186044624824,74.41391194077906,75.91062017756691,77.24179265562637,78.5590206731062,80.01389618250957,81.69187823539026,83.41389293048258,84.9603205033808,86.21389162943046,87.07519382583408,87.4138912825317,87.12225314553002,86.21389162943046,84.74793797419775,82.84425628935871,80.63789407570361,78.26389915494552,75.83577916752147,73.38088012262835,70.90500919436312,68.41397677320813,65.91359895824063,63.409701918591864,60.90812945100305,58.414755921604396
51.421657275334724,53.4893874061312,55.498300743502014,57.467951798248905,59.41801065516087,61.36821041668655,63.33831949592313,65.34812660659779,67.41743242360964,69.54622448806204,71.65521243539025,73.64528701787947,75.41734077301656,76.91405031773932,78.24522363495119,79.5624522645164,81.01732826566152,82.69531071456926,84.4173256845255,85.96375342663877,87.21732465187964,88.07862690160948,88.41732437654588,88.12568622392544,87.21732465187964,85.75137087762782,83.84768896423722,81.64132632424031,79.26733062488637,76.83920925244118,74.38430775003503,71.90843244828402,69.41739223068203,66.91700051173581,64.4130786988702,61.91146219153187,59.41801065516087
52.52419689498349,54.59226558638832,56.60138452000892,58.57116302746216,60.52130222554807,62.47155326737483,64.4416953392245,66.45152374272735,68.52084327418467,70.64964404465317,72.75863728606042,74.74871498145706,76.52077053084273,78.01748111367579,79.34865509692412,80.6658842123022,82.12076060374329,83.79874336697799,85.52075855509389,87.0671864315133,88.32075773548229,89.1820600275372,89.52075751694974,89.22911935193267,88.32075773548229,86.85480386676491,84.95112177197282,82.74475879358805,80.37076247626182,77.94264000452347,75.48773655158433,73.01185777858407,70.5208113729023,68.02040861824777,65.51646714250835,63.01481567966354,60.52130222554807
53.62692075337968,55.6952582409337,57.70454038689627,59.67442006557209,61.6246230352814,63.57491478026198,65.54508303916603,67.55492834312469,69.62425875987645,71.75306644036623,73.86206388370607,75.85214404982602,77.62420102331038,79.12091243009311,80.45208694197541,81.76931644294372,83.22419314416305,84.9021761568793,86.62419151814875,88.17061950116698,89.42419086762254,90.28549319327087,90.62419069417314,90.33255251931685,89.42419086762254,87.95823692392776,86.05455468515717,83.84819143819374,81.47419463038231,79.04607128613371,76.59116628505323,74.1152847569135,71.62423343972708,69.12382192595379,66.6198648435552,64.118185635792,61.6246230352814
54.729790890589854,56.7983417724688,58.80775347936569,60.77771346521861,62.72796705351769,64.67829110584252,66.64848014992944,68.65833886799467,70.72767792449343,72.85649108950327,74.96549186793139,76.95557399507021,78.72763209886406,80.22434415961675,81.55551909107642,82.87274889808802,84.32762584517863,86.0056090559086,87.72762455461009,89.2740526222359,90.52762403828707,91.38892639059854,91.72762390062017,91.43598571795452,90.52762403828707,89.06167003508274,87.15798768203629,84.95162422190177,82.57762702479185,80.14950298803092,77.69459675818842,75.21871304328856,72.72765782782415,70.22723936188882,67.72326989233436,65.22156866296471,62.72796705351769
56.63440038805868,58.76311874046553,60.862956156615866,62.95123805752067,65.04348661380013,67.15173598268947,69.28332084575473,71.44058893963668,73.62195131835631,75.81397517113855,77.96420164854854,80.01393654032326,81.90908350297701,83.6315117662073,85.27112031271918,86.92967992233702,88.6874741079834,90.56530281903864,92.41429842232836,94.09207681956973,95.62133757090447,96.97552888589334,97.64821132600926,97.1264974652419,95.62133757090447,93.49855798007569,90.99959740598557,88.31193215965028,85.59340549345708,82.95303777703307,80.37719216258273,77.83608895232183,75.30911239295091,72.77967323629959,70.23305484064733,67.65682455730112,65.04348661380013
55.5135536727267,57.58219114784394,59.59165542632701,61.561647997096884,63.511922123629944,65.46225928431859,67.43245676170154,69.44232092232201,71.51166348424485,73.64047887449632,75.74948100607233,77.73956392885611,79.51162249125069,81.00833481733866,82.33950991903345,83.65673985021603,85.11161689706395,86.78960018813399,88.51161574259578,90.05804384454942,91.31161528072299,92.17291764385249,92.51161515757414,92.21997697173997,91.31161528072299,89.84566125337383,87.9419788539623,85.73561530733787,83.36161795227792,80.93349363454395,78.4785869061557,76.00270230402087,73.5116455069052,71.01122422025898,68.5072497248299,66.00553956052389,63.511922123629944
53.907825544661094,55.97603163241999,57.98523399478769,59.955064218390774,61.905236015207436,63.85550786376426,65.8256633220219,67.83550036479137,69.90482546066121,72.03362976344093,74.14262515282172,76.1327041112206,77.90476038858753,79.40147139261327,80.73264564609264,82.04987495857964,83.5047515083755,85.18273439914208,86.90474967577191,88.4511776066833,89.70474894259465,90.56605125182209,90.90474874710804,90.61311057706128,89.70474894259465,88.23879503554976,86.33511286715765,84.12874975147884,81.75475318342266,79.32663026566802,76.87172602133853,74.39584583994603,71.90479692356668,69.40438969136747,66.900440237723,64.39877459210007,61.905236015207436
52.34153104098699,54.43016465829095,56.4696015488075,58.47924448954495,60.47795096354466,62.48333162152565,64.51110882016842,66.574758597228,68.68574988280034,70.83836565467112,72.96300622353121,74.97587524894038,76.7955583256678,78.38176051263554,79.83978677407754,81.3036176515959,82.89412794122623,84.66446092624736,86.44634371069935,88.05567356664854,89.4444951862497,90.55850285978119,91.07636276394514,90.66061847659738,89.4444951862497,87.66350261272036,85.4956126317397,83.09023366649117,80.5816509074755,78.07383225822625,75.57459586504504,73.07512595653844,70.57116975958634,68.06036906386682,65.54121698040409,63.0132124678002,60.47795096354466
50.698765277431406,52.76520147330699,54.773328810939276,56.74249252059629,58.69224413887443,60.642247781265894,62.61223067587686,64.62195634684959,66.69120970854358,68.81996847361613,70.92893617162282,72.91899884749755,74.69104573976293,76.1877513137824,77.51892208344627,78.83614885480625,80.29102336309205,81.96900460971688,83.69101874522431,85.23744597362406,86.49101689773414,87.35231898557288,87.69101640513884,87.39937829993485,86.49101689773414,85.02506348480793,83.12138226526821,80.91502091958588,78.54102758394019,76.1129104162236,73.65801637447336,71.18215434997445,68.69113780115813,66.19078829228755,63.68694168594371,61.18545887230299,58.69224413887443
49.64684421387191,51.721284838975315,53.73899684278871,55.71973029945616,57.68309949750707,59.64838397930896,61.6343320109646,63.65903073278699,65.73994738220081,67.87541415267151,69.98880029001657,71.98528409549455,73.77079167706411,75.29305933992008,76.66110585157674,78.02190528664349,79.51801861070004,81.22459418311117,82.96537012486793,84.53170119337207,85.82873778590404,86.77373438066175,87.17375764351827,86.8394620537368,85.82873778590404,84.26295278193413,82.2793145782174,80.01494075525649,77.60277240938032,75.15244159053012,72.68530732630646,70.20295007757007,67.70835723318845,65.20508665072009,62.69694893767681,60.18804951998166,57.68309949750707
48.89678499463871,50.95877499810083,52.96419862812135,54.93168486049588,56.880378511142155,58.82970664884941,60.799254846636856,62.8086999339704,64.87777255933732,67.00641658538983,69.11531450879417,71.10533615648117,72.87735940021958,74.37405129165708,75.70521328273745,77.02243365090246,78.47730301493087,80.15528011859257,81.87729137865855,83.42371683684269,84.67728672327985,85.53858825325452,85.8772854820183,85.58564754020763,84.67728672327985,83.2113345554532,81.3076557268674,79.10129884128393,76.72731365076217,74.29921097210963,71.84434263886214,69.36852636565531,66.87759137415517,64.37738730681505,61.8737998209336,59.37277759326939,56.880378511142155
38.22851698382316,40.2650578667581,42.25491995388299,44.21271825052746,46.15528875875182,48.100702012075544,50.06772873653357,52.07554537727597,54.1435686690308,56.271546379722665,58.38003904767754,60.36982238027258,62.14170825292702,63.63832066177679,64.96943165686685,66.28661482755506,67.7414543072636,69.4194073432071,71.14140189887749,72.687817073253,73.9413809314679,74.80267922060172,75.14137534092349,74.84973834832638,73.9413809314679,72.47543599687975,70.57177105817968,68.3654400827279,65.99150220935196,63.563483699951746,61.10876470673473,58.63321418671882,56.14275288575959,53.64339340263018,51.141310161695316,48.64296021885765,46.15528875875182
39.21411204898679,41.25733889352909,43.25130353647633,45.21166137553416,47.15585177916638,49.10230160720761,51.06999632577313,53.07824452959849,55.14654597371627,57.274700333755135,59.383300450232525,61.37314697259794,63.145069270654915,64.64170275554399,65.9728272731601,67.29002030751795,68.74486771170837,70.42282712976359,72.14482611500583,73.69124401638646,74.94480947313518,75.80610862165963,76.14480503591284,75.85316779160777,74.94480947313518,73.47886262047325,71.57519399852971,69.36885615239497,66.99490573183871,64.56686490336111,62.11210631057827,59.63648532491837,57.14589843065659,54.6463150412402,52.1438330917251,49.64477509504759,47.15585177916638
40.20333479592465,42.25190020157811,44.24913331865555,46.2115275175983,48.15700558952423,50.10427894724587,52.072504181638024,54.08109505173786,56.14961731980324,58.27791190781606,60.386597314190524,62.376493993216684,64.14844520321562,65.64509541659493,66.97623066724418,68.29343153050775,69.74828522442566,71.42624970800128,73.1482522090134,74.69467227482642,75.94823900033518,76.80953883095967,77.14823547850679,76.85659803442061,75.94823900033518,74.48229062529347,72.57861907994737,70.37227578051682,67.99831540116018,65.5702568577195,63.11546683380685,60.639789916595745,58.14910332960051,55.64934219630335,53.146543698625464,50.6469234256494,48.15700558952423
41.195455983647605,43.248278876633606,45.248113955218386,47.212127479233985,49.158628809228816,51.10655630739477,53.07520281962866,55.08406574886115,57.152763319209924,59.28116921965683,61.389922325675144,63.37985881590063,65.15183297400402,66.64849646506366,67.9796402346511,69.29684731178807,70.75170599790503,72.42967450200888,74.15167979349982,75.69810157722827,76.95166930975444,77.81296968176281,78.15166651447566,77.86002891182294,76.95166930975444,75.48571972639678,73.58204586073802,71.37569823300413,69.00172994928144,66.57365734527644,64.11884237387143,61.6431210619112,59.15235534290484,56.652453115706805,54.14940331500513,51.64933657794887,49.158628809228816
42.18988983685213,44.24610475232842,46.248009925281465,48.21331064442261,50.160624914219945,52.10907192215501,54.07805293341869,56.08713184952748,58.15596857894127,60.28446283657951,62.39326967899572,64.38323776854477,66.15523014099969,67.65190417073055,68.98305470188197,70.30026671101552,71.75512935946816,73.43310105468126,75.1551085609832,76.7015317082248,77.95510024002232,78.81640104172791,79.15509802140703,78.86346029289983,77.95510024002232,76.48914969762228,74.58547399032605,72.37912292720316,70.00514836974261,67.57706460574141,65.12222983312805,62.64647328386815,60.15564475406603,57.65563052891508,55.15238123195587,52.65196001946022,50.160624914219945
43.18616697659028,45.24508228112224,47.24863359618611,49.21495718488059,51.162917177024156,53.11177672072961,55.081023306356826,57.09027368501408,59.15922087862978,61.2877852707435,63.3966347657547,65.38662793643032,67.15863476589588,68.6553171602823,69.98647305813988,71.30368898182823,72.75855477520423,74.4365290032112,76.15853826741392,77.70496249687835,78.9585316630587,79.81983280581548,80.15852990214188,79.86689207374386,78.9585316630587,77.49258035946528,75.58890319045787,73.38254940065715,71.00856986370334,68.58047724193239,66.12562675285612,63.649842234999696,61.15896384991943,58.65886072459452,56.15545306408961,53.65475043072391,51.162917177024156
44.18391202665009,46.24497578000358,48.24983560138155,50.21697181332199,52.16544462564241,54.11463172565615,56.084089149668074,58.093475639444804,60.16251051711123,62.29113057835076,64.40001392800124,66.39002700603811,68.16204531021086,69.65873434369601,70.98989450114215,72.30711353183136,73.7619818213445,75.43995805963678,77.16196871908886,78.7083938075152,79.96196347720601,80.82326489065551,81.161962079565,80.87032417188351,79.96196347720601,78.49601156945243,76.59233324028247,74.38597728631123,72.01199379711579,69.58389414488107,67.1290311814929,64.65322446448478,62.16230650778462,59.66213281772053,57.158599449329486,54.657673405735125,52.16544462564241
45.282825254200176,47.34559748666043,49.35149710901073,51.319278786872864,53.26815882029433,55.21760598162325,57.18723078086077,59.19672531546553,61.26582979339955,63.394494041367636,65.50340426225203,67.49343314106045,69.26546055282158,70.76215485580525,72.09331839410859,73.41053989083656,74.86541016154122,76.54338799540149,78.26539976226533,79.81182553245088,81.06539560177849,81.92669723007705,82.26539449246982,81.97375652186098,81.06539560177849,79.59944321450234,77.6957639645097,75.48940629283209,73.11541966673077,70.68731443438355,68.23244157003487,65.75661723325732,63.26566786762223,60.76543816737413,58.26180501533315,55.760701621724465,53.26815882029433
46.282667622424434,48.34679793102006,50.35352362563832,52.32181791688741,54.27102128512236,56.2206749074835,58.190432573123815,60.20001287138369,62.2691725944828,64.3978719148125,66.50680346390638,68.49684488397722,70.2688795245036,71.76557800991768,73.09674423162147,74.41396768565235,75.8688395288336,77.54681862909922,79.2688312749174,80.81525758621602,82.06882797273576,82.93012977156019,83.2688270922767,82.97718907172236,82.06882797273576,80.60287520486207,78.69919522401133,76.49283618898733,74.11884707311611,71.69073741181197,69.2358566890073,66.76001836722617,64.2690440717237,61.76876991432762,59.26505755813305,56.76381338332672,54.27102128512236
47.28324868682841,49.34845819867023,51.35584004035672,53.324541386517126,55.274001463422536,57.22381898566681,59.19368212041968,61.20333049464162,63.2725340679969,65.40126122611755,67.51020970373563,69.50026107792752,71.27230145597125,72.76900326099934,74.10017161252728,75.41739662007464,76.87226971133386,78.55024981674742,80.27226316019278,81.81868990097341,83.07226053924882,83.93356247341978,84.27225984042789,83.98062178023179,83.07226053924882,81.6063074692945,79.70262690836091,77.49626679124695,75.12227569924025,72.69416252265884,70.2392755625568,67.76342614075548,65.27243205803924,62.772122613825104,60.26834738958658,57.766991465077524,55.274001463422536
48.284416835649026,50.350483730404996,52.35838666730339,54.327411215072715,56.277075090727266,58.227022720340585,60.19696957416106,62.20667198365152,64.27591036232616,66.40465961584474,68.5136215298386,70.50368080469374,72.27572573663481,73.77243017645287,75.10360021842826,76.4208264590051,77.87570054086598,79.55368144406688,81.27569534121969,82.8221224228806,84.07569326097467,84.9369953025703,85.27569270632007,84.98405461466027,84.07569326097467,82.60973995125873,80.70605892991281,78.4996979539427,76.12570529347383,73.69758932680759,71.24269741613617,68.76683918417022,66.27582939610215,63.775491943993444,61.271666819046004,58.77022219143551,56.277075090727266
49.28605144648694,51.35279936295889,53.36111608944097,55.330397239336634,57.280222901007534,59.230273809475676,61.20028711631636,63.21003241573311,65.27929842025722,67.40806521123778,69.51703778981442,71.50710333547558,73.27915188186427,74.77585841292321,76.10702979661065,77.42425701584531,78.87913188394822,80.55711342035391,82.27912775698486,83.82555510920272,85.07912610589304,85.94042823275169,86.27912566566336,85.98748754903077,85.07912610589304,83.6131726058781,81.70949121910255,79.50312956145734,77.12913565609773,74.70101747493499,72.24612163497946,69.77025641033538,67.27923415677647,64.7788744743282,62.27500974170695,59.773494705796665,57.280222901007534
50.3880565993681,52.45534536881462,54.46399064388477,56.43347550744879,58.383429598200266,60.33356248706819,62.303628540952005,64.31340788345213,66.38269581516245,68.51147652584561,70.62045756898554,72.61052809181733,74.38257950700563,75.87928769788773,77.21046014649471,78.52768814249163,79.98256363463585,81.66054567361687,83.38256035906201,84.92898792602116,86.1825590485894,87.04386124312136,87.38255869917884,87.09092056272536,86.1825590485894,84.71660539753402,82.81292372071664,80.60656152202529,78.23256662859424,75.80444668978154,73.34954773114194,70.8736769563767,68.38264480885994,65.88226748189035,63.37837131172098,60.87680038980709,58.383429598200266
51.39035604773852,53.458074297811336,55.46698041995812,57.4366270016841,59.38668303890974,61.33688100065304,63.30698892193776,65.31679528528663,67.38610062095326,69.51489237984387,71.62388014136138,73.61395461459416,75.38600830675693,76.88271781504423,78.21389110887961,79.5311197213938,80.98599570884035,82.66397814671583,84.38599310901512,85.93242084641454,87.1859920688922,88.04729431713653,88.38599179156486,88.0943536393795,87.1859920688922,85.72003829795592,83.81635639093216,81.60999376281197,79.23599808514754,76.80787675128526,74.35297531733869,71.87710013742117,69.38606013700738,66.88566880538978,64.3817476826445,61.880132402153734,59.38668303890974
52.492889202224674,54.56094846073513,56.57006166643126,58.53983662317641,60.48997358308765,62.44022319634951,64.41036434910073,66.42019215943789,68.48951130884609,70.61831183678802,72.72730493071646,74.71738253939593,76.48943803879874,77.98614859271288,79.31732255740725,80.63455165925194,82.08942803982046,83.76741079429888,85.48942597633747,87.03585384901547,88.28942515079132,89.15072744166714,89.48942493067642,89.1977867660047,88.28942515079132,86.82347128470548,84.91978919496673,82.71342622600854,80.33942992589728,77.91130748478223,75.45640408617959,72.98052540987891,70.48947917658039,67.98907672935161,65.48513580136994,62.98348531230273,60.48997358308765
53.59560792731645,55.66393792598711,57.673215524938485,59.64309238511993,61.59329357827025,63.543584189349815,65.51375171874517,67.52359655189983,69.59292666541572,71.72173415341072,73.83073147969608,75.82081157698843,77.59286851080128,79.08957989463104,80.42075439178706,81.73798388201388,83.19286057460363,84.87084358037004,86.59285893681587,88.13928691686459,89.39285828157942,90.25416060629195,90.59285810687412,90.30121993229193,89.39285828157942,87.92690433997333,86.02322210521356,83.81685886573202,81.44286207158413,79.01473875164126,76.55983379368777,74.08395234229872,71.59290116193353,69.09248989216599,66.5885332445286,64.08685480967088,61.59329357827025
54.69847398902182,56.76701892571592,58.776427023172204,60.74638477179846,62.69663694996704,64.64696010228363,66.61714856734665,68.6270069117294,70.69634572754764,72.82515873977349,74.93415942529508,76.92424149780524,78.69629957011179,80.19301161264667,81.52418653241808,82.84141633090417,84.29629327114546,85.97427647635928,87.69629197123234,89.2427200365012,90.49629145117078,91.35759380273947,91.69629131250707,91.40465313005896,90.49629145117078,89.03033744962421,87.12665509976118,84.92029164556502,82.54629445929987,80.11817044183044,77.66326424621789,75.18738059223517,72.69632548536622,70.19590721309947,67.69193808861873,65.1902374727157,62.69663694996704
56.6049578148255,58.7338023806596,60.83382778442818,62.922350540133195,65.01487995771222,67.12343126631822,69.25531364020034,71.41284399462256,73.59439981076945,75.78653062425661,77.93682602725116,79.98665951831184,81.88200571396393,83.6047849574494,85.24484450674922,86.90386722115977,88.66204295638467,90.54010918862139,92.38925012359077,94.06717444477407,95.59672747578999,96.9513972232666,97.62437430229555,97.1024599123674,95.59672747578999,93.47321968879268,90.97349681820899,88.28513397388338,85.56605819888611,82.92532984028745,80.34927069712384,77.80804985071197,75.28100775943564,72.75151528901421,70.20481790884921,67.62844772546757,65.01487995771222
55.454760511345384,57.52338797021983,59.53284616783189,61.502834969589415,63.45310672053135,65.40344236502315,67.3736388669595,69.38350239806164,71.45284455452662,73.58165968739382,75.69066166245693,77.68074449321188,79.45280300256208,80.94951529795986,82.28069037996433,83.59792029678457,85.05279733209395,86.73078061387142,88.45279616188365,89.99922425986674,91.25279569371284,92.11409805559106,92.45279556888474,92.16115738341708,91.25279569371284,89.78684166915642,87.88315927510773,85.67679573848723,83.30279840169666,80.87467411646162,78.41976744573802,75.94388294622587,73.45282633205304,70.95240537166659,68.4484314575597,65.94672232672248,63.45310672053135
53.849047898734526,55.91723809350064,57.926430805665646,59.89625504734428,61.84642307355021,63.796692515459554,65.76684642535987,67.77668246885891,69.84600692111569,71.9748108153276,74.08380595626139,76.07388476857417,77.84594096173862,79.34265191704684,80.67382613926978,81.99105542895802,83.44593196043766,85.12391483645315,86.84593010284499,88.39235802745351,89.6459293596702,90.5072316669114,90.84592916151797,90.554290992053,89.6459293596702,88.17997545705852,86.2762932971794,84.06993019738078,81.69593365832547,79.2678107921596,76.81290663936686,74.33702662087708,71.84597799489948,69.34557128059934,66.8416227497273,64.33995874457335,61.84642307355021
52.2848299175963,54.37362595011109,56.41331040840791,58.423280853305116,60.422384666459266,62.42821223201156,64.45645122903358,66.52052700530174,68.63184457839168,70.78464538428065,72.90940698526941,74.9224516544297,76.74249893211105,78.32937472688228,79.7883321912789,81.25320568029625,82.844649522758,84.61560155182883,86.39787861998914,88.00761689467367,89.39729678652418,90.51283776431075,91.03173164026629,90.61527569709155,89.39729678652418,87.61426258122131,85.4445416088813,83.03770744183664,80.52810182573549,78.0196622781911,75.52007553328302,73.02041779048346,70.51635850107317,68.0054747340591,65.48620087881011,62.95798440367753,60.422384666459266
50.640051271452535,52.706447489772,54.71455053707409,56.68369918366972,58.63344130479486,60.583438884522025,62.55341787821688,64.56314103147184,66.63239277147787,68.7611505070694,70.87011757904568,72.86017988681269,74.63222656690346,76.12893201816331,77.46010270906626,78.77732942297726,80.23220388510921,81.91018509456376,83.63219920427305,85.17862641679059,86.4321973315908,87.29349941442443,87.63219683227857,87.3405587285405,86.4321973315908,84.96624392983549,83.06256273174714,80.85620142608039,78.48220816351204,76.05409112579038,73.59919731469628,71.12333570068026,68.63231988361092,66.13197167970182,63.628127398401176,61.12664871785826,58.63344130479486
49.58858125324557,51.663066523275205,53.680847146368464,55.66167244750778,57.625154741816544,59.590568666453066,61.57665301114412,63.601479848847475,65.6824962047511,67.81802013817187,69.9314439124851,71.92798268734225,73.71360558867909,75.23609143207162,76.60445047852222,77.96561579675468,79.46207201887103,81.16888342821134,82.90981326219907,84.47630686626476,85.77369581650953,86.71936096327545,87.11986592005789,86.7852359966718,85.77369581650953,84.2070961873755,82.22279178895619,79.95792682524834,77.54543168637645,75.09490942793957,72.6276693546582,70.14525602008871,67.65063258092442,65.14733744144203,62.63916388496676,60.13020250914778,57.625154741816544
48.838230741788294,50.900120452248565,52.90548304323529,54.872931385263456,56.82160113116174,58.770914002745045,60.74045237528155,62.74989112017899,64.81895965988052,66.9476010920906,69.05649743810432,71.0465181582572,72.8185408673636,74.31523244947198,75.64639424208991,76.963614465494,78.41848371322284,80.09646072322181,81.81847191828071,83.36489733644434,84.61846719942213,85.47976871678475,85.81846594123492,85.52682800311821,84.61846719942213,83.15251505974432,81.24883628521245,79.04247950046148,76.66849449408177,74.24039214299196,71.78552439094884,69.30970915205458,66.81877600431643,64.3185752248775,61.81499359648326,59.31398177960578,56.82160113116174
38.19366056226416,40.22993586973581,42.2196347872021,44.17733120275629,46.11983719972201,48.065209159016064,50.03220926716027,52.04000870995068,54.10802091628689,56.235991586454034,58.34447997180203,60.334260785772656,62.10614520656229,63.602756775345284,64.93386723144071,66.25105000897165,67.70588917281657,69.38384195437366,71.10583633348428,72.65225139916308,73.90581519366138,74.76711344854041,75.10580955714624,74.81417257458207,73.90581519366138,72.43987033552654,70.53620554363815,68.32987484204706,65.95593746879193,63.52791984900898,61.073202434181425,58.59765472280145,56.10719842765165,53.607847868448005,51.10578051710969,48.60745878836076,46.11983719972201
39.17911158373998,41.222126223383064,43.215960812338324,45.17623757228843,47.120376686092115,49.066793703375225,51.034467281903275,53.04270182970782,55.11099447290154,57.23914324392206,59.34773996093743,61.3375844841396,63.10950562980247,64.60613844791109,65.93726253771806,67.25445526002204,68.7093024135086,70.38726162965563,72.1092604747615,73.65567828986923,74.90924369604592,75.77054281738228,76.10923922233654,75.8176019859946,74.90924369604592,73.44329690406514,71.53962839864661,69.33329076987661,66.95934074627084,64.53130062389631,62.076543283923655,59.60092452761046,57.11034160687561,54.61076530169309,52.10829596790636,49.60926037786271,47.120376686092115
40.16821915288725,42.21661523017893,44.213744777294565,46.17607448711708,48.12151179521314,50.06875908851781,52.03696753481013,54.045547562338726,56.11406284358006,58.24235299498736,60.351035702983566,62.3409307951911,64.11288109050385,65.60953077464715,66.94066568573851,68.2578663013218,69.71271979625415,71.39068411957413,73.11268650935955,74.6591065066975,75.91267319206715,76.77397300111238,77.1126696412789,76.82103220351308,75.91267319206715,74.44672486518817,72.54305341232833,70.33671028542116,67.96275022112705,65.53469223812917,63.07990320859888,60.604228060903864,58.11354462795947,55.613789118247496,53.111000636293625,50.61139815573176,48.12151179521314
41.160248382923285,43.21293630799704,45.212688964056014,47.176651216726825,49.1231201576949,51.07102695432789,53.03966013601229,55.0485144571077,57.11720648104895,59.24560885978248,61.354359823955775,63.344295054670994,65.11626848676832,66.61293155776549,67.9440750578422,69.2612819383933,70.71614046657423,72.39410884348248,74.11611404669242,75.66253577607205,76.91610347673969,77.77740383162063,78.11610065847546,77.82446306083924,76.91610347673969,75.45015393160894,73.54648013935673,71.34013264855528,68.96616461489964,66.53809245572369,64.08327827357701,61.607558366134555,59.1167951506641,56.61689738742842,54.11385553785934,51.61380292785657,49.1231201576949
42.154608905714845,44.21071633470933,46.21255595040019,48.17781592095946,50.12510446164367,52.073535029812675,54.04250545693998,56.05157753926434,58.12040986588562,60.248901328100416,62.35770647044441,64.34767356028708,66.11966535649856,67.61633905282085,68.94748937005923,70.2647012231613,71.71956374625933,73.39753534051684,75.11954277674991,76.66596588085474,77.91953438736613,78.78083517547763,79.11953215050724,78.82789442598164,77.91953438736613,76.4535838753068,74.54990822627354,72.34355727183436,69.96958291285321,67.54149950191639,65.08666535574821,62.61090992128756,60.12008337864657,57.62007269687241,55.11682971176927,52.61641971520402,50.12510446164367
43.1508276252649,45.20965738837636,47.21315658312957,49.17944779526465,51.127387352369254,53.076233842182376,55.045472024860516,57.05471697859329,59.12366067732849,61.25222285056341,63.361070996170525,65.35106337335822,67.12306974545145,68.61975187520832,69.95090760328162,71.26812340312695,72.72298909700852,74.40096324488675,76.12297245347563,77.66939664870235,78.92296579481305,79.78426692678019,80.12296401941629,79.83132619417844,78.92296579481305,77.45701451530111,75.5533373925371,73.34698368899892,70.97300430957901,68.54491196803752,66.09006197617771,63.61427834315863,61.12340153535433,58.623301222615794,56.11989857248838,53.619204843280045,51.127387352369254
44.148526169290136,46.20952188336345,48.214340281589394,50.18145077454268,52.12990735884256,54.079084094419144,56.0485348475474,58.057917030962514,60.12694913449991,62.25556743451983,64.36444971311236,66.35446216134459,68.12648010249589,69.62316892594257,70.95432894862992,72.27154788102442,73.7264160915685,75.40439226626239,77.12640288157368,78.67282794282548,79.926397596587,80.78769900147273,81.12639618745321,80.83475828227998,79.926397596587,78.46044570794695,76.55676741548038,74.35041152997591,71.97642816581563,69.54832873600054,67.09346616725747,64.61766015255819,62.126743447783824,59.62657199020103,57.12304259896132,54.62212362390417,52.12990735884256
45.24740239775475,47.310120535784684,49.31598724569858,51.28374849670435,53.23261564444047,55.182054577269014,57.15167408090355,59.16116519717119,61.23026747312598,63.358930323153686,65.46783969391666,67.45786807284068,69.22989519646848,70.72658933274329,72.05775276408798,73.3749741827991,74.82984439082578,76.50782217420789,78.22983390603711,79.77625965465421,81.02982971133872,81.89113133284022,82.22982859290823,81.93819062429017,81.02982971133872,79.56387733923299,77.66019811837191,75.45384050103648,73.0798539741759,70.65174891836412,68.19687636724802,65.72105258790157,63.23010421594648,60.72987628770187,58.22624629258763,55.72514851010162,53.23261564444047
46.24721534466381,48.311302660631824,50.31800221064039,52.28628028045536,54.23547341785023,56.18512050783393,58.15487396977221,60.164451554659436,62.233609529950996,64.36230774069723,66.47123861503532,68.46127963834255,70.23331405017547,71.73001240327189,73.06117854008221,74.37840193219083,75.83327372562448,77.51125278582546,79.23326540383664,80.77969169801635,82.03326207450124,82.89456386793086,83.2332611868022,82.94162316782797,82.03326207450124,80.56730931866832,78.66362936093935,76.45727036904682,74.0832813319432,71.65517181075583,69.2002913365657,66.72445345722308,64.23347995042123,61.733207199516855,59.229497349140274,56.72825762840223,54.23547341785023
47.24777302254186,49.312948374602136,51.32030945142837,53.28899791718905,55.23844987168758,57.18826220829044,59.158122006197885,61.167768226665416,63.23697041272479,65.36569669014487,67.4746446322001,69.46469569147732,71.2367358880057,72.73343758801272,74.06460587216044,75.38183083055998,76.8367038823344,78.51468395594864,80.23669727732351,81.78312400451686,83.0366946348276,83.89799656471669,84.23669393026029,83.94505587131832,83.0366946348276,81.57074157443006,79.66706103184825,77.46070094896777,75.08670991947909,72.65859685410877,70.20371009133325,67.72786102069882,65.23686756398496,62.736559236136515,60.23278600087011,57.73143361188332,55.23844987168758
48.24892258748981,50.31496234657537,52.322848793647836,54.291863114808834,56.241520542328615,58.19146405553481,60.16140826066942,62.17110896062992,64.24034623816915,66.36909479266038,68.4780562815722,70.46811530647733,72.24016009434885,73.73686445081135,75.06803443930684,76.38526064087498,77.84013469139671,79.51811556935846,81.2401294489939,82.78655651987054,84.04012735164306,84.90142938984016,85.24012679242756,84.94848870176315,84.04012735164306,82.57417404951235,80.67049304273226,78.4641320939333,76.09013948308508,73.66202360468733,71.20713185063472,68.73127389739221,66.24026460618899,63.73992804016082,61.23610449392652,58.73466267266724,56.241520542328615
49.25054243443286,51.317268798781626,53.32557243176693,55.29484546263751,57.24466600555327,59.19471364647356,61.164724850906026,63.17446879340875,65.24373392393724,67.37250016009008,69.48147240127537,71.47153774854982,73.24358618058993,74.74029264548932,76.07146398672968,77.38869117500306,78.84356601823205,80.52154753460536,82.2435618573328,83.78998920099119,85.04356019266407,85.90486231682532,86.24355974881439,85.95192163297185,85.04356019266407,83.57760669866951,81.67392532345487,79.46756368737546,77.0935698213998,74.66545171029595,72.21055599464927,69.7346909912294,67.24366913203647,64.7433101528837,62.239446673328786,59.73793386495031,57.24466600555327
50.35253586045715,52.41980751481208,54.42844239409183,56.39792081221974,58.34787083966613,60.298001134856975,62.26806551996701,64.27784378544648,66.34713102345101,68.4759112937612,70.58489206911122,72.57496243448257,74.34701375891206,75.84372189728316,77.17489431219981,78.4921222836227,79.9469977560245,81.62497977910579,83.34699445351569,84.89342201368116,86.14699313226707,87.00829532465809,87.34699277998331,87.0553546441569,86.14699313226707,84.6810394859901,82.77735781834862,80.57099563677403,78.19700077460213,75.76888089139527,73.31398203141993,70.83811143224126,68.34707959773554,65.84670282898007,63.342807653395894,60.84123849955665,58.34787083966613
51.35482599570008,53.422530655740985,55.431428524553255,57.40106998967515,59.351122801509135,61.30131870450931,63.271425301229925,65.28123080972345,67.35053559478591,69.47932700414854,71.58831455311972,73.57838890137556,75.35044252150283,76.84715198811202,78.17832525520731,79.49555384821709,80.95042981999404,82.62841224524993,84.35042719879051,85.89685493079782,87.1504261501147,88.01172839665975,88.35042587050688,88.05878771881923,87.1504261501147,85.68447238297102,83.78079048323018,81.57442786869558,79.20043221584154,76.77231092611372,74.31740957047721,71.84153452992334,69.35049477794819,66.85010388939058,64.34618355606432,61.844569678946684,59.351122801509135
52.457351754875006,54.52540022333004,56.53450687696996,58.50427777212313,60.45441217182238,62.4046601509704,64.37480025237817,66.38462738420138,68.45394609658881,70.58274634710783,72.69173927233724,74.68181678182216,76.45387222405022,77.95058274488439,79.28175668835516,80.59898577471915,82.05386214285069,83.73184488731289,85.45386006239971,87.00028793079798,88.2538592300651,89.11516151959225,89.45385900814023,89.16222084386351,88.2538592300651,86.78790536698946,84.88422328303116,82.67786032485587,80.30386404443664,77.87574163835119,75.42083830190336,72.944959736216,70.45391370010442,67.95351160453578,65.44957130312663,62.947921927949764,60.45441217182238
53.56006460811261,55.62838604041649,57.63765843812766,59.607532074280755,61.55773123525283,63.50802054927969,65.47818724420037,67.48803153880883,69.55736130545736,71.6861685732602,73.7951657656485,75.78524578420985,77.557302672643,79.05401403021716,80.38518851052797,81.70241798846774,83.15729467118626,84.83527766900278,86.55729301993102,88.10372099658288,89.35729235930654,90.2185946829486,90.55729218316463,90.26565400889598,89.35729235930654,87.89133842008965,85.98765618991784,83.78129295899467,81.40729618047638,78.97917288833654,76.5242679797154,74.04838661612041,71.55733559226323,69.05692460161058,66.55296845129055,64.05129090054857,61.55773123525283
54.66292600794279,56.73146414406135,58.740868112742504,60.71082330224115,62.6610738673827,64.61139599019279,66.58158379291844,68.59144170985093,70.66078025035796,72.78959308781626,74.89859366706334,76.88867567708456,78.66073371337316,80.15744573506893,81.48862064147026,82.80585043020412,84.2607273626106,85.93871056151464,87.66072605200831,89.20715411458113,90.46072552767029,91.32202787838936,91.66072538786638,91.3690872056671,90.46072552767029,88.99477152802004,87.09108918179848,84.88472573439512,82.51072856053518,80.08260456513301,77.62769840867566,75.15181482437528,72.66075984172718,70.16034179099536,67.65637306123972,65.15467314707267,62.6610738673827
56.571604573809964,58.70059682614904,60.80084218317931,62.889646718737424,64.98250467758632,67.09140913280832,69.22363942119972,71.38147642494836,73.56325839294593,75.75551424710987,77.90589022290177,79.95583896997394,81.85141803843902,83.57460746764741,85.21519399208258,86.87475769877514,88.63337906070444,90.51172266037709,92.36103329147096,94.03912798794806,95.5690222363879,96.92425041512192,97.59757133335546,97.0754229343905,95.5690222363879,93.44466423547287,90.94405100559648,88.25487307259101,85.53515550717805,82.89400553946504,80.31769673453849,77.77633833436381,75.24921961211587,72.71966479637956,70.17287504838865,67.59634125105083,64.98250467758632
55.39167823017951,57.460294790202354,59.46974637108514,61.4397310716878,63.39000023768695,65.34033423236376,67.31052967288952,69.32039251899498,71.38973423426972,73.51854908706966,75.62755089182664,77.61763362244236,79.38969207407342,80.88640433607634,82.21757939665511,83.5348092978473,84.98968632060135,86.66766959226726,88.38968513326157,89.93611322692419,91.1896846582377,92.05098701875436,92.38968453158236,92.09804634651347,91.1896846582377,89.7237306367201,87.82004824850688,85.61368472277194,83.23968740586083,80.81156315598886,78.35665654801178,75.8807721601663,73.3897157450589,70.88929513968502,68.38532185813138,65.88361385184044,63.39000023768695
53.78598250010678,55.85415540152988,57.86333761313705,59.833155345752445,61.78331926906445,63.733586092237815,65.7037383173285,67.71357327349357,69.78289702541682,71.91170047505452,74.02069534564592,76.01077399899825,77.78283010053957,79.27954100283682,80.61071519104868,81.92794445592894,83.3828209674782,85.06080382744261,86.78281908269417,88.32924700044441,89.58281832864087,90.44412063372071,90.78281812758809,90.49117995875613,89.58281832864087,88.11686443085301,86.21318228023713,84.00681919771824,81.6328226902196,79.20469988018897,76.74979582699997,74.27391598576934,71.78286767578626,69.28246152502682,66.77851399824938,64.27685177813476,61.78331926906445
52.22396270740006,54.3129306731889,56.35287718208522,58.3631942430321,60.362718510309136,62.36901888742426,64.3977463447577,66.46227262054536,68.57393518530671,70.72693160843906,72.85182115484787,74.86505148739232,76.68548369273037,78.27307125544004,79.73301230200994,81.19898653396326,82.7914155192409,84.56302056203768,86.34571345030031,87.9558823704182,89.34646697178454,90.4636233003542,90.9836058146694,90.56640064717548,89.34646697178454,87.56128006866359,85.38962672833648,82.98125559430972,80.47056901460016,77.96147304125901,75.461515812448,72.96165941655548,70.45749108929681,67.94651945635286,65.42711679475096,62.898676094616064,60.362718510309136
50.57705511883891,52.643407838212056,54.65148445518183,56.62061671149036,58.57034849859518,60.52033948140527,62.49031423041818,64.50003464407882,66.56928461948213,68.69804123486672,70.80700762564163,72.79706953286018,74.5691159820776,76.06582129975916,77.39699190496009,78.71421855635917,80.16909296826982,81.84707413727833,83.56908821891588,85.11551541415156,86.36908631882139,87.23038839620887,87.56908581220029,87.27744771005734,86.36908631882139,84.9031329292215,82.99945175447499,80.79309049235033,78.41909730929954,75.99098041302916,73.53608685291859,71.06022568556074,68.56921066472597,66.06886388078172,63.56502212942283,61.06354794620739,58.57034849859518
49.52606000111126,51.60059256873511,53.61844588630839,55.59936848272882,57.562970579539865,59.528521614670595,61.514750337922266,63.53971286350705,65.62083481312489,67.75641928246228,69.8698829136612,71.86647989884395,73.65222491417093,75.17494177424393,76.54363170112083,77.90518431739511,79.40200344618263,81.10906441965915,82.8501570883448,84.41682265979728,85.71458436935019,86.66095660640772,87.0619708852816,86.72698746450253,85.71458436935019,84.14712285366136,82.1621133631412,79.89672843964277,77.48388726521183,75.03316226974107,72.56581013538334,70.08333739871557,67.58868155508239,65.08536040569467,62.57714888460279,60.06812188250788,57.562970579539865
48.775408405680395,50.837188995711415,52.842485172653625,54.80989228678473,56.75853602191188,58.707832282259744,60.67735996376942,62.68679180732475,64.7558559013141,66.88449451109646,68.9933891407085,70.98340885158566,72.75543097894385,74.25212222446237,75.58328380112766,76.90050386701317,78.35537298819317,80.03334989627501,81.75536102059783,83.30178639521401,84.55535623266492,85.41665773630406,85.75535495606046,85.46371702196323,84.55535623266492,83.08940412361667,81.18572540790251,78.97936873287026,76.60538392686084,74.17728193220141,71.72241481258328,69.24660069915346,66.75566955766296,64.25547235587446,61.75189710114968,59.25089661244958,56.75853602191188
38.15877953649664,40.19478692223433,42.1843212121688,44.14191483005328,46.08435573287571,48.02968602401256,49.99665927427493,52.004441362849946,54.072442382970394,56.20040594856519,58.30889001233612,60.29866828475974,62.070551240469484,63.56716196153886,64.8982718737332,66.21545425452783,67.67029309963368,69.34824562448858,71.07023982543205,72.61665478142461,73.87021851162629,74.73151673193867,75.0702128287219,74.77857585628202,73.87021851162629,72.40427373064067,70.50060908690057,68.29427866166327,65.92034179308175,63.49232507101432,61.03760924894351,58.56206437176222,56.071613127972995,53.57227157387068,51.07022025657504,48.57192699810767,46.08435573287571
39.144085245791175,41.186885794153945,43.1805891626241,45.14078411224875,47.0848714720784,49.03125538103958,50.998907627542955,53.00712839519608,55.075412157420914,57.20355528857189,59.312148575188445,61.301991081031446,63.073911063810584,64.57054320906906,65.90166686717251,67.21885927458186,68.67370617508223,70.351665187483,72.0736638911768,73.62008161922617,74.87364697437046,75.7349460682712,76.07364246384182,75.78200523553555,74.87364697437046,73.40770024362325,71.50403185579053,69.29769444636412,66.92374482332242,64.49570541347879,62.040949337720406,59.565332831045325,57.07475391999853,54.575184763501795,52.072728160162484,49.57371518032059,47.0848714720784
40.13307661589031,42.18130185217956,44.17832689752851,46.14059153550155,48.08598771042091,50.03320870274149,52.00140020839308,54.009969294762215,56.07847752562131,58.206763200052066,60.315443185111576,62.305336676056925,64.07728604835731,65.57393519844692,66.90506976688931,68.22227013253755,69.67712342667286,71.35508758827837,73.07708986582443,74.62350979406392,75.87707643892901,76.73837622619857,77.0770728589173,76.7854354275294,75.87707643892901,74.41112816065129,72.50745680111964,70.30111384830649,67.92715410194309,65.4990966844899,63.044308658393845,60.56863529632167,58.07795504613378,55.57820521117682,53.075426836045025,50.57584230961281,48.08598771042091
41.125013068425176,43.17756481518373,45.17723430536358,47.14114482268318,49.08758108087086,51.03546698796099,53.004086717922846,55.0129323525902,57.08161877966103,59.21001760463213,61.31876640746586,63.308700367206086,65.08067306668855,66.57733571379933,67.90847894191181,69.22568562408742,70.68054399289453,72.35851224144926,74.08051735557449,75.62693903011052,76.88050669862963,77.74180703622716,78.08050385717068,77.7888662645966,76.88050669862963,75.41455719207374,73.5108834738964,71.30453612127403,68.93056833996185,66.50249662966445,64.04768324396086,61.57196475382105,59.081204064673045,56.58131080602229,54.078276979918996,51.57823862541386,49.08758108087086
42.11929960422559,44.175298579801456,46.177072045836525,48.14229089858742,50.089553476625525,52.03796745564942,54.006927202401386,56.0159923887756,58.084820272541435,60.21330891389128,62.32211234068872,64.31207842172485,66.08406963644725,67.58074299632584,68.91189309770385,70.22910479335397,71.68396718995622,73.36193868233909,75.0839460478654,76.63036910844073,77.88393758943579,78.74523836382942,79.08393533416721,78.79229761365946,77.88393758943579,76.41798710799341,74.5143115177535,72.30796067298746,69.93398651429258,67.50590345963431,65.05106994561402,62.5753156361005,60.08449109870813,57.584483992558646,55.081247376740535,52.58084869810891,50.089553476625525
43.115459378714796,45.17420282898993,47.17764943173493,49.14390797365883,51.09182691012906,53.04066022738954,55.00988993069346,57.01912941014436,59.08806958219441,61.216629516355,63.32547630027504,65.31546787675167,67.08747378730898,68.58415565002727,69.91531120677067,71.23252688164555,72.6873924751269,74.3653665421469,76.08737569461567,77.63379985529296,78.88736898115133,79.74867010223059,80.08736719114279,79.7957293690939,78.88736898115133,77.4214177259401,75.51774064984048,73.31138703335014,70.93740781289824,68.50931575413738,66.05446626402035,63.57868352389339,61.08780830772223,58.58771083316881,56.08431323901168,53.583628494956656,51.09182691012906
44.113110997735916,46.174038057749144,48.17881465747921,50.14589919799718,52.09433940681784,54.0435056837147,56.01294970527522,58.02232754314336,60.09135684730418,62.21997337007366,64.32885456785863,66.31886638055293,68.09088395537808,69.58757256687414,70.91873245357601,72.2359512867809,73.69081941763699,75.36879552815353,77.09080609892217,78.63723113275206,79.89080077043926,80.75210216668326,81.09079934970808,80.79916144706593,79.89080077043926,78.42484890108668,76.52117064565775,74.31481482924337,71.94083159125648,69.51273238588587,67.05787021538052,64.58206490938339,62.09114946793082,59.59098026314933,57.08745488525514,54.58654304304443,52.09433940681784
45.211949893071875,47.27461344713434,49.280446946096525,51.24818758472037,53.19704172963759,55.14647235912639,57.11608651897697,59.12557418579951,61.194674239733445,63.323335679096076,65.43224419199895,67.42227206648796,69.19429889935941,70.69099286740772,72.02215619082008,73.33937753080406,74.79424767558217,76.47222540802656,78.19423710450224,79.74066283135451,80.99423287528082,81.85553448992337,82.19423174764546,81.90259378103634,80.99423287528082,79.5282805184836,77.62460132701932,75.41824376452081,73.04425733780442,70.61615246013517,68.16128022510321,65.68545700826235,63.194509639032745,60.69428349892104,58.1906566894654,55.68956456915859,53.19704172963759
46.21173315258174,48.27577708637367,50.282450254459064,52.25071195543828,54.199894768963844,56.149535267145495,58.11928448713043,60.128859333950444,62.19801554552575,64.32671263658827,66.43564283002814,68.42568345295984,70.19771763401734,71.69441585359154,73.02558190473556,74.34280523435825,75.79767697759132,77.47565599736299,79.19766858731396,80.74409486421894,81.99766523057762,82.85896701856329,83.1976643355727,82.90602631819294,81.99766523057762,80.53171248689509,78.62803255249838,76.42167360413,74.04768464651107,71.61957526671605,69.16469504340373,66.68885761052735,64.1978848996058,61.69761356799596,59.193906246244694,56.69267102010754,54.199894768963844
47.212267232139794,49.27740811460039,51.28474823796965,53.2534237062433,55.202867464459615,57.15267456824026,59.122530998935844,61.132175046046285,63.201375832181924,65.33010122088446,67.43904862250145,69.4290993639971,71.20113937735773,72.69784097138762,74.02900918754172,75.34623409634602,76.80110710827617,78.47908714980157,80.20110044890504,81.7475271623874,83.00109778466097,83.8623997102292,84.20109707429498,83.90945901661854,83.00109778466097,81.5351447339072,79.63146420984424,77.42510416150893,75.05111319510738,72.62300024196058,70.16811367830795,67.69226496203734,65.20127213702452,62.70096493570398,60.19719370751366,57.695844886225544,55.202867464459615
48.213398044732955,50.279410421845455,52.287280229250726,54.25628423081153,56.205935151537716,58.15587451087961,60.12581604322247,62.13551501809272,64.20475118447322,66.33349903357373,68.44246009353378,70.4325188662135,72.20456350870387,73.70126778105197,75.03243771558076,76.34966387778502,77.80453789668232,79.4825187491751,81.20453261113371,82.75095967112793,84.00453049652137,84.86583253128897,85.20452993270342,84.91289184304347,84.00453049652137,82.5385772020449,80.63489620996324,78.42853528858282,76.05454272780696,73.6264269384813,71.1715353424733,68.69567767049159,66.20466888067641,63.704333208794864,61.20051125564396,58.69907226627791,56.205935151537716
49.215002993816164,51.28170761029891,53.289998030762504,55.25926286876273,57.209078246350714,59.15912258998722,61.12913167287611,63.1388742461136,65.2081384946905,67.33690417096481,69.44587607168735,71.43594121876902,73.20798953541959,74.7046959335571,76.03586723196399,77.35309438899418,78.80796920712282,80.4859507032814,82.2079650119787,83.75439234699971,85.0079633336095,85.86926545504878,86.20796288610688,85.91632477106158,85.0079633336095,83.54200984569016,81.63832848214165,79.43196686782436,77.0579730415912,74.62985500118405,72.17495941097789,69.69909463079618,67.20807316955934,64.70771490010432,62.203852685022184,59.70234212445045,57.209078246350714
50.31698458650365,52.38423897024664,54.39286335920541,56.36233527326246,58.31228120042957,60.262408878338036,62.23247157948498,64.24224875813995,66.31153529612375,68.44031512205208,70.54929562717436,72.53936583365177,74.31141706649623,75.80812515187831,77.13929753279793,78.45652547942309,79.91140093190269,81.58938293893951,83.3113976022137,84.85782515552367,86.11139627009098,86.97269846032158,87.31139591490789,87.01975777971425,86.11139627009098,84.64544262863589,82.74176097025386,80.5353988059519,78.16140397532365,75.73328414822888,73.27838538781603,70.80251496582241,68.31148344717725,65.81110724171755,63.30721306977229,60.80564570010138,58.31228120042957
51.319265324010104,53.38695627048213,55.395845810892794,57.36548211285731,59.315531669947205,61.26572549546627,63.235830755565985,65.24563540142243,67.31493963086847,69.44373068752117,71.55271802201105,73.5427922441522,75.31484579158814,76.81155521613985,78.14272845625167,79.45995702957943,80.91483298554411,82.5928153980655,84.31483034276768,85.86125806933374,87.11482928546107,87.97613153029138,88.31482900355203,88.02319085236662,87.11482928546107,85.64887552214455,83.7451936297529,81.5388310289276,79.16483540110981,76.73671415591824,74.28181287930468,71.80593797938317,69.31489847810839,66.81450803664414,64.31058849992313,61.80897603895306,59.315531669947205
52.421783620659184,54.48982120094412,56.498921242923075,58.468688039525475,60.4188198557119,62.36906618587217,64.33920522636639,66.34903167349904,68.41834994488732,70.54714991545794,72.65614267045254,74.6462200798398,76.41827546437267,77.91498595182571,79.24615987387965,80.56338894462199,82.01826530020332,83.69624803455814,85.41826320262992,86.96469106670949,88.21826236344505,89.07956465161121,89.4182621396937,89.12662397581559,88.21826236344505,86.752308503407,84.8486264252818,82.64226347798757,80.26826721743964,77.84014484670264,75.38524157297547,72.90936311890849,70.41831728177894,67.91791554107179,65.41397587193903,62.91232762079217,60.4188198557119
53.52449054865622,55.592803336679765,57.602070485827284,59.571940868611875,61.522137978909456,63.47242598407722,65.44259183692702,67.45243558808676,69.5217650047102,71.65057205031636,73.75956910758862,75.74964904670222,77.52170588934257,79.01841722042207,80.3495916837343,81.6668211492752,83.12169782203259,84.79968081182687,86.52169615718725,88.06812413041136,89.32169549112572,90.18299781368756,90.52169531353415,90.23005713958187,89.32169549112572,87.85574155431976,85.9520593287777,83.74569610649084,81.37169934374441,78.94357607966069,76.48867122082106,74.01278994581938,71.52173907989499,69.02132837089817,66.51737272242283,64.01569606384479,61.522137978909456
54.62734724421436,56.695878517892226,58.705278320228075,60.67523092730809,62.62547986474057,64.57580094867285,66.54598808303177,68.55584556862274,70.62518383131228,72.75399649241197,74.86299696441706,76.85307891138044,78.6251369113232,80.12184891199016,81.45302380489969,82.77025358379254,84.22513050829288,85.90311370082965,87.62512918690412,89.17155724675632,90.42512865825071,91.2864310081124,91.62512851729618,91.33349033534802,90.42512865825071,88.95917466051402,87.05549231796708,84.84912887741837,82.47513171607658,80.04700774294258,77.59210162599685,75.11621811201316,72.62516325471682,70.12474542753668,67.62077709609957,65.11907789005654,62.62547986474057
56.53822437860063,58.667364503415385,60.76783007202479,62.85691668575588,64.95010348746192,67.05936135797275,69.1919397693461,71.35008355991329,73.53209175339997,75.72447267884002,77.87492924333077,79.92499326396236,81.82080522202575,83.54440480578779,85.18551815163094,86.84562255983724,88.60468920782102,90.48330991678523,92.3327900686254,94.01105495099654,95.5412899974178,96.89707580550862,97.57073999792726,97.04835798036817,95.5412899974178,93.41608272823534,90.91457977301566,88.22458701185454,85.50422764591629,82.86265595919372,80.28609738881985,77.74460136548379,75.2174059698201,72.68778877224054,70.14090659901149,67.56420907636823,64.95010348746192
55.32850710712978,57.39711259312183,59.40655745089613,61.37653798439804,63.326804523884846,65.27713684221365,67.24733120425812,69.25719335434978,71.32653462133828,73.45534918956638,75.56435082127804,77.55443345014386,79.32649184312749,80.82320407119838,82.15437911000689,83.47160899531964,84.92648600531639,86.60446926670812,88.32648480057159,89.87291288984426,91.12648431858443,91.98778667771765,92.3264841900725,92.03484600540881,91.12648431858443,89.66053030015458,87.75684791787069,85.55048440319636,83.17648710648447,80.74836289254432,78.29345634832305,75.81757207394031,73.32651586110003,70.82609561644873,68.32212297762209,65.82041611396377,63.326804523884846
53.72282853084066,55.79098386107334,57.80015540334428,59.76996652224831,61.72012627669274,63.670390439017254,65.64054095220253,67.650374803546,69.71969784387187,71.84850084178494,73.95749543768586,75.94757392952101,77.7196299379655,79.2163407863991,80.54751494005286,81.86474417972619,83.3196206710245,84.99760351467968,86.71961875861174,88.26604666939335,89.51961799350491,90.38092029638868,90.71961778950494,90.42797962131618,89.51961799350491,88.05366410061852,86.14998195941487,83.94361889445362,81.5696224190192,79.14149966602672,76.68659571404349,74.21071605292303,71.71966806401691,69.219262485862,66.71531597932834,64.21365557296123,61.72012627669274
52.16302885552413,54.25217039404339,56.29238142574238,58.303048323475736,60.302996876421304,62.30977427520507,64.33899443275226,66.40397501980135,68.51598543127133,70.66917906585937,72.79419759075014,74.80761507220035,76.628435233885,78.21673998304261,79.67767171131325,81.14475409757986,82.73817438093025,84.51043626897487,86.29354731391985,87.90414921472612,89.29564315119264,90.41442214540308,90.93549754568622,90.51754028947781,89.29564315119264,87.50829192037838,85.33469393885613,82.92477483574558,80.41299889564309,77.90324113173142,75.40291030246837,72.90285355602745,70.39857525138643,67.88751499137285,65.36798240112105,62.83931550383183,60.302996876421304
50.51397150673026,52.58028002942339,54.58832979167602,56.55744539435747,58.507166681341815,60.45715096117536,62.42712139725316,64.43683902726316,66.50608720968474,68.634842686846,70.74380838546344,72.73386988569113,74.50591610032193,76.00262128227672,77.33379180039717,78.65101838827891,80.10589274916049,81.7838738770724,83.50588793018672,85.05231510786257,86.30588600223913,87.1671880740928,87.50588548819152,87.2142473876694,86.30588600223913,84.8399326249901,82.93625147396091,80.72989025607865,78.35589715382442,75.9277804012804,73.47288709619019,70.99702638267448,68.50601217088052,66.00566682973835,63.50182764900785,61.00035803543871,58.507166681341815
49.46345562961001,51.538035983774265,53.55596274527832,55.53698363618764,57.50070675977341,59.46639629830736,61.4527708573646,63.477870431476106,65.55909902772163,67.69474463425102,69.80824851728065,71.80490428826556,73.59077261967565,75.11372275150146,76.48274674526397,77.84469032438878,79.3418757302795,81.04918854999192,82.79044552671736,84.357284608095,85.65542237320702,86.60250777512633,87.00403560717675,86.66869576524243,85.65542237320702,84.08709125106107,82.10137009504228,79.83546021554088,77.42226961054124,74.97133986295317,72.50387454545515,70.02134180951717,67.52665323495616,65.02330581327104,62.515055944001745,60.005962651012055,57.50070675977341
48.712501389228954,50.774171115769335,52.77939981503721,54.74676503995447,56.695382346671764,58.644661728901,60.614178547548406,62.62360337880864,64.69266295560017,66.82129869756618,68.93019158317253,70.9202102685417,72.69223180479513,74.18892270831022,75.52008406554945,76.83730397138291,78.29217296397864,79.97014976850409,81.69216082095316,83.23858615132141,84.49215596283491,85.3534574525298,85.69215466751695,85.40051673750386,84.49215596283491,83.02620388490891,81.12252522895841,78.9161686654096,76.54218406299323,74.11408243049695,71.65921595347554,69.18340298361127,66.69247388063381,64.19228031402854,61.68871153545426,59.18772255702797,56.695382346671764
38.12632341922216,40.162079553889626,42.151459444870696,44.10895664632072,46.05133649347603,47.99662770063989,49.96357575831283,51.97134156854023,54.03933209586317,56.16728899726115,58.275769007316825,60.26554489572102,62.037426477156714,63.53403640305346,64.86514580505735,66.18232781370507,67.637166359827,69.31511864388982,71.03711267770876,72.58352753081329,73.83709120070333,74.69838938859147,75.03708547428488,74.74544851134175,73.83709120070333,72.37114649208536,70.46748198731149,68.2611518212999,65.88721542611282,63.45919954612111,61.00448521808826,58.52894299943989,56.03849649391573,53.53916338673045,51.03712710951776,48.5388605561773,46.05133649347603
39.11149286169784,41.15409262939146,43.147672926213914,45.107791142315506,47.05182995835702,48.99818281204511,50.965815049080796,52.974022890832174,55.04229832258889,57.17043616344938,59.27902623228883,61.26886684580958,63.04078573778028,64.53741725189151,65.86854050504809,67.1857326170797,68.6405792802737,70.31853810155613,72.0405366726024,73.58695431898921,74.84051962626401,75.70181869442955,76.04051508119815,75.74887786042949,74.84051962626401,73.37457295295519,71.47090467542046,69.26456747174298,66.89061822443884,64.46257948296403,62.00782459306443,59.53221019659421,57.04163504670851,54.542072595793684,52.03962793376533,49.540636162394065,47.05182995835702
40.10037525952556,42.14844026968011,44.145367300251976,46.10757090342786,48.05292849615526,50.00012481824692,51.96830043348487,53.97685925692272,56.04536087441704,58.17364234936554,60.28231978025869,62.27221176918829,64.04416027568422,65.54080892482037,66.87194317185089,68.18914330305478,69.64399640883825,71.32196041875206,73.04396259101529,74.59038245443895,75.84394906130996,76.70524882815342,77.04394545388595,76.75230802848068,75.84394906130996,74.3780008286212,72.4743295566334,70.26798676712411,67.89402731898643,65.46597043202603,63.011183347171965,60.53551166004979,58.04483439534796,55.54508988340851,53.04232098861567,50.5427533033001,48.05292849615526
41.09222470062123,43.14464872593513,45.14424021114007,47.10810220211347,49.05450780416854,51.002374116834815,52.97098122896324,54.979818715644825,57.048499892759565,59.1768953842365,61.28564215969166,63.27557492723163,65.04754693950623,66.54420918900274,67.87535216200708,69.19255865810229,70.64741687741335,72.32538500556976,74.04739003613165,75.59381165922319,76.84737929758631,77.70867961897164,78.04737643437022,77.75573884654455,76.84737929758631,75.3814298272145,73.47775617852093,71.27140895551344,68.89744141090486,66.46937012166494,64.01455748304151,61.53884032236037,59.04808200295204,56.54819296968313,54.04516666971429,51.545141687018926,49.05450780416854
42.08644184509262,44.14233909963521,46.14405051992236,48.109230804880234,50.05646903004091,52.00486744835301,53.97381717679164,55.98287589466098,58.05169961095105,60.18018560627621,62.28898742385687,64.27895255861183,66.0509432278854,67.54761627217275,68.87876617106917,70.19597771902608,71.65083999697256,73.32881139379481,75.05081869299667,76.59724171274047,77.85081016980064,78.7121109313266,79.05080789726338,78.75917018052445,77.85081016980064,76.3848597170776,74.48118418198712,72.27483344009683,69.9008594692747,67.4727767488132,65.01794382776086,62.542190573470876,60.051367917041574,57.55136416489492,55.048133523572105,52.54774546130854,50.05646903004091
43.08254633422207,45.141208827911655,47.144606100782354,49.11083399835317,51.05873359263087,53.007554553919874,54.976776303456944,56.98601064794198,59.0549475118971,61.183505345762455,63.29235085239253,65.28234167778567,67.05434715541264,68.55102876764309,69.88218416367542,71.19939972132539,72.65426522062921,74.33223921180245,76.05424831162938,77.60067243989857,78.8542415467598,79.71554265762597,80.05423974304507,79.76260192398753,78.8542415467598,77.38829031434318,75.48461328201572,73.27825974717814,70.90428067584162,68.47618888233492,66.02133986286319,63.54555796028751,61.054684237100375,58.5545894248193,56.0511965732513,53.55052025740193,51.05873359263087
44.08015394061557,46.14101660588743,48.145753999346795,50.11281419655853,52.061239045083894,54.010395511619265,55.97983321886785,57.98920698053739,60.05823365883015,62.186848514503424,64.29572869846882,66.2857399150154,68.05775714621888,69.55444555890082,70.88560531804535,72.20282405820834,73.65769211431541,75.3356681646322,77.0576786936189,78.60410370172643,79.85767332433556,80.71897471247347,81.0576718927258,80.76603399245786,79.85767332433556,78.39172147307511,76.48804325238825,74.28168750078177,71.90770438114828,69.47960538631133,67.02474358936136,64.54893894814163,62.05802469171074,59.557857600101244,57.05433598679895,54.553430835312696,52.061239045083894
45.1789578192262,47.24157017503493,49.24737252243155,51.21509382659958,53.163935774754975,55.11335861559891,57.08296776289269,59.092452194072905,61.1615501637082,63.29021027983855,65.39911798805095,67.38914538936936,69.16117194950525,70.65786575975353,71.98902898192304,73.30625024805933,74.76112033350893,76.43909801817266,78.16110968148593,79.70753538792235,80.96110541988119,81.82240702808991,82.1611042836115,81.8694663188868,80.96110541988119,79.49515307744369,77.59147391355421,75.3851164024939,73.0111300697149,70.58302535914714,68.12815342060878,65.65233073140996,63.16138430275754,60.66115983995036,58.15753601870303,55.656449209617435,53.163935774754975
46.178713232930335,48.242716475002055,50.24936489692109,52.217611243834,54.16678437345048,56.116418688422044,58.086163929380916,60.095736207842265,62.16489076501681,64.29358680579313,66.40251636053631,68.39255660790735,70.16459057249266,71.66128866682016,72.99245463760738,74.30967790861692,75.76454960476082,77.44252858660887,79.16454115023882,80.7109674109397,81.96453776779981,82.82583955067892,83.16453686594176,82.87289885005768,81.96453776779981,80.49858503551457,78.59490512300405,76.38854621546224,74.01455733240162,71.58644808523565,69.13156809725206,66.65573108317037,64.1647591188011,61.66448911851836,59.160784168666964,56.65955315854646,54.16678437345048
47.17922517777586,49.2443337280804,51.25165419706362,53.220317473575165,55.16975354356721,57.11955573887465,59.08940901106416,61.09905101952353,63.16825049250255,65.29697504756969,67.40592194224432,69.39597238565419,71.16801222719955,72.66471372182065,73.99588187419528,75.31310673647816,76.76797971103355,78.44595972245895,80.16797300067138,81.71439970129254,82.96797031602706,83.82927223754223,84.16796960022177,83.87633154373242,82.96797031602706,81.50201727431934,79.59833676762747,77.39197675169626,75.01798584447178,72.58987299659304,70.13498661972194,67.65913823585204,65.16814600338802,62.66783985877379,60.164070513260754,57.66272503854077,55.16975354356721
48.180338400900595,50.24632509380897,52.254179293105736,54.223173614760896,56.172818432015674,58.12275389496037,60.09269292017416,62.10239027687561,64.17162540096653,66.3003725883959,68.40933324599021,70.39939178207712,72.17143628819693,73.66814048164389,74.99931036555077,76.31653649083091,77.77141048006379,79.44939130866612,81.17140515404353,82.7178322038298,83.97140302323947,84.83270505479018,85.17140245510436,84.87976436638661,83.97140302323947,82.50544973594288,80.60176875764866,78.39540786198742,76.02141534818048,73.59329964240635,71.13840819464757,68.66255078649444,66.17154246699178,63.67120763383828,61.16738717503179,58.66595084203614,56.172818432015674
49.181929375877296,51.24861359282052,53.256891619817054,55.22614877279274,57.1759593052181,59.12600055594223,61.09600764878209,63.105748937621215,65.1750123589094,67.30377751000597,69.41274909136723,71.40281405066384,73.17486225907655,74.67156859459004,76.0027398528182,77.31996698054164,78.7748417751256,80.4528232523223,82.17483754785908,83.72126487477802,84.9748358566385,85.83613797552448,86.17483540570933,85.88319729141188,84.9748358566385,83.50888237441782,81.60520102181243,79.39883942790846,77.02484563895464,74.5967276648625,72.1418321923222,69.66596762154262,67.17494653359698,64.67458892985329,62.17072790087241,59.669219448787715,57.1759593052181
50.28389986889701,52.35113805270393,54.35975260161864,56.329218414757904,58.27916049579129,60.22928571863943,62.19934684019563,64.20912299938709,66.2784088807369,68.40718828982573,70.51616854146869,72.50623859890024,74.27828974583593,75.77499778151318,77.10617013054286,78.4233980539072,79.87827348769935,81.55625547968613,83.27827013251479,84.82469767939415,86.07826879019197,86.93957097839602,87.27826843228922,86.9866302976891,86.07826879019197,84.6123151532599,82.70863350356339,80.50227135546352,78.12827655442392,75.70015677996349,73.24525811294234,70.76938785715211,68.27835663479081,65.77798095771436,63.27408772720308,60.77252203111786,58.27916049579129
51.28617179128659,53.35384987430622,55.36273160256202,57.332363061399505,59.28240956547987,61.232601442281336,63.20270544860374,65.21250928528887,67.28181299355505,69.41060371935845,71.5195908526603,73.50966495650314,75.28171843575313,76.778427820854,78.10960103565475,79.42682959052037,80.88170553165281,82.55968793222894,84.28170286864048,85.8281305901026,87.08170180323805,87.94300404645992,88.28170151917043,87.9900633684561,87.08170180323805,85.61574804351145,83.71206615801354,81.50570357004784,79.13170796571461,76.70358676229897,74.24868555981061,71.77281079180533,69.28177152569275,66.78138150361147,64.27746271412273,61.7758515815279,59.28240956547987
52.38868308802829,54.45671045508304,56.46580429522288,58.43556724731276,60.385696640115285,62.33594142349234,64.306079468828,66.31590527370673,68.38522313142857,70.51402283940163,72.62301543471237,74.61309275020594,76.3851480806194,77.88185853676025,79.21303243872474,80.5302614948137,81.98513783862266,83.66312056349655,85.38513572498802,86.93156358501656,88.18513487937747,89.04643716626697,89.38513465391284,89.09349649040865,88.18513487937747,86.71918102218879,84.8154989495351,82.60913601244755,80.23513977053935,77.80701743295998,75.35211421806613,72.87623586870137,70.38519021822118,67.88478881038164,65.38084973433739,62.879202537553724,60.385696640115285
53.491384458086884,55.559689137657585,57.5689513635655,59.538818694630834,61.48901388135583,63.43930065878743,65.40946572175741,67.41930896315088,69.48863805144342,71.61744488862433,73.72644181915493,75.71652168374484,77.48857848343056,78.98528978965751,80.31646423702475,81.63369369093519,83.08857035434886,84.76655333661812,86.48856867675573,88.03499664676453,89.28856800559414,90.14987032714271,90.48856782664274,90.19692965298724,89.28856800559414,87.8226140710497,85.91893184985038,83.71256863566458,81.3385718877125,78.910448649946,76.45554383780248,73.97966264590325,71.48861192812316,68.98820148332547,66.484246305591,63.982570483881176,61.48901388135583
54.59423674097758,56.662761577581506,58.672157471812355,60.642107656534705,62.592355067143814,64.5426751765875,66.51286168400458,68.52271876498816,70.59205676707899,72.7208692627506,74.82986963416039,76.81995152197416,78.59200948782376,80.08872146876521,81.4198963490192,82.73712611868095,84.19200303576515,85.86998622232929,87.59200170425844,89.13842976155865,90.39200117155713,91.25330352061457,91.59200102952329,91.30036284781069,90.39200117155713,88.9260471756154,87.02236483651531,84.81600140239641,82.44200425279689,80.01388030055094,77.55897422066795,75.08309077264283,72.5920360329291,70.0916184154452,67.58765045763924,65.08595191583134,62.592355067143814
56.507073416920946,58.63634532619366,60.73700713239083,62.8263450875243,64.91982486061471,67.02939754772336,69.16228601404191,71.32070300464673,73.50291263326326,75.69540491583949,77.84593322921877,79.89609987462725,81.79211915197871,83.51608380594001,85.15766596917757,86.8182514349146,88.57771416513881,90.45658132427043,92.3062122265871,93.98462843975165,95.51516649305752,96.87144799810822,97.54541727962302,97.0228276356554,95.51516649305752,93.38920404747097,90.88690964175278,88.1961917856461,85.47526111662181,82.833313946972,80.25653296222788,77.714914376103,75.18765069436083,72.65797793723252,70.11101344393569,67.53417008850886,64.91982486061471
55.26774605012592,57.336340731488804,59.34577902968336,61.31575549743245,63.26601947428226,65.21635015702932,67.18654346681889,69.19640493782205,71.26574576742543,73.39456005800166,75.5035615208759,77.49364405046609,79.26570238622836,80.76241458119236,82.09358959875999,83.41081946857948,84.8656964661291,86.54367971749653,88.26569524440258,89.81212332939205,91.06569475562146,91.92699711340488,92.26569462529807,91.9740564410297,91.06569475562146,89.59974074020424,87.6960583637055,85.48969485982285,83.11569758281898,80.68757340393687,78.23266692192107,75.756782758242,73.26572674275035,70.76530685004985,68.26133483832082,65.75962908950892,63.26601947428226
53.66208421020711,55.73022239681809,57.73938352930824,59.709188195368895,61.659343882336756,63.60960544852291,65.57975429143379,67.58958706482261,69.65890941085541,71.78771196802853,73.8967062959186,75.88678463016419,77.6588405477757,79.15555134365547,80.4867254635915,81.80395467867078,83.25883115021054,84.93681397795312,86.65882921084096,88.20525711482338,89.4588284349494,90.32013073569047,90.65882822807387,90.36719006051271,89.4588284349494,87.99287454684529,86.08919241482498,83.88282936699443,81.5088329228445,79.0807102255032,76.62580637226472,74.14992688687474,71.6588792112379,69.15847419176333,66.65452868066353,64.15287004393679,61.659343882336756
52.104447803650444,54.19375838113223,56.234227000579494,58.24523451579472,60.245596100485926,62.252837773145416,64.28253735849913,66.34795992344394,68.46030867684378,70.61369411041599,72.73883806468058,74.75243753218459,76.57363489845326,78.16263678311503,79.6245311225343,81.09268975121384,82.68707232733715,84.45997160301557,86.24348831872408,87.85451019058189,89.24688587118962,90.36723739328127,90.88937125938018,90.4706856575521,89.24688587118962,87.4574353850218,85.28194947065343,82.87052634768105,80.35769134190808,77.84728993569763,75.34659566576894,72.8463439917541,70.34195867899321,67.83081218084817,65.31115315788992,62.782266131844054,60.245596100485926
50.45329582984516,52.51956123243738,54.52758479369871,56.49668414799244,58.4463951902967,60.396372930193905,62.36633915823198,64.37605407228841,66.4453005053309,68.57405487194802,70.68301989523947,72.67308099837325,74.44512698412186,75.94183203365037,77.27300246680787,78.59022899271682,80.04510330381018,81.72308439162484,83.44509841690952,84.99152557745256,86.2450964617861,87.10639852824056,87.44509594049262,87.15345784155187,86.2450964617861,84.7791430965876,82.875461968699,80.66910079398335,78.29510777056092,75.8669911582483,73.41209810197708,70.93623783126733,68.4452244088404,65.9448804754143,63.44104380279748,60.93957864773881,58.4463951902967
49.40324701049347,51.47787393968678,53.49587228115685,55.476988968157244,57.44083003644198,59.406654543279416,61.3931712067083,63.418404314161904,65.499736815879,67.63544198590934,69.7489850837708,71.74569812478336,73.53168658763548,75.0548639485484,76.42421331358095,77.78653761622871,79.28407964504578,80.99163763850098,82.73305455491413,84.30006252025794,85.59856626919228,86.54634556387401,86.94837293197185,86.61268640955893,85.59856626919228,84.029388735985,82.042974648127,79.77655348774421,77.36302248721717,74.91189325655398,72.44431766057451,69.96172646284742,67.46700599541623,64.96363297377832,62.45534573716586,59.94618784727214,57.44083003644198
48.651997997686564,50.713559568289135,52.718722435179316,54.68604679124364,56.63463831290841,58.583901227727594,60.55340744778046,62.56282543731032,64.63188060676724,66.76051355066069,68.86940473467288,70.85942241947214,72.63144337899503,74.12813394882322,75.45929509197225,76.77651484164564,78.23138370878385,79.90936041227114,81.63137139459414,83.1777966817905,84.43136646799726,85.29266794408699,85.63136515442085,85.33972722839263,84.43136646799726,82.96541442043669,81.06173582279663,78.85537936802035,76.48139496424622,74.05329368510637,71.59842783505538,69.12261598094774,66.6316888669099,64.13149884708128,61.62793638714497,59.12695863899431,56.63463831290841
38.09052914466764,40.12600598367534,42.11521422479845,44.07260423072578,46.01491619376182,47.96016394475188,49.92708399118206,51.934831701589054,54.0028105619424,56.13076005337123,58.2392355560595,60.229008793644,62.00088884700661,63.4974978887401,64.82860672345615,66.14578831830846,67.60062653198588,69.27857854830849,71.00057239629922,72.54698713500105,73.8005507378297,74.66184888966484,75.0005449630273,74.70890801064378,73.8005507378297,72.33460610967839,70.43094175942306,68.22461188164834,65.85067601283528,63.422661069159375,60.967948402367284,58.492409139774125,56.00196790277536,53.50264418777334,51.00062463363352,48.502387773430506,46.01491619376182
39.07554711448629,41.117923678366786,43.111367148152496,45.071400050286,47.01538489266419,48.961703216717105,50.92931320541525,52.93750667486387,55.005772843929975,57.1339048024696,59.24249129342678,61.232329802850685,63.00424748193694,64.50087829426684,65.83200109715725,67.14919288075413,68.60403928008378,70.281997888859,72.00399631241253,73.55041386799749,74.80397912204549,75.6652781615957,76.00397453857721,75.71233732618971,74.80397912204549,73.33803251260328,71.43436435771052,69.22802738280825,66.85407855329214,64.42604055498606,61.97128698365904,59.49567493355249,57.00510396574384,54.50554897082148,52.003117586376135,49.504149396583244,47.01538489266419
40.0643083727456,42.11219525506168,44.1090133130454,46.07114905525977,48.01646374970322,49.963632641348156,51.93179058810621,53.940338000164104,56.00883226421075,58.13710906971255,60.24578366059771,62.23567397941642,64.0076215232126,65.5042696153316,66.83540350497964,68.15260337550151,69.6074562718538,71.28542011309946,73.00742216829713,74.55384195965112,75.8074085242759,76.66870826840733,77.00740488637182,76.7157674676187,75.8074085242759,74.3414603422782,72.43778916763173,70.2314465597024,67.8574874431662,65.42943114606831,62.9746451077943,60.49897528307112,58.00830133796681,55.50856274474201,53.005804391191845,50.50625543148956,48.01646374970322
41.05606108253252,43.10834311148808,45.10784786907699,47.07165590575072,49.018027421950556,50.96587194775732,52.93446503012299,54.94329345701752,57.0119687966602,59.14036058158811,61.249105102775644,63.239036544692226,65.01100779285088,66.50766960023441,67.83881228958035,69.15601857877006,70.61087663185434,72.28884462613806,74.01084956378462,75.55727112967432,76.81083873450653,77.67213903786526,78.01083584709832,77.71919826455249,76.81083873450653,75.34488930436831,73.44121573293478,71.234868654048,68.86090137263352,66.43283055157353,63.97801874363907,61.50230306120096,59.01154737673588,56.51166304171436,54.008645110111274,51.508634995556704,49.018027421950556
42.050201081178386,44.10598524263467,46.107627677931234,48.07276508059638,50.01997622815906,51.96835734458194,53.93729593363133,55.946347459124055,58.0151665415562,60.143649594735194,62.25244962300681,64.24241370557883,66.01440376836014,67.51107646173708,68.84222613549129,70.15943751922592,71.61429966523735,73.29227095580438,75.01427818125912,76.56070115560166,77.81426958604828,78.67557033326656,79.01426729430978,78.72262958176142,77.81426958604828,76.34831916525874,74.44464369148972,72.23829306398846,69.86431930206486,67.4362369532016,64.98140469147874,62.50565261050633,60.014832045544296,57.51483202275223,55.011608024524804,52.51123176664936,50.01997622815906
43.046244104933635,45.10481658941143,47.10815901456684,49.07435283936813,51.022230927234034,52.971038149922364,54.94025105562501,56.94947969049679,59.01841287614482,61.14696837466576,63.25581246106006,65.24580245131298,67.01780744755855,68.514488781268,69.84564399860335,71.1628594259092,72.61772482049564,74.29569872733379,76.01770776862745,77.56413186086161,78.81770094659964,79.67900204610976,80.01769912764485,79.72606131191338,78.81770094659964,77.35174973952863,75.44807275587216,73.24171931182548,70.86774040629251,68.43964890772581,65.9848004115713,63.50901944028064,61.01814737716239,58.51805552509448,56.014667946859944,53.51400100238871,51.022230927234034
44.043802777613934,46.10459384623206,48.10928764749065,50.07632077773911,52.024728547213726,53.973874105580705,55.9433047919007,57.9526740212044,60.02169777976354,62.150310781771,64.25918983845656,66.24920039213804,68.02121724126368,69.51790543288129,70.84906505019302,72.16628368690132,73.62115165989383,75.29912764327364,77.02113812580238,78.56756310530886,79.8211327111525,80.68243409027707,81.02113126744666,80.72949336981864,79.8211327111525,78.3551808800089,76.45150269795224,74.2451470184067,71.87116403037206,69.44306526963055,66.98820388804222,64.51239998599787,62.02148704720878,59.52132230526223,57.01780487785173,54.516907165837964,52.024728547213726
45.14256772350435,47.20512315425641,49.21089086492208,51.178590671276034,53.12741905785353,55.076833238462186,57.04643681225029,59.05591764568433,61.12501329776212,63.253671942572836,65.36257875603874,67.35260563123204,69.12463188810929,70.62132552289742,71.95248863249356,73.26970981651748,74.72457983599884,76.40255746753454,78.12456909397406,79.67099477770978,80.92456479636184,81.78586639741667,82.12456365049147,81.83292568786206,80.92456479636184,79.4586124698911,77.55493333666249,75.34857588279704,72.97458965446842,70.54648512970323,68.09161352084044,65.61579141833434,63.12484603552278,60.62462343773261,58.121002939109744,55.61992203562248,53.12741905785353
46.14229217687382,48.20625017513825,50.212871082157676,52.181100356942935,54.13026271899231,56.07989015880784,58.04963097544788,60.05920039812102,62.12835311574601,64.25704798869482,66.36597683326214,68.35601666304188,70.12805038692862,71.6247483419925,72.95591422342979,74.2731374292665,75.72800907305125,77.40598801273151,79.12800054709471,80.67442678977801,81.9279971360765,82.78929891327758,83.12799622659841,82.83635821237736,81.9279971360765,80.46204441646412,78.55836452828913,76.352005666143,73.97801686598487,71.54990776629108,69.0950280399729,66.6191914915551,64.12822035728783,61.627951837325725,59.124249524819476,56.62302320253319,54.13026271899231
47.1427795109596,49.20785211187191,51.2151507273121,53.18380044780311,55.1332279692171,57.08302470675001,59.052874466961896,61.06251420861989,63.1317122214826,65.26043584961899,67.3693821806172,69.35943229258116,71.13147194308266,72.6281733271696,73.95934140862693,75.27656621918199,76.73143915217983,78.40941913013654,80.13143238511995,81.67785907144054,82.9314296777923,83.7927315948008,84.13142895593894,83.83979090076957,82.9314296777923,81.46547664614303,79.5617961587663,77.3554361788657,74.98144533744109,72.55333260661146,70.09844643742545,67.62259842315672,65.13160684955616,62.63130187990822,60.12753462776854,57.626192874136436,55.1332279692171
48.14387317682278,50.20983131184805,52.217668156547745,54.1866517150861,56.136289745846256,58.086220876347795,60.05615711385522,62.065852671293925,64.1350866364489,66.26383308815682,68.37279329835488,70.36285157137081,72.13489592585819,73.63160003157384,74.96276985919346,76.2799959434171,77.73486989966568,79.41285070170392,81.13486452864439,82.6812915670803,83.93486237983655,84.79616440781032,85.1348618069011,84.843223719231,83.93486237983655,82.46890910052336,80.5652281375596,78.35886727049586,75.98487480891443,73.55675919604245,71.10186791312414,68.62601079832585,66.13500300177043,63.63466910121039,61.130850303985426,58.62941692464058,56.136289745846256
49.145448614243335,51.212110149118146,53.22037439581787,55.18962300377254,57.13942814881858,59.089465960499325,61.059470840579024,63.069210701278536,65.13847320269291,67.2672377698369,69.37620899609573,71.36627374659139,73.13832183465286,74.63502810053376,75.96619931408657,77.28342640922344,78.7383011776277,80.41628263374045,82.1382969146438,83.68472423255395,84.93829520913363,85.7995973251806,86.1382947543944,85.84665664092846,84.93829520913363,83.47234173324937,81.56866039281176,79.36229882160569,76.9883050741033,74.56018717374778,72.1052918320419,69.6294274940996,67.13840682122185,64.63804995769198,62.134190247553335,59.63268413992233,57.13942814881858
50.24740676566806,52.314626936829825,54.32323054456903,56.292689574052574,58.24262737853101,60.19274987156858,62.16280923675747,64.17258426239357,66.24186941362285,68.3706483592218,70.47962832901744,72.4696982207227,74.24174927213521,75.73845725254489,77.06962956611571,78.38685746361602,79.8417328766293,81.51971485188173,83.24172949309586,84.78815703282491,86.04172813943136,86.90303032538208,87.24172777850455,86.95008964456446,86.04172813943136,84.57577450752851,82.67209286748962,80.46573073740505,78.09173596926549,75.66361625332996,73.20871769015243,70.73284761916614,68.24181672624724,65.74144163668765,63.23754945296993,60.73598561776669,58.24262737853101
51.24966888658149,53.31733266672934,55.32620570860699,57.295831782328264,59.24587489173352,61.19606460173168,63.166167213962424,65.17597015091876,67.24527327967765,69.3740636376049,71.4830505472029,73.47312451950816,75.24517792294112,76.74188726417604,78.07306045083301,79.3902889851703,80.84516490981056,82.52314729710461,84.2451622242977,85.79158994008459,87.04516114989335,87.90646339132675,88.24516086342555,87.95352271323507,87.04516114989335,85.57920739415846,83.67552551632576,81.46916294265885,79.09516736443841,76.66704620747409,74.21214508740664,71.7362704660809,69.24523146144865,66.74484190568533,64.2409239470547,61.739314291498246,59.24587489173352
52.35217240013776,54.420188411071265,56.42927535534011,58.399034032677505,60.349160730890716,62.299403794379586,64.26954073318491,66.27936582393245,68.3486832216926,70.47748263767969,72.58647505543559,74.57655226652734,76.34860753676469,77.84531795808905,79.1764918377158,80.49372087751141,81.94859720823048,83.62657992256237,85.34859507673714,86.89502293226127,88.14859422398179,89.00989650945178,89.34859399661212,89.05695583352372,88.14859422398179,86.68264036996129,84.77895830339153,82.57259537765296,80.19859915647048,77.77047685575958,75.31557370628336,72.83969547333857,70.34865003039654,67.84824899267731,65.34431057609659,62.84266455167396,60.349160730890716
53.45486759031496,55.523163254052875,57.532420005766596,59.50228394359135,61.45247699147208,63.40276240376747,65.37292658845915,67.38276926303627,69.45209798625294,71.58090459168284,73.68990138128746,75.6799811630134,77.4520379149372,78.94874919353026,80.27992362316797,81.5971530641464,83.05202971717063,84.73001269107269,86.452028025403,87.99845599183666,89.25202734857058,90.11332966899246,90.45202716810718,90.16038899478164,89.25202734857058,87.78607341654077,85.88239120017025,83.67602799499213,81.3020312634901,78.87390805498615,76.41900329476468,73.94312219526826,71.45207164221202,68.9516614911812,66.44770683687022,63.94603194568593,61.45247699147208
54.55771496674116,56.62623264591514,58.6356241946843,60.605571685958424,62.55581739887285,64.50613642476941,66.47632223508103,68.48617886617583,70.55551657850319,72.68432889023289,74.79332914978929,76.78341097183376,78.55546889977464,80.05218085878306,81.38335572496513,82.70058548436269,84.15546239320079,85.8334455731239,87.55546105044381,89.10188910490643,90.35546051324152,91.21676286140476,91.55546037000761,91.26382218855693,90.35546051324152,88.88950651929565,86.98582418402819,84.77946075705867,82.40546362051559,79.97733969149533,77.52243365282297,75.04655027813814,72.55549566916626,70.05507828484666,67.55111074248657,65.04941293925113,62.55581739887285
56.4727969596411,58.6022197555117,60.70310622571036,62.79273189904015,64.88654700037121,66.99647996517744,69.12972320520123,71.28845275407059,73.4708928103228,75.66351246780444,77.81412284682577,79.8644068683488,81.76066324703058,83.48504535565587,85.12716349729038,86.78829880615531,88.54821415578894,90.42736289899219,92.27716602587925,93.95575511371473,95.4866392720321,96.84348686788935,97.51780449535902,96.9949777925052,95.4866392720321,93.3598141414577,90.8566152675965,88.16506846424248,85.44348445781776,82.80110778870383,80.2240723557689,77.68231354248329,75.1549717292452,72.62523540010525,70.07817671183116,67.50116647741794,64.88654700037121
55.203515030944956,57.2720981250546,59.28152938850272,61.25150149597053,63.20176272453823,65.15209165321538,67.12228383451965,69.13214457723765,71.20148493776927,73.33029893057898,75.43930021238427,77.42938263550671,79.20144090990217,80.69815306936081,82.02932806414876,83.34655791735256,84.8014349015533,86.47941814217018,88.20143366161477,89.7478617420107,91.0014331655475,91.86273552188331,92.20143303328138,91.90979484943702,91.0014331655475,89.53547915336117,87.6317967830667,85.42543329075752,83.05143603488945,80.62331189360522,78.16840547830138,75.69252143334597,73.20146562950009,70.70104611424776,68.19707477504663,65.69537022184613,63.20176272453823
53.597871139563196,55.665990940887866,57.67514090957259,59.64493865535512,61.595089980193336,63.54534876216918,65.51549581380422,67.52532743114621,69.59464903258771,71.72345111709123,73.83244515755428,75.82252332279353,77.59457914299159,79.09128988251028,80.42246396628582,81.73969315498934,83.19456960533915,84.87255241601629,86.59456763705982,88.1409955337505,89.3945668496022,90.25586914804536,90.59456663964284,90.3029284727547,89.3945668496022,87.9286129666268,86.02493084445514,83.81856781499634,81.4445714043974,79.01644876673892,76.56154501939889,74.08566572247025,71.59461838279773,69.09421396247735,66.59026951892571,64.08861278003978,61.595089980193336
52.04251145973092,54.13199991108627,56.172739553921986,58.184105402399865,60.184901423586666,62.19263132923135,64.22283497116673,66.28872211783239,68.40142645126575,70.55501343051327,72.68028917825211,74.69407985163443,76.51567348020762,78.10540753643974,79.56831246917574,81.03760044302288,82.63299230680002,84.40655984562059,86.19050177846475,87.80196377108322,89.19526321732535,90.31726125689619,90.8405027041895,90.42105501901978,89.19526321732535,87.40361279958793,85.22614654951447,82.8131445309719,80.29919706252616,77.78811929040427,75.28704301118427,72.78658642349114,70.28208861258238,67.77085144773979,65.25105949272988,62.721941003138525,60.184901423586666
50.38915637311743,52.45537553376866,54.463370996655726,56.432452925734594,58.38215298129458,60.33212370751299,62.30208542267613,64.31179742402739,66.38104198095871,68.50979515657855,70.61875945561985,72.60882013289203,74.38086587317693,75.87757078068543,77.20874112272476,78.52596758217123,79.98084183986944,81.65882288468197,83.38083688012088,84.92726402228988,86.18083489585285,87.04213695651694,87.38083436678855,87.08919626954376,86.18083489585285,84.71488154357792,82.81120044050633,80.6048393120845,78.23084637320494,75.80272991128288,73.34783712185654,70.87197732603212,68.38096475015806,65.88062232642959,63.376788343623446,60.87532797005824,58.38215298129458
49.33959730636586,51.41427328399204,53.43234700463367,55.413564568244,57.37752983011735,59.34349644758922,61.33016272555341,63.35553641437866,65.43697829966874,67.57274617108293,69.6863305487011,71.68310387401917,73.46921878585783,74.99263530588595,76.36232708018417,77.72505197602128,79.22296917427823,80.93078505530326,82.67237018920144,84.23955576543054,85.5384443614323,86.4869531303213,86.8895055017042,86.55345463757538,85.5384443614323,83.96837669111122,81.98123360914302,79.71427440621531,77.30038512094902,74.84904589674935,72.38135420338347,69.89870145664423,67.40394741144198,64.90054743703904,62.39222085784594,59.882994954817306,57.37752983011735
48.5880432900446,50.64948888209331,52.654581152203775,54.62186168055048,56.57042554991058,58.51967080463656,60.489165658398335,62.498576310594714,64.56762675344466,66.69625669656482,68.80514605571224,70.79516266745554,72.56718300846646,74.0638732204337,75.39503413398262,76.7122537161828,78.16712244877468,79.84509904390396,81.56710995102057,83.11353519191739,84.36710495098407,85.22840641248297,85.56710361782648,85.27546569607175,84.36710495098407,82.90115293598875,80.99747440088349,78.79111806275985,76.41713387201878,73.98903297183446,71.53416779417503,69.05835713665495,66.56743215564374,64.06724593952997,61.563690255955066,59.06272455155309,56.57042554991058
38.05595674714402,40.09116161306238,42.08020268751204,44.037488291054615,45.97973413616188,47.92493956053798,49.89183232338078,51.899562403966385,53.96752990023009,56.09547217402472,58.20394328632803,60.193713941886955,61.96559250683161,63.462200687346424,64.79330896949588,66.11049016129078,67.56532805115057,69.24327980668075,70.96527347366543,72.51168810093324,73.76525163844076,74.62654975515845,74.9652458165099,74.673608874412,73.76525163844076,72.29930708866802,70.39564288892154,68.18931329190403,65.81537793580569,63.387363904148,60.93265285548621,58.45711647223342,55.96668036702289,53.46736580041278,50.96536253517109,48.46715459688885,45.97973413616188
39.04082721989844,41.08298641972806,43.07629663143004,45.036246440703245,46.98017871293218,48.92646340457118,50.89405172275502,52.90223119305497,54.97048833987313,57.09861456876655,59.20719757469726,61.19703403462877,62.96895053230587,64.46558066106586,65.79670302537457,67.11389448905956,68.56874063137204,70.24669903315453,71.96869731304267,73.5151147801821,74.76867998238453,75.62997899406193,75.9686753615103,75.6770381572865,74.76867998238453,73.3027334351516,71.3990653997183,69.19272864765463,66.81878022508502,64.39074295066246,61.93599066369043,59.46038089905642,56.969814004788475,54.47026627233602,51.96784782078903,49.4689026002068,46.98017871293218
40.02947051074393,42.0771839178708,44.07389584267545,46.035965489469405,47.981238400663386,49.928380574420984,51.89652131149599,53.90505760841938,55.97354470988721,58.10181696713181,60.21048879171305,62.200377483762,63.972324089840924,65.46897163939741,66.8001051809371,68.11730479754158,69.57215748989736,71.25012116685173,72.97212310802163,74.51854282917611,75.77210935265097,76.63340907465968,76.9721056850577,76.68046827278414,75.77210935265097,74.30616122002891,72.40249014019778,70.19614770913648,67.82218891559684,65.39413319305459,62.9393481742016,60.46368016354647,57.973009451889354,55.47327662376436,52.97052853783009,50.470997817545296,47.981238400663386
41.02112901755937,43.07327275411726,45.07269304198074,47.036448527335686,48.98278684335513,50.93061014813496,52.89918956499754,54.90800916728111,56.97667882096296,59.105066995537285,61.21380932095883,63.20373947165288,64.97570997552458,66.472371352268,67.80351376531641,69.12071985296977,70.57557774414076,72.25354560802573,73.9755504551681,75.52197196534027,76.77553953751172,77.63683982331162,77.9755366265392,77.68389904913617,76.77553953751172,75.30959014656304,73.40591665038468,71.19956971187875,68.82560268682863,66.39753232179936,63.9427213229974,61.46700708044109,58.976253962538465,56.476374203830176,53.9733644233834,51.4733687909754,48.98278684335513
42.01519388382806,44.07086789908121,46.072443144159,48.03753877913155,49.984723552480055,51.93308781628794,53.90201555513195,55.91106007493637,57.97987464377681,60.108354831164576,62.21715311656166,64.20711617425532,65.97910564628293,67.47577799785552,68.80692745230994,70.12413867608379,71.57900069358382,73.25697188065288,74.97897903427418,76.52540196439364,77.77897036891738,78.6402711021992,78.9789680584758,78.68733035000932,77.77897036891738,76.31301997923262,74.40934456519378,72.20299404911327,69.82902049066729,67.40093850375942,64.9461068842565,62.470355946153646,59.979537418383075,57.47954102816004,54.97632350060874,52.47595874069441,49.984723552480055
43.01117704452379,45.069661863183825,47.07295086682812,49.039111504182884,50.98696864417992,52.93576248496555,54.90496677640374,56.914189849855134,58.983119452658784,61.111672676441145,63.22051537945583,65.21050455624064,66.98250908359664,68.47919014601261,69.81034518928814,71.12756048963226,72.58242578221865,74.26039960691016,75.98240859118947,77.52883264832369,78.78240171348665,79.6437028019354,79.98239987968722,79.69076206719552,78.78240171348665,77.31645053110358,75.41277359485508,73.2064202392433,70.83244149521138,68.40435028393108,65.94950229751382,63.473722233341164,60.982851787211814,58.48276281853438,55.97938037677143,53.4787225604272,50.98696864417992
44.008688057927294,46.06940939265476,48.0740607347594,50.041067501144695,51.98945863505256,53.938593568431074,55.908017416060375,57.91738223063048,59.98640314522943,62.11501434167579,64.22389230033494,66.21390220835269,67.9859186853154,69.48260666160525,70.81376614076464,72.13098467670287,73.58585256873761,75.2638284869174,76.98583892419376,78.53226387584135,79.78583346535456,80.64713483569972,80.98583200986653,80.6941941148099,79.78583346535456,78.3198816538058,76.41620350937688,74.20984790002237,71.8358650401716,69.4077665074509,66.95290553044563,64.47710234839509,61.98619069305437,59.48602823979404,56.9825148896401,54.48162442400513,51.98945863505256
45.10741508430945,47.16991507025394,49.17564904416189,51.143327911016705,53.09214308811579,55.04154883329241,57.01114697823485,59.020624307294725,61.08971770195936,63.218374913632346,65.32728085557059,67.31730721829169,69.08933317977981,70.58602664366092,71.91718964360493,73.23441074764725,74.6892807028722,76.36725828265853,78.08926987318114,79.63569553480525,80.8892655404958,81.75056713458238,82.08926438527388,81.79762642468543,80.8892655404958,79.4233132295775,77.5196341262141,75.3132767280594,72.93929060147067,70.51118625768657,68.05631496994437,65.58049343890637,63.08954907479584,60.58932829362385,58.0857110313966,55.58463588023332,53.09214308811579
46.10710938259843,48.17102331304844,50.177617419902035,52.14583006586088,54.0949819398715,56.04460268298463,58.01433919013377,60.02390583113268,62.093056756946524,64.2217504923735,66.3306786451941,68.32071806821898,70.09275155765317,71.58944937706728,72.92061517147324,74.23783831382832,75.69270990661263,77.37068880521929,79.09270131107522,80.63912753620849,81.89269787221943,82.75399964388981,83.09269695531901,82.80105894271786,81.89269787221943,80.42674516495104,78.52306530048011,76.31670648255167,73.94271776314474,71.5146088070963,69.05972933565343,66.58389324081563,64.09292291510914,61.592655837052476,59.08895609344833,56.587734337332364,54.0949819398715
47.10757274572836,49.17261033133991,51.17988766078925,53.14852417721302,55.09794337195282,57.0477347933671,59.01758113274738,61.02721866643117,63.09641525706874,65.22513798232848,67.33408376427762,69.32413355339659,71.09617301781176,72.5928742942329,73.9240423066132,75.24126706678273,76.69613995930138,78.37411990465796,80.09613313701509,81.64255980940621,82.89613040759272,83.7574323202115,84.09612967984827,83.8044916259646,82.89613040759272,81.4301773857409,79.5264969171781,77.32013697237315,74.94614619504091,72.51803357822303,70.06314761133277,67.58729995707417,65.09630902523958,62.59600520006718,60.092239986975585,57.59090185786039,55.09794337195282
48.10864736256727,50.174577681543,52.182397622280746,54.15137069711392,56.10100211753118,58.050929028032726,60.02086255018085,62.03055635504978,64.09978919134382,66.22853492642231,68.33749470083396,70.32755271760553,72.09959692439526,73.59630094465618,74.92747071744918,76.24469676168175,77.69957068580194,79.37755146196538,81.09956527094735,82.64599229832743,83.89956310460295,84.76086512909256,85.0995625269917,84.80792444034208,83.89956310460295,82.43360983306596,80.52992888503485,78.32356804582659,75.94957563511535,73.52146011273477,71.06656899037941,68.59071216132351,66.09970487414492,63.599371881977405,61.09555470321473,58.59412420086829,56.10100211753118
49.11020766608764,51.17684710796803,53.18509793214659,55.154338216891034,57.10413811438619,59.05417257627656,61.02417530102076,63.033913770642044,65.1031753760536,67.23193937439852,69.34091025476977,71.33097480188277,73.10302277271605,74.5997289707713,75.93090014080812,77.24812720420397,78.70300194710788,80.38098338268378,82.10299764933346,83.64942495846859,84.90299592990448,85.76429804318609,86.1029954714541,85.8113573587981,84.90299592990448,83.43704246019223,81.53336113160665,79.3269995825095,76.95300587538287,74.52488804685058,72.069992832584,69.59412872143696,67.10310845285619,64.6027523103316,62.09889388481065,59.59739006079178,57.10413811438619
50.2121537964681,52.27935642270974,54.28794937330714,56.257401795212516,58.20733543412844,60.1574552681999,62.12751292260124,64.13728684409834,66.20657128415377,68.33534977829035,70.4443294735525,72.43439920383199,74.2064501622001,75.7031580887764,77.03433036780851,78.35155824011593,79.80643363288956,81.48441559184185,83.20643022174282,84.75285775450715,86.00642885703095,86.86773104078681,87.20642849315863,86.91479035986134,86.00642885703095,84.54047523002683,82.6367935993949,80.43043148685823,78.05643675076496,75.62831709183563,73.17341862980703,70.69754873882911,68.20651816680366,65.70614364951494,63.20225248542623,60.700690462813455,58.20733543412844
51.21440637043304,53.28205621905404,55.290920800033476,57.26054162840792,59.21058143123945,61.16076903066627,63.130870284983175,65.14067234555891,67.20997490984873,69.33876490944614,71.44775160114526,73.43782544532628,75.20987877490967,76.70658807341692,78.03776123266044,79.35498974700212,80.80986565557811,82.48784802993475,84.20986294814855,85.75629065840755,87.00986186497593,87.87116410466724,88.20986157617025,87.91822342649,87.00986186497593,85.54390811312913,83.64022624276276,81.43386368302365,79.05986813023837,76.63174701851995,74.17684597873463,71.70097150028215,69.20993275034493,66.70954364879874,64.20562649946537,61.7040182826173,59.21058143123945
52.31690230288969,54.38490725250877,56.39398747989672,58.363741993427084,60.313866066981305,62.26410745521501,64.23424331620504,66.24406771135317,68.3133846610876,70.4421837926656,72.55117603747416,74.54125314687329,76.31330835849607,77.81001874590741,79.14119260377606,80.45842162770113,81.91329794566998,83.59128064973345,85.31329579678136,86.85972364791797,88.1132949370666,88.97459722115393,89.31329470784138,89.02165654515795,88.1132949370666,86.64734108613212,84.74365902548838,82.53729611080429,80.16329990980972,77.73517764501054,75.28027455925442,72.80439643970858,70.3133511989192,67.81295052171573,65.30901274748551,62.80736786500073,60.313866066981305
53.41959147362334,55.48787835556102,57.49712977516188,59.46699040781007,61.41718137235284,63.36746545493838,65.33762878414333,67.34747090661295,69.4167992742274,71.5456056539201,73.65460230625574,75.64468200726796,77.41673871266926,78.91344996434555,80.24462437671386,81.56185380509578,83.01673044800015,84.69471341375214,86.41672874242587,87.96315670537716,89.21672806006978,90.07803037939424,90.41672787813357,90.12508970512951,89.21672806006978,87.75077413048932,85.84709191882229,83.64072872241812,81.26673200693926,78.8386088269385,76.38370411729176,73.90782310780037,71.41677271519345,68.91636285030634,66.41240870583611,63.910734721030096,61.41718137235284
54.52243407095126,56.59094477847492,58.60033209456299,60.570276962289455,62.52052102156628,64.47083899203429,66.44102412333042,68.450880316211,70.52021774629421,72.64902987885517,74.75803002946074,76.74811178744253,78.52016967845844,80.01688161610295,81.34805646857828,82.66528621797801,84.12016311878398,85.79814629223836,87.52016176506864,89.06658981676729,90.32016122348222,91.18146357077438,91.52016107907934,91.22852289788378,90.32016122348222,88.85420723148039,86.95052489994607,84.74416147994047,82.37016435611497,79.94204044971772,77.48713445118659,75.01125114793896,72.5201966663162,70.01977950911038,67.51581237141546,65.0141152875865,62.52052102156628
56.43978050822096,58.569355347749024,60.67046818511358,62.760383723485276,64.85453660650978,66.96483242667775,69.09843291965836,71.25747716250481,73.44014919180307,75.63289706785693,77.7835900520846,79.83399221600192,81.73048722436846,83.45528941504978,85.09794678968316,86.75963514176813,88.5200056396881,90.39943749223295,92.24941375844597,93.92817662531512,95.45940865754983,96.81682511764856,97.49149272384024,96.96842785707528,95.45940865754983,93.33171632947837,90.82760788536953,88.1352271249126,85.412985607483,82.77017658707109,80.19288497595839,77.65098496923659,75.1235644821459,72.59376413760765,70.0466105939301,67.46943230035919,64.85453660650978
55.145098023858125,57.213670429687866,59.2230952041392,61.193063289582525,63.14332198306714,65.09364929374536,67.06384043410533,69.07370050503376,71.14304043288108,73.27185415102291,75.38085526580531,77.37093759071898,79.14299580850806,80.63970793521561,81.97088290899094,83.28811274686797,84.7429897187554,86.42097294945563,88.14298846201757,89.68941653817632,90.94298795922936,91.80429031422986,92.14298782517122,91.85134964171796,90.94298795922936,89.47703395002328,87.57335158545177,85.36698810381834,82.99299086744647,80.56486676084359,78.10996040707666,75.63407647163523,73.14302086301703,70.64260169593302,68.13863097708959,65.6369275267525,63.14332198306714
53.53947068840468,55.607573530937074,57.61671320193632,59.586504564310175,61.536651865419074,63.486908079170874,65.45705347848732,67.46688402946151,69.53620494407225,71.66500659257274,73.7740003679053,75.76407837724858,77.53613410758985,79.0328447951195,80.36401884553966,81.68124800991347,83.1361244407171,84.8141072356526,86.53612244577062,88.08255033573518,89.33612164764413,90.19742394396765,90.53612143484015,90.24448326857284,89.33612164764413,87.87016776939961,85.96648565631263,83.76012264380044,81.3861262641498,78.95800368154438,76.50310003188793,74.02722090880117,71.53617387903117,69.03577001138665,66.53182655256957,64.03017156430093,61.536651865419074
51.98615370515655,54.07580175258592,56.11678454539678,58.12847183014887,60.12965748715186,62.13782518919213,64.16848071855213,66.23478427530108,68.34780726225736,70.50157483496656,72.626968666648,74.6409306440519,76.46287924404899,78.05326901742302,79.51707867171385,80.98737720637189,82.58367177987185,84.35783679650288,86.14215881500098,87.75401414084824,89.14813890535677,90.2716071662272,90.79583701025501,90.37570929910751,89.14813890535677,87.35452245974005,85.17528481553268,82.7608693907905,80.24592547559783,77.73424163747153,75.23282297502516,72.73218270594401,70.22758404648187,67.71626560020422,65.19635446763812,62.66702844755051,60.12965748715186
50.330823822870215,52.39700033056839,54.404969875461276,56.37403573132666,58.32372565252689,60.27368990918292,62.24364746156627,64.25335677616678,66.32259960252523,68.45135167953802,70.56031531051178,72.55037559495779,74.32242110882038,75.81912588532578,77.15029614331527,78.46752254145497,79.9223967499,81.60037775504621,83.32239172295456,84.86881884817484,86.12238971180275,86.98369176712563,87.32238917557044,87.03075107989005,86.12238971180275,84.65643637144888,82.75275529126917,80.54639420555004,78.1724013446551,75.74428502145736,73.28939247817594,70.81353312039843,68.32252132540728,65.82218029426322,63.31834879260626,60.81689282960386,58.32372565252689
49.28170161616981,51.35642163635303,53.37456304113883,55.3558711799561,57.319947947428375,59.28604214966202,61.27284274071464,63.29834262530727,65.3798826956552,67.51570684706999,69.62932827605474,71.62615570940349,73.4123841105905,74.93601526139707,76.30601428817641,77.66909858806515,79.167352323677,80.8753995049972,82.61713549972781,84.18448034895121,85.48371401511473,86.43287670231854,86.83589957046107,86.49952220250049,85.48371401511473,83.91284812212479,81.92505108987245,79.6576090977738,77.2433982582636,74.79187054516427,72.32407463607815,69.84136663724593,67.34658244890043,64.84315827837685,62.33479637992738,59.825509417617596,57.319947947428375
48.52988114119216,50.59121976325797,52.596246917466374,54.56348701969657,56.51202538252706,58.46125434739177,60.430738716696155,62.44014260078515,64.50918868370394,66.6378158588369,68.74670353468244,70.73671915661072,72.50873892708982,74.00542880895654,75.33658951071614,76.65380893843457,78.10867754691725,79.7866540420942,81.50866487983835,83.05509007802723,84.30865981205913,85.16996126009911,85.50865846083934,85.21702054302662,84.30865981205913,82.84270782710293,80.93902934968145,78.73267311916138,76.35868912492775,73.93058857430219,71.47572401687468,68.99991446311842,66.5089914496656,64.00880874219116,61.50525930928272,59.00430471425605,56.51202538252706
38.02101358229815,40.05594133200648,42.04481206120664,44.00199127049845,45.94416973355921,47.88933202098562,49.856196977451496,51.86390909021746,53.93186500444159,56.059799922144464,58.168266559828936,60.15803458381933,61.9299116317854,63.426518934555446,64.75762665353484,66.07480743453777,67.52964499436591,69.20759648409904,70.92958996660417,72.47600448029954,73.72956795123233,74.59086603215867,74.92956208126867,74.63792514965374,73.72956795123233,72.26362348134228,70.35995943499302,68.15363012412041,65.77969529057575,63.35168218843751,60.89697278895625,58.42143934029232,55.93100846532846,53.43170322260033,50.929716558622204,48.43153809657463,45.94416973355921
39.00573377310763,41.04767148606947,43.040845901069886,45.000711030273166,46.94458972648742,48.890840141510566,50.85840637381486,52.86657157652195,54.93481952803458,57.06293991736021,59.17151937139772,61.161353742510755,62.933269036108655,64.42989846818145,65.7610203854922,67.07821152312624,68.53305740348944,70.21101559430696,71.93301372777279,73.47943110476936,74.73299625413128,75.59429523740101,75.9329915951333,75.64135439922987,74.73299625413128,73.26704977030144,71.36338185662007,69.1570453316713,66.78309732385752,64.35506078720958,61.90030980923834,59.42470237393144,56.93413963136281,54.43459930070499,51.93219403010188,49.43327221907115,46.94458972648742
39.99425686178899,42.04179349547354,44.03839726217826,46.00039954981686,47.94562987780375,49.89274482171538,51.86086801916243,53.869392987776834,55.93787278926544,58.0661404109906,60.17480941618915,62.16469645025286,63.93664210062042,65.43328909720287,66.76442228395402,68.08162164176846,69.53647412621305,71.21443763572333,72.93643946067726,74.48285911028512,75.73642559182032,76.59772529128183,76.93642189396819,76.64478448829851,75.73642559182032,74.27047750952147,72.3668065263252,70.1604642755261,67.78650581118131,65.35845067422034,62.90366669435052,60.42800053257325,57.93733311640544,55.43760616398643,52.93486854261815,50.43535641149025,47.94562987780375
40.98581937633736,43.03782218614948,45.03715639075634,47.00085831925732,48.94716279915805,50.89496447615571,52.86352996546793,54.87234057387434,56.94100443251256,59.0693889274622,61.17812901498503,63.168057849679315,64.94002759498159,66.43668853282097,67.76783066426974,69.08503654651925,70.53989427266981,72.21786200365369,73.93986675855504,75.48628821194049,76.73985575082438,77.60115601872852,77.93985281583531,77.64821524367379,76.73985575082438,75.27390639981729,73.37023298033827,71.16388618490714,68.789919421141,66.36184952089367,63.907039346751205,61.43132657170675,58.94057606961425,56.44070097502251,53.93769950209948,51.437718629578164,48.94716279915805
41.9798076801475,44.03536944782323,46.03687621800154,48.00192928560271,49.94908717935402,51.89743426744428,53.866350947988806,55.87538832771449,57.94419829636645,60.07267556297555,62.18147207205473,64.17143408520339,65.94342295514092,67.44009495834997,68.77124418929623,70.08845525003964,71.54331713656214,73.2212882181471,74.94329529855646,76.48971818360417,77.7432865617075,78.60458728078541,78.94328423220398,78.6516465278977,77.7432865617075,76.27733620372446,74.37366085056209,72.16731044804047,69.79333709697691,67.36525547897034,64.91042451401142,62.4346747407091,59.943858289220884,57.443865601266,54.940654668530016,52.440301627114906,49.94908717935402
42.97572983642658,45.03412531475688,47.03735987469584,49.003486688897695,50.951322479500234,52.900102681772,54.869298193713846,56.8785155990515,58.94744155026771,61.07599245566358,63.18483374875302,65.17482209645965,66.94682614592818,68.44350693184458,69.77466179772003,71.09187696866601,72.54674215729497,74.22471589826343,75.94672482443427,77.49314884579493,78.74671788998802,79.60801896716312,79.94671604105909,79.65507823186937,78.74671788998802,77.28076673276664,75.3770898448359,73.17073657935612,70.79675799992447,68.36866708144362,65.91381961454542,63.438040474897974,60.9471716767859,58.44708564682517,55.94370844008225,53.44305992696653,50.951322479500234
43.97319228066123,46.0338425482268,48.03845061825478,50.005430515584656,51.95380469498056,53.90292879959455,55.872345677345976,57.88170599248251,59.95072400855287,62.07933336479199,64.18821020435442,66.1782194543184,67.95023555197633,69.44692330880628,70.77808264716222,72.09530108039652,73.5501688899199,75.22814474164849,76.95015513280404,78.49658005605816,79.75014962892752,80.61145099032476,80.95014816143119,80.65851026899534,79.75014962892752,78.28419783734961,76.3805197312706,74.17416419345402,71.80018146424706,69.37208316392287,66.91722259926468,64.44142015102442,61.950509803760525,59.45034968310263,56.946840488435214,54.4459574081952,51.95380469498056
45.07188066282211,47.13432414307826,49.14002373399667,51.1076812599824,53.05648297429585,55.0058801222379,56.975472734184564,58.9849464916329,61.05403758556896,63.182693336603805,65.29159839029029,67.28162423070492,69.0536498911354,70.55034318082974,71.88150606901736,73.19872709154323,74.65359698127868,76.33157450832255,78.05358606223899,79.60001170132716,80.85358169380748,81.7148832807921,82.05358052905456,81.76194257054621,80.85358169380748,79.38762939874007,77.48395032581502,75.27759298444013,72.90360696154374,70.47550280221381,68.0206318417545,65.54481089315102,63.05386756728987,60.55364863759482,58.05003467386189,55.548965385383724,53.05648297429585
46.071544229224024,48.13541324815533,50.141980041288164,52.110175739601644,54.05931692442242,56.00893084236921,57.97866295734653,59.988226763297945,62.057375862918434,64.18606843899542,66.29499588679491,68.2850348952593,70.05706814574182,71.55376582690297,72.88493153260748,74.20215461026271,75.65702615106784,77.33500500781273,79.05701748461428,80.60344369186075,81.85701401738672,82.71831578342025,83.05701309292154,82.76537508197136,81.85701401738672,80.39106132269919,78.48738148238722,76.28102270952499,73.90703407241892,71.4789252627724,69.02404605109594,66.54821041854233,64.05724091691263,61.55697530843034,59.053278183020865,56.552061080684,54.05931692442242
47.07198316257417,49.13698506217378,51.14424069761937,53.11286375677058,55.062274465118804,57.0120604684266,58.98190332134075,60.99153860468358,63.060733745805095,65.18945555086245,67.29840077322638,69.28845023330501,71.06048950806277,72.55719067475198,73.88835861672962,75.20558332554673,76.66045617680942,78.33843608894023,80.06044929823686,81.6068759564312,82.8604465462958,83.72174845444061,84.06044581254719,83.7688077599739,82.8604465462958,81.39449353442942,79.4908130850416,77.28445317600577,74.91046246399588,72.48234996337766,70.02746420266526,67.55161691532538,65.06062663757214,62.56032397883706,60.056560843920096,57.55522640886643,55.062274465118804
48.07303836558057,50.13894033549217,52.14674304817309,54.11570543823191,56.06533012149836,58.01525273103576,59.985183485723724,61.99487550439365,64.06410719016475,66.19285219486197,68.30181152512452,70.29186928073437,72.06391333699213,73.56061727015845,74.89178698707266,76.20901299054668,77.66388688192194,79.34186763171405,81.06388142239288,82.61030843850497,83.86387923817537,84.72518125911401,85.06387865579862,84.77224057018904,83.86387923817537,82.39792597456385,80.49424504175192,78.28788423093368,75.91389187206889,73.48577644191624,71.03088548320508,68.555028945375,66.06402217734815,63.56369011100483,61.05987458176109,58.55844701161668,56.06533012149836
49.07458324524855,51.14120017065736,53.149437314919766,55.118669116802295,57.06846366607374,59.01849471390213,60.988495241954126,62.99823229380392,65.06749298601885,67.19625640464959,69.30522693249566,71.2952912723231,73.06733912367852,74.56404525260652,75.89521637829225,77.21244340933796,78.66731812625217,80.34529954089713,82.0673137930196,83.6137410932113,84.8673120594047,85.72861416986788,86.06731159717192,85.77567348534143,84.8673120594047,83.40135859598288,81.49767727947683,79.29131575291285,76.9173220869368,74.48920433160603,72.03430924722437,69.55844536722482,67.0674255106995,64.56707010301609,62.06321298676369,59.56171149017588,57.06846366607374
50.1765171241948,52.243701869135336,54.25228395819505,56.22172964576693,58.17165903920035,60.12177616328677,62.09183207407304,64.10160487024359,66.17088858547802,68.29966661948875,70.40864603494907,72.398715600705,74.1707664642432,75.66747433595303,76.99864657978355,78.31587442641465,79.77074979856022,81.44873174089959,83.1707463592703,84.71717388493623,85.97074498329906,86.83204716481795,87.17074461642466,86.87910648378258,85.97074498329906,84.50479136128766,82.60110974024326,80.39474764559117,78.02075294215918,75.59263334133004,73.13773498239144,70.66186527487629,68.17083502990224,65.6704610958662,63.16657097097267,60.665010795731845,58.17165903920035
51.17875996818994,53.24639561812998,55.25525157591822,57.22486705831504,59.17490349113025,61.12508893948791,63.095188809834056,65.10498997721196,67.17429196620064,69.30308160059187,71.41206807021065,73.40214178380869,75.1741950381253,76.6709042930849,78.00207742438892,79.31930591835125,80.77418181055475,82.45216417172568,84.17417908078792,85.72060678541291,86.97417798867872,87.83548022659454,88.17417769749028,87.88253954833007,86.97417798867872,85.50822424079468,83.60454237803792,81.3981798324938,79.02418430563185,76.59606324002759,74.14116228206507,71.66528794922763,69.17424945887304,66.67386082026036,64.16994449575442,61.6683377452223,59.17490349113025
52.28124817418147,54.34924185033971,56.35831523199447,58.32806550183132,60.27818690036578,62.228426581198605,64.19856134369091,66.20838502989135,68.27770152300248,70.40650036471361,72.51549243325591,74.5055694390109,76.27762459089426,77.77433494374179,79.10550877943481,80.42273778718476,81.87761409215875,83.5555967857567,85.27761192554101,86.82403977220591,88.07761105873328,88.93891334141139,89.27761082761685,88.98597266534617,88.07761105873328,86.61165721094403,84.70797515634004,82.50161225292257,80.12761607250333,77.69949384430505,75.2445908234918,72.76871281952108,70.27766778476365,67.77726747499429,65.27333035544116,62.77168663680733,60.27818690036578
53.38393121003105,55.45220914172083,57.461455126913336,59.4313123909691,61.38150123219857,63.331783959558564,65.30194641686046,67.31178797662778,69.38111598181598,71.50992213143957,73.61891864387201,75.60899826262161,77.38105492060762,78.87776614485054,80.208940539618,81.52616995516175,82.98104658775208,84.6590295451976,86.38104486810619,87.92747282750827,89.18104418012038,90.04234649832638,90.38104399668316,90.08940582400669,89.18104418012038,87.71509025303631,85.81140804616304,83.60504485870118,81.23104815955298,78.80292500860239,76.34802035050093,73.87213943274176,71.38108920366324,68.88067963041098,66.37672600556532,63.87505294453058,61.38150123219857
54.48676893659521,56.55527253872938,58.56465554092836,60.534597734767715,62.484840108675996,64.43515700346258,66.40534144271317,68.41519718897024,70.48453433139295,72.61334628134694,74.72234632091089,76.71242801360067,78.484485866983,79.9811977828536,81.31237262135913,82.62960236056915,84.08447925318885,85.7624624200504,87.48447788830488,89.03090593718656,90.28447734225017,91.14577968865463,91.48447719665594,91.1928390157204,90.28447734225017,88.81852335222972,86.91484102450022,84.70847761159212,82.3344805007283,79.9063566173882,77.45145065976862,74.97556742932903,72.48451307749932,69.98409615176558,67.48012942650138,64.97843307588414,62.484840108675996
56.40614228672058,58.53585330076328,60.63716886209471,62.72734396095234,64.82179927014269,66.93241991602726,69.06634016924521,71.22566603850878,73.40854564072524,75.60140823964238,77.75217513102578,79.80268299271172,81.69939147789647,83.42456941771124,85.06770901704701,86.72989182623155,88.4906691672768,90.37035404186776,92.22048503172523,93.89940318216033,95.43094602841319,96.78887064863282,97.46385082433088,96.94057325617221,95.43094602841319,93.30247879988562,90.79755727745122,88.1044307468915,85.38160105582656,82.73840518547021,80.16088432235637,77.61885795169405,75.09136705045958,72.56150940950535,70.01427096339515,67.43694223611865,64.82179927014269
55.076973991763666,57.14553375028065,59.15495084634719,61.12491417254428,63.07516986626982,65.02549526237095,66.99568517098137,69.00554444698075,71.07488386283231,73.20369725595927,75.31269817310329,77.30278038180641,79.07483853261304,80.5715506205662,81.90272556947725,83.21995538921809,84.67483234653514,86.35281556550105,88.07483106991873,89.62125914106363,90.87483055917758,91.73613291259804,92.07483042299899,91.7831922400085,90.87483055917758,89.40887655349809,87.50519419569858,85.29883072669769,82.92483351339573,80.4967094478313,78.04180316688112,75.56591936102771,73.07486398342274,70.57444522832671,68.0704752435531,65.56877309823467,63.07516986626982
53.47136624660641,55.53944902213979,57.5485765080107,59.51836031694154,61.46850285678717,63.41875603156434,65.38889947569332,67.39872876483433,69.4680488667178,71.5968499992954,73.70584346089878,75.69592128577015,77.46797690978372,78.9646875357947,80.29586154674536,81.6130906823298,83.06796709000437,84.74594986631281,86.46796506350259,88.01439294550818,89.26796425275168,90.12926654656701,90.46796403658165,90.17632587104896,89.26796425275168,87.8020103801052,85.89832827776812,83.6919652853089,81.31796894227944,78.88984642481839,76.43494289075105,73.9590639733716,71.46801731030963,68.96761409664698,66.46367180306682,63.962018886303085,61.46850285678717
51.92055884633135,54.010402699896204,56.05168377912577,58.06376533165006,60.06542882161614,62.07413330487762,64.1053427661275,66.17215665243303,68.28557009027892,70.43955891853516,72.5650974106494,74.57926923095317,76.4016526029518,77.99284529635939,79.45776233187786,80.9292971888925,82.5266955988123,84.30159093286831,86.08637742679281,87.69871332189001,89.09384613491471,90.21910907888588,90.74454468996504,90.32358746546169,89.09384613491471,87.29782767060988,85.11642373338904,82.70027840051794,80.18411415291303,77.67168777069546,75.16984952288422,72.66898412475086,70.16426185126957,67.65284377050571,65.13278654302185,62.603206098440864,60.06542882161614
50.26279972514576,52.32892576385616,54.336864640826164,56.30591147757798,58.25558940691303,60.20554600818228,62.17549863476499,64.18520477013865,66.25444554871136,68.38319632574223,70.49215916619121,72.48221898580564,74.25426423174238,75.75096885323165,77.08213901176484,78.39936533736014,79.85423948752381,81.53222044573283,83.25423438106421,84.80066148622907,86.0542323381008,86.91553438710346,87.2542317933866,86.96259369955733,86.0542323381008,84.5882790118531,82.68459795876142,80.47823692357244,78.10424415495682,75.67612799591177,73.22123574389394,70.74537690445787,68.25436603348594,65.75402665018714,63.25019808447129,60.74874734047404,58.25558940691303
49.214219064633255,51.28899316423891,53.30721767533774,55.288637022859064,57.252850690382445,59.21910152411762,61.20606699573614,63.23172178585372,65.31338237159687,67.44927560009943,69.56294250419464,71.55983634565148,73.3462040291025,74.87009856802558,76.24047459490092,77.60399980971707,79.10266633386576,80.81099718121158,82.55291817311665,84.12045831963101,85.42011504908845,86.37007924872219,86.77367864203774,86.43690120600078,85.42011504908845,83.84827040460445,81.8596712238676,79.59163686032056,77.17703139961273,74.72527233691798,72.25734850478398,69.77457268216106,67.27975149128953,64.77629761815479,62.26789236192229,59.75853044162142,57.252850690382445
48.46205865964579,50.523270718573414,52.52822082659412,54.49541309472096,56.44392127651261,58.39313096591691,60.36260292909334,62.37199880453038,64.44103972836007,66.56966362813903,68.67854931213431,70.66856376281433,72.44058285818268,73.93727234944112,75.26843280059023,76.58565204551013,78.04052050713423,79.71849688403745,81.44050763969315,82.98693278734561,84.24050249175387,85.10180392386785,85.44050111916104,85.14886320601289,84.24050249175387,82.77455054234298,80.87087213317884,78.66451602998616,76.29053226828005,73.8624321312878,71.40756830778128,68.93176006010907,66.44083937486705,63.94066081915793,61.43711878263129,58.93617733321456,56.44392127651261
37.98581498712815,40.020461313533204,42.00915903192033,43.96623017516354,45.90834019462776,47.85345866439264,49.820295375224966,51.827989236140226,53.89593338515792,56.02386083040159,58.132322922669886,60.122088273450686,61.89396378043253,63.39057019156732,64.72167733846416,66.03885770217401,67.49369492674745,69.17164614647703,70.89363944158296,72.44005383990847,73.69361724321294,74.55491528778148,74.89361132445626,74.6019744034902,73.69361724321294,72.2276728544698,70.3240089639454,68.11767994374631,65.74374564102524,63.315733483116674,60.86102575891425,58.38549529127587,55.89506972931166,53.39577395795595,50.89380415774812,48.39565563770668,45.90834019462776
38.97038256471947,41.012095335557596,43.005131823955494,44.96491094052507,46.90873521588223,48.854950813070275,50.822494610471,52.83064531999162,54.89888393075526,57.02699838812718,59.13557423407019,61.125406483310826,62.89732055377499,64.39394927813518,65.72507074137391,67.04226154779695,68.49710716206522,70.17506513857904,71.89706312330523,73.44348040873231,74.69704550441746,75.55834445882992,75.89704080669236,75.60540361924096,74.69704550441746,73.23109908499416,71.32743129499158,69.12109500075206,66.74714741425805,64.31911162706061,61.86436197880549,59.38875690968598,56.89819838450863,54.3986655727432,51.896273691545005,49.3973756600937,46.90873521588223
39.95878357891921,42.00614067329431,44.002634582350936,45.964568449595575,47.909755522376436,49.856842806284014,51.824948186839194,53.833461647991214,55.901934034021835,58.030196946884985,60.138863088088,62.1287484379294,63.900693117461174,65.39733955231841,66.72847237866617,68.04567147359492,69.5005237468379,71.17848708625417,72.90048879315282,74.4469083700817,75.70047480901354,76.561774485571,76.90047108042363,76.60883368146233,75.70047480901354,74.2345267778343,72.33085589280229,70.1245138251182,67.75055569517818,65.32250115306584,62.867718228621655,60.39205394498046,57.90138987644855,55.40166889269784,52.898941901420045,50.39944865335792,47.909755522376436
40.95024860109518,43.00210827397969,45.0013550406631,46.965002567738736,48.91127267724087,50.85905238466604,52.827603726209915,54.836405198482254,56.90506317039592,59.03344392749888,61.14218174171006,63.132109239578824,64.90407821430689,66.40073870629624,67.73188055168877,69.0490862252837,70.50394378380221,72.18191137978164,73.90391604098215,75.45033743668215,76.70390494175163,77.56520519147679,77.90390198236595,77.6122644155289,76.70390494175163,75.23795563131829,73.33428228975251,71.12793563966048,68.75396914131349,66.32589971320375,63.87109037677159,61.39537909246259,58.90463124757335,56.404760890896114,53.90176785691712,51.40180197769526,48.91127267724087
41.94415914286422,43.99960689926921,46.001044115717136,47.96605394417824,49.913184533697155,51.86151417455498,53.83041962191612,55.83944974861407,57.90825504429441,60.03672934390775,62.14552404855942,64.13548500063281,65.90747325895175,67.4041449082841,68.73529391218489,70.05250480731775,71.50736656078982,73.18533753522125,74.90734454126002,76.45376738052265,77.70733573178745,78.56863643643666,78.90733338292029,78.61569568284004,77.70733573178745,76.24138540600785,74.33771011468536,72.13135982751986,69.75738668712083,67.32930544385383,64.87447514379764,62.39872655372932,59.90791221137992,57.407923284275284,54.904719050690346,52.404377913120754,49.913184533697155
42.94001933692983,44.998324069080866,47.001503326749074,48.96759578371045,50.915409887521264,52.86417623562909,54.83336282920817,56.84257447675944,58.91149671861015,61.040045268933056,63.14888512978513,65.13887263529301,66.91087619931106,68.40755670435199,69.7387113900198,71.05592642951976,72.51079151254604,74.1887651684664,75.91077403560914,77.45719802063013,78.71076704352143,79.57206810924446,79.91076517922355,79.61912737338804,78.71076704352143,77.24481591185997,75.34113907301165,73.13478589909032,70.76080748686397,68.33271686581648,65.87786992665923,63.40209172616821,60.91122460215331,58.41114155741138,55.907769668517005,53.40713060579378,50.915409887521264
43.93743244818335,45.9980105289609,48.0025746440168,49.96952724781478,51.917884204676746,53.866997309270886,55.83640710688765,57.8457628514017,59.91477792307863,62.043385409989924,64.1522611127456,66.14226969424163,67.91428540659194,69.41097294048876,70.74213213581285,72.05935046471782,73.51421819042402,75.19219397464974,76.91420431895455,78.4606292133658,79.71419876932791,80.57550012163563,80.91419728963322,80.62255939985961,79.71419876932791,78.24824699803696,76.34456893091473,74.13821346576827,71.76423086927275,69.33613280502303,66.88127265923772,64.40547095642088,61.91456193793452,59.41440418679126,56.9108992133623,54.410023635355685,51.917884204676746
45.036081577598715,47.098467661113276,49.10413232611096,51.07176817396015,53.02055621261397,54.96994462733696,56.93953161875271,58.94900174807694,61.01809050487749,63.146744772159636,65.25564892353725,67.2456742333795,69.01769958798775,70.51439270073864,71.84555547540117,73.16277641512048,74.61764623833,76.29562371179668,78.01763522852764,79.56406084472317,80.81763082378419,81.67893240355446,82.01762964934943,81.7259916929541,80.81763082378419,79.35167854481855,77.44799950281356,75.2416422191171,72.86765630155413,70.43955232959757,67.98468170160078,65.50886134464939,63.01791907346848,60.51770202454969,58.01409141150529,55.513028078468636,53.02055621261397
46.03571392768097,48.09953732634392,50.10607637425249,52.07425485700402,54.02338518358543,55.972992168397724,57.94271982171128,59.95228074775491,62.02142799228329,64.15011939066326,66.25904612228416,68.24908470962728,70.0211177173764,71.51781525809662,72.84898087369578,74.16620388562723,75.62107537363056,77.29905418785114,79.0210666351385,80.56749282421507,81.82106313909014,82.68236489939764,83.02106220694046,82.72942419766738,81.82106313909014,80.3551104571826,78.45143064141192,76.24507191432915,73.87108336082645,71.44297469989888,68.98809575209992,66.5122605891466,64.02129192463534,61.521027808983675,59.01733334319974,56.5161209682764,54.02338518358543
47.03612804584238,49.101093695934864,51.108327294527015,53.076936683616864,55.02633877134126,56.97611927082471,58.94595858210732,60.95559157949964,63.02478524816652,65.15350611845884,67.26245077238165,69.2524998982125,71.02453898031132,72.52124003553195,73.85240790599272,75.16963256264467,76.62450537199847,78.30248525037767,80.02449843624886,81.57092508002174,82.8244956614327,83.68579756503277,84.0244949215849,83.73285687034274,82.8244956614327,81.3585426597098,79.45486222980044,77.24850235709982,74.8745117114461,72.44639932886653,69.991513777595,67.51566686298077,65.02467724966027,62.52437577582188,60.020614751965965,57.519284069426135,55.02633877134126
48.037163528539246,50.10303670153419,52.11082191380795,54.079773450111475,56.02939128965066,57.97930953017479,59.9492374736117,61.9589276778168,64.0281581948577,66.15690245761485,68.26586133669917,70.25591882701414,72.02796273035756,73.52466657505084,74.85583623520193,76.17306219727237,77.62793605538447,79.30591677838788,81.02793055047393,82.57435755513968,83.82792834810041,84.68923036543188,85.02792776088276,84.7362896763297,83.82792834810041,82.36197509253978,80.45829417518794,78.25193339320899,75.87794108701121,73.44982575054615,70.99493495806902,68.51907871607375,66.02807247541473,63.52774134954737,61.023927495926245,58.522502904382875,56.02939128965066
49.038692740739066,51.10528679383304,53.113510041869446,55.08273322671285,57.032522343147946,58.98254992289442,60.952548219493536,62.96228383113569,65.03154359570222,67.1603064254443,69.2692765951861,71.25934072444743,73.03138845443411,74.52809451314083,75.8592655937735,77.17649259195713,78.63136728247034,80.30934867585307,82.03136291321842,83.57779020432515,84.8313611651931,85.69266327279325,86.0313606991181,85.73972258812614,84.8313611651931,83.36540770816129,81.4617264039259,79.25536490025168,76.88137127607753,74.45325359510677,71.99835864266564,69.52249499747177,67.0314755595231,64.53112089831033,62.02726511204608,59.525765979719665,57.032522343147946
50.14061417466293,52.20778075562811,54.21635181137336,56.18579065807931,58.13571573885871,60.08583011007859,62.05588424965784,64.06565590269327,66.1349388816359,68.26371644823882,70.37269557946914,72.36276497809776,74.13481574530519,75.63152356128022,76.96269576935207,78.27992358990043,79.7347989410915,81.41278086655504,83.134795473213,84.68122299166819,85.93479408580421,86.79609626505069,87.13479371588019,86.84315558390368,85.93479408580421,84.46884046886456,82.56515885755937,80.35879678107493,77.98480211082115,75.55668256901168,73.10178431479464,70.62591479364578,68.1348848808991,65.63451153934626,63.13062247009374,60.62906417145926,58.13571573885871
51.14284713489197,53.21046836164027,55.21931555984024,57.188925611681995,59.13895862115773,61.089141884407454,63.05924034888157,65.06904060892636,67.1383420135093,69.26713127691457,71.3761175209383,73.36619110188671,75.13824427974534,76.63495349046813,77.9661265933904,79.28335506665087,80.73823094222274,82.41621328999929,84.13822818976514,85.68465588866695,86.93822708857793,87.79952932469016,88.13822679496903,87.84658864633707,86.93822708857793,85.47227334471933,83.56859148969262,81.36222895856817,78.98823345803977,76.56011243927955,74.10521156443474,71.62933737951693,69.13829915285316,66.63791098450042,64.1339954978754,61.63239023686394,59.13895862115773
52.24532749225865,54.31330971666573,56.322376144292534,58.29212210329243,60.242240784478824,62.192478730891835,64.16261237750241,66.17243534353558,68.24175137279693,70.37054992005366,72.4795418095401,74.46961871001068,76.24167380120915,77.73838411894585,79.06955793211223,80.38678692343109,81.84166321520453,83.51964589817136,85.2416610305771,86.78808887269953,88.04166015656418,88.90296243781077,89.24165992352663,88.9500217616752,88.04166015656418,86.57570631196991,84.67202426350127,82.46566137152867,80.09166521201045,77.66354302099234,75.20864006614978,72.73276217958325,70.24171735411853,67.74131741759832,65.23738096308311,62.73573842671867,60.242240784478824
53.34800429620812,55.41627313608046,57.425513600888024,59.39536744305062,61.345554127367166,63.29583547805521,65.26599704965577,67.27583803781555,69.34516567484172,71.47397159075508,73.58296796107015,75.57304749625524,77.34510410607555,78.84181530245095,80.172989679339,81.49021908184136,82.94509570395442,84.623078652962,86.34509397001423,87.89152192581096,89.14509327630967,90.00639559337944,90.34509309134762,90.05345491900393,89.14509327630967,87.67913935176142,85.77545714975781,83.56909397137974,81.19509728882068,78.76697416738004,76.31206956163962,73.83618873706448,71.3451386741024,68.84472939710045,66.3407763001029,63.83910417745871,61.345554127367166
54.45083707497042,56.5193334593132,58.52871207936899,60.49865155701073,62.44889221888015,64.39920802096239,66.36939175721531,68.37924704978064,70.44858389999035,72.57739566444738,74.6863955912123,76.67647721757675,78.44853503272986,79.94524692648199,81.2764217507966,82.59365147965568,84.04852836395958,85.7265115241239,87.44852698773018,88.99495503375024,90.24852643713646,91.10982878263911,91.44852629033198,91.15688810966057,90.24852643713646,88.78257244912874,86.87889012526426,84.67252671956601,82.298529621869,79.87040576195096,77.41549984589042,74.93961668941117,72.4485624694286,69.94814577883034,67.44417947252398,64.94248386672214,62.44889221888015
56.37251852456275,58.502384367566904,60.6039304046555,62.69440056283645,64.78919961203874,66.90018940048587,69.03447298208368,71.19411880275212,73.37723419697343,75.57022710474962,77.72107794025854,79.77170584870905,81.66865677222088,83.39426137567031,85.03794842630472,86.70069243900976,88.46193144036985,90.34190338210931,92.19220989669188,93.87130419363045,95.40319957256949,96.76170044417661,97.43703500088598,96.91351628480928,95.40319957256949,93.2738533331896,90.7680091327078,88.07403598086857,85.35053835789746,82.7069030741444,80.12912176983053,77.58695183115381,75.059380925228,72.52945818192626,69.98212326309798,67.40462359150268,64.78919961203874
55.01780747031238,57.08635608232801,59.095766411146414,61.065725542830265,63.01597859274419,64.96630230144767,66.93649112446441,68.94634969985846,71.01568866446587,73.1445017711431,75.2535025140997,77.24358462038141,79.01564271215348,80.51235476595065,81.84352969294775,83.16075949670433,84.61563644117989,86.29361964980382,88.01563514704358,89.56206321376955,90.81563462929321,91.67693698132109,92.01563449124575,91.72399630866312,90.81563462929321,89.3496806267218,87.4459982748908,85.23963481702351,82.8656376240541,80.43751359465861,77.98260737788507,75.50672368624325,73.01566851224035,70.51525012024729,68.01128078244126,65.50957978729194,63.01597859274419
53.412216990620365,55.48028208055541,57.48939882726245,59.4591759790612,61.409314322616055,63.35956481901944,65.32970653995915,67.33953471699253,69.40885410258429,71.53765478045663,73.64664796555675,75.63672562784501,77.40878115814732,78.90549172993916,80.23666570610362,81.55389481631471,83.00877120360467,84.68675396349623,86.40876914929183,87.9551970242828,89.20876832741443,90.07007061901918,90.40876810827774,90.11712994339251,89.20876832741443,87.74281445970176,85.83913236683901,83.63276939205332,81.25877308129971,78.83065062125328,76.3757471890597,73.89986845297913,71.40882211311295,68.90841947583294,66.4044782092263,63.90282711816785,61.409314322616055
51.863504417728606,53.95351181004682,55.99504199432522,58.00745275970466,60.00951516580423,62.01866768178465,64.05033938432359,66.11757903123593,68.2313181546838,70.38549151431353,72.51115064668441,74.52549745337552,76.34824332907874,77.94010530534291,79.40594503858662,80.87850952092217,82.4768267663703,84.25232978287008,86.03750266007543,87.65023824675876,89.04620919509907,90.17296343513438,90.69940034769233,90.27775432754795,89.04620919509907,87.24819300090513,85.06498564710867,82.64739899911422,80.13021736846133,77.61717167555528,75.11498339132342,72.61393015513835,70.10910473581032,67.59760351424998,65.07742437036262,62.54763159024141,60.00951516580423
50.20372127706244,52.26980283732058,54.277714686094114,56.246744760775925,58.196412121278044,60.146361975569505,62.11631026084862,64.12601359423856,66.19525256801123,68.3240021993123,70.43296434303755,72.4230237529757,74.19506876277771,75.69177324764448,77.02294331852247,78.34016958018117,79.795043678979,81.47302459582019,83.19503850244004,84.74146558992919,85.99503643143969,86.85633847487202,87.19503587925001,86.90339778705221,85.99503643143969,84.5290831176244,82.62540208840655,80.419041097752,78.0450484104662,75.6169323960961,73.16204040078162,70.6861820181824,68.19517196158861,65.69483403060634,63.19100805245844,60.68956190818099,58.196412121278044
49.15558732658486,51.230406631134436,53.248700608716405,55.23021290898717,57.1945409971305,59.16092273484682,61.148025995197045,63.17381022927451,65.25557151563511,67.39152246146642,69.5052273613494,71.50217668741519,73.28866073747085,74.81277531139418,76.18346624234829,77.54735968496603,79.04637088513576,80.75493855711215,82.49701398256332,84.06471714794836,85.36472697136205,86.31535995037991,86.71944025446587,86.38232911248397,85.36472697136205,83.79206535265462,81.80279635815342,79.53426720408143,77.11933205909313,74.66737969098236,72.19934896393244,69.71651646412394,67.22166435127832,64.71818565615389,62.20974416596688,59.70031960195672,57.1945409971305
48.40315788673185,50.46425841313423,52.46914062196282,54.43629073375564,56.38477231646077,58.33396501787689,60.30342604711987,62.312814864234184,64.38185124115387,66.51047225422805,68.61935618272149,70.60936960113011,72.3813881014942,73.87807724849256,75.20923747876766,76.52645656257931,77.98132489477052,79.65930116743392,81.38131185074143,82.92773695385395,84.18130663215362,85.0426080502313,85.38130524072373,85.0896673316867,84.18130663215362,82.71535471407034,80.81167636506434,78.60532037409092,76.23133681732149,73.80323704488232,71.34837386821216,68.87256677164811,66.38164813835671,63.88147324176887,61.377937723961026,58.877007860229796,56.38477231646077
37.95182791994408,39.98620031900542,41.97472961748837,43.931695555538965,45.87373894065652,47.81881474995535,49.78562396065236,51.79330005125752,53.861232745393394,55.98915291524314,58.09761058195588,60.0873733300142,61.85924733664294,63.355852879651806,64.68695946954972,66.00413942696883,67.45897632512683,69.13692728197164,70.8589203946193,72.40533468061668,73.65889801807589,74.52019602724522,74.85889205181266,74.56725514121472,73.65889801807589,72.19295370834021,70.28928996953228,68.08296123234291,65.70902744644985,63.2810162078753,60.82631011478017,58.350782549564514,55.860362160498596,53.36107561072855,50.8591222294477,48.36100286127292,45.87373894065652
38.936246953653026,40.97774076152665,42.97064297846279,44.93033835752641,46.87410964982675,48.82029134838035,50.787813302881126,52.79594990153754,54.86417941790671,56.99228809975526,59.10086043274451,61.090690616061025,62.862603495641395,64.35923153094873,65.6903525520875,67.0075430360322,68.46238839122134,70.14034615908166,71.8623439989898,73.40876119526169,74.66232623868524,75.52362516500128,75.8623215032541,75.57068432403187,74.66232623868524,73.19637988197039,71.29271221238577,69.08637614277275,66.71242896649011,64.28439390898319,61.829645555384346,59.354042790062465,56.863488371069366,54.36396287991357,51.86158403496273,49.36270915568759,46.87410964982675
39.92452914099529,41.971711460481664,43.968098420142105,45.92996567558173,47.87511063547346,49.82217098940982,51.79025902313661,53.79876128035329,55.867226446488985,57.995484774661236,60.10414812738654,62.094031837413496,63.86597557170694,65.36262145964943,66.69375393509614,68.01095277407043,69.46580484168024,71.14376801548704,72.86576960744304,74.4121891136092,75.66575551106087,76.52705516531813,76.8657517525436,76.57411436011384,75.66575551106087,74.19980752965347,72.29613674019757,70.08979485080062,67.71583704644854,65.28778308350118,62.83300118665508,60.357338731629454,57.866677922463055,55.366962749986556,52.86424610844425,50.36477124530794,47.87511063547346
40.91589925971556,42.96761958906549,44.96678123063246,46.930375793539554,48.87661244001584,50.824370757587715,52.792908324572565,54.80170090166931,56.870353142096675,58.99873025991539,61.107465860756335,63.09739205704716,64.86936028151814,66.36602033941273,67.69716190629109,69.01436737673276,70.46922477203891,72.14719223657335,73.8691968065435,75.41561814607891,76.66918561822555,77.53048585025101,77.86918263508647,77.5775450734335,76.66918561822555,75.20323634729621,73.29956308158944,71.09321657300457,68.7192503330788,66.29118136465841,63.83637284384949,61.360663010970455,58.869917753220804,56.37005200952365,53.86706719193697,51.3671159105337,48.87661244001584
41.90973410140568,43.9650708648617,45.96644036611279,47.93140809730743,49.87851210322713,51.82682475715985,53.79571926762944,55.804742332579394,57.87354307851321,60.00201448936471,62.11080743716623,64.10076735614106,65.87275501896735,67.36942632375323,68.70057510659478,70.01778584048353,71.47264746441309,73.15061833451614,74.8726252681451,76.41904806282982,77.6726163879637,78.53391707856463,78.87261402024342,78.58097632427778,77.6726163879637,76.20666609353847,74.30299086242545,72.09664068757465,69.72266775228587,67.29458687387819,64.83975722119398,62.364009783162174,59.873197494339934,57.373212228918305,54.87001451782368,52.36968497013888,49.87851210322713
42.90553397435198,44.963750360707536,46.96687577715318,48.93293478388746,50.88072777315774,52.82948063256369,54.79865854299452,56.80786458459767,58.876783214894544,61.00532947224184,63.114167938619886,65.10415462413454,66.87615771550145,68.37283794707238,69.70399245728385,71.02120736880343,72.4760723490113,74.15404592212593,75.87605473179681,77.42247868143623,78.67604768358737,79.53734873816029,79.87604580432577,79.58440800175603,78.67604768358737,77.21009657681194,75.30641978575197,73.1000667009751,70.72608845154562,68.29799812008946,65.84315169475889,63.367374408662414,60.87650891460433,58.376428776367874,55.87306206509295,53.37243220352893,50.88072777315774
43.90289905801375,45.96340686018186,47.967928181037905,49.93485421164715,51.88319440035045,53.83229679506522,55.80169969926715,57.81105099368503,59.880063198606635,62.00866886547881,64.11754346140118,66.10755139205408,67.87956672925571,69.37625404609719,70.7074131021605,72.02463132948691,73.47949897358575,75.15747469208833,76.87948499077763,78.42590985710646,79.67947939660709,80.54078074006495,80.87947790503569,80.58784001785412,79.67947939660709,78.21352764506821,76.30984961587569,74.10349422148342,71.72951175420027,69.30141391980084,66.84655418184452,64.37075320479732,61.87984548005343,59.37969003594732,56.87618917244842,54.37532089883189,51.88319440035045
45.00150997257286,47.0638401757568,49.069470836856595,51.03708557858727,52.98586030233227,54.93524021416687,56.904821733270225,58.91428833013984,60.983374811429414,63.11202763408052,65.22093090693971,67.21095570019854,68.98298075704776,70.47967369752041,71.81083636165101,73.12805722074702,74.58292697918455,76.26090440048662,77.9829158810125,79.529341474919,80.78291144091452,81.64421301366063,81.98291025705319,81.69127230271516,80.78291144091452,79.31695917762612,77.41328016572598,75.20692293818723,72.83293712318053,70.40483333365714,67.9499630293573,65.4741432484586,62.983202004150044,60.48298678641747,57.97937943571074,55.47832190107039,52.98586030233227
46.00111193124547,48.06489091440761,50.071402949354216,52.03956467073212,53.98868442547342,55.93828465999377,57.90800796929656,59.917566091370205,61.986711529719884,64.11540178145444,66.22432781577953,68.21436599310454,69.98639876452012,71.48309616850216,72.8142616963717,74.13148464431217,75.58635608090583,77.26433485372327,78.9863472722746,80.53277344366035,81.78634374816528,82.64764550289772,82.98634280853375,82.69470480089356,81.78634374816528,80.3203910787008,78.41671128682438,76.21035260431407,73.83636413221052,71.40825561608084,68.95337692520212,66.47754221946778,63.98657437000344,61.48631170782167,58.9826198315358,56.48141205936852,53.98868442547342
47.00150188966682,49.0664322472282,51.07364439044899,53.042240470078696,54.99163416453936,56.941409305338965,58.91124516837877,60.92087594009551,62.9900681751316,65.11878813530507,67.22773223577418,69.21778103616994,70.98981993068938,72.48652087738034,73.8176886782098,75.13491328407196,76.5897860526218,78.26776589813926,79.98977906120263,81.53620569093428,82.7897762641145,83.6510781632896,83.98977551832832,83.69813746838217,82.7897762641145,81.32382327226763,79.42014286132317,77.21378302399978,74.83979244295273,72.41168017529967,69.956794827947,67.48094827623125,64.98995930982517,62.489658989642166,59.985900021184946,57.484572992211554,54.99163416453936
48.00251817273644,50.068363308840816,52.07613148240979,54.04507245123784,55.9946836275338,57.944597614254306,59.91452282056757,61.92421125815001,63.99344063727591,66.12218417765501,68.2311426174568,70.22119984947152,71.99324360393223,73.48994736248517,74.82111696736972,76.13834288912818,77.59321671485411,79.27119741177513,80.99321116575857,82.53963815927978,83.79320894570776,84.65451095952713,84.99320835377681,84.7015702702524,83.79320894570776,82.32725569798576,80.42357479568636,78.21721404178635,75.84322178686699,73.41510654161942,70.9602159109935,68.48435995703318,65.99335422983754,63.49302401964947,60.98921179747042,58.48779010598926,55.9946836275338
49.00403213101916,51.07060391533004,53.078813633707114,55.04802842877618,56.997812255643026,58.9478364587568,60.91783258274097,62.92756679214905,64.99682565352573,67.12558790990572,69.2345577309849,71.2246216552318,72.99666926704971,74.49337525738656,75.82454629415406,77.141773260342,78.59664792515026,80.27462929783135,81.99664352082866,83.54307080308996,84.79664175877286,85.65794386358547,85.9966412889569,85.7050031787814,84.79664175877286,83.33068830796257,81.42700701567432,79.2206455342864,76.846651950812,74.41853434224075,71.96363951826146,69.48777610168248,66.99675707127443,64.49640313685092,61.99254864550784,59.491051815103845,56.997812255643026
50.105941448336125,52.17309034453767,54.181650657983965,56.15108284423215,58.101003726080705,60.051115417021876,62.021167832095685,64.03093837213639,66.10022063420034,68.22899774571901,70.33797660021321,72.3280458361209,74.10009650953737,75.59680427124707,76.92797644450306,78.2452042396564,79.70007957044542,81.37806147947802,83.10007607473207,84.64650358616663,85.90007467618727,86.7613768532213,87.10007430329406,86.80843617196557,85.90007467618727,84.43412106418565,82.53043946236292,80.32407740356714,77.95008276561677,75.52196328127094,73.06706512901441,70.5911957893182,68.10016620003952,65.5997934353486,63.09590539390389,60.594348922395596,58.101003726080705
51.108164785575994,53.17577196960174,55.18461063923762,57.154215403731925,59.10424508013743,61.054426215895106,63.02452331156546,65.03432268820004,67.10362352378563,69.23241242598621,71.34139845036282,73.331471902159,75.10352500557548,76.60023417322778,77.93140724851665,79.24863570162104,80.70351156099977,82.3814938957351,84.10350878644964,85.64993647977917,86.90350767642377,87.76480991077996,88.10350738045824,87.81186923234058,86.90350767642377,85.43755393648448,83.533872088984,81.32750957189906,78.95351409700994,76.52539312385868,74.07049232994015,71.59461828904197,69.10358031911669,66.60319260862516,64.0992779377895,61.59767412702524,59.10424508013743
52.21063750136801,54.27860857607732,56.28766823306849,58.257409994906524,60.20752603039601,62.15776228812079,64.12789484827147,66.1377171131253,68.2070326907666,70.33583095133245,72.4448226664839,74.43489946444593,76.20695449655952,77.7036647801111,79.03483857134478,80.35206754666574,81.8069438255867,83.4849264982027,85.2069416234244,86.7533694611241,88.00694074239621,88.86824302224906,89.2069405074882,88.915302346045,88.00694074239621,86.54098690091271,84.63730485841766,82.4309419775882,80.05694583841992,77.62882368360168,75.1739207929905,72.6980430207328,70.20699839904265,67.70659882593064,65.20266301891905,62.70102163365196,60.20752603039601
53.31330823779824,55.381568225640194,57.39080331563926,59.36065382613961,61.31083841041567,63.26111842073006,65.23127912998186,67.24111956160505,69.31044684017604,71.43925252854106,73.54824876048576,75.53832821430956,77.31038477723405,78.80709594647666,80.13827030595675,81.45549969576153,82.91037630767356,84.58835924846568,86.31037455981595,87.85680251210235,89.11037386054335,89.97167617650689,90.31037367409672,90.01873550207704,89.11037386054335,87.64441993846415,85.74073774120174,83.53437457166802,81.16037790526073,78.73225481255196,76.27735025779208,73.8014695239441,71.31041962271873,68.81001063415627,66.30605805108976,63.80438684209443,61.31083841041567
54.41613619925626,56.4846255561564,58.493999909624364,60.46393674268927,62.41417573766121,64.36449047584983,66.33467352764038,68.3445283784759,70.41386494417694,72.5426765280277,74.65167634496763,76.6417579067554,78.41381568468728,79.91052755690407,81.24170236740191,82.55893208618296,84.01380896239026,85.69179211603398,87.41380757511459,88.96023561834853,90.21380702010156,91.07510936472619,91.41380687211876,91.1221686917045,90.21380702010156,88.74785303405348,86.84417071395214,84.63780731527363,82.26381023039627,79.83568639328277,77.38078051768555,74.90489743321666,72.41384334160503,69.91342687994276,67.40946098154816,64.90776610092395,62.41417573766121
56.33988035735561,58.469884594707594,60.571636625961105,62.66237047146399,64.75747666995451,66.86879625491267,69.00340438673621,71.16333596773225,73.34666193092963,75.53977119894373,77.69069698946663,79.7414320847733,81.63859945851235,83.36458493398675,85.00876057707774,86.672005334936,88.43365617023997,90.31388415459828,92.1643472084523,93.84359858715453,95.37580830716352,96.73482289806668,97.41047331600966,96.88673966911443,95.37580830716352,93.2456781946596,90.73901085710821,88.04428212857556,85.32018820550172,82.67616053820109,80.09814663189735,77.55584846025856,75.02820609176821,72.49822519527837,69.95080409839474,67.37315171515203,64.75747666995451
54.95517074298043,57.023707388050425,59.03311045148267,61.003065079882774,62.95331529136173,64.90363718844837,66.87382484595385,68.88368266916609,70.95302114931,73.08183394844977,75.19083450439574,77.18091650071601,78.95297452910751,80.4496865462342,81.7808614497041,83.09809123629975,84.5529681669884,86.230951364509,87.9529668540425,89.49939491602419,90.75296632876683,91.61426867929961,91.95296618871294,91.66132800656823,90.75296632876683,89.28701232953233,87.3833299841092,85.17696653819516,82.80296936705514,80.37484537649134,77.91993922861889,75.44405565959666,72.9530007041845,70.45258270202513,67.94861405881463,65.44691429850606,62.95331529136173
53.34959879946189,55.417644902167396,57.42675011924739,59.3965201238818,61.34665396224476,63.29690158310683,65.2670414540033,67.27686843705956,69.34618705362838,71.47498724332131,73.58398013156274,75.57405761929883,77.34611304899107,78.84282356257233,80.17399750138975,81.49122658435954,82.9461029497642,84.62408569203032,86.34610086559293,87.89252873305286,89.14610003176992,90.00740232100135,90.34609980944819,90.0544616452581,89.14610003176992,87.68014616935429,85.77646408666337,83.57010113085227,81.19610485475062,78.76798245634554,76.3130791335254,73.83720059209051,71.34615459921294,68.84575258074726,66.3418124167167,63.84016328576483,61.34665396224476
51.803186000563,53.893372745161514,55.93517609471556,57.947947820134004,59.95044753443335,61.96009110184946,63.992269317390424,66.05997540269627,68.17407126354452,70.32844672342165,72.45423797224811,74.46877639766967,76.29191918136303,77.88451377806105,79.35136314088263,80.82505372443242,82.42437542847946,84.20054251090875,85.98613752064546,87.59930969680438,88.99619588076482,90.12457768839099,90.65210674369123,90.22970949468376,88.99619588076482,87.19599757544346,85.01081855313797,82.59165488784325,80.07335942570904,77.55963544343768,75.05706369818719,72.55580466079434,70.05086622373636,67.53927390004509,65.01896115876417,62.48893568015498,59.95044753443335
50.141179103546904,52.20721291312016,54.21509574476612,56.184107823714854,58.13376383745988,60.083706448128936,62.05365007252905,64.06335039766834,66.1325874337792,68.2613358350058,70.37029723071663,72.36035620081918,74.13240095710285,75.62910529528929,76.9602752720591,78.27750146507441,79.73237550872491,81.41035638115285,83.13237025694755,84.6787973254597,85.9323681558462,86.79367019329815,87.13236759563071,86.84072950518453,85.9323681558462,84.46641485537856,82.5627338517921,80.35637290895053,77.98238030898185,75.55426444993734,73.09937273022405,70.6235148380928,68.13250565582926,65.63216928407789,63.12834608398276,60.62690487802686,58.13376383745988
49.09353835340389,51.16840727322181,53.186777492525664,55.16839180745727,57.1328454647344,59.09937085248353,61.08662530817183,63.11255157171885,65.19442334342426,67.33043761235355,69.44418419738449,71.44119439419605,73.22780610178145,74.7521620408586,76.12319835803072,77.48749560563434,78.98688471846464,80.6957120153082,82.43795672637387,84.00583857467012,85.30623537168131,86.25760111929262,86.66220820184282,86.3247315391171,85.30623537168131,83.73267828919494,81.74267486610981,79.47360303810198,77.05830623162177,74.60614178196124,72.13799376858205,69.65509907945855,67.1602130366102,64.65670710449528,62.14822585446481,59.63873254930911,57.1328454647344
48.34080644964399,50.4017872464319,52.40659656269116,54.37370141674026,56.32215444301542,58.27132890616075,60.24077819667596,62.25015943590577,64.31919093120477,66.44780884507033,68.55669088882907,70.546703198974,72.31872106053137,73.81540983792621,75.14656983106717,76.46378874191014,77.91865693513995,79.59663309588963,81.31864370152284,82.86506875681651,84.11863840708547,84.97993981009357,85.31863699543183,85.02699909080857,84.11863840708547,82.65268652263613,80.74900823821699,78.54265236772413,76.16866903097831,73.74056964992965,71.28570716771415,68.80990130699897,66.3189848767144,63.81881390861194,61.315285389377564,58.81436796412133,56.32215444301542
37.91389420300154,39.94795830277738,41.93629802779061,43.893145538930554,45.835113912240324,47.78014169639241,49.74691994819858,51.75457603325904,53.82249583157106,55.95040781079692,58.05886049521379,60.0486203131189,61.820492630643756,63.31709719631213,64.6482031591377,65.96538265915243,67.42021918983,69.09816985071758,70.82016275795257,72.3665769174903,73.6201401808205,74.48143815013717,74.82013416107407,74.52849726214862,73.6201401808205,72.1541959600319,70.25053239202731,68.044203973452,65.6702707694069,63.24226056582356,60.78755630903669,58.31203201137862,55.821617445967945,53.32234127783386,50.820406380820145,48.32231983116528,45.835113912240324
38.89814605892141,40.9393934141248,42.932144489423834,44.89174560497954,46.8354572521322,48.7816007888248,50.749098153040535,52.75721886583804,54.8254381437778,56.95354032354376,59.06210870164165,61.0519365591329,62.823848098010714,64.32047535757874,65.65159588099895,66.96878600189567,68.42363106541194,70.10158859836892,71.82358627524005,73.37000337114043,74.6235683557276,75.48486725041246,75.8235635778467,75.53192640788899,74.6235683557276,73.15762206961028,71.25395453559292,69.04761871886578,66.67367200440154,64.24563776838428,61.79089087231604,59.315290700618846,56.824740904377364,54.325223654757636,51.8228594859297,49.32401067099384,46.8354572521322
39.88629450456556,41.933280097736,43.929546667039006,45.89133893599025,47.83643648714269,49.78346652405297,51.75153502898254,53.760024672889955,55.828481710883636,57.956734877605896,60.06539509105431,62.05527695497102,63.827219625110416,65.32386489733332,66.65499697773366,67.97219552855286,69.42704736465961,71.10501035202228,72.82701181457512,74.37343124107613,75.62699759182922,76.4882972209808,76.82699379961954,76.53535641454299,75.62699759182922,74.16104966645526,72.25737898459953,70.05103729591931,67.67707985811613,65.24902654719601,62.79424580722531,60.31858541086336,57.82792827110082,55.3282196409605,52.825514651110765,50.32606048550798,47.83643648714269
40.877557802206326,42.929121280786404,44.92818709678407,46.891722035771224,48.83792101076071,50.78565524807168,52.754177307805236,54.76295987075281,56.8316056586753,58.95997867937993,61.068711788400265,63.05863651936849,64.83060389919605,66.32726346838427,67.6584047217098,68.97560996344029,70.43046717500101,72.10843449155388,73.83043895881629,75.37686023512131,76.63042767020316,77.4917278823022,77.83042466032236,77.53878710450567,76.63042767020316,75.16447844374767,73.26080526344343,71.05445891416826,68.68049296517464,66.25242451427522,63.797616911699436,61.321908712847346,58.83116636770927,56.33130581731342,53.828330249726974,51.32839540243082,48.83792101076071
41.87130743412509,43.92651925562524,45.927812528257796,47.892732868277974,49.83980694709618,51.78810047740126,53.75698267519691,55.76599779004661,57.83479341387137,59.96326157254606,62.072052542478104,64.0620112983853,65.8339982908027,67.33066920769618,68.66181774166796,69.97902829402703,71.43388977211687,73.11186052476637,74.83386737687596,76.38029012137454,77.63385841709007,78.49515909187538,78.83385602814485,78.54221833681149,77.63385841709007,76.16790815796384,74.26423299463497,72.05788294622877,69.68391024185435,67.25582977420748,64.80100085033834,62.32525470927523,59.83444473232272,57.33446358923386,54.8312732211584,52.330956721307246,49.83980694709618
42.86703940595483,44.92515634129744,46.92822114647775,48.89424249611942,50.84201171506301,52.79074938903004,54.75991752401072,56.76911725443999,58.83803181884204,60.966575494748895,63.075412391221505,65.06539815358337,66.83740071283697,68.33408063653378,69.66523494921545,70.98244971665393,72.43731458110818,74.11528806099955,75.83729680596832,77.38372071577493,78.63728969457668,79.4985907365967,79.83728779846884,79.54564999957569,78.63728969457668,77.17133861581809,75.26766187855856,73.06130889414113,70.68733082798931,68.25924082255685,65.80439497569532,63.328618719029194,60.83775505998422,58.33767819390175,55.83431731159726,53.33369780867338,50.84201171506301
43.86435042540795,45.92477911331537,47.92925225841492,49.896148373633594,51.84446968498865,53.79356002259652,55.762955166207064,57.77230145070246,59.84131042822244,61.969914046086814,64.07878739593068,66.06879459386074,67.8408095087178,69.33749658119707,70.6686554804798,71.98587359344839,73.44074114567317,75.11871679018424,76.84072703751934,78.3871518722328,79.64072139320098,80.5020227266956,80.84071988825869,80.54908200399527,79.64072139320098,78.1747696638991,76.27109167740807,74.06473636267131,71.6907540408563,69.26265646522367,66.80779718640369,64.33199702643202,61.84109075818995,59.34093791135567,56.837441674825456,54.33658162448516,51.84446968498865
44.96291832095459,47.02518561739925,49.030777998099296,50.998368978979,52.94712871293656,54.89649905225575,56.86607441063211,58.87553703065707,60.94462095016803,63.073272146446755,65.18217443026523,67.1721986419515,68.94422336358187,70.44091611010262,71.77207864979572,73.08929941812548,74.5441691036423,76.22214646621715,77.9441579059831,79.49058347479644,80.74415342608275,81.60545499092103,81.94415223160894,81.65251427958705,80.74415342608275,79.27820118044389,77.37452220243598,75.16816503811995,72.79417933857172,70.36607575443273,67.91120581455287,65.4353866821776,62.944446593927424,60.44423343775259,57.94062975979581,55.439578752993754,52.94712871293656
45.96248606700648,48.026215049246645,50.03269667371514,52.000839525379746,53.94994737841597,55.89954001347169,57.869258432282976,59.878813397638936,61.947956802585,64.07664576342043,66.18557101272603,68.17560872845023,69.94764123380007,71.44433848384148,72.77550391294447,74.09272678884349,75.54759816755981,77.22557689376535,78.94758927996547,80.49401543143475,81.74758572426498,82.60888747272097,82.9475847762103,82.65594677040845,81.74758572426498,80.28163306880896,78.37795330383284,76.1715946715025,73.79760629103859,71.36949793792326,68.9146195362869,66.43878534529237,63.94781841341239,61.447557387554184,58.94386842653506,56.44266583615891,53.94994737841597
46.96284882764175,49.02773945411845,51.03492744330474,53.00350853927884,54.952892784637925,56.90266189263312,58.872493873634,60.88212213967705,62.95131276072493,65.08003169628176,67.18897517366958,69.17902360768852,70.95106229102996,72.44776311553755,73.77893083797568,75.09615538665838,76.55102810927087,78.22900791779236,79.95102105517856,81.49744766910248,82.75101823301645,83.61232012720993,83.95101748054483,83.65937943205776,82.75101823301645,81.28506525228812,79.38138486269446,77.175025065199,74.80103455688649,72.37292241861844,69.91803730083888,67.4421911576764,64.95120291957026,62.450903898178495,59.94714724369804,57.445824327919766,54.952892784637925
47.96384349653445,50.029657069457386,52.03740606109665,54.00633513313184,55.95593880796177,57.90584800574574,59.87577013059712,61.885456579308354,63.954684677363886,66.08342740448578,68.1923853497407,70.18244229095944,71.95448587780714,73.45118953938271,74.78235908204783,76.09958495842284,77.55445874768822,79.2324394152455,80.95445314884893,82.50088012982354,83.75445090889687,84.61575291876235,84.95445031165968,84.66281222929334,83.75445090889687,82.28849766999969,80.38481678464643,78.1784560623579,75.80446386516806,73.3763487226137,70.92145827420089,68.44560264451205,65.95459749537648,63.45426831606514,60.95045793057129,58.44903950399032,55.95593880796177
48.965340282419035,51.0318869969778,53.04008148380062,55.00928683369557,56.95906470556784,58.90908510726129,60.879078785307655,62.888811416074105,64.9580692606349,67.08683087152059,69.19580030007333,71.1858639935137,72.95791147229649,74.45461738566215,75.78578837304596,77.10301530321297,78.5578899390824,80.23587128845747,81.95788549527913,83.50431276758218,84.75788371742772,85.61918581910211,85.95788324340019,85.66624513414385,84.75788371742772,83.29193027362166,81.3882489947836,79.18188753848574,76.80789400083135,74.3797764737679,71.92488179441176,69.44901863520884,66.95800006361242,64.45764694741234,61.95379391389807,59.45229967500774,56.95906470556784
50.067235959135374,52.13436494608676,54.14291316592474,56.11233785384216,58.06225400852976,60.01236268200513,61.98241315562345,63.99218244264914,66.06146389764712,68.19024049682929,70.29921903977231,72.28928809248774,74.0613386603138,75.55804636093126,76.88921849499131,78.20644626155479,79.66132156937505,81.33930345990964,83.06131804232506,84.60774554585575,85.86131663124326,86.72261880578648,87.06131625500734,86.76967812440839,85.86131663124326,84.39536302480091,82.4916814336536,80.28531939477179,77.91132479318888,75.48320537353592,73.02830733606714,70.5524382006515,68.06140897553504,65.56103686027858,63.057149975945364,60.55559556142407,58.06225400852976
51.06944846297512,53.137039837847325,55.14586890605986,57.11546771805945,59.06549364208722,61.015672382706484,62.985767937371165,64.9955663194579,67.06486651446302,69.19365501001724,71.3026407871138,73.29271409350955,75.06476711311865,76.5614762322819,77.8926492764609,79.20987770687348,80.6647535480219,82.34273586807534,84.06475074859982,85.61117843565606,86.86474962862334,87.72605186100257,88.06474933000467,87.77311118246607,86.86474962862334,85.39879589309646,83.49511405406906,81.28875155278989,78.91475610676562,76.4866351849612,74.03173448215,71.55586060339002,69.06482292250249,66.56443572747379,64.0605219750583,61.55891979698946,59.06549364208722
52.17191257597396,54.23987109842939,56.248923133051605,58.21866016971997,60.16877322667585,62.11900758326827,64.08913892027697,66.09896039573927,68.16827546494409,70.29707340275164,72.40606492163566,74.39614160419289,76.16819656978835,77.66490681485409,78.99608058139589,80.31330953870629,81.7681858031578,83.44616846412077,85.16818358125465,86.71461141397523,87.96818269232865,88.82948497061238,89.16818245531485,88.87654429433124,87.96818269232865,86.50222885434728,84.59854681857732,82.39218395029295,80.01818783403466,77.5900657199705,75.13516290167138,72.65928525810322,70.16824086582376,67.6678417018389,65.16390662379058,62.662266534434906,60.16877322667585
53.27457648164081,55.34282650390318,57.3520555429438,59.321902302651424,61.27208452269403,63.222363024009525,65.19252276242453,67.20236256749567,69.27168944251571,71.40049487470546,73.50949095087194,75.49957031309862,77.27162682322756,78.76833796192389,80.09951230180596,81.41674167731578,82.8716182777434,84.5496012092865,86.27161651421744,87.81804446255191,89.07161580867636,89.9329181233945,90.27161562055838,89.97997744890344,89.07161580867636,87.60566188937679,85.70197969745207,83.4956165378754,81.12161988965181,78.69349682928959,76.23859233192391,73.76271170021718,71.27166198107597,68.77125331724048,66.26730131276048,63.765631132356035,61.27208452269403
54.37739901980274,56.44588046522162,58.45525001536002,60.4251838711522,62.375420989523874,64.3257345299757,66.29591681119472,68.30577116472824,70.37510741012773,72.50391879065089,74.61291848394913,76.60299997303609,78.37505770906404,79.8717695570362,81.20294435197911,82.52017405941422,83.97505092650633,85.6530340728091,87.3750495267947,88.92147756689197,90.17504896680633,91.0363513104425,91.37504881749699,91.08341063737225,90.17504896680633,88.70909498296449,86.80541266709967,84.59904927632405,82.22505220587914,79.79692839443913,77.34202256439576,74.86613956099657,72.37508561390575,69.87466940998101,67.37070397081591,64.86900990660075,62.375420989523874
56.30352354111207,58.433687362751016,60.535676908225724,62.62671475359255,64.72217500828685,66.83387469528185,68.96885682196523,71.12911764855794,73.31268619400407,75.50592950190598,77.65694163193487,79.70780018853031,81.60521685665587,83.33164093277671,84.97637910292988,86.64020023826977,88.40232500362245,90.28284758784801,92.13349073569634,93.81292281848351,95.34549410870423,96.7050994831307,97.38111307080631,96.8571323077421,95.34549410870423,93.21446224282509,90.70684760652078,88.01124899036148,85.28646832323042,82.64198864682069,80.06370675145251,77.52126082482607,74.99353611032527,72.46348820201081,69.91596779577779,67.33813942118671,64.72217500828685
54.88843786560537,56.95696156977941,58.96635677648341,60.936306535056175,62.88655367706106,64.83687361506918,66.80706001219235,68.81691702199589,70.88625497824125,73.01506744481014,75.12406779852282,77.11414967593075,78.88620763578257,80.38291961325386,81.71409449128141,83.03132425931922,84.48620117509874,86.16418436061215,87.88619984181203,89.43262789866331,90.68619930839859,91.54750165731457,91.88619916617489,91.59456098450374,90.68619930839859,89.22024531277262,87.31656297427892,85.11019954129122,82.73620239375744,80.30807844518617,77.85317237182339,75.37728893540196,72.88623421637381,70.38581663578044,67.88184874370505,65.38015031875184,62.88655367706106
53.28288596671189,55.350911537027656,57.36000428612083,59.32976656187127,61.27989552834366,63.230140039605104,65.20027790986887,67.21010360175991,69.27942138670801,71.40822104848397,73.51721361570253,75.50729091467794,77.27934623557053,78.77605668620284,80.10723058463313,81.42445963814421,82.87933597988211,84.55731870308807,86.27933386342191,87.82576172273778,89.07933301668093,89.94063530334586,90.27933279091488,89.98769462747649,89.07933301668093,87.6133791599935,85.7096970883024,83.50333415301048,81.12933791438141,78.70121558263523,76.24631237809157,73.77043404714644,71.27938842950229,68.77898708022204,66.2750481085161,63.77340109721989,61.27989552834366
51.73890130471152,53.82927739662196,55.871369103656235,57.8845218068856,59.88748299402093,61.89764463342544,63.9303571072066,65.99855506775958,68.11302704716525,70.2676155590168,72.39354607262581,74.40828646908716,76.23184754573074,77.82521402946222,79.29312669741785,80.76800265129651,82.36838114859253,84.1452466210068,85.93128546845972,87.54491658954157,88.94276456646082,90.07285570842018,90.60153103819283,90.17834538931717,88.94276456646082,87.14027246146449,84.95301881881156,82.53219439918536,80.0127252165481,77.49828617136063,74.99531007417335,72.49383399329346,69.98877635570946,67.47708794137552,64.95663427977048,62.42636332640129,59.88748299402093
50.07454847280207,52.14053064731658,54.14838210080214,56.11737471954214,58.06701846305545,60.01695324053303,61.986891824683966,63.99658889671139,66.06582383743896,68.1945709084647,70.30353149527332,72.29358998973794,74.06563447186696,75.56233865143334,76.89350852643463,78.21073464521893,79.66560862923313,81.34358945363257,83.06560329609295,84.6120303440834,85.86560116244038,86.72690319342516,87.06560059354575,86.77396250499379,85.86560116244038,84.39964787640689,82.4959669005382,80.2896060094016,77.91561350385761,75.48749781278217,73.03260639110394,70.55674902936451,68.06574079260096,65.56540610699957,63.061585911083554,60.56015004540592,58.06701846305545
49.0274258340543,51.102347178669156,53.12079795458014,55.10252005312303,57.06710637334618,59.033783516716426,61.0211976879328,63.04727397420777,65.12926244227239,67.26534359130201,69.37913420193607,71.3762086855827,73.16295520887026,74.68756602496481,76.05896701277314,77.42369053596352,78.9234785174246,80.63257979448744,82.37500313329161,83.94307350969581,85.24387854740982,86.19601713000722,86.6011796287655,86.26331758885374,85.24387854740982,83.66937667501995,81.67859806885522,79.40895328000934,76.99327454578614,74.54088609984427,72.07261420133621,69.5896538211922,67.09473193702252,64.59119723320741,62.082673982338406,59.57310805969553,57.06710637334618
48.274382059372556,50.33523339650492,52.33996389281208,54.30701980752181,56.25544195383209,58.204596694502385,60.174033290917905,62.183406335489096,64.25243255183003,66.38104711422179,68.48992711983236,70.47993823150239,72.25195540225472,73.74864377996055,75.07980351666474,76.39702224045945,77.85189028341635,79.52986632314258,81.25187684477885,82.79830184836122,84.05187146831777,84.9131728550296,85.2518700347942,84.96023213494395,84.05187146831777,82.58591962024013,80.68224140566522,78.47588566546005,76.10190256664768,73.6738036088486,71.21894187761586,68.74313735334623,66.25222330538865,63.75205658553591,61.24853563451346,58.74763166008067,56.25544195383209
37.87972094398083,39.91350497283244,41.90167246317691,43.858412371706436,45.80031258644162,47.745296731943455,49.71204685207802,51.71968475833098,53.78759283827202,55.91549737468421,58.023945531679544,60.01370268694433,61.78557346957308,63.282177147127356,64.613282540129,65.93046162449787,67.38529782124392,69.0632482131935,70.78524093376882,72.3316549783919,73.58521817436059,74.44651610746293,74.78521210601369,74.49357521769511,73.58521817436059,72.11927403439876,70.21561062160416,68.0092824925553,65.6353498172387,63.20734055415734,60.75263796603247,58.27711663761602,55.786707364171804,53.28744062981623,50.785522529324425,48.28746580128866,45.80031258644162
38.8638209338786,40.904844388595194,42.89745814080247,44.85697360653569,46.8006310570093,48.74673991710764,50.71421493652487,52.7223212139682,54.7905311882748,56.91862745959416,59.0271922438715,61.0170179878761,62.78892830845115,64.28555486310088,65.61667493424153,66.93386472523451,68.38870952370604,70.06666684320501,71.7886643719234,73.33508137661562,74.58864630773778,75.44994517367925,75.78864149128259,75.49700432974356,74.58864630773778,73.12270008577289,71.2190326749463,69.01269708801804,66.63875079321082,64.2107173036857,61.75597173208277,59.28037391722316,56.789828321688745,54.29031856115421,51.787967728454475,49.289142597856795,46.8006310570093
39.85184787915641,41.898654739325416,43.89481192199533,45.85653605532657,47.80159052790854,49.74859301638637,51.71664377572169,53.72512195797859,55.79357160993689,57.92182008644052,60.03047744721732,62.02035763356554,63.7922993367028,65.28894404941802,66.62007577083753,67.93727405980857,69.3921256855472,71.070088503487,72.79208984845042,74.33850920255924,75.59207551087707,76.4533751172149,76.79207168805084,76.50043430965624,75.59207551087707,74.126127636421,72.22245705234218,70.01611554605444,67.64215844133635,65.21410572291703,62.759326034205,60.28366750856014,57.793013703197445,55.293311018086996,52.790616616104074,50.291181258169715,47.80159052790854
40.843014127884835,42.894435096403896,44.893413843234,46.8568946047981,48.803059348765586,50.750771704722894,52.71927967313897,54.72805313625682,56.79669306078466,58.92506235843089,61.03379320312402,63.023716602546656,64.79568321484234,66.2923423399404,67.62348330833868,68.94068834223802,70.39554538682816,72.07351256890931,73.79551694284062,75.34193816168778,76.5955055630887,77.45680575708043,77.79550252890749,77.50386497839426,76.5955055630887,75.12955637704681,73.2258832743484,71.01953706983883,68.64557138521701,66.2175034045918,63.762696636419406,61.286989922415586,58.79625022397917,56.29639439274837,53.79342723063212,51.293507316915935,48.803059348765586
41.83668634189503,43.89178464130215,45.89300864965276,47.85788592704235,49.80493281173367,51.753208964613734,53.72207997394398,55.731087864545074,57.79987883390075,59.92834403731152,62.03713320994487,64.02709090896676,65.79907729217993,67.29574785659341,68.62689616441577,69.94410655181781,71.39896789738225,73.07693854330103,74.79894532133343,76.34536802022762,77.5989362892105,78.46023694962405,78.79893388097804,78.50729619385403,77.5989362892105,76.13298606216064,74.22931096042767,72.02296102692245,69.64898853238124,67.22090843799509,64.76608017640422,62.29033521390319,59.79952733775686,57.29954994064458,54.796366245176614,52.29606160184946,49.80493281173367
42.832356619634886,44.890383191730635,46.89339292232488,48.85938005401114,50.80712767322673,52.755851548302275,54.72501080035792,56.73420479582035,58.80311566553331,60.93165699567518,63.04049246556727,65.03047738905545,66.80247946477469,68.29915910870453,69.63031324188968,70.94752787840082,72.40239263766912,74.08036603284798,75.80237471902151,77.34879859263185,78.60236755021586,79.46366858082898,79.8023656387997,79.51072784324754,78.60236755021586,77.13641649691633,75.23273980854557,73.02638691532533,70.65240901571906,68.22431930654619,65.76947398534276,63.29369866412544,60.80283667256556,58.30276277990157,55.79940719439358,53.29879710435212,50.80712767322673
43.829618515719986,45.88997531738741,47.89440468692952,49.861273618654565,51.80957777637171,53.758657157745176,55.72804524931337,57.737386981283976,59.806393026053485,61.93499478197555,64.04386699950166,66.03387353160257,67.80588806267271,69.30257491309862,70.63373366991391,71.95095167896484,73.40581914770317,75.08379472497768,76.8058049256469,78.35222973163133,79.60579923575898,80.46710056019992,80.80579771866647,80.51415983705476,79.60579923575898,78.13984752666397,76.23616957897605,74.02981433662269,71.65583214699546,69.22773480650574,66.77287594490556,64.2970765274149,61.80617158270334,59.30602109602083,56.80252906402983,54.301676486182146,51.80957777637171
44.9281473228583,46.99035745895907,48.99591505531818,50.96348444507511,52.91223055792554,54.86159219872499,56.83116195884551,58.84062096510158,60.90970255671445,63.038352275100934,65.14725366017296,67.13727734338104,68.9093017603961,70.40599433067166,71.73715675728761,73.05437744313758,74.50924706239095,76.1872243716,77.90923577432719,79.45566132033821,80.70923125825817,81.57053281591055,81.90923005414072,81.61759210422352,80.70923125825817,79.24327902865755,77.33960008144771,75.13324297458252,72.75925737995209,70.33115398244712,67.87628437371781,65.40046583065941,62.90952679292552,60.40931551009763,57.905715169581356,55.40467009463501,52.91223055792554
45.92768398173482,47.99136752997542,49.99782152107222,51.96594722603344,53.91504426404647,55.864629993475035,57.83434396828848,59.84389606512477,61.913037622308224,64.0417254100972,66.15064994605135,68.14068724231633,69.91271950589066,71.40941661604532,72.74058195539853,74.05780476583305,75.51267609195594,77.19065477580494,78.91266713260734,80.4590932659784,81.71266354819974,82.57396529095229,82.91266259249092,82.62102458835953,81.71266354819974,80.24671090547326,78.34303116494162,76.13667257821012,73.76268428101974,71.33457607603653,68.87969793723639,66.40386421398883,63.9128981159227,61.4126385769997,58.90895226509504,56.407754383424674,53.91504426404647
46.92802202886564,48.992876552816334,51.00004259359853,52.96861007403541,54.91798573301952,56.867749359001806,58.83757781238394,60.84720380151171,62.91639295592094,65.04511096040332,67.1540538715937,69.14410197268398,70.91614046412671,72.41284117760557,73.74400882880903,75.06123332553237,76.51610600640133,78.19408578130441,79.91609889535758,81.46252549491695,82.71609605041061,83.57739794007728,83.91609529186388,83.62445724470268,82.71609605041061,81.25014307978576,79.34646270959368,77.14010294829006,74.76611250607193,72.3380004853768,69.88311557621165,67.4072698043039,64.91628222800793,62.415984386834424,59.91222983507481,57.410910656969776,54.91798573301952
47.92899705763817,49.99478194975946,52.00251351098675,53.97143177246117,55.92102863071446,57.870933476783605,59.84085280150043,61.85053744291588,63.91976437685642,66.0485063649671,68.15746386082452,70.14752053779532,71.91956397233204,73.4162675457837,74.74743703190966,76.06466286704443,77.51953662317788,79.19751726405217,80.91953097913616,82.46595794870959,83.71952872109975,84.58083072737227,84.91952811904073,84.62789003772676,83.71952872109975,82.25357549022169,80.34989462026749,78.14353392670446,75.76954178197386,73.3414267327374,70.8865364499027,68.41068111488129,65.91967649103216,63.41934824848397,60.91553953199465,58.414124072240625,55.92102863071446
48.93047823937372,50.997002173434595,53.005182819455925,54.97437958654396,56.92415204710876,58.874168994441675,60.84416044985491,62.85389164610234,64.92314856667728,67.05190959099873,69.16087866286047,71.15094214656565,72.9229895044586,74.41969534788004,75.75086629038857,77.06809318782314,78.52296779739572,80.20094912559247,81.92296331771524,83.46939058096919,84.72296152551026,85.58426362433293,85.92296104765565,85.63132293923456,84.72296152551026,83.257008088069,81.35332682145317,79.1469653879548,76.77297189193735,74.34485443894054,71.88995989100431,69.41409696568053,66.92307881100885,64.42272643833286,61.91887472955494,59.41738284558397,56.92415204710876
50.03236152111734,52.099472416751624,54.10800964718315,56.07742752137246,58.02733938048051,59.977445311974705,61.94749402138406,63.95726216978882,66.0265428914016,68.15531902502073,70.26429728485542,72.25436617110299,74.02641664297835,75.52312428808095,76.8542963865234,78.17152412710709,79.62639941405553,81.30438128778084,83.02639585852974,84.57282335487815,85.82639443605551,86.6876966083353,87.02639405678201,86.73475592684599,85.82639443605551,84.36044083466487,82.45675925321837,80.25039723243256,77.87640266389693,75.44828330303079,72.9933853698704,70.51751642008561,68.0264875258855,65.52611600077374,63.02223016791379,60.52067762258601,58.02733938048051
51.03456418078491,53.102141189997354,55.110961533419456,57.08055493638285,59.03057745061501,60.980754014762724,62.95084816910838,64.96064564744434,67.02994526035049,69.15873338638285,71.26771893877458,73.25779211304415,75.02984505649691,76.52655413159789,77.85772714750713,79.17495555729954,80.6298313818819,82.30781368859385,84.02982855985861,85.57625624121425,86.82982743083994,87.6911296614227,88.02982712981036,87.73818898279794,86.82982743083994,85.3638736993226,83.46019186799478,81.25382938107836,78.87983396128378,76.45171308613855,73.99681246611713,71.52093873469309,69.02990131645583,66.52951458983115,64.02560167198901,61.52400097755849,59.03057745061501
52.1370204765022,54.20496759278329,56.214012700963806,58.18374544386195,60.133855794214355,62.08408842323958,64.05421864877309,66.06403940691108,68.13335401409685,70.262151658612,72.37114299914671,74.36121957683496,76.13327448198497,77.62998469207841,78.96115843618244,80.27838737712658,81.73326362842968,83.41124627880345,85.13326138858787,86.67968921678388,87.93326049248509,88.79456276934295,89.13326025355774,88.84162209299174,87.93326049248509,86.4673066576861,84.56362462802727,82.3572617711426,79.9832656757029,77.55514359867219,75.10024084608345,72.6243633194563,70.13331913564369,67.63292034343498,65.1289859277996,62.62734701604528,60.133855794214355
53.239678175094156,55.307919141659,57.31714268218926,59.28698603354144,61.2371661051959,63.187443235277016,65.15760209148762,67.16744132720746,69.23676783551844,71.3655730349202,73.47456896953011,75.46464824852197,77.23670471067527,78.73341582161403,80.06459014368724,81.38181950620714,82.8366960961988,84.51467901933727,86.23669431843494,87.78312226317826,89.03669360719763,89.89799592078406,90.23669341756087,89.9450552462374,89.03669360719763,87.57073969042393,85.66705750334964,83.46069435282092,81.08669772112106,78.65857469015234,76.2036702449411,73.72778970605071,71.23674015237046,68.73633178361624,66.23238030490108,63.730711059182624,61.2371661051959
54.342495785125266,56.410970041386776,58.42033522673083,60.3902663770652,62.34050179016208,64.29081424222454,66.2609958232211,68.27084972485352,70.34018567919313,72.46899687495129,74.5779964558956,76.56807787891891,78.34013557686848,79.83684740280944,81.16802218361742,82.48525188074241,83.94012873955151,85.61811187918352,87.34012732853924,88.88655536578622,90.14012676402979,91.00142910676769,91.34012661351498,91.04848843365332,90.14012676402979,88.67417278219271,86.77049047017768,84.56412708658345,82.1901300292534,79.76200624114301,77.30710045249475,74.83121752276409,72.34016370700019,69.83974773728305,67.3357827154224,64.8340893930826,62.34050179016208
56.2707033362158,58.401006777740804,60.50320410599187,62.594507866186845,64.69027777701936,66.80230984706678,68.9376189631204,71.09816761044576,73.28194819088108,75.47530865012823,77.62639623760882,79.6773626898015,81.57499720437939,83.30180449577537,84.9470340523807,86.61135854931968,88.373897113206,90.25467687629546,92.10547722593975,93.78506703079285,95.31795386968295,96.67807472540929,97.35440512745656,96.8302087957803,95.31795386968295,93.1861349361375,90.67769314954771,87.9813346782207,85.25595393212095,82.61107919178279,80.03256303285949,77.48998793411936,74.96219122654041,72.43208472955865,69.88447749370567,67.3064952346128,64.69027777701936
54.82547905018146,56.893990361641585,58.90337804439655,60.87332313939477,62.823567341922384,64.77388540381973,66.74407059393742,68.75392682477953,70.8232642793129,72.95207642739484,75.06107658743859,77.05115835097001,78.82321624518465,80.31992818467984,81.65110303834253,82.96833278860834,84.42320969011013,86.1011928641249,87.8232083373441,89.36963638928219,90.62320779613745,91.4845101435051,91.82320765183587,91.5315694706182,90.62320779613745,89.15725380396722,87.25357147210954,85.04720805150063,82.67321092657346,80.24508701821644,77.79018101620795,75.31429770677187,72.82324321411714,70.32282603723698,67.81885886448683,65.31716171833732,62.823567341922384
53.21994634667121,55.28795225450229,57.29703306375667,59.26678793798756,61.216912238909785,63.16715377226696,65.13728972662567,67.14711418203198,69.21643117057785,71.34523032679357,73.45422258658417,75.44429970479273,77.21635492149315,78.71306531184229,80.04423917159579,81.36146819689569,82.81634451596908,84.49432722092205,86.21634236858736,87.76277022010406,89.01634150947547,89.87764379368258,90.21634128041099,89.92470311769246,89.01634150947547,87.55038765827365,85.64670559711655,83.44034268147482,81.06634647873145,78.63822421082132,76.18332111954527,73.70744299017593,71.21639773187451,68.7159970234404,66.2120591935648,63.71041421215658,61.216912238909785
51.67831258995803,53.768871852085596,55.81124247930725,57.8247636359405,59.828171040142436,61.83883351356101,63.87206234599407,65.94073559176579,68.05557093255445,70.21036524264531,72.33643026879186,74.35136572920624,76.17533073714468,77.76944240524662,79.23838116822067,80.7144004289787,82.31579770198618,84.09333617307226,85.87980261124216,87.49387578702341,88.89264986331693,90.02438591060229,90.55416359763845,90.13021981613943,88.89264986331693,87.08794841989062,84.8986945732392,82.47626761701119,79.95566513207334,77.4405353526598,74.93716856187885,72.43548273938185,69.93030990269813,67.41852861884881,64.89793875350826,62.36743052063645,59.828171040142436
50.01168757025431,52.077620298841566,54.08544170392001,56.05441568692845,58.00404767998302,59.953974956052946,61.923908713426215,63.93360267011619,66.00283560420085,68.13158140135933,70.24054121352216,72.2305992524916,74.00264347207604,75.49934749973973,76.83051727728221,78.14774332497912,79.60261725188252,81.28059803028745,83.00261184082513,84.54903886916296,85.80260967599986,86.66391170079132,87.00260909879367,86.71097101205564,85.80260967599986,84.33665640378925,82.43297545446455,80.22661461284324,77.85262219772522,75.42450666750557,72.96961553124103,70.49375867743191,68.00275134612716,65.50241827526767,62.99860095630133,60.49717020472727,58.00404767998302
48.965068116828796,51.040040219574664,53.05856898872263,55.04039543667007,57.005110185928686,58.97193423220344,60.9595030007854,62.985724492046145,65.0678259021263,67.20397177690435,69.31780499391158,71.31494169048625,73.10181867440804,74.62667611223557,75.99842990974196,77.36356576999808,78.86373950563481,80.57310571431185,82.31570176370454,83.88395440795698,85.18515407701545,86.13803953116795,86.54373862552762,86.20550428149437,85.18515407701545,83.6097387998376,81.61821046955848,79.34801136812196,76.93196305688699,74.47935782847233,72.01096602511073,69.52794206178632,67.0329854855444,64.52942293218372,62.02085902598269,59.51122281034513,57.005110185928686
48.21171864200322,50.272446017430354,52.27710103760346,54.2441100878024,56.19250266280052,58.141638516593204,60.11106295664095,62.1204281536487,64.1894493146132,66.31806066747113,68.4269387212498,70.41694868519994,72.18896519440224,73.68565318934546,75.01681268047267,76.33403122514038,77.78889912418832,79.46687504801625,81.18888548921271,82.73531044327368,83.98888003420153,84.85018140530721,85.18887857973414,84.8972406844548,83.98888003420153,82.5229282209553,80.61925007326681,78.41289445783177,76.03891158687675,73.61081303440312,71.15595202234974,68.68014877792776,66.18923701140487,63.68907435988096,61.18556065652402,58.68466956315328,56.19250266280052
37.844769317809494,39.87826458884393,41.86625448357571,43.82288343301546,45.76471336019702,47.70965250278938,49.67637361129516,51.68399276990549,53.75188876471017,55.87978562532669,57.9882291131658,59.97798352242948,61.74985272210671,63.24645548374079,64.57756028907762,65.89473894478687,67.34957479714602,69.02752491173712,70.74951743980839,72.29593136591882,73.54949449241693,74.41079238817103,74.74948837394783,74.45785149656825,73.54949449241693,72.08355043581255,70.1798871830876,67.97355935263032,65.5996272225967,63.17161892946402,60.716918062245185,58.24139979603089,55.750995980222655,53.2517389749445,50.749838196638024,48.25181222318251,45.76471336019702
38.82871273598694,40.86950533218534,42.86197748182674,44.821404623980285,46.76500618407245,48.71107928315378,50.67853125868817,52.68662264902159,54.75482302848371,56.88291320639556,58.99147428434139,60.98129784868996,62.753206912818484,64.24983274047933,65.5809523451797,66.89814179593972,68.3529863210679,70.03094342042544,71.75294079635239,73.29935770698071,74.55292258296387,75.41422141926199,75.7529177267266,75.46128057386986,74.55292258296387,73.08697642716001,71.18330914338136,68.97697379344703,66.60302793143629,64.1749952117758,61.720251006106196,59.24465562187294,56.75411435855624,54.25461232154498,51.752275242380236,49.253474537204134,46.76500618407245
39.81661440809853,41.863236972354144,43.859281356225864,45.820935225623586,47.76594527285893,49.71291935118152,51.6809518096415,53.68941817151824,55.75786020623762,57.88610384569199,59.99475826448706,61.984636720744405,63.75657742660346,65.253221562293,66.58435291349207,67.90155093241651,69.3564023412003,71.03436498441256,72.75636620810481,74.30278548755481,75.55635175210868,76.41765133491856,76.75634789770737,76.4647105262039,75.55635175210868,74.09040393016481,72.18673344692434,69.98039212873985,67.60643536753577,65.17838326016837,62.723604655629416,60.24794805927152,57.75729769270052,55.257601138730934,52.75491765602894,50.25550169433434,47.76594527285893
40.807680589261594,42.85895460679072,44.85784356636502,46.82126845737288,48.76739789981306,50.71508768982589,52.68358112593435,54.692345204390875,56.7609790819742,58.88934454000545,60.99807304947953,62.987995075667186,64.75996089639995,66.25661956350353,67.5877602380535,68.90496505761449,70.35982193000618,72.03778897340526,73.75979325108321,75.3062144106735,76.55978177733886,77.42108195265641,77.75977871809647,77.46814117305274,76.55978177733886,75.09383263297605,73.19015961031326,70.98381355510199,68.60984814312943,66.18178064750276,63.72697473985866,61.251269557192416,58.760532588320956,56.260681623995055,53.75772313046704,51.25781861771544,48.76739789981306
41.80127297406499,43.8562542103344,45.85740679081967,47.822239659280285,49.769258499194166,51.71751673088487,53.6863762015696,55.69537664178324,57.76416281095882,59.89262496658387,62.00141228564766,63.99136889469382,65.76335464962885,67.26002485052621,68.5911729251184,69.90838314239858,71.3632443512882,73.04121488713449,74.76322158877036,76.30964424063222,77.56321248204546,78.42451312763725,78.76321005392187,78.47157237113902,77.56321248204546,76.09726228807631,74.19358724986782,71.98723743486113,69.61326515672309,67.18518544728448,64.73035786870769,62.25461412166882,59.76380841210198,57.26383487824229,54.760658064265684,52.26036564857422,49.769258499194166
42.79687963408941,44.85481302209323,46.85776595692122,48.82371780054241,50.77144314424362,52.720152788586745,54.689302879674614,56.698490960640896,58.76739801999658,60.895936930932095,63.00477092957891,64.99475498792862,66.76675656497416,68.2634359203775,69.59458986844615,70.91180436993059,72.36666902071947,74.04464232853344,75.76665095407088,77.31307479035155,78.56664372605351,79.42794474490259,79.76664179884975,79.47500400674318,78.56664372605351,77.1006926990102,75.19701606105895,72.99066326189133,70.61668553404515,68.18859613040786,65.73375135132082,63.257976994840845,60.76711672297331,58.267045896819155,55.76369577392845,53.26309539141445,50.77144314424362
43.79409087382412,45.85437354381533,47.85875776920709,49.82559866711233,51.77388513442565,53.722953216651604,55.69233403542883,57.70167107235517,59.77067409255744,61.89927392824251,64.0081449779988,65.9981508234236,67.7701649586905,69.26685158011057,70.59801018999775,71.91522809187737,73.37009547451521,75.04807098244797,76.7700811349902,78.31650591134604,79.57007539810587,80.43137671320966,80.77007386848271,80.47843598960577,79.57007539810587,78.10412370985046,76.20044580218055,73.99409063447698,71.62010858117632,69.19201148319192,66.73715305187471,64.26135440011194,61.770450820369675,59.27030276773149,56.76681507191037,54.26597020047414,51.77388513442565
44.89257937189903,46.954730561322634,48.96025228551469,50.92779940862654,52.876531474090086,54.82588414409818,56.795448130713,58.80490341006541,60.87398260089833,63.00263079512135,65.11153125330759,67.1015543914909,68.87357849435315,70.37027088286521,71.70143319286362,73.01865379365128,74.47352334456646,76.15150059873882,77.87351196326752,79.41993748576232,80.67350740989741,81.5348089601389,81.87350619583438,81.58186824808774,80.67350740989741,79.20755519683718,77.3038762813897,75.09751923377421,72.72353374734658,70.29543054231917,67.84056127510877,65.3647433398187,62.87380538549223,60.37359603466355,57.86999913607485,55.368960178682855,52.876531474090086
45.892083972281995,47.95572066610014,49.962146159424144,51.930254181129804,53.87934006562455,55.82891867325992,57.798628064953505,59.80817720346431,61.87731685503445,64.00600343304976,66.11492723331766,68.10496409699013,69.87699611121897,71.37369307710696,72.70485832390034,74.02208106682069,75.47695233870336,77.15493097886963,78.87694330535385,80.42336942006004,81.67693969134032,82.53824142821082,82.87693872773767,82.58530072532909,81.67693969134032,80.21098706174197,78.30730734642016,76.10094880671524,73.72696059540567,71.29885254319262,68.84397467545817,66.36814143460273,63.87717619645693,61.37691819102379,58.87323461117245,56.37204158562034,53.87934006562455
46.8923965334028,48.957213825789395,50.96435723146547,52.932910670257584,54.882277474104285,56.832035446462356,58.80186026178799,60.811483902714784,62.880671544566525,65.00938858882301,67.11833091608841,69.10837867382598,70.88041696736164,72.37711756633543,73.70828514407384,75.02550958721099,76.48038222502939,78.15836196526142,79.880375055251,81.42680163999603,82.68037218680578,83.54167407180387,83.88037142199373,83.58873337619991,82.68037218680578,81.21441922660074,79.31073887641773,77.10437915243918,74.73038877838482,72.30227687894384,69.8473921849249,67.37154679589588,64.88055990213125,62.38026327812793,59.87651089492242,57.37519557150671,54.882277474104285
47.8933513079256,49.95910662208714,51.9668202074716,53.93572732002852,55.88531714832607,57.83521750644705,59.80513394336444,61.81481672090034,63.88404245427836,66.01278368023966,68.12174071262893,70.11179711707808,71.88384039453499,73.38054387710356,74.71171330492012,76.02893909752339,77.48381281948755,79.16179343284338,80.88380712882808,82.4302340866434,83.68380485214111,84.54510685470817,84.88380424510929,84.59216616488058,83.68380485214111,82.21785162953324,80.31417077546027,78.10781011152218,75.73381802089328,73.30570306789656,70.8508129558243,68.37495792469633,65.88395384258035,63.383626566125,60.87981957089508,58.378407170852995,55.88531714832607
48.894816397451244,50.961316838283224,52.969483210345174,54.938671125974736,56.888438005833734,58.838451390661675,60.80844055385552,62.81817027067075,64.88742623833033,67.01618665772233,69.12515536172504,71.11521862912812,72.88726586234618,74.38397163363342,75.71514252986168,77.03236939353893,78.48724397599129,80.1652252823466,81.88723945931024,83.43366671323173,84.68723765230226,85.54853974818393,85.88723717050075,85.59559906294105,84.68723765230226,83.2212842214251,81.31760296741419,79.11124155742917,76.73724810435232,74.3091307277412,71.85423631533966,69.37837363121781,66.88735590652485,64.38700430065253,61.883153958087505,59.38166450276462,56.888438005833734
49.99668689645303,52.06377913466139,54.07230503173173,56.04171587890245,57.991623307954754,59.94172641162341,61.91177330158902,63.92154027572353,65.9908202409891,68.11959589446842,70.22857386233058,72.21864257689813,73.99069294981862,75.48740053766814,76.81857259937783,78.13580031316829,79.59067557859132,81.26865743498112,82.99067199369817,84.5370994826394,85.79067055947482,86.65197272942032,86.99067017706867,86.69903204781633,85.79067055947482,84.32471696329412,82.42103539185216,80.2146733897289,77.84067885527527,75.4125595550366,72.95766172945048,70.48179297110876,67.99076441818598,65.49039350169632,62.98650875323075,60.4849581356187,57.991623307954754
50.99887940392672,53.06644159789758,55.07525294343323,57.044840768032884,58.994859765719994,60.9450340852551,62.915126795439264,64.92492334172852,66.99422235431025,69.123010099251,71.23199541990235,73.22206845790876,74.99412132282077,76.49083035247986,77.82200333923429,79.13923172776083,80.59410753525853,82.2720898282112,83.9941046899263,85.54053236540285,86.79410355158234,87.65540578031235,87.99410324806632,87.70246510159654,86.79410355158234,85.3281498242001,83.42446800081288,81.21810552870897,78.84411013596532,76.41598930894018,73.96108877430072,71.48521519482573,68.99417804746243,66.49379180390747,63.989879746768935,61.488280582428175,58.994859765719994
52.10132763772836,54.16926299083731,56.17830095575725,58.14802927046533,60.0981368294774,62.0483676768478,64.01849675610673,66.02831677446123,68.09763090516215,70.22642824720192,72.33541940380313,74.32549587333888,76.0975507161509,77.59426089017705,78.92543461114084,80.24266353520628,81.69753977294918,83.37552241240223,85.0975375146071,86.64396533813688,87.89753661110281,88.75883888649015,89.097536370202,88.80589821006672,87.89753661110281,86.43158277958588,84.5279007562295,82.32153791110156,79.94754183713218,77.51941979829446,75.06451711347356,72.58863970744882,70.09759573863019,67.59719732983801,65.09326359735566,62.59162590007263,60.0981368294774
53.20397893498017,55.272210562394406,57.28142843228571,59.251268268578,61.20144612458242,63.15172184049729,65.12187978688213,67.1317184354244,69.20104456554466,71.32984952486979,73.43884531349093,75.42892450664186,77.2009809193174,78.69769200162948,80.02886630533624,81.34609565445949,82.80097223368844,84.47895514815912,86.20097044124088,87.74739838228061,89.00096972412899,89.86227203654832,90.20096953292591,89.9093313619443,89.00096972412899,87.53501580996027,85.63133362788825,83.42497048669082,81.05097387203196,78.62285087137708,76.16794647995329,73.69206603678535,71.2010166537467,68.70060858931276,66.19665765282414,63.69498937105634,61.20144612458242
54.30679146262955,56.37525830469147,58.38461898859788,60.354547348773366,62.30478100320572,64.25509233280219,66.22527319165255,68.23512662723486,70.3044622814015,72.43327328660962,74.54227275168215,76.53235410657332,78.3044117652523,79.80112356847224,81.13229833470274,82.44952802119482,83.90440487146154,85.5823880042139,87.3044034487948,88.85083148310227,90.1044028796227,90.96570522143425,91.3044027278647,91.01276454827436,90.1044028796227,88.63844889985317,86.73476659180844,84.52840321562049,82.15440617181592,79.72628240776567,77.27137666180853,74.79549380805298,72.30444012772787,69.80402439955145,67.30005980806108,64.79836725082463,62.30478100320572
56.237122832104006,58.36756856805437,60.46997764223943,62.56155235936885,64.6576377556315,66.77000841533021,68.90565057559766,71.06649233133615,73.25048881706918,75.44396855691983,77.59513296987404,79.64620926910052,81.54406555339148,83.27126290702711,84.91699252815036,86.58182915789342,88.344788641188,90.22582996805703,92.07679018441361,93.75654037333976,95.28974805141893,96.65039292993782,97.32704533372656,96.80262990896863,95.28974805141893,93.15712876652731,90.64784555412253,87.95071382854893,85.22472222890138,82.57944523816312,80.00069051939508,77.45798386847255,74.93011383787504,72.39994766809673,69.85225199293313,67.27411298778269,64.6576377556315
54.76165888503357,56.830157449490045,58.83953739316114,60.80947769122402,62.75971887021093,64.71003500234217,66.68021895093405,68.69007438053602,70.75941131900804,72.88822313949403,74.99722310032966,76.98730474672755,78.75936257342774,80.25607447386068,81.58724930246164,82.90447903444722,84.35935592126286,86.03733908345008,87.75935454846032,89.30578259534474,90.55935399923762,91.42065634501265,91.75935385279868,91.46771567204749,90.55935399923762,89.09340001062196,87.18971768559004,84.98335427771408,82.60935717604006,80.18123330904744,77.7263273804341,75.25044420161527,72.75938994180851,70.25897318018808,67.7550067473364,65.25331091656462,62.75971887021093
53.1561459255291,55.22413160890052,57.23320013697206,59.2029473980494,61.153066900004404,63.10330537029505,65.07343935395528,67.08326253751343,69.15257870687964,71.2813773430757,73.39036928664558,75.38044621891711,77.15250132844533,78.6492116567872,79.98038547675773,81.29761447303954,82.75249076880017,84.43047345497811,86.15248858961255,87.69891643310702,88.95248771777591,89.81378999945491,90.15248748531863,89.8608493233406,88.95248771777591,87.48653387221663,85.5828518218948,83.3764889264653,81.00249276063397,78.57437055838567,76.11946758361681,73.64358966158858,71.15254477290745,68.65214472364809,66.14820806825958,63.646565174793224,61.153066900004404
51.61689898221682,53.70764415342225,55.750297841054135,57.764192864178085,59.76805295544386,61.77922341321788,63.812975852766996,65.88213094484605,67.99733459143376,70.15233747262874,72.27853881294139,74.2936719348476,76.11804619614648,77.7129126658817,79.1828903400442,80.66006660622634,82.26249434527207,84.04071327098737,85.82761192688008,87.44213185093605,88.84184156325632,89.97523846614952,90.50612849257298,90.0814197742796,88.84184156325632,87.0349073671988,84.84363014760775,82.41958073872546,79.8978301393839,77.38200030203726,74.8782374446992,72.37633896653888,69.87104932143602,67.35917386615073,64.83844588032326,62.30769700795096,59.76805295544386
49.94796811457543,52.01384998553385,54.021640483737016,55.99059529838226,57.940215205050094,59.89013476522365,61.8600635577923,63.86975431005243,65.93898518010575,68.06772966696434,70.1766886823261,72.16674625277281,73.9387902023037,75.4354940737201,76.76666375101638,78.08388972559268,79.53876359375184,81.21674432484673,82.93875810254869,84.48518511067178,85.73875590565916,86.60005792408015,86.93875531990369,86.64711723503149,85.73875590565916,84.27280264766677,82.36912172564523,80.16276093495543,77.78876861284968,75.36065324808649,72.90576240539872,70.42990607404715,67.9388996740978,65.43856826416166,62.93475390442241,60.43332841319946,57.940215205050094
48.90185824207826,50.976881905811325,52.99548989947077,54.97742233969515,56.94226753292344,58.90924077734189,60.89696654776351,62.92333549214479,65.00555158599437,67.14176318199021,69.25563965957099,71.25283952278696,73.0398489613602,74.56495676848974,75.93706868704835,77.3026230175911,78.80318817275426,80.51282316337645,82.25559441562851,83.82403194269335,85.12563185125285,86.07927459037893,86.48551760006308,86.14690588766618,85.12563185125285,83.54929007731124,81.55700098361203,79.2862392374424,76.86981571348852,74.41699036692478,71.94847680419733,69.46538827153203,66.97039646434848,64.4668056284468,61.95820043416191,59.448492829664985,56.94226753292344
48.14820229807245,50.208802182178346,52.21337957353674,54.18034042120891,56.128702580069344,58.077819007183635,60.04723094333512,62.05658806839409,64.12560402941813,66.25421208095571,68.3630881270814,70.35309691048676,72.12511273921845,73.62180034045174,74.9529595789783,76.27017793939575,77.72504569041874,79.40302149503356,81.12503185348955,82.67145675661271,83.92502631768164,84.78632767273481,85.12502484167143,84.83338695109369,83.92502631768164,82.45907454026306,80.55539646137402,78.3490409742777,75.97505833769695,73.54696020214142,71.09209992983644,68.61629800186603,66.12538858202528,63.625230115175455,61.121723866731614,58.62084602269566,56.128702580069344
37.809495462346476,39.842696928018256,41.830506103154896,43.78702213411884,45.728780529552964,47.673673871391046,49.640365453420856,51.64796553147677,53.715849226454836,55.84373827488075,57.95217701058145,59.941928625036184,61.71379621362462,63.210398043057324,64.54150225028289,65.85868046971248,67.31351597156277,68.99146580386483,70.71345813600998,72.25987194150096,73.51343499729353,74.37473285503545,74.71342882781121,74.42179196156505,73.51343499729353,72.04749102552842,70.14382793571869,67.93750040916095,65.56356883410353,63.13556152816159,60.680862412438884,58.20534726285567,55.714949001678804,53.21570189835239,50.71381874991545,48.21582407696687,45.728780529552964
38.79327957678926,40.83383726508914,42.82616531591458,44.78550257266983,46.729047252170005,48.675083955881114,50.64251247844424,52.65058871724959,54.71877933139238,56.846863307610505,58.95542061335087,60.945241959300546,62.71714974464847,64.21377483239746,65.5448939623659,66.86208306684482,68.31692731377055,69.99488418907326,71.71688140949266,73.26329822438487,74.51686304424884,75.37816185037661,75.71685814752226,75.42522100350214,74.51686304424884,73.05091695578218,71.14724980130995,68.94091469258254,66.56696927106196,64.13893733495149,61.68419451949589,59.20860160909331,56.71806475499244,54.21857057875553,51.716247497463485,49.217471651417014,46.729047252170005
39.78105378150342,41.82748880831242,43.82341840147547,45.78500076311029,47.72996559736606,49.67691076135036,51.64492459395497,53.65337892546553,55.721813207592675,57.85005192403236,59.95870334855455,61.948580043968306,63.72051973482161,65.21716328322816,66.54829425762553,67.86549200170283,69.32034318967507,70.99830565505371,72.72030675531894,74.26672595878296,75.5202921787949,76.38159173765848,76.72028829225712,76.42865092776731,75.5202921787949,74.0543444102967,72.15067402968714,69.94433290294975,67.57037649136628,65.1423250059132,62.68754750481969,60.211892872042625,57.72124600538484,55.221555691517935,52.718883322108894,50.21948710114431,47.72996559736606
40.772018137030784,42.82314261323238,44.82194019782632,46.785308228384736,48.731401743077676,50.67906856653613,52.647547212219564,54.65630173927484,56.724929462453844,58.85329101262761,60.96201714537473,62.95193777391738,64.7239027890163,66.22056098998385,67.5517013654619,68.8689059668743,70.32376266400641,72.00172956625806,73.72373374597161,75.2701548452516,76.52372217656395,77.38502233287531,77.72371909181481,77.43208155233785,76.52372217656395,75.05777307462105,73.15410013341675,70.94775423015781,68.57378909568138,66.14572209367486,63.6909170618561,61.21521343774805,58.72447924695885,56.224633236037036,53.72168356513579,51.221794726932245,48.731401743077676
41.76552928672691,43.82039139276976,45.821471280941005,47.78625895310935,49.733249250535906,51.681489242795664,53.65033696985313,55.659329827291174,57.728111110976954,59.85657016464481,61.96535559719143,63.95531109688662,65.727296212375,67.22396604329417,68.55511388051013,69.87232392464423,71.32718499442939,73.00515541824646,74.72716204212767,76.27358464612114,77.52715285947461,78.38845348998117,78.7271504111063,78.43551273274176,77.52715285947461,76.06120269917426,74.15752772561952,71.95117803121789,69.57720597332997,67.14912665568202,64.6942997722609,62.21855726229025,59.7277537578143,57.22778415587183,54.72461434567924,52.22433437486853,49.733249250535906
42.76107120648459,44.81890976268456,46.821804895451045,48.7877208250125,50.73542349773844,52.68411865858573,54.65325942593992,56.66244148730419,58.73134466858038,60.85988111730897,62.968713618558255,64.95869679639068,66.73069786589787,68.22737692764568,69.55853068730701,70.87574505136442,72.33060959174549,74.00858281064149,75.7305913744649,77.27701517275234,78.53058408618323,79.39188509305913,79.73058214291117,79.43894435431145,78.53058408618323,77.06463308586285,75.1609564992274,72.95460379578435,70.58062624275166,68.15253715008137,65.6976929227477,63.22191954815449,60.73106102654785,58.23099332140907,55.727648758219686,53.2270582557248,50.73542349773844
43.758230894655846,45.81843812070843,47.82277640154517,49.78958876810666,51.73785723086843,53.6869138132182,55.65628722997184,57.66561948841283,59.73461943028926,61.863217311604785,63.97208717283311,65.96209231937527,67.73410605180288,69.23079244014613,70.56195090049323,71.87916869329638,73.33403598830316,75.01201142566148,76.73402152922117,78.28044627542171,79.53401574450496,80.39531705010566,80.7340142021284,80.44237632603486,79.53401574450496,78.06806407745958,76.16438621051914,73.95803111879238,71.58404920424178,69.15595235307364,66.70109435968843,64.22529648726545,61.734394296755994,59.23424872142728,56.730765438844486,54.2299284107668,51.73785723086843
44.85667837044762,46.91876956882127,48.924254784486116,50.891779245644045,52.840497014211095,54.78984055403987,56.759398664548485,58.768850150758354,60.83792689813835,62.96657354110505,65.07547305592914,67.06549563939905,68.83751942252388,70.3342116260413,71.66537381734899,72.98259433156225,74.43746381292439,76.11544101108169,77.83745233673284,79.38387783529333,80.63744774539853,81.49874928809737,81.83744652121311,81.54580857567564,80.63744774539853,79.17149554917273,77.26781666605228,75.06145967873971,72.6874743024384,70.25937129331024,67.80450237368984,65.32868505697209,62.83774820531184,60.33754082082446,57.833947425340654,55.33291469422346,52.840497014211095
45.856150344552596,47.919739353240665,49.92613584303163,51.89422586745753,53.843300400290644,55.79287175958275,57.762576486704404,59.77212261430853,61.84126032639284,63.96994567312973,66.0788687246336,68.06890514802356,69.84093690847436,71.33763372753107,72.66879888011917,73.9860215543251,75.44089277100338,77.11887136671038,78.84088366233743,80.38730975804697,81.6408800181917,82.50218174907559,82.84087904655487,82.54924104589972,81.6408800181917,80.17492740195485,78.27124771229103,76.06488922044862,73.69090109654658,71.2627931998195,68.80791560796942,66.33208285808145,63.84111849514217,61.340862050457815,58.837181251221324,56.33599316809503,53.843300400290644
46.85643696793677,48.92121636829658,50.92833673701472,52.89687588475233,54.84623367612744,56.79598589439078,58.76580700700008,60.775428257987556,62.844614360395326,64.97333042735684,67.08227216031712,69.07231956859832,70.84435766070877,72.34105814314191,73.67222564610927,74.98945003470763,76.44432262871018,78.12230233365482,79.84431539915303,81.39074196882038,82.64431250679183,83.50561438703836,83.84431173560307,83.55267369120097,82.64431250679183,81.17835955719184,79.27467922737361,77.0683195413836,74.69432923670479,72.26621746067349,69.81133298562537,67.33548798628141,64.84450178718114,62.34420640198444,59.840456225879564,57.33914482566563,54.84623367612744
47.85737112899447,49.92309634027359,51.93079163059422,53.89968739617072,55.849270069593615,57.79916586000553,59.769079357795775,61.778760238321496,63.847984749795984,65.97672520005969,68.08568176074198,70.07573788782497,71.84778100540964,73.34448439547948,74.67565376395004,75.99287951326576,77.4477532004532,79.1257337858014,80.84774746234727,82.3941744081954,83.64774516667816,84.5090471654739,84.84774455458515,84.55610647546104,83.64774516667816,82.18179195248752,80.2781111145781,78.07175048079156,75.69775844522616,73.26964359018004,70.81475365190579,68.33889893007355,65.84789539932089,63.347569106131886,60.843763862757754,58.34235457681237,55.849270069593615
48.858819840771645,50.92529637129335,52.93344821585913,54.902627122760535,56.85238832273865,58.80239808174437,60.77238491197555,62.78211312306091,64.85136812086603,66.98012792457507,69.08909625417942,71.07915930143531,72.8512064077621,74.34791210563284,75.67908295475803,76.99630978407785,78.4511843389279,80.12916562305351,81.85117978458854,83.39760702901171,84.65117796251445,85.5124800554028,85.85117747669584,85.55953937001284,84.65117796251445,83.18522453831801,81.28154329713612,79.07518191108241,76.70118850170957,74.27307120284203,71.81817692838459,69.34231448975251,66.85129720268182,64.35094637724418,61.84709742517768,59.34561044167211,56.85238832273865
49.96067733012861,52.02775057958951,54.03626494195866,56.005668637243545,57.95557155750778,59.90567178308906,61.875716821270146,63.88548260026077,65.95476179573409,68.08353696053835,70.19251463123769,72.1825831710733,73.95463344327976,75.4513409728584,76.7825129971823,78.09974068370325,79.5546159272183,81.2325977659643,82.95461231243567,84.50103979383809,85.75461086625432,86.61591303382406,86.95461048065981,86.66297235210334,85.75461086625432,84.28865727537614,82.38497571411659,80.17861373098765,77.80461923122192,75.37649999268848,72.92160227658896,70.44573371309357,67.95470550751496,65.4543352104666,62.95045156567174,60.448902910041355,57.95557155750778
50.962859505144564,53.03040662072475,55.03920880850232,57.008790955604425,58.95880637424598,60.908978409271256,62.87906964962323,64.88886524729763,66.95816364888334,69.08695100595793,71.19593609074929,73.18600899007029,74.95806177504528,76.45477075845466,77.78594371553592,79.10317208241861,80.5580478725279,82.23603015147671,83.95804500347239,85.50447267296535,86.75804385563734,87.6193460824817,87.95804354959076,87.66640540367325,86.75804385563734,85.29209013246374,83.38840831715831,81.18204586013019,78.80805049491835,76.37992971686877,73.92502926912908,71.44915584430434,68.95811897263025,66.4577332207324,63.9538220395976,61.452224432545094,58.95880637424598
52.065299533847266,54.13322291480961,56.142253609536,58.11197741735471,60.062082135412965,62.01231116945944,63.98243908206777,65.9922583474882,68.06157199323397,70.19036902742133,72.29935999681929,74.28943635627995,76.06149113564581,77.55820127296344,78.8893749703756,80.20660387726227,81.66148010120402,83.33946272954219,85.06147782403274,86.60790564281335,87.86147691299536,88.72277918688607,89.06147667008604,88.76983851038909,87.86147691299536,86.39552308481882,84.49184106787696,82.2854782347147,79.91148218259735,77.48336018263159,75.02845756678323,72.55258028350484,70.0615365335021,67.56113851494234,65.05720547775705,62.55556901653382,60.062082135412965
53.1679443160463,55.23616643837565,57.24537853685429,59.21521479561241,61.165390396584286,63.11566467319538,65.08582169358134,67.0956597445081,69.16498548971467,71.29379020469537,73.40278584473252,75.39286495051658,77.16492131283471,78.66163236601122,79.99280665102502,81.31003598651348,82.76491255478842,84.4428954604372,86.16491074739612,87.71133868466646,88.96491002430525,89.82621233553664,90.16490983150796,89.87327166087428,88.96491002430525,87.49895611278777,85.59527393580694,83.3889108041067,81.01491420679183,78.58679123698964,76.13188690030947,73.65600655456564,71.16495734520208,68.66454959049827,66.16059920587512,63.658931905193356,61.165390396584286
54.270751671017365,56.33921096713277,58.34856706960032,60.31849259002438,62.26872445453168,64.21903464170938,66.18921476557648,68.1990677268239,70.26840307548144,72.39721388675216,74.5062132338931,76.49629451944095,78.26835213815119,79.7650639182462,81.09623866964009,82.41346834531018,83.86834518688272,85.54632831263316,87.26834375235434,88.81477178366998,90.06834317843668,90.92964551930541,91.26834302541337,90.97670484609918,90.06834317843668,88.60238920077148,86.69870689676763,84.49234352811757,82.11834649807895,79.69022275851654,77.23531705600946,74.75943427957965,72.26838073710101,69.76796525475913,67.2640011012896,64.76230932275726,62.26872445453168
56.20322655600076,58.333815841188226,60.43643851108192,62.52828652166809,64.6246900807133,66.73740215184975,68.87338007975748,71.03451729799093,73.21873139744291,75.41233135242868,77.56357318925382,79.61476018634113,81.5128399409463,83.24043029236476,84.88666363777163,86.55201602775394,88.31539932044717,90.19670396544255,92.04782510509249,93.72773672614848,95.26126730409773,96.62243946818512,97.29941581532137,96.774779981633,95.26126730409773,93.127842438141,90.61771198050667,87.91980136219492,85.19319425785687,82.5475118589903,79.96851667202648,77.4256774052279,74.89773345524155,72.36750712547024,69.81972228588313,67.24142524055719,64.6246900807133
54.697442749314746,56.76592829717279,58.77530033804341,60.745235737679735,62.69547382914976,64.64578799067998,66.61597067147375,68.62582528287994,70.69516169436967,72.82397318032704,74.9329729377389,76.92305446452437,78.6951122222813,80.19182408282538,81.52299888583417,82.84022859915265,84.2951054709714,85.97308862108078,87.69510407770835,89.24153211943212,90.4951035202999,91.35640586444863,91.69510337167844,91.40346519140357,90.4951035202999,89.02914953531405,87.12546721725239,84.91910382237877,82.54510674445002,80.1169829196972,77.66207706603217,75.18619402059484,72.69513999856369,70.19472366099083,67.6907579836953,65.18906349613663,62.69547382914976
53.09194995124258,55.1599149825678,57.168970969712234,59.13871045658355,61.088825058037415,63.03906040044912,65.00919237170989,67.01901425650593,69.08832958935716,71.21712769452887,73.32611931518608,75.31619605758573,77.08825105767372,78.58496132269605,79.91613510204164,81.2333640686913,82.68824034064586,84.3662230076514,86.08823812897921,87.63466596428168,88.88823724414857,89.74953952324594,90.08823700822671,89.79659884700479,88.88823724414857,87.42228340435119,85.51860136509393,83.3122384903044,80.9382423621663,78.51012022696938,76.0552173711733,73.57933966087403,71.08829514963516,68.58789577350011,66.0839603174527,63.58231955611083,61.088825058037415
51.55511912976061,53.64605241446712,55.68899248779856,57.703265711913104,59.707583650918636,61.71926776984154,63.75354954144301,65.82319163479677,67.93876745420476,70.09398106825313,72.22032012457584,74.23565292527425,76.06044055864162,77.65606922097015,79.12709554399146,80.60543906712513,82.20890587679554,83.98781066770526,85.77514486601626,87.39011488336507,88.79076693617594,89.92583559265809,90.45784454029885,90.03236642073533,88.79076693617594,86.9815833139859,84.78826560488729,82.36257863814328,79.83966849229697,77.32313132387304,74.81896818356057,72.31685475557519,69.81144703290047,67.29947637833311,64.77860875697581,62.24761658419459,59.707583650918636
49.883854815581444,51.949684755263036,53.95744369351995,55.92637893454102,57.87598649919977,59.82589818025248,61.79582190297454,63.805509383001436,65.87473814534744,68.00348129417844,70.11243949587738,72.10249658788648,73.8745402616488,75.37124397351135,76.70241354843992,78.01963944834822,79.47451325651998,81.15249393930367,82.874507683475,84.42093467095557,85.67450545384261,86.53580746575838,86.87450485935696,86.58286677639009,85.67450545384261,84.20855221036938,82.3048713162288,80.09851057754832,77.72451835042325,75.29640315461799,72.84151261171976,70.36565681388208,67.87465136499729,65.37432165113167,62.87051031323706,60.36909019366455,57.87598649919977
48.838259988470476,50.91333586964309,52.93202409403496,54.91406386812474,56.87904114916975,58.84616546212919,60.83405019133963,62.86056841624011,64.94290060809344,67.07917873297414,69.19309900166448,71.19036280460399,72.97750631283515,74.50286751952154,75.87534184243654,77.24131957220993,78.74228068294886,80.4521875287856,82.19513596895908,83.76376045798332,85.06576505220886,86.02017328363723,86.42696593792252,86.08797289689218,85.06576505220886,83.48848637510692,81.49542767246041,79.22409656509805,76.80729326690181,74.35424509544681,71.88560826634365,69.40245436234389,66.90742688580247,64.40380741498858,61.8951604175392,59.38538053169944,56.87904114916975
48.08429638643324,50.144766097750605,52.14926422377944,54.11617585131273,56.06450695134683,58.01360354106971,59.983002708876384,61.992351591231156,64.06136224229788,66.18996692266133,68.29884091865085,70.28884849652951,72.06086363039054,73.55755082958223,74.8887098101625,76.20592798243055,77.66079558229606,79.33877126517493,81.06078153913943,82.60720639024684,83.86077592082489,84.7220772594859,85.06077442281597,84.76913653703939,83.86077592082489,82.39482417999216,80.49114617135855,78.28479081531695,75.9108084180704,73.48271070825592,71.02785119135383,68.55205060769306,66.06114358419173,63.5609893905598,61.057490754747434,58.55662644028796,56.06450695134683
37.772358338915105,39.80524786821685,41.79286514976772,43.74926127208741,45.69094370430673,47.63578840663067,49.60244863155398,51.61002844583439,53.677899078153146,55.80577982983836,57.91421351863488,59.90396216491882,61.67582804248096,63.17242888188625,64.50353245389849,65.82071020998501,67.27554533958343,68.95349487208534,70.67548699615048,72.22190067353966,73.4754636542406,74.33676147161236,74.67545743058056,74.38382057615848,73.4754636542406,72.00951977257762,70.10585685578918,67.8995296519827,65.52559866632812,63.09759240881445,60.64289515323574,58.16738331360895,55.6769909516064,53.17775436439187,50.67588993917974,48.17792850752204,45.69094370430673
38.75597332423856,40.79628159287557,42.78845662921335,44.74769843388566,46.691182708022424,48.63718076016241,50.60458437551725,52.61264452315362,54.68082476630728,56.80890215616199,58.91745545571044,60.90727444565266,62.67918087289539,64.17580517483432,65.50692380062219,66.8241125373393,68.27895648880492,69.95691312615406,71.6789101814193,73.22532689463665,74.47889165490018,75.34019042898605,75.67888671517264,75.38724958053731,74.47889165490018,73.01294563794784,71.1092786208033,68.90294376824554,66.5289988145399,64.10096771058491,61.64622637158075,59.17063608846257,56.68010391707716,54.18061808918691,51.678309873922274,49.17956042853699,46.691182708022424
39.74361219052997,41.789848084693006,43.78565578103755,45.747162204868715,47.692079023785176,49.638993480742215,51.60698753246518,53.61542908748969,55.68385513617238,57.81208862423311,59.92073686874801,61.9106116940911,63.682550306976026,65.17919323166913,66.51032380589088,67.82752125807158,69.28237221153474,70.9603344880482,72.68233545722993,74.22875457999426,75.48232075270118,76.34362028613307,76.68231683203348,76.3906794749924,75.48232075270118,74.01637304096408,72.11270276935197,69.90636184593771,67.53240580566273,65.10435498070282,62.64957865150379,60.17392610411099,57.68328295446571,55.18359926775911,52.68093870092359,50.18156344491618,47.692079023785176
40.734468426873285,42.785434109555105,44.78413466020649,46.747442306754735,48.6934976664689,50.64114009929017,52.6096030373007,54.61834742055328,56.686968607592235,58.81532600750816,60.92404961609867,62.913968760298275,64.68593291978823,66.18259062570426,67.51373068355817,68.83093505328964,70.28579156429032,71.96375831663883,73.6857623923109,75.23218342753935,76.48575072130564,77.34705085743181,77.68574760946751,77.3941100759026,76.48575072130564,75.01980166441413,73.11612880972137,70.90978306784083,68.5358182280744,66.10775175030858,63.652947648644556,61.17724567977467,58.68651443939369,56.18667368912874,53.68373338807885,51.18386119654245,48.6934976664689
41.727893316806544,43.78262891801401,45.78363161042866,47.748371284955596,49.69533127024847,51.643551892009675,53.612387147102694,55.621371951446136,57.69014804660594,59.81860380590277,61.92738723490959,63.9173415564387,65.68932599281412,67.18599543080444,68.51714301591912,69.8343528761664,71.28921379821804,72.96718410305633,74.68919064435957,76.23561319751522,77.4891813810683,78.35048199555386,78.68917891119943,78.39754123752732,77.4891813810683,76.02323125652529,74.119556351635,71.91320678531994,69.5392349613449,67.1111560597914,64.65632991464815,62.18058871848346,59.689787555882546,57.18982212975226,54.68665975776577,52.186393003690526,49.69533127024847
42.72336648951925,44.78110434095583,46.783938089739195,48.749815878842924,50.697494474831046,52.64617425396658,54.61530511930563,56.6244807876937,58.693379850337465,60.82191368412725,62.930744595093245,64.92072683778807,66.69272736827304,68.18940611814912,69.5205596777157,70.83777389582107,72.29263831894542,73.97061144340762,75.69261994168866,77.23904369962605,78.49261258940432,79.35391358356432,79.69261062906725,79.40097284419188,78.49261258940432,77.02666161746464,75.12298508532825,72.91663248354787,70.54265511617282,68.11456635375967,65.65972271240608,63.18395038060814,60.69309371783369,58.193029327307684,55.689690668677144,53.189110659001386,50.697494474831046
43.72047143408709,45.78059854234512,47.78488803089233,49.75167009714522,51.69991943884838,53.64896380810046,55.61832936372227,57.62765654727916,59.69665321988195,61.82524902559646,63.93411762457029,65.9241220288765,67.69613533347567,69.19282147428368,70.52397977581435,71.84119745277468,73.29606465471437,74.97404001712034,76.69605006865893,78.24247478283357,79.4960442331437,80.35734552865179,80.69604267722262,80.40440480408512,79.4960442331437,78.03009258862411,76.12641476493968,73.92005975390279,71.54607798670935,69.11798139766819,66.66312386938104,64.18732682464214,61.69642610954213,59.19628316519244,56.69280456959716,54.19197587137023,51.69991943884838
44.81887534656474,46.88090283635313,48.88634928023614,50.853849674231064,52.80255225925481,54.751886102626486,56.72143797255508,58.730885430338105,60.799959582696744,62.92860457818051,65.03750309112365,67.02752508546996,68.79954852902323,70.29624053607026,71.62740260132455,72.94462302359292,74.39949243108745,76.07746956975487,77.79948085411681,79.3459063272583,80.59947622246324,81.46077775715159,81.79947498752752,81.50783704433627,80.59947622246324,79.13352404411619,77.2298451953281,75.02348827205924,72.64950301271571,70.22140021163898,67.76653166117052,65.29071500139673,62.79977932080335,60.29957402463195,57.79598434955034,55.294958230907994,52.80255225925481
45.81831267282623,47.88185104078767,49.88821672880198,51.85628763988825,53.80535011702861,55.754913778400464,57.724613551617125,59.734156481548865,61.80329213383915,63.93197617291925,66.04089842921152,68.03093438500711,69.8029658759373,71.2996625390544,72.63082759159339,73.9480501928224,75.40292135087174,77.08089989936153,78.80291216221727,80.3493382377517,81.6029084860701,82.46421021059604,82.80290750590076,82.51126950710778,81.6029084860701,80.13695588402362,78.23327622160943,76.02691778059864,73.6529297495263,71.2248220179304,68.76994471907855,66.29411249061403,63.803149057172334,61.302894270052604,58.79921642391409,56.29803358978543,53.80535011702861
46.8185717509558,48.883310910281644,50.89040681357807,52.85893078397433,54.80827900389937,56.758025111161714,58.72784229137929,60.73746100417853,62.806645471648466,64.93536050069139,67.04430160248037,69.0343486396275,70.80638651781771,72.3030868764809,73.63425430003895,74.95147863071531,76.40635117818397,78.08433084565223,79.80634388513982,81.35277043879418,82.60634096737905,83.46764284257927,83.80634018941802,83.5147021464939,82.60634096737905,81.14038802904196,79.2367077208518,77.03034807520692,74.65635784420721,72.22824619924106,69.77336195674712,67.29751737126148,64.80653190991725,62.30623784037277,59.802490008277374,57.301182774619576,54.80827900389937
47.81948402076574,49.8851772627671,51.89285312349657,53.86173683835031,55.81131191311823,57.76120285249593,59.731113228845715,61.740792094687876,63.81001530846207,65.93875493490991,68.04771099462397,70.03776682713502,71.80980977493013,73.30651306676329,74.63768237220646,75.95490807554938,77.40978172580279,79.08776228140593,80.80977593730711,82.35620287044571,83.60977362147835,84.47107561626882,84.80977300401017,84.51813492605916,83.60977362147835,82.1438204162271,80.24013959548387,78.03377899371932,75.65978701663315,73.23167226561378,70.77678251191878,68.30092811856875,65.80992517338184,63.30959992445335,60.80579654160523,58.304390562924766,55.81131191311823
48.820915339421646,50.8873664770205,52.89550289313925,54.86467223256528,56.81442740035891,58.76443330863658,60.734417661190406,62.74414427314335,64.813398240932,66.94215739076579,69.05112532274687,71.04118813619918,72.81323510776329,74.30994072766327,75.64111152676348,76.9583383195946,78.41321284513006,80.09119410564699,81.81320825079632,83.35963548513189,84.61320641272147,85.47450850243084,85.81320592263663,85.5215678168847,84.61320641272147,83.14725299562025,81.24357176806322,79.03721040742536,76.66321704446756,74.23509982816628,71.78020570021002,69.3043435222961,66.81332669999458,64.31297670340385,61.809129228091024,59.30764486973166,56.81442740035891
49.92275901247726,51.98981209564967,53.99831420793241,55.96771030773591,57.91760843954137,59.86770560850816,61.83774868003671,63.84751318974661,65.91679156767573,68.04556621349118,70.15454356859382,72.14461192285839,73.91666208810324,75.41336955579631,76.7445415404153,78.06176919797508,79.5166444182231,81.1946262382309,82.91664077169692,84.4630682450928,85.71663931281576,86.57794147786232,86.91663892383514,86.62500079601764,85.71663931281576,84.25068572756902,82.34700417712354,80.14064221416719,77.76664775124115,75.3385285782407,72.88363097841955,70.40776262185742,67.91673478516965,65.41636514598808,62.91248267332692,60.41093610138249,57.91760843954137
50.924930214315765,52.99246131639184,55.00125377842059,56.97082989586903,58.92084151346046,60.87101112226675,62.84110080161078,64.85089539182583,66.92019314451396,69.04898008966202,71.15796492396235,73.14803767599483,74.9200903760741,76.41679931036477,77.74797223593214,79.06520057982834,80.52007635147056,82.19805861554683,83.92007345722014,85.46650112035834,86.72007229930527,87.581374524147,87.92007199057109,87.62843384524017,86.72007229930527,85.25411858060136,83.35043677387903,81.14407433286192,78.7700789968898,76.34195827085385,73.8870579154046,71.41118465482353,68.9201480759404,66.41976284619842,63.915852595407884,61.41425664224481,58.92084151346046
52.02736152907981,54.09527219538127,56.10429516898036,58.07401419035649,60.0241158912371,61.974342999477315,63.94446967306571,65.95428813884587,68.02360126955352,70.15239797679155,72.26138874737352,74.25146498993078,76.02351970191467,77.52022980024671,78.85140347264627,80.16863236128854,81.62350857057294,83.30149118710676,85.02350627340445,86.56993408714126,87.82350535436672,88.68480762666792,89.02350510932423,88.73186695009284,87.82350535436672,86.35755152973775,84.4538695196083,82.247506699154,79.87351067024423,77.44538871156179,74.99048616896448,72.51460901604685,70.02356549843378,67.5231678943136,65.01923559555634,62.517600447068105,60.0241158912371
53.12999939217053,55.198211419882924,57.2074173889674,59.1772498482804,61.12742305433902,63.077695802364246,65.04785183930973,67.05768925554948,69.12701459196511,71.25581904744405,73.3648145296801,75.35489354267762,77.12694985151458,78.62366087374816,79.95483513890943,81.27206445991726,82.72694101655867,84.40492391283834,86.12693919329458,87.67336712656162,88.92693846385379,89.78824077382359,90.12693826936345,89.83530009909926,88.92693846385379,87.46098455515207,85.55730238357825,83.3509392619643,80.97694268306932,78.54881974603373,76.09391546749306,73.61803522521686,71.12698620030194,68.62657877454171,66.12262897601764,63.62096271728086,61.12742305433902
54.232801253644865,56.30125253577698,58.31060377262828,60.28052627715155,62.23075624070292,64.1810652145956,66.15124455788677,68.16109701537515,70.23043203957204,72.35924264487483,74.46824186676851,76.45832307867147,78.23038065493364,79.72709241046917,81.05826714610609,82.37549681028293,83.83037364262191,85.50835676093604,87.23037219549605,88.7768002236343,90.03037161653847,90.89167395640588,91.23037146217136,90.93873328315044,90.03037161653847,88.56441764110811,86.66073534139582,84.45437198075129,82.08037496533252,79.65225125177699,77.19734559541536,74.72146290110801,72.2304095050269,69.72999428376934,67.22603059549225,64.72433964396888,62.23075624070292
56.16771288177857,58.29846516208508,60.40133034111304,62.49348860244183,64.59025329669406,66.70335282893456,68.83971174949625,71.00118417447777,73.18564512891714,75.37938144130933,77.53071109407824,79.58202364143426,81.48035682871009,83.20839280260162,84.85519719809605,86.5211341364015,88.28499765206216,90.16660061530305,92.0179040491019,93.69799852624348,95.23189481320878,96.59366404424921,97.2710071290062,96.74612177578601,95.23189481320878,93.09755745639873,90.58646692484564,87.88767333509945,85.16036824086888,82.51422598886197,79.93495799630108,77.39196826606909,74.86394044430271,72.33364585244149,69.78575983642529,67.20728344925533,64.59025329669406
54.635965545815935,56.70443845058885,58.7138028153946,60.683733457129094,62.63396854965059,64.5842807971062,66.55446224646754,68.5643160631468,70.6336519627699,72.76246312379396,74.87146268361681,76.86154409422075,78.63360178501196,80.13031360681126,81.46148838496201,82.77871808014878,84.23359493740077,85.91157807577872,87.63359352426409,89.18002156097526,90.43359295890471,91.29489530147376,91.63359280816329,91.34195462835108,90.43359295890471,88.9676389774445,87.06395666615319,84.857593283909,82.48359622904442,80.05547244531981,77.6005666644534,75.12468374857175,72.63362995749604,70.13321403180775,67.62924908839642,65.12755590552221,62.63396854965059
53.030492330493246,55.09843730253469,57.10748110861444,59.0772130443261,61.027322885863256,62.977555190122374,64.9476852067091,66.95750582999689,69.02682035032741,71.15561793970639,73.26460924671306,75.25468580468694,77.02674069847377,78.52345090199273,79.85462464187869,81.17185357974614,82.62672982857742,84.3047124769605,86.02672758536332,87.57315541270876,88.82672668791136,89.68802896450117,90.0267264486243,89.73508828813681,88.82672668791136,87.36077285371064,85.45709082520064,83.25072797045904,80.87673187893303,78.44860980886425,75.99370706862845,73.5178295639851,71.0267854193623,68.52638669704402,66.02245240593605,63.52081371555961,61.027322885863256
51.49591645621473,53.58702535952669,55.63023276797638,57.6448589826594,59.64960417031557,61.661767517525334,63.696543023223995,65.76663926396014,67.88256208247333,70.03797214995859,72.16443958059992,74.17995850130791,76.00513138501663,77.60147020223184,79.0734731856137,80.55290329944859,82.15733689788846,83.93687959791974,85.72461878435735,87.34000723758967,88.74153508023346,89.8781565247568,90.41120412500723,89.98501185451514,88.74153508023346,86.93026028531273,84.73504383171702,82.30783181558434,79.7838411180145,77.26664453208662,74.7621081314195,72.25979423717322,69.75427638496771,67.24221693496142,64.72121906423857,62.189999926125324,59.64960417031557
49.82247749526559,51.8882569957553,53.895985280262735,55.86490150946645,57.81449708627257,59.76440111426227,61.73431991258093,63.74400421424204,65.81323092934001,67.94197277852356,70.05093018989851,72.04098681719313,73.81303022309683,75.30973377998205,76.64090325547916,77.95812908286115,79.41300283276611,81.09098346862424,82.81299718022677,84.35942414765688,85.61299491879068,86.47429692438774,86.8129943158252,86.52135623470903,85.61299491879068,84.14704168942012,82.24336082236081,80.03700013419791,77.66300799932914,75.23489296763557,72.78000271592802,70.30414743630129,67.81314291120108,65.31281484475551,62.809006442023176,60.30759154000401,57.81449708627257
48.777358937213904,50.8524836084007,52.87124679516434,54.85338685083953,56.8184875344044,58.7857529736513,60.773786189865845,62.80044385150896,64.88288447928551,67.01922473984018,69.13318590690534,71.13050942443263,72.9177781374812,74.44337596823982,75.8161886573306,77.18256163323473,78.68389230385375,80.3940528444341,82.13716661949772,83.70596554947565,85.00834767750361,85.96346985559029,86.37077499330258,86.03142641837559,85.00834767750361,83.43019485401699,81.43641782051895,79.16455512938018,76.74739718023197,74.29414089655057,71.82538893122245,69.34217396495177,66.84711316950975,64.34346695031822,61.83478090318147,59.324933495287326,56.8184875344044
48.02312048298275,50.0834637712807,52.087884911645176,54.054748733213245,56.00304966624138,57.95212698795936,59.92151375381532,61.930854629956244,63.999860123397085,66.12846152929181,68.2373335339529,70.22733994088424,71.99935439980604,73.49604120848801,74.82719993852074,76.14441792803615,77.5992853810798,79.27726094571447,80.99927113761095,82.54569593819456,83.79926543915633,84.6605667618953,84.99926391977971,84.70762603866653,83.79926543915633,82.33331373386007,80.42963579346674,78.2232805647208,75.84929839994362,73.42120110365856,70.9663423204918,68.49054304258055,65.99963834668016,63.49948830368359,60.99599706210496,58.495145889010814,56.00304966624138
37.73642264244755,39.76900775524564,41.75643774773445,43.71271683033915,45.65432511353225,47.59912233662742,49.56575195190433,51.573311985205024,53.641169865992936,55.769042518511185,57.877471280572564,59.867217029353924,61.63908123662523,63.13568110957273,64.46678406149397,65.78396136526794,67.23879613147643,68.91674537131524,70.63873729225395,72.18515084459091,73.43871375198782,74.30001152995045,74.63870747543984,74.34707063256033,73.43871375198782,71.97276995828202,70.06910721039594,67.8627803216573,65.48884991137407,63.06084467732916,60.60614923760954,58.13064062913446,55.640254025844285,53.14102770431012,50.63918155632483,48.14125257374765,45.65432511353225
38.71987258121813,40.75993742769644,42.75196311523527,44.7111117492542,46.65453705970394,48.600497381907786,50.56787668360758,52.57592112339033,54.64409124254617,56.7721622028708,58.88071159161274,60.87052828163948,62.64243338310972,64.13905691794619,65.47017505155624,66.78736342926658,68.24220709230588,69.92016349736618,71.64216039140891,73.18857700537185,74.44214170745377,75.30344045026052,75.64213672574894,75.35049960027499,74.44214170745377,72.97619576031326,71.07252887722723,68.86619427474074,66.4922497777132,64.06421948610304,61.609479588400575,59.13389187001681,56.643364269853876,54.143886591516434,51.64159288820734,49.14286921444305,46.65453705970394
39.70737936684014,41.75342090692398,43.74910962290684,45.71054192245718,47.65541187139985,49.60229635328308,51.57027109541306,53.57870017826481,55.64711818957072,57.775346573743235,59.8839917139627,61.87386471375697,63.64580227433669,65.14244459016479,66.47357477373765,67.79077194097069,69.24562266550748,70.9235847576519,72.64558559887064,74.19200464285643,75.44557076938449,76.30687027799007,76.64556681539932,76.35392946562962,75.44557076938449,73.9796231130572,72.07595294784778,69.86961222291634,67.49565654511048,65.06760636491988,62.612831179716366,60.137180668060225,57.64654114693022,55.146863929584654,52.64421488424331,50.14486009375814,47.65541187139985
40.69813008070986,42.748940774222575,44.74754661014329,46.71079531381089,48.65681342832101,50.60443205174141,52.57287965625778,54.58161413728895,56.650228943826136,58.778582292300115,60.88730343682937,62.877221132023976,64.6491844562742,66.14584167892409,67.47698142671527,68.79418557028123,70.24904189958153,71.92700850559544,73.64901247970286,75.19543345240461,76.44900070951861,77.31030082594012,77.64899757123638,77.35736004344278,76.44900070951861,74.983051696606,73.07937892636534,70.87303334202144,68.49906878994912,66.07100282394384,63.61619963029085,61.140499277252744,58.649770917036406,56.14993530217252,53.64700414784821,51.147148206473,48.65681342832101
41.69147077886768,43.7460829020839,45.7470102422902,47.71170306409559,49.658633459783196,51.60683517255268,53.57565825274065,55.58463519576274,57.65340622593885,59.781858769299646,61.89064024246615,63.88059341387769,65.65257718730746,67.14924624172308,68.480393580738,69.79760326147606,71.25246403931114,72.9304342280031,74.65244068869418,76.19886319222223,77.45243134668436,78.31373194553026,78.65242885582674,78.36079118673533,77.45243134668436,75.98648125704747,74.08280641918697,71.87645697790927,69.50248538227859,67.07440688691399,64.61958146247291,62.14384154883669,59.653042672356364,57.15308132261613,54.649926211719915,52.14967235960745,49.658633459783196
42.68687685030754,44.744516404016295,46.74729023380103,48.713130791860706,50.66078588485935,52.60945064869432,54.57857184784075,56.58774127548212,58.656636317556675,60.78516759866453,62.893996957207435,64.88397828702716,66.6559782913221,68.15265673675088,69.48381010098618,70.80102417661408,72.25588848527309,73.93386151754953,75.65586995184856,77.20229367039641,78.45586253708515,79.31716351883196,79.6558605600893,79.36422277884964,78.45586253708515,76.98991159285049,75.08623511391579,72.87988261137795,70.50590542524078,68.07781698522265,65.62297391589918,63.14720260207116,60.65634775387524,58.15628659904648,55.65295370438477,53.152383937651535,50.66078588485935
43.68392836030705,45.74397726415664,47.74821912428284,49.71497161246427,51.66320228866789,53.61223473571425,55.581592617405846,57.5909148469152,59.659908328082,61.78850210761067,63.8973694743804,65.88737315412067,67.65938604107639,69.15607194024201,70.48723008673703,71.80444765061227,73.25931476170044,74.93729005093837,76.65930005169426,78.20572473460538,79.45929416658933,80.32059545224504,80.65929259744614,80.36765472719429,79.45929416658933,77.99334254405926,76.08966476260107,73.88330983033319,71.50932820698893,69.08123187383458,66.62637479957331,64.1505785628143,61.6596792879988,59.15953891199024,56.65606489178785,54.15524432505842,51.66320228866789
44.78228975021034,46.84425505191166,48.84966364847544,50.81714054882164,52.76582831198968,54.715152689830205,56.684698467779185,58.69414199305092,60.76321361217103,62.891856999393895,65.00075453430759,66.99077595355513,68.76279906562073,70.25949088087455,71.59065282307625,72.90787315558856,74.36274249097393,76.0407195715677,77.76273081562334,79.30915626395094,80.56272614461037,81.42402767147888,81.76272489918026,81.47108695827936,80.56272614461037,79.09677398371642,77.19309516844336,74.98673830769361,72.6127531625236,70.18465056454544,67.7297823744409,65.25396635597166,62.76303181856595,60.26282856099317,57.75924251773587,55.25822285411884,52.76582831198968
45.78169325577319,47.84518219099038,49.85151781141554,51.81957006453361,53.768620773122166,55.71817691988812,57.687871857155585,59.69741166554789,61.766545307083135,63.89522806963774,66.00414954964961,67.9941850489825,69.76621627680828,71.26291278769804,72.5940777425697,73.91130027255903,75.36617137337518,77.0441498757718,78.76616210663636,80.31258816247598,81.5661583992496,82.42746011756893,82.76615741075085,82.47451941377574,81.5661583992496,80.10020581105567,78.1965261752424,75.99016778385314,73.61617984340057,71.18807227300479,68.73319526017607,66.25736354072191,63.766401014649745,61.2661478456329,58.76247288228478,56.261295172175636,53.768620773122166
46.78192544585311,48.84662532365398,50.853697344531696,52.82220649912409,54.77154537554672,56.721285517322514,58.69109885877731,60.70071509381805,62.769897965273586,64.89861198110735,67.0075524667509,68.99759914159918,70.7696368109618,72.26633704880146,73.5975043948406,74.91472866897385,76.3696011710164,78.04758080190044,79.76959381599659,81.31602035401914,82.56959087344094,83.43089274371495,83.76959008886882,83.47795204738756,82.56959087344094,81.10363794609862,79.19995765902163,76.99359805276143,74.61960789368683,72.19149637666573,69.73661236118983,67.26076817971011,64.7697834385587,62.269490653344974,59.76574510945383,57.26444194315047,54.77154537554672
47.7828163464804,49.84847838122871,51.85613527527205,53.825007226424134,55.77457488348679,57.72446108733641,59.69436841656366,61.70404531568728,63.77326726265545,65.90200608489961,68.01096165557163,70.00101720052331,71.77305998257086,73.26976317850594,74.60093242242215,75.91815808088667,77.3730316950853,79.05101222165146,80.77302585739946,82.31945277813111,83.57302352189097,84.43432551277152,84.7730228991756,84.48138482236976,83.57302352189097,82.10707032536627,80.20338952138061,77.99702895087574,75.62303703087662,73.19492238140757,70.74003280789775,68.26417873521007,65.77317636164886,63.27285213212059,60.76905056550453,58.267647815348454,55.77457488348679
48.784230686656514,50.850657036443124,52.85877839163322,54.827938391435936,56.77768767068231,58.72768981991629,60.697671753781805,62.70739680467341,64.77664976696688,66.90540827849179,69.01437582231546,71.0044384075301,72.77648524753968,74.27319079132508,75.60436154159119,76.92158829880225,78.37646279572097,80.0544440331912,81.77645816234494,83.3228853868331,84.57645630865028,85.43775839525634,85.77645581440069,85.48481770955773,84.57645630865028,83.11050289847532,81.20682168421877,79.00046034839175,76.62646703074407,74.19834989504349,71.74345591010082,69.26759398669842,66.77657761810174,64.27622843062602,61.77238239690993,59.27090060119778,56.77768767068231
49.88606087268728,51.95309427003133,53.961584423996754,55.93097310919242,57.88086656655497,59.83096075168166,61.801001903379145,63.81076517402606,65.88004275387384,68.00881689305565,70.11779394007476,72.10786211318593,73.8799121740155,75.37661958129621,76.7077915271555,78.02501915644358,79.47989435397845,81.15787615569408,82.87989067646438,84.42631814204434,85.67988920518575,86.54119136776922,86.87988881289957,86.58825068580353,85.67988920518575,84.21393562543642,82.31025408554754,80.10389214228356,77.72989771532022,75.30177860629269,72.84688111998184,70.37101296542666,67.87998548884794,65.3796164918718,62.87573516343976,60.374190625574144,57.88086656655497
50.88822136280578,52.955736832834845,54.9645198007359,56.934090032107264,58.884097939149925,60.83426517950109,62.804353335000556,64.81414694174056,66.883444060979,69.01223060400693,71.12121519377938,73.11128780202966,74.88334041923424,76.38004930557551,77.71122220037923,79.0284505218361,80.48332627545092,82.16130852500866,83.88332335660537,85.4297510135401,86.68332218885064,87.5446244117374,87.88332187749288,87.59168373273451,86.68332218885064,85.21736847450998,83.31368667616645,81.10732425077921,78.7333289433507,76.30520826809017,73.8503080027343,71.37443490248693,68.8833986094246,66.38301388940798,63.87910454681348,61.37751020816562,58.884097939149925
51.99064417121973,54.058542425695876,56.0675578620331,58.03727221093429,59.987370966472554,61.9375961947555,63.907721658821245,65.91753934399782,67.98685197192849,70.1156483600005,72.22463893649946,74.21471506493634,75.98676971114239,77.4834797714169,78.81465341939929,80.13188229023146,81.58675848520747,83.26474109021794,84.98675616851783,86.5331839773309,87.78675524167016,88.64805751241971,88.98675499454532,88.6951168357684,87.78675524167016,86.32080142050434,84.41711941702516,82.21075660897627,79.83676060272163,77.40863868433965,74.9537362132497,72.47785918758937,69.98681589683375,67.486418697287,64.98248711937848,62.48085325237325,59.987370966472554
53.09327528000914,55.16147745351127,57.17067743915308,59.14050618948394,61.09067705764775,63.040948313478594,65.0111033903961,67.02094018705841,69.09026512441486,71.2190693265697,73.32806465476126,75.3181435771811,77.09019983381005,78.58691082583731,79.91808507161863,81.2353143784906,82.69019092377542,84.36817381090898,86.09018908501736,87.63661701437644,88.89018834937784,89.7514906581161,90.0901881532347,89.79854998333124,88.89018834937784,87.42423444342478,85.5205522771293,83.31418916536154,80.94019260444793,78.51206969939892,76.05716547761372,73.581285336342,71.09023649148477,68.58982938683727,66.0858801604595,63.58421491886256,61.09067705764775
54.19607177882182,56.264515237810485,58.27386172489827,60.24378128532558,62.194009393178305,64.14431718267059,66.11449576396863,68.12434772969056,70.19368243715094,72.32249284138905,74.4314919410171,76.42157308102836,78.19363061585292,79.69034234741369,81.02151706766873,82.33874672062589,83.79362354395114,85.47160665500601,87.19362208452772,88.74005010956422,89.99362150065022,90.85492383954013,91.1936213449713,90.90198316623669,89.99362150065022,88.52766752740149,86.62398523187859,84.417621879049,82.04362487790206,79.61550118973429,77.16059557841956,74.68471296427967,72.19365971111095,69.69324474472239,67.18928151056332,64.68759136636082,62.194009393178305
56.13316753791942,58.264065944312705,60.36714851496359,62.45958485972875,64.55667319865603,66.67011991175816,68.8068201599292,70.96859284643179,73.15327489319414,75.34713332203552,77.4985416155391,79.54996659015188,81.44852670154296,83.17696162581973,84.82427714931012,86.49073716554449,88.2550303047062,90.13690010809258,91.98836658353967,93.66862459189507,95.20284789934158,96.56515092125122,97.24282180853713,96.71771343199336,95.20284789934158,93.0676944872184,90.55574499529416,87.85616110965572,85.12823107011292,82.48167698451319,79.90216463464486,77.3590401189226,74.83093716077954,72.30058141442257,69.75260475333013,67.17396768198995,64.55667319865603
54.57094817573612,56.63940751316538,58.648763640716226,60.61868917668788,62.568921050995,64.51923124442744,66.48941137231854,68.49926433616297,70.56859968649319,72.69741049882569,74.80640984661228,76.79649113253981,78.56854875146891,80.06526053169051,81.39643528316562,82.71366495889497,84.16854180051509,85.84652492630384,87.56854036605165,89.11496839738368,90.36853979215998,91.22984213303386,91.5685396391436,91.2769014598279,90.36853979215998,88.90258581448325,86.9989035104573,84.79254014176595,82.41854311165197,79.99041937195545,77.53551366921052,75.05963089235736,72.56857734912403,70.06816186543618,67.56419770956848,65.06250592677274,62.568921050995
52.96549597457616,55.033419421085554,57.04245015561605,59.01217398810989,60.96227872172233,62.912507765696716,64.88263568469246,66.89245495423519,68.9617686026361,71.09056563850896,73.19955660893184,75.18963296899517,76.96168774870839,78.45839788622699,79.78957158376812,81.10680049074884,82.56167671476615,84.23965934316516,85.96167443769795,87.50810225650454,88.76167352670183,89.6229758006007,89.96167328380346,89.67003512410415,88.76167352670183,87.29571969850697,85.39203768153,83.18567484830223,80.81167879606524,78.38355679588666,75.92865417966065,73.45277689571026,70.96173314450951,68.46133512381323,65.95740208282119,63.455765614830526,60.96227872172233
51.43339382123806,53.52469516982748,55.568195496459964,57.583208423831294,59.58842158823364,61.60110973209562,63.636425792703676,65.7070191339788,67.82332169732553,69.97894672906187,72.1055546190841,74.12127716556026,75.94687147677733,77.54398693130986,79.01705757274573,80.49767492706016,82.10316434453264,83.88340342868042,85.67158461613792,87.28742965664242,88.68991284260608,89.82822713491986,90.36240636725978,89.93543607627328,88.68991284260608,86.87635625296923,84.67906598219369,82.25018692582933,79.72501432900108,77.2070961746114,74.702151231601,72.1996178919015,69.69397947459441,67.18182281047447,64.66068233394078,62.129214677427896,59.58842158823364
49.75756730733791,51.82329268342768,53.830988073912735,55.799883901613526,57.74946661420918,59.69936242962922,61.669275943511124,63.67895683442295,65.74818135258737,67.876921807098,69.98587837036285,71.97593449896445,73.74797761742441,75.2446810080007,76.57585037679618,77.89307612634889,79.34794981372674,81.02593039922826,82.74794407588058,84.29437102179422,85.5479417803154,86.40924377913177,86.7479411682501,86.45630308911991,85.5479417803154,84.08198856607865,82.17830772808074,79.97194709412915,77.59795505826224,75.16984020267984,72.71495026345406,70.23909553992846,67.74809200615704,65.24776570758468,62.743960454619156,60.24255115162413,57.74946661420918
48.71297435472442,50.78815253616358,52.80699793515173,54.78924796631563,56.75448397402434,58.721904163552395,60.710100189969324,62.73691072793224,64.81947023609045,66.95587861437154,69.06988461614851,71.06727359401091,72.8546795529799,74.38053674159441,75.75372025411589,77.1205263128596,78.62226184642236,80.33270027473822,82.07599513315247,83.64498510425585,84.94778063796136,85.90368439352656,86.31155039535285,85.97181273729308,84.94778063796136,83.36867049523664,81.37410648122497,79.10166122808882,76.68411453427771,74.23063010090377,71.76175190395439,69.27846998814414,66.78337266055493,64.2796971129696,61.77096824892587,59.261046803053944,56.75448397402434
47.95842641492739,50.018634054019735,52.022972586396776,53.98978510916491,55.93805367050055,57.8871103158117,59.8564837730912,61.86581605769432,63.934816016424534,66.06341390844021,68.1722837761757,70.16228892654425,71.93430266117743,73.43098905079673,74.76214751196255,76.07936530536291,77.53423260084945,79.2122080385942,80.93421814242204,82.48064288878768,83.73421235796772,84.59551366362047,84.93421081566099,84.64257293955221,83.73421235796772,82.26826069080623,80.36458282364278,78.15822773150005,75.78424581618982,73.35614896367035,70.90129096788746,68.42549309119761,65.93459089308212,63.43444530419016,60.93096199744495,58.430124926425066,55.93805367050055
37.70015557241808,39.7324308751883,41.7196702385325,43.67583018573244,45.61736298884911,47.56211187904948,49.52871033376,51.536250229822244,53.60409512932401,55.73195953670567,57.84038328322323,59.8301260822666,61.60198858913378,63.098587478198766,64.4296897988489,65.74686664215511,67.20170103842165,68.87964998032055,70.60164169447035,72.14805511950031,73.40161795227147,74.2629156901144,74.60161162188191,74.30997479075313,73.40161795227147,71.93567424810877,70.03201167217044,67.82568510418048,65.4517552796427,63.023751087519585,60.569057496397534,58.09355217732542,55.60317143655354,53.10395556570879,50.60212802422089,48.10423207491637,45.61736298884911
38.68343754584816,40.72325464182903,42.715128311097445,44.67418210378047,46.61754739111883,48.5634693046147,50.530823854893406,52.53885230385481,54.6070121165731,56.73507653147904,58.843621938914765,60.833436287562336,62.60534003935746,64.10196279326087,65.43308042581911,66.75026843804973,68.20511180746229,69.88306797604544,71.60506470595875,73.15148121887765,74.40504586172892,75.26634457269256,75.60504083728989,75.31340372114252,74.40504586172892,72.93909998565903,71.03543323904861,68.82909889114234,66.45515485902695,64.02712539440824,61.572386963993466,59.096801856582616,56.60627891004714,54.106809528149086,51.60453059827959,49.10583316025735,46.61754739111883
39.67080990572467,41.716653625995676,43.7122212311363,45.67357807574005,47.61840031196641,49.56525427926617,51.53320936403226,53.54162574999036,55.61003557906477,57.73825876734767,59.84690074730845,61.83677188864138,63.60870837794329,65.1053500739286,66.43647985980911,67.75367673695678,69.20852722843958,70.88648913289069,72.60848984383918,74.15490880762604,75.40847488714257,76.26977437047422,76.60847089923921,76.31683355687204,75.40847488714257,73.94252728722421,72.03885723033594,69.83251670746611,67.45856139866484,65.03051187486889,62.57573785428687,60.10008941506976,57.609453587868785,55.109782956496446,52.607145640278674,50.10781168397112,47.61840031196641
40.66145321765417,42.71210615192972,44.71061557472312,46.673804276421805,48.61978447565711,50.56737886098282,52.535810855779914,54.544535256147114,56.613143567178355,58.74149279117597,60.85021142722107,62.84012764728621,64.61209012123751,66.10874685190791,67.43988628404588,68.75709019736846,70.21194634169223,71.88991279873304,73.61191666944453,75.15833757849217,76.41190479829305,77.27320489465457,77.61190163308984,77.32026411117167,76.41190479829305,74.94595583015229,73.04228314588643,70.83593772191966,68.46197346272874,66.03390801771118,63.57910574844064,61.103407040366804,58.61268161223967,56.1128512253498,53.609929382602985,51.11008998416886,48.61978447565711
41.654708220715406,43.709194655064195,45.71004529033607,47.67469041696371,49.62159069046203,51.5697731536795,53.53858383959684,55.54755277961627,57.6163186535091,59.74476792295826,61.85354740502291,63.843499405580786,65.61548250411195,67.11215116803695,68.44329825651485,69.76050775450707,71.21536838552527,72.89333845597669,74.61534483460213,76.16176728760777,77.41533541245443,78.27663599537871,78.61533290022962,78.32369523580152,77.41533541245443,75.94938535835303,74.04571058873091,71.8393612747451,69.46538991157595,67.03731182972399,64.58248713897945,62.10674853099525,59.61595198185161,57.11599478198784,54.61284706306046,52.112606345402554,49.62159069046203
42.65004599032723,44.70758548375083,46.7102983178991,48.6761009750836,50.62373214190824,52.57238161994691,54.541492978711005,56.55065605312075,58.619547002148494,60.748075684554024,62.85690346268487,64.84688386317055,66.61888333178811,68.11556146728037,69.44671463266246,70.7639285632439,72.2187927553737,73.89676569380227,75.61877406296557,77.16519774141372,78.41876658459657,79.2800675537064,79.61876459064158,79.32712681310319,78.41876658459657,76.95281566856652,75.0491392437928,72.84278684228681,70.4688098406554,68.04072172884526,65.58587924186571,63.11010896436153,60.61925596345961,58.11919810266134,55.61587107586925,53.11531173667805,50.62373214190824
43.647043108200535,45.70701240376888,47.711205779063334,49.67792815678739,51.626139831311704,53.57516014133816,55.54451021079518,57.553827396957246,59.622817629154326,61.75140934596752,63.86027545831706,65.85027840042747,67.62229086220952,69.11897651537583,70.45013450403982,71.76735195279102,73.22221897138951,74.90019418614008,76.62220413519765,78.16862878628157,79.42219819960889,80.28349947523458,80.62219661700522,80.33055874969106,79.42219819960889,77.95624659946483,76.05256886099428,73.84621400891567,71.47223253201426,69.04413645936049,66.58927984731136,64.1134844331002,61.622586624536865,59.12244886317302,56.61897950084375,54.11816721217315,51.626139831311704
44.74536121255171,46.8072632087921,48.81263327711382,50.78008626078891,52.72875893508726,54.67807367682187,56.64761325298754,58.657052774857874,60.72612181506972,62.85476356503602,64.96366010428662,66.9536809380663,68.72570371266733,70.2223953326698,71.55355714960024,72.87077739073811,74.32564665271417,76.0036236741872,77.72563487720976,79.27206030027608,80.52563016612771,81.38693168503539,81.725628910014,81.43399097144476,80.52563016612771,79.05967802300157,77.15599924184787,74.94964244474448,72.57565741580662,70.14755502458898,67.6926872013459,65.21687183574406,62.725938462137464,60.2257372799173,57.72215493395775,55.22114184171993,52.72875893508726
45.74473028996431,47.80816890360525,49.81447391524165,51.78250717434365,53.7315459023328,55.68109439905925,57.65078441320645,59.6603210437857,61.72945263831451,63.85813410132852,65.96705479106369,67.95708982570369,69.72912078568118,71.22581714159887,72.55698199704216,73.87420445450732,75.32907549705833,77.0070539525307,78.72906615082726,80.27549218661696,81.52906241163761,82.39036412363843,82.72906141465927,82.4374234195348,81.52906241163761,80.06310983754601,78.1594302288133,75.95307188794027,73.57908403974145,71.15097663345233,68.69609991180388,66.22026871053771,63.72930710819492,61.22905558645439,58.725383557868554,56.2242110641468,53.7315459023328
46.744935108673815,48.8095949982378,50.816642706672624,52.78513677855382,54.73446614309708,56.68420021186215,58.65400964535392,60.663623357966685,62.732804604633046,64.86151758898971,66.97045744737864,68.96050375339571,70.73254121016544,72.22924132500304,73.56040859212555,74.87763280869618,76.33250526449356,78.01048485813374,79.73249784638064,81.27892436848956,82.53249487858301,83.39379674384202,83.73249408728064,83.44085604726823,82.53249487858301,81.0665419624337,79.1628616968506,76.9565021306852,74.58251204483255,72.15440065806345,69.69951687369885,67.22367310350947,64.73268909553606,62.23239761780917,59.72865440337591,57.22735537775057,54.73446614309708
47.74580425575708,49.81143452154841,51.81907210729634,53.78793208278509,55.73749218845448,57.68737357141484,59.65727779858747,61.66695269553509,63.736173352857406,65.86491135639812,67.9738664292105,69.96392168141799,71.73596429472946,73.23266739303736,74.56383657431724,75.88106218709416,77.33593576458793,79.01391626159361,80.73592987682501,82.28235678492597,83.53592752128193,84.39722950818206,84.73592689322473,84.44428881758475,83.53592752128193,82.06997433364116,80.1662935467152,77.9599330080336,75.58594114615092,73.15782660006317,70.70293720998737,68.22708346374377,65.7360816721148,63.23575848036646,60.73195876272776,58.23055929930001,55.73749218845448
48.7472013119124,50.813602427565826,52.82170845050334,54.7908589423747,56.74060222693595,58.69060054936293,60.660580020935555,62.67030348262119,64.73955542129066,66.86831328299789,68.97728043166552,70.96734278452728,72.73938949061031,74.23609495690872,75.56726565746021,76.88449237840896,78.33936684619496,80.017348060203,81.73936217307269,83.28578938753587,84.53936030347657,85.40066238692336,85.73935980498717,85.44772170106953,84.53936030347657,83.07340690035278,81.16972569963653,78.9633643890677,76.58937111754707,74.16125406390051,71.70636022455005,69.23049856024817,66.73948265353677,64.2391342897645,61.7352897236365,59.233810536772495,56.74060222693595
49.84901776811155,51.91603112506907,53.92450910524839,55.89389024220348,57.84377894086275,59.79387008835792,61.76390928561223,63.7736712948565,65.8429480622336,67.97172168564704,70.08069841902768,72.07076640771918,73.8428163622508,75.3395237080299,76.67069561443056,77.9879232149372,79.44279838934939,81.12078017244303,82.84279468028869,84.38922213791184,85.64279319638905,86.504095356465,86.84279280073774,86.55115467437611,85.64279319638905,84.17683962223623,82.2731580930943,80.06679616987779,77.69280177952555,75.26468273562442,72.80978536487056,70.33391741596463,67.8428903059879,65.3425219627963,62.838641799223566,60.337099332109304,57.84377894086275
50.851167353605774,52.91866690997742,54.92744021265818,56.897004451858734,58.84700858146334,60.797173410660335,62.7672600148416,64.77705262037479,66.84634909474234,68.97513522839972,71.08411956923536,73.07419203111098,74.84624456394657,76.34295340147388,77.67412626495924,78.99135456357227,80.44623029883456,82.12421253361202,83.84622735495043,85.3926550055698,86.64622617717838,87.50752839807492,87.8462258631497,87.55458771897426,86.64622617717838,85.1802724672797,83.27659067746603,81.07022826799046,78.69623298962024,76.26811236605064,73.8132121924126,71.33733925538984,68.84630325330181,66.34591905220107,63.84201063417737,61.34041793915347,58.84700858146334
51.953581502442546,54.02146712145459,56.030474884686456,58.000184476887554,59.95028023398598,61.90050354841837,63.870627781154425,65.88044467165314,67.94975678774159,70.07855285089293,72.18754322980945,74.17761924206826,75.94967382131044,77.44638384284123,78.7775574659662,80.09478631866716,81.54966249907676,83.22764509235611,84.94966016251395,86.49608796631458,87.74965922771557,88.6109614968855,88.94965897847084,88.65802082015657,87.74965922771557,86.28370541007534,84.3800234133663,82.17366061794652,79.79966463475547,77.37154275740069,74.91664035910733,72.44076346299892,69.9497204031911,67.44932361551236,64.94539277144965,62.44376020903216,59.95028023398598
53.0562057352393,55.12439787695047,57.133591771300814,59.10341674578834,61.05358523390913,63.00385497064258,64.97400907022305,66.98384523613686,69.05316976723893,71.18197371150214,73.29096888287168,75.28104771308065,77.05310391656025,78.54981487783655,79.88098910388854,81.19821839636973,82.65309493009319,84.33107780791573,86.05309307556176,87.59952100094245,88.85309233361173,89.71439464109625,90.05309213578606,89.76145396624983,88.85309233361173,87.38713843045696,85.48345626953497,83.27709316779095,80.90309662518293,78.47497375269722,76.02006958869082,73.54418955024478,71.05314088869176,68.5527341109468,66.04878546703131,63.547121260913144,61.05358523390913
54.158996774756645,56.22743226960651,58.23677392131236,60.20669048456858,62.15691670326669,64.10722328700444,66.07740109257065,68.08725255765944,70.15658694267239,72.28539714222055,74.39439611737842,76.3844771842017,78.15653467684155,79.65324638399522,80.98442108859105,82.30165073012625,83.75652754427523,85.43451064793996,87.1565260723325,88.70295409421135,89.95652548344634,90.81782782134115,91.15652532643199,90.86488714798884,89.95652548344634,88.4905715124186,86.58688922116065,84.3805258762869,82.00652888966913,79.57840522734688,77.12349966189126,74.64761712936436,72.15656402168483,69.65614931476068,67.15218654290754,64.65049722058198,62.15691670326669
56.09829628241462,58.229342059600825,60.33264385519445,62.42536059642009,64.52277522661475,66.63657190535727,68.77361616420811,70.93569142761689,73.12059624474882,75.31457770711879,77.46606522826303,79.51760346419019,81.41639216523723,83.14522890992875,84.79305913019559,86.4600457507278,88.22477131454403,90.10690965467188,91.95854019211049,93.63896274267483,95.1735150550557,96.53635500027904,97.2143555481401,96.68902288956131,95.1735150550557,93.03754054282058,90.52472644602437,87.82434676803956,85.09578723090257,82.44881821238596,79.8690596289151,77.32579928084999,74.79762059908634,72.26720321832624,69.71913519761824,67.14033616605306,64.52277522661475
54.50552405599554,56.57396953458699,58.58331724786295,60.553237568331895,62.50346615524809,64.45377425050289,66.42395302851565,68.43380512119109,70.50313991041959,72.6319503665642,74.74094949775612,76.73103065632681,78.50308820184881,79.99979993959886,81.33097466382483,82.64820431967847,84.10308114533069,85.78106425825962,87.503079689082,89.04950771491923,90.3030791064746,91.16438144561687,91.50307895113434,91.21144077232583,90.3030791064746,88.83712513266268,86.93344283605825,84.72707948121115,82.35308247637985,79.924958781658,77.47005315871405,74.99417052387828,72.50311723381557,70.00270220163047,67.49873885023713,64.9970484976182,62.50346615524809
52.90009332031444,54.967994778990445,56.97701216112806,58.94672771626479,60.89682723216643,62.8470529457754,64.8171787220892,66.82699660878491,68.89630936651156,71.0251058369789,73.13409646358194,75.12417262147993,76.89622728466705,78.39293735476645,79.72411100905232,81.04133988448234,82.49621608315218,84.17419869113746,85.89621377150206,87.44264158158626,88.6962128466706,89.55751511782071,89.89621260008335,89.6045744411891,88.6962128466706,87.23025902461075,85.32657701941474,83.12021420816329,80.74621819606006,78.31809626727417,75.86319377772399,73.38731671921117,70.89627336989042,68.39587606589974,65.89194430189828,63.39031010406784,60.89682723216643
51.37049523481372,53.46199130648709,55.505787985002115,57.52119209667916,59.52687855542695,61.54009733718581,63.57595983454661,65.64705556467594,67.76374183481636,69.91958404367648,72.04633382731595,74.06226206241126,75.88828200887895,77.48618163764641,78.96032983841698,80.44214481869999,82.04869873879531,83.82963965011709,85.61826617615108,87.23457115609628,88.63801638537768,89.77803435512757,90.31335171623414,89.88559900205092,88.63801638537768,86.82216129381635,84.62277991712565,82.19221846811479,79.66585230103564,77.14720513180245,74.64184732242727,72.13909218241844,69.63333189664084,67.12107696251968,64.59979232326351,62.06807341237811,59.52687855542695
49.69225266947944,51.75792276054381,53.765584550957655,55.73445953899201,57.68402911099055,59.6339165373533,61.603824653219306,63.613502060067034,65.68272433407142,67.81146336392729,69.92041906084948,71.91047468003697,73.6825175048736,75.17922072556556,76.51038998536546,77.82761565541571,79.28248927892216,80.96046981298446,82.68248345393519,84.2289103778698,85.48248112350717,86.34378311539709,86.6824805021464,86.39084242504492,85.48248112350717,84.01652792472964,82.11284711641788,79.90648653784305,77.53249460310644,75.10437992742135,72.64949030739527,70.17363615192596,67.68263363079494,65.18230913810022,62.678507102609245,60.177103518983955,57.68402911099055
48.648190885657066,50.72342325917822,52.742351915323695,54.72471331482562,56.69008635278159,58.657663233078,60.64602409912267,62.67298940768461,64.75566926168517,66.89214659440526,69.00619798042601,71.00365321926743,72.7911980962849,74.3173177785097,75.69087654310414,77.05812077528026,78.56026585118677,80.27098533461873,82.01446332091797,83.58364647346357,84.88685998590913,85.84355374611766,86.25198648329274,85.91185568473486,84.88685998590913,83.30678181223962,81.31142169047214,79.0383869319405,76.62044677160662,74.16673138433222,71.69772539374597,69.21437569691537,66.71924138258065,64.21553614119209,61.70676392605077,59.19676751646166,56.69008635278159
47.893332517460095,49.9534016098393,51.957655765412,53.92441588932827,55.87265138414871,57.82168690899596,59.79104677176967,61.80037028020462,63.8693645852658,65.99795888787057,68.10682657274373,70.09683043953659,71.86884343431038,73.36552939585798,74.69668758237671,76.01390517544579,77.46877230998803,79.14674761811484,80.86875763198069,82.41518232296275,83.66875175967778,84.53005304787695,84.86875019394799,84.57711232295118,83.66875175967778,82.20280013147092,80.29912233911169,78.09276738650895,75.71878572602883,73.29068932681523,70.83583213534347,68.36003568999787,65.86913604336131,63.368995004314954,60.86551980293905,58.364697137002125,55.87265138414871
38.50483463477015,40.54340652893141,42.534515937617385,44.49309284082559,46.436156282279555,48.38188503180434,50.3491150974893,52.357063120070734,54.425171095264446,56.553202588778205,58.66172797135286,60.65153054346379,62.423427506721936,63.92004633271631,65.25116144510017,66.56834761905134,68.02318951158776,69.70114449074404,71.42314039512291,72.96955639981277,74.22312074474695,75.08441929554687,75.42311550536448,75.13147843612768,74.22312074474695,72.75717522614647,70.85350916597818,68.64717609855344,66.27323440484093,63.845209099798396,61.3904780494902,58.91490607461262,56.42440653452755,53.92497888103483,51.422774255595584,48.92420876899592,46.436156282279555
39.4915314197265,41.53638074034916,43.53133941136373,45.49231682370802,47.43689911156366,49.383599611973594,51.351455830583774,53.35980835644,55.42817703169172,57.556374086186395,59.66500017088825,61.654861964623365,63.426793065653726,64.9234316439742,66.25455942955335,67.57175484763746,69.02660416691103,70.70456512730675,72.42656518302499,73.97298374342887,75.22654958648789,76.08784894269729,76.42654542798351,76.13490812284934,75.22654958648789,73.76060227029387,71.85693275823706,69.65059325169204,67.27663979890082,64.8485935766198,62.39382541381036,59.918187398451195,57.427570150729196,54.927932644811364,52.42535432178963,49.92612515139656,47.43689911156366
40.48163487799001,42.531494692758116,44.52951932225169,46.49240628380991,48.43819580033693,50.38566828268374,52.354021767848025,54.36269546625658,56.43127110695342,58.55959958599014,60.66830560500463,62.65821440552716,64.4301726026746,65.92682685880149,67.25796470327555,68.57516745852587,70.03002267245913,71.70798838019846,73.42999173085138,74.9764123197329,76.22997935185697,77.09127934732135,77.42997605124748,77.13833855888117,76.22997935185697,74.76403060890883,72.86035835707722,70.6540137397717,68.28005095370855,65.85198812914118,63.39719050929999,60.9215000750001,58.43078939452849,55.93098530285616,53.42811029421432,50.928354099720096,48.43819580033693
41.47445907867696,43.52831356314666,45.528778480221035,47.49318374631465,49.43993252620239,51.38801817427624,53.356766522148035,55.36569520981021,57.434435149130664,59.56286795168083,61.671637418999836,63.661583530442726,65.43356323439063,66.93022993423682,68.26137576257014,69.57858434139177,71.03344423395383,72.71141370968164,74.43341967553506,75.97984187442415,77.23340985031142,78.09471035315347,78.43340723061442,78.14176958964168,77.23340985031142,75.76745997494578,73.86378554854775,71.65743687481175,69.28346668087222,66.85539067889562,64.40056967847627,61.92483763761284,59.43405279439253,56.934116467278955,54.43100592764699,51.9308312712534,49.43993252620239
42.46945344784427,44.52648981034949,46.528895907202326,48.494507953866375,50.442018786366525,52.39059138391272,54.359653249237226,56.36878436891085,58.43765473106464,60.56617034266779,62.67499017171059,64.66496589786395,66.43696267214744,67.93363924872897,69.26479141392423,70.58200461495444,72.03686822096826,73.71484068736268,75.43684872890785,76.98327220566324,78.23684093061684,79.0981418361653,79.43683885136102,79.14520109243918,78.23684093061684,76.7708901564496,74.86721400409348,72.6608621107556,70.28688603714699,67.85879957614928,65.40396001822734,62.928194953190214,60.437351243727676,57.93730995104232,55.434012437913694,52.93350554560806,50.442018786366525
43.46617707566125,45.525746054128646,47.52969559759197,49.496266540563184,51.44438264653892,53.39334191235807,55.36265268895133,57.37194450857771,59.44091839933009,61.569499741200445,63.678359544115736,65.6683587761188,67.44036909937398,68.93705351521922,70.26821071002848,71.5854275797313,73.04029413312736,74.71826897322316,76.44027866224954,77.98670315324958,79.24027247273818,80.10157369791514,80.44027082243116,80.14863296989301,79.24027247273818,77.77432098519084,75.8706434629386,73.66428901419422,71.29030827386788,68.86221351147384,66.4073592242473,63.93156794726211,61.44067751359751,58.9405529032357,56.43710696871241,53.93633631600113,51.44438264653892
44.46427752037174,46.52586116412171,48.53103746671383,50.49837016376651,52.44696694797527,54.396233223687574,56.365741606851174,58.37516099274016,60.4442170617105,62.57285057667596,64.68174210797477,66.67175999698527,68.44378107421593,69.94047171214797,71.27163289899174,72.58885268053662,74.0437215732801,75.72169829738874,77.4437092940241,78.99013459003166,80.24370438140338,81.10500586026986,81.44370307155344,81.15206514471191,80.24370438140338,78.77775232764537,76.87407371810446,74.66771724112826,72.29373279681224,69.8656314455541,67.41076546754161,64.93495338571371,62.4440258657435,59.94383512203632,57.44027137250026,54.93929133231488,52.44696694797527
45.56347346789116,47.62665901299467,49.63281008357561,51.60074781261302,53.549726283095964,55.499236302733706,57.46890155504963,59.47842220208406,61.54754350068386,63.67621842731927,65.78513514214569,67.77516783948616,69.54719745224705,71.0438930286898,72.37505738403064,73.69227947671533,75.14715022620547,76.82512844565917,78.54714048014593,80.0935664150889,81.3471365809948,82.20843826121488,82.54713554136599,82.2554975555498,81.3471365809948,79.88118407783477,77.97750460531137,75.7711465185238,73.3971591343408,70.96905255347164,68.51417729639482,66.03834870149673,63.5473917452987,61.047148508961556,58.54349124147666,56.042344984695774,53.549726283095964
46.563540637448,48.62799941891214,50.63492485020228,52.60334306293167,54.55262458624719,56.50232810968882,58.47211788722632,60.48171891267941,62.55089198705336,64.67959978332286,66.78853648676488,68.77858093764428,70.5506173251193,72.04731682128406,73.37848369147352,74.6957076185169,76.15057984171128,77.82855924802303,79.55057210625387,81.09699854832067,82.35056901149466,83.21187085152926,83.55056818634057,83.25893015371616,82.35056901149466,80.8846161516438,78.98093599417017,76.77457662967278,74.40058691211047,71.97247618047987,69.51759355855356,67.04175185706193,64.55077153680566,62.05048663542834,59.54675513758792,57.04547693844758,54.55262458624719
47.564300383395654,49.62977087342367,51.63731134842862,53.60611109121437,55.555633215940375,57.50549035125678,59.47537897592828,61.48504380243318,63.55425797314558,65.68299185879792,67.79194442748968,69.78199820725963,71.55403997186625,73.05074257913117,74.38191144536412,75.69913682834263,77.15401022121895,78.8319905695418,80.55400408157934,82.10043092615078,83.35400162526673,84.21530359214623,84.5540009703414,84.26236290056525,83.35400162526673,81.88804848231008,79.98436778119071,77.77800740257328,75.40401583300326,72.97590180690074,70.52101333945723,68.04516123515397,65.5541623705119,63.053844398554645,60.550053980822355,58.04867104877991,55.555633215940375
48.565610513818655,50.631884716859034,52.63991362555518,54.60901629604149,56.558729429224854,58.508708503886766,60.47867559076323,62.4883910591316,64.55763784921336,66.6863924424869,68.79535760360898,70.78541878778762,72.55746482024995,74.054169896806,75.38534034730401,76.7025668858613,78.15744120711616,79.83542230311448,81.55743633407906,83.10386349811881,84.35743438450208,85.21873645205852,85.55743386468747,85.26579576542397,84.35743438450208,82.89148101684412,80.98779988423266,78.78143870070693,76.40744566119531,73.97932902026216,71.52443591320824,69.04857555212402,66.55756196859127,64.05721774785748,61.553380563347616,59.051914498330575,56.558729429224854
49.56735791771956,51.634270481948604,53.64268723294188,55.61203040480129,57.56189516858892,59.51197103761238,61.482000404507616,63.49175606919877,65.56102875003707,67.68979977925294,69.7987749351027,71.78884199620433,73.5608914160808,75.05759845252038,76.3887701604531,77.70599761619535,79.16087267430561,80.83885436373478,82.56086880657227,84.10729622417429,85.36086725919179,86.22216940665552,86.5608668466146,86.26922872394698,85.36086725919179,83.89491371318823,81.99123223810108,79.78487041571881,77.41087620951245,74.98275749318273,72.52786070365475,70.05199378911891,67.56096852306769,65.06060346826305,62.55672916365937,60.05519711191495,57.56189516858892
50.66945265896905,52.73687217693241,54.74559686711868,56.7151309675818,58.66511609773035,60.615268799444635,62.585347600874655,64.59513517057329,66.66442840138855,68.79321247600475,70.90219556474389,72.89226729038752,74.66431939886576,76.16102799086961,77.49220069683065,78.80942888054395,80.26430452349726,81.94228668393315,83.66430145367454,85.21072907252912,86.46430022551768,87.32560243640391,87.6642998980549,87.37266175681142,86.46430022551768,84.99834653796111,83.09466479105076,80.88830246160742,78.51430732939397,76.08618696581834,73.63128725350069,71.15541513746149,68.66438059890909,66.16399900783752,63.660095240190785,61.15851081219979,58.66511609773035
51.67182325431811,53.73964532211336,55.748614492219346,57.718300159620725,59.668380835369135,61.61859452361257,63.58871256305508,65.59852545650885,67.66783499814764,69.79662942702105,71.90561881214197,73.89569424005087,75.66774848247961,77.164458309138,78.49563180723567,79.81286056874062,81.26773667588446,82.94571921015884,84.66773423936408,86.21416201795297,87.46773326457526,88.32903552579995,88.66773300466788,88.37609484868071,87.46773326457526,86.00177946466795,84.09809750201133,81.8917347701132,79.51773890292691,77.0896172319297,74.63471519978728,72.15883895529612,69.66779705710417,67.16740234102889,64.6634751880422,62.16184918739259,59.668380835369135
52.77441290382227,54.84255458933721,56.85171784640268,58.821523829452914,60.77168034657102,62.72194244261547,64.69209162642076,66.70192461981465,68.77124710754916,70.90004975467508,73.00904413726484,74.9991225036736,76.7711784398237,78.26788924642948,79.59906337324712,80.91629259334593,82.37116906891829,84.04915189990857,85.77116713505048,87.31759504042058,88.57116636136001,89.43246866253841,89.7711661550714,89.47952798738214,88.57116636136001,87.10521247227985,85.20153033838527,82.99516728705845,80.62117083652352,78.19304812782407,75.7381442544323,73.2622647331766,70.77121699360306,68.27081186010463,65.76686614584185,63.26520714794056,60.77168034657102
53.87717648519134,55.945571923124135,57.954889254282776,59.92479074256903,61.87500745929182,63.825307978372706,65.79548188218804,67.80533082920624,69.87466359238121,72.00347276238455,74.1124711114851,76.10255181018908,77.87460909064902,79.3713206750405,80.70249530087392,82.01972488495915,83.47460165295357,85.15258471944746,86.87460011804147,88.42102812403792,89.6745995039629,90.53590183685256,90.8745993402315,90.58296116325431,89.6745995039629,88.2086455441062,86.30496327429994,84.09859996944232,81.72460305590306,79.29647952357814,76.8415741887838,74.36569206675199,71.87463969085081,69.37422628897467,66.87026584241596,64.36858065394199,61.87500745929182
54.98007815952752,57.04867504605187,59.05811468302032,61.028091980567865,62.97835648043851,64.92868749699942,66.89888102154885,68.90874263115055,70.97808355002202,73.1068978972656,75.21589939459874,77.20598194445057,78.97804029189143,80.47475249361239,81.80592751551518,83.12315738849678,84.57803438858679,86.25601764200012,87.97803317032614,89.52446125618975,90.77803268293164,91.63933504099052,91.97803255297794,91.6863943686289,90.77803268293164,89.31207866689954,87.40839628922006,85.20203278313491,82.82803550210872,80.39991131607144,77.94500482135982,75.46912063508668,72.97806457931716,70.4776446147853,67.97367247506878,65.4719664987224,62.97835648043851
56.083089465521454,58.151846270359215,60.1613829923009,62.13142046392352,64.08172289099849,66.03207811411563,68.00228721193497,70.01215887195147,72.08150626405018,74.21032472049035,76.31932871658412,78.30941273569549,80.08147193000059,81.57818462169666,82.90935995796008,84.22659006023898,85.68146724454346,87.35945064631483,89.08146627760925,90.62789442686352,91.88146589076396,92.74276826879971,93.08146578761965,92.78982759741957,91.88146589076396,90.41551183014545,88.51182936684697,86.30546570104734,83.93146812834651,81.50334342345712,79.04843600811773,76.57255018345265,74.08149120696177,71.5810660336214,69.07708461295951,66.57536213701515,64.08172289099849
56.75747650546798,58.88987928094903,60.99519884243618,63.09049486373492,65.19090880948677,67.30791987119355,69.44812124839271,71.6129712741544,73.79991773688349,75.99502632062612,78.14723948170929,80.19981483591664,82.10069586463169,83.83320784517436,85.48574068599964,87.15753288212622,88.92620016940046,90.81078433240745,92.66390838857859,94.34582825714597,95.88337276509266,97.25109094841014,97.93208362938009,97.40471554495008,95.88337276509266,93.73992633271777,91.21922897634938,88.51157939575157,85.77725955064126,83.12648898962836,80.54447271096132,77.9999663702698,75.47109290216945,72.94010991674699,70.39120335966561,67.81091734869234,65.19090880948677
54.294543796164035,56.36284925220147,58.372111949560235,60.34197957285933,62.29217494378645,64.24246183878661,66.21262697739589,68.2224702676048,70.29179938733846,72.4206062444783,74.52960318714572,76.51968305887206,78.29173986267114,79.78845117127801,81.11962562017213,82.43685507519632,83.89173173950473,85.5697147224946,87.29173006313232,88.83815803344903,90.09172939245914,90.95303171410472,91.29172921363792,91.00009103995403,90.09172939245914,88.62577545769813,86.72209323608297,84.5157300211214,82.14173327175259,79.71361003146596,77.25870521485076,74.7828240149936,72.29177328302714,69.79136281292963,67.28740759011676,64.78573168826806,62.29217494378645
52.48932992682499,54.55700924164829,56.56589171799729,58.53552364061403,60.48557043705172,62.4357625004632,64.40586662684788,66.41567054101965,68.48497429919425,70.61376505667994,72.72275220924766,74.71282632441883,76.48487981019832,77.98158919907704,79.31276241630158,80.62999097293515,82.08486691548792,83.76284931720795,85.4848642544134,87.03129197636426,88.28486318978622,89.14616543316211,89.4848629059253,89.19322475516589,88.28486318978622,86.81890942971583,84.91522754355779,82.70886495436066,80.33486934777852,77.9067481403624,75.45184693077576,72.97597215013812,70.48493286150631,67.9845427992647,65.48062393822065,62.97901267841999,60.48557043705172
51.442169209524224,53.53990877599318,55.59318979224997,57.6210806060417,59.641825404850934,61.67186317732305,63.72497548253877,65.8118683942799,67.9405801816467,70.10321360686649,72.23439454919128,74.25673790734353,76.09600180796622,77.71819297327724,79.22549379200896,80.7438513429033,82.38262143001256,84.18466822114985,85.98663255058784,87.6166683337617,89.04868965746189,90.23884080576325,90.80731887831575,90.3567975118102,89.04868965746189,87.1642356339292,84.90145729537446,82.41918697810362,79.85574677690127,77.31429360448138,74.79596494062191,72.28622505072633,69.77662204564474,67.26126593513104,64.7354277120865,62.195760784050776,59.641825404850934
50.03101587217104,52.10523111753966,54.12259668523467,56.102866397627025,58.06566446463535,60.030295155466206,62.01555456859859,64.03960596256206,66.12001874753653,68.25519661477725,70.36839252120939,72.36459847353572,74.149523080271,75.67068752080618,77.03715312609353,78.39610092458497,79.89047807491183,81.59585906677123,83.335855288793,84.90136266269684,86.19661294103949,87.13821782196445,87.53579537705063,87.20319747650841,86.19661294103949,84.63495643101558,82.6546909909357,80.39280167353448,77.98228551396326,75.53292221774095,73.06632259451646,70.58424870907474,68.08981042983629,65.58666390487721,63.07870725862672,60.57012080745778,58.06566446463535
49.282106239182404,51.34472349764974,53.3505288280934,55.31825198372199,57.267095099838755,59.21651868652454,61.18612831382217,63.195613054848664,65.26471122407727,67.39337146692093,69.50227925219087,71.49230669882033,73.26433328507352,74.7610271104328,76.0921903422974,77.40941161550536,78.86428170663629,80.54225939587552,82.26427106236443,83.8106967707559,85.06426680386073,85.92556841268558,86.26426566841788,85.97262770351271,85.06426680386073,83.59831446004816,81.6946352935181,79.48827777753206,77.11429143575755,74.68618670918804,72.23131474225735,69.75549200253126,67.26454548380872,64.76432086038211,62.26069675298275,59.759609435292916,57.267095099838755
39.08869374083285,41.13115215389911,43.12464579968932,45.08470998791569,47.02871462356137,48.97504561043304,50.94266375814678,52.95086249828833,55.019132064227094,57.1472661799711,59.255853983034314,61.24569326408766,63.0176113879717,64.51424245766395,65.84536542567929,67.16255732972215,68.61740382581806,70.2953625125255,72.01736099016867,73.56377857905315,74.81734385262087,75.6786429026651,76.01733928323581,75.7257020677747,74.81734385262087,73.35139721975702,71.4477290198881,69.2413919610877,66.86744297835729,64.43940470751092,61.98465065262738,59.50903774204551,57.01846524055627,54.51890751132248,52.01647125764043,49.51749441988967,47.02871462356137
40.077499420829916,42.125451623840874,44.12230964365337,46.084470271787545,48.029800697983845,49.97697964903399,51.945144075270306,53.9536956721786,56.0221926329298,58.15047115084323,60.25914678323625,62.24903771453003,64.02098561137447,65.51763390776688,66.84876792847687,68.16596789459797,69.62082086775439,71.29878477085528,73.02078686898409,74.567206686768,75.82077326688562,76.68207301934618,77.02076964015944,76.72913221896678,75.82077326688562,74.35482506629813,72.45115385595395,70.24481118143427,67.87085194329072,65.44279542987412,62.98800900779064,60.512338500075046,58.021663337584414,55.52192257380811,53.01916035450601,50.519604527641704,48.029800697983845
41.06928760243785,43.121621703025085,45.12115826511828,47.08498608796204,49.031370104238064,50.97922261982566,52.94782084726616,54.9566525966232,57.02533007702294,59.153723221242416,61.26246856913109,63.25240049718987,65.02437202557071,66.52103399508916,67.8521767884604,69.169383153528,70.6242412675722,72.3022093109507,74.02421428267186,75.57063586953905,76.82420348666795,77.68550379663753,78.02420060813165,77.73256302364956,76.82420348666795,75.35825404177496,73.45458044200808,71.24823331026829,68.87426593233332,66.44619493957893,63.99138282700814,61.515666602458026,59.024909951687704,56.525023893692236,54.022002893186794,51.52198732609868,49.031370104238064
42.06345589117555,44.11928152549382,46.12094925891485,48.08610238747078,50.033323465041704,51.98171092650519,53.95065360065897,55.95970776378718,58.02852854557955,60.1570126777232,62.26581336218311,64.2557778306193,66.0277681158179,67.52444093788327,68.85559069420333,70.17280213816275,71.62766433255837,73.3056356620921,75.02764291459192,76.57406590558435,77.8276343457909,78.6889350982562,79.02763206109398,78.73599434700884,77.8276343457909,76.36168391329048,74.45800841703317,72.25165774758236,69.87768390904992,67.44960142391142,64.99476892039442,62.51901640913442,60.02819507717446,57.52819368672721,55.024967252298865,52.52458666544415,50.033323465041704
43.05952145508307,45.1181269474742,47.12148948643484,49.0876958065149,51.03558178131526,52.98439404230204,54.953610191271736,56.9628409200113,59.031775454593785,61.16033180954892,63.26917641678236,65.25916671330398,67.0311718860853,68.52785332193602,69.85900860480444,71.17622407991107,72.6310895129002,74.30906345066634,76.03107251342577,77.57749661887496,78.83106571235945,79.69236681603417,80.0310638989936,79.73942608204237,78.83106571235945,77.3651144959935,75.46143749448805,73.25508401714586,70.88110505080819,68.45301344407892,65.99816475600967,63.52238344319136,61.03151077128062,58.53141783362227,56.02802832151451,53.52735794031048,51.03558178131526
44.05709807253697,46.11791539702142,48.122625184510504,50.08966824086811,52.038082273663264,53.987231832340086,55.956665093421066,57.9660359848651,60.03506081416958,62.16367449596672,64.27255396605653,66.26256476282873,68.0345817520728,69.53127002476077,70.86242969408646,72.17964836873442,73.63451637220732,75.31249238013473,77.03450287970088,78.58092786969615,79.83449748168817,80.69579886411816,81.03449604241828,80.74285814382213,79.83449748168817,78.36854564316715,76.46486744694374,74.2585117409715,71.88452870467594,69.45642985808522,67.00156832417241,64.52576415105226,62.034850729047974,59.53468512541616,57.03116616292611,54.53026572265921,52.038082273663264
45.055877295768724,47.118453602127204,49.124234014889836,51.09194170502582,53.04077506498325,54.99019242152842,56.959798039270055,58.96928019209466,61.038376694083695,63.1670358784674,65.27594302006125,67.26597008819901,69.0379964562895,70.53469015542368,71.86585330630359,73.18307452044036,74.63794456411405,76.31592221513327,78.03793385509539,79.58435954715608,80.83792957068809,81.69923117436645,82.03792842833855,81.74629046494076,80.83792957068809,79.37197723836191,77.46829809388913,75.26194061904877,72.8879543524153,70.45984975951123,68.00497802974739,65.52915571208501,63.038209945735076,60.5379866639924,58.03436494687314,55.53328187764447,53.04077506498325
46.155613102917634,48.219587693091285,50.22621869048918,52.19445422605648,54.14362053685372,56.09325049797164,58.062992937128286,60.07256340709624,62.14171679933406,64.27041210055708,66.3793412055653,68.36938118848715,70.14141500064467,71.63811300678034,72.96927892098469,74.28650215072207,75.74137381370835,77.41935276885269,79.14136531394882,80.68779156323964,81.94136191341138,82.80266369269476,83.14136100672778,82.84972299189684,81.94136191341138,80.47540918915152,78.57172929205203,76.36537041325806,73.9913815826973,71.56327242892144,69.10839260664338,66.63255588745389,64.14158444876554,61.6413153859295,59.137612106237185,56.63638406479572,54.14362053685372
47.156109462302155,49.22119524669361,51.228501876370615,53.19715656820375,55.14658722460672,57.096385963651485,59.066237011800325,61.07587758475589,63.14507613308302,65.27380010115021,67.38274663886398,69.37279687237822,71.14483659294075,72.64153801756359,73.97270612502824,75.28993095455331,76.74480390279143,78.42278389302203,80.14479715652415,81.69122384808915,82.94479445751512,83.80609637617633,84.14479373787972,83.8531556822263,82.94479445751512,81.47884142217713,79.575160927717,77.368800934603,74.99481006904776,72.56669729529304,70.1118110499432,67.6359629001316,65.14497108490781,62.64466568436765,60.140897664531025,57.63955454627535,55.14658722460672
48.15721030025992,50.22317890815007,52.23102211722059,54.2000096228749,56.14965014242301,58.09958286174792,60.06952012158271,62.07921633885998,64.14845072902838,66.27719745054547,68.38615782481595,70.3762161943072,72.14826060440234,73.64496474229148,74.97613459055319,76.29336068983338,77.74823465817819,79.42621546995822,81.14822930366,82.6946563462584,83.94822716145467,84.80952919074016,85.14822659027962,84.85658850222532,83.94822716145467,82.48227387921372,80.57859291062786,78.37223203307667,75.9982395523427,73.57012390540095,71.11523256203112,68.63937533965158,66.1483673513171,63.64803310874956,61.144213702177396,58.6427792396487,56.14965014242301
49.15879143567185,51.22546128862378,53.2337305889136,55.20298233055286,57.15278945129501,59.10282852416576,61.072834215724654,63.08257460016186,65.15183743891906,67.28060222021442,69.38957357669904,71.37963840376771,73.15168653596527,74.64839282738237,75.97956405731887,77.29679116440613,78.75166594241117,80.42964740625601,82.15166169252582,83.69808901373975,84.95165999225603,85.81296210934414,86.15165953891406,85.86002142514317,84.95165999225603,83.48570651404805,81.58202516914818,79.37566358961818,77.0016698269144,74.57355189951764,72.11865650983117,69.64279208650109,67.15177126140658,64.65141412642006,62.14755393262601,59.64604696522012,57.15278945129501
50.160754113062175,52.22798088991735,54.23658851007133,56.206050027301785,58.1559894001079,60.10611289424091,62.07617290353744,64.08594834487921,66.15523376386363,68.284012879437,70.39299295259374,72.38306290507538,74.15511399151887,75.65182199219669,76.98299431877126,78.30022222575661,79.75509764639008,81.43307962777942,83.15509427325293,84.7015218156042,85.95509292374773,86.81639511052481,87.15509256392994,86.8634544297478,85.95509292374773,84.48913929000051,82.58545764641991,80.37909550972867,78.00510072952375,75.57698099212553,73.1220823908657,70.64621225210674,68.15518123837231,65.6548059333542,63.15091336574871,60.64934884810938,58.1559894001079
51.263019828423126,53.33068885380257,55.33956508120421,57.309193129791694,59.25923748411594,61.20942798873968,63.17953111222181,65.18933437913324,67.2586377204133,69.38742821325081,71.49641520488713,73.4864892254308,75.25854265666797,76.75525201398972,78.08642521096783,79.4036537528334,80.85852968352178,82.53651207568674,84.2585270062605,85.80495472412862,87.05852593515738,87.91982817724664,88.25852564956978,87.96688749918721,87.05852593515738,85.5925721779586,83.68889029731488,81.48252771840424,79.1085321306075,76.6804109566082,74.22550980631473,71.7496351311976,69.25859603067336,66.75820630389849,64.25428804056948,61.752677843342795,59.25923748411594
52.26552619627269,54.333546371792266,56.342635844960355,58.31239608996444,60.2625237763565,62.212767470575145,64.18290481517533,66.19273016781428,68.26204773425495,70.39084725732127,72.49983974019142,74.48991698957016,76.26197228187576,77.75868271596829,79.08985660378691,80.40708564955773,81.86196198507719,83.53994470327513,85.26195986013313,86.80838771730916,88.06195900999798,88.92326129598855,89.26195878332695,88.97032062008607,88.06195900999798,86.59600515481563,84.69232308601474,82.48596015611419,80.11196392733099,77.68384161309942,75.22893843963277,72.75306016399358,70.26201464494163,67.76161347148916,65.25767481306512,62.75602835870572,60.2625237763565
53.368223652772826,55.43652262285437,57.445781382101586,59.41564656431926,61.365840396572224,63.31612630950025,65.28629081628056,67.29613369872472,69.3654625558247,71.49426924624406,73.60326608753007,75.59334589964449,77.3654026690839,78.86211395781109,80.19328839395071,81.51051783967165,82.96539449650597,84.64337747347649,86.36539280993652,87.91182077768127,89.16539213518374,90.02669445601883,90.36539195527483,90.07375378182832,89.16539213518374,87.69943820223173,85.79575598409036,83.58939277560891,81.21539603807418,78.78727281883884,76.33236803957614,73.85648690619307,71.36543629272809,68.86502603396492,66.36107118770023,63.85939595526682,61.365840396572224
54.471072828528406,56.539593132522214,58.54898627488903,60.51893475392356,62.4691810894288,64.41950051269163,66.38968657865087,68.39954337473218,70.46888119332377,72.59769357250997,74.7066938730861,76.69677571924993,78.46883366109302,79.96554562814487,81.29672049948749,82.61395026264923,84.06882717451137,85.74681035686994,87.46882583588018,89.01525389138342,90.26882530032852,91.1301276488197,91.46882515753472,91.17718697598798,90.26882530032852,88.80287130565071,86.89918896897773,84.69282553938635,82.3188283980551,79.89070446051736,77.43579840673192,74.9599150051512,72.46886034823271,69.96844287840537,67.46447518368991,64.96277710959976,62.4691810894288
55.57404245676861,57.64273846796323,59.6522382833065,61.622252880168716,63.572540889579,65.52288691084567,67.49309008867814,69.50295792816019,71.57230285954864,73.70111975393417,75.8101228001589,77.80020626075185,79.57226513313344,81.06897763857239,82.40015285533607,83.71738287045085,85.1722599847288,86.85024333010398,88.57225892225641,90.11868704741363,91.37225849718877,92.2335608676306,92.57225838385325,92.28062019587736,91.37225849718877,89.90630445351914,88.00262202276754,85.79625841768109,83.42226095585625,80.99413644820115,78.5392293828254,76.063344180972,73.57228631475269,71.07186312146952,68.56788522883551,66.06616902500528,63.572540889579
56.67710770889957,58.745943200642046,60.75552769058868,62.72559476841889,64.67591585571854,66.62628298835992,68.5964997481104,70.6063763528333,72.67572692968784,74.80454740780343,76.91355263325602,78.90363737522412,80.67569698617534,82.17240991893269,83.50358540985735,84.82081562494744,86.27569289988298,87.95367637464454,89.67569205659802,91.22212023703963,92.4756917192216,93.33699410708569,93.67569162926713,93.38405343618844,92.4756917192216,91.00973763666717,89.10605513124528,86.89969138686828,84.52569367066742,82.0975687105097,79.64266084223357,77.16677421150088,74.6757137980518,72.17528606203955,69.67130007525144,67.16956948164481,64.67591585571854
57.847752697606424,59.96957343648866,62.05911652957364,64.1341726522766,66.21094662850521,68.30249720810133,70.41756403847006,72.56021799561721,74.73076915027868,76.91680318312642,79.0631653547169,81.10736619647409,82.99130892189224,84.69392731307069,86.30794480958991,87.94006601182704,89.67595401680967,91.54008876098769,93.38068374688379,95.0500106278159,96.5622928560438,97.88854549182452,98.54393071539721,98.0339968298355,96.5622928560438,94.48168937990599,92.02643803863555,89.37838379204081,86.69078004935493,84.07060055780035,81.50666310250782,78.97210610282956,76.44877190794203,73.92229372054106,71.38005823563502,68.81158007739032,66.21094662850521
55.54163235306754,57.61020412027031,59.619628507001906,61.5895963521276,63.53985489413982,65.49018210814184,67.46037318630486,69.4702332170935,71.5395731190877,73.66838682081794,75.77738792562066,77.76747024466631,79.53952845907313,81.03624058382378,82.3674155563436,83.68464539330483,85.13952236445655,86.81750559456425,88.53952110671494,90.08594918262054,91.33952060352514,92.20082295844588,92.53952046935996,92.24788228593006,91.33952060352514,89.87356659449716,87.96988423026762,85.76352074927203,83.38952351406508,80.96139940953441,78.50649305944437,76.03060913054645,73.53955353359322,71.03913438731246,68.53516370553572,66.03346032109529,63.53985489413982
53.73600600683102,55.80410783607533,57.81324689178565,59.78303787274868,61.733184933438125,63.683440993737335,65.65358629432694,67.66341678158511,69.7327376551574,71.86153927760643,73.97053303709731,75.96061103712572,77.732666762098,79.22937744652128,80.56055149494844,81.87778065786856,83.33265708750426,85.0106398814992,86.7326550909644,88.27908298052708,89.53265429220045,90.39395658839732,90.73265407922649,90.44101591299629,89.53265429220045,88.0667004142386,86.16301830169442,83.95665529019482,81.58265891239336,79.15453633307737,76.69963268925758,74.22375357655795,71.7327065653048,69.23230273068296,66.72835933070428,64.2267044470359,61.733184933438125
52.62005827079909,54.71254965210025,56.75786058354717,58.775262541977,60.783364729435874,62.799290015974776,64.83793749287524,66.91159182352365,69.03023104803525,71.18717815887169,73.31464965338697,75.33162382395057,77.15980718712518,78.76168923870307,80.24130269545043,81.72918224920267,83.34111812807875,85.12560300268223,86.91647652550218,88.53510071084474,89.94339216765417,91.09197642373363,91.63300515988668,91.20132704560753,89.94339216765417,88.11594775701913,85.9059904923968,83.46689780183807,80.9344669743275,78.41211060964906,75.90465047201033,73.40076541505674,70.89438414520242,68.38162839627307,65.85960893344556,63.32660897782685,60.783364729435874
51.266984815781186,53.340249713005974,55.35615397794493,57.33446661732988,59.294852922519766,61.25672076184776,63.23906779386286,65.2603792341593,67.33865782511089,69.47261141404914,71.58500095052717,73.58002877831797,75.3624802303583,76.87895970195046,78.23870089267656,79.58975633762358,81.07671716228269,82.77698623438496,84.51364182568577,86.07561671733944,87.36319404605209,88.29018399302653,88.6771852485615,88.35193225666279,87.36319404605209,85.81924584306357,83.85338134392657,81.6020627223701,79.19855847893871,76.75329488471198,74.28895865551631,71.80808379298574,69.31429936793472,66.81167755322471,64.30448660146465,61.797223228335355,59.294852922519766
50.52544838334411,52.58974832699613,54.59657717575956,56.564935467497776,58.5141792001606,60.46385859490799,62.433632845439604,64.44322384874302,66.51239046743326,68.64109416537386,70.75002837656164,72.7400713619712,74.51210690475419,76.00880591219656,77.33997246882758,78.657196167158,80.11206820660689,81.790047464938,83.5120602204622,85.05848659929944,86.31205702540926,87.17335884551775,87.5120561735139,87.22041814672566,86.31205702540926,84.84610421003157,82.94242413795935,80.73606493277026,78.36207550614009,75.93396529203814,73.47908358838309,71.00324352106378,68.51226611392431,66.01198640753158,63.508264165173856,61.007002417734284,58.5141792001606
39.59121657667228,41.63662390920378,43.63192431406731,45.59311467443857,47.537831632263796,49.48461826700354,51.45252997561961,53.460918344141334,55.529310117861144,57.6575218405564,59.766156846863424,61.75602388717451,63.52795801251098,65.02459834070186,66.3557272490024,67.67292348602419,69.127773463231,70.80573495350271,72.52773537698623,74.07415416379946,75.32772013957651,76.18901956713664,76.5277160768265,76.23607875079429,75.32772013957651,73.86177266413469,71.95810284627683,69.75176276929272,67.37780827476702,64.9497601994244,62.4949887487884,60.01934488277385,57.528717206862,55.02906110851612,52.52644967435171,50.027161691198955,47.537831632263796
40.58162296933136,42.631927866489534,44.63022456959756,46.593280879190466,48.53917741676241,50.48671831847609,52.45511586846797,54.46381802437364,56.53241200203193,58.660752124676875,60.76946522531519,62.759378190245684,64.53133878786005,66.02799443288903,67.35913316848108,68.67633657372988,70.1311923098693,71.80915843817387,73.53116208072342,75.07758284930662,76.33114998676928,77.19245003886485,77.53114676216015,77.23950925320706,76.33114998676928,74.86520111742581,72.96152862287906,70.75518355281362,68.38121993991868,65.95315564455493,63.498355415100534,61.02266033693277,58.53194137897077,56.0321225284808,53.52922123317822,51.02941833896858,48.53917741676241
41.574688923043944,43.62889805736543,45.62957945036434,47.59411933720457,49.54095314394431,51.48909313087843,53.45787646713583,55.46682774729803,57.53558224300289,59.664024288004484,61.77279937635291,63.76274879321328,65.53473040245937,67.0313982046962,68.36254474031877,69.67975383504908,71.13461414208913,72.81258395162126,74.5345901491539,76.08101249067262,77.33458055016727,78.19588109795761,78.53457799079192,78.24294033665423,77.33458055016727,75.86863057448149,73.96495595543985,71.75860692234673,69.38463607214624,66.9565589027849,64.50173583107417,62.02600010424459,59.535208690778546,57.03526064832491,54.53212924096792,52.03191750638079,49.54095314394431
42.56987600550304,44.62719473270419,46.62977298221837,48.59549200945915,50.543070380926196,52.49168612892663,54.460775773444055,56.46992482843271,58.538806745463646,60.66732969338085,62.77615398405243,64.7661323337959,66.53813062034479,68.03480807190584,69.36596079848232,70.68317440899236,72.13803834397925,73.81601107531532,75.53801930074482,77.08444289070559,78.3380116820185,79.19931262324246,79.53800965064005,79.24637188126917,78.3380116820185,76.872060828227,74.96838452296929,72.76203234440865,70.3880557499227,67.95996836236307,65.50512716043083,63.02935916976121,60.53851024524087,58.0384596532909,55.53514557492461,53.03460924569299,50.543070380926196
43.56675311830358,45.626546765835485,47.63063315894081,49.597289095759606,51.54545884094195,53.49445236896135,55.46378519951929,57.47309125670574,59.54207431949459,61.67066148456385,63.77952482881156,65.76952614320895,67.54153766676836,69.03822277709261,70.36938041747375,71.68659761218277,73.14146442668596,74.81943947706667,76.54144931204243,78.08787389289378,79.34144326505185,80.2027445185445,80.5414416527451,80.24980379191354,79.34144326505185,77.8754917143066,75.97181407069613,73.76545939556975,71.39147824182118,68.96338274400934,66.50852715191506,64.0327335528039,61.541838979787485,59.0417069880948,56.53824790415007,54.037453882328705,51.54545884094195
44.56497571851661,46.626738033706616,48.6320230877569,50.59942329702203,52.548062675814606,54.49735615406452,56.46688204500339,58.47631273269491,60.54537608209786,62.67401421916779,64.78290856130924,66.77292810314837,68.54495013307275,70.04164132221767,71.37280286271421,72.69002290221779,74.14489200220282,75.82286889321509,77.54488000569074,79.09130537301337,80.34487520618893,81.20617670752958,81.54487392649986,81.25323599307583,80.34487520618893,78.87892310227068,76.97524439640756,74.76888773975149,72.394902967301,69.96680103233815,67.51193401864145,65.03612009370951,62.54518928823424,60.044992685646065,57.541418498409485,55.040419906994345,52.548062675814606
45.564268832357435,47.627596411097045,49.633833882214404,51.601825228870624,53.55083752000925,55.5003691357425,57.47004828621442,59.47957790440509,61.548704981855025,63.677383577201084,65.78630252304848,67.77633653225953,69.54836690118121,71.04506291512482,72.37622755116138,73.69344984858876,75.14832076256704,76.82629911449247,78.54831124092183,80.0947372324677,81.34830743155331,82.20960912961117,82.54830641586321,82.2566684248225,81.34830743155331,79.88235488858106,77.97867533960657,75.77231711020681,73.39832946558263,70.97022242142474,68.51534634231851,66.03951628452796,63.548556720560256,61.04830883382786,58.54464328130592,56.043482298416365,53.55083752000925
46.66441325646308,48.72898491026292,50.735978970973726,52.704439760930086,54.65374813610845,56.60346880380246,58.57326961371605,60.58287776015362,62.652055421435136,64.78076612965286,66.88970460389125,68.87975009601539,70.65178708366025,72.14848692707147,73.4796540200501,74.79687810959831,76.25175046334726,77.92972997480206,79.65174290600785,81.1981693930004,82.45173988250919,83.31304173670165,83.65173907635528,83.36010103958414,82.45173988250919,80.98578699105934,79.0821067729064,76.87574729521751,74.5017573709425,72.07364627159808,69.61876299722263,67.14292013462001,64.65193774453616,62.15164915201275,59.647911077938005,57.146621189424934,54.65374813610845
47.66523440373925,49.73079456904777,51.73838954885328,53.70722309837819,55.656766540729876,57.60663728560348,59.57653466756123,61.586205146356335,63.65542295784533,65.78415915476964,67.8931131289647,69.88316773517897,71.65520997614357,73.15191285901935,74.4830819020807,75.80030741403966,77.2551809105374,78.93316134231242,80.65517491227025,82.20160179249932,83.45517251251721,84.31647449063384,84.65517187267233,84.36353379960495,83.45517251251721,81.9892193444804,80.08553859519984,77.87917812674215,75.50518639310391,73.07707207514594,70.6221830898507,68.14633006396517,65.65532955647502,63.155008654774434,60.65121301723198,58.149820806539125,55.656766540729876
48.66659332166657,50.732938755818545,52.74101094618392,54.71014045739895,56.65987051372538,58.60986039165792,60.579834429753774,62.58955438457531,64.65880406443515,66.78756049220245,68.89652676888666,70.88658860901947,72.65863501956923,74.15534031487849,75.48651090572562,76.80373754665496,78.25861195015429,79.93659311238869,81.65860718932467,83.20503438166591,84.45860528463908,85.31990736111439,85.65860477679381,85.36696667491805,84.45860528463908,82.99265189707498,81.0889707262379,78.88260947140589,76.50861630167306,74.08049942909358,71.62560591101888,69.14974481846939,66.6587299309916,64.15838338486941,61.654542057236284,59.15306862725231,56.65987051372538
49.66837948182241,51.735348617408135,53.74379973443678,55.71316421502888,57.6630424128239,59.61312685726449,61.583161741696955,63.59292096743167,65.66219594194612,67.79096842722333,69.8999444685038,71.8900120502397,73.66206177020553,75.1587689802701,76.4899407995982,77.80716833659329,79.2620434599811,80.94002520198194,82.66203968130696,84.20846712137191,85.4620381695568,86.32334032409946,86.66203776647973,86.37039964173873,85.4620381695568,83.99608460775372,82.0924031023269,79.88604122334874,77.51204691378561,75.08392801359778,72.6290308978414,70.15316340273806,67.66213710173511,65.16177020123726,62.65789260813541,60.15635471049964,57.6630424128239
50.67050500511519,52.737969445978734,54.74672142092089,56.71627243743353,58.66626823148391,60.61642774005034,62.586510920973524,64.59630131716457,66.66559636850823,68.79438159881538,70.90336539032666,72.89343752919993,74.66548987585995,76.16219860567034,77.49337140004607,78.8105996482499,80.26547534301406,81.94345754517613,83.6654723438777,85.21189998056113,86.46547114400065,87.32677336050544,87.66547082407813,87.37383268118901,86.46547114400065,84.99951744390398,83.09583567291301,80.88947329854948,78.51547808430166,76.08735757479755,73.63245760355163,71.15658502671369,68.66554966671337,66.16516661069446,63.66126023290259,61.15967116482723,58.66626823148391
51.77290004554529,53.840757782655004,55.849748613989746,57.81944770974617,59.769536850272715,61.71975594145789,63.689877457045654,65.6996925939448,67.76900358056089,69.8977989267158,72.00678886963073,73.99686462552143,75.76891905699561,77.2656289930313,78.59680256130387,79.91403137399499,81.3689075222612,83.04689008965366,84.76890514184463,86.31533293458426,87.5689041895015,88.43020645518567,88.7689039355788,88.4772657782855,87.5689041895015,86.1029503796411,84.19926839787168,81.99290563032035,79.61890969802329,77.19078791120242,74.73588567354811,72.26000906331954,69.76896651314004,67.26857063432287,64.76464140962332,62.26301172601197,59.769536850272715
52.775509105543776,54.843679110627065,56.85285956356343,58.822676206015245,60.772839442157434,62.72310582673356,64.69325776964486,66.70309254369836,68.77241617832655,70.90121955350496,73.01021437881818,75.00029300554708,76.77234909174294,78.26905998516165,79.60023416767719,80.91746342840253,82.37233993661374,84.05032279388988,85.77233804727558,87.31876596387715,88.57233729140029,89.43363959611814,89.77233708986171,89.48069892113577,88.57233729140029,87.10638339442036,85.20270124535593,82.99633816573112,80.62234166351773,78.1942188628889,75.73931482638199,73.2634350148395,70.77238675778065,68.27198070140557,65.76803334279843,63.26637142165015,60.772839442157434
53.87828809834021,55.946706019084544,57.95603700072101,59.92594695020473,61.87616900015138,63.82647292317691,65.79664901695138,67.80649937730263,69.8758330507768,72.00464279863935,74.11364149913112,76.10372240445179,77.87577980400332,79.37249145729834,80.70366612733923,82.02089574366978,83.47577253756967,85.15375562492667,86.8757710380008,88.42219905291167,89.67577043806213,90.53707277376107,90.87577027810084,90.58413210030085,89.67577043806213,88.2098164719354,86.30613419008881,84.09977086277108,81.72577390821456,79.2976503029252,76.84274483866614,74.36686248623306,71.87580969960196,69.3753955652332,66.87143381354193,64.36974630483594,61.87616900015138
54.98120200807966,57.04981674272415,59.059267215411026,61.02925122913513,62.97951996219683,64.92985368055531,66.90004894331126,68.90991167469038,70.97925331607256,73.10806812196554,75.21706989819889,77.20715261204279,78.97921105400684,80.47592331041662,81.80709836740692,83.12432826598166,84.57920528663288,86.25718855660526,87.97920409642416,89.52563218936318,90.77920362025252,91.64050598054115,91.97920349329117,91.68756530828904,90.77920362025252,89.31324959924389,87.40956721200803,85.20320368809624,82.82920637451463,80.4010821305654,77.94617553309743,75.47029116395439,72.97923478218735,70.47881423627263,67.97484106066187,65.47313324271502,62.97951996219683
56.084223027427754,58.15299400053382,60.162539323627016,62.13258212620991,64.08288791330217,66.03324528089098,68.00345575834768,70.01332830872843,72.0826762742879,74.21149509475978,76.32049931221732,78.3105834614895,80.08264273081777,81.5793554659204,82.91053083003283,84.227760952625,85.68263815324892,87.36062156816325,89.08263720857957,90.62906536344956,91.88263683064186,92.74393921044734,93.08263672987255,92.79099853915415,91.88263683064186,90.41668276607346,88.51300029519007,86.30663661524144,83.93263901670133,81.5045142658472,79.04960676894999,76.57372079914076,74.08266156390485,71.58223592911864,69.07825368626075,66.57652974861756,64.08288791330217
57.18732907608775,59.25622407286025,61.265844685258315,63.23593415112978,65.18626934904468,67.13664548745513,69.10686804099794,71.11674838479499,73.18610136988531,75.31492337674155,77.42392953180415,79.41401482037796,81.18607474638621,82.68278786142784,84.01396346930338,85.33119376969834,86.78607111316671,88.46405464312157,90.18607036338211,91.73249856740675,92.98607006341274,93.84737245870875,94.18606998343209,93.89443178817665,92.98607006341274,91.52011596427093,89.61643342699642,87.41006962320128,85.03607179848943,82.60794664530442,80.15303843452926,77.67715119426894,75.18608969422851,72.68566002038719,70.18167058080243,67.67993384879586,65.18626934904468
58.832542115184225,60.94608104345183,63.02320994040248,65.08222101666193,67.14008369148759,69.21105781582736,71.30559601519738,73.429940603755,75.58685712116531,77.76530391652295,79.90675860453831,81.94391417060797,83.8135303118099,85.49061076721412,87.0712388767777,88.66838366092814,90.37491269410734,92.2205173226857,94.0496765975387,95.70744557968199,97.19634684354014,98.48364741903849,99.11461343513672,98.6213352885599,97.19634684354014,95.1734270299216,92.77658212585783,90.18029203890453,87.53235227533217,84.93772319814067,82.38873139874583,79.8623511644383,77.34355460742158,74.82075888952392,72.28396397630284,69.72507859272426,67.14008369148759
56.64510265122581,58.71385404848411,60.72338748762665,62.6934229245786,64.64372406923208,66.59407847386565,68.56428704511654,70.5741583653061,72.64350553853095,74.77232385603047,76.88132776763592,78.87141173706853,80.6434709027394,82.14018357786838,83.47135890350262,84.78858899802847,86.24346617610429,87.92144957285939,89.64346520067224,91.18989334778314,92.44346481042717,93.30476718778746,93.64346470637636,93.35182651637413,92.44346481042717,90.9775107513162,89.0738282909127,86.86746463051335,84.49346706767464,82.06534238032872,79.61043499611765,77.13454922685001,74.64349034911487,72.14306535189542,69.63908424504257,67.13736232698731,64.64372406923208
54.83919804799345,56.90758490499738,58.9168970262003,60.8867952851037,62.83700996629197,64.78730918618561,66.75748225415612,68.76733066174516,70.83666307748459,72.96547202693533,75.07447024191974,77.0645508617639,78.83660809676994,80.33331965486283,81.66449426382351,82.9817238356016,84.43660059370862,86.11458365223966,87.83659904530701,89.38302704790107,90.63659842583165,91.49790075764909,91.8365982606613,91.54496008399815,90.63659842583165,89.17064446836804,87.26696220315723,85.060598906872,82.6866020089879,80.25847850451146,77.80357321913016,75.32769118503606,72.83663896589897,70.33622584359465,67.83226589516815,65.33058159226067,62.83700996629197
53.67205902384076,55.76059127381295,57.79987363933694,59.80931213901111,61.807770544556035,63.81287214326352,65.84036093546223,67.90374461951399,70.01453206657403,72.16703223283747,74.29159717887978,76.30435645316152,78.12381193567066,79.70959309405806,81.16703714609612,82.6302159182277,84.22014209764926,85.99008764338353,87.77172361183264,89.38079776503139,90.76908191020273,91.88212895502267,92.39934075517104,91.98404256784767,90.76908191020273,88.98936758121975,86.82262313429982,84.41815403592511,81.91021052322017,79.40277979220424,76.90376224828552,74.40440965976194,71.90051785013313,69.38976903553231,66.87069300017374,64.34282085273314,61.807770544556035
52.32941384858212,54.396304821938855,56.40470845669353,58.374043495729495,60.32390313218197,62.27397572822885,64.24400298924277,66.25375729478662,68.32302910019425,70.4517995736728,72.5607743915786,74.55084125396878,76.3228905593096,77.8195975294814,79.1507691948976,80.46799661962791,81.92287165282355,83.60085332218762,85.32286775109883,86.8692951601274,88.12286619011925,88.98416833488115,89.32286577391613,89.03122765203986,88.12286619011925,86.65691265014593,84.7532311866386,82.54686938585738,80.17287521909938,77.74475657294317,75.28985990792742,72.81399321497787,70.32296834393853,67.82260399358262,65.31873094410435,62.817201123565695,60.32390313218197
51.67834666360905,53.75275944159611,55.77042864346777,57.751104809536,59.71440345787941,61.67960718927999,63.665470180467864,65.69008897176094,67.77094341240014,69.90637451677347,72.0197371705936,74.01618667742315,75.80162230187517,77.32375381616026,78.6916052811422,80.05217634692157,81.54807561968457,83.25450395689892,84.99518381529656,86.56141339793093,87.85822996001397,88.8028089964672,89.20253134245529,88.86844461848875,87.85822996001397,86.29295360631485,84.30973125801901,82.04566395107483,79.63369952224309,77.18348814907536,74.71641989906007,72.23409764118261,69.73952388398074,67.23626862174892,64.72815326987927,62.21929250448271,59.71440345787941
39.99019974209469,42.03771591623122,44.03430716438787,45.996301655496794,47.94152705459281,49.888638846695265,51.856760013948005,53.86528367131716,55.93376262783535,58.06202971299969,60.17069839185473,62.160585234006575,63.93253077375044,65.42917770632609,66.76031085201039,68.07751017986985,69.53236264024869,71.21032613037733,72.93232794187921,74.47874758320555,75.73231405988622,76.59361375673788,76.93231035853162,76.64067295362634,75.73231405988622,74.2663659834123,72.36269501140154,70.15635278146777,67.78239435522735,65.35433928604749,62.89955542644009,60.42388947867056,57.9332224439556,55.4334961716487,52.93075976154985,50.4312497821016,47.94152705459281
40.98175114672748,43.033737645518464,45.0330618864612,46.996757615939295,48.94305817938093,50.89085735299075,52.85942123019966,54.868230797568586,56.93689398543167,59.06527805446497,61.17401788295098,63.1639465653182,64.93591622281596,66.43257710985215,67.76371920870572,69.0809250671797,70.53578277422915,72.21375048982969,73.93575523405414,75.4821766808665,76.73574421589734,77.59704448173005,77.93574127812835,77.64410370657356,76.73574421589734,75.2697948695135,73.36612145891249,71.15977468004223,68.78580794651978,66.35773810007103,63.902928021383005,61.42721541620317,58.93646521689075,56.43659066217012,53.93359015084067,51.433610986767135,48.94305817938093
41.97573058918523,44.03127936499159,46.03277820949681,47.99782635003881,49.94498113252101,51.893326232539,53.862241633091685,55.8712781863554,57.940087622536126,60.06856455106512,62.17736085453542,64.1673227467779,65.93931154702344,67.43598350990936,68.76713271498448,70.08434375685711,71.53920562821895,73.2171766975941,74.93918376952918,76.48560664935982,77.739175024405,78.6004757418388,78.93917269269502,78.64753498887029,77.739175024405,76.27322467009144,74.36954932397552,72.16319893459834,69.78922560753935,67.36114403223316,64.90631314303779,62.43056350456126,59.93974729340283,57.439755033985364,54.93654486459806,52.436193179593886,49.94498113252101
42.97164568467767,45.030030822360104,47.033259080625626,48.99938197986835,50.94721529930567,52.89599392292973,54.86518841864856,56.874405167903205,58.94333069644844,61.07188133349101,63.18072246338147,65.17071071512225,66.94271470927522,68.43939546318677,69.7705503085281,71.08776546449624,72.54263064109212,74.22060437236962,75.94261329181438,77.48903730903429,78.74260635080009,79.60390742667028,79.94260450011993,79.65096669131239,78.74260635080009,77.27665519649119,75.37297831415319,73.16662505910622,70.7926464987271,68.36455561413783,65.90970820737402,63.433929174740484,60.94306056738654,58.4429748775823,55.93959827679234,53.438950840522295,50.94721529930567
43.96910250732974,46.029744549182,48.0343476105827,50.00132439786316,51.94969661479089,53.89881946598146,55.868235536971625,57.87759533129929,59.946613011865026,62.07522215510005,64.18409886512694,66.17410803892113,67.94612409267447,69.44281182410191,70.7739711461598,72.09118956750612,73.54605736747882,75.22403321151569,76.94604359733273,78.49246851730028,79.74603808824311,80.60733944860462,80.94603661935682,80.65439872722433,79.74603808824311,78.28008629897684,76.37640819733684,74.17005266780077,71.79606995371587,69.3679716802916,66.91311116336266,64.43730880006102,61.94639860420713,59.44623875354809,56.942730039878,54.44184781449579,51.94969661479089
44.96778641660956,47.030223356526605,49.035918967685745,51.003574023492746,52.95237417949876,54.90177033231444,56.871362303817975,58.880835647852535,60.94992647547922,63.07858205744509,65.18748700831632,67.17751278827393,68.94953841385691,70.44623168338913,71.77739455864092,73.09461557173124,74.54948545388629,76.2274629748252,77.9494745245045,79.4959001609841,80.74947015193533,81.6107717380979,81.94946898607922,81.65783102781162,80.74947015193533,79.28351785870268,77.37983878930088,75.17348145449823,72.79949544360429,70.37139130562494,67.91652038304866,65.44069950186207,62.94975629617839,60.44953758079191,57.94592399885968,55.44485538898647,52.95237417949876
45.96744642591301,48.03131024645718,50.03787387807117,52.006067614711064,53.955207562264036,55.90482069019984,57.87455229678383,59.88411577457856,61.95326466281708,64.08195710469919,66.1908844708924,68.18092343137138,69.95295665419519,71.44965431935356,72.7808200147908,74.09804308495703,75.5529146197456,77.23089347164495,78.95290594508346,80.49933215025953,81.75290247457185,82.61420423995293,82.95290154923106,82.66126353847199,81.75290247457185,80.28694978134058,78.383269943825,76.1769111761792,73.80292254859947,71.374813755899,68.91993457429052,66.44409899524638,63.95312958900368,61.452864150624734,58.94916732827137,56.44795076460906,53.955207562264036
47.067882531589476,49.132880300608434,51.140133425000315,53.10875492648208,55.05816465253393,57.00795002869698,58.977792478052905,60.98742750091874,63.05662247425866,65.18534417280247,67.29428933039436,69.28433875238653,71.05637800519142,72.55307915917913,73.88424709300763,75.20147179588068,76.656344642368,78.33432455065292,80.05633775728032,81.60276441383138,82.8563350027327,83.71763691035967,84.0563342682891,83.7646962158675,82.8563350027327,81.39038199202216,79.48670154485383,77.28034163995827,74.90635093550947,72.47823844834137,70.02335271149408,67.54750546662511,65.05651526458188,62.55621274086204,60.052449846493886,57.551115839027744,55.05816465253393
48.06893548749039,50.13483417604432,52.14263489459424,54.111596047896256,56.06121995133947,58.01114206304078,59.981072497395274,61.99076430931258,64.05999586191055,66.18874078206608,68.29770006091829,70.28775778629864,72.05980182513228,73.55650574821738,74.88767545866361,76.20490145741982,77.65977534500486,79.3377560917445,81.05976988030474,82.60619689511256,83.85976769401839,84.72106971454602,85.05976711109005,84.76812902560087,83.85976769401839,82.39381443132424,80.49013350027397,78.28377269274183,75.90978033987831,73.48166492040107,71.02677398063173,68.55091747651109,66.05991076857613,63.55957880939707,61.05576347108527,58.554336240343275,56.06121995133947
49.07047858187573,51.13709290103151,53.145328461853595,55.114559281848244,57.06435321206385,59.01438386471477,60.98438413849959,62.994121026242254,65.06338161275457,67.1921449642833,69.30111545132453,71.29117976715867,73.06322760468449,74.55993372561099,75.89110484616305,77.20833187346426,78.66320658737015,80.34118799959234,82.0632022500333,83.60962954918978,84.86320051477637,85.72450262491333,86.06320005210578,85.77156194037084,84.86320051477637,83.39724705208269,81.49356573697483,79.28720421301904,76.9132105518062,74.4850928049485,72.03019773560106,69.55433388235687,67.06331407352701,64.56295875090157,62.05910178619713,59.55760055900957,57.06435321206385
50.07241104273586,52.13959371793317,54.14817454977583,56.11761945785051,58.067548359869846,60.017665170275535,61.98772087923828,63.99749354515218,66.0667771764885,68.1955551572396,70.3045345403128,72.29460408702514,74.06665493958671,75.56336280494577,76.89453504470168,78.21176288836074,79.66663825811862,81.34462019853504,83.06663481557112,84.61306234041541,85.86663343829659,86.72793561955656,87.0666330710747,86.77499493850847,85.86663343829659,84.40067981686313,82.49699819692847,80.2906361043465,77.9166414046951,75.48852181059104,73.03362346358514,70.55775377730583,68.06672357018803,65.56634970366358,63.062459699057,60.56089973764959,58.067548359869846
51.07465276049762,53.14228676695083,55.15114172660813,57.120756590209055,59.070792632945086,61.02097783231645,62.99107754246788,65.00087860645803,67.07018052885554,69.19897012097411,71.30795656488704,73.2980302633701,75.07008350897453,76.56679275889353,77.8979658869635,79.21519437856693,80.6700702688753,82.34805262852001,84.07006753652294,85.6164952404958,86.87006644337933,87.73136868108963,88.0700661519151,87.77842800281506,86.87006644337933,85.40411269595396,83.50043083407805,81.29406829017698,78.92007276631566,76.49195170604914,74.0370507575576,71.56117644157516,69.07013798126727,66.56974939623923,64.06583316720717,61.56422658640125,59.070792632945086
52.1771400721573,54.245132443418626,56.254205032681725,58.22395481131154,60.174075900212515,62.1243153834136,64.0944500187547,66.10427362289435,68.17359006315128,70.30238887131023,72.41138091944973,74.4014579132079,76.17351305817638,77.67022340702317,79.00139724014933,80.31862624602701,81.77350254949685,83.45148524188343,85.17350038082698,86.71992822697428,87.97349951319822,88.83480179571322,89.17349928186289,88.88186111963998,87.97349951319822,86.50754566577302,84.60386361186815,82.39750070975475,80.02350453171717,77.59538230775544,75.14047929445935,72.66460130386645,70.17355629295724,67.67315602571844,65.16921898194427,62.6675753980263,60.174075900212515
53.17982239789788,55.24809929360008,57.25734464976084,59.227201523902224,61.17739011935815,63.127672689850684,65.09783504622972,67.10767654086416,69.17700450410149,71.30581062709452,73.41480712333313,75.40488673256085,77.17694338505852,78.67365460612602,80.00482899885618,81.32205841291389,82.77693504431039,84.45491800079441,86.17693332303571,87.72336128202697,88.97693263439828,89.83823495247479,90.1769324507873,89.88529427814875,88.97693263439828,87.51097870760316,85.60729650128476,83.40093331485792,81.02693661760003,78.59881347001203,76.14390881787692,73.66802791073579,71.17697770058571,68.67656816109022,66.17261459639117,63.670941642283054,61.17739011935815
54.282659560673395,56.35116234036076,58.360544843227586,60.33048672756455,62.28072890639132,64.23104567666769,66.20123003581392,68.21108573037426,70.28042283950026,72.40923476831742,74.51823479502832,76.50831648016053,78.28037432918676,79.77708624253705,81.10826107942555,82.42549081745611,83.88036770912825,85.55835087522667,87.2803663429515,88.8267943915071,90.08036579637958,90.94166814268128,91.28036565064744,90.98872746974197,90.08036579637958,88.61441180658846,86.7107294792994,84.50436606721281,82.13036895784933,79.70224507717809,77.24733912429403,74.77145590228201,72.28040156547581,69.77998466653504,67.27601798900976,64.77432172326188,62.28072890639132
55.3856196518806,57.45430175159164,59.463793121436225,61.433802483722474,63.384087193830055,65.33443110936096,67.30463293247088,69.31449989766523,71.3838442659465,73.51266080287235,75.62166363172949,77.61174696451137,79.3838057632241,80.88051822604004,82.21169341545743,83.5289234106256,84.98380050887873,86.66178384134822,88.38379942454341,89.9302275441863,91.18379899072899,92.04510135943302,92.3837988750613,92.09216068759443,91.18379899072899,89.71784495093797,87.81416252763434,85.60779893644147,83.23380149998945,80.80567703746937,78.35077005217917,75.87488499284972,73.38382738070443,70.88340464053636,68.37942755525354,65.87771278672713,63.384087193830055
56.48867733299869,58.55750178165668,60.56707956782569,62.537142490742724,64.48746095929285,66.43782642057349,68.40804210506474,70.41791801585885,72.48726814577238,74.61608834017099,76.72509339309852,78.71517803362273,80.48723758610288,81.98395048503032,83.31512595425022,84.63235615350867,86.08723341572528,87.76521688024361,89.48723255508773,91.03366073115257,92.28723221076896,93.14853459725377,93.48723211896348,93.19559392628874,92.28723221076896,90.82127813129296,88.91759563178256,86.71123189843289,84.33723420237047,81.90910927803645,79.4542014733243,76.97831495571309,74.4872547439231,71.98682736754992,69.48284202156118,66.98111256716955,64.48746095929285
57.59181248486013,59.66074993016082,61.670396310396896,63.6405017465234,65.59084701001296,67.54122957251101,69.51145625892914,71.52133926990813,73.59069397285555,75.71951707020133,77.82852388837807,79.81860956685934,81.59066971760555,83.08738296267506,84.41855865397446,85.73578901521954,87.19066640757407,88.86864997689966,90.59066572448556,92.1370939453326,93.3906654511996,94.25196785179696,94.59066537833351,94.29902718152533,93.3906654511996,91.92471134022557,90.02102878022983,87.81466493405023,85.44066703193482,83.01254174105873,80.55763328597055,78.08174561091904,75.59068333578577,73.09025227964153,70.58626037708632,68.0845192663896,65.59084701001296
59.33309215215394,61.44356667466816,63.51608708753227,65.56911496959047,67.61988651922543,69.68309671572112,71.76983833407526,73.88718612887186,76.0388657007399,78.21438842998775,80.35394803590142,82.3883777901493,84.25243202539464,85.91953462204286,87.48699338870284,89.07019038854446,90.76488965759052,92.60296982993981,94.42746285675162,96.08049811180832,97.55976880026034,98.83086136941111,99.45156088849618,98.96529415093099,97.55976880026034,95.56047714378403,93.1871111516671,90.61126390465637,87.9787604012683,85.39397185319214,82.85069921507274,80.32743644026597,77.81036640145011,75.2889699911228,72.75423945597986,70.19898529229306,67.61988651922543
57.5142604744175,59.58312449488976,61.592726303264115,63.56280411477985,65.51313196726439,67.46350341763223,69.43372295516134,71.4436013525488,73.51295308401015,75.64177429506674,77.75077996621262,79.74086497024601,81.51292473224854,83.00963775240048,84.34081329939619,85.65804355538496,87.11292086317798,88.79090436440148,90.51292006472094,92.05934825646924,93.312919745279,94.17422213670626,94.5129196601064,94.22128146598408,93.312919745279,91.84696565477188,89.94328313407854,87.73691936121404,85.36292159298854,82.93479654028559,80.47988850780132,78.00400158483598,75.51294065043032,73.0125119853433,70.50852434314334,68.00679080653852,65.51313196726439
55.70818139656802,57.77674697341331,59.78616760188399,61.7561331175512,63.70639019130327,65.6567164681978,67.62690694346969,69.63676658517304,71.70610623656628,73.83491977921508,75.94392078728185,77.93400304944723,79.70606123106887,81.20277333685081,82.5339482972006,83.85117812528489,85.30605508930503,86.98403831366926,88.70605382183368,90.25248189528517,91.50605331475123,92.3673556688986,92.70605317954816,92.41441499634479,91.50605331475123,90.04009930744937,88.13641694653444,85.93005347172195,83.5560562478068,81.12793216336274,78.67302584891354,76.19714198344366,73.70608649956193,71.20566755493243,68.70169723245284,66.19999448676575,63.70639019130327
54.50709187828082,56.592972250276134,58.62820883898405,60.63228863820055,62.624235574214865,64.62200010223928,66.64189252207095,68.69825529710488,70.80365645084895,72.95309873415772,75.07566217210794,77.08551496096842,78.89893673623791,80.47353310402926,81.91546112687811,83.36119256872774,84.93542868369562,86.6949345109935,88.46990631949154,90.07206516364975,91.44577634400866,92.532650152066,93.03211092099741,92.6290391059199,91.44577634400866,89.70063731525484,87.56463776651788,85.18442863674,82.69344577093673,80.1962739733894,77.70303306622856,75.2067739175422,72.70457887200297,70.19519675188157,67.67812323089143,65.15373426599729,62.624235574214865
53.19768132400641,55.265022039839664,57.27369886699617,59.24320329284048,61.19316971590325,63.14331047667187,65.11338159533248,67.12316420661737,69.19245424374057,71.32123629096498,73.43021814685255,75.4202891475799,77.19234083822289,78.68904918847684,80.02022173933454,81.33744980991406,82.79232536197708,84.47030744921399,86.19232216815132,87.73874975572932,88.99232089038405,89.85362309141381,90.19232054969368,89.90068241133704,88.99232089038405,87.52636722482617,85.62268552015978,83.41632326951861,81.04232828121567,78.6142081736381,76.15930891555067,73.68343760787674,71.19240451036517,68.69202548920383,66.1881263004451,63.686550012376216,61.19316971590325
52.5387872105202,54.61247605701767,56.62903230778183,58.60821831990121,60.569681209196034,62.53278276199946,64.51643074819422,66.538966560416,68.61819913040276,70.75270008549307,72.86545019086505,74.86100488441481,76.64456260602637,78.16313867083474,79.5258913210428,80.88048455936863,82.37077302821118,84.07333760059609,85.81149410168135,87.375056791617,88.66608544676151,89.59965853745143,89.99143137035142,89.66286399088585,88.66608544676151,87.11417703230806,85.14185221490439,82.88579905422881,80.47915773329578,78.03206126040382,75.5667135317658,73.08530295004846,70.59122641973903,68.08837021161237,65.58083724443395,63.072982966076964,60.569681209196034
40.14232451798799,42.190594846551534,44.18764747504629,46.14992928892134,48.09533632115881,50.04256425580202,52.01076023306669,54.01933220744627,56.08784229931548,58.216129155484566,60.32480985928818,62.31470377290151,64.08665338883964,65.58330267989771,66.91443733878555,68.23163777040648,69.68649111754405,71.3644553218356,73.08645762900832,74.63287757548699,75.88644423104367,76.74774402406109,77.08644065874574,76.79480322567431,75.88644423104367,74.42049593993715,72.51682455577065,70.31048155700375,67.93652172671955,65.50846415998552,63.053675869023635,60.57800203561973,58.08732094531405,55.58756961245456,53.084788569539896,50.58519930397158,48.09533632115881
41.13428545832612,43.186873148847425,45.18656459076159,47.15048876384578,49.09693364885317,51.04482506989089,53.01344835054361,55.02229627806814,57.0909841824827,59.21938394550173,61.328133318841,63.31806761406688,65.0900405069299,66.58670326592946,67.91784656582948,69.23505330036815,70.68991171124347,72.36787999367833,74.0898851313183,75.6363068203308,76.88987449733585,77.75117483949546,78.08987166199935,77.79823406808907,76.88987449733585,75.42392498059775,73.52025124286766,71.31390385377162,68.939936005851,66.51186417706788,64.05705058113568,61.58133171688564,59.09057036089149,56.590675913214696,54.08763996924708,51.587597851885135,49.09693364885317
42.12859152261635,44.18461912436275,46.186410050791125,48.15163975680534,50.09890918786035,52.04732754571765,54.01629011164394,56.025357118264566,58.094186174762115,60.22267556070514,62.33147944033698,64.321445787657,66.09343715586888,67.59011060455495,68.92126076291136,70.23847250012241,71.69333493011439,73.37130644938802,75.09331383357805,76.63973690564342,77.89330539337374,78.75460617138833,79.09330314296457,78.80166542139628,77.89330539337374,76.42735490384973,74.52367929809074,72.31732842437549,69.94335421281313,67.51527106411177,65.06043738323014,62.584682776776305,60.09385771007997,57.59384966011166,55.09061136306394,52.59020969696721,50.09890918786035
43.12476685552967,45.18353308817581,47.18699357280441,49.153260738231396,51.10118511766943,53.05002191193181,55.01925385343931,57.02849477787558,59.097435880826254,61.22599640601118,63.33484354936118,65.32483533719295,67.09684136957702,68.59352330278264,69.92467890475021,71.24189461261221,72.69676023259514,74.37473432095842,76.09674348824063,77.64316765803756,78.89673678924171,79.75803791319493,80.09673500309009,79.80509718019945,78.89673678924171,77.43078552761611,75.52710843919897,73.32075479973156,70.94677553731854,68.51868340391505,66.06383378135831,63.588050805544114,61.09717516924658,58.59707694552809,56.093678016801945,53.59299090103741,51.10118511766943
44.122430860417495,46.18337604186472,48.18816367452966,50.15525506537003,52.103699596625674,54.052868634178594,56.02231443259535,58.03169341750974,60.10072346059167,62.22934045248286,64.33822193555707,66.32823391600755,68.10025158752794,69.59694025497036,70.92810017756688,72.24531903695382,73.70018718884427,75.37816331630104,77.10017389882711,78.64659893989528,79.90016858182545,80.76146998035054,81.10016716415552,80.80852926084526,79.90016858182545,78.43421670738178,76.53053844217641,74.32418260752505,71.95019933623351,69.52210007161867,67.06723779599471,64.59143230292901,62.10051652801087,59.600346728581655,57.09682029132833,54.59590656633961,52.103699596625674
45.12127960991256,47.18395757164213,49.189799836839484,51.15754591625327,53.10640349337004,55.055836314596675,57.02545188498658,59.03494046232149,61.104041102778325,63.23270291449914,65.3416116538422,67.33163966148155,69.10366657110089,70.60036058355416,71.93152393545628,73.24874529622105,74.70361545769418,76.38159320358406,78.10360490939163,79.65003064198896,80.90360068928291,81.76490230573593,82.10359956407726,81.81196159693786,80.90360068928291,79.43764832844485,77.533969129221,75.32761155224779,72.9536250990974,70.52552017440574,68.0706478559404,65.59482449062091,63.103876856712546,60.603650244606555,58.10002259426709,55.598928979377234,53.10640349337004
46.121070705519394,48.185126090265356,50.19180622203961,52.16007224370048,54.10925778229793,56.058900020443474,58.0286503601302,60.03822592968814,62.10738260681269,64.23607999342619,66.3450103665955,68.33505109521006,70.10708533718292,71.60378359200155,72.93494966575804,74.25217301187448,75.70704476835846,77.38502379880181,79.10703639615954,80.65346267762435,81.90703304665593,82.7683348360786,83.10703215357947,82.81539413577883,81.90703304665593,80.44108029976618,78.53740035921075,76.33104139935375,73.95705242075407,71.52894300363721,69.07406271410335,66.59822516337798,64.10725224237638,61.60698053613052,59.10327254692527,56.60203613439742,54.10925778229793
47.221611013967944,49.286760994890585,51.29410664907917,53.262785548145146,55.212231469840646,57.16203995487129,59.13189727437306,61.141541895161126,63.21074305081966,65.33946867410751,67.44841621837824,69.4384670437553,71.21050710546479,72.70720872746834,74.03837696157001,75.35560188346544,76.81047490591286,78.4884549559084,80.21046826089064,81.75689497799213,83.0104656023872,83.87176752909596,84.2104648935518,83.9188268355413,83.0104656023872,81.54451254908784,79.64083202013666,77.43447196268285,75.06048097962884,72.63236799685959,70.17748138064658,67.70163257083833,65.21063957908208,62.71033208040399,60.20656032242732,57.70521055941251,55.212231469840646
48.222746776353475,50.28876638112416,52.29664058069925,54.26564730620515,56.215299944456575,58.16524040024838,60.135182638099124,62.144882068322914,64.21411852800412,66.34286656329914,68.45182773648501,70.44188657574199,72.21393125660711,73.71063555115798,75.04180549993181,76.35903167252653,77.8139056997714,79.49188655898693,81.21390042561154,82.76032748847828,84.01389831555551,84.87520035122839,85.21389775295242,84.92225966302735,84.01389831555551,82.54794501905863,80.64426402309718,78.4379030944794,76.06391052048644,73.63579470764938,71.18090306992403,68.70504532370086,66.21403640153962,63.71370049363969,61.20987811997961,58.70843838310927,56.215299944456575
49.22435565782402,51.29106601481581,53.299359922831925,55.26862692341082,57.21844366443308,59.168488878417634,61.13849852130751,63.148241455975295,65.21750593735155,67.34627176141106,69.45524375200193,71.44530895192634,73.21735729903509,74.71406371479506,76.04523502450824,77.36246218978538,78.81733701453948,80.49531851603392,82.2173328284346,83.76376016573552,85.01733115368177,85.87863327583949,86.21733070714336,85.92569259188764,85.01733115368177,83.5513776641588,81.64769629753093,79.44133467746931,77.06734084074576,74.63922278167755,72.18432715836016,69.70846231925265,67.21744075297156,64.71708229618517,62.21321974733364,59.71170859343252,57.21844366443308
50.22634037400509,52.293599316460416,54.3022264744275,56.27170010529116,58.22164711476394,60.171775483528094,62.141838629172696,64.15161609470512,66.22090281746594,68.34968276069304,70.45866333714449,72.44873358556345,74.22078484258262,75.71749294195166,77.04866533184513,78.36589328501589,79.8207687427541,81.49875075402602,83.22076542023959,84.76719297535914,86.02076409098721,86.88206628178807,87.22076373656944,86.92912560120874,86.02076409098721,84.55481044825933,82.65112878743318,80.44476661857195,78.07077177961744,75.64265193771136,73.18775315101804,70.71188268225478,68.22085108023526,65.72047472608836,63.2165802892232,60.7150124486045,58.22164711476394
51.22862359211553,53.29631815839538,55.30520989715936,57.27484756198528,59.224897978194505,61.175092352083865,63.145197964997095,65.15500283855468,67.22430721466085,69.35309836441469,71.4620857555189,73.45216001094919,75.2242135775727,76.72092301322587,78.05209626046027,79.36932483898329,80.82420079912175,82.50218321500452,84.22419816203967,85.77062589004201,87.02419710701125,87.88549935229419,88.22419682570965,87.93255867439169,87.02419710701125,85.5582433426845,83.65456144835298,81.448198843909,79.07420320948265,76.6460819525353,74.19118065506288,71.71530571802016,69.22426615057066,66.7238755910919,64.21995584409946,61.71834300932406,59.224897978194505
52.33114385855785,54.39918431286661,56.40828610005154,58.378053978503374,60.328186476631714,62.27843324205756,64.2485725625898,66.25839919045295,68.32771757824709,70.45651762271274,72.5655104226424,74.55558785845139,76.32764325821343,77.82435375447774,79.15552768218487,80.47275675705069,81.92763311594477,83.60561585296752,85.32763102289098,86.87405888811051,88.1276301855143,88.9889324740397,89.32762996224506,89.03599179826176,88.1276301855143,86.66167632467447,84.75799424500954,82.55163129484318,80.17763502905001,77.74951264898247,75.2946093586996,72.81873087516935,70.3276849855166,67.82728315114045,65.32334331511241,62.82169476726733,60.328186476631714
53.33385235057116,55.402167420326876,57.41143595487955,59.381307196420394,61.331504848012415,63.28179319866571,65.251959273788,67.2618031683961,69.33113267741194,71.45993978166902,73.56893687460644,75.55901683469102,77.33107368941882,78.82778502749183,80.15895949529099,81.4761889641047,82.93106563949141,84.60904863140325,86.33106397823329,87.87749195236222,89.13106331360694,89.99236563645391,90.33106313639803,90.03942496236226,89.13106331360694,87.66510937616461,85.76142714940046,83.55506392483399,81.18106715792442,78.75294388643499,76.2980390144551,73.82215771606839,71.33110680845613,68.83069602511358,66.32674024417166,63.825063350098574,61.331504848012415
54.43671028786197,56.50524337294128,58.51464427502155,60.48459756375465,62.43484693083602,64.38516828898977,66.35535559977036,68.36521319921798,70.43455153524006,72.56336424289128,74.67236474320387,76.66244670681196,78.43450471634856,79.93121672256626,81.26239161903712,82.57962140052757,84.0344983271148,85.71248152133225,87.43449700857323,88.98092506914358,90.23449648105893,91.09579883114694,91.43449634040809,91.14285815839366,90.23449648105893,88.76854248281714,86.86486013930022,84.6584966969422,82.28449953229611,79.85637555328421,77.401469425909,74.92558589336457,72.43453100298044,69.93411311679175,67.4301446802147,64.92844528725571,62.43484693083602
55.53968687180273,57.60839302909439,59.61789900398689,61.58791741856808,63.538207834245696,65.48855539127857,67.45875955714375,69.4686280342651,71.53797337634128,73.66679053143079,75.77579373618687,77.76587728999553,79.53793621610558,81.03464875263052,82.36582398933848,83.68305401900076,85.13793114496602,86.81591449975365,88.53793009843882,90.0843582276178,91.3379296797504,92.19923205145963,92.53792956811577,92.24629137976868,91.3379296797504,89.87197563325205,87.96829319706843,85.76192958184906,83.3879321015192,80.95980756094605,78.50490043716201,76.02901513136247,73.53795707984091,71.03753355608995,68.5335550746351,66.03183782400254,63.538207834245696
56.64275764572639,58.71160119152955,60.72119057072983,62.691260678848565,64.64158367606925,66.5919520276757,68.56216957163917,70.57204668246118,72.6413975852806,74.77021827031774,76.87922362159705,78.8693084375506,80.64136809114615,82.13808104857647,83.46925655533096,84.78648678196743,86.24136406617916,87.91934754841138,89.64136323554989,91.18779141918355,92.44136290323668,93.30266529210672,93.6413628146322,93.34972462125889,92.44136290323668,90.97540881843706,89.07172630870379,86.86536255628428,84.491364825396,82.0632398391112,79.60833192447635,77.13244521124145,74.64138465071755,72.14095665241189,69.6369701982733,67.13523877380935,64.64158367606925
57.745903190938805,59.81485579531123,61.82451137757053,63.79462251684136,65.74497137483783,67.69535623142917,69.66558439372787,71.67546835717637,73.74482367358229,75.8736471603492,77.9826542153283,79.97274003304807,81.74480026404967,83.24151355555298,84.57268927664362,85.88991965961864,87.34479706943074,89.02278065281581,90.74479641015982,92.29122463701421,93.54479614640262,94.40609854889318,94.74479607607721,94.45315787871453,93.54479614640262,92.07884203120328,90.1751594630936,87.96879560177828,85.5947976720216,83.16667233197508,80.71176378964117,78.2358759593229,75.74481340739885,73.24438185762503,70.74038907552602,68.23864640116717,65.74497137483783
59.472951092802916,61.58240645564901,63.65339237382584,65.70442477996515,67.75282659050413,69.81343627929479,71.89756019816933,74.01255346998812,76.1624674122829,78.33700305689024,80.47592246002597,82.5094307159955,84.37160226948714,86.03531930170725,87.59829362276554,89.17672117100778,90.86735909695844,92.70284826000545,94.5257314523538,96.17713121368777,97.65306714133062,98.9185248573101,99.5356404438853,99.05182255698091,97.65306714133062,95.66193945404805,93.2966269356022,90.72774434022674,88.1004707734332,85.51900332016064,82.97765623201639,80.45544162964546,77.93895165956549,75.41802515707775,72.88398750097464,70.32995103764296,67.75282659050413
57.93942339546946,60.00833481934238,62.01796540365042,63.988061049877956,65.93840014309382,67.88877876758029,69.85900292051751,71.86888429649619,73.93823794638595,76.06706037525458,78.1760667869381,80.16615222640361,81.93821223938401,83.4349254047456,84.76610104490562,86.08333136884922,87.53820873123622,89.2161922764273,90.93820800726257,92.48463621779737,93.73820771761953,94.59951011496713,94.93820764039216,94.64656944453581,93.73820771761953,92.27225361389871,90.36857106783123,88.16220724763357,85.78820939296705,83.36008418649647,80.90517588117373,78.42928847265199,75.93822667265559,73.43779646387202,70.93380607113392,68.43206764460392,65.93840014309382
56.133270877355386,58.20191168132277,60.21137798074909,62.181371804127124,64.13164672017258,66.0819843847592,68.05218218632521,70.0620465561618,72.13138925283575,74.26020472862714,76.36920691221906,78.35928986558798,80.13134844561151,81.62806078189914,82.9592358901379,84.27646582609367,85.73134287677632,87.40932617093469,89.13134172753996,90.67776983081318,91.93134126776027,92.79264363130562,93.1313411451695,92.83970295921353,91.93134126776027,90.465387239483,88.56170483828913,86.35534128833999,83.98134392720831,81.55321959867354,79.09831285112088,76.6224282148801,74.13137135696465,71.63094996188826,69.12697527326073,66.62526476548842,64.13164672017258
54.914695425302185,56.999204559266985,59.03234670081599,61.033647805173345,63.02221127364216,65.01615408576438,67.0320793607305,69.08476611313708,71.1873409536396,73.33517631416407,75.45668702102355,77.4650097698682,79.2752502682579,80.84393155231504,82.27761521949148,83.71402202777094,85.2798233907397,87.03369094085062,88.80505263782223,90.40345627360173,91.76922362580581,92.8417262437334,93.33136355029829,92.93506451990032,91.76922362580581,90.04286507327012,87.92337309365439,85.5560636591942,83.07403398234439,80.58225181917558,78.09203719493235,75.59739612778299,73.09608786131461,70.58741963268076,68.07139150563735,65.54881915699838,63.02221127364216
53.62246943389644,55.68999949220567,57.69879132030408,59.66836704473519,61.618378414571026,63.56854786523425,65.53863744283038,67.54843196737828,69.61772967777065,71.74651659606896,73.85550141404204,75.8455741564741,77.61762685101979,79.11433578210887,80.44550870562213,81.76273704802006,83.21761281845858,84.8955950815654,86.61760992256592,88.16403758528992,89.41760876399402,90.27891098870523,90.6176084550847,90.32597030979197,89.41760876399402,87.95165504558145,86.04797323941858,83.8416107994451,81.46761546537883,79.03949474273318,76.58459439329951,74.10872114342399,71.61768458362528,69.11729938791791,66.61338919776807,64.11179335240703,61.618378414571026
52.95946449502827,55.0327824369258,57.04876828738725,59.02719023209188,60.9877113016027,62.949733610283076,64.9322435722322,66.95370839039583,69.03210651314038,71.16612869640598,73.27856342245607,75.27365728746288,77.05624742184614,78.57298980788208,79.933108832284,81.28460844032524,82.77198733309929,84.47254496334497,86.2093893001109,87.77156392589188,89.05957562802818,89.98739494650852,90.37499803213774,90.04932694147487,89.05957562802818,87.5146260315381,85.54795000408697,83.29603731202495,80.89213975287187,78.44664647375791,75.9821835260833,73.50124156025959,71.00742054964067,68.50476937920587,65.9975355954933,63.490198227902354,60.9877113016027
40.169175109689775,42.21757581486462,44.214708192718845,46.177039665169005,48.12247808744216,50.069726093157655,52.03793499831623,54.04651532220389,56.11503079441586,58.243321067088885,60.352003848839956,62.341898984420055,64.11384930473396,65.61049900334291,66.94163392371541,68.25883454606856,69.7136880464398,71.39165237414007,73.11365476696565,74.6600747661752,75.913641452642,76.77494126227705,77.11363790264531,76.82200046470675,75.913641452642,74.4476931244466,72.5440216690588,70.33767853743605,67.96371846453032,65.53566046621381,63.08087140950404,60.60519621344277,58.114512694288635,55.614757030867196,53.111968275154055,50.61236530827453,48.12247808744216
41.16120685298313,43.21389846690252,45.21365337572938,47.17761702976671,49.124086856011395,51.07199421847467,53.04062776452133,55.049482320902456,57.11817449644357,59.246576971436156,61.35532799415256,63.34526325929403,65.11723671123534,66.61389979371408,67.94504330115734,69.26225018708172,70.71710871957956,72.39507709996445,74.11708230558736,75.66350403645251,76.91707173799095,77.77837209334002,78.117068920355,77.82543132258166,76.91707173799095,75.45112219181533,73.5474483975567,71.34110090301249,68.96713286252172,66.53906069118725,64.08424648746772,61.60852654163554,59.117763257735845,56.61786537248665,54.114823305589454,51.61477030945329,49.124086856011395
42.15556937997482,44.211679746751514,46.21352115426482,48.178782238584645,50.126071482515044,52.074502500029396,54.043473216451986,56.05254548556397,58.12137793252677,60.249869471148926,62.35867465996108,64.34864177712876,66.12063358909072,67.61730729452609,68.94845761761135,70.26566947497827,71.72053200150262,73.39850359851957,75.12051103666784,76.66693414195171,77.92050264915424,78.78180343763731,79.120500412794,78.82886268815957,77.92050264915424,76.45455213626562,74.55087648563986,72.34452552823001,69.97055116382381,67.54246774323667,65.08763357994582,62.61187811501429,60.12105151805817,57.62104073943283,55.11779758180778,52.61738727867822,50.126071482515044
43.151789696235866,45.21062179735978,47.214122416683836,49.18041451375493,51.12835462940587,53.077201476019425,55.04643988837492,57.05568499038708,59.12462878464788,61.253191018531496,63.362039201021915,65.35203159989805,67.12403798449267,68.62072012148268,69.9518758541967,71.26909165742703,72.7239573540281,74.40193150409648,76.12394071420547,77.670364910368,78.92393405702727,79.78523518928932,80.12393228202629,79.83229445670207,78.92393405702727,77.45798277685711,75.55430565282913,73.34795194693312,70.97397256320733,68.5458802140063,66.09103020855605,63.61524655135169,61.12436970043562,58.624269310820594,56.120866523744496,53.62017255115916,51.12835462940587
44.14948951135541,46.21048708508957,48.215306615513825,50.182417811436615,52.13087483929428,54.080051858161156,56.04950279362447,58.058885094745364,60.127917274108086,62.25653562226749,64.36541793013531,66.355430395582,68.1274483466558,69.62413717584343,70.95529720221418,72.27251613729538,73.72738434999792,75.40536052643017,77.12737114294794,78.6737962049425,79.92736585913943,80.78866726425923,81.12736445031977,80.83572654507799,79.92736585913943,78.46141396997693,76.55773567650718,74.3513797891313,71.97739642155341,69.54929698565891,67.09443440612898,64.61862837223346,62.12771163324015,59.62754011463687,57.12401061468961,54.623091446428276,52.13087483929428
45.148366751081625,47.2110863676394,49.21695397713624,51.18471578646477,53.133583286403805,55.08302244414148,57.05264209252067,59.06213330222175,61.13123563836331,63.25989852660099,65.36880792060037,67.35883631318777,69.13086344469113,70.6275575855226,71.9587210197908,73.27594244063434,74.73081265037422,76.40879043513605,78.13080216792287,79.6772279171295,80.93079797415959,81.79209959584685,82.13079685597842,81.83915888730596,80.93079797415959,79.46484560163921,77.56116637998187,75.35480876116111,72.98082223158798,70.55271717095093,68.09784461127323,65.62202081669048,63.1310724175751,60.63084444089624,58.12721435949365,55.62611642363882,53.133583286403805
46.14818050214211,48.21226899320591,50.218969257817406,52.187247771010206,54.13644118804379,56.08608845657676,58.05584203341482,60.06541969246672,62.134577715531165,64.2632759566057,66.37220684938693,68.36224788353891,70.1342823016227,71.63098065833577,72.96214679746652,74.27937019126766,75.73424198606105,77.41222104735712,79.13423366612834,80.68065996077598,81.93423033753515,82.79553213111222,83.13422945003398,82.84259143101657,81.93423033753515,80.46827758137312,78.56459762301216,76.35823862994071,73.98424959068414,71.55614006566695,69.10125958468143,66.62542169324561,64.13444816488615,61.63417537553809,59.130465456669896,56.62922561418877,54.13644118804379
47.248738819230866,49.31391510496717,51.32127674935475,53.28996556717388,55.23941774368171,57.18923022202365,59.15909011113715,61.1687363904733,63.23793861445169,65.366664915944,67.47561287263781,69.46566394052257,71.23770414201235,72.73440584488992,74.06557413087936,75.38279909062226,76.83767214347591,78.51565221795931,80.23766553993745,81.78409226750217,83.03766289803062,83.89896482803675,84.23766219362038,83.94602413464412,83.03766289803062,81.57170983737186,79.66802929428843,77.46166921047227,75.08767817927475,72.65956511086469,70.20467834269562,67.72882926246277,65.23783578863834,62.73752743027623,60.23375414064516,57.732401655021874,55.23941774368171
48.24988889212369,50.315929392900486,52.32381629068668,54.29283089137073,56.242488495137195,58.19243212085715,60.162376398388346,62.17207714507548,64.2413144527121,66.37006302630988,68.47902452684048,70.46908355857754,72.2411283503869,73.73783270912776,75.06900269908502,76.38622890171939,77.84110295309773,79.51908383174933,81.24109771186357,82.787524783035,84.04109561498029,84.9023976532703,85.24109505588946,84.94945696519784,84.04109561498029,82.57514231264224,80.67146130546405,78.4651003559224,76.09110774371788,73.66299186290752,71.20810010457402,68.73224214371314,66.24123283892908,63.74089624868165,61.2370726592963,58.73563076133095,56.242488495137195
49.251509142603346,51.318236096031484,53.3265400868998,55.29581333968727,57.24563402251391,59.195681752746125,61.16569301464378,63.1754369942351,65.24470214865255,67.3734683999705,69.48244065037775,71.4725060030747,73.24455443824033,74.74126090494805,76.07243224734862,77.38965943646825,78.84453428037713,80.522515797298,82.24453012040544,83.7909574642978,85.04452845610783,85.90583058034278,86.24452801235708,85.95288989649293,85.04452845610783,83.5785749619487,81.67489358641808,79.46853194974919,77.09453808269706,74.66641996967829,72.21152425063386,69.73565924116727,67.24463737119511,64.74427837281912,62.240414859014095,59.7389019897504,57.24563402251391
50.253502889154845,52.32077501131374,54.32941017474079,56.29888876904161,58.248838907550336,60.19896927363422,62.16903370435692,64.17881199927464,66.24809925624025,68.37687953858718,70.48586032125672,72.47593069093193,74.24798201784213,75.74469015764855,77.07586257348606,78.39309054558063,79.84796601852204,81.5259480420379,83.24796271674944,84.7943902771006,86.04796139579537,86.90926358824493,87.24796104359017,86.95632290774661,86.04796139579537,84.58200774938777,82.6783260814955,80.47196389945307,78.09796903642675,75.66984915169999,73.21495028902788,70.73907968504989,68.24804784198862,65.74767105797547,63.24377585520624,60.74220665304014,58.248838907550336
51.255793278951735,53.32349831044735,55.33239640484757,57.30203800982156,59.25209090981524,61.20228686908709,63.17239350201207,65.1821990338714,67.25150383398356,69.38029525289986,71.48928280768058,73.47935715935242,75.25141078144861,76.748120249197,78.07929351702322,79.39652211056608,80.85139808277134,82.52938050837216,84.25139546215215,85.7978231943068,87.0513944137101,87.9126966603016,88.25139413416463,87.95975598246336,87.0513944137101,85.58544064646276,83.68175874652286,81.47539613161692,79.10140047808476,76.67327918715058,74.21837782937362,71.74250278501052,69.25146302624478,66.751072125577,64.2471517706735,61.7455378551974,59.25209090981524
52.35831924026169,54.426368003640405,56.435474836367504,58.40524584253619,60.35538031221377,62.30562833602707,64.27576846617126,66.28559561654033,68.35491434087287,70.4837145989747,72.59270752881518,74.58278504101138,76.35484048480221,77.85155100654055,79.18272495059144,80.49995403737856,81.95483040585003,83.63281315058602,85.35482832586285,86.90125619437809,88.15482749371378,89.01612978327779,89.35482727183837,89.06318910755087,88.15482749371378,86.68887363055588,84.78519154643959,82.57882858796954,80.20483230701208,77.77670989996918,75.32180656182246,72.84592799311172,70.35488195161038,67.8544798464298,65.3505395278945,62.84889012227164,60.35538031221377
53.36103225399411,55.429353920442026,57.438626460318645,59.40850018459416,61.35869940111182,63.308988750591084,65.2791554683205,67.28899977764905,69.35832955377853,71.48713682759991,73.59613402364802,75.58621404436133,77.35827093403485,78.85498229232664,80.18615677309785,81.5033862513735,82.95826293436181,84.63624593239565,86.35826128347469,87.90468926021941,89.1582606229975,90.01956294666881,90.35826044689486,90.06662227261765,89.1582606229975,87.69230668371532,85.7886244534181,83.582261222261,81.20826444331549,78.78014115041569,76.32523624044616,73.8493548744515,71.35830384631647,68.85789284803477,66.35393668412154,63.85225910921396,61.35869940111182
54.46389378124701,56.5324321032455,58.54183618477849,60.511791444225835,62.4620420534563,64.41236420440593,66.38255202523528,68.39240995385128,70.46174850188343,72.59056134411864,74.69956192627055,76.68964393799979,78.46170197527285,79.95841399753823,81.28958890430499,82.60681869330541,84.06169562592606,85.73967882500254,87.46169431561592,89.00812237826243,90.26169379139478,91.12299614213708,91.46169365162203,91.17005546941596,90.26169379139478,88.79573979169268,86.8920574453716,84.6856939977826,82.31169682358359,79.88357282757826,77.42866667005063,74.95278308384565,72.46172809780221,69.96131004101517,67.4573413004705,64.95564136712285,62.4620420534563
55.5668732152177,57.635583529761334,59.6450920284549,61.61511200729788,63.56540340891195,65.51575159520448,67.48595616590265,69.49582490428799,71.5651704146378,73.69398767654718,75.80299094625931,77.79307453826183,79.56513348638636,81.06184603564833,82.3930212805282,83.71025131615113,85.16512844690511,86.84311180554931,88.56512740691119,90.11155553773803,91.3651269908366,92.22642936306514,92.56512687989888,92.2734886913997,91.3651269908366,89.8991729431792,87.99549050476986,85.7891268853987,83.41512939748667,80.98700484342581,78.53209769570978,76.05621234731976,73.56515421987314,71.06473056071758,68.56075183800147,66.05903415845586,63.56540340891195
56.66994625163704,58.738793097498444,60.74838448000966,62.718455829749885,64.66877960953535,66.61914846059629,68.58936632588038,70.59924364406956,72.66859468044859,74.79741545026897,76.90642085310404,78.89650569937211,80.66856537044059,82.16527833798028,83.49645385122082,84.81368408258828,86.26856137060085,87.94654485589403,89.66856054515705,91.21498873009863,92.4685602149184,93.3298626042006,93.66856012686709,93.37692193337303,92.4685602149184,91.00260612919885,89.09892361769906,86.89255986198425,84.51856212507798,82.09043712808798,79.63552919445829,77.15964244741924,74.66858182663347,72.1681537208567,69.66416707522768,67.16243531033128,64.66877960953535
57.77309359286156,59.84204881677242,61.85170598916696,63.82181811395503,65.77216759309027,67.72255284610573,69.69278126343951,71.70266539147661,73.77202081388931,75.9008443679489,78.00985146384792,79.99993730562838,81.77199755049824,83.2687108500254,84.599886576264,85.917116962994,87.3719943758228,89.04997796163741,90.77199372066761,92.31842194856009,93.57199345855702,94.43329586137472,94.77199338867064,94.48035519121217,93.57199345855702,92.10603934262753,90.20235677311577,87.99599290918493,85.62199497465178,83.19386962610855,80.73896106869839,78.26307321154974,75.77201061179576,73.2715789767218,70.76758604263595,68.26584309807319,65.77216759309027
59.49887795977118,61.60824242478746,63.67909143908666,65.72994573489862,67.77813591365319,69.83851321684051,71.92240306068132,74.03718565939896,76.18694153870419,78.36138878683629,80.5002508461337,82.53367654607074,84.3956793727994,86.05909278865136,87.62166454873046,89.19966345408793,90.88993597200685,92.72519182152305,94.54792997609584,96.19918232785955,97.6748175008069,98.9397664493483,99.55655807018385,99.07296157605215,97.6748175008069,95.68442565781189,93.31983754850756,90.7515802434017,88.12477550536286,85.54360544678136,83.00243067277378,80.48030983456042,77.96387174387333,75.4429872628248,72.90901155829191,70.35508394566845,67.77813591365319
57.986039249336784,60.05495559388693,62.064589165231936,64.0346866627505,65.9850269227802,67.93540629195496,69.90563092398035,71.91551260914221,73.98486645816816,76.11368901344774,78.2226955020003,80.2127809866644,81.98484102569672,83.48155420613132,84.81272985596193,86.12996018695935,87.58483755501331,89.26282110476828,90.98483683877117,92.53126505125604,93.78483655222126,94.64613895018343,94.98483647581865,94.69319827978231,93.78483655222126,92.31888244712886,90.41519989842752,88.20883607331659,85.83483820967734,83.40671298724543,80.95180465360161,78.4759171946783,75.98485530483215,73.48442493581021,70.98043425756143,68.47869532344808,65.9850269227802
56.17987910768977,58.24852772067467,60.257998760941845,62.2279955227539,64.17827229087759,66.12861113753299,68.09880969958348,70.10867456020932,72.17801757298889,74.30683324944383,76.4158355550573,78.40591858017433,80.17797720155258,81.67468956176708,83.00586468535697,84.32309463250999,85.77797169218837,87.45595499359146,89.17797055522496,90.72439866159372,91.97797010035538,92.83927246487625,93.17796997907378,92.8863317928321,91.97797010035538,90.5120160699008,88.60833366452593,86.4019701067775,84.02797273140251,81.59984837753075,79.1449415850212,76.66905686877314,74.17799986823063,71.6775782187936,69.17360307695188,66.67189176345957,64.17827229087759
54.960017009849594,57.04442454144768,59.077411427668906,61.07850643122032,63.066818750476045,65.0604776300224,67.07610788375511,69.12852100599211,71.23088529641146,73.37860088134957,75.50003309471867,77.50824172461746,79.31824480722712,80.88648415687393,82.31955078223906,83.75525817713512,85.32042548192406,87.0738684518125,88.84495798446079,90.44307825885898,91.8082453147972,92.87965893019435,93.36854961241121,92.9727655365642,91.8082453147972,90.083304056415,87.96505241225744,85.59870870556719,83.11734749357618,80.62596701894407,78.13597770834664,75.6414570418554,73.14021473974353,70.63159960445766,68.1156492082585,65.59321188731745,63.066818750476045
53.66904637866274,55.7365960930546,57.7453998592064,59.71498298484809,61.66499902035308,63.615171449123395,65.58526294280733,67.59505870397965,69.6643572108732,71.79314463479824,73.90212976024111,75.89220268346517,77.66425548221764,79.1609644735984,80.49213743579392,81.80936580640703,83.2642415995133,84.94222388087573,86.6642387345466,88.21066640507087,89.4642375883474,90.32553981551675,90.66423728273696,90.37259913672429,89.4642375883474,87.99828386444841,86.09460204775004,83.88823958812355,81.51424421816648,79.08612343167574,76.6312229689585,74.1553495174791,71.66431259828875,69.16392676165161,66.66001542953373,64.15841755407581,61.66499902035308
53.005753054515154,55.079043606200656,57.09498732937783,59.073352834077056,61.033804318725444,62.99574686923653,64.97817270599587,66.99955833235846,69.07789473958769,71.21188150725541,73.32429290184892,75.31935267193462,77.10187120563687,78.61847785390103,79.97840181685842,81.32967213054596,82.81683521057903,84.51724388884622,86.25399079892819,87.81606232812567,89.10384982804501,90.0312410958436,90.41853359298455,90.09307826975352,89.10384982804501,87.5594171179996,85.59316001711885,83.34155401972014,80.93785952479102,78.49248483336369,76.0280873124993,73.54717999357038,71.05337787298774,68.55074185969752,66.04353019135465,63.53623102948221,61.033804318725444
40.09097014406723,42.138988847244825,44.135887549467014,46.09807351187547,48.04341995310291,49.99060914463446,51.95878016695873,53.96733602402068,56.035835729997245,58.16411599113131,60.27279268376985,62.26268423855748,64.03463249480164,65.53128099914235,66.86241515327208,68.17961521671225,69.63446826805452,71.3124322341234,73.0344343759557,74.58085422064501,75.83442081653419,76.69572057747372,77.03441720118698,76.74277977751092,75.83442081653419,74.36847259702247,72.46480135033835,70.2584586080304,67.88449924609178,65.45644251246487,63.00165569966708,60.525984496671725,58.03530809489288,55.5355651215131,53.03279896690198,50.5332361492963,48.04341995310291
41.08279443824826,43.13518154999487,45.134750489809605,47.098598455190995,49.04499519658593,50.99285584575814,52.9614593108609,54.9702944424627,57.03897410213614,59.167368630102516,61.276114819565265,63.26604724251216,65.03801905615644,66.53468119072662,67.86582408999459,69.18303053230514,70.63788870840594,72.31585680176241,74.03786180817116,75.58428341639322,76.83785104604004,77.69915136273939,78.03784817653525,77.74621059008209,76.83785104604004,75.37190158612685,73.46822795751686,71.26188077197327,68.8879132957814,66.45984212824385,64.00502970555625,61.52931292914133,59.03855529468126,56.53866748271322,54.03564335808825,51.53562224035099,49.04499519658593
42.07699152767465,44.1328593826981,46.13455287002264,48.099722007639386,50.04695319396413,51.99534711465799,53.964293947424466,55.97335079564621,58.04217330737302,60.17065853789296,62.279459890346345,64.26942475158853,66.04141526320574,67.53808821627467,68.86923805664588,70.18644956191355,71.6413118055638,73.31928317476525,75.0412904547967,76.58771346273852,77.84128191288059,78.70258267068729,79.041279635352,78.74964191970238,77.84128191288059,76.37533146845857,74.47165594930848,72.26530523715338,69.89133132063398,67.46324869676863,65.00841594710758,62.53266299781902,60.0418408850624,57.541838102354404,55.03860918789316,52.53822419416545,50.04695319396413
43.073080038281866,45.131719133502806,47.135102148536106,49.101321188849596,51.04921519253623,52.99803258248714,54.96725203308105,56.97648489336146,59.045420801147415,61.17397802794463,63.28282316538733,65.2728137736875,67.04481912618043,68.54150066600994,69.8726560155904,71.18987153935768,72.64473701144043,74.32271098069096,76.0447200653023,77.59114418420425,78.84471328557456,79.70601439348876,80.0447114778982,79.75307365970525,78.84471328557456,77.37876205974645,75.47508504007095,73.26873152883425,70.894752500598,68.46666078376032,66.01181190032376,63.536030239833664,61.04515694817802,58.54506290539855,56.04167142462424,53.540997544851024,51.04921519253623
44.070674924000016,46.13151897739114,48.13624503896783,50.10329820010889,52.05171860894315,54.0008722399121,55.97030812208078,57.97968070556975,60.04870662488334,62.17732099869994,64.28620088963129,66.27621193386746,68.04822906575066,69.54491742096738,70.87607714324281,72.19329585651298,73.6481638910146,75.32613992393125,77.04815044084131,78.59457544151408,79.84814505976505,80.70944644555993,81.04814362501094,80.75650572542924,79.84814505976505,78.38219321373393,76.47851500308889,74.27215927021453,71.89817618478985,69.4700772508055,67.01521556182789,64.53941111275522,62.04849719884257,59.54833071802325,57.044810192835726,54.54390697522844,52.05171860894315
45.06946868184209,47.132066239799144,49.137859583336336,51.10557529914874,53.05441372198321,55.00383431161045,56.97344201008055,58.982925506033254,61.05202287322405,63.180682606887885,65.2895900825128,67.27961734706614,69.0516438283706,70.54833759300837,71.87950078591471,73.19672203070607,74.65159209900733,76.32956976986057,78.0515814235886,79.59800712412402,80.8515771526238,81.71287875897286,82.05157601385841,81.75993804967837,80.8515771526238,79.3856248143368,77.48194565841756,75.27558816222493,72.90160185659757,70.47349719432876,68.01862534148887,65.54280280479956,63.05185664801128,60.55163267001146,58.04800971247394,55.54692443853847,53.05441372198321
46.0692160472898,48.13320752813855,50.13984879754585,52.10809070656761,54.05726103716697,56.00689356495205,57.97663765581699,59.98620919192166,62.055363270909,64.18405900811099,66.29298837824547,68.28302851706454,70.05506241908078,71.55176047720701,72.8829264247679,74.20014967883591,75.65502136136917,77.33300033225578,79.05501288827791,80.60143914429517,81.8550094984098,82.71631127981293,83.05500859457095,82.76337057911917,81.8550094984098,80.38905676941883,78.48537686323428,76.27901796749299,73.90502910598269,71.47691989715179,69.02203997718755,66.54620308415419,64.05523133556817,61.55496172009171,59.05125745581296,56.55002766428643,54.05726103716697
47.16972159450526,49.2348207997214,51.242135587877385,53.210795340512846,55.16022918831342,57.110029964881335,59.07988232413874,61.08952374334754,63.15872283677233,65.28744715088578,67.39639389903392,69.38644425628512,71.15848404816907,72.65518551405702,73.98635364799689,75.30357849683324,76.75845146058583,78.43643146331111,80.1584447354852,81.70487143238896,82.9584420449444,83.81974396528807,84.15844132756692,83.86680327142071,82.9584420449444,81.49248900585137,79.58880850418042,77.38244849761531,75.00845760749534,72.58034479004326,70.12545846715946,67.64961017936656,65.1586181181727,62.65831227898849,60.154543477643614,57.65319897021337,55.16022918831342
48.170829733688876,50.236809002960726,52.244658690938635,54.21365021473366,56.1632932678494,58.113227604583116,60.083165905137946,62.092862794124684,64.16209761695262,66.29084461313278,68.39980515442736,70.38986362212955,72.16190808883285,73.65861225947424,74.98978212874938,76.30700824335698,77.76188222401564,79.43986304571271,81.16187688629745,82.70830393313324,83.96187475081337,84.82317678143426,85.16187418143042,84.87023609298498,83.96187475081337,82.49592146559203,80.59224049128295,78.38587960305557,76.01188710282455,73.58377142120011,71.12888001629125,68.65302268439507,66.16201450083142,63.661679910103615,61.15785988322182,58.65642431802192,56.1632932678494
49.172416669665324,51.239094990405775,53.24736943522582,55.21662436693475,57.16643349891976,59.116473855670904,61.08648037330812,63.09622129090528,65.1654844730742,67.29424947237356,69.40322096142668,71.39328586644595,73.16533404357361,74.66204036098628,75.99321160760118,77.31043872685383,78.7653135146324,80.44329498634839,82.16530927808122,83.71173660265836,84.96530758314611,85.8266097012941,86.16530713122651,85.8736690171452,84.96530758314611,83.49935410257257,81.59567275313016,79.38931116512649,77.01531738694784,74.58719943202337,72.1323039934932,69.65643948323917,67.16541850318953,64.66506109186284,62.16120040571225,59.6596925630636,57.16643349891976
50.17438395448508,52.241617455913584,54.250229160682025,56.219693210420274,58.169634179770725,60.11975869300986,62.089819358001904,64.099595222528,66.16888091408454,68.29766020269017,70.40664038106752,72.39671039541886,74.16876151752354,75.66546953883409,76.99664187864636,78.31386979528739,79.76874522367811,81.44672721131482,83.16874186112432,84.71516940614495,85.96874051585323,86.83004270347155,87.1687401571644,86.87710202273587,85.96874051585323,84.50278688022851,82.5991052330425,80.39274308962567,78.01874829713833,75.59062853789132,73.1357298978641,70.65985969011324,68.16882855338982,65.6684530290371,63.16456007063759,60.66299485828483,58.169634179770725
51.17665332898389,53.244327693983934,55.253207164227405,57.22283722321285,59.17288284485369,61.123074158398936,63.093177802330075,65.1029814051326,67.17228496275708,69.30107559293188,71.41006266808239,73.40013673773234,75.17219019727385,76.66889957097186,78.00007277845668,79.31730132798603,80.77217726483136,82.45015966195484,84.17217459597006,85.7186023159569,86.9721735282276,87.83347577098453,88.17217324353605,87.88053509295791,86.9721735282276,85.50621976953862,83.60253788603328,81.39617530178452,79.02217970423925,76.5940585128985,74.13915733183529,71.66328260195904,69.17224340381772,66.67185350295478,64.16793492944583,61.66632418080407,59.17288284485369
52.27916260249192,54.3471870175356,56.35627906510426,58.32604090597978,60.27616959832898,62.226413934624574,64.19655169231999,66.20637731156182,68.2756950497176,70.40449468178954,72.51348723094526,74.5035645192998,76.27561983407064,77.77233028116103,79.1035041773189,80.42073322917244,81.87560956957869,83.55359229171216,85.27560745130171,86.82203531015932,88.07560660383388,88.93690889035439,89.27560637787406,88.98396821447795,88.07560660383388,86.60965274746874,84.70597067639657,82.49960774225919,80.12561150573858,77.69748917774308,75.2425859798544,72.76670766075277,70.27566206422166,67.7752607525941,65.27132184797598,62.76967495594512,60.27616959832898
53.28186236609652,55.350164702013515,57.35942550491373,59.32929195391246,61.27948658464912,63.229773007216366,65.19993784187976,67.20978093593051,69.27910992932239,71.40791670626014,73.51691360015732,75.50699344320691,77.279050230477,78.77576152952062,80.10693597227912,81.42416542282791,82.87904208354085,84.55702506363507,86.27904040226309,87.82546837134254,89.07903972962737,89.94034205088309,90.27903955028293,89.98740137671322,89.07903972962737,87.61308579573662,85.70940357579254,83.50304036394829,81.12904362027234,78.70092039011257,76.24601559146606,73.77013442358675,71.27908374862628,68.77867338019264,66.27471833852097,63.773042758699304,61.27948658464912
54.38471337355787,56.45323634959871,58.46263111423447,60.43258059880013,62.38282756809694,64.3331473958748,66.3033337220808,68.31319068611676,70.3825286128842,72.5113410607405,74.62034140307425,76.61042327379143,78.38248122978675,79.87919320502677,81.21036808162279,82.5275978486164,83.98247476355704,85.66045794839485,87.38247342912584,88.92890148568841,90.1824728952545,91.04377524407951,91.38247275290868,91.0908345712642,90.1824728952545,88.71651889983158,86.81283656172778,84.60647312946736,82.23247598326184,79.80435203705333,77.34944596788296,74.87356253892251,72.38250783319484,69.88209027632149,67.37812242650976,64.8764240766922,62.38282756809694
55.48768445597419,57.556382588340455,59.56588369141838,61.53589908642559,63.4861875988984,65.43653394123774,67.40673732563187,69.41660529842105,71.48595031566938,73.61476726455865,75.7237703439265,77.71385382400749,79.48591270762174,80.98262521955962,82.31380044049294,83.63103045864906,85.08590757537041,86.76389092271339,88.48590651623158,90.0323346422296,91.28590609249758,92.1472084632044,92.48590597951767,92.19426779146418,91.28590609249758,89.8199520482366,87.91626961634934,85.70990600914448,83.3359085434509,80.90778402891382,78.45287695132703,75.97699172774227,73.48593382278301,70.98551056041103,68.48153254467601,65.97981612199756,63.4861875988984
56.59075086250621,58.65958803805469,60.669173550164516,62.6392412615171,64.58956274811152,66.53993013559403,68.5101470592949,70.5200237698247,72.58937441482664,74.718194936202,76.82720018796039,78.81728494539615,80.58934456526273,82.08605750317831,83.41723299741244,84.73446321491645,86.18934049179128,87.8673239681147,89.58933965115219,91.13576783226114,92.38933931483429,93.2506417029087,93.58933922516206,93.29770103202176,92.38933931483429,90.92338523181047,89.01970272548722,86.81333897942885,84.43934126015736,82.01121629453743,79.5563084165694,77.08042176858845,74.5893613243914,72.08893353354313,69.58494744904905,67.0832166817404,64.58956274811152
57.693892940795365,59.762840488546914,61.772493001287415,63.74260223816262,65.69294989714169,67.64333398849413,69.6135616584846,71.62344530421876,73.69280041599393,75.82162377286203,77.9306307488512,79.92071652012532,81.69277672435624,83.18949000037067,84.52066571152386,85.83789608725044,87.29277349123925,88.9707570699345,90.6927728240235,92.23920104887405,93.49277255708782,94.35407495894687,94.69277248591493,94.40113428873721,93.49277255708782,92.02681844329791,90.1231358778948,87.91677202162829,85.54277410109187,83.11464877744709,80.65974026421563,78.18385248568956,75.69279002609431,73.19235864098002,70.68836615226958,68.18662399950011,65.69294989714169
59.42954710295574,61.539618428549176,63.611531877049245,65.6637706490073,67.71360537103153,69.77578786598474,71.86149536459271,73.97791332937109,76.12889583257613,78.30402893660776,80.44333586828232,82.47740196660149,84.34071337400167,86.00648065836194,87.57217166958073,89.15348977876045,90.8465900970499,92.68365066269158,94.5075103777724,96.15990237251881,97.63786191278676,98.9067403806147,99.52603257332495,99.04072736575228,97.63786191278676,95.64178121679487,93.2715863150207,90.69848430502998,88.0680440245988,85.48456643772782,82.94205416461483,80.41920537997684,77.90236447329887,75.38115369418324,72.84669689440194,70.29192387097554,67.71360537103153
57.7230827352367,59.79197061829696,61.8015869123671,63.77167370183298,65.72200721288348,67.67238227469484,69.64260413561692,71.65248403242563,73.72183672962309,75.85065855372592,77.95966459765825,79.94974982088807,81.72180970923282,83.21852280248328,84.5496983963779,85.86692868657511,87.3218060218507,88.99978954520749,90.72180526088863,92.26823346209403,93.52180495644743,94.383107350855,94.72180487527446,94.43016668027924,93.52180495644743,92.05585085928857,90.15216832582186,87.94580452912987,85.57180671738998,83.14368158728041,80.68877341744934,78.21288625005496,75.72182487991115,73.22139543772776,70.7174064109081,68.21567041271817,65.72200721288348
55.91696668825327,57.98557013372354,59.9950137526822,61.96499351834328,63.91525957386162,65.86559158330172,67.83578574662202,69.8456477684641,71.91498895285002,74.04380346864207,76.15280506846787,78.14288767858491,79.91494606076199,81.41165828258046,82.74283331737752,84.0600631997643,85.51494020741032,87.19292346690892,88.91493899945844,90.4613670879222,91.71493851618821,92.57624087506653,92.91493838733417,92.62330020274513,91.71493851618821,90.2489844983273,88.34530211713597,86.13893860449974,83.76494131150977,81.33681710419053,78.8819105717171,76.40602631824135,73.91497014267145,71.41454996448797,68.91057744409213,66.40887079097871,63.91525957386162
54.70883356441206,56.79416075640711,58.828552611762106,60.83151208168887,62.822095430432285,64.81832051331351,66.83661576269478,68.89149935086705,70.99576373924272,73.14455990278447,75.26670013070537,77.27593793521703,79.08808144269486,80.66030256144353,82.09892322665578,83.54091846986756,85.1117790848984,86.8690307248361,88.64256013038654,90.2432193627092,91.61376080618035,92.69490909027942,93.19046271988002,92.79008411161013,91.61376080618035,89.8761211608311,87.7467294754918,85.37169449031637,82.8843082142229,80.3893036285007,77.89728031708847,75.40167239596093,72.89983431295508,70.39073959313495,67.87408698049927,65.35042958619724,62.822095430432285
53.40631491168594,55.47375093807614,57.482485655014074,59.45202597189983,61.40201502089798,63.35217022404787,65.32225063488981,67.33203924329152,69.40133314312999,71.53011764244943,73.63910098944933,75.62917286695014,77.40122506295748,78.89793370560369,80.22910644405613,81.54633465146898,83.00121031346217,84.67919248923198,86.4012072696159,87.94763489502236,89.20120605185154,90.06250826480253,90.40120572715975,90.1095675853115,89.20120605185154,87.73525235968663,85.83157060392692,83.62520825797591,81.25121309561577,78.82309267841308,76.36819287094221,73.8923205855647,71.40128574513955,68.9009036157166,66.39699888887168,63.8954127557042,61.40201502089798
52.74580829140673,54.819347229795156,56.83567295737488,58.81455020540588,60.77563254438655,62.73829807986756,64.7214863713712,66.74358963072471,68.82248522839586,70.95679285992938,73.06941562504124,75.06478426041977,76.84795135983434,78.36578729717078,79.7274772634457,81.08082269419059,82.56993807714952,84.2716937618676,86.00932152253448,87.57232499180445,88.86213855067413,89.79339567181789,90.18349127177191,89.85608878910966,88.86213855067413,87.31303360243086,85.34298645914208,83.08860391853229,80.6830701898075,78.23662108174997,75.77163068602349,73.29040937989292,70.79643606000272,68.29366267404507,65.78625056211405,63.27860510170403,60.77563254438655
40.07257838535274,42.12050624322262,44.11734936930253,46.07950072252336,48.024825285556176,49.97200048751186,51.94016249887905,53.948712536115735,56.01720849181993,58.14548637152711,60.254161615756075,62.2440523187839,64.01600008404927,65.51264830431015,66.8437822761741,68.16098220666592,69.6158351511979,71.2937990312457,73.01580111337431,74.56222092130795,75.81578749565148,76.67708724500783,77.01578386475936,76.7241464444759,75.81578749565148,74.34983930199229,72.44616810495243,70.23982545525058,67.86586626242942,65.43780982963355,62.98302355059364,60.507353297425425,58.01667858864778,55.51693863382391,53.01417785526661,50.51462458775838,48.024825285556176
41.06435334652036,43.116668039997194,45.11619274861533,47.08001319722061,49.026392554771505,50.97424209260623,52.942838402503924,54.9516689135971,57.02034559614853,59.148738233767716,61.25748327354958,63.24741502042596,65.01938644436959,66.51604835346129,67.8471911080629,69.16439744485123,70.61925553617604,72.2972235612572,74.01922852027894,75.56565009932794,76.81921771187396,77.6805180193797,78.01921483003115,77.72757724627068,76.81921771187396,75.35326827247997,73.44959468327275,71.24324757123097,68.86928022926864,66.44120930050377,63.98639730146918,61.510681278961115,59.01992498832723,56.52003957247449,54.017019715732104,51.517006180774544,49.026392554771505
42.05851109151551,44.114321268938866,46.11597957381924,48.08112684139676,50.02834421809902,51.97672931479769,53.945670466454686,55.95472364655059,58.023543795000904,60.15202752502054,62.260827964922825,64.25079228954968,66.02278249185461,67.51945526595856,68.8506049915068,70.16781641302077,71.6226785893839,73.30064990439496,75.02265714681525,76.56908013160233,77.82264856817145,78.68394931868119,79.02264628085015,78.73100856733777,77.82264856817145,76.35669814003558,74.45302265215955,72.24667199834307,69.8726981883623,67.4446157540128,64.9897833406111,62.51403098971679,60.023209943612585,57.52320906288267,55.019983536412894,52.51960456294549,50.02834421809902
43.05456825471894,45.11316144512573,47.11651648773952,49.08271815088261,51.03060118626054,52.97941156949955,54.94862650972111,56.95785645808775,59.026790489929965,61.15534652569694,63.264190938816625,65.25418112119368,67.02618622818112,68.52286762596438,69.85402288440898,71.17123834170056,72.62610376037722,74.3040776866167,76.02608674137596,77.57251084189997,78.82607993249738,79.68738103461999,80.02607811704857,79.73444030055194,78.82607993249738,77.36012871959562,75.45645172474238,73.25009825980925,70.87611931613313,68.44802774971541,65.99317913317168,63.51739794763877,61.02652550262151,58.52643296955654,56.02304417819249,53.52237507784004,51.03060118626054
44.05213818418376,46.11294572317911,48.117649552662265,50.084688909604516,52.03310060809157,53.982248675874104,55.95168097735578,57.9610512493294,60.030075679573144,62.158689108016546,64.26756842403299,66.25757913020666,68.02959606722942,69.52628430970293,70.85744395964329,72.17466262015137,73.6295306122644,75.30750661104307,77.02951710425948,78.57594209034565,79.8295117000462,80.69081308124427,81.02951025912304,80.7378723608877,79.8295117000462,78.36355986427469,76.45988167333115,74.253525977208,71.87954295889898,69.45144414430376,66.99658266716142,64.52077859506966,62.02986535315691,59.52970007067027,57.02618168029572,54.52528225683369,52.03310060809157
45.05091208628508,47.11348061237554,49.11925629112099,51.08696104300954,53.035792549414026,54.985208722304804,56.95481357827629,58.96429523937147,61.033391424603394,63.16205040789133,65.27095742719379,67.26098442342229,69.03301075006425,70.529704425217,71.86086756071069,73.17808876362456,74.63295879828192,76.31093644203975,78.03294807696207,79.57937376592011,80.83294378763338,81.69424539033398,82.03294264397164,81.74130468086021,80.83294378763338,79.36699145748948,77.46331231720734,75.2569548501842,72.88296859782675,70.45486403031762,67.99999234561292,65.52417010813804,63.03322448473065,60.533001457893164,58.0293801949006,55.52829793283168,53.035792549414026
46.050643661915835,48.114612068349146,50.12123930510932,52.08947250731464,54.03863734643451,55.98826636787683,57.95800820233063,59.96757828197774,62.03673142279119,64.16542656439887,66.27435557234227,68.26439549818897,70.03642927744846,71.53312726454998,72.86429316654221,74.18151638737194,75.63638804320195,77.31436699258293,79.03637953367893,80.58280578050719,81.83637612923536,82.6976779077427,83.03637522151027,82.74473720690665,81.83637612923536,80.3704234067076,78.46674351293423,76.2603846403448,73.88639582111495,71.45828668749513,69.00340690098076,66.52757024543692,64.03659892020454,61.53633005969452,59.03262714046693,56.53139973974494,54.03863734643451
47.15113665760463,49.21621752856964,51.22352117137935,53.192174010419066,55.14160349842858,57.09140149152097,59.06125205966296,61.070892322798656,63.14009067156127,65.26881451293819,67.37776097361026,69.36781116182343,71.1398508562746,72.63655226578996,73.96772036356182,75.28494518601687,76.73981812857502,78.41779811423123,80.13981137455849,81.68623806416892,82.93980867244915,83.8011105904944,84.13980795198714,83.8481698965141,82.93980867244915,81.47385563848593,79.57017514666573,77.36381515847629,74.98982430191441,72.5617115441576,70.1068253271936,67.63097722789803,65.13998550272582,62.63968026277672,60.135912529056355,57.634569919388184,55.14160349842858
48.152234822552174,50.21819952725353,52.22604036435507,54.19502639894023,56.14466599093072,58.09459811811004,60.06453499692921,62.07423096828842,64.14346520005677,66.2722118210175,68.38117213413916,70.37123046767462,72.14327485704507,73.63997898294332,74.97114882351184,76.28837491718053,77.74324888101717,79.4212296891665,81.14324352034836,82.68967056139543,83.9432413756823,84.80454340447895,85.14324080385117,84.85160271594006,83.9432413756823,82.47728809453253,80.573607128042,78.36724625439942,75.99325378080349,73.56513814655935,71.11024682571946,68.63438964343482,66.14338172657529,63.643047611471985,61.13922843200001,58.63779437316779,56.14466599093072
49.15381383434807,51.22048058719281,53.228748004035836,55.19799857776779,57.14780496217897,59.0978435650113,61.06784895413651,63.0775891433797,65.14685185641115,67.27561655789353,69.38458786584376,71.37465266437411,73.14670078012239,74.6434070620223,75.97457828585269,77.2918053884861,78.74668016291298,80.42466162387612,82.14667590814591,83.69310322812852,84.94667420592305,85.80797632262315,86.14667375206032,85.85503563840308,84.94667420592305,83.4807207285811,81.57703938534428,79.37067780891655,76.99668405187825,74.56856613455962,72.11367076275525,69.63780637124869,67.14678560288449,64.64642856906829,62.142568555529834,59.64106190855715,57.14780496217897
50.15577482493241,52.22299913987885,54.23160526462716,56.20106585468798,58.15100464298715,60.10112776401755,62.07118753325885,64.08096281966951,66.15024813886313,68.279027191088,70.38800722572267,72.37807715555331,74.15012822894096,75.64683622206495,76.97800854379308,78.29523644724341,79.7501118650369,81.42809384413906,83.1501084880251,84.69653602939908,85.95010713696976,86.81140932343885,87.15010677673862,86.8584686426467,85.95010713696976,84.48415350390991,82.5804718616493,80.37410972742032,78.00011495171208,75.57199522231289,73.11709663524611,70.64122652174564,68.15019555303846,65.6498203283205,63.145927903787765,60.64436364048848,58.15100464298715
51.15803920066055,53.225706271169344,55.23458131134345,57.20420862390924,59.154252514259184,61.10444272273051,63.07454565567217,65.08434879961123,67.15365206168588,69.28244250424311,71.39142946530421,73.38150346786973,75.15355688874442,76.65026624007069,77.98143943320215,79.298667972262,80.75354390069629,82.43152629104588,84.15354122035967,85.69996893745214,86.9535401480262,87.81484238987103,88.15353986211058,87.86190171179956,86.9535401480262,85.48758639137301,83.58390451177695,81.37754193482061,79.0035463505929,76.57542518294244,74.12052404391405,71.64464938884464,69.1536103240588,66.65322066101895,64.14930251124927,61.64769251589996,59.154252514259184
52.26054450472961,54.32856312813006,56.33765165879129,58.30741131953475,60.25753863763818,62.207782096787426,64.1779192901502,66.18774454518372,68.25706204875813,70.38586153191662,72.49485399051909,74.4849312256285,76.25698650970935,77.7536969390433,79.08487082380884,80.40209986735275,81.85697620108313,83.5349589178402,85.25697407369819,86.80340193025856,88.05697322258649,88.91827550838306,89.2569729956551,88.96533483247104,88.05697322258649,86.59101936783716,84.68733729986779,82.48097437151839,80.10697814556795,77.67885583637543,75.22395267184989,72.74807441212268,70.25702892143644,67.75662779857096,65.25268923028054,62.7510429361561,60.25753863763818
53.2632411165831,55.33153885440824,57.34079686545887,59.31066158389832,61.26085512382021,63.21114085016532,65.18130523690506,67.19114804187836,69.26047684908082,71.38928350782507,73.49828032984975,75.48836013063855,77.26041689354999,78.75712817850027,80.08830261221664,81.40553205617007,82.8604087115844,84.53839168741132,86.26040702307762,87.80683499033375,89.06040634754979,89.92170866823085,90.26040616743418,89.96876799403279,89.06040634754979,87.59445241494147,85.6907701974601,83.48440699020972,81.11041025492338,78.68228703968757,76.22738226752142,73.75150114676772,71.26045055581673,68.76004033720479,66.25608556248012,63.7544104572283,61.26085512382021
54.36608962173827,56.43460894747612,58.444001495918016,60.41394960681983,62.364195710289025,64.31451498545573,66.28470095613658,68.29455769072835,70.3638954697159,72.49270782376144,74.60170810904977,76.59178994622448,78.36384788288625,79.86055984694036,81.19173471635968,82.50896447811853,83.96384138885364,85.64182457030452,87.36384004868478,88.91026810380019,90.16383951251794,91.02514186088689,91.36383936956011,91.07220118804918,90.16383951251794,88.69788551811294,86.79420318196377,84.58783975334954,82.21384261380283,79.78571867943948,77.3308126312866,74.85492923972984,72.36387460068076,69.86345716272167,67.35948952478819,64.85779155164401,62.364195710289025
55.46905871759408,57.53775395221196,59.54725329610574,61.517267600760874,63.467555425996025,65.41790132971545,67.38810443192409,69.39797222260128,71.46731712255576,73.59613399698708,75.70513703107781,77.69522048453608,79.46727935280529,80.96399185586492,82.29516707110206,83.61239708510337,85.06727419848679,86.74525754314153,88.46727313479394,90.01370125964336,91.26727270923806,92.12857507958289,92.46727259577234,92.17563440782487,91.26727270923806,89.80131866578495,87.89763623544911,85.6912726311382,83.31727517072974,80.88915066559417,78.434243604689,75.95835841079162,73.46730055875534,70.96687739076611,68.46289954320034,65.96118341949222,63.467555425996025
56.572123547090285,58.640958422378645,60.65054253810345,62.62060938399617,64.5709303251109,66.52129736445289,68.49151406417987,70.501390630166,72.57074118207126,74.69956164434906,76.80856686017091,78.79865159647619,80.57071120416342,82.06742413503228,83.39859962474534,84.71582983895166,86.1707071131772,87.84869058736697,89.5707062689236,91.11713444912091,92.37070593115965,93.23200831894673,93.57070584110184,93.27906764804568,92.37070593115965,90.90475184877705,89.00106934368516,86.7947055999237,84.42070788484705,81.9925829266891,79.53767506196127,77.06178843754327,74.57072803535127,72.07030031941491,69.56631436839774,67.0645838383848,64.5709303251109
57.67526437349515,59.744210095330146,61.75386149968374,63.72397004961347,65.67431727563319,67.62470109066147,69.59492858288179,71.60481211389076,73.6741671517747,75.80299046173693,77.91199740920322,79.90208316370604,81.67414335827016,83.17085662869161,84.50203233625645,85.81926270936566,87.2741401112517,88.9521236882535,90.67413944116711,92.22056766529407,93.4741391730837,94.33544157471471,94.67413910160477,94.38250090449385,93.4741391730837,92.00818505980273,90.10450249537695,87.8981386409335,85.5241407237265,83.09601540600431,80.64110690328162,78.16521914345745,75.67415671720173,73.17372539154525,70.66973300877606,68.16799104435006,65.67431727563319
59.41171324107417,61.52184163480264,63.59384100107859,65.64619148954583,67.69615886348248,69.75848690607252,71.84434089113589,73.96089059495236,76.11197187526466,78.28716019650327,80.42650293913334,82.46062058073393,84.32403728538885,85.98999389166751,87.55593561388491,89.13752029178097,90.8308475401042,92.66805285019427,94.49200248556042,96.14448582465164,97.62263158672388,98.89182463191614,99.51131684772164,99.02587497201233,97.62263158672388,95.62609492498584,93.25545000294917,90.68195863464629,88.05122586528661,85.46756249441437,82.92494248756996,80.40203505277084,77.88516168690958,75.36392461209132,72.8294290379204,70.27458786645441,67.69615886348248
57.688695644690554,59.757579676757885,61.76719363310566,63.737278973700356,65.68761157156673,67.6379860505608,69.60820753653235,71.61808719136363,73.68743973271012,75.81626145787922,77.92526744165113,79.91535262950694,81.6874124974625,83.18412557891631,84.51530116524236,85.83253144991897,87.28740878075945,88.96539230054432,90.68740801374639,92.23383621342562,93.48740770688437,94.34871010081098,94.68740762506596,94.39576943021159,93.48740770688437,92.02145361079897,90.11777107939366,87.91140728654693,85.53740948182941,83.10928436421177,80.65437621654578,78.17848908859747,75.68742778877329,73.18699847199808,70.68300966862907,68.18127406769115,65.68761157156673
55.8825855638961,57.951182898015375,59.96062280672271,61.93060027269931,63.88086487873055,65.83119596304759,67.80138953118808,69.81125116892193,71.88059210591265,74.00940646465833,76.11840796898579,78.10849052295026,79.88054887276158,81.37726107585405,82.70843609863675,84.02566597226016,85.48054297286583,87.15852622669443,88.88054175530868,90.42696984134975,91.68054126819561,92.54184362631045,92.88054113831697,92.58890295395156,91.68054126819561,90.21458725203874,88.31090487411963,86.10454136758736,83.73054408574475,81.30241989825518,78.84751340096658,76.3716292101074,73.88057314616248,71.38015316705057,68.87618100135569,66.3744749788253,63.88086487873055
54.6754633207058,56.76087010231534,58.79538351171426,60.7985042241599,62.78928387418776,64.78573063817197,66.80425595224177,68.859352674739,70.96378090054944,73.11267020310339,75.2348714437335,77.24419791745687,79.05652576156493,80.62908953389837,82.06818758592618,83.51072248953346,85.08207100690112,86.8396486528343,88.61338673811687,90.2142629897327,91.5852633589015,92.66724133089357,93.16336168267586,92.76259238385855,91.5852633589015,89.84653838906635,87.71619172930207,85.34040983937192,82.85250483217212,80.35718784998221,77.86498908467041,75.36928733981284,72.86739783356995,70.35826171412378,67.84154847443887,65.31778571770147,62.78928387418776
53.37195827021918,55.4393789147438,57.44810428917347,59.41763881385708,61.36762421143567,63.317777083852974,65.28785599511258,67.29764363569444,69.36693691216524,71.49572101576409,73.60470412212749,75.5947758581342,77.36682797258558,78.86353656804538,80.19470927622368,81.51193746155431,82.96681310580692,84.64479526728925,86.36681003775689,87.91323765705857,89.16680881030925,90.02811102133637,90.36680848303558,90.0751703417508,89.16680881030925,87.70085512243818,85.79717337492394,83.59081104435407,81.21681591008337,78.78869554284812,76.33379582403703,73.85792369644177,71.36688913728896,68.86650750947919,66.36260367637476,63.861019132019024,61.36762421143567
52.71167890328512,54.78523938663743,56.801598246513876,58.780519874494374,60.741656915275044,62.70438513064748,64.68763951162995,66.70980496380118,68.7887490153126,70.92308444663257,73.0357255237598,75.03112091583989,76.81434419314571,78.3322865848402,79.6941294267276,81.04765440549201,82.536938624987,84.2388107517094,85.97651463630984,87.53959862645556,88.82958717479214,89.7611779413717,90.15151526357005,89.82394488789956,88.82958717479214,87.28007855460474,85.30970361253024,83.05508073281646,80.64938770705177,78.2028455092603,75.73780373488358,73.25655521547407,70.76256705683474,68.25978176360202,65.75235227676043,63.24467679634448,60.741656915275044
40.05571933652473,42.10356357952446,44.10035555114767,46.062475048082334,48.00777947291539,49.95494179779817,51.92309551475083,53.93164019493153,56.00013269856271,58.12840838619701,60.237082297182354,62.22697221617511,63.99891952950007,65.49556748826862,66.82670129235896,68.14390110047327,69.59875394668754,71.27671774755385,72.9987197747259,74.54513954882634,75.79870610333731,76.66000584203147,76.99870245813628,76.70706504097569,75.79870610333731,74.33275793347512,72.42908678213226,70.22274421767335,67.84878518052292,65.42072902463872,62.96594323691696,60.49027385805368,57.99960070766329,55.499863531380925,52.99710770140217,50.49756322458927,48.00777947291539
41.04744889154256,43.09969692938465,45.09918092542388,47.06297604582696,49.009339402016124,50.957178712098575,52.92576843575401,54.934594693738006,57.0032686358885,59.13165953346652,61.24040351498067,63.23033463954184,65.0023057047704,66.49896740631164,67.83011002774947,69.14731626740578,70.6021742806952,72.28014224292964,74.00214715833218,75.54856871052769,76.80213630733257,77.66343660637573,78.00213341413277,77.71049583285092,76.80213630733257,75.33618688682631,73.43251333388892,71.22616628950479,68.85219907109928,66.42412836212202,63.96931675305531,61.49360142450996,59.002846370852254,56.502963160593595,53.99994723237782,51.49994067724535,49.009339402016124
42.04157042317789,44.09732751190674,46.09895343283951,48.0640805697196,50.01128523498949,51.959662209367664,53.9285981316542,55.937647935291906,58.00646590837657,60.1349482572038,62.24374785711336,64.23371168779181,66.00570160537828,67.5023742147469,68.83352383460185,70.1507351790215,71.60559729344753,73.28356855857695,75.00557576637652,76.55199872984997,77.80556715392532,78.66686789771828,79.00556485758995,78.71392714604485,77.80556715392532,76.33961674078066,74.43594128169207,72.22959068157567,69.85561696966258,67.42753470976032,64.97270260588161,62.49695080580251,60.006130741539494,57.506131611557265,55.0029092036887,52.502535771779634,50.01128523498949
43.037598733186115,45.09614967055032,47.09947896555655,49.065664633478,51.01353757275719,52.96234150643883,54.9315522949299,56.94077956291896,59.009711867978254,61.13826680741599,63.24711055380459,65.23710034412416,67.00910522512653,68.50578649215777,69.83694166671285,71.15415706281422,72.60902243233117,74.28699631897942,76.00900534626015,77.55542942986749,78.8089985105486,79.67029960734008,80.0089966879453,79.71735887301008,78.8089985105486,77.34304730954537,75.43937033754077,73.23301691522951,70.85903804939011,68.43094662143235,65.97609825056054,63.5003175022204,61.00944583652412,58.50935469313339,56.00596837733721,53.50530367637337,51.01353757275719
44.03514569179764,46.095919620850964,48.100602986375584,50.06762963687603,52.0160333176525,53.96517626461056,55.93460527012017,57.94397341437366,60.01299647394663,62.141609032184974,64.2504878189987,66.24049821398961,68.01251497164546,69.50920311034005,70.84036269369685,72.15758130563798,73.61244925873278,75.29042522608779,77.01243569749445,78.55886067015379,79.81243027198377,80.67373164895054,81.0124288253821,80.72079092838608,79.81243027198377,78.34647844565615,76.44280027284762,74.23644461055355,71.8624616540238,69.43436294932499,66.97950166717465,64.50369794208964,62.012785318745216,59.51262113930984,57.009104714004266,54.50820878300152,52.0160333176525
45.03390131760483,47.096443120911395,49.10220253968667,51.06989719951147,53.01872233946098,54.96813444681152,56.937736686301065,58.947216658432694,61.01631175568551,63.144970048261,65.25387664752373,67.24390339676216,69.01592958103899,70.51262317382177,71.84378625646772,73.16100742083384,74.61587742452235,76.29385504333914,78.01586666095105,79.5622923392522,80.81586235471858,81.67716395406076,82.0158612065498,81.724223244422,80.81586235471858,79.34991003207031,77.44623090618192,75.23987346600902,72.8658872626859,70.43778278240208,67.98291125246394,65.50708929041267,63.01614415797641,60.51592200667292,58.012302303488624,55.511222813803755,53.01872233946098
46.033618359322325,48.09756552646992,50.10417984650645,52.072405034250494,54.02156481855056,55.97119061245358,57.94093036990991,59.95049910890546,62.019651386140765,64.1483459795106,66.25727465406115,68.24731438386908,70.01934805013235,71.51604597185637,72.84721183190317,74.16443502213744,75.61930665338737,77.2972855829726,79.01929811032932,80.5657243486992,81.81929469246923,82.68059646831098,83.01929378116688,82.72765576734398,81.81929469246923,80.35334197589073,78.44966209354172,76.24330324226334,73.86931446195217,71.44120539756337,68.98632573388817,66.5104892969508,64.01951836141073,61.51925019583874,59.015548514714936,56.51432331469857,54.02156481855056
47.134099801745904,49.19916379652385,51.20645718027396,53.17510365546708,55.12452913035352,57.07432456129389,59.04417348073642,61.053812679720465,63.123010343030074,65.25173374925834,67.36067994531183,69.35072997792732,71.12276958269271,72.61947094031767,73.95063900479732,75.26786380296868,76.72273672601759,78.40071669596188,80.12272994538422,81.66915662828124,82.92272723262616,83.78402914855576,84.1227265093249,83.83108845447153,82.92272723262616,81.4567742033849,79.55309372063223,77.34673374935741,74.97274292368533,72.5446302208774,70.08974410141143,67.6138961756256,65.12290475975759,62.6226000713977,60.118833320413344,57.61749245761203,55.12452913035352
48.13518878569327,50.20114008404966,52.20897277408527,54.17795375593951,56.12759016201262,58.07752025532548,60.04745582545415,62.05715095214789,64.12638463985255,66.25513091542803,68.36409101851896,70.35414922855544,72.12619354674183,73.62289763145452,74.9540674455989,76.27129351999359,77.7261674683457,79.40414826402446,81.12616208655109,82.67258912226973,83.92615993343315,84.78746196055059,85.12615935934848,84.8345212719292,83.92615993343315,82.46020665603119,80.55652569673755,78.35016483652012,75.9761723874415,73.54805679681039,71.09316555335508,68.61730850878624,66.1263008374249,63.62596716012865,61.12214876068778,58.620716088449086,56.12759016201262
49.13676050347787,51.20341660831612,53.21167755602639,55.18092411830493,57.130727973611016,59.080764961982865,61.05076931232611,63.06050883112778,65.12977111232348,67.2585355396686,69.36750668091557,71.35757138142408,73.12961944067331,74.62632568988411,75.9574968927416,77.27472398007718,78.729598742214,80.40758019327923,82.12959447067934,83.67602178643276,84.92959276174821,85.7908948771155,86.12959230609687,85.83795419283,84.92959276174821,83.46363928738089,81.55995794985628,79.35359638408411,76.97960264650521,74.55148476380234,72.09658945341836,69.62072517121756,67.12970459770749,64.62934791138554,62.12548851697896,59.62398297061203,57.130727973611016
50.13871570035665,52.205931559319055,54.214532547746956,56.18398995322299,58.13392673389238,60.08404857341148,62.054107518124596,64.06388227238651,66.13316724882422,68.26194608346324,70.37092598578431,72.36099583781453,74.1330468663587,75.62975483353728,76.96092713861918,78.27815502992762,79.73303043796645,81.41101240921262,83.13302704764621,84.67945458566348,85.9330256912665,86.79432787667777,87.13302532961576,86.84138719583365,85.9330256912665,84.46707206056766,82.5633904228408,80.35702829706914,77.98303353680588,75.55491383488126,73.10001529656401,70.62414526981998,68.13311445576993,65.63273950686246,63.12884757374812,60.62728418404164,58.13392673389238
51.140975474814624,53.208635830869326,55.21750679322997,57.18713157775301,59.137173874471145,61.08736306573496,63.057465344218954,65.06726806577936,67.13657105580363,69.26536132566096,71.374348181704,73.36442212251904,75.13647550780132,76.63318483853467,77.96435801845399,79.2815865478768,80.73646246856879,82.41444485268312,84.13645977766927,85.68288749209754,86.93645870110986,87.79776094211508,88.13645841406746,87.8448202640024,86.93645870110986,85.47050494633058,83.56682307033296,81.36046050008922,78.9864649281202,76.55834378227635,74.10344268194055,71.62756809573006,69.13652915369647,66.63613970957016,64.13222194984778,61.630612647895646,59.137173874471145
52.24347712508586,54.311490417370464,56.32057571076744,58.290333364727246,60.240459417853984,62.190702069600206,64.16083874350117,66.170663663285,68.23998095092986,70.36878029701515,72.47777267226427,74.46784985836214,76.23990511419323,77.73661552718252,79.06778940146157,80.38501843735652,81.83989476494189,83.51787747675002,85.23989262917314,86.78632048361891,88.03989177470731,88.90119405983748,89.2398915468816,88.9482533838927,88.03989177470731,86.57393792144529,84.67025585633202,82.4638929333104,80.08989671708972,77.66177442520514,75.20687129138997,72.73099308631627,70.23994769305908,67.73954674394703,65.23560848524254,62.73396274148426,60.240459417853984
53.246170835804094,55.31446434115372,57.32371978234393,59.29358290782497,61.243775443664745,63.19406052914535,65.16422450357636,67.17406704245708,69.2433956782742,71.37220222822265,73.48119898408946,75.47127874597766,77.24333548646723,78.74004675844472,80.07122118383798,81.38845062172041,82.84332727225743,84.52131024415635,86.24332557709641,87.78975354267416,89.04332489890638,89.90462721905855,90.243324718081,89.95168654483449,89.04332489890638,87.57737096747857,85.67368875226406,83.46732554924239,81.09332882167851,78.66520562018005,76.21030087238879,73.73441979501371,71.24336928139255,68.7429592006898,66.23900467168694,63.73733000327138,61.243775443664745
54.349017037624506,56.41753300330949,58.42692351177324,60.39687035823404,62.34711566471897,64.29743443121333,66.26762007463724,68.27747659802822,70.34681424098592,72.4756265086797,74.58462674145832,76.57470854775751,78.34676646662301,79.84347842038062,81.17465328319385,82.49188304013417,83.94675994699813,85.62474312533138,87.34675860154782,88.8931866553311,90.146758063268,91.00806041121714,91.34675791974679,91.05511973835881,90.146758063268,88.68080406979993,86.77712173545001,84.57075831019209,82.19676117677471,79.76863725331471,77.3137312245082,74.83784786738114,72.346793289709,69.84637596120918,67.34240851830727,64.84071089188679,62.34711566471897
55.4519843048798,57.52067687215887,59.53017459674541,61.500187897744325,63.450475090385055,65.40082059035976,67.37102343281978,69.38089105586491,71.4502358478517,73.57905265374526,75.68805564615892,77.67813907511123,79.4501979292555,80.9469104241428,82.27808563413667,83.59531564431349,85.05019275462439,86.72817609680466,88.45019168673969,89.99661981053177,91.25019125950669,92.11149362951832,92.45019114559382,92.15855295774392,91.25019125950669,89.78423721679725,87.88055478788945,85.67419118624245,83.30019373069885,80.87206923421729,78.41716218866735,75.94127702209687,73.45021921877562,70.94979613766468,68.44581844489689,65.94410259638764,63.450475090385055
56.55504768273596,58.62388044066434,60.63346327103355,62.60352932028049,64.55384975928732,66.50421647816984,68.4744329717313,70.48430940466659,72.55365987087734,74.68248027875649,76.79148546149918,78.78157017835404,80.55362977483028,82.05034269921273,83.38151818476425,84.69874839593508,86.15362566772194,87.83160913994772,89.55362482014122,91.10005299949933,92.35362448104617,93.2149268685688,93.55362439063344,93.26198619765476,92.35362448104617,90.88767039925384,88.98398789529537,86.77762415364828,84.40362644243285,81.97550149114358,79.52059363860322,77.04470703587464,74.55364667234787,72.05321902536711,69.549233197214,67.04750288562914,64.55384975928732
57.65818735679764,59.72713139789906,61.73678178199556,63.70688969959983,65.65723652708532,67.6076200877603,69.57784741634511,71.58773084175078,73.65708581161866,75.78590907840456,77.89491599961582,79.88500173868084,81.65706192434678,83.15377518961998,84.48495089388177,85.80218126458172,87.25705866453218,88.93504223997516,90.65705799180688,92.20348621526776,93.45705772266695,94.31836012408807,94.65705765090634,94.3654194538569,93.45705772266695,91.99110360985446,90.08742104632829,87.88105719356301,85.50705927942069,83.07893396715016,80.6240254741007,78.14813773149143,75.65707533592436,73.15664406499815,70.65265177974675,68.15090998868885,65.65723652708532
59.39543240722038,61.505617935917414,63.57770331775548,65.63016564478828,67.68026580809078,69.74273953979608,71.82874014384183,73.9454216974305,76.0966018326285,78.27184541259268,80.4112239923536,82.44539321387224,84.30891528682008,85.9750613298863,87.5412538897952,89.12310523934231,90.81665947952825,92.65400956111176,94.47804912870473,96.13062382045814,97.60895580938849,98.87846340420919,99.49815560177825,99.01257708816578,97.60895580938849,95.61196314120619,93.24086806483314,90.66698714692001,88.03596169896714,85.45211240314066,82.9093845735382,80.38641843786216,77.86951258406775,75.34824918989989,72.81371480588895,70.25880542239722,67.68026580809078
57.65978736870912,59.72866813967528,61.73828011638838,63.708364230046115,65.65869605460708,67.60907004005789,69.57929120851247,71.58917065843156,73.65852306779973,75.78734470918944,77.89635064201603,79.88643579991628,81.65849565060581,83.15520872206991,84.48638430198672,85.8036145819884,87.25849190907309,88.93647542583321,90.65849113693594,92.20491933532274,93.4584908280239,94.31979322154321,94.65849074565888,94.36685255092382,93.4584908280239,91.99253673284753,90.08885420318782,87.88249041359737,85.50849261482657,83.08036750778739,80.62545937889129,78.1495722843469,75.65851104407105,73.15808183349446,70.65409321934875,68.15235795481323,65.65869605460708
55.85368234019745,57.92227449910783,59.93171126589681,61.90168678445005,63.85195016302279,65.80228046392429,67.77247352805259,69.78233484051455,71.85167556800519,73.9804897937603,76.08949121721747,78.07957372363057,79.85163204603383,81.34834423326865,82.67951924587734,83.99674911207973,85.45162610672344,87.12960935575056,88.85162488103231,90.39805296502179,91.65162439066506,92.51292674813334,92.85162425991874,92.55998607574269,91.65162439066506,90.18567037595118,88.28198800080304,86.07562449943984,83.70162722703704,81.27350305633966,78.81859658884645,76.34271245101246,73.8516564815942,71.35123667106083,68.84726480573508,66.3455593171972,63.85195016302279
54.6473993996605,56.73287226731679,58.7674866030213,60.77074118712997,62.761683804096265,64.75831458882804,66.77703086480645,68.83230447988753,70.93686867312394,73.08583526684268,75.20808713706512,77.21748718799147,79.02996798478048,80.60281604117972,82.0423100908887,83.48529255292365,85.0570456164734,86.81489352526148,88.58880458905216,90.18986071586953,91.56124140885129,92.64390677854847,93.14049652253925,92.73940364312146,91.56124140885129,89.82161688338878,87.69047836664316,85.31407692737496,82.82574152366234,80.33016529753722,77.83782091587202,75.34204129845318,72.84010911023934,70.33093862788067,67.81417506487233,65.29032484926279,62.761683804096265
53.34307577896553,55.41048339794209,57.41920086098227,59.388730480718166,61.33871278619853,63.28886368490038,65.25894132627971,67.26872814728944,69.33802089587789,71.46680466437127,73.57578756695798,75.56585918314406,77.33791122853194,78.8346197840332,80.16579246657463,81.48302063320551,82.93789626243498,84.61587841181833,86.33789317388863,87.88432078802066,89.13789193824093,89.99919414763892,90.3378916087809,90.04625346797329,89.13789193824093,87.67193825400602,85.76825651347423,83.56189419592948,81.18789908544557,78.75977876052394,76.30487911679202,73.8290071228106,71.33797280184582,68.83759159881387,66.33368852254969,63.83210532363597,61.33871278619853
52.68298452659499,54.75656290542989,56.77294928503716,58.751907774462,60.71309024894131,62.675870523091504,64.65917979319467,66.68139689680643,68.76038118853185,70.89473970680163,73.00739599140073,75.00281360375072,76.78608353352162,78.30411432632744,79.66608411121422,81.01975817044489,82.50918256626632,84.21115136300847,85.94891844304794,87.5120692766146,88.80220308249848,89.73407077617043,90.12460870451295,89.79689899600928,88.80220308249848,87.25235936087329,85.28171226023656,83.02688981243674,80.62106450157047,78.17444499512408,75.70936055078678,73.22808943037927,70.73408894784791,68.23129376531807,65.72384984807883,63.21614943487556,60.71309024894131
40.03962573197509,42.08738985153752,44.08413280322645,46.04622177257113,47.99150689892386,49.938656883587996,51.90680265188816,53.91534219831203,55.98383139375704,58.11210498068418,60.22077761399456,62.210666781629925,63.982613661850706,65.4792613700255,66.81039501333477,68.12759470417207,69.58244745616628,71.26041118115128,72.98241315565724,74.52883289733458,75.78239943283961,76.64369916131592,76.98239577392602,76.69075835975815,75.78239943283961,74.31645128578256,72.41278017823217,70.20643769546342,67.83247880749565,65.40442291698187,62.949637600100885,60.473969059102615,57.983297402146974,55.483562888595884,52.98081180092949,50.48127574837294,47.99150689892386
41.03131177720273,43.08349594162752,45.08294092349334,47.046711771948736,48.99305979393334,50.94088930263915,52.90947271459636,54.91829489674984,56.986966212721015,59.11535544278219,61.22409841013621,63.21402893831943,64.98599965978362,66.48266116242479,67.81380365624887,69.13100980282144,70.58586774132783,72.26383564333491,73.98584051693621,75.53226204339745,76.78582962511726,77.64712991605052,77.98582672103379,77.69418914212724,76.78582962511726,75.3198802227115,73.41620670453227,71.20985972498596,68.83589262498762,66.40782212663764,63.95301089128557,61.477296227779505,58.986542359542,56.48666126294873,53.983649099514224,51.48364923326348,48.99305979393334
42.02539860726817,44.081104822558466,46.08269971024525,48.04780755583047,49.99500003961451,51.94336923025959,53.91230014115234,55.92134670906702,57.99016259745551,60.118643622657515,62.22744241758426,64.21740577490135,65.98939541963598,67.48606787113516,68.81721738970197,70.13442866024039,71.58929071531077,73.2672619326375,74.98926910725935,76.53569205030743,77.78926046240971,78.65056119976586,78.98925815743598,78.69762044777617,77.78926046240971,76.32331006363147,74.4196346321305,72.2132840834761,69.83931046554335,67.4112283728177,64.95639656556162,62.48064529334056,59.989826169996704,57.489828717791966,54.98660929853982,52.486241177203794,49.99500003961451
43.021399268202565,45.07990971520813,47.08321433634987,49.0493846759483,50.99724794001469,52.94604569298491,54.91525250279838,56.92447720212971,58.99340785237784,61.12196174118034,63.23080484862632,65.22079426322874,66.99279892766475,68.48948006939347,69.82063516355541,71.13785050101686,72.59271582342296,74.27068967213009,75.99269867307757,77.53912274047326,78.79269181165137,79.65399290333391,79.99268998219176,79.70105216875294,78.79269181165137,77.32674062205076,75.42306367194254,73.21671029047678,70.84273149922996,68.4146402039614,65.95979206852229,63.48401173915346,60.99314082029706,58.49305100866013,55.98966706525016,53.489006580301904,50.99724794001469
44.01892421433907,46.07966593529642,48.08432969016016,50.05134416395565,51.99974016124736,53.94887820083278,55.91830404775068,57.927670152967636,59.99669189899852,62.12530362330098,64.2341819029684,66.22419199974613,67.99620858551079,69.49289662475178,70.82405614430004,72.14127470969842,73.5961426254012,75.27411856264224,76.99612901314815,78.54255397294031,79.79612356722771,80.65742494013952,80.99612211518419,80.70448421937584,79.79612356722771,78.33017174995038,76.42649359452102,74.22013796464611,71.84615506732075,69.41805646793807,66.96319537265283,64.48739198011191,61.996479949554754,59.49631682719664,56.992802285056754,54.49190970094487,51.99974016124736
45.01766232620351,47.080178521142656,49.085922357883966,51.05360734636177,53.00242638523761,54.95183459650805,56.921434328572275,58.930912682135855,61.000006736755495,63.1286643674066,65.23757056413618,67.22759707667866,68.9996231245239,70.49631663836973,71.8274796703706,73.14470079779554,74.59957077180587,76.27754836672113,77.99955996774409,79.54598563583252,80.79955564531238,81.66085724143613,81.99955449282439,81.70791653163926,80.79955564531238,79.33360332984734,77.42992421775281,75.22356680331106,72.84958064697864,70.42147625028466,67.96660486866274,65.49078317055589,62.999838508627846,60.49961719636718,57.99599898797942,55.49492215512504,53.00242638523761
46.01736544015175,48.08129225364431,50.08789419546035,52.05611170283282,54.00526664301336,55.954889343904924,57.924627110933244,59.93419456515477,62.00334601480489,64.13204008278666,66.2409684378396,68.23100797977936,70.00304153775585,71.49973939682721,72.83090521667681,74.14812837759078,75.60299998528507,77.28097889589961,79.00299141008963,80.54941764035368,81.80298797937219,82.6642897526595,83.0029870646417,82.71134905156697,81.80298797937219,80.33703526849504,78.43335539709422,76.22699656623871,73.85300782322415,71.42489882518092,68.97001927922517,66.49418305178314,64.00321248969367,61.50294499009563,58.999244495472624,56.49802140443694,54.00526664301336
47.1178358110796,49.18288363330137,51.19016718567002,53.1588075622888,55.10822919132721,57.05802216690758,59.02786950636792,61.03750768555321,63.10670469197861,65.23542768119457,67.34437362365836,69.33442350716118,71.10646302597873,72.60316433387601,73.934332366451,75.25155714135076,76.70643004570351,78.38441000059075,80.10642323956267,81.65284991602607,82.90642051659972,83.76772243050183,84.10641979057752,83.81478173631798,82.90642051659972,81.4404674918836,79.53678701782053,77.33042706275538,74.9564362666857,72.52832361653644,70.07343759050497,67.59758983099726,65.10659871154222,62.60629455178211,60.10252874257445,57.60118955383159,55.10822919132721
48.11891599683207,50.18485444776062,52.19267933034756,54.16165547008384,56.111288823032424,58.061216967250516,60.031151283234095,62.04084560046708,64.11007876678389,66.2388247113692,68.34778461318311,70.3378427048678,72.10988695483701,73.60659100008064,74.93776078890224,76.25498684482619,77.70986077833912,79.38784156206708,81.10985537629922,82.65628240691146,83.90985321508163,84.77115524058985,85.10985263883737,84.81821455188941,83.90985321508163,82.44389994127127,80.54021898887459,78.33385814152278,75.95986571593963,73.53175016710384,71.07685899780785,68.60100208521507,66.10999464912001,63.609661391383696,61.10584373946324,58.60441239602602,56.111288823032424
49.12048072470591,51.18712662543111,53.19538137366952,55.16462409169996,57.114425523315475,59.064460964517025,61.0344643193738,63.044203195677085,65.11346506303529,67.24222922766879,69.3512002091604,71.34126481573236,73.11331282083734,74.61001903872145,75.94119022148018,77.25841729415552,78.71329204451447,80.39127348609433,82.11328775691109,83.65971506861158,84.91328604155126,85.77458815564131,86.11328558418585,85.82164747129309,84.91328604155126,83.44733257003463,81.54365123798411,79.33728968242342,76.9632959634929,74.53517811396307,72.08028286243956,69.60441868498887,67.11339829821173,64.61304194490106,62.10918314382181,59.60767865218858,57.114425523315475
50.12243036941286,52.18963812488661,54.19823419109122,56.167688544719695,58.11762340143741,60.06774401285776,62.03780216740812,64.0475764117005,66.11686105966783,68.24563968578958,70.35461946131166,72.34468923878404,74.11674022435372,75.61344816666823,76.94462045579772,78.26184833547029,79.71672373416101,81.39470569787863,83.11672033108701,84.66314786588748,85.91671896960484,86.77802115400237,87.11671860659364,86.82508047310844,85.91671896960484,84.45076534116858,82.54708370778653,80.34072159011971,77.9667268446577,75.53860716906259,73.08370867746306,70.60783873385964,68.11680806802087,65.6164333834286,63.11254192125109,60.61097936872714,58.11762340143741
51.124685734412616,53.19233965590054,55.201206710419015,57.1708290722695,59.12086984177782,61.07105805823042,63.0411597095337,65.05096202631954,67.12026475563205,69.24905485998733,71.35804161538923,73.34811549702742,75.12016884820076,76.61687815919944,77.94805132645732,79.26527984664472,80.7201557599171,82.398138138056,84.12015305889491,85.66658077076997,86.92015197828567,87.78145421848629,88.12015169016347,87.82851354033409,86.92015197828567,85.4541982253022,83.55051635275305,81.34415378894215,78.97015822872089,76.5420371037748,74.08713604051898,71.61126152029746,69.12022269590005,66.61983346156335,64.1159160756317,61.61430743817691,59.12086984177782
52.22718388319447,54.29519206658021,56.304274257645886,58.27402998846483,60.224154829338275,62.174396707333116,64.1445328834227,66.15435748192951,68.22367456264438,70.35247377736948,72.46146607273926,74.45154321186823,76.22359844062701,77.72030883795284,79.0514827021825,80.36871173074731,81.8235880524437,83.50157075950912,85.2235859086406,86.7700137610599,88.0235850509604,88.88488733545196,89.22358482227764,88.93194665947581,88.0235850509604,86.55763119912372,84.65394913674751,82.44758621883165,80.07359001193514,77.64546773663716,75.19056463225243,72.71468647955439,70.22364117966559,67.72324039706523,65.21930243504366,62.717657218713086,60.224154829338275
53.22987481370701,55.298164262999194,57.307417241442124,59.277278840358676,61.22747041396555,63.17775488529203,65.14791846459876,67.15776074847714,69.22708922005202,71.35589566573906,73.4648923582053,75.45497208281424,77.22702880181642,78.72374006136182,80.05491447877885,81.37214391084336,82.82702055670627,84.50500352484096,86.22701885516838,87.77344681913775,89.02701817442713,89.88832049407242,90.2270179929215,89.93537981982345,89.02701817442713,87.56106424413059,85.6573820310885,83.45101883211926,81.07702211195603,78.64889892362231,76.19399419919007,73.71811316338567,71.22706272387136,68.72665277533004,66.2226984818077,63.72102423202175,61.22747041396555
54.33271880820125,56.40123155388436,58.410620107396326,60.38056574211713,62.33081028483521,64.28112856385798,66.25131389366446,68.26117021465711,70.33050772725448,72.4593199121955,74.56832009465289,76.55840187136342,78.33045977317438,79.82717171706462,81.15834657354709,82.47557632586972,83.93045322902387,85.6084364043694,87.3304518785122,88.87687993101892,90.13045133820748,90.99175368575433,91.33045119414635,91.03881301287622,90.13045133820748,88.66449734563733,86.76081501301162,84.55445159097012,82.18045446342664,79.75233055041555,77.2974245401491,74.82154121601678,72.33048669716347,69.83006947356085,67.32610221756195,64.82440492341429,62.33081028483521
55.435684323074895,57.50437433419131,59.513870506962746,61.483882846136865,63.43416943254891,65.38451454560635,67.35471713914364,69.3645846015433,71.43392929006228,73.56274603027467,75.67174898274823,77.66183238821594,79.433891228824,80.93060371587956,82.26177892084871,83.57900892736048,85.03388603472688,86.71186937453581,88.43388496282498,89.98031308560383,91.23388453398479,92.09518690367713,92.43388441964342,92.14224623188706,91.23388453398479,89.76793049198803,87.86424806444873,85.65788446535464,83.28388701447315,80.85576252628488,78.40085549545023,75.92497035506773,73.43391259843114,70.93348960057756,68.42951205615604,65.92779647137587,63.43416943254891
56.53874630979654,58.6075770386166,60.61715863720295,62.587223923007386,64.53754388083347,66.48791029261275,68.45812658860133,70.46800289403107,72.53735327811893,74.66617363386672,76.77517878490883,78.76526348312396,80.53732306885648,82.03403598702289,83.36521146858627,84.68244167684813,86.13731894629795,87.81530241664159,89.53731809552879,91.0837462740827,92.33731775515813,93.19862014242732,93.5373176644053,93.24567947150084,92.33731775515813,90.87136367393141,88.96768117105918,86.7613174314383,84.38731972392318,81.95919477921632,79.50428693835548,77.02840035641232,74.53734002993929,72.03691244904019,69.53292673863035,67.03119663636991,64.53754388083347
57.64188487954499,59.7108273099652,61.72047671632798,63.69058402796129,65.64093047352284,67.59131379044553,69.56154096221488,71.57142428641862,73.64077919110522,75.76960241651432,77.87860931256478,79.86869503683539,81.64075521397405,83.13746847431358,84.46864417540999,85.78587454380107,87.24075194189663,88.91873551584574,90.64075126664066,92.18717948946323,93.44075099648826,94.30205339770824,94.64075092445769,94.34911272746719,93.44075099648826,91.97479688412474,90.07111432146067,87.86475047030362,85.49075255909824,83.06262725205215,80.60771876827273,78.13183104216091,75.64076867600346,73.14033745752644,70.63634526572844,68.13460364081303,65.64093047352284
59.37980979062665,61.490044130990796,63.56220299557995,65.61476086181706,67.66497445582915,69.72757263000955,71.81369846297558,73.93049262424243,76.08175718333283,78.25704795371362,80.39645713744218,82.43067040603309,84.29428245604008,85.96059025452718,87.52699697845546,89.10907598583523,90.80282398876767,92.64029763908394,94.46441396387866,96.11706662216008,97.59555754024704,98.86533354836874,99.48519637679475,98.99950128091504,97.59555754024704,95.59817568603296,93.22669634390454,90.65248283472,88.02120746604389,85.43719939110916,82.89437947556314,80.37136320466622,77.85442960305107,75.3331437293442,72.7985761971189,70.24360855112194,67.66497445582915
57.62769294671955,59.69657007163836,61.70617983503435,63.67626257692248,65.62659353689348,67.57696697054071,69.54718778399697,71.55706700481495,73.62641926662539,75.75524081434591,77.86424669021332,79.85433181462187,81.62639164600722,83.12310470630237,84.45428027905336,85.77151055382825,87.22638787671374,88.90437139009208,90.62638709884764,92.17281529578948,93.42638678764361,94.28768918070756,94.62638670466747,94.33474851006578,93.42638678764361,91.96043269348357,90.05675016577555,87.8503863798258,85.47638858770368,83.04826349249167,80.59335538458123,78.11746832738386,75.62640715368575,73.12597806184408,70.62198965925859,68.12025477083615,65.62659353689348
55.821593566859676,57.89017993968183,59.899613193674725,61.86958653492452,63.81984854114455,65.77017796615252,67.74037046677253,69.75023141556584,71.81957190882585,73.94838598589148,76.05738731893199,78.04746977218048,79.81952806394031,81.31624023344554,82.64741523467922,83.96464509258458,85.41952208056256,87.09750532422136,88.81952084577725,90.36594892747297,91.61952035177167,92.4808227085171,92.81952022005525,92.52788203609093,91.61952035177167,90.15356633867113,88.2498839666211,86.0435204710371,83.66952320918844,81.24139905726553,78.78649262308488,76.31060854453548,73.81955268080236,71.31913305874744,68.81516152924802,66.31345663773777,63.81984854114455
54.61628683863819,56.701836507225934,58.73656812808245,60.73997827362419,62.731110247298915,64.72795483339505,66.74689295450217,68.80237205122017,70.90709417439041,73.05615053917505,75.1784612120796,77.18794671506967,79.0006051400506,80.57378330750632,82.0137371124554,83.4572390829733,85.02946162853402,86.78762312884575,88.56173488101588,90.1629996793929,91.53482152105651,92.61828401174449,93.11541791639443,92.7139499275332,91.53482152105651,89.79415344003989,87.662095920149,85.2849751998125,82.79613998611461,80.30026265405348,77.80774912526383,75.31187904649147,72.80989727489873,70.30068687259396,67.78386484694221,65.2599130233337,62.731110247298915
53.31101018517471,55.378403241192814,57.38711185901401,59.3566359948242,61.3066148432096,63.256763535212386,65.22683975680967,67.2366256615012,69.3059178198935,71.43470121372377,73.54368388847888,75.5337553707001,77.30580733887186,78.80251584969761,80.13368850357588,81.45091664929959,82.9057922617325,84.58377439758863,86.30578915027033,87.85221675862243,89.1057879054546,89.96709011303109,90.30578757355009,90.014149433276,89.1057879054546,87.63983422528504,85.73615249255997,83.52979018957791,81.15579510568871,78.72767482807564,76.27277526828567,73.79690342369051,71.3058693690308,68.80548864091965,66.30158641083679,63.80000471618685,61.3066148432096
52.65113916372012,54.72473834630678,56.7411567176289,58.720158057833146,60.681393347104276,62.644234135957404,64.62760720914119,66.64988435076371,68.72891541537884,70.8633007681564,72.97597472859117,74.97141816759944,76.75474232068191,78.27287585703714,79.63499317259391,80.98884047832132,82.47842776140509,84.18050888372314,85.9183493906808,87.48157788725017,88.77188045382304,89.70406984848441,90.0948407895144,89.76696924238416,88.77188045382304,87.22164739186536,85.25068403379011,82.99562965390365,80.58965059253104,78.14294122815727,75.67780718589663,73.19650979453019,70.70249498682274,68.19968830900339,65.69222761781147,63.18449822235114,60.681393347104276
40.02178838325711,42.06946334865849,44.066151753656094,46.02820675291754,47.9734704043052,49.920606656913804,51.88874357999986,53.89727741359091,55.96576292768637,58.094034176943495,60.20270538845416,62.19259371997683,63.96454011823788,65.46118754755109,66.79232101194259,68.10952057227361,69.56437321941947,71.24233685996342,72.96433877586236,74.51075848145916,75.76432499581428,76.62562471292014,76.96432132164131,76.67268391080371,75.76432499581428,74.29837687413493,72.39470581531688,70.1883634234533,67.8144047014965,65.38634910628792,62.9315643133601,60.455896704740525,57.96522670968264,55.465495159222215,52.962749348797445,50.46322267071697,47.9734704043052
41.01342601513123,43.06553910573351,45.06494067429928,47.0286845135558,48.975015471867735,50.922834073682026,52.89141046200572,54.90022810857921,56.968896502135976,59.09728387658117,61.20602571537508,63.19595557990709,64.96792591882912,66.46458720013358,67.79572955194865,69.11293559493728,70.56779345022485,72.2457612852107,73.96776611229542,75.51418761011944,76.76775517505254,77.62905545696105,77.96775225885767,77.6761146825944,76.76775517505254,75.30180579278908,73.3981323132889,71.19178540589432,68.81781843765995,66.38974817369673,63.934937354215606,61.45922343076738,58.96847088166864,56.468592137165984,53.965584163180765,51.46559174029994,48.975015471867735
42.0074742320173,44.06312383816563,46.06468419308881,48.02977057170017,49.976949500062354,51.92531002901383,53.894235363238906,55.90327833044111,57.972091898976714,60.1005714512455,62.20936935038503,64.1993321809441,65.97132152204821,67.46799379786974,68.79914320372268,70.11635439204585,71.57121638106506,73.24918754519678,74.97119468289827,76.51761760321693,77.7711860019956,78.6324867321888,78.97118368740902,78.67954597984719,77.7711860019956,76.30523561920434,74.40156021840298,72.19520972701565,69.82123621366463,67.39315430697371,64.9383228298003,62.46257214498141,59.97175406869516,57.47175848352492,54.96854239000788,52.46818017827064,49.976949500062354
43.00344412676903,45.061909517856094,47.0651866825542,49.031339965021914,50.979192462589396,52.92798333768715,54.89718572003221,56.906407560959266,58.9753363697304,61.10388908938319,63.21273148581189,65.202720482315,66.97472490575518,68.47140590804679,69.80256091274697,71.11977618495368,72.5746414549347,74.25261526142079,75.9746242330645,77.52104828241983,78.77461734302292,79.63591842902022,79.9746155059336,79.68297769415994,78.77461734302292,77.30866616611122,75.40498924036933,73.1986359043566,70.82465719611673,68.39656604850518,65.94171817505645,63.46593831192027,60.97506822414964,58.474979894491696,55.97159859107674,53.4709427977096,50.979192462589396
44.00094457848623,46.06165045935687,48.0662923918612,50.033293315553145,51.981680762706056,53.930813341377956,55.90023567341507,57.90959950958933,59.97861979390753,62.10723059020371,64.21610830551711,66.20611807044216,67.97813446492569,69.47482239349435,70.80598184203629,72.12320035564173,73.5780682297345,75.2560441334646,76.97805456071205,78.52447950618554,79.77804909207958,80.63935046047901,80.97804763398034,80.6864097394936,79.77804909207958,78.31209728487343,76.40841914878365,74.20206355498493,71.82808072354246,69.39998224135594,66.94512135401487,64.46931833153015,61.978406960628604,59.47824501458902,56.974732568039684,54.473843708349946,51.981680762706056
44.99966320149345,47.06215090010495,49.067877397388955,51.035551623668496,52.98436387329194,54.933767749008155,56.90336469080749,58.9128412432255,60.981934137600206,63.11059103165978,65.21949678044915,67.20952302959557,68.98154892561922,70.47824235162372,71.80940532726649,73.12662641358318,74.58149635456756,76.25947392288512,77.98148550544781,79.5279111621715,80.78148116498951,81.64278275753179,81.9814800076951,81.68984204755895,80.78148116498951,79.31552885751798,77.41184976077334,75.2054923749653,72.83150627092431,70.40340196724944,67.94853075067437,65.47270934628575,62.98176520794085,60.48154482936957,57.97792828439498,55.476854408064895,52.98436387329194
45.99935081702503,48.06325498137322,50.06984314884089,52.038052109538185,53.987201659192735,55.93682091818107,57.90655647025832,59.916122494780325,61.9852730234913,64.11396650681952,66.22289450633446,68.21293383921383,69.9849672766884,71.48166506603964,72.81283084115762,74.13005396944385,75.58492555092535,77.26290444042925,78.98491693996733,80.53134316121117,81.78491349494217,82.64621526538683,82.9849125763968,82.69327456415465,81.78491349494217,80.31896079040946,78.41528093119186,76.20892212306299,73.83493342155222,71.40682449733865,68.95194508238151,66.47610908806665,63.98513894155428,61.48487218305419,58.98117300877246,56.47995226461424,53.987201659192735
47.09980886783946,49.16483869348226,51.17211130556724,53.140744895714334,55.09016224509652,57.03995248835028,59.009798069603434,61.01943511395402,63.08863138939665,65.21735391455988,67.32629957482816,69.31634929239789,71.08838871557236,72.58508996813248,73.91625796520384,75.23348271420687,76.68835559775448,78.36633553588618,80.08834876322882,81.6347754325329,82.88834602890984,83.74964794055575,84.08834529985978,83.79670724626104,82.88834602890984,81.42239300922932,79.51871254483608,77.31235260780906,74.93836184468105,72.51024925313058,70.05536333107337,67.57951575660061,65.08852496699491,62.5882213954624,60.0844566342666,57.58311930841967,55.09016224509652
48.100879263109576,50.16680341756269,52.17461961206355,54.14359036350089,56.09322031893228,58.04314629419497,60.013079214562964,62.0227726310257,64.09200521714041,66.22075079339874,68.32971047123088,70.31976843121328,72.09181260527009,73.58851660659244,74.9196863672347,76.23691240260439,77.69178631960423,79.36976709003329,81.09178089503527,82.63820791996514,83.89177872480438,84.75308074852185,85.0917781461569,84.80014005973342,83.89177872480438,82.42582545499079,80.52214451026906,78.31578367723415,75.94179127779685,73.51367577547106,71.05878468869986,68.58292792297051,66.0919207486806,63.59158795783202,61.08777113775459,58.58634127301103,56.09322031893228
49.10243621269921,51.169070758369095,53.177318607857316,55.146557048011715,57.096355782542304,59.04638950204975,61.01639174912657,63.02612991045572,65.09539131729417,67.22415518958123,69.33312599329648,71.32319049533558,73.09523844018858,74.59194462321224,75.923115783605,77.24034283996636,78.69521757721884,80.37319900824336,82.09521327173412,83.64164057892451,84.89521154922043,85.75651366188919,86.09521108994758,85.8035729774711,84.89521154922043,83.42925808087602,81.52557675491714,79.31921521071979,76.94522151254127,74.51710369992651,72.0622085139032,69.58634445301877,67.09532427403877,64.59496829130417,62.09111015048154,59.589606832558914,57.096355782542304
50.1043796790008,52.17157841695747,54.180169005722036,56.149619963254196,58.09955267899568,60.0496719237849,62.01972919903987,64.02950287583654,66.09878715828086,68.22756555236387,70.33654518678355,72.3266148812877,74.09866581903522,75.5953737336809,76.92654600505846,78.24377387178262,79.69864926007071,81.37663121541055,83.09864584280427,84.64507337402507,85.89864447564409,86.7599466589135,87.09864411111894,86.80700597796415,85.89864447564409,84.43269084972562,82.52900922117848,80.32264711253077,77.94865238353964,75.5205327372441,73.06563429763224,70.589764446548,68.09873394563931,65.59835955517792,63.094468617060485,60.59290699615579,58.09955267899568
51.10663013718441,53.17427689830977,55.18313960418473,57.15275927008304,59.1027983401093,61.05298547178943,63.02308642516411,65.03288829151543,67.10219073070698,69.23098065089096,71.33996729429907,73.33004111008503,75.10209442330179,76.59880371233969,77.92997686550783,79.24720537541803,80.70208128043387,82.38006365192331,84.1020785681471,85.648506277181,86.90207748303123,87.76337972233647,88.1020771937074,87.81043904414025,86.90207748303123,85.43612373204613,83.53244186333448,81.32607930668202,78.95208375953374,76.52396265784274,74.06906163584966,71.59318718906094,69.1021484955695,66.60175949468741,64.09784252471141,61.596234626711365,59.1027983401093
52.20912438952435,54.277126887738135,56.28620562652915,58.25595921727408,60.20608270914924,62.156323726111296,64.12645934823477,66.13628358922342,68.20560043966587,70.33439950821283,72.44339171469258,74.43346880155447,76.20552400018698,77.70223438008252,79.03340823312914,80.35063725353693,81.80551356868008,83.48349627046784,85.2055114159363,86.75193926610055,88.00551055467918,88.86681283846005,89.2055103250427,88.91387216244902,88.00551055467918,86.5395567044286,84.63587464509821,82.42951173286401,80.05551553634353,77.62739327950317,75.17249020786876,72.69661211345452,70.20556691746641,67.70516632016088,65.2012286882891,62.6995840588818,60.20608270914924
53.2118122262316,55.280097161946586,57.28934739984216,59.25920729999474,61.209397802826274,63.1596815907202,65.12984473033127,67.13968673044222,69.20901501924767,71.33782134891223,73.44681797082616,75.43689765395055,77.20895434904148,78.70566559475239,80.03684000329342,81.35406942888369,82.80894606954531,84.4869290334911,86.20894436091119,87.75537232309071,89.0089436773309,89.87024599641217,90.20894349506833,89.91730532213549,89.0089436773309,87.54298974829328,85.63930753766867,83.43294434320899,81.05894763128119,78.63082445759733,76.17591975915903,73.70003876961465,71.20898841256673,68.70857861109512,66.20462457961638,63.70295079568288,61.209397802826274
54.31465376441629,56.38316292688101,58.39254930491971,60.36249359121341,62.3127372840095,64.26305502057232,66.23324000138429,68.24309609714734,70.31243346467929,72.44124555753267,74.55024568399242,76.54032742777659,78.31238531060916,79.80909724351896,81.14027209295655,82.45750184014055,83.91237873916643,85.59036191118722,87.3123773830225,88.8588054341086,90.11237684046444,90.97367918756359,91.31237669580251,91.02073851466349,90.11237684046444,88.64642284889348,86.74274051818651,84.53637709972425,82.16237997871727,79.73425607733374,77.27935008769875,74.80346680028308,72.31241234688362,69.811995240011,67.30802819199845,64.80633126760516,62.3127372840095
55.41761732924016,57.48630449585659,59.49579894176509,61.46581021061803,63.41609612241692,65.36644080491153,67.33664312144676,69.34651040507953,71.41585497845918,73.54467164558125,75.65367455360935,77.64375793294334,79.41581675848823,80.91252923682859,82.24370443620623,83.56093443863948,85.01581154272925,86.69379487989931,88.41581046635699,89.96223858800832,91.21581003572837,92.07711240506538,92.41580992091014,92.12417173325784,91.21581003572837,89.74985599452467,87.84617356850829,85.63980997225502,83.26581252656155,80.8376880476021,78.38278103314263,75.90689592190222,73.41583821721653,70.91541531201204,68.4114379326708,65.90972264136926,63.41609612241692
56.52067776790656,58.58950623873187,60.599086466587366,62.56915090283077,64.51947032519739,66.46983639523113,68.44005247135988,70.449928634901,72.51927892760216,74.64809922533794,76.7571043411036,78.74718901857636,80.51924859235321,82.01596150360237,83.34713698072775,84.6643671857525,86.11924445260166,87.79722792085083,89.51924359828436,91.06567177594336,92.31924325649419,93.18054564348137,93.5192431653629,93.22760497254103,92.31924325649419,90.85328917589693,88.94960667423342,86.74324293686735,84.36924523346995,81.941120296088,79.48621246822418,77.01032590941114,74.51926562417164,72.01883811680847,69.51485253742382,67.01312266810032,64.51947032519739
57.62381510877391,59.6927557468249,61.702404065162995,63.672510702469964,65.62285672302527,67.57323976869955,69.54346676596408,71.55334997754994,73.62270480970255,75.75152798906736,77.86053485711884,79.8506205649262,81.62268073257562,83.11939398742493,84.4505696849989,85.76780005082068,87.22267744685209,88.90066101913882,90.62267676877997,92.16910499089225,93.42267649750092,94.28397889849704,94.62267642516994,94.33103822824499,93.42267649750092,91.956722385637,90.05303982393228,87.84667597456487,85.47267806662771,83.04455276539544,80.58964429193179,78.11375658417833,75.62269425074801,73.12226309063666,70.61827100283398,68.1165295628025,65.62285672302527
59.36256099619044,61.47285424013745,63.54510177743735,65.59777492727949,67.64812538664454,69.71087370388715,71.79715061919924,73.9140806277156,76.0654470287032,78.24079472373828,80.38024082356087,82.41450722300877,84.27822780226134,85.94473069571544,87.51139570052888,89.0937492314691,90.78773086021633,92.62535348921995,94.44956235041305,96.10230899933092,97.58099149904228,98.85109103167032,99.4711595023295,98.98532390484748,97.58099149904228,95.58314047193824,93.21119779743626,90.63658318990265,88.0050063772926,85.42080676974989,82.87787576537698,80.35479901115477,77.83783193379863,75.31651893980592,72.7819114155794,70.22687347655665,67.64812538664454
57.59776691241295,59.66664061325757,61.67624829808159,63.646329751711434,65.59665989972702,67.54703281516323,69.51725329523263,71.52713230089657,73.59648442413217,75.72530588388585,77.8343117062616,79.82439679921737,81.59645661247369,83.09316966227982,84.42434522830123,85.74157549816748,87.19645281710947,88.87443632731188,90.59645203386319,92.142880229448,93.39645172050666,94.25775411314294,94.5964516369566,94.30481344248017,93.39645172050666,91.9304976273011,90.02681510142594,87.82045131889521,85.44645353301705,83.01832844891221,80.56342036070987,78.08753333858596,75.59647222741253,73.09604324707747,70.59205504317302,68.09032050796685,65.59665989972702
55.79167283730109,57.86025377630608,59.86968373136358,61.83965502786256,63.789915745276744,65.74024434771384,67.71043631913071,69.72029692639461,71.78963719968338,73.91845113711133,76.02745238523951,78.01753478855994,79.78959305154177,81.28630520439677,82.6174801949479,83.93471004506134,85.38958702677934,87.06757026539671,88.78958578345353,90.33601386299512,91.5895852860311,92.45088764209767,92.78958515340365,92.49794696963815,91.5895852860311,90.1236312744457,88.21994890530516,86.01358541514855,83.63958816321151,81.21146402892015,78.75655762602409,76.28067360315018,73.78961783866839,71.28919839361782,68.78522717950045,66.2835228486722,63.789915745276744
54.58722260335087,56.67283971183021,58.70767431797424,60.71122105023255,62.70251927129809,64.6995515498253,66.71868440649988,68.77434385825637,70.87920458856502,73.02833973666834,75.15070201330082,77.16026250449536,78.97307679770395,80.54654460487396,81.9869017305919,83.4308593440343,85.0034935680394,86.7619300033335,88.53621768540377,90.13766539581589,91.50987387414567,92.59403480005165,93.09164535866276,92.68984880714109,91.50987387414567,89.76829106896845,87.63542765914079,85.25767596530122,82.76840218874185,80.27226060276737,77.77959861349186,75.28364913230408,72.78162383760352,70.27237839384378,67.75550504899302,65.231464029596,62.70251927129809
53.28111122379542,55.34849060359798,57.35719091474479,59.32670990050377,61.276685502263916,63.22683212191001,65.19690701015953,67.20669205431652,69.27598365844248,71.40476670041824,73.51374916121159,75.50382051762335,77.27587241327967,78.77258088214965,80.10375350910971,81.42098163519901,82.87585723185788,84.5538393550103,86.27585409887494,87.82228170179899,89.0758528454493,89.93715505131522,90.27585251124916,89.98421437147606,89.0758528454493,87.60989916909764,85.706217443704,83.49985515439809,81.1258600954846,78.69773986230007,76.24284038134189,73.76696867703879,71.27593487247218,68.77555459036978,66.27165315495455,63.77007287299125,61.276685502263916
52.62143133298018,54.69504878962225,56.71149526220712,58.69053424157913,60.6518159212243,62.61470986243883,64.59813897478445,66.62046884724172,68.69954099110849,70.83394991146884,72.94663939567306,74.942105516682,76.72547729001357,78.2437010552244,79.60594792444408,80.95994735556698,82.44967765734835,84.15185739819223,85.88976236921839,87.45305904663627,88.74350976140806,89.67598153444364,90.06695698169567,89.73894339724882,88.74350976140806,87.19293489698303,85.2216938536644,82.96643580504355,80.56032171801276,78.11353343510247,75.64835583170395,73.16703536655612,70.67300797693706,68.17019120266079,65.66271577860569,63.15496092725793,60.6518159212243
40.00510178718925,42.052693016270474,44.04933018770032,46.011353279564375,47.9565967597113,49.90372011382277,51.871848728571905,53.880377196064,55.94885925223795,58.077128305699745,60.18579818169951,62.17568572785265,63.947631673403635,65.44427884077906,66.77541213711109,68.09261157485611,69.5474641235167,71.22542768474423,72.94742954559294,74.49384921729887,75.74741571178765,76.60871541821315,76.94741202328134,76.65577461557197,75.74741571178765,74.28146761394584,72.37779660090268,70.17145429442732,67.79749572840655,65.36944041058142,62.91465610980859,60.438989376982306,57.948320942961885,55.44859217575976,52.94585132228744,50.44633344969355,47.9565967597113
40.99669394817173,43.048740282888275,45.04810107459309,47.011819544489,48.958134474975495,50.90594283193522,52.874512622926204,54.88332600919662,56.95199165770387,59.08037728915076,61.18911806787642,63.179047309033706,64.95101728862966,66.44767836203008,67.77882058045445,69.09602652614552,70.55088430326475,72.2288520752968,73.95085685868796,75.4972783296127,76.75084587877788,77.61214615220936,77.95084295120662,77.65920537742619,76.75084587877788,75.28489651543431,73.38122307226575,71.17487623264412,68.80090938817716,66.37283934437606,63.918028915527145,61.44231568722327,58.9515643772053,56.451687842044066,53.948683803243256,51.44869837196329,48.958134474975495
41.990705898001686,44.046302333429296,46.04783025243789,48.01289646731014,49.96006266308464,51.90841505607977,53.877335152106525,55.88637473713037,57.95518612660652,60.08366429533419,62.1924613530513,64.18242368882079,65.95441274472142,67.45108485552693,68.7822341555065,70.09944526660394,71.5543071935805,73.23227830774556,74.95428541076734,76.50070830973604,77.75427669599964,78.61557741946461,78.95427437238365,78.66263666679244,77.75427669599964,76.28832632822511,74.38465095626029,72.17830051866457,69.80432710354833,67.37624537160194,64.92141420447886,62.445664071413276,59.95484697863937,57.45485314719332,54.95164017756899,52.45128351675916,49.96006266308464
42.986646895465626,45.04506996684407,47.04832134208891,49.014458602873205,50.962300987455585,52.91108540213422,54.88028362572611,56.889502781728936,58.95842986078273,61.08698148224106,63.19582321080354,65.1858118145814,66.95781601165147,68.45449688296824,69.78565180363594,71.10286701454818,72.55773223528573,74.23570600211309,75.95771494623148,77.50413897864127,78.75770802931115,79.61900910996826,79.95770618505517,79.6660683748456,78.75770802931115,77.29175686431827,75.38807996146397,73.18172666814576,70.80774803787526,68.3796570289596,65.9248094016014,63.44902997640273,60.95816066927989,58.45807373166008,55.95469490801737,53.45404352148941,50.962300987455585
43.98412434039561,46.044796557420426,48.049417992373904,50.01640618847185,51.96478560445129,53.91391305365316,55.88333208413421,57.89269378897555,59.96171270029225,62.09032262490231,64.19919981011179,66.18920926332397,67.96122547813496,69.45791330274787,70.78907268459272,72.10629114954843,73.5611589845565,75.23913485680939,76.96114526220993,78.50757019423372,79.76113977224375,80.62244113640466,80.96113830845633,80.66950041521102,79.76113977224375,78.2951879744976,76.39150985657373,74.18515429666174,71.81117152710382,69.383073155001,66.92821246298422,64.45240978809743,61.9614990368176,59.461338195706404,56.95782771756592,54.456942356258,51.96478560445129
44.98282465799262,47.04528559040895,49.0509958008207,51.01865991815363,52.967465790598595,54.916865593897086,56.88645991477614,58.89593477536053,60.96502657990516,63.09368278207636,65.20258811011057,67.19261411184614,68.96463986526203,70.46133320875617,71.79249613146115,73.10971717916442,74.56458708912714,76.24256463246118,77.96457619768391,79.51100184373257,80.76457184029306,81.6258734294712,81.96457067848391,81.67293271933306,80.76457184029306,79.2986195403299,77.39494045800357,75.1885830990915,72.81459704416845,70.38649282786751,67.93162176632275,65.45580063782702,62.96485699128951,60.46463748974267,57.96102250722899,55.459951407989365,52.967465790598595
45.98249771612415,48.04638060633377,50.05295583557411,52.02115676835062,53.97030125465021,55.91991728063081,57.889650752183854,59.89921543377467,61.96836509743774,64.0970580315945,66.20598569714863,68.19602483365527,69.96805815794103,71.46475588180337,72.79592161490439,74.113144712543,75.56801626940256,77.245995139077,78.96800762485235,80.51443383762339,81.76800416638777,82.62930593416232,82.96800324425905,82.67636523279896,81.76800416638777,80.3020514678145,78.39837162004073,76.19201283325921,73.81802417073348,71.38991531586889,68.93503602396027,66.45920024862437,63.968230492468194,61.46796443008945,58.96426649601803,56.46304795630449,53.97030125465021
47.082944194793,49.14795711633484,51.15521945219705,53.1238466677772,55.073259997246836,57.0230476740021,58.9928916037541,61.002527582142676,63.07172317096533,65.20044526023875,67.30939065543762,69.29944021714454,71.07147955048036,72.56818075106166,73.89934871478404,75.216573439462,76.67144630346712,78.34942622586013,80.07143944227929,81.61786610485848,82.87143669729343,83.73273860682008,84.07143596539926,83.77979791242124,82.87143669729343,81.40548368234289,79.50180322703264,77.29544330694905,74.92145257476355,72.49334003825558,70.03845421386256,67.5626068131952,65.0716163334207,62.57131331441681,60.06754953762969,57.56621396161958,55.073259997246836
48.08400539392651,50.14991611972068,52.15772415347283,54.126689843646815,56.07631660776249,58.026240545705036,59.99617215515724,62.005864725516986,64.07509676664152,66.20384199692617,68.31280146436978,70.30285930064274,72.07490340339417,73.57160736346077,74.90277709763384,76.22000311369666,77.67487701518561,79.35285777312285,81.07487156945483,82.62129858904717,83.87486939075765,84.73617141279306,85.0748688098528,84.78323072392199,83.87486939075765,82.40891612469825,80.50523518718569,78.29887436759881,75.92488199272061,73.49676653408221,71.04187552482745,68.5660188970486,66.0750119686752,63.57467961637943,61.07086357766113,58.56943510186977,56.07631660776249
49.08555503739553,51.15217891724815,53.160420286705516,55.12965470861934,57.07945090975417,59.02948301205751,60.99948421858517,63.00922170833141,65.07848268259858,67.20724628028132,69.31621691700926,71.30628132085948,73.07832920911713,74.57503535939597,75.90620649878005,77.22343353981753,78.67830826475898,80.35628968586875,82.07830394247813,83.62473124543212,84.87830221324472,85.73960432457841,86.0783017521802,85.78666364009473,84.87830221324472,83.41234874788003,81.50866742764306,79.3023058941194,76.9283122154335,74.50019443749349,72.04529931299527,69.5694353616029,67.07841537780902,64.57805974316068,62.07420222252428,59.5727000070804,57.07945090975417
50.08749270032014,52.15468296809314,54.16326841186344,56.13271617941443,58.082646884116855,60.03276484521561,62.00282129453913,64.01259443828089,66.0818783773854,68.2106565535118,70.31963605539244,72.30970567196358,74.08175656479118,75.57846445344722,76.90963670815017,78.22686456271171,79.68173994122856,81.35972188869903,83.081736510631,84.62816403848936,85.88173513813737,86.74303732034716,87.08173477219019,86.79009663934576,85.88173513813737,84.4157815145839,82.51209989057827,80.30573779040228,77.93174307688246,75.50362345810834,73.04872506732909,70.57285530314914,68.08182495716113,65.58145084298016,63.07756039711815,60.575999651293415,58.082646884116855
51.08973854951931,53.15737858488042,55.16623720604234,57.13585433960884,59.08589181329498,61.03607792603705,63.00617822383987,65.01597966709313,67.08528183377082,69.21407158096058,71.32305811917166,73.31313187310194,75.08518515066562,76.58189441907547,77.91306755900894,79.2302960592657,80.68517195652606,82.36315432176957,84.08516923365838,85.6315969400235,86.88516814430938,87.74647038277354,88.08516785385686,87.79352970453603,86.88516814430938,85.41921439520137,83.51553253009428,81.30916998016585,78.93517444529715,76.50705336544996,74.05215238221541,71.57627800440295,69.08523943387297,66.58485065227745,64.08093407301318,61.579326869591014,59.08589181329498
52.19222914191461,54.2602263000105,56.26930179605152,58.239053376604815,60.189175601352204,62.139415809537056,64.10955091131416,66.11937481648201,68.18869145062699,70.31749038186716,72.42648250485152,74.41655954261834,76.18861471295295,77.68532507647595,79.01649891901819,80.333727931764,81.78860424075167,83.46658693758202,85.18860207960981,86.73502992765583,87.9886012149928,88.84990349810619,89.18860098446049,88.89696282206232,87.9886012149928,86.52264736623209,84.61896530976267,82.41260240286533,80.03860621609118,77.61048397658826,75.15558093571659,72.67970289604901,70.18865779765602,67.68825737439998,65.1843200526416,62.68267597453779,60.189175601352204
53.19491407259271,55.26319476867138,57.272442432346466,59.242300736833386,61.19249023387454,63.14277337981288,65.11293610641299,67.122777839978,69.19210595710611,71.32091217778947,73.42990873343275,75.41998837759023,77.19204505022105,78.68875628293709,80.0199306831408,81.33716010264976,82.79203673842572,84.47001969843681,86.19203502312604,87.73846298362436,88.99203433687904,89.8533366554305,90.19203415390544,89.90039598112776,88.99203433687904,87.52608040902393,85.62239820067005,83.4160350104462,81.04203830625411,78.61391514633101,76.15901047230913,73.68312952621733,71.19207924663098,68.69166958330362,66.18771579796534,63.68604245161224,61.19249023387454
54.29775330354882,56.36625910026713,58.375643434863306,60.34558645456576,62.29582934902112,64.2461465760454,66.21633122904295,68.22618711324535,70.29552434451561,72.42433635087008,74.53333642473063,76.52341813758669,78.29547600259262,79.79218792518837,81.12336276800862,82.44059251036589,83.895469405514,85.57345257441185,87.29546804407963,88.84189609383135,90.095467499405,90.95676984608363,91.29546735417873,91.00382917316287,90.095467499405,88.62951350877256,86.72583117986792,84.51946776476763,82.14547064990046,79.71734675943887,77.26244078918324,74.78655753625597,72.29550314433801,69.7950861471112,67.29111929446259,64.78942271738367,62.29582934902112
55.40071503667559,57.46939953142797,59.47889235527718,61.44890261876631,63.39918789689379,65.34953217495601,67.31973423130009,69.32960134701514,71.39894581224308,73.52776241071058,75.63676527699056,77.6268486317769,79.39890744317273,80.89561991332681,82.22679510745226,83.5440251060545,84.99890220706654,86.6768855417579,88.39890112649525,89.94532924708747,91.19890069418666,92.0602030631899,92.39890057892052,92.10726239136598,91.19890069418666,89.7329466537279,87.829264229142,85.62290063555714,83.24890319473684,80.82077872444616,78.36587172536812,75.8899866415012,73.39892898561354,70.89850616743544,68.39452894315593,65.89281392752217,63.39918789689379
56.50377402124042,58.57260037111007,60.582179311424156,62.55224294966587,64.50256186906955,66.45292761809792,68.42314348770986,70.4330195179734,72.50236972483404,74.63118996807847,76.74019505070856,78.73027970869776,80.50233927124452,81.99905217599624,83.33022764895293,84.647457850937,86.10233511534335,87.7803185816252,89.50233425769329,91.04876243451167,92.30233391456976,93.16363630129202,93.50233382308292,93.21069563033866,92.30233391456976,90.83637983456373,88.9326973340356,86.72633359878743,84.3523358992579,81.92421096875634,79.46930315310077,76.99341661601412,74.50235636950572,72.00192893121569,69.49794347490447,66.99621382438124,64.50256186906955
57.60691020780847,59.675849162269486,61.685496458614665,63.655602462519624,65.6059480838619,67.55633087474952,69.52655770809972,71.53644081390235,73.60579557792298,75.73461871403781,77.84362555578954,79.8337112481328,81.60577140686885,83.10248465656113,84.43366035082641,85.75089071423483,87.20576810832738,88.88375167905264,90.60576742761002,92.15219564905512,93.40576715527268,94.26706955605854,94.60576708265954,94.31412888579618,93.40576715527268,91.93981304387802,90.03613048307449,87.82976663538805,85.45576873052082,83.0276434347495,80.57273497097553,78.09684728046635,75.605784977777,73.10535387248919,70.6013618823705,68.09962061600254,65.6059480838619
59.34637530509356,61.45672016254315,63.529045395682104,65.58181955362183,67.63228992384508,69.69516977669545,71.78157904188129,73.89862804677688,76.05008365233034,78.22548120665813,80.36495963997584,82.3992725739487,84.2630882049444,85.92976195465664,87.4966531292477,89.0792470255926,90.77343318834113,92.61118623396796,94.4354760977227,96.08830501886911,97.56715520417143,98.83753787650825,99.45778629900937,98.97182775418233,97.56715520417143,95.56889349963969,93.19654517837822,90.62157934432133,87.98973852870786,85.4053711600601,82.86234284796183,80.33921311169748,77.82221670974477,75.30087995819432,72.7662374001907,70.2111378816325,67.63228992384508
57.565036615934716,59.63390654473075,61.64351193974312,63.613591974191266,65.56392122773345,67.51429357229331,69.48451368509393,71.49439245373782,73.56374442431532,75.6925657871621,77.80157155060988,79.79165660891631,81.56371640220115,83.06042944045228,84.39160499906016,85.70883526351895,87.16371257811664,88.84169608482034,90.56371178894338,92.11013998303324,93.3637114732156,94.22501386538079,94.56371138903333,94.27207319469487,93.3637114732156,91.89775738106152,89.9940748572055,87.7877110784413,85.41371329944167,82.98558822757283,80.53068016108149,78.05479317759551,75.56373213530115,73.06330327780512,70.55931529277348,68.05758114668077,65.56392122773345
55.75894838465803,57.82752333764206,59.83694965850695,61.80691870245266,63.75717800008192,65.70750569635135,67.67769708478261,69.68755731580771,71.75689734676966,73.8857111303686,75.99471228495487,77.98479463327305,79.75685286455219,81.25356499906479,82.5847399778477,83.90196981937731,85.35684679419919,87.03483002726271,88.75684554146487,90.3032736186334,91.55684504027833,92.41814739559707,92.75684490664729,92.46520672310082,91.55684504027833,90.09089103036204,88.18720866442669,85.98084518024905,83.60684793923097,81.17872382436303,78.72381745593103,76.2479334943909,73.75687783924727,71.25645858918995,68.75248772250674,66.25078400934218,63.75717800008192
54.55549927394489,56.641195117215645,58.67614995161202,60.679856129952014,62.67134840716585,64.66859975471817,66.68795987927138,68.74382979628585,70.84885226128279,72.99807933325553,75.12050181882739,77.13014980016777,78.94314593729146,80.51695161554541,81.95777914248342,83.40226806771182,84.97538223400568,86.73413913868092,88.50863186489802,90.11029273797932,91.48295173233441,92.56792626748891,93.0660919191165,92.6639127501781,91.48295173233441,89.74030293371065,87.6064999597581,85.22801236824242,82.73822696402436,80.24177704524828,77.74894181369163,75.25289967055753,72.75082358320103,70.24153724430437,67.72460400608182,65.20045888482984,62.67134840716585
53.24841075133344,55.315775065223534,57.32446622557174,59.293979537912804,61.243951563106734,63.19409589978824,65.16416931918434,67.17395341535175,69.24324440888178,71.37202706324427,73.48100928833102,75.47108050614737,77.24313232191855,78.7398407445688,80.07101334187493,81.3882414463344,82.84311702561612,84.52109913477375,86.24311386892526,87.7895414658696,89.04311260601472,89.90441480999618,90.24311226928559,89.95147413006443,89.04311260601472,87.57715893386893,85.67347721655185,83.46711494231198,81.09311991091246,78.66499972667174,76.21010033255699,73.73422878280377,71.24319525374707,68.74281546298101,66.23891490299465,63.737336177287105,61.243951563106734
52.58895648477491,54.66259528314566,56.67907457398411,58.65815750979658,60.61949336473499,62.582449376439115,64.56594392865098,66.58833537599605,68.6674554878327,70.80189192745925,72.91459953819691,74.91009214388951,76.69351952012505,78.21184863576778,79.5742467624282,80.92842379162241,82.41832104760766,84.12061590476183,85.85859612091745,87.42197237921047,88.71259600363713,89.64539731630484,90.03661139627722,89.70843207495115,88.71259600363713,87.16162218868237,85.1900569821091,82.93456114681406,80.52828940173065,78.08140896739323,75.616180497064,73.1348330879011,70.64079100583837,68.13796244142482,65.63046981296273,63.122685235020995,60.61949336473499
39.989686235034355,42.03719981824911,44.03378948109618,45.99578298487448,47.94100775978856,49.88811915275369,51.856240062907446,53.86476355422356,55.93324240373663,58.061509420952135,60.17017805847976,62.160064876328306,63.93201040206306,65.428657326533,66.75979046701671,68.07698979108272,69.53184224841394,71.20980573608811,72.93180754588647,74.47822718616406,75.73179366222996,76.59309335875113,76.93178996043184,76.64015255562333,75.73179366222996,74.26584558649367,72.36217461589942,70.15583238860802,67.78187396719305,65.35381890659684,62.8990350622192,60.423369141551134,57.93270215514249,55.43297596896345,52.93023971225698,50.43073000529236,47.94100775978856
40.981236232750085,43.033220665968614,45.03254364514237,46.99623858959288,48.94253865706402,50.89033751365086,52.85890118670679,54.867710622241134,56.9363737251588,59.06475774025503,61.17349753593719,63.163426199014026,64.93539584539243,66.43205672599503,67.76319882072082,69.08040467618393,70.53526238081443,72.21323009446687,73.93523483733921,75.48165628331918,76.73522381786208,77.59652408343246,77.93522087974105,77.64358330826309,76.73522381786208,75.26927447206373,73.36560106258696,71.15925428581399,68.78528755612152,66.35721771648569,63.90240764988579,61.426695066217235,58.935944905248206,56.43607041889564,53.9330700293402,51.433091081620496,48.94253865706402
41.975214553037276,44.03076168359422,46.03225952441446,47.997307041006465,49.944461429485216,51.89280627773847,53.861721516195956,55.87075796479843,57.93956733354821,60.06804421926353,62.176840496695974,64.16680237362714,65.93879116504704,67.43546312282652,68.76661232462541,70.0838233641083,71.53868523355018,73.21665630137913,74.93866337224105,76.48508625141102,77.7386546260689,78.5999553432945,78.9386522940795,78.64701459031576,77.7386546260689,76.27270427222004,74.36902892699646,72.16267853928389,69.78870521526477,67.36062364536606,64.90579276576523,62.43004314436271,59.939226963639115,57.43923475849067,54.93602468577208,52.43567317254066,49.944461429485216
42.97112875437462,45.02951258254805,47.0327400427866,48.998862446248765,50.9466954527437,52.895473876451504,54.86466824347821,56.873884909647984,58.942810384667126,61.07136098772605,63.18020209694936,65.17019033653722,66.94219432368516,68.43887507354367,69.77002991628464,71.08724507035602,72.54211024542803,74.22008397547829,75.9420928940713,77.4885169107668,78.74208595222524,79.60338702793015,79.94208410132329,79.65044629256414,78.74208595222524,77.27613479828514,75.37245791665543,73.16610466292964,70.79212610496327,68.36403522466595,65.90918782551745,63.43340880643592,60.942540223239135,58.44245457651155,55.9390780524581,53.43843075255731,50.9466954527437
43.96858486512656,46.02922586529762,48.03382829241876,50.00080468585022,51.949176654255645,53.89829934671559,55.86771531553936,57.87707504391298,59.94609268199116,62.07470179825185,64.18357849187463,66.17358765602282,67.94560370421621,69.44229143242671,70.77345075242067,72.09066917226154,73.54553697102475,75.22351281408754,76.94552319922852,78.4919481187799,79.74551768947876,80.60681904970909,80.94551622041644,80.65387832832235,79.74551768947876,78.27956590050522,76.37588779942735,74.16953227093995,71.79554955877006,69.36745128875232,66.91259077786768,64.4367884253225,61.94587824864284,59.44571843217582,56.942209779418164,54.44132766229319,51.949176654255645
44.96726820797359,47.0297043196397,49.03539942681216,51.003054169801686,52.9518541284673,54.90125015526249,56.87084204566176,58.88031533734252,60.94940613124439,63.078061691799746,65.1869666296507,67.17699240195213,68.94901802312214,70.44571129010106,71.7768741637147,73.09409517561014,74.5489650568052,76.22694257697098,77.94895412611369,79.49537976226296,80.74894975302055,81.61025133907901,81.94894858702472,81.65731062878763,80.74894975302055,79.28299746002025,77.37931839106463,75.17296105709431,72.79897504772026,70.37087091244473,67.91599999466588,65.4401791220168,62.94923593155214,60.44901724330521,57.94540370972335,55.44433518578714,52.9518541284673
45.96692776681584,48.03079092904977,50.0373541602968,52.005547648515005,53.954687439383264,55.904300467273885,57.87403200947611,59.88359544571381,61.952744307183366,64.08143673207135,66.19036408793012,68.18040304233233,69.9524362616535,71.44913392478531,72.78029961892237,74.0975226881402,75.5523942221668,77.23037307345254,78.95238554646517,80.49881175137907,81.7523820755377,82.61368384083616,82.95238115008601,82.66074313935113,81.7523820755377,80.28642938249081,78.38274954532937,76.17639077834417,73.80240215197082,71.37429336141638,68.91941418361566,66.44357861134782,63.952609217184715,61.45234380034728,58.94864701637226,56.447430520926474,53.954687439383264
47.06736351440317,49.13236076033581,51.139613566733914,53.10823487095608,55.057644472612196,57.00742976935504,58.97727216760528,60.98690715748489,63.056102109577324,65.18482379463252,67.29376894402179,69.28381836119078,71.0558576112156,72.55255876359483,73.88372669639136,75.20095139851168,76.65582424439424,78.33380415219213,80.05581735848148,81.60224401482445,82.85581460360379,83.71711651116516,84.05581386907218,83.76417581666979,82.85581460360379,81.3898615930396,79.48618114615236,77.27982124178112,74.90583053828982,72.47771805282503,70.02283231899996,67.54698507950941,65.05599488705391,62.555692380432106,60.05192951652651,57.5505955632091,55.057644472612196
48.06841618573639,50.134314458747255,52.14211492476517,54.11107592144718,56.06069972613534,58.010621774791844,59.98055216858003,61.990243954314636,64.05947549004787,66.18822039949723,68.29717967183893,70.28723739339108,72.05928143001819,73.55598535182662,74.88715506145377,76.20438105961254,77.65925494671757,79.33723569307065,81.0592494813626,82.60567649600524,83.85924729481425,84.72054931528984,85.05924671181606,84.76760862634211,83.85924729481425,82.3932940322363,80.4896131014091,78.28325229429313,75.90925994218958,73.48114452406426,71.02625358669366,68.55039708684188,66.05939038651684,63.559058440908814,61.05524312677622,58.55381593901538,56.06069972613534
49.06995905403796,51.136573043144146,53.144808403443065,55.1140390990937,57.06383295091348,59.01386355352004,60.98386379510504,62.99360066206553,65.0628612351919,67.19162457822301,69.30059506009681,71.29065937289243,73.06270720866694,74.55941332858015,75.89058444848212,77.20781147530911,78.66268618883404,80.34066760074941,82.06268185097741,83.60910915000282,84.86268011551255,85.7239822256082,86.06267965278653,85.77104154106368,84.86268011551255,83.39672665291107,81.49304533798028,79.2866838143548,76.91269015374516,74.48457240796047,72.02967734051691,69.55381349066096,67.06279368787116,64.56243837601727,62.058581430504546,59.55708023743321,57.06383295091348
50.07189133531513,52.13907374840507,54.14765442103669,56.11709923039763,58.06702807018539,60.017144840867275,61.98720052427154,63.99697317369002,66.06625679440168,68.1950347684081,70.30401414737987,72.29408369168056,74.0661345428521,75.56284240740689,76.89401464664684,78.2112424899295,79.66611785938503,81.34409979955791,83.06611441642497,84.6125419411652,85.86611303898543,86.72741522021258,87.06611267171951,86.7744745391629,85.86611303898543,84.40015941762512,82.496477797831,80.29011570551121,77.91612100633853,75.48800141308615,73.03310306759137,70.55723338400131,68.06620318167754,65.56582932370262,63.06193933432891,60.56037940000088,58.06702807018539
51.07413291045339,53.141766708779286,55.15062154203558,57.1202363272736,59.0702723206109,61.0204574884512,62.990557178315925,65.00035822921328,67.06966014317783,69.19844972994309,71.3074361706007,73.2975098671696,75.06956311167076,76.56627236095142,77.89744548861187,79.21467397991657,80.66954986998493,82.34753222943635,84.06954713730514,85.61597484119538,86.86954604403053,87.7308482817148,88.06954575253135,87.77790760343893,86.86954604403053,85.40359229666325,83.49991043489888,81.2935478912059,78.91955236772455,76.491431308134,74.03653036084182,71.56065604699387,69.06961759049103,66.56922901224883,64.06531279530736,61.563706235995184,59.0702723206109
52.17662010885698,54.244612314869215,56.253684803785646,58.223434520210105,60.17355556989979,62.123795028073246,64.0939296473122,66.10375324105986,68.17306967462343,70.30186847853346,72.41086052408914,74.40093751632807,76.17299266042089,77.66970300876102,79.00087684156213,80.31810584720273,81.77298215048205,83.45096484271521,85.1729799815523,86.71940782763406,87.97297911381959,88.83428139631393,89.17297888245653,88.88134072023966,87.97297911381959,86.50702526644051,84.60334321262414,82.3969803106759,80.02298413293988,77.59486190951466,75.13995889717054,72.66408090827177,70.17303590038269,67.67263563852984,65.16869860435214,62.66705503749431,60.17355556989979
53.17930234467103,55.24757910917815,57.256824385679764,59.226681210443274,61.176869774774985,63.12715232540218,65.09731466900054,67.10715615538673,69.17648411331146,71.3052902329321,73.41428672711996,75.40436633514182,77.17642298694446,78.67313420760982,80.00430860008203,81.32153801395154,82.77641464519682,84.4543976015591,86.1764129237159,87.72284088265515,88.97641223499596,89.83771455305606,90.17641205136297,89.88477387872922,88.97641223499596,87.5104583082374,85.60677610198928,83.40041291569355,81.02641621867504,78.59829307151284,76.1433884201333,73.66750751433682,71.17645730658379,68.67604777136319,66.17209421428096,63.6704212737138,61.176869774774985
54.28213943604963,56.35064211158425,58.36002455121677,60.32996639635904,62.280208550481134,64.23052530498981,66.2007096539918,68.21056534200538,70.27990244691473,72.40871437305523,74.5177143981384,76.50779608231353,78.27985393078814,79.77656584381924,81.10774068050297,82.4249704183842,83.87984730993634,85.55783047593809,87.27984594359586,88.82627399211015,90.07984539695843,90.94114774324711,91.27984525120883,90.98820707030718,90.07984539695843,88.61389140719638,86.71020907996306,84.50384566798056,82.12984855880704,79.70172467847378,77.24681872618943,74.77093550524461,72.279881170341,69.77946427479323,67.2754976033135,64.77380134831326,62.280208550481134
55.38509947057514,57.45378148760547,59.46327280725542,61.43328213843067,63.38356682892925,65.33391073194498,67.30411254700327,69.31397950700142,71.38332387193589,73.51214040673725,75.62114323430248,77.61122656632472,79.38328536459962,80.87999782716223,82.21117301641712,83.52840301146672,84.98328010962459,86.6612634420174,88.38327902515935,89.92970714476942,91.18327859129293,92.04458095998663,92.38327847561139,92.09164028814752,91.18327859129293,89.71732455152494,87.8136421282656,85.60727853715531,83.23328110085407,80.80515663860226,78.35024965378804,75.87436459530566,73.38330698467041,70.88288424719539,68.37890716671097,65.87719240671512,63.38356682892925
56.48815710669615,58.55698148972121,60.566559236047226,62.53662213427009,64.48694058725599,66.43730603860308,68.40752171670366,70.41739762337346,72.48674775063068,74.61556794334308,76.72457299524517,78.71465763516647,80.48671718729912,81.98343008602549,83.31460555511642,84.63183575428077,86.08671301642178,87.76469648087922,89.48671215568109,91.03314033171995,92.28671181132107,93.14801419779766,93.48671171950457,93.19507352683225,92.28671181132107,90.82075773186335,88.91707523238809,86.71071149910401,84.33671380316125,81.90858887904012,79.45368107470577,76.97779455776686,74.48673434717543,71.9863069729397,69.48232163075946,66.98059218313863,64.48694058725599
57.591292222837836,59.66022961603983,61.6698759646503,63.639981381176156,65.59032663231207,67.54070918692571,69.5109358682715,71.52081887597701,73.59017357681608,75.71899667282352,77.8280034901864,79.81808916818912,81.59014931865951,83.08686256356944,84.41803825476647,85.73526861593686,87.19014600823137,88.86812957750863,90.590145325061,92.13657354588739,93.39014505174227,94.25144745233314,94.59014497886747,94.2985067820612,93.39014505174227,91.92419094078278,90.0205083808149,87.81414453468736,85.44014663266697,83.01202134195987,80.55711288717151,78.08122521265364,75.59016293847162,73.08973188402393,70.58573998449154,68.08399887916886,65.59032663231207
59.33145530003583,61.441850224963034,63.514250824438335,65.56712295804587,67.61770963337791,69.68071705925237,71.76725467951628,73.88441908247398,76.03596119106298,78.21140709318682,80.35091687921748,82.38527493536179,84.24918273025837,85.91602213532084,87.48313257528383,89.06595947462158,90.76034388647983,92.59822333170743,94.42259169926379,96.07550035176082,97.5545130346799,98.82517005871165,99.44559282945502,98.95951516733373,97.5545130346799,95.55585333662209,93.1831118243673,90.60780549010133,87.97570869832106,85.39117865330721,82.84805597715051,80.32487485985861,77.80785001891093,75.28649022700272,72.75181369237862,70.19665445116068,67.61770963337791
57.537537116194926,59.60640385372008,61.616007311477816,63.58608614525147,65.53641464203925,67.48678650361852,69.45700630569733,71.46688487381424,73.53623671523778,75.66505799609803,77.77406370969072,79.76414873868262,81.53620851507092,83.03292154354611,84.36409709588193,85.68132735576582,87.13620466668807,88.81418817043175,90.53620387250037,92.08263206532547,93.33620355476646,94.19750594653306,94.53620347004926,94.24456527582754,93.33620355476646,91.87024946350195,89.96656694135419,87.7602031657766,85.38620539259638,82.95808033107963,80.50317228295656,78.02728533215966,75.53622434813929,73.03579559456924,70.5318077947115,68.03007397782189,65.53641464203925
55.731453828975134,57.80002371760875,59.80944696383314,61.77941410204599,63.729672198490434,65.67999912811175,67.65019002331758,69.66004993603191,71.72938976197715,73.85820341543155,75.96720449087813,77.95728679266253,79.72934499712014,81.22605711611445,82.55723208494106,83.87446191920844,85.32933888819596,87.00732211656072,88.7293376275017,90.27576570266257,91.52933712313063,92.39063947781666,92.72933698865047,92.43769880528932,91.52933712313063,90.06338311462645,88.15970075140278,85.95333727228358,83.5793400405033,81.15121594206823,78.69630960279397,76.22042569314434,73.72937013050449,71.22895104541811,68.72498047267598,66.22327728207574,63.729672198490434
54.52882110939899,56.614581181595554,58.64963408966668,60.65347032519921,62.6451208786948,64.64255088812908,66.66209634385362,68.71813787422815,70.82329220742272,72.97259422430992,75.09506579626563,77.10478510326574,78.91792947888038,80.49201055848738,81.93322144836999,83.37814328621528,84.95164842666841,86.71066635084615,88.48532606539126,90.08716052337536,91.46018633590106,92.5458231513183,93.04444052112017,92.64195000073107,91.46018633590106,89.71666947483197,87.58210107205747,85.20301376148765,82.71281129812758,80.21610999526594,77.7231335048628,75.22701580253471,72.72489829615597,70.21557860855933,67.6985965281439,65.17436651039971,62.6451208786948
53.22093648346235,55.28828805125114,57.29697146977773,59.266479982239645,61.21644898154692,63.1665913867667,65.13666356346442,67.14644685760103,69.21573733454635,71.34451966097494,73.45350168664588,75.4435727872058,77.21562453539141,78.71233291893819,80.04350549115613,81.36073357731601,82.81560914189606,84.49359123921363,86.21560596514752,87.76203355703277,89.01560469421236,89.87690689659954,90.21560435534366,89.92396621658946,89.01560469421236,87.54965102562491,85.64596931514086,83.43960705364739,81.06561204552565,78.63749190269304,76.1825925820508,73.70672116305201,71.21568786708609,68.71530849200718,66.21140867266303,63.7098312635994,61.21644898154692
52.56166515261417,54.63532136645698,56.65182743764271,58.63094624220865,60.59232630364666,62.555332963021044,64.53888091079067,66.56132259873617,68.64048184802809,70.77494074049257,72.88766314044113,74.88317735445295,76.66665009519788,78.18506515976597,79.5475866814317,80.9019085842159,82.39194202136936,84.0943307710338,85.83237235705926,87.39581351935242,88.68657815675459,89.61964819058889,90.01105683911135,89.68274238672296,88.68657815675459,87.1352789703827,85.16344934656074,82.90775952788317,80.50135915670738,78.05440353625147,75.58913356248001,73.1077641687478,70.61371009849927,68.11087191396118,65.60336524753343,63.09555641388796,60.59232630364666
39.97108797036504,42.01850750742166,44.015039625131394,45.97699728940921,47.92219940674249,49.86929631110122,51.837407888586924,53.84592535218238,55.91440031740834,58.04266486807806,60.15133200541845,62.14121794105594,63.913162958258056,65.40980958849124,66.74094254019238,68.0581417265565,69.5129940732584,71.19095747183576,72.91295921979571,74.4593788220034,75.71294527575327,76.57424496027707,76.9129415578544,76.62130415655982,75.71294527575327,74.2469972267939,72.34332630761897,70.13698417624488,67.76302592999414,65.33497118098506,62.88018788944896,60.40452295256573,57.913857719679626,55.41413465994472,52.91140397138119,50.41190415555418,47.92219940674249
40.96258689958718,43.014496355218654,45.01377353316947,46.977439981484856,48.9237220453592,50.87150939405618,52.840065656371124,54.848870306310886,56.91753032570699,59.045912382884524,61.15465098778519,63.14457895062063,64.91654819336524,66.41320884042754,67.74435078531448,69.06155653148244,70.51641414830573,72.19438179124161,73.91638648503262,75.46280790079643,76.71637541762703,77.57767567367509,77.91637246672684,77.62473489803787,76.71637541762703,75.25042609308157,73.34675272441646,71.14040602377342,68.76643943310992,66.33836984078404,63.88356021298442,61.40784841017668,58.91709964107511,56.4172276364861,53.91423166732929,51.41426057324615,48.9237220453592
41.95652448671115,44.01201189639225,46.01347330405629,47.978498171484176,49.92563825771413,51.87397396693086,53.84288332133772,55.851915970735575,57.9207228917393,60.049198223314875,62.15799355557168,64.14795487670197,65.91994334775049,67.41661512016616,68.74776420303658,70.06497515577112,71.51983695552002,73.19780796722097,74.91981499912686,76.46623785431422,77.71980621491383,78.58110692458155,78.91980387278161,78.62816617123147,77.71980621491383,76.25385587793343,74.35018056510214,72.14383023781414,69.769857024143,67.34177565053629,64.88694511921753,62.411196117603765,59.92038104166639,57.42039080648601,54.91718424284551,52.41683896496278,49.92563825771413
42.952406231235244,45.01074252527025,47.01394101750027,48.98004542425875,50.92786707098767,52.87663823774753,54.84582793325036,56.85504158343761,58.923965115456724,61.052514484906794,63.16135484391111,65.1513426423476,66.92334637521219,68.42002697794557,69.75118172629215,71.0683968115109,72.52326193126731,74.20123561676859,75.92324450444212,77.46966850210259,78.72323753240295,79.58453860210916,79.9232356734506,79.63159786644843,78.72323753240295,77.25728639185138,75.35360953593148,73.14725633016482,70.77327785978211,68.34518713528308,65.89034001257008,63.414561485427214,60.923693779137835,58.4236096960953,55.92023595758039,53.41959360788492,50.92786707098767
43.949836500643485,46.01043968842555,48.015019091421756,49.98198118820993,51.9303441352784,53.87946106582116,55.848873326003314,57.8582306602423,59.92724675602007,62.05585489310971,64.16473099126277,66.15473980526139,67.92675565162713,69.42344326306325,70.7546025081358,72.07182087332805,73.52668862818703,75.20466443589122,76.92667479649137,78.47309970093457,79.72666926277725,80.58797061824646,80.92666778732534,80.63502989662578,79.72666926277725,78.26071748443022,76.35703940375828,74.15068391333614,71.77670127068168,69.34860312432193,66.8937428328467,64.41794087076106,61.92703139010719,59.42687281481365,56.92336637317973,54.422488185795174,51.9303441352784
44.94849928236904,47.010905328915406,49.01658214150334,50.984225529260826,52.93301832448094,54.88240977673237,56.8519987230448,58.86147011428055,60.93055968396938,63.05921446732151,65.16811893253488,67.15814442691769,68.93016988789523,70.42686306218955,71.75802587633771,73.07524684485833,74.5301166912065,76.20809418330809,77.9301057129727,79.47653133713061,80.73010132085905,81.59140290313857,81.93010014979178,81.63846219266149,80.73010132085905,79.26414903629299,77.36046998353358,75.15411267977571,72.78012672557631,70.35202268844864,67.89715194481667,65.42133138208033,62.93038874406676,60.430171040987645,57.92655926252729,55.425493858106904,52.93301832448094
45.94814248970799,48.011981755514384,50.01853045351696,51.9867149240504,53.93584902726755,55.88545842351668,57.85518762865786,59.86474955637331,61.93389744612867,64.0625892541282,66.17151623484611,68.16155496866116,69.93358806083641,71.43028565040397,72.76145129734304,74.07867433213414,75.5335458385027,77.21152466751383,78.93353712506665,80.47996332046297,81.73353363904256,82.59483540134167,82.9335327095657,82.6418946997093,81.73353363904256,80.26758095268997,78.36390112838347,76.15754238537797,73.78355380279683,71.3554450901427,68.90056605056341,66.42473072427649,63.9337617686036,61.43349713372447,58.929801742885715,56.428587723702975,53.93584902726755
47.04856523880381,49.113543496842034,51.12078476010855,53.08939890381775,55.03880398990863,56.98858640369666,58.95842694680749,60.968060739285235,63.03725492009248,65.16597611550924,67.27492096714391,69.26497020923088,71.03700935833919,72.53371045233017,73.8648783476655,75.18210302246123,76.63697584639155,78.31495573651004,80.03696893052893,81.5833955793178,82.83696616366905,83.69826806884984,84.03696542594264,83.74532737423749,82.83696616366905,81.37101315841812,79.46733272173387,77.26097283639535,74.88698216766203,72.45886974402693,70.00398411990889,67.5281370756554,65.03714723123582,62.53684534527369,60.0330835871612,57.53175159944513,55.03880398990863
48.04960758041556,50.11549076929386,52.123282068422256,54.09223737980203,56.041857599681094,57.99177735980777,59.96170628103674,61.97139711633807,64.04062803987975,66.16937256069411,68.27833159670462,70.26838917929291,72.04043313582207,73.53713701128754,74.86830669118166,76.18553266765284,77.64040653733434,79.31838726965525,81.04040104820812,82.58682805685507,83.84039885214952,84.70170087073562,85.04039826661561,84.74876018169508,83.84039885214952,82.37444559378869,80.47076467105961,78.26440387904992,75.89041155453381,73.4622961854829,71.0074053351872,68.53154899029641,66.0405425662114,63.54021111323324,61.03639667680707,58.534971049264826,56.041857599681094
49.05114224192722,51.11774425027824,53.12597233159697,55.09519851356012,57.044989519609274,58.995018305602414,60.96501737833191,62.97475349089848,65.04401357811417,67.17277661268004,69.28174690697557,71.27181110947478,73.04385888167523,74.54056496480592,75.87173606110866,77.18896307072221,78.64383777041806,80.32181917119608,82.04383341369416,83.5902607079608,84.843831670681,85.70513377927696,86.04383120594238,85.75219309465878,84.843831670681,83.37787821142666,81.47419690292335,79.26783539128775,76.8938417525743,74.46572404574007,72.01082904740817,69.53496532054555,67.04394573700999,64.54359081616421,62.039734567311385,59.538234612661824,57.044989519609274
50.05306800437118,52.120240902987746,54.1288157962623,56.09825702231298,58.04818360309241,59.998298931797436,61.96835368742724,63.978125738061124,66.04740897309645,68.1761867022704,70.28516593235994,72.27523538911781,74.04728618983043,75.54399402519081,76.87516624570003,78.19239407532035,79.6472694337997,81.32525136513289,83.04726597586472,84.59369349682788,85.84726459243404,86.7085667724709,87.04726422357072,86.75562609136276,85.84726459243404,84.3813109737304,82.47762935903776,80.27126727623434,77.89727259444072,75.46915303210338,73.01425474146268,70.53838515549299,68.04735512719293,65.54698157956608,63.04309214314675,60.54153319180227,58.04818360309241
51.055304402292066,53.12293064560778,55.13178089050801,57.101392831170386,59.051427031330775,61.001611054591464,62.971710008047594,64.9815105836756,67.05081219152312,69.17960158396255,71.28858790645143,73.27866153353727,75.05071473798905,76.54742396409804,77.87859707689188,79.19582555735275,80.65070143870933,82.32868379114467,84.0506986941439,85.59712639503633,86.85069759611416,87.7119998328537,88.0506973033471,87.75905915453143,86.85069759611416,85.38474385085544,83.48106199314012,81.27469945700031,78.90070394731273,76.4725829122595,74.01768200850515,71.54180777213881,69.05076945375961,66.55038112184384,64.04646534379202,61.54485956470435,59.051427031330775
52.15778748950781,54.22577369698173,56.23484254331255,58.2045900016805,60.15470962799823,62.104948177666714,64.07508221239664,66.08490542891413,68.15422161950899,70.28302026918114,72.39201222094572,74.38208915803573,76.15414427034126,77.65085460029,78.98202842129149,80.2992574183253,81.75413371469008,83.43211640135453,85.15413153632667,86.70055938002903,87.95413066481981,88.81543294656431,89.15413043245047,88.86249227045323,87.95413066481981,86.48817681911427,84.58449476851169,82.37813187255838,80.00413570577051,77.5760135018206,75.12111052403253,72.64523259663113,70.15418769837143,67.6537876320299,65.1498509462051,62.64820799863074,60.15470962799823
53.1604664609917,55.22873846311789,57.23798084799013,59.20783588033434,61.15802331485527,63.10830514436911,65.07846702402905,67.08830821100202,69.15763597608017,71.28644197328126,73.39543839302675,75.38551795727676,77.15757458384978,78.65428578991789,79.98546017302466,81.30268958006299,82.75756620582018,84.43554915776262,86.15756447685177,87.70399243390247,88.95756378513626,89.81886610260122,90.15756360070458,89.86592542824513,88.95756378513626,87.49160985970603,85.58792765600867,83.38156447447113,81.00756778614215,78.57944465443752,76.12454003048519,73.64865917349933,71.1576090527596,68.6571996727176,66.15324639212702,63.65157394309735,61.15802331485527
54.263300960664125,56.33179985545131,58.34117999967644,60.3111204220494,62.26136167938985,64.21167786153005,66.18186184229546,68.1917172926612,70.26105424450671,72.38986607348221,74.49886603948023,76.48894768891356,78.26100551736334,79.75771741880861,81.088892248059,82.40612198051832,83.86099886771454,85.53898203020825,87.26099749543124,88.80742554244662,90.06099694641627,90.92229929223258,91.26099680003273,90.96935861926944,90.06099694641627,88.59504295770849,86.69136063249968,84.48499722429374,82.11100012201715,79.6828762539526,77.22797032343722,74.75208714123353,72.26103287539263,69.76061610301093,67.25664965098512,64.75495378612595,62.26136167938985
55.366258937643295,57.4349379533611,59.44442745094362,61.41443565278723,63.36471963147811,65.31506308019179,67.28526460297525,69.29513137435,71.36447561779678,73.49329207547788,75.60229485614707,77.59237816059466,79.36443694297586,80.86114939634277,82.1923245796978,83.50955457044401,84.96443166514462,86.64241499475307,88.36443057596254,89.91085869438294,91.16443014020905,92.02573250852782,92.36443002402436,92.07279183667029,91.16443014020905,89.69847610127785,87.79479367962537,85.58843009151258,83.2144326606854,80.78630820817125,78.3314012406351,75.85551621290162,73.36445865708166,70.86403601736407,68.36005911106184,65.85834466072586,63.36471963147811
56.46931494036875,58.53813694091569,60.54771324093893,62.51777524276099,64.46809313076483,66.41845822152402,68.38867366764259,70.39854942460055,72.46789945543235,74.59671958693414,76.70572460161478,78.69580921965004,80.46786875916781,81.96458165059553,83.29575711500374,84.61298731075249,86.06786457014945,87.74584803239696,89.46786370566501,91.01429188075957,92.26786335980721,93.12916574598626,93.46786326759138,93.17622507500619,92.26786335980721,90.80190928101366,88.89822678281378,86.69186305190875,84.3178653603108,81.8897404439185,79.43483265329778,76.95894616076428,74.46788599367986,71.9674586970346,69.46347349310379,66.96174429126313,64.46809313076483
57.57244875988191,59.64138426189881,61.65102946249809,63.62113416751883,65.57147897021562,67.52186123862535,69.49208773584479,71.5019706247231,73.57132524902892,75.7001482964533,77.80915508427343,79.79924074490518,81.57130088536317,83.06801412448013,84.39918981196047,85.7164201704199,87.17129756053649,88.84928112805972,90.5712968743947,92.11772509447161,93.37129659988719,94.23259900024189,94.57129652669542,94.27965832995831,93.37129659988719,91.90534248945484,90.00165993049924,87.79529608625995,85.42129818768802,82.99317290311524,80.53826445921145,78.0623768040642,75.5713145644138,73.07088357154984,70.56689178174668,68.06515087150174,65.57147897021562
59.3134423703288,61.42389686603782,63.496387134292476,65.54937583154178,67.60010086994929,69.66326005451238,71.74995035393268,73.86725201516259,76.01889700808725,78.19440041179786,80.333947485868,82.36835920514761,84.23237660542432,85.89941300234217,87.46678416012867,89.04988808045263,90.74450816823568,92.58253786334811,94.40699954273526,96.06000296238393,97.53920877506093,98.81019183245829,99.43082177129916,98.94460257084322,97.53920877506093,95.5400760303452,93.16686708644077,90.5911558853083,87.9587546829972,85.37403116049956,82.83079624613676,80.307554013137,77.7904953444447,75.26910814603158,72.73439119563764,70.17916091161882,67.60010086994929
57.50283472546715,59.57169740688761,61.58129840239174,63.55137571010502,65.50170324505554,67.45207449276471,69.42229389991493,71.4321722131612,73.5015238904295,75.63034506708453,77.7393507173112,79.72943570904421,81.50149546395693,82.9982084800069,84.32938402437085,85.64661427843998,87.10149158469078,88.77947508467227,90.50149078412969,92.0479189753473,93.30149046384598,94.16279285510599,94.50149037844893,94.20985218437559,93.30149046384598,91.83553637371213,89.93185385373557,87.72549008220815,85.35149231642451,82.92336726806528,80.46845924328835,77.99257233403934,75.50151142408549,73.00108280260582,70.49709523810489,67.99536183963376,65.50170324505554
55.69675772212943,57.76532117398807,59.774740512344806,61.7447052283683,63.694961798103776,65.6452877533129,67.6154780216274,69.62533752976752,71.69467709513569,73.82349058317578,75.93249155803554,77.92257380067532,79.69463197104263,81.19134407031311,82.52251902648521,83.83974885152227,85.29462581309431,86.97260903548694,88.69462454228297,90.24105261489206,91.49462403386431,92.35592638774618,92.69462389830495,92.40298571517933,91.49462403386431,90.02867002715493,88.12498766737787,85.9186241946879,83.5446269746489,81.11650289710012,78.66159659488548,76.18571275118887,73.69465730612178,71.19423843071414,68.69026823157228,66.1885657051532,63.694961798103776
54.4951794763015,56.58102246748713,58.616201982406295,60.620206103363046,62.612060953595915,64.60972155219957,66.62950618182296,68.685769162118,70.79109364444949,72.94049235726013,75.06302725970377,77.07283858703755,78.88617420050133,80.46061052711596,81.90231584045827,83.3477958858904,84.92180504805,86.68115940595041,88.4560343311148,90.0580924811531,91.43159093056357,92.51808084774655,93.01727991766754,92.61438846924361,91.43159093056357,89.68695544300414,87.55140024761877,85.17153949960442,82.6807990249369,80.18377337642491,77.69061460942271,75.19439940197768,72.69222844490716,70.18286572041264,67.66582060719449,65.14148102326862,62.612060953595915
53.186266162196844,55.253601529866444,57.262275108591695,59.23177752042061,61.18174267382656,63.13188262415572,65.1019532213807,67.1117354961336,69.18102531649787,71.30980722612114,73.41878899833378,75.4088599498603,77.1809116121444,78.67761994599053,80.00879248632118,81.32602054922219,82.7808960951164,84.4588781773852,86.18089289287443,87.72732047832963,88.98089161174002,89.84219381210082,90.18089127015189,89.88925313199118,88.98089161174002,87.51493794767521,85.61125624587598,83.4048940005832,81.03089902204763,78.60277893184491,76.14787970458656,73.67200845177723,71.18097545207058,68.68059660533164,66.17669772734634,63.67512199174078,61.18174267382656
52.52723178395654,54.60091048857551,56.61745114416824,58.59661626923382,60.55805341723594,62.521125479416526,64.5047423765268,66.52724893806325,68.60645872272659,70.74094660644928,72.85368810214074,74.84923021642044,76.63276152995806,78.15128756440755,79.5139683943246,80.86847732190128,82.35868654932007,84.06119649333162,85.79931729096549,87.36284222366665,88.65378885405859,89.58720566509146,89.97886536824916,89.65037655701488,88.65378885405859,87.10206971912577,85.12989876563933,82.87395850834957,80.4673920627354,78.0203393611703,75.55501579606695,73.07361801427771,70.57954846388279,68.07669785696588,65.56917306332839,63.06133290800271,60.55805341723594
39.9543048984352,42.00163922009722,43.998119194318974,45.96004438261447,47.90522596850536,49.85230974373019,51.820412864192065,53.82892486560365,55.897396310968986,58.025658626502846,60.13432440440154,62.12420954059539,63.89615409697433,65.39280046057536,66.72393324120506,68.04113230278614,69.49598454923768,71.17394786707706,72.89594955900014,74.44236912670954,75.69593556023702,76.557235233889,76.89593182774794,76.6042944296376,75.69593556023702,74.2299875355424,72.32631666296278,70.11997461850729,67.74601653098733,65.31796206433299,62.86317927377209,60.387515228376884,57.89685158450021,55.3971313578877,52.894405715056536,50.394914862337,47.90522596850536
40.94575755483902,42.99759907190431,44.99683474742735,46.96047537376686,48.90674112338725,50.85451804395389,52.823067590833176,54.831867904170366,56.900525129340934,59.02890541228976,61.13764293812609,63.127570266415375,64.89953914339424,66.39619957882644,67.72734138793204,69.04454703505863,70.49940457231261,72.1773721511664,73.89937680048072,75.44579818886317,76.6993656896432,77.56066593706231,77.89936272716275,77.60772516100116,76.6993656896432,75.23341638435674,73.32974305267444,71.12339642101904,68.74942995634112,66.32136058812318,63.86655135795661,61.39084026275097,58.90009275493409,56.40022299927169,53.89723103578942,51.39726705849142,48.90674112338725
41.93965823317441,43.99509152788879,45.996519921625776,47.96152426523345,49.90865139119868,51.85697881885468,53.825882841268054,55.83491204790535,57.903716750809224,60.032190674052416,62.14098514980823,64.13094596728169,65.90293414801533,67.39960575245755,68.73075472755707,70.04796560168185,71.50282733827612,73.18079829911485,74.90280529571953,76.44922812917423,77.70279647703448,78.5640971798534,78.90279412571098,78.61115642616683,77.70279647703448,76.23684615534,74.33317087186202,72.12682059932973,69.75284748565402,67.32476628992366,64.86993607421198,62.394187634239714,59.903373559439544,57.403385109407225,54.900181725623526,52.39984209807781,49.90865139119868
42.935510567733644,44.99380378909018,46.996976031750805,48.96306413049864,50.91087548332143,52.85964007400864,54.828825536277236,56.838036453441504,58.90695822475101,61.03550647632744,63.144346155496834,65.13433355416976,66.90633705660724,68.40301752601843,69.73417218882645,71.05138721165217,72.5062522812825,74.18422592641431,75.90623478606915,77.4526587664804,78.7062277866695,79.5675288509398,79.90622592042203,79.614588115012,78.7062277866695,77.24027665825037,75.33659982562827,73.13024666332137,70.75626827230542,68.32817768898806,65.87333081677605,63.397552735419296,60.90668582376759,58.40660315770752,55.90323194339372,53.40259407947087,50.91087548332143
43.932917421326934,45.993486345400314,47.99804488479963,49.96499402640072,51.91334879856384,53.86246050778732,55.83186940727519,57.841224571995994,59.91023927016997,62.038846519952656,64.14772207850166,66.13773057520092,67.90974623867402,69.40643374429123,70.73759292147133,72.05481123714193,73.50967895221571,75.1876547278785,76.9096650662402,78.45608995699264,79.70965951081001,80.57096086196469,80.90965802956796,80.61802014013207,79.70965951081001,78.24370774209251,76.34002967991208,74.13367422398402,71.75969164432325,69.33159361002015,66.8767335173699,64.40093190911182,61.910023059184056,59.40986560861924,56.90636117066377,54.4054865443307,51.91334879856384
44.93156157165606,46.993940374484765,48.99960060913158,50.967233707090315,52.91602001096689,54.86540731786515,56.834993596305,58.84446326539367,60.91355172572321,63.042205804787784,65.15110984170538,67.14113508424322,68.91316040005717,70.40985349036234,71.74101625062393,73.05823717983904,74.51310699460956,76.19108446127984,77.91309597329374,79.45952158658528,80.71309156394403,81.57439314279912,81.91309038828112,81.6214524321538,80.71309156394403,79.24713928702096,77.34346024893824,75.13710297255842,72.76311706835727,70.33501312016949,67.88014253434639,65.40432225244749,62.913380115055304,60.41316330471744,57.9095531167155,55.40849053913922,52.91602001096689
45.931189962011004,47.995007573777066,50.00154310219119,51.96971940112806,53.91884835032377,55.8684544556544,57.83818154299637,59.84774210371717,61.91688911292279,64.04558036190906,66.15450700268099,68.14454553660383,69.91657851356166,71.41327603646658,72.74444164063567,74.06166464422986,75.51653612553515,77.19451493436142,78.91652737790483,80.46295356467652,81.71652387820049,82.57782563778164,82.91652294507603,82.62488493601569,81.71652387820049,80.25057119791413,78.34689138525658,76.14053266398102,73.76654412108365,71.33843547902143,68.88355656469597,66.40772146131262,63.91675290299182,61.41648897670929,58.912794848305026,56.41158307306446,53.91884835032377
47.03160093239279,49.096561984238406,51.10379278743645,53.07240044245904,55.02180143664157,56.971581237953544,58.941420099972376,60.9510528073866,63.02024628926915,65.14896704098427,67.25791162279893,69.24796070622963,71.01999976388922,72.51670080496976,73.84786866635844,75.1650933163931,76.61996612043066,78.29794599452839,80.019959177428,81.56638581937148,82.8199563997101,83.68125830273362,84.0199556590886,83.72831760801529,82.8199563997101,81.35400339927389,79.45032297183543,77.24396310374404,74.86997246650776,72.44186009890169,69.98697457419824,67.51112770686515,65.02013817782958,62.51983685429818,60.01607609823532,57.514745891710305,55.02180143664157
48.03263391357545,50.09850343366884,52.10628642599491,54.07523658548146,56.024853556880416,57.974771243185856,59.9446988300092,61.95438880404518,64.02361917282985,66.1523633414701,68.2613221633214,70.25137961998306,72.0234235039289,73.52012733739919,74.85129699034971,76.16852294716801,77.6233968010606,79.3013775206658,81.0233912903933,82.56981829360706,83.82338908571666,84.68469110259053,85.0233884978849,84.73175041346587,83.82338908571666,82.35743583117731,80.4537549157866,78.24739413746597,75.87340183794915,73.4452865133686,70.99039574197866,68.51453953751076,66.02353336374964,63.52320235718392,61.01938871611951,58.51796450241852,56.024853556880416
49.03416113835342,51.100752290074624,53.1089737753544,55.078195867110594,57.027984294379166,58.978011434191785,60.94800944772598,62.95774487667438,65.02700452356646,67.15576727860659,69.26473740292198,71.25480150547247,73.02684922006324,74.52355526986223,75.85472634477982,77.17195333879481,78.62682802595896,80.30480941664453,82.0268236521379,83.57325094209222,84.82682190228459,85.68812400952157,86.02682143572218,85.73518332483661,84.82682190228459,83.36086844606336,81.45718714338454,79.25082564261396,76.87683202374247,74.44871435220446,71.99381941650032,69.51795580109213,67.02693641624091,64.52658184971978,62.0227262321677,59.52122739975334,57.027984294379166
50.03608099361764,52.10324527046092,54.111814926611785,56.08125290554045,58.03117743925041,59.98129146126291,61.95134537616043,63.961116884186424,66.03039976972869,68.15917727703979,70.26815637221482,72.25822574964292,74.03027650463056,75.52698431353551,76.85815651707128,78.17538433431099,79.63025968284393,81.30824160616672,83.0302562113389,84.57668372887937,85.8302548224792,86.69155700143745,87.03025445216835,86.73861632027626,85.8302548224792,84.36430120618292,82.46061959611319,80.25425752193335,77.8802628558883,75.45214332156564,72.99724508063278,70.52137558312494,68.03034571252212,65.52997244612722,63.02608351078531,60.52452545020276,58.03117743925041
51.038312700080525,53.10593209722596,55.114778184256096,57.08438754722067,59.034420122438235,60.98460310850197,62.95470139463791,64.96450153958529,67.03380287003495,69.16259208637973,71.27157830178618,73.26165186590768,75.0337050340674,76.53041423917864,77.86158733850064,79.17881580913502,80.63369168259712,82.31167402867459,84.03368892726114,85.58011662543694,86.83368782492235,87.6949900608058,88.03368753100641,87.74204938244145,86.83368782492235,85.36773408157438,83.46405222752827,81.25768969823298,78.88369420104507,76.45557318822713,74.00067232392601,71.52479815777215,69.03375996455821,66.53337185585912,64.02945647552131,61.527851403459096,59.034420122438235
52.14079206183858,54.208772833571985,56.21783837906665,58.187583791227595,60.13770212771222,62.08793985411003,64.05807335916835,66.06789623384655,68.1372122042674,70.2660107141719,72.37500258094464,74.36507946805963,76.1371345515601,77.63384486484287,78.96501867515173,80.28224766438625,81.73712395448518,83.41510663610342,85.13712176757318,86.68354960911938,87.93712089264625,88.79842317371126,89.137120659365,88.84548249756676,87.93712089264625,86.47116704845727,84.56748500076691,82.36112211024611,79.98712595337923,77.55900376707754,75.10410082060352,72.62822294893002,70.13717815001458,67.63677826084195,65.13284189068841,62.63119950429768,60.13770212771222
53.14346807526168,55.21173576182035,57.220975526355645,59.19082893444349,61.14101534515068,63.0912965212046,65.0614579804518,67.0712988961018,69.14062648642573,71.26943237269234,73.37842872497947,75.36850824956423,77.1405648532746,78.6372760461149,79.96845042073491,81.28567982158295,82.74055644236695,84.41853939030415,86.1405547066135,87.68698266195287,88.9405540121835,89.80185632910914,90.14055382702804,89.84891565472654,88.9405540121835,87.47460008795696,85.57091788657102,83.36455470934527,80.99055802889058,78.56243491119332,76.10753031209505,73.63164949934053,71.14059945745072,68.64019021802886,66.13623718799013,63.63456518438305,61.14101534515068
54.24630022638661,56.31479569513837,58.32417375930986,60.29411289239577,62.24435333708905,64.19466900055914,66.16485264763512,68.17470788264855,70.24404469579028,72.37285643671656,74.48185634917267,76.47193796712358,78.24399577742724,79.74070766837357,81.07188249088804,82.38911221843408,83.84398910168308,85.52197226099786,87.24398772401449,88.79041576967157,90.043987172845,90.90528951823325,91.243987025887,90.95234884524908,90.043987172845,88.57803318509258,86.67435086171838,84.46798745693472,82.09399036090798,79.66586650396108,77.2109605931724,74.7350774460752,72.24402324281776,69.74360658204702,67.23964032888651,64.73794481756627,62.24435333708905
55.349256338860414,57.417932634848626,59.42742048130822,61.397427659772276,63.34771099343587,65.29805403046909,67.26825528839825,69.2781218888458,71.34746602220252,73.47628240999862,75.58528514817144,77.57536842763136,79.34742719560995,80.84413964064385,82.17531481865257,83.49254480549914,84.94742189706679,86.62540522415212,88.34742080361042,89.89384892095273,91.14742036614689,92.00872273412597,92.34742024950626,92.0557820622517,91.14742036614689,89.68146632797398,87.77778390777762,85.57142032238106,83.19742289651441,80.76929845282436,78.31439150094532,75.83850650107593,73.34744899492861,70.84702644379715,68.34304969533575,65.84133552560812,63.34771099343587
56.45231086143582,58.521130703027325,60.53070569243796,62.50076688195793,64.45108425798512,66.40144902198593,68.37166425788647,70.38153987917818,72.45088982263097,74.57970989866479,76.68871487961594,78.67879947781847,80.45085900590487,81.94757189071868,83.27874735088352,84.59597754353712,86.05085480044748,87.72883826069236,89.45085393257052,90.99728210680944,92.25085358535549,93.11215597126484,93.45085349277774,93.15921530027155,92.25085358535549,90.78489950716376,88.8812170101196,86.67485328137049,84.30085559370966,81.87273068432106,79.41782290612738,76.94193643570968,74.45087630805054,71.95044908171636,69.44646400306479,66.94473502394581,64.45108425798512
57.55544350596966,59.62437729423054,61.634021454523165,63.60412551479084,65.55446991112007,67.50485192017683,69.47507825054421,71.48496103174335,73.55431558669608,75.68313859009541,77.7921453511444,79.78223099603485,81.55429112741973,83.05100436128726,84.38218004539964,85.69941040140243,87.15428778954538,88.83227135547914,90.55428710071095,92.10071532010872,93.35428682512617,94.21558922526687,94.55428675164718,94.26264855497277,93.35428682512617,91.88833271517153,89.98465015713323,87.77828631460508,85.40428841915809,82.97616314014414,80.52125470610372,78.04536706850976,75.55430486015128,73.05387392309348,70.54988223272504,68.04814149925612,65.55446991112007
59.29715506487064,61.40766106106376,63.48022884781773,65.53331830966592,67.5841629508646,69.64745330938732,71.7342755697585,73.85169585625086,76.00342976223035,78.17898285733196,80.31856215411041,82.35302024584152,84.21713235717175,85.88433896542904,87.45193537502175,89.03527860494322,90.73010226324638,92.56826172941837,94.3928039981675,96.04588926077253,97.52526185417223,98.79652643226666,99.41733523450694,98.9309938353556,97.52526185417223,95.5257205768572,93.15210786811758,90.57604687979037,87.94338264011294,85.35849191825478,82.8151600035213,80.29186495012199,77.77477704456963,75.25336615877542,72.7186142766131,70.16332258809689,67.5841629508646
57.46995118899581,59.53880999687797,61.54840864095179,63.51848449128964,65.46881110769276,67.41918176916037,69.3894007991565,71.39927886900307,73.46863038950426,75.59745146664395,77.70645705635647,79.69654201250749,81.46860174691119,82.96531475109515,84.29649028784601,85.61372053636212,87.06859783815169,88.74658133454031,90.46859703150409,92.01502522118652,93.26859670878531,94.12989909956154,94.468596622739,94.17695842880735,93.26859670878531,91.80264261973123,89.89896010182818,87.69259633416866,85.31859857544866,82.89047353965479,80.43556553717326,77.95967866760222,75.46861782838138,72.96818933304718,70.46420199331035,67.96246899442602,65.46881110769276
55.663880186686896,57.732437491505706,59.74185309788885,61.71181550074304,63.662070612483745,65.6123956371365,67.58258530677426,69.59244442854882,71.66178374506768,73.79059707513821,75.89959795393821,77.88968014009527,79.66173827790655,81.15845035834091,82.48962530242804,83.80685511865025,85.26173207314048,86.93971528982982,88.66173079266741,90.20815886283955,91.46173028038332,92.32303263349722,92.66173014379332,92.37009196089264,91.46173028038332,89.99577627538801,88.09209391890236,85.8857304523523,83.51173324352621,81.08360918592365,78.62870291910073,76.1528191383888,73.6617638056029,71.16134513043701,68.65737528808089,66.15567339595015,63.662070612483745
54.46331766814721,56.54924049977875,58.58454191522645,60.58870767009472,62.580759193171076,64.57864175406371,66.59865658509577,68.65513268554668,70.76062090242576,72.91011266013302,75.0327084996407,77.04260836651306,78.85612797221893,80.43090604407693,81.87308689820546,83.31910370493068,84.89359740807703,86.65327513497613,88.42835688772787,90.03062999511246,91.40458255453339,92.49189188753222,92.99164950740109,92.58837310255444,91.40458255453339,89.65887213271355,87.52236823679048,85.14176361184262,82.6505055351724,80.15316778417592,77.65983360094431,75.16352455226433,72.66130215122703,70.15189800468659,67.63479222236,65.1103471768094,62.580759193171076
53.153413251483286,55.22073314838663,57.229397330257655,59.19889391605791,61.14885539666767,63.098993002598235,65.06906209143949,67.07884339268863,69.14813258602267,71.27691409759976,73.38589562776149,75.37596643696207,77.14801801721079,78.6447263035931,79.97589881347164,81.29312685416062,82.74800238220993,84.42598445010725,86.1479991556219,87.69442673493646,88.94799786474724,89.80930006317291,90.14799752056209,89.85635938296821,88.94799786474724,87.48204420500157,85.57836251149627,83.37200028167508,80.99800533139407,78.56988529145258,76.11498615337518,73.63911505927568,71.14808234249466,68.64770400031671,66.14380602132223,63.64223188385604,61.14885539666767
52.49460748439145,54.56830785281609,56.584881820741046,58.56409156174166,60.52558369427392,62.488718749263214,64.47240205301553,66.49497109385919,68.5742295475201,70.70874535129312,72.82150523695253,74.81707422002626,76.60066193981609,78.11929483540357,79.48212906569398,80.83681806823489,82.32719653968846,84.02982315707675,85.76802020799758,87.33162577955773,88.62274758906307,89.55649815396812,89.948399450692,89.6197428542844,88.62274758906307,87.07062420684416,85.09812462899495,82.84194322291444,80.43521684820804,77.9880706523206,75.52269547412865,73.04127035167821,70.54718589213918,68.04432332098114,65.53678106854535,63.028910746138436,60.52558369427392
39.93559701000609,41.98283595217326,43.97925756151564,45.94114639827425,47.88630500228484,49.833374081286365,51.80146773524679,53.80997362245695,55.878441127789415,58.006700941371605,60.115365197546055,62.105249438862685,63.87719347940754,65.37383954454705,66.70497213368357,68.02217105558555,69.47702318981925,71.15498641728252,72.87698804647924,74.4234075755721,75.6769739864631,76.53827364794549,76.8769702376421,76.58533284309615,75.6769739864631,74.21102598892992,72.30735516850791,70.10101322134702,67.72705531150643,65.29900116091314,62.844218931131564,60.368555883645826,57.87789401846564,55.378176963174425,52.875456968389926,50.37597614867906,47.88630500228484
40.926997874874814,42.97876334857777,44.977952569360795,46.94156429202059,48.887811780187135,50.83557702789007,52.80411905772742,54.81291451679857,56.881568614189376,59.00994691111282,61.118683229071834,63.10860984706588,64.88057831461555,66.37723851315417,67.70838017026945,69.02558570653154,70.4804431547175,72.15841066183933,73.88041526136757,75.42683661909997,76.6804041019134,77.54170433967346,77.88040112647028,77.58876356313772,76.6804041019134,75.214454818185,73.31078152790039,71.10443497346805,68.73046864981535,66.30239953245842,63.847590747392545,61.37188044425915,58.881134348292505,56.381267110019564,53.87827963037745,51.37832361938824,48.887811780187135
41.92085724166521,43.97622996482956,45.97762140488502,47.942602775138994,49.88971539390356,51.83803355146449,53.806931605407385,55.815956958315525,57.88475917833753,60.013231525129555,62.12202504213958,64.111985295832,65.88397315159426,67.3806445680111,68.71179342247451,70.02900420860536,71.48386587450591,73.16183677841073,74.88384373550004,76.43026654462773,77.68383487822787,78.54513557338036,78.88383251661588,78.59219481931714,77.68383487822787,76.21788457364403,74.31420932302348,72.1078591117834,69.73388611004012,67.30580511342026,64.85097525099147,62.37522743970689,59.88441448555464,57.38442803377103,54.88122820943275,52.38089490670731,49.88971539390356
42.91667665748629,44.974921666500265,46.97806452685447,48.944134371133636,50.891934201336625,52.840691430979774,54.809872154689685,56.8190800125827,58.88799981299982,61.016546813256795,63.12538573143581,65.11537268262326,66.88737592712627,68.38405624729981,69.71521081435807,71.03242576734252,72.48729078086293,74.1652643808061,75.88727320909753,77.43369717020036,78.68726617907117,79.54856723725666,79.88726430465775,79.5956265010299,78.68726617907117,77.22131506423284,75.31763825768974,73.1112851440306,70.73730684185591,68.30921641657392,65.85436982476664,63.37859224241191,60.8877262202579,58.38764514033198,55.88427675154202,53.383643908865565,50.891934201336625
43.91405730128912,45.97458787276766,47.9791230584825,49.94605769856452,51.89440332001787,53.8435091846558,55.81291432227715,57.82226705849715,59.89128019222929,62.019886448782785,64.12876140331235,66.11876954483445,67.89078500358197,69.38747239074803,70.718631491931,72.03584975216828,73.4907174227074,75.16869316250387,76.89070347597234,78.43712835139969,79.69069789623376,80.55199924255889,80.89069640851034,80.59905852048897,79.69069789623376,78.2247461382953,76.3210680968138,74.11471267949761,71.74073017035045,69.3126322614809,66.85777239139045,64.38197117919832,61.89106303528985,59.390906843718085,56.88740464862816,54.38653400843815,51.89440332001787
44.91268059690927,46.97502890464519,48.980670582674136,50.94829216260939,52.897071200284216,54.84645386699506,56.81603715909121,58.825504900453424,60.89459211899424,63.02324540969687,65.13214896719066,67.12217392781938,68.8941990811407,70.39089207743046,71.72205477737273,73.0392756625902,74.49414544201346,76.17212288021656,77.89413437247265,79.44055997360067,80.69412994382932,81.55543151885124,81.89412876302217,81.60249080801759,80.69412994382932,79.22817767546161,77.32449865380767,75.11814140807417,72.74415555983985,70.31605171120923,67.86118130203354,65.38536133449726,62.89441975748835,60.39420394646281,57.89059553877932,55.38953612549659,52.897071200284216
45.912292402011886,47.976085775314914,49.98260656221707,51.95077371414705,53.89989689408797,55.84949931565694,57.81922403239088,59.828783062932985,61.897929086473326,64.02661970971394,66.1355459699586,68.12558428012699,69.89761712811318,71.39431457639759,72.725480132691,74.04270310136414,75.49757455461423,77.17555334084605,78.89756576870766,80.44399194582513,81.69756225368994,82.55886401022866,82.89756131648248,82.60592330831327,81.69756225368994,80.23160958019398,78.32792978057597,76.12157108362445,73.74758258514805,71.31947402210473,68.8645952479854,66.3887603941149,63.89779228058033,61.39752914748328,58.89383643221629,56.39262716878574,53.89989689408797
47.01269018791483,49.07763197990866,51.08485107448914,53.05345146628355,55.00284788010295,56.952624757080486,58.9224617373288,60.93209323015046,63.001285929674054,65.13000618472043,67.23895046450518,69.22899937033992,71.00103832563394,72.49773930748785,73.82890713087744,75.14613175319518,76.60100453496526,78.27898439112974,80.00099756158271,81.54742419586361,82.80099477171052,83.66229667231931,84.00099402784838,83.70935597748232,82.80099477171052,81.3350417766639,79.43136135957491,77.22500151078953,74.85101090881031,72.42289860392177,69.96801319050061,67.49216652120795,65.00117734520555,62.50087665124529,59.997117016851675,57.495788804146,55.00284788010295
48.01371269146677,50.07956691126955,52.087340605243796,54.05628499785746,56.00589833299894,57.955813697924086,59.92573979104803,61.9354288010052,64.00465854880855,66.13340232323372,68.24236090536039,70.23241822106283,72.00446202376062,73.50116581022252,74.83233543301307,76.14956136783238,77.60443520405124,79.2824159094228,81.00442966927136,82.55085666640335,83.8044274549479,84.66572946990517,85.00442686454403,84.71278878068634,83.8044274549479,82.33847420468624,80.43479329750993,78.2284325345125,75.85444026297924,73.42632498817775,70.97143430511304,68.49557825783114,66.00457236427648,63.50424185741393,61.000429106657734,58.49900647557469,56.00589833299894
49.01523159187544,51.08181059108409,53.09002469296878,55.059242206266134,57.009027746917965,58.95905304403904,60.929049871936826,62.93878453566005,65.00804368966472,67.1368061318105,69.24577606585427,71.23584005652461,73.00788770662848,74.50459371911676,75.83576477009632,77.15299174665066,78.60786641978717,80.28584779917546,82.00786202682792,83.5542893119551,84.80786026931793,85.66916237503366,86.007859800714,85.71622169027398,84.80786026931793,83.3419068164919,81.43822552033282,79.2318640317243,76.8578704350634,74.42975280303516,71.97485793743502,69.4989944467862,67.00797528433746,64.50762111443866,62.00376620354909,59.502268627336605,57.009027746917965
50.017144834867665,52.08429946079211,54.092863254665616,56.0622975988569,58.01221984113168,59.96233240046615,61.93238537426899,63.94215627491313,66.01143876924138,68.14021602820458,70.24919497235959,72.23926426098788,74.01131496479204,75.5080227440834,76.83919492861949,78.15642273200069,79.61129806939987,81.28927998375599,83.01129458270483,84.55772209641403,85.81129318776802,86.67259536551887,87.01129281583682,86.71965468429839,85.81129318776802,84.3453395741665,82.44165796927155,80.2352959047447,77.86130125632826,75.43318175336455,72.97828356807342,70.50241416958767,68.01138447550733,65.51101152391664,63.0071231494685,60.50556608598265,58.01221984113168
51.01937128987761,53.086983023639405,55.09582445647051,57.0654309340303,59.015461690329175,60.96564351538092,62.935741054535214,64.94554071738926,67.01484173732653,69.14363075655524,71.2526168520962,73.24269034573692,75.0147434732722,76.51145265487906,77.84262573912099,79.15985419875584,80.61473006338106,82.29271240234168,84.01472729598876,85.56115499112369,86.81472618882657,87.6760284237517,88.01472589362456,87.72308774534028,86.81472618882657,85.34877244761743,83.44509059767853,81.23872807604485,78.86473259284877,76.43661160492047,73.98171078478231,71.50583669722265,69.01479864411564,66.51441078527989,64.01049585013345,61.50889156949805,59.015461690329175
52.12184648148089,54.189821168611545,56.1988830192427,58.16862614093385,60.118743033612375,62.06897983846163,64.03911275061863,66.04893524265027,68.11825096661372,70.24704932006568,72.35604109170058,74.34611792287478,76.11817297413151,77.61488326875885,78.94605706709862,80.26328604760279,81.71816233068789,83.39614500665748,85.11816013420679,86.66458797333942,87.9181592554515,88.7794615357559,89.1181590211495,88.82652085957405,87.9181592554515,86.45220541296013,84.54852336852966,82.3421604840899,79.96816433832836,77.54004217178156,75.08513926035981,72.60926145106673,70.11821676335487,67.61781707250081,65.11388105570198,62.612239297486425,60.118743033612375
53.124519183742635,55.19278203958055,57.20201887098192,59.171870460919465,61.12205572559547,63.07233617018262,65.04249715883013,67.05233777076778,69.12166516547607,71.25047092756537,73.35946720434126,75.34954668452559,77.12160326264407,78.61831444067754,79.94948880579769,81.26671819971641,82.7215948149335,84.39957775838738,86.12159307158507,87.66802102500878,88.92159237411647,89.78289469043844,90.12159218815086,89.82995401602619,88.92159237411647,87.45563845123732,85.55195625243877,83.34559308003955,80.97159640839918,78.54347330638146,76.0885687351042,73.61268797186116,71.12163801823408,68.62122893621898,66.11727618664194,63.61560468162996,61.12205572559547
54.22734870597307,56.295840339716875,58.30521607553152,60.27515376542256,62.225393300458904,64.17570838334252,66.14589165689468,68.15574665084797,70.22508330872809,72.35389495109418,74.46289480361673,76.45297638632698,78.22503417631833,79.72174605551243,81.05292087048682,82.37015059253308,83.82502747136364,85.50301062711998,87.22502608766689,88.77145413180352,90.02502553408569,90.88632787899479,91.22502538648465,90.93338720598709,90.02502553408569,88.55907154740268,86.65538922608212,84.44902582512925,82.07502873609842,79.64690489159638,77.19199900288929,74.7161158950895,72.22506176188644,69.7246452260503,67.22067919549477,64.71898407991742,62.225393300458904
55.330302731372655,57.3989759829696,59.408461981205164,61.37846801412404,63.328750625760094,65.27909320196832,67.24929416342604,69.25916057254182,71.32850458266643,73.45732089223489,75.56632358283832,77.55640683432765,79.32846558618431,80.82517802189045,82.15635319391461,83.473583176396,84.92846026445676,86.60644358871775,88.32845916621582,89.87488728235134,91.12845872683809,91.98976109443684,92.32845860968709,92.03682042254393,91.12845872683809,89.662504689514,87.75882227094758,85.55245868859154,83.17846126827757,80.750336834465,78.29542990011214,75.81954493143314,73.3284874808882,70.82806502891786,68.32408845713971,65.82237460151822,63.328750625760094
56.433355597108886,58.50217302202303,60.51174654436751,62.481806824616825,64.43212362755,66.38248802578548,68.35270302637309,70.36257849580326,72.43192834144608,74.56074835539039,76.6697532985856,78.65983787458782,80.43189738987823,81.9286102672886,83.25978572270347,84.57701591189243,86.03189316601936,87.7098766240226,89.43189229434489,90.97832046762596,92.23189194561056,93.09319433121809,93.43189185262773,93.14025366020996,92.23189194561056,90.76593786809252,88.86225537234208,86.65589164600621,84.28189396275255,81.8537690612037,79.39886129692059,76.92297485125876,74.43191476773134,71.9314876201017,69.42750268168469,66.92577395187496,64.43212362755
57.536486926402375,59.605418796329445,61.61506179212911,63.58516513067619,65.53550907212754,67.48589079087094,69.45611693446818,71.46599959513388,73.53535407245442,75.66417702657313,77.77318375765515,79.7632693849252,81.53532950615389,83.03204273414528,84.36321841448762,85.68044876774053,87.13532615367427,88.8133097178288,90.53532546182574,92.0817536804633,93.3353251850351,94.19662758493621,94.53532511123458,94.24368691463036,93.3353251850351,91.86937107561518,89.96568851860367,87.75932467799095,85.38532678604187,82.9572015132504,80.50229309025077,78.0264054723056,75.53534329897454,73.03491242438477,70.53092084532116,68.02918030973103,65.53550907212754
59.27906676005905,61.38963499880359,63.462296469937044,65.51550770453731,67.56649687610859,69.62994573772575,71.7169274414794,73.83449104921986,75.98633237293998,78.16194549914597,80.30156372267696,82.33607783368694,84.20030435463889,85.86771656195648,87.43558502689379,89.01921725679706,90.71428672745135,92.55260287950776,94.3772424468415,96.03042651746438,97.51000045050566,98.7816048449699,99.40262952335002,98.91614064068366,97.51000045050566,95.50996595755214,93.1358656885892,90.55938223903121,87.92640026216247,85.34130754898074,82.79785844151868,80.27449956978049,77.75737633911162,75.23593683291308,72.70114274362666,70.14577685987668,67.56649687610859
57.43907350867035,59.507928652494684,61.51752507230013,63.48759954407416,65.43792529160238,67.38829539853062,69.35851407176787,71.36839191137697,73.43774328358845,75.56656426659428,77.67556979906504,79.66565472155823,81.43771443656193,82.93442742952152,84.26560295907103,85.5828332023344,87.03771049990397,88.71569399289399,90.43770968749898,91.98413787572926,93.23770936247683,94.09901175279542,94.43770927581637,94.14607108201876,93.23770936247683,91.77175527444413,89.86807275850242,87.66170899450165,85.28771124246335,82.85958621855535,80.40467823716357,77.92879140512485,75.43773063281209,72.9373022568018,70.43331512967464,67.93158250876877,65.43792529160238
55.63300818284277,57.701559673065574,59.710971749299716,61.68093196407747,63.63118569666847,65.58150984108681,67.55169894442247,69.56155770072483,71.63089678185128,73.75970996249475,75.86871075042951,77.85879288315823,79.63085099017403,81.12756305279085,82.45873798544652,83.7759677933305,85.23084474112196,86.90882795241636,88.63084345150963,90.1772715193766,91.43084293556913,92.2921452879566,92.63084279800424,92.3392046153163,91.43084293556913,89.96488893219518,88.06120657882298,85.85484311808082,83.48084591986121,81.05272188112625,78.5978156477812,76.12193192664797,73.6308767000715,71.13045821431902,68.62648870945483,66.1247874173121,63.63118569666847
54.43334128677094,56.519334581653894,58.554743575809766,60.55905196581766,62.551277030943254,64.54935543125784,66.56957335126407,68.62623745315406,70.73187009474464,72.88144391964481,75.00409350489375,77.01407146002148,78.8277533297854,80.40283275486058,81.84543286976162,83.29192280858729,84.86684351939903,86.6268061693199,88.40207013859614,90.00453260758181,91.37888514654594,92.46691602101068,92.96716532865183,92.56355006198346,91.37888514654594,89.63222779663944,87.4948878077445,85.11362736115697,82.62191282810181,80.12429979458462,77.63081087332458,75.13441904065726,72.6321512558313,70.12271056608998,67.60555125930776,65.08101316839304,62.551277030943254
53.12256454045446,55.18986980341148,57.19852509665836,59.168016171512676,61.1179741779507,63.06810956626448,65.03817722829208,67.04795760868186,69.11724620889359,71.24602734394952,73.35500864514958,75.34507931972075,77.11713082237026,78.61383906385544,79.94501154492863,81.26223956460672,82.71711507577612,84.39509713007911,86.11711182615858,87.66353939966451,88.91711052607039,89.77841272266552,90.11711017942865,89.8254720423709,88.91711052607039,87.45115687041024,85.54747518475038,83.34111296956414,80.96711804600979,78.53899805361155,76.08409899989255,73.60822805592039,71.11719560676535,68.61681774186337,66.112920613245,63.61134798749464,61.1179741779507
52.463958042716214,54.537677537112515,56.55428091460375,58.53353004381424,60.49507071719749,62.458261381397946,64.44200330640369,66.46462750005834,68.54392891462066,70.67846936345885,72.79124548180422,74.78683818152703,76.5704756893031,78.0892029044452,79.45217252388656,80.80702044673465,82.29754826864315,84.00027783880132,85.73854217292845,87.30221889494955,88.5934952624913,89.52754026121015,89.91965466241973,89.59085006868841,88.5934952624913,87.04101520094414,85.0682256220508,82.8118313831875,80.40496384620224,77.957735122512,75.49231438381263,73.01086512648183,70.51676750582348,68.01389437311198,65.50633670864921,62.99843975550506,60.49507071719749
39.91750879884917,41.96465512735605,43.961020062318816,45.92287359967986,47.868009886684824,49.81506469450846,51.783149155707974,53.79164910549861,55.8601127847089,57.9883701686701,60.0970329471115,62.086916319420254,63.85885985904275,65.35550563434863,66.68663803752759,68.00383682378823,69.45868884904806,71.1366519887477,72.85865355703137,74.40507304862399,75.65863943753288,76.51993908719743,76.85863567285209,76.56699828176747,75.65863943753288,74.19269146637592,72.28902069660386,70.08267884392498,67.70872110662751,65.28066726295867,62.82588557774551,60.35022349932149,57.85956336141781,55.359849385765315,52.857134875732115,50.35766379892257,47.868009886684824
40.908859374541976,42.96055100859235,44.95969511962336,46.92327877496168,48.869508529898916,50.817262442306344,52.785797172455744,54.7945879176079,56.863238977644116,58.99161534595663,61.10035049095626,63.09027641918833,64.86224448914453,66.35890445763764,67.69004596715628,69.00725139575869,70.46210875745138,72.14007619491483,73.86208074609615,75.40850207406453,76.66206953943072,77.52336976781095,77.86206655139964,77.57042899081435,76.66206953943072,75.1961202766372,73.29244702655353,71.08610054711195,68.71213436040784,66.28406548666007,63.829257133828065,61.353547599869685,58.86280287493875,56.36293808127911,53.85995495584521,51.360006680829635,48.869508529898916
41.902678627297504,43.957992533357654,45.95934808929528,47.92430715081822,49.87140568195784,51.81971483748384,53.78860709552441,55.7976287061191,57.86642851503866,59.994899330952904,62.10369191693286,64.09365162314195,65.86563916332706,67.36231039715389,68.69345913446848,70.0106698351491,71.46553143239949,73.1435022810162,74.86550919973241,76.41193198523635,77.66550030498857,78.52680099269628,78.86549793338551,78.57386023826729,77.66550030498857,76.19955001702078,74.29587479830784,72.08952464658819,69.71555175354166,67.28747095027647,64.83264143091799,62.35689423014706,59.86608236424672,57.36609785294452,54.862901485147404,52.362574324376695,49.87140568195784
42.8984660780673,44.95666427063384,46.959778598887056,48.925830716716646,50.873619357521406,52.82236943896319,54.79154556111601,56.80075044818243,58.86966833468418,60.99821411979556,63.10705229898298,65.09703881562075,66.86904180964557,68.36572198489557,69.69687645897196,71.01409134413407,72.46895630316658,74.14692985922738,75.86893865706202,77.41536259941464,78.66893159729436,79.53023264957089,79.86892971495098,79.57729191305381,78.66893159729436,77.20298049564417,75.29930371442617,73.09295064800858,70.71897243210697,68.29088216029191,65.8360358407835,63.36025874300579,60.86939358463579,58.36931404499103,55.86594840004008,53.36532043343907,50.873619357521406
43.895821271060534,45.95631460000975,47.9608271076643,49.92774766563653,51.876084400986926,53.825184590025174,55.79458607453975,57.803936452466246,59.87294806698283,62.00155335901974,64.11042772699079,66.1004355236031,67.87245078354317,69.36913805568226,70.70029708306495,72.0175152894713,73.4723829167632,75.15035862173013,76.87236891102498,78.41879377157026,79.67236330768065,80.53366464931588,80.87236181366325,80.58072392701553,79.67236330768065,78.20641156020969,76.30273353882876,74.09637815900828,71.72239571833634,69.29429793127434,66.83943827731011,64.36363744973453,61.87272999143573,59.372575022461604,56.86907500539789,54.36820823610941,51.876084400986926
44.8944243156643,46.95674301072038,48.96236666888939,50.929977063888444,52.878749045461234,54.8281272061419,56.79770759823059,58.807173467595476,60.87625948024595,63.00491200537665,65.11381509730576,67.10383978417465,68.87586477970066,70.37255768469277,71.7037203260594,73.02094116855109,74.47581091364887,76.15378832420771,77.87579979727715,79.42222538659323,80.67579534989791,81.53709692119745,81.87579416409521,81.58415621018088,80.67579534989791,79.20984308983824,77.30616408413817,75.09980686816508,72.72582107427974,70.29771732232834,67.84284708469362,65.3670274224325,62.876086389607394,60.375871549005865,57.872264870173964,55.37120852970543,52.878749045461234
45.89402001548005,47.95778985154597,49.96429632328585,51.93245459270784,53.88157217020134,55.83117101451016,57.80089342916972,59.810450973768894,61.879596040137855,64.00828605572185,66.11721194643945,68.10725003932156,69.87928276206443,71.37598013788539,72.70714564768708,74.02436858244866,75.47924000845452,77.15721877274501,78.87923118537819,80.42565735312051,81.67922765548977,82.540529409074,82.87922671431733,82.58758870701344,81.67922765548977,80.21327498858788,78.30959520163248,76.10323652830186,73.72924807296238,71.30113958665369,68.84626094868749,66.37042633711701,63.87945865551089,61.37919629266992,58.87550494968849,56.37429812545312,53.88157217020134
46.994404998367145,49.05932808761162,51.06653581217323,53.035129150752624,54.984521116636245,56.93429515382276,58.90413030670115,60.91376062004235,62.982952559823545,65.11167233255884,67.22061631904461,69.21066505241726,70.98270390830487,72.47940483264424,73.81057261913321,75.12779721453524,76.58266997468155,78.26064981343116,79.98266297179728,81.52908959863714,82.78266017012223,83.64396206838603,83.98265942311306,83.69102137343384,82.78266017012223,81.31670718030935,79.41302677327067,77.20666694323322,74.83267637549184,72.40456413150781,69.94967882615208,67.47383234917496,64.98284351600037,62.48254343341168,59.9787848882618,57.47745861173621,54.984521116636245
47.995417327380224,50.06125668940493,52.06902135390236,54.03796014638132,55.98756995039324,57.93748306104851,59.90740770365423,61.91709577740251,63.986324922175854,66.11506831378182,68.2240266631137,70.21408384193168,71.98612756573016,73.48283130654255,74.814000900045,76.13122681350126,77.58610063255725,79.26408132410663,80.98609507436186,82.53252206558786,83.7860928506704,84.6473948637665,84.98609225776877,84.69445417445621,83.7860928506704,82.3201396045628,80.41645870536342,78.21009795724626,75.83610571288764,73.40799048642623,70.95309988913345,68.4772439944937,65.98623837304541,63.48590835144071,60.98209646525561,58.48067537103918,55.98756995039324
48.99692814418845,51.06349534232138,53.0717022742986,55.04091534150916,56.99069807899713,58.940721586697464,60.91071726323389,62.92045118385319,64.98970985921873,67.11847199751527,69.22744174678768,71.217505628812,72.98955321629316,74.4862591925493,75.8174302202828,77.13465717988126,78.58953183939559,80.26751320781318,81.98952742785141,83.535954708291,84.78952566290604,85.65082776714459,85.98952519231965,85.69788708231229,84.78952566290604,83.32357221337708,81.41989092354933,79.21352944675127,76.83953587165891,74.41141827799828,71.95652348047562,69.48066011097973,66.9896411645043,64.48928737976243,61.98543315510719,59.4839367987818,56.99069807899713
49.998834966136144,52.06598022021255,54.07453832130521,56.04396913584296,57.993889152927224,59.944000291867994,61.914052351781606,63.92382266260208,65.99310477702548,68.12188179481993,70.23086059232054,72.22092979471597,73.99298044881627,75.4896881993501,76.82086036543578,78.13808815535904,79.59296348194626,81.27094538759494,82.99295998050036,84.539387490489,85.79295857966208,86.65426075624043,86.99295820615738,86.70132007496235,85.79295857966208,84.32700496867747,82.42332336880763,80.21696131365482,77.84296668235734,75.41484720984607,72.95994907858824,70.48407977626206,67.99305025360135,65.49267760771465,62.98878977794605,60.487233682732665,57.993889152927224
51.00105632155188,53.068660613513885,55.07749752670773,57.047101202280516,58.997130192244214,60.94731088984712,62.917407703613634,64.92720689831066,66.99650761671171,69.1252964445225,71.23428242366296,73.22435584886031,74.9964089369455,76.49311809572748,77.82429116532528,79.14151961427855,80.5963954703223,82.27437780237183,83.99639269122224,85.54282038340416,86.79639157937603,87.65769381337059,87.99639128292515,87.70475313491343,86.79639157937603,85.33043784024393,83.4267559942935,81.22039348009999,78.84639801049124,76.41827704673311,73.9633762694813,71.48750225824384,68.99646434119364,66.49607672499826,63.992162222173704,61.49055871008653,58.997130192244214
52.103527463582026,54.171496242034905,56.18055450462465,58.15029540206271,60.10041089267388,62.05064680261499,64.02077913901024,66.0306012594568,68.09991674408732,70.22871494560943,72.33770662485671,74.32778340170717,76.09983842165228,77.59654869816345,78.92772248488015,80.24495145690635,81.69982773318033,83.37781040366457,85.09982552740674,86.6462533641956,87.89982464493377,88.76112692449956,89.09982440964055,88.8081862482814,87.89982464493377,86.43387080409093,84.53018876282611,82.32382588429162,79.94982974931435,77.52170760195145,75.06680472456867,72.59092697585277,70.09988239612983,67.59948289786146,65.0955472242027,62.59390607600311,60.10041089267388
53.10619695042051,55.17445511520323,57.183689098268275,59.15353892261682,61.103723074391695,63.05400280865739,65.02416334030923,67.03400365731417,69.10333086206164,71.23213650356327,73.34113270701069,75.33121214407815,77.10326869734453,78.59997986099916,79.93115421689409,81.24838360408383,82.70326021389495,84.38124315299507,86.10325846317104,87.64968641473448,88.90325776275174,89.76456007848742,90.10325757599935,89.8116194040464,88.90325776275174,87.43730384118103,85.53362164489505,83.32725847718282,80.95326181410198,78.5251387273105,76.07023418305003,73.59435346788726,71.10330359997143,68.60289467081286,66.09894219358999,63.59727117275986,61.103723074391695
54.209023919764206,56.277511829374006,58.286885304143794,60.25682159256104,62.2070602442371,64.1573747633178,66.12755767414389,68.13741243400554,70.20674894111222,72.33556048776731,74.44456028208884,76.43464183057709,78.20669960084328,79.70341146862489,81.0345862762772,82.3518159929827,83.80669286752249,85.4846760198233,87.20669147797184,88.75311952063198,90.00669092204862,90.86799326649245,91.20669077382317,90.91505259346187,90.00669092204862,88.54073693640417,86.63705461707781,84.43069121984506,82.05669413760788,79.62857030519096,77.17366443792712,74.69778136828872,72.20672730311495,69.70631088860189,67.2023450742164,64.7006503429419,62.2070602442371
55.311975918429766,57.38064621364964,59.390130417091825,61.360135337581525,63.31041724806249,65.26075937676721,67.23096005032379,69.24082627363875,71.31017016409353,73.43898639769577,75.54798904210487,77.53807226643217,79.31013100263294,80.806843429281,82.1380185954936,83.45524857373601,84.9101256583912,86.58810897990949,88.31012455550402,89.85655267046765,91.11012411426745,91.9714264814969,92.31012399662083,92.01848580958583,91.11012411426745,89.64417007776761,87.74048766078405,85.53412408138064,83.16012666645878,80.7320022422382,78.27709532490486,75.80121038651464,73.31015298996473,70.80973063428905,68.30575423408663,65.80404068349122,63.31041724806249
56.41502717522701,58.48384225332916,60.493414351018615,62.463473748282766,64.4137899946889,66.36415403773249,68.33436880980948,70.34424413176811,72.41359388242839,74.54241383607805,76.65141874260871,78.64150329705237,80.41356279991672,81.91027567013765,83.2414511209399,84.55868130676438,86.01355855818827,87.69154201401464,89.41355768282611,90.95998585517704,92.2135573326164,93.07485971793079,93.41355723924019,93.12191904690827,92.2135573326164,90.74760325575261,88.84392076125842,86.63755703726606,84.26355935829216,81.83543446435647,79.38052671358179,76.90464029196019,74.41358025128875,71.91315318008853,69.40916837785221,66.9074398901448,64.4137899946889
57.518157227303675,59.587087234354385,61.59672909932489,63.56683173701494,65.51717523673797,67.4675566735603,69.43778263578645,71.44766517940303,73.51701958133555,75.64584248759823,77.75484918957952,79.7449347997385,81.5169949111046,83.01370813338974,84.34488381007105,85.66211416065354,87.1169915444419,88.79497510686866,90.51699084966644,92.06341906756575,93.3169905717048,94.17829297137328,94.51699049759206,94.22535230105598,93.3169905717048,91.85103646280412,89.94735390678974,87.74099006803706,85.36699217948484,82.9388669127359,80.48395850045794,78.00807090159353,75.51700876227736,73.01657794834983,70.51258647737353,68.01084613394198,65.51717523673797
59.26151093761682,61.37213466943872,63.44487966314428,65.49819945689102,67.5493174683198,69.6129076162854,71.70003143470133,73.81772277874377,75.96965983422766,78.14532645880313,80.28497937223271,82.31954340425591,84.18387187640108,85.85146728167742,87.41957813488813,89.00346781847713,90.69875624391503,92.53721195005852,94.36193817270618,96.01521023920651,97.49496346843668,98.76687043920373,99.3880873128719,98.90146712706678,97.49496346843668,95.49448973112004,93.1199551616447,90.54309532477913,87.90983021774156,85.32455749318277,82.7810039382116,80.25758818641495,77.7404334704692,75.21896845454869,72.68413674494793,70.12870472736809,67.5493174683198
57.40483175398795,59.47368280397825,61.48327673861587,63.45334967012364,65.40367444685943,67.35404393420146,69.32426220883244,71.33413979119739,73.40349099772487,75.532311875555,77.6413173440696,79.63140222895687,81.40346192228503,82.90017490270361,84.23135042420708,85.54858066160152,87.00345795445611,88.6814414436489,90.4034571356184,91.94988532222618,93.20345680802265,94.06475919782994,94.40345672067602,94.11181852702818,93.20345680802265,91.73750272113118,89.8338202073809,87.62745644746803,85.25345870289516,82.82533369226724,80.37042573443904,77.89453894433518,75.40347824677873,72.90305000408895,70.39906311451043,67.89733091591953,65.40367444685943
55.598772770451035,57.66731776406847,59.67672589608409,61.64668366613117,63.596935857801355,65.54725901873526,67.51744748934226,69.52730583730293,71.59664465542562,73.72545766911432,75.83445835552547,77.82454042855872,79.59659850116672,81.09331054387604,82.42448546375937,83.74171526232708,85.19659220263395,86.87457540790061,88.59659090281028,90.14301896810176,91.39659038278454,92.25789273436033,92.59659024413037,92.30495206168017,91.39659038278454,89.9306363812221,88.0269540313286,85.82059057707556,83.4465933907066,81.01846937305243,78.56356317711214,76.08767952254618,73.59662441463742,71.09620614051639,68.59223701273164,66.09053639095484,63.596935857801355
54.40015364876044,56.486229294868565,58.52176401192867,60.52623908346746,62.51866693152044,64.51697414801794,66.53742933085809,68.59431304782042,70.70011438605418,72.84978406489213,74.97249642268294,76.98256557828302,78.7964369473636,80.37186826565681,81.81495786759504,83.26200006525566,84.8374190846805,86.59771417449167,88.37319072393284,89.97587408830466,91.35069314555368,92.43956535842685,92.94038781494197,92.53637756006823,91.35069314555368,89.60293119030305,87.46461545292829,85.08258935557888,82.59034177637292,80.09240721139213,77.59873753588295,75.10224899496077,72.59992819109618,70.09044480934836,67.5732229706112,65.04857617197905,62.51866693152044
53.088355152769324,55.15564406547625,57.16428942756322,59.13377434507794,61.083728469840736,63.03386138041866,65.00392744827069,67.01370679978587,69.08299473730276,71.211775451672,73.3207564970534,75.31082702120318,77.08287843715115,78.57958662847281,79.91075907736177,81.22798707356439,82.68286256587389,84.36084460498796,86.0828592905255,87.62928685754147,88.88285798014307,89.74416017469295,90.08285763075656,89.79121949429783,88.88285798014307,87.4169043290477,85.51322265215353,83.30686045331888,80.93286555962621,78.50474562034805,76.04984666088262,73.57397588464764,71.08294373451086,68.58256640286882,66.07867022437443,63.57709928766113,61.083728469840736
52.429983645213554,54.50372550015777,56.52036326053205,58.499658437920644,60.46125585845438,62.424511531449156,64.4083219844599,66.4310106496929,68.5103622827157,70.6449315395235,72.75772663229425,74.7533470541882,76.53704275761146,78.05588021601578,79.41900807290502,80.77404172183094,82.26474407234346,83.96759394391896,85.70593689585392,87.26969675154623,88.56115369772138,89.49554266106378,89.88790598449242,89.55892852145986,88.56115369772138,87.008256887118,85.0351284122871,82.77848542527994,80.37145289041128,77.92412769850385,75.45865370161316,72.97717623119793,70.48306322536988,67.98017774627273,65.47260206513623,62.96467398030886,60.46125585845438
39.900491649646,41.94755049378201,43.943861891414,45.90568208258843,47.850797287175965,49.797838613200156,51.76591439007025,53.774408730808034,55.842868795490475,57.971123884191655,60.07978526661928,62.069667817976224,63.84161088437716,65.33825638587702,66.66938861338173,67.98658727150192,69.44143919381403,71.11940225060337,72.84140376134238,74.3878232175085,75.64138958565087,76.5026892241511,76.8413858059873,76.54974841817261,75.64138958565087,74.17544163941159,72.27177091748851,70.0654291540669,67.69147157977102,65.26341802605396,62.80863685529482,60.33297569234358,57.84231718619735,55.342606119875214,52.8398967912689,50.340434918515456,47.850797287175965
40.891794721814875,42.94341660445013,44.94251810215996,46.90607524302352,48.85228824566458,50.8000314497312,52.7685592839093,54.777345575838524,56.84599376649143,58.97436831284669,61.083102349751755,63.07302762636553,64.84499532071496,66.34165507188393,67.67279644196789,68.99000176886412,70.44485904884655,72.12282642050369,73.84483092601164,75.39125222586193,76.64481967474569,77.50611989426477,77.84481667482277,77.55317911683281,76.64481967474569,75.17887043172935,73.27519721962358,71.06885081102584,68.6948847536971,66.26681611008715,63.812008165586704,61.33629935826822,58.845555928554575,56.34569344431884,53.84271443229511,51.34277346541573,48.85228824566458
41.88557608179228,43.940834426429845,45.94215608381133,47.90709407072883,49.85417929346666,51.8024799448397,53.77136672751794,55.780384802758675,57.84918233391285,59.97765170360749,62.086443410043245,64.07640259904468,65.84838984110382,67.34506090243772,68.67620952908172,69.99342014903746,71.448281681434,73.12625247781997,74.84825936028514,76.39468212347165,77.64825043014176,78.50955111081637,78.8482480491001,78.55661035604183,77.64825043014176,76.18230015787117,74.27862496930133,72.07227487381064,69.69830208345007,67.27022146284722,64.81539226758744,62.33964564356904,59.84883480574041,57.348852127609916,54.8456590252014,52.34533766671245,49.85417929346666
42.88133333704211,44.93948730406068,46.942574678771756,48.90861005070682,50.85638812099689,52.8051314495753,54.77430322465301,56.78350530518503,58.852421383612494,60.98096602077598,63.08980350183788,65.07978960795636,66.85179236535427,68.3484724036949,69.6796267899312,70.99684161102152,72.45170651857924,74.12968003318437,75.85168880224643,77.3981127268857,78.65168171438214,79.51298276107649,79.85167982454735,79.56004202428514,78.65168171438214,77.18573062519083,75.28205386789749,73.07570084610896,70.7017227117096,68.27363258487489,65.81878652260744,63.34300988260989,60.85214554025687,58.35206745571534,55.84870440286596,53.348081042679894,50.85638812099689
43.87866448783055,45.93912263498794,47.94361371913786,49.91052097391645,51.85884931463296,53.80794414195786,55.777342175391766,57.78669032544144,59.85570050475576,61.98430488561375,64.0931786994628,66.08318617023862,67.85520124236514,69.35188840583817,70.68304736350166,72.00026551905394,73.45513310549012,75.13310877755356,76.85511904401156,78.40154389049772,79.65511341836688,80.51641475557153,80.85511191840354,80.5634740330535,79.65511341836688,78.18916168078457,76.28548367839267,74.07912833399438,71.70514595801106,69.27704828602077,66.82218883623108,64.34638837200305,61.8554815614,59.35532774741381,56.85182978792986,54.350966675474325,51.85884931463296
44.87724840203836,46.93953912276447,48.945145757857986,50.912745586556404,52.86151090227085,54.81088480612013,56.78046245857709,58.78992655946766,60.85901143291372,62.98766323480844,65.09656588691837,67.0865903151662,68.85861516162282,70.35530798036592,71.68647056639611,73.00369136852473,74.45856108119523,76.13653846563848,77.8585499205823,79.40497549873965,80.65854545550324,81.51984702328619,81.85854426498125,81.56690631209688,80.65854545550324,79.19259320329218,77.28891421266376,75.08255702480531,72.70857128226353,70.28046762164504,67.82559754606524,65.34977817219772,62.858837653463354,60.35862372962157,57.85501868403509,55.3539652464498,52.86151090227085
45.87682888765367,47.940576488572546,49.94706943695647,51.915219315139936,53.864331600026304,55.81392706490645,57.783647304799274,59.79320344562883,61.862347607757954,63.99103704928851,66.09996259091369,68.09000047852533,69.86203308295069,71.35873039031537,72.68989585619629,74.00711875892154,75.46199015918981,77.13996890275233,78.86198130099916,80.40840745988478,81.66197775706237,82.52327950785553,82.8619768121442,82.57033880565783,81.66197775706237,80.19602509638995,78.29234532139691,76.08598667038092,73.71199825579295,71.28388984197557,68.82901133263331,66.35317694996387,63.86220967640081,61.36194804122101,58.8582579946376,56.35705347470764,53.864331600026304
46.97720177582233,49.0421071968794,51.0493041802942,53.01789085574215,54.96727861967571,56.917049974116765,58.88688340068029,60.896512599766524,62.96570382181889,65.09442313891464,67.20336684832073,69.1934154187683,70.9654541807466,72.46215505075192,73.79332280238083,75.11054737235555,76.56542011207387,78.24339993437165,79.96541308131933,81.5118397011296,82.76541026849407,83.62671216454257,83.9654095185119,83.67377146948152,82.76541026849407,81.2994572836255,79.39577688608136,77.1894170737551,74.81542653835825,72.38731435191079,69.93242914864452,67.45658285334807,64.96559434404313,62.46529483901742,59.96153732287621,57.46021287545891,54.96727861967571
47.978204493130065,50.044029819198215,52.05178595361656,54.02071945567289,55.970325923835446,57.920236904884774,59.89016017718659,61.899847366498264,63.969075941588954,66.09781897154535,68.20677710095589,70.19683415045907,71.96887779972123,73.4655814974085,74.7967510632424,76.11397695651695,77.56885075935924,79.24683143785077,80.96884517904317,82.51527216468978,83.76884294650179,84.63014495783959,84.9688423512405,84.67720426844292,83.76884294650179,82.30288970431849,80.39920881265496,78.19284807859515,75.81885585990847,73.39074067911396,70.93585016285002,68.45999441241142,65.96898904802222,63.468659484840856,60.96484841541631,58.463428773077396,55.970325923835446
48.979707673473946,51.04626372324597,53.05446388185288,55.02367274885995,56.97345283820397,58.923474655439975,60.89346924428554,62.90320246289437,64.9724606860893,67.10122253733924,69.21019211205802,71.20025589144441,72.97230341976581,74.4690093617934,75.80018036756633,77.11740731114654,78.572281957792,80.25026331584559,81.97227752869063,83.51870480470185,84.77227575672106,85.63357785956404,85.97227528426181,85.68063717466319,84.77227575672106,83.30632231030683,81.40264102646026,79.19627956081956,76.82228600610307,74.39416844868836,71.93927371547855,69.46341046043588,66.97239171799063,64.47203829710674,61.96818472073734,59.46668951683931,56.97345283820397
49.98160842953092,52.04874483009344,54.05729755324097,56.0267250333236,57.97664294827311,59.92675274536859,61.89680394193104,63.90657369554485,65.97585545107191,68.10463224103404,70.21361089999016,72.20368002092133,73.97573062806634,75.47243835143288,76.80361050008841,78.12083827729796,79.57571359367117,81.25369549109391,82.97571007829008,84.52213758476395,85.77570867187673,86.63701084734743,86.97570829688553,86.68407016601492,85.77570867187673,84.30975506336424,82.40607346824171,80.19971142194449,77.82571680681934,75.39759736307653,72.94269928286397,70.46683007137985,67.97580071065943,65.47542835357147,62.97154103836192,60.469985857875685,57.97664294827311
50.98382496740321,53.051422229140286,55.06025487264769,57.02985590118821,58.979883222496454,60.930062854998624,62.900158983491124,64.90995773591999,66.9792581694596,69.1080468164377,71.21703268561456,73.20710604615344,74.97915909697008,76.47586823418932,77.80704128995276,79.12426972881516,80.57914557675204,82.25712790227263,83.9791427865916,85.52557047598383,86.77914167032044,87.64044390343584,87.97914137268972,87.68750322493548,86.77914167032044,85.3131879331505,83.40950609096797,81.20314358380315,78.82914812703042,76.40102718610585,73.94612644936879,71.470252510233,68.97921472171578,66.47882733474295,63.97491324033312,61.47331045429371,58.979883222496454
52.08629228382813,54.15425548037926,56.163310353355016,58.13304914954382,60.08316331562254,62.03339838014391,64.00353017261683,66.01335194202673,68.08266720055927,70.21146525855312,72.32045685052172,74.31053357605253,76.08258856641751,77.5792988258143,78.91047260155065,80.22770156556771,81.68257783540727,83.3605605007095,85.08257562085507,86.62900345542974,87.88257473486999,88.74387701373803,89.08257449864033,88.79093633748556,87.88257473486999,86.41662089558451,84.51293885731032,82.30657598435445,79.93257985956517,77.50445773032531,75.04955488509916,72.57367719361056,70.08263271590488,67.58223339957235,65.07829805007822,62.57665747816097,60.08316331562254
53.08895873307232,55.1572124662308,57.16644375847747,59.136291914875386,61.08647501529278,63.03675407851763,65.00691417844543,67.01675421682727,69.08608124211855,71.21488676970091,73.3238829038749,75.31396230020985,77.08601882999841,78.58272998006932,79.91390432724913,81.23113370808201,82.6860103127861,84.36399324777328,86.08600855509462,87.63243650490068,88.88600785188774,89.74731016706966,90.08600766439214,89.79436949260139,88.88600785188774,87.42005393155313,85.51637173764081,83.31000857435639,80.9360119193617,78.5078888469545,76.05298432821681,73.5771036584755,71.08605387153116,68.58564508677628,66.08169286684661,63.58002230342335,61.08647501529278
54.19178329071356,56.26026768214311,58.269639020906496,60.239573985352024,62.18981180251758,64.14012578897344,66.11030835713201,68.12016289584707,70.18949926051803,72.3183107167548,74.42731045609379,76.41739197225255,78.18944972388435,79.68616158088454,81.01733638161967,82.3345660932797,83.78944296376605,85.4674261128024,87.18944156868524,88.73586960995053,89.98944101054954,90.85074335455377,91.18944086173417,90.89780268150162,89.98944101054954,88.52348702588617,86.61980470844378,84.41344131472535,82.0394442389062,79.61132041790607,77.15641457089971,74.6805315373124,72.18947753640603,69.68906123650692,67.1850956263374,64.68340125811405,62.18981180251758
55.29473337472922,57.363400877064834,59.37288338496707,61.342887254545104,63.293168502644704,65.24351020859262,67.2137106101688,69.22357665795758,71.29292043536023,73.42173659719707,75.53073919796638,77.52082239663368,79.29288111804433,80.78959353613516,82.1207686968576,83.43799867109541,84.89287575253337,86.57085907146067,88.2928746452569,89.83930275911345,91.09287420226428,91.95417656914483,92.29287408414945,92.00123589721662,91.09287420226428,89.62692016654313,87.72323775105484,85.51687417444077,83.14287676461292,80.71475234945385,78.2598454481989,75.78396053842249,73.29290319288175,70.7924809281757,68.28850469006105,65.78679142762398,63.293168502644704
56.39778311156506,58.46659597263675,60.4761667244552,62.44622528756318,64.39654100821801,66.34690471571164,68.31711927191449,70.32699445455663,72.39634411548681,74.52516401217605,76.63416888406972,78.62425341814702,80.3963129092724,81.89302577270144,83.22420121914615,84.54143140179218,85.99630865066258,87.67429210443247,89.3963077718166,90.94273594328884,92.19630742021312,93.05760980525062,93.39630732646529,93.10466913421449,92.19630742021312,90.73035334396737,88.82667085066001,86.62030712888155,84.24630945395074,81.8181845672072,79.36327682919395,76.88739043028318,74.39633043009783,71.89590343110054,69.39191875751422,66.89019049852106,64.39654100821801
57.500911957056815,59.5698402042497,61.57948100092602,63.54958297651626,65.49992605893833,67.45030722942963,69.42053302031437,71.43041545335456,73.49976978406795,75.62859264512096,77.73759931961081,79.727684913605,81.49974501565387,82.99645823254829,84.327633905771,85.64486425383078,87.09974163559241,88.77772519638694,90.49974093805184,92.04616915525371,93.29974065898396,94.16104305843264,94.49974058457629,94.20810238810455,93.29974065898396,91.83378655057383,89.93010399550143,87.7237401585059,85.34974227316272,82.9216170121222,80.46670860997298,77.99082102913418,75.4997589219519,72.99932816533206,70.49533679646586,67.99359663456676,65.49992605893833
59.24496904548113,61.3556432183652,63.428464128540654,65.48188259117494,67.53311769842298,69.59683624655108,71.68408920985274,73.80189662574635,75.9539206668187,78.12963590049085,80.26932033286157,82.30392972184133,84.16835082114339,85.83611265941957,87.40444369868293,88.98856722809685,90.68405450989646,92.52263695011699,94.34744186365593,96.00079383533524,97.48070986597497,98.75289154773897,99.37428289779893,98.88754351556756,97.48070986597497,95.47983727084915,93.10490825716269,90.52770651363215,87.89418417655924,85.30874789102937,82.76509942759088,80.24163198867794,77.72444866139084,75.20296046395258,72.66809456706892,70.11260244931324,67.53311769842298
57.371654974093914,59.44050202666482,61.450093534659615,63.42016496217262,65.37048879097641,67.32085767332222,69.29107555873317,71.30095288991144,73.37030393465638,75.49912470978742,77.60813011585186,79.59821496401875,81.3702746361817,82.86698760435468,84.19816311800145,85.51539334966523,86.97027063791586,88.64825412340082,90.37026981279692,91.9166979978204,93.17026948268821,94.03157187199623,94.37026939467154,94.07863120116991,93.17026948268821,91.70431539691106,89.80063288530059,87.59426912937937,85.22027139209614,82.79214639443558,80.33723845961606,77.86135171045962,75.37029108589917,72.86986297339061,70.36587631576701,67.86414452954658,65.37048879097641
55.56560218346448,57.63414083349416,59.64354511418213,61.613500497071286,63.56375118410756,65.5140733847164,67.48426123749421,69.49411918672868,71.56345774804072,73.69227059870599,75.80127118598415,77.79135320072761,79.56341123973803,81.06012326300859,82.3912981704203,83.70852795989111,85.16340489288967,86.84138809227053,88.56340358309515,90.10983164587172,91.36340305908033,92.22470540986359,92.56340291936256,92.2717647371445,91.36340305908033,89.89744905928676,87.99376671279,85.78740326487332,83.41340609007594,80.98528209300616,78.53037593358988,76.05449234402369,73.56343735198834,71.06301928451535,68.55905052493073,66.0573505577342,63.56375118410756
54.36800834612936,56.45416455200754,58.489822251188116,60.49446035971046,62.48708654008598,64.48561752879837,66.5063047196836,68.56340316544399,70.6693694323614,72.81913281852668,74.94190654087728,76.95206484820653,78.76612144782052,80.34189668996758,81.78546460185679,83.2330463199722,84.8089520376607,86.56957176029562,88.34525587189503,89.94815489609178,91.32342934319493,92.41312258069156,92.91450416770006,92.5101086010673,91.32342934319493,89.57458897553718,87.43532017603823,85.05254593300195,82.55977734067352,80.06152844135627,77.56768203737232,75.07109893611607,72.56872628901493,70.05920116113049,67.54191817441047,65.01716506986071,62.48708654008598
53.055209977329156,55.12248292504442,57.13111858991988,59.10059749512146,61.05054782962718,63.000678320819375,64.97074283203689,66.98052117890569,69.04980846933285,71.17858877292159,73.28756956850822,75.2776399457787,77.04969127706673,78.54639941940606,79.87757183686864,81.19479981014857,82.64967528404229,84.32765730832509,86.04967198356891,87.59609954424778,88.84967066313465,89.71097285568746,90.04967031106801,89.7580321751942,88.84967066313465,87.38371701649655,85.48003534816168,83.27367316529359,80.89967830075946,78.47155841335051,76.01665954591923,73.54078893347165,71.04975707531199,68.54938026437287,66.0454850136289,63.54391572617811,61.05054782962718
52.39706854575361,54.47083228295834,56.48750369033803,58.46684392953574,60.42849688037468,62.391816166397476,64.37569367404828,66.39844542279745,68.47784619180223,70.61244363510512,72.72525729276384,74.72090483819483,76.50465747947078,78.02360279428895,79.38688545320167,80.74210078175423,82.23297384437424,83.93594137878057,85.67436122070562,87.23820238000943,88.5298359190524,89.46456121479146,89.85716790425067,89.52802143345623,88.5298359190524,86.97653153603666,85.0030715705787,82.7461852383274,80.33899127417739,77.89157169486259,75.4260455867773,72.94454051037731,70.4504124502939,67.94751489028894,65.43992157975984,62.93196303210581,60.42849688037468
39.883214492894794,41.93018416277438,43.926440987136445,45.888227186194015,47.833320899716554,49.7803484825086,51.74841540660124,53.756904029469595,55.825360409493825,57.953613158398355,60.06227311772304,62.05215483219747,63.82409741619375,65.32074263857423,66.65187468699561,67.9690732144887,69.4239250318553,71.10188800412533,72.823889456203,74.37030887625514,75.623875223228,76.48517485034725,76.82387142829089,76.53223404380961,75.623875223228,74.15792730238991,72.2542566292444,70.04791495681218,67.6739575486811,65.24590429054251,62.791123644220704,60.31546341450721,57.82480657178206,55.32509847124166,52.8223944245904,50.322941934435484,47.833320899716554
40.8744691443914,42.926019926986065,44.92507798632248,46.888608098920415,48.83480402447168,50.782536312514424,52.75105711694842,54.75983886925607,56.828484134850726,58.956856823895066,61.06558973120306,63.05551434355368,64.82748165500746,66.32414118463495,67.65528241257842,68.97248763579478,70.42734483248128,72.10531213705508,73.82731659600333,75.37373786718985,76.62730529927131,77.48860550975732,77.82730228722576,77.53566473188155,76.62730529927131,75.16135607641598,73.25768290302508,71.05133656664597,68.67737064120331,66.24930223219715,63.79449470395221,61.31878663737436,58.82804452801159,56.328184398011956,53.82520957920903,51.32527606224251,48.83480402447168
41.868211879229776,43.923413587368046,45.92470068956012,47.88961719337118,49.83668884963446,51.7849808319005,53.75386203299328,55.76287650428597,57.83167171347762,59.96013960888938,62.06893041871325,64.05888908047032,65.8308760186182,67.32754690411183,68.6586954179376,69.97590595560186,71.430767421886,73.10873816502769,74.83074501053827,76.37716775097431,77.63073604430842,78.49203671781345,78.83073365364504,78.53909596268664,77.63073604430842,76.16478578803962,74.26111063019789,72.05476059202736,69.68078790634542,67.2527074719496,64.79787860707795,62.32213257100426,59.83132278119719,57.33134197181013,54.8281521981494,52.32783675451296,49.83668884963446
42.863938354877845,44.922047240099246,46.92510713896703,48.89112544033501,50.83889273509884,52.78762917981663,54.75679652347992,56.765995743022074,58.83490997829105,60.96345344523084,63.07229021461987,65.06227590225268,66.83427841843175,68.33095831720618,69.66211261389782,70.97932736967294,72.43419222475697,74.11216569710191,75.83417443683305,77.38059834341524,78.63416732032687,79.4954683613307,79.83416542285528,79.54252762425978,78.63416732032687,77.1682162438362,75.2645395109318,73.05818653463845,70.68420848332295,68.25611850428209,65.80127270424754,63.325496530913654,60.834633020412696,58.33455641921037,55.831196008759235,53.33057734436238,50.83889273509884
43.861244998096254,45.92166728198298,47.92613652736297,49.89303022097427,51.84135000422616,53.79043936581907,55.759833881213225,57.769179760157016,59.83818847641962,61.966791928417166,64.07566517739119,66.06567231600745,67.83768719667574,69.33437424937392,70.66553313596526,71.98275123967659,73.4376187844642,75.11559442298565,76.83760466616363,78.38402949831786,79.63759901778585,80.49890035047392,80.83759751176117,80.54595962773396,79.63759901778585,78.17164729028404,76.26796930724967,74.06161399896101,71.68763168892167,69.25953413423616,66.80467489258321,64.3288747987537,61.837968648415256,59.33781601182959,56.83432014985128,54.33346076518194,51.84135000422616
44.859809411421026,46.92207161574249,48.92766089771308,50.89524995517982,52.84400847572584,54.79337804015505,56.762952899822906,58.77241519792338,60.84149891005892,62.97014997468304,65.07905217843883,67.06907634304687,68.8411010375413,70.33779376836168,71.66895629798157,72.98617705896379,74.44104673857773,76.11902409639862,77.84103553286505,79.38746109964711,80.64103104974268,81.50233261394084,81.84102985440981,81.5493919025754,80.64103104974268,79.17507880553256,77.27139983026822,75.06504267107005,72.69105698086818,70.26295341335504,67.80808350297494,65.33226442309757,62.84132442843014,60.34111143913805,57.83750805848953,55.3364575801138,52.84400847572584
45.85937438806761,47.923099322846134,49.92957848563053,51.89771980980984,53.8468266994107,55.79641871929317,57.76613674222071,59.775691452041144,61.844834692383586,63.97352354872092,66.0824487344793,68.07248641283698,69.84451889664882,71.34121613422874,72.67238155533659,73.98960442540385,75.44447579943503,77.12245452186733,78.84446690544863,80.39089305530567,81.64446334719085,82.50576509513874,82.84446239845431,82.55282439280126,81.64446334719085,80.17851069286877,78.27483093007024,76.06847230180196,73.69448392875628,71.26637558883695,68.81149721061473,66.33566306128832,63.84469620368667,61.3444353102886,58.84074658525972,56.33954441434808,53.8468266994107
46.95973494710982,49.02462235742733,51.03180839137284,53.000388274431685,54.949771754891,56.89954037453295,58.86937204128384,60.879000104493144,62.948190594888956,65.07690944750321,67.18585287445268,69.17590127881348,70.94793994506006,72.44464075967693,73.77580847576928,75.09303301982328,76.54790573871716,78.22588554424387,79.94789867955149,81.49432529219578,82.74789585535964,83.60919774914987,83.94789510234682,83.65625705397788,82.74789585535964,81.28194287553137,79.37826248766603,77.17190269339463,74.79791219097001,72.36980006317566,69.91491496398001,67.43906885388986,64.94808067473951,62.44778175848472,59.944025291320244,57.4427027085041,54.949771754891
47.960727866378086,50.026538884307634,52.03428632318793,54.00321443218533,55.95281749977491,57.90272630989598,59.87264818530376,61.88233447301624,63.95156246736933,66.08030512865815,68.18926303387957,70.17931995155843,71.95136352483786,73.44806717856312,74.77923671619159,76.09646258889279,77.55133637520669,79.229317040387,80.95133077234065,82.49775775229963,83.75132853077761,84.61263054032302,84.95132793311089,84.65968985083828,83.75132853077761,82.28537529259478,80.38169440861333,78.17533368888371,75.80134149636712,73.37322636212573,70.91833592846305,68.44248032502398,65.95147522268229,63.45114612682028,60.94733589000579,58.445917727717784,55.95281749977491
48.962223262184644,51.02876794737659,53.03696120121691,55.00616578652998,56.95594317634766,58.90596327031719,60.87595675036539,62.88568925334107,64.95494701559078,67.08370857422376,69.19267797100156,71.1827416457582,72.95478911377177,74.4514950209066,75.7826660042928,77.0998929315439,78.55476756507079,80.23274891255922,81.95476311807147,83.50119038956842,84.75476133894142,85.61606344036177,85.95476086457295,85.66312275539103,84.75476133894142,83.28880789570235,81.38512661795305,79.17876516368622,76.80477162974097,74.37665410927559,71.92175944162668,69.44589630325831,66.95487776880265,64.45452471883763,61.95067180333439,59.4491777742266,56.95594317634766
49.96411783471204,52.03124521002873,54.03979245089678,56.00921653182763,57.95913230385304,59.909240733065275,61.87929104952312,63.889060235117455,65.95834162478354,68.08711818249213,70.19609670021515,72.18616573810121,73.95821629737969,75.45492399305175,76.78609612393888,78.10332388818802,79.55819919414895,81.23618108318615,82.95819566456228,84.50462316745315,85.75819425246563,86.61949642680717,86.95819387595907,86.66655574541919,85.75819425246563,84.29224064647329,82.38855905619016,80.18219701892039,77.8082024202814,75.38008300586533,72.92518497768864,70.44931585880943,67.95828666317189,65.45791460048706,62.95402780982185,60.45247356181329,57.95913230385304
50.96632946159942,53.033919556733,55.04274784771536,57.01234617786271,58.9623717981365,60.91255034486983,62.88264577479036,64.8924440763686,66.9617442195188,69.09053268215507,71.19951843923434,73.18959173385994,74.96164474668483,76.4583538619229,77.78952690358355,79.10675533215921,80.56163117183189,82.23961349069684,83.96162837039645,85.50805605694485,86.76162724961446,87.62292948183367,87.96162695078102,87.6699888032893,86.76162724961446,85.29567351444476,83.39199167610326,81.18562917610355,78.81163373241588,76.383512814768,73.92861211933193,71.45273825369702,68.96170059620707,66.46131344290502,63.9573997648355,61.45579771893313,58.9623717981365
52.06879287820951,54.13675038456803,56.14580180216282,58.115538456330185,60.06565127217448,62.015885474870586,63.98601671286613,65.9958381244273,68.06515315247427,70.19395106415452,72.30294256715072,74.293019240366,76.0650742005768,77.56178444252711,78.89295820707007,80.21018716292254,81.66506342620278,83.34304608622242,85.0650612027016,86.61148903501912,87.86506031313627,88.72636259129297,89.065060075952,88.7734219150056,87.86506031313627,86.3991064754384,84.49542444021279,82.28906157294392,79.91506545854025,77.48694334777514,75.03204053532966,72.5561629021789,70.06511852847024,67.56471939760415,65.06078437856532,62.559144394113474,60.06565127217448
53.071456230930835,55.139705446484825,57.14893399570258,59.118780451784545,61.06896248044295,63.01924085960523,64.98940051943114,66.99924027378297,69.0685671161356,71.19737252758799,73.30636859114423,75.29644794595615,77.06850445181131,78.56521558803492,79.8963899263305,81.21361930068316,82.66849590018113,84.34647883097551,86.06849413538681,87.61492208340138,88.86849342933832,89.72979574395563,90.06849324108501,89.77685506945961,88.86849342933832,87.40253951026375,85.49885731877113,83.29249416000042,80.91849751324885,78.49037445550509,76.03546996278546,73.55958933934704,71.06853963494555,68.56813099739665,66.06417903975317,63.56250894261298,61.06896248044295
54.17427833008007,56.24275913506803,58.252128296378416,60.22206191116105,62.17229887762228,64.12261232111751,66.09279453995887,68.10264885323588,70.17198507270695,72.30079643677075,74.40979612006025,76.39987760326208,78.1719353358979,79.66864718190749,80.99982197559117,82.31705168210783,83.77192854846211,85.44991169417061,87.17192714774377,88.71835518758715,89.97192658735267,90.8332289309088,91.17192643793594,90.88028825783462,89.97192658735267,88.5059726036894,86.60229028816752,84.39592689803165,82.02192982875505,79.59380601939328,77.1389001930375,74.66301719620093,72.17196326080902,69.67154707774812,67.1675816757576,64.66588767763064,62.17229887762228
55.27722646229762,57.34589111755815,59.35537189701975,61.32537469529328,63.27565526815778,65.22599654314506,67.19619666746287,69.20606253631924,71.27540619847585,73.40422228715462,75.51322484343727,77.50330801594663,79.27536672228013,80.77207913164767,82.10325428677339,83.42048425692892,84.87536133508723,86.55334465137327,88.27536022333626,89.82178833606423,91.07535977855352,91.93666214507842,92.27535965996138,91.98372147313276,91.07535977855352,89.60940574362613,87.70572332966222,85.49935975589159,83.12536235125657,80.69723794533489,78.24233106047033,75.76644617986302,73.27538888632134,70.77496671435026,68.27099064146881,65.76927767278202,63.27565526815778
56.38027464968046,58.44908525070292,60.458654630534255,62.42871234329915,64.37902752800025,66.32939089343232,68.29960522957182,70.3094802701939,72.37882983965275,74.50764967827615,76.61665451486067,78.60673902817635,80.378798507335,81.87551136384037,83.20668680584293,84.52391698524886,85.97879423151618,87.65677768318967,89.37879334911881,90.9252215196953,92.17879299609449,93.04009538084969,93.37879290196784,93.08715470979969,92.17879299609449,90.71283892047876,88.80915642838127,86.60279270885967,84.22879503805044,81.80067015863861,79.3457624336344,76.86987605787522,74.37881609896164,71.87838917356844,69.3744046311287,66.87267660528818,64.37902752800025
57.483402265175286,59.55232871836162,61.56196842601362,63.532069726655806,65.48241238367893,67.43279328267086,69.40301889888917,71.41290121920716,73.48225547731931,75.61107829228536,77.72008493875023,79.71017051626592,81.48223060881676,82.97894382021587,84.31011948991286,85.62734983540093,87.08222721509654,88.76021077422713,90.48222651473722,92.02865473122814,93.28222623454164,94.14352863376624,94.48222615983326,94.19058796342716,93.28222623454164,91.81627212663156,89.91258957251941,87.70622573731517,85.33222785524325,82.90410260002191,80.44919420819801,77.97330664573465,75.48224457130982,72.98181387310976,70.47782260833529,67.97608263149135,65.48241238367893
59.228396505698086,61.33913776699468,63.41205964536148,65.46560933054319,67.51700015782414,69.58088944783765,71.66831413146821,73.78627587469322,75.93841556415532,78.11419542185801,80.253921756617,82.28859144348606,84.15313567749125,85.82111874952881,87.38974244432714,88.97417674703007,90.66992827163226,92.50867910296787,94.33358856705456,95.98704669809874,97.46717900720732,98.73972559432552,99.36134867775196,98.87445098539303,97.46717900720732,95.465776503797,93.09032333410644,90.51266715921832,87.87880288035754,85.29314914493874,82.74937449451198,80.22583833150976,77.70861696126605,75.18709794018636,72.65218658498647,70.09661455090946,67.51700015782414
57.34218411872547,59.41102759469314,61.42061693149955,63.3906870133432,65.34100999400331,67.29137833504035,69.26159587220408,71.27147297863779,73.3408238786308,75.46964456187376,77.57864991206208,79.5687347273741,81.34079438059987,82.83750733781628,84.1686828444335,85.48591307096984,86.94079035510116,88.6187738372686,90.34078952436217,91.88721770796816,93.14078919200504,94.00209158086636,94.34078910338886,94.04915091001808,93.14078919200504,91.67483510722491,89.77115259752901,87.56478884517924,85.19079111441829,82.76266612836005,80.30775821412716,77.8318715016076,75.34081094235898,72.84038294632762,70.33639649624133,67.83466507898159,65.34100999400331
55.53613686905166,57.604669843307946,59.61407067810498,61.584023925134005,63.53427326592913,65.48459460730581,67.45478190729278,69.46463949977456,71.5339778313101,73.66279053611325,75.77179103469399,77.76187299728375,79.53393100623337,81.03064301211148,82.36181790836443,83.67904768969598,85.13392461615554,86.81190781027018,88.53392329743977,90.08035135796618,91.33392276985577,92.19522511992993,92.53392262918636,92.24228444717599,91.33392276985577,89.86796877164488,87.96428642818732,85.75792298593996,83.38392582149606,80.95580184284378,78.50089571610665,76.02501218469777,73.533957296338,71.03353941375948,68.52957098361499,66.02787160209165,63.53427326592913
54.33948020267664,56.425710001757665,58.46148004289641,60.46626707339131,62.4590744009454,64.45780975340455,66.47870880827634,68.5360033197507,70.64212016803658,72.79196910495946,74.91479884859928,76.92503854214345,78.7392642276657,80.3153533808084,81.75935778341697,83.20743174071927,84.78378140420267,86.54469719043513,88.32057057556545,89.92366623914282,91.29935585098173,92.38979738081143,92.89168841175535,92.48694178712496,91.29935585098173,89.54953219351057,87.40939400913294,85.02593705067437,82.53269287835803,80.03415700234638,77.54014923374808,75.04347978758545,72.54105979987582,70.03149655075546,67.51415772438901,64.98930753889674,62.4590744009454
53.02576739913212,55.093026062681375,57.1016530512382,59.071126577066224,61.0210735203227,62.97120184681975,64.94126496526965,66.95104241325069,69.02032912470672,71.14910906075738,73.25808963284484,75.2481598786978,77.02021113423794,78.51691923275125,79.8480916220957,81.16531957486598,82.62019503228248,84.2981770432953,86.02019170932903,87.56661926433787,88.82019037990104,89.681492570667,90.02019002543642,89.72855189008597,88.82019037990104,87.35423673725103,85.4505550765744,83.24419290799212,80.87019806954702,78.4420782285471,75.98717944346164,73.51130897755978,71.02027738064118,68.51990103559106,66.0160066149339,63.51443880312816,61.0210735203227
52.36783704342926,54.4416207776226,56.45832293276496,58.437704350241845,60.39940804453242,62.36278545845242,64.34672423709021,66.36953362657043,68.44897929104181,70.58360248786062,72.69643310776358,74.69210543499914,76.47591009738906,77.99495395134826,79.35837803138936,80.71375932310376,82.20478831802242,83.90786332149146,85.64635338900072,87.21026880237395,88.50206361339414,89.43709602721562,89.82992491521088,89.50062413914151,88.50206361339414,86.94838699930214,84.97462423807285,82.71751559714531,80.31017414570675,77.86266832598199,75.3970946031145,72.91556430226802,70.42142248651419,67.91851388763848,65.41090446823215,62.902918084841176,60.39940804453242
39.86937768643635,41.91627568147672,43.91248864063293,45.8742475168156,47.819323955613854,49.76634049138318,51.73440029944288,53.74288432616382,55.8113377443741,57.93958861249331,60.04824742789246,62.0381284696596,63.81007066588671,65.30671566390387,66.63784756837347,67.95504599086512,69.40989772387383,71.0878606282051,72.80986203312924,74.356281424152,75.60984775410827,76.4711473720792,76.80984394689392,76.51820656509209,75.60984775410827,74.14389985368835,72.2402292197515,70.0338876204589,67.65993034589536,65.23187732535035,62.77709710058467,60.30143762103131,57.810782115405445,55.3110763988319,52.80837659793623,50.30893164970439,47.819323955613854
40.86059341958739,42.91208705376792,44.91111019760809,46.87461858473511,48.820800783500474,50.768524297050874,52.73703945083163,54.745817554089115,56.814460468452324,58.942831664544485,61.05156366385401,63.041487742253025,64.81345474592551,66.3101140974723,67.64125521115956,68.95846035103534,70.41331748076647,72.09128473141692,73.81328915293926,75.3597104010851,76.61327781966048,77.47457802288542,77.81327479787046,77.52163724465291,76.61327781966048,75.14732861301107,73.24365547074018,71.0373091924123,68.66334337298301,66.23527515255743,63.780467958909355,61.30476048775765,58.81401943972605,56.31416120211907,53.81118975392508,51.31126222535825,48.820800783500474
41.8543051087254,43.90946129328462,45.91072062000137,47.87561985548179,49.82268060680102,51.77096562067132,53.73984233516457,55.74885390952008,57.81764725226202,59.946113962608536,62.05490405171312,64.04486228965777,65.81684898351396,67.31351972766265,68.64466815080223,69.96187862231852,71.41674003545981,73.0947107358023,74.81671755160787,76.36314027375647,77.61670855637075,78.4780092241127,78.81670615797317,78.52506846870273,77.61670855637075,76.15075831296464,74.24708317982294,72.04073318772785,69.6667605861893,67.23868030147149,64.78385170217429,62.30810613870557,59.8172971913247,57.31731788407991,54.81413078614621,52.313820097000445,49.82268060680102
42.85000684431843,44.90807949308288,46.91111730671274,48.877121886535626,50.82488051974045,52.773611431068744,54.7427752126611,56.75197213247158,58.82088488616448,60.949427412449126,63.05826360977741,65.04824896102076,66.82025128330194,68.31693106988945,69.64808529460277,70.96529999787589,72.4201648107802,74.09813824915531,75.8201469653095,77.3665708573769,78.62013982578017,79.48144086220987,79.82013792216998,79.52850012491419,78.62013982578017,77.15418875949865,75.25051204619871,73.04415910647556,70.67018112194503,68.24209126170462,65.78724567245968,63.31146987424199,60.82060703240482,58.32053162354765,55.817173337120465,53.31655844730737,50.82488051974045
43.84729378859474,45.90768724557822,47.91213893674079,49.87902172967267,51.82733463426841,53.776419602387065,55.745811289899095,57.755155343272975,59.82416288349826,61.95276558885435,64.06163838376742,66.0516452553853,67.82365998215457,69.32034694580906,70.65150577527078,71.96872383731102,73.42359134862045,75.10156696017995,76.82357718464486,78.37000200527868,79.62357151799361,80.48487284705115,80.82357000709666,80.53193212413282,79.62357151799361,78.15761979859477,76.25394183112051,74.0475865518577,71.6736042948258,69.24550683443289,66.79064776008563,64.31484796399197,61.823942344391014,59.32379065422957,56.82029647827795,54.31944009009136,51.82733463426841
44.84584252715956,46.908081809839324,48.91365714314212,50.88123754250097,52.829990600949685,54.77935667725494,56.74892929201248,58.758390140985995,60.82747291963102,62.95612339161835,65.06502523497561,67.05504918766323,68.82707376000653,70.32376642015237,71.65492890442817,72.97214963233591,74.4270192853781,76.10499662179922,77.82700804341306,79.37343360105137,80.62700354578706,81.48830510710363,81.82700234658705,81.53536439559662,80.62700354578706,79.16105130800827,77.25737234509398,75.05101520893369,72.67702956080399,70.24892606813131,67.79405629054301,65.31823744698245,62.82729787357346,60.327085635496076,57.823483593166145,55.32243549347439,52.829990600949685
45.8453950376461,47.909101753162055,49.915569834864485,51.88370428316867,53.83280683592142,55.78239608663456,57.75211232751171,59.761665887051464,61.83080838643849,63.95949677238262,66.06842167208615,68.05845918224014,69.8304915690997,71.32718875058487,72.65835413570292,73.97557697951885,75.43044833245997,77.10842703790726,78.83043940970003,80.37686555229968,81.63043583993067,82.4917375855915,82.83043488812481,82.5387968831416,81.63043583993067,80.16448319071317,78.2608034377169,76.0544448277338,73.68045648808092,71.25234820756276,68.79746993473819,66.32163597297891,63.83066944973771,61.33040915260267,58.82672148987248,56.325521207159284,53.83280683592142
46.94574568643864,49.0106186194896,51.0177958520564,52.98637027525163,54.935750312557374,56.88551673390265,58.85534698607293,60.864974136235915,62.93416403850762,65.06288251775979,67.17182571766334,69.16187398851932,70.93391257781428,72.43061334790849,73.76178103543565,75.0790055586539,76.53387826080856,78.21185805285421,79.93387117880528,81.48029778568934,82.73386834547668,83.59517023745164,83.93386759002775,83.64222954219046,82.73386834547668,81.26791536969989,79.36423498961463,77.15787520985621,74.7838847339355,72.35577265328803,69.90088763774705,67.42504167653051,64.9340537627669,62.4337553197812,59.92999969581072,57.428678611807186,54.935750312557374
47.946730729928866,50.01253024675264,52.020270695989964,53.989194469928805,55.93879480405853,57.88870186913485,59.8586226216845,61.86830818466882,63.93753571221025,66.06627807715459,68.17523580216704,70.16529261388214,71.93733612608467,73.43403974447213,74.76520925942833,76.08243511559215,77.53730888862012,79.21528954310048,80.93730326762784,82.48373024301492,83.73730101881296,84.59860302691757,84.93730041921265,84.64566233736205,83.73730101881296,82.27134778384578,80.36766690603937,78.16130619782874,75.78731402634833,73.35919892952757,70.90430856226192,68.42845307698484,65.9374481852837,63.43711946506494,60.93330989752354,58.43189292493747,55.93879480405853
48.94821986841094,51.01475541855158,53.02294312219682,54.992144265787175,56.94191948566123,58.891938194426814,60.861930783195916,62.87166271092751,64.94092010265766,67.06968142607762,69.17865067982186,71.16871427047441,72.94076169001102,74.43746756909815,75.7686385344893,77.08586544861467,78.54074007159645,80.21872141059237,81.94073561021034,83.48716287807858,84.74073382532447,85.60203592560127,85.94073334942135,85.64909524057434,84.74073382532447,83.2747803846377,81.37109911178955,79.16473766666533,76.79074414941655,74.36262665865198,71.90773204370261,69.4318689991201,66.94085063185177,64.4404978800409,61.9366454957587,59.4351524109769,56.94191948566123
49.950109470512785,52.01722959116148,54.02577242525351,55.9951937738668,57.94510782335783,59.89521515303153,61.865264762039104,63.8750334910449,65.94431458662257,68.07309095763978,70.18206936183597,72.17213833296819,73.94418885377036,75.44089652718088,76.77206864378533,78.08929639761652,79.54417169520784,81.22215357750449,82.94416815420232,84.4905956542131,85.74416673753728,86.60546891097124,86.9441663598127,86.65252822953863,85.74416673753728,84.2782131335707,82.37453154717761,80.16816951716434,77.79417493177738,75.36605554093487,72.91115755458597,70.43528851014501,67.94425944720531,65.44388762116928,62.940001252146246,60.43844775368686,57.94510782335783
50.952317149858445,53.019901484327335,55.02872627665134,56.998322437765864,58.94834669070633,60.8985243646714,62.868619233062105,64.87841717223507,66.94771708196285,69.07650539642034,71.1854910633927,73.17556430503555,74.94761728732165,76.44432638489067,77.77549941521514,79.09272783552208,80.54760366855177,82.22558598206675,83.94760085805319,85.49402854231566,86.74759973364529,87.60890196514409,87.94759943384506,87.65596128656433,86.74759973364529,85.28164600008341,83.37796416482945,81.17160167058921,78.7976062374197,76.3694853384822,73.91458467624494,71.43871086969192,68.94767331752507,66.44728635205362,63.94337300864913,61.441771557687716,58.94834669070633
52.05477743171852,54.122730364176064,56.13177900425498,58.1015139366135,60.05162566710577,62.001859177045034,63.971989969337514,65.9818110932507,68.05112593602742,70.17992373009706,72.288915161575,74.27899179273763,76.05104672870974,77.54775695663612,78.8789307121815,80.19615966147109,81.65103591947877,83.32901857525214,85.0510336887842,86.59746151928735,87.85103279634097,88.71233507392587,89.05103255838935,88.7593943976104,87.85103279634097,86.38507895991921,84.48139692714422,82.27503406444666,79.90103795839121,77.47291586247657,75.01801307638105,72.54213549012378,70.05109120001055,67.5506922182272,65.04675746481682,62.54511795258469,60.05162566710577
53.057438295388536,55.12568387958969,57.13491022389533,59.1047553132215,61.05493648037316,63.005214309668574,64.97537361572935,66.98521314177057,69.05453983707241,71.18334515517648,73.29234116196841,75.28242048340306,77.05447697001989,78.55118809511269,79.88236242626691,81.19959179541058,82.65446839072371,84.33245131814783,86.05446662022001,87.6008945667945,88.85446591188727,89.71576822605078,90.05446572302498,89.7628275515325,88.85446591188727,87.3885119938256,85.48482980427801,83.27846664913558,80.90447000901,78.47634696305306,76.02144249124746,73.54556190502849,71.05451226697703,68.55410374775613,66.050152000945,63.548482278615154,61.05493648037316
54.160258418347055,56.228736340469624,58.238103751490385,60.20803628138043,62.15827256402409,64.1085855710737,66.07876750912494,68.08862164118901,70.15795774394475,72.28676903391755,74.39576867215294,76.38585012886318,78.1579078462295,79.65461968340456,80.98579447142014,82.30302417380243,83.75790103683516,85.43588417986871,87.15789963158531,88.70432767028569,89.95789906938123,90.81920141257714,91.1578989194811,90.8662607394853,89.95789906938123,88.49194508652188,86.58826277254377,84.38189938528764,82.00790232127011,79.57977852126359,77.12487271150728,74.64898974421186,72.15793586148222,69.65751977233886,67.15355453768794,64.65186083705397,62.15827256402409
55.263204981664316,57.33186734837797,59.341346738476446,61.311348675608514,63.26162870570194,65.21196963427205,67.18216953572247,69.19203526074836,71.26137883026722,73.39019486013967,75.49919738066279,77.48928053214568,79.26133922635978,80.75805162871535,82.08922677934228,83.40645674621635,84.86133382173838,86.53931713590126,88.26133270639069,89.80776081821148,91.06133226016901,91.92263462640801,92.26133214119318,91.96969395444827,91.06133226016901,89.59537822587973,87.69169581314104,85.48533224165611,83.11133484119522,80.68321044269878,78.22830357100923,75.75241871384884,73.26136146210531,70.76093936467701,68.25696342461427,65.7552506920515,63.26162870570194
56.366251923560185,58.435060707900234,60.444628984894194,62.41468601413186,64.36500076801966,66.31536385849391,68.28557801774085,70.29545294420353,72.36480244013532,74.49362223208396,76.60262704028605,78.59271153691299,80.36477100645246,81.86148385739241,83.19265929582431,84.50988947262573,85.96476671680064,87.64275016678897,89.36476583154854,90.91119400140501,92.16476547738213,93.02606786191043,93.36476538295096,93.0731271908493,92.16476547738213,90.69881140227284,88.79512891114787,86.58876519344041,84.21476752594415,81.78664265242577,79.3317349378786,76.85584858072922,74.36478865499095,71.86436178876262,69.3603773517419,66.85864951331547,64.36500076801966
57.46937855035384,59.53830356147358,61.54794239374053,63.518043151842335,65.46838546691893,67.41876614767267,69.38899162348963,71.39887385319855,73.46822805295201,75.59705083087215,77.70605745480985,79.69614301907964,81.46820310399573,82.96491631097757,84.29609197784049,85.61332232126139,87.06819969929624,88.74618325708934,90.46819899667115,92.01462721259055,93.26819871556907,94.12950111461359,94.468198640619,94.17656044426566,93.26819871556907,91.80224460806095,89.89856205472068,87.69219822095633,85.31820034151391,82.89007509097021,80.43516670744606,77.95927915975335,75.46821711165984,72.96778646041912,70.4637952793162,67.96205545122439,65.46838546691893
59.21500231169405,61.32578867461085,63.39877842880769,65.45241632435607,67.50391182391078,69.56791587641085,71.65545597257007,73.77352143205147,75.9257388394044,78.1015621241628,80.24131661655946,82.2760268217089,84.14065379543058,85.80878551447756,87.37760582514068,88.96224889157901,90.65817790315253,92.49704183024824,94.3220215094563,95.97555093319653,97.45582847789916,98.72862007932352,99.35039874137054,98.8633947659861,97.45582847789916,95.4540701083211,93.07826486406077,90.50030339101589,87.8662093520401,85.28040949031183,82.73655003662869,80.21296768625552,77.69572074797176,75.17418101055941,72.63923910272564,70.08361335541765,67.50391182391078
57.31219466446457,59.3810344758878,61.39062158811784,63.36069029120195,65.31101240286198,67.26138018927892,69.23159736963159,71.24147424579402,73.31082499747546,75.43964558657065,77.54865087950877,79.538735661158,81.31079529498092,82.80750824097127,84.13868374038603,85.45591396166887,86.9107912415796,88.58877472034797,90.31079040508237,91.85721858723599,93.11079007042153,93.97209245882513,94.3107899811911,94.01915178795437,93.11079007042153,91.64483598666291,89.74115347892868,87.53478973023819,85.16079200615992,82.7326670319893,80.27775913884926,77.80187246386761,75.31081197153694,72.81038409484707,70.30639785740175,67.80466681817587,65.31101240286198
55.50615309197488,57.57468025091451,59.58407755509323,61.55402861374287,63.50427657519262,65.45459703620807,67.42478376981055,69.43464099676663,71.50397909287518,73.63279164822924,75.74179205593137,77.73187396508489,79.50393194323448,81.00064393129242,82.33181881611222,83.64904858910432,85.10392550886408,86.78190869758299,88.50392418100769,90.05035223922862,91.30392364976674,92.16522599911437,92.50392350812231,92.21228532632472,91.30392364976674,89.83796965317745,87.93428731283382,85.72792387639521,83.35392672255935,80.9258027627775,78.47089666952317,75.99501319770181,73.50395841556711,71.0035407224299,68.49957262982687,65.99787384837907,63.50427657519262
54.310503090419076,56.39681186312394,58.43270245422505,60.43764927736633,62.43065095976593,64.42960555621616,66.45073187885552,68.50823669072383,70.61451503946402,72.7644557255052,74.88734554728364,76.89767251786256,78.71207951707333,80.28850524351733,81.73297756482793,83.18157908638665,84.7584044487765,86.51963741849933,88.29571355564613,89.8990198422415,91.27515407760647,92.36639677399697,92.86883308260278,92.46371072112687,91.27515407760647,89.52427721648317,87.383207420751,84.99901861042952,82.5052644887597,80.00642084074094,77.51223999598236,75.01547793268517,72.51300716385174,70.00340302217128,67.48600429540433,64.96104996527797,62.43065095976593
52.99580691710419,55.06305094542597,57.07166904437901,59.04113705857726,60.99108052720079,62.941206635774535,64.91126832720853,66.92104485419762,68.99033097244504,71.1191105319194,73.22809087501159,75.21816098621528,76.99021216414476,78.48692021775432,79.81809257828911,81.13532051004539,82.59019595057953,84.26817794799598,85.99019260459315,87.53662015379251,88.79019126595028,89.65149345488544,89.99019090902871,89.69855277421448,88.79019126595028,87.32423762738641,85.42055597455638,83.21419382061117,80.84019900889672,78.41207921544708,75.95718051473247,73.48131019898008,70.99027886972677,68.48990300202246,65.98600943186466,63.4844431319905,60.99108052720079
52.338105009532,54.41191021018106,56.428645372167765,58.40807099259136,60.369829156396335,62.33326896489035,64.31727351002509,66.34014476763491,68.41963861904831,70.55428945701543,72.66713828224333,74.66283720715705,76.44669770145677,77.9658473092206,79.32942315601815,80.68498253882271,82.17617884809823,83.87936915793382,85.61793456911288,87.1819296454929,88.47389746640516,89.40925931456867,89.80232651671034,89.4728602465976,88.47389746640516,86.91982150890753,84.94573384472515,82.68838663442175,80.28088689381165,77.8332885123158,75.36766368290333,72.8861063073405,70.39194972676951,67.88902927911667,65.38140256883547,62.87338630693178,60.369829156396335
39.85601040615007,41.90283894016916,43.89900938786891,45.86074178397631,47.80580148073602,49.752807310061385,51.720860221446415,53.72933979368861,55.79779034137306,57.926039386673935,60.03469709340325,62.0245774831956,63.796519303604384,65.29316408417293,66.62429584912724,67.94149416985348,69.39634582110412,71.07430865959037,72.79631001881427,74.34272938170233,75.59629569516642,76.45759530427097,76.79629187605317,76.50465449684822,75.59629569516642,74.13034781453536,72.22667721859881,70.02033569019176,67.64637854507933,65.21832575480548,62.76354593860388,60.2878871860911,57.79723297635516,55.297529570272786,52.79483388426905,50.295396245481854,47.80580148073602
40.84718842330503,42.898626673417354,44.89761597900292,46.86110331068079,48.80727220589263,50.75498721544761,52.72349689275357,54.73227145943346,56.80091209503283,58.929281844185994,61.03801296348132,63.02793652438481,64.79990322976158,66.29656240871593,67.62770341166828,68.944908470772,70.3997655356112,72.0777327340002,73.79973711925005,75.34615834506532,76.59972575055082,77.46102594673852,77.79972271931663,77.50808516816024,76.59972575055082,75.13377655960787,73.23010344749792,71.02375722543218,68.64979150874909,66.22172347109219,63.76691660172895,61.29120970765277,58.80046968824237,56.30061328470373,53.79764510323133,51.29772337848014,48.80727220589263
41.840870025396214,43.89598209132341,45.89721449932324,47.86209699895858,49.80914718153072,51.75742544181195,53.7262978079976,55.73530657470448,57.80409810852191,59.9325636703269,62.04135306092445,64.03131088811824,65.80329734521163,67.29996795237153,68.63111628761979,69.94832669502671,71.40318805666294,73.0811587155253,74.8031655025413,76.34958820696608,77.60315647919089,78.46445714134734,78.80315407329746,78.51151638566296,77.60315647919089,76.13720624825105,74.23353113904813,72.02718119160849,69.65320867162009,67.2251285319674,64.77030019005987,62.29455508463076,59.8037469537129,57.30376910231422,54.800584597638974,52.30027851643797,49.80914718153072
42.83654778457384,44.894585314889554,46.89760172439727,48.86359300574392,50.81134324440421,52.76006879290651,54.72922912221958,56.73842381317871,58.80733513095814,60.93587674557844,63.04471238847657,65.03469741369769,66.80669954805674,68.30337922591484,69.63453338086815,70.9517480332573,72.40661280528181,74.08458621073405,75.80659490403788,77.35301878203784,78.606587742195,79.4678887741915,79.80658583263534,79.51494803667799,78.606587742195,77.14063668580795,75.2369599915083,73.03060708722828,70.65662916742447,68.22853942232325,65.77369403737151,63.297918602709245,60.80705640892805,58.30698215566812,55.80362592780128,53.303014696232225,50.81134324440421
43.833815637753716,45.89418115703161,47.898615835277084,49.865488063593816,51.81379430157317,53.762875011638855,55.73226395842886,57.74160624249812,59.810612642931574,61.93921462465738,64.04808697950334,66.03809359235152,67.81010816996478,69.30679504731984,70.63795382141262,71.95517184306601,73.41003932192902,75.0880149073575,76.81002511368607,78.35644992315454,79.61001942932452,80.47132075486343,80.81001791370548,80.51838003177222,79.61001942932452,78.14406771777895,76.24038976538526,74.03403451425373,71.66005230859562,69.23195493958934,66.77709602739156,64.30129651985777,61.81039141463735,59.31024064173167,56.80674809984302,54.305894615783814,51.81379430157317
44.832349185109166,46.894566253062415,48.90012806776849,50.867700075926805,52.816447840643775,54.765810536337355,56.73538097537521,58.7448404198843,60.813922293808815,62.94257219142409,65.05147368549002,67.04149743278838,68.81352188674515,70.31021447839456,71.64137691872376,72.95859761457632,74.41346724186567,76.09144455754657,77.81345596476555,79.35988151354192,80.61345145308283,81.47475301160668,81.8134502501349,81.52181229996245,80.61345145308283,79.1474992215372,77.24382027059238,75.03746315675996,72.6634775494058,70.23537412926711,67.78050448037806,65.30468586585127,62.81374670071783,60.31353519070309,57.809934445444824,55.30888865112421,52.816447840643775
45.831889613927075,47.895578671990876,49.90203601423704,51.87016379861966,53.819262148199925,55.76884871509412,57.73856322884487,59.7481156735556,61.81725745482318,63.94594538487132,66.05487000733595,68.0449073544701,69.81693964736536,71.31363677448455,72.64480212472205,73.96202494309566,75.41689627559668,77.0948749645824,78.81688732494996,80.36331346051585,81.6168837440238,82.478185487468,82.81688278924321,82.52524478490923,81.6168837440238,80.15093109975356,78.24725135625744,76.04089276399604,73.66690445670679,71.2387962337591,68.78391806308395,66.30808428311117,63.817118083925706,61.316858364677245,58.81317173150599,56.31197327879623,53.819262148199925
46.93223065808118,48.99708956023641,51.00425826274833,52.97282739437637,54.922204094654546,56.87196838545702,58.841797266644505,60.85142353190108,62.92061286417433,65.04933098157116,67.15827396142615,69.14832210289178,70.92036061760672,72.4170613445504,73.74822900439273,75.06545350741735,76.52032619334868,78.19830597232877,79.9203190892116,81.46674569051301,82.72031624702785,83.58161813724348,83.92031548921787,83.62867744189587,82.72031624702785,81.2543632751777,79.35068290263273,77.14432313694003,74.7703326867064,72.34222065175281,69.88733571728831,67.41148990035725,64.9205022438014,62.42020425949897,59.91644945273562,57.41512982135116,54.922204094654546
47.93320806863498,49.99899643892897,52.00673011398372,53.975649686484275,55.92524737140384,57.8751527452188,59.8450724095168,61.85475727010882,63.92398434522539,66.05272642295839,68.16168397331572,70.15174068233271,71.92378413534071,73.42048771947945,74.75165721246212,76.06888305259821,77.52375681274968,79.20173745685989,80.92375117418982,82.47017814514591,83.72374891834656,84.58505092505482,84.92374831687229,84.63211023543069,83.72374891834656,82.25779568649598,80.35411481467429,78.14775411762764,75.77376196653512,73.34564690598168,70.89075660306679,68.41490123231009,65.92389654475774,63.4235681886052,60.91975926971031,58.41834345015971,55.92524737140384
48.934691142711415,51.00121783941154,53.00940016394243,54.97859797189187,56.92837108870225,58.878388454956266,60.84838017991531,62.85811155013151,64.92736858276125,67.05612967821727,69.1650987933361,71.15516230247655,72.92720967503021,74.42391552693402,75.75508647488473,77.07231337628889,78.52718798905056,80.20516931981568,81.92718351372102,83.47361077807238,84.72718172325673,85.58848382242525,85.92718124586625,85.63554313734386,84.72718172325673,83.26122828504361,81.35754701694555,79.15118558068221,76.7771920796153,74.34907461763618,71.89418005376223,69.41831710007514,66.92729889484164,64.42694643199604,61.92309456256304,59.421602393003425,56.92837108870225
49.936575927618065,52.003689017229185,54.012227580375935,55.981646280886096,57.93155866093231,59.88166492495523,61.85171384831588,63.861482134804916,65.93076294535773,68.05953913543723,70.16851742960537,72.15858633604105,73.93063681955269,75.42734447138776,76.75851657414968,78.07574431788404,79.53061960736363,81.2086014831275,82.93061605529121,84.47704355251062,85.73061463419859,86.59191680675285,86.93061425529348,86.63897612527705,85.73061463419859,84.26466103219532,82.36097944957237,80.154617426592,77.7806228540486,75.3525034860532,72.89760554024296,70.42173656794614,67.93070763361467,65.43033603693414,62.92645007655858,60.424897304547656,57.93155866093231
50.93877978111068,53.00635853248349,55.01517993398576,56.9847739929193,58.934796920668035,60.8849737487634,62.85506807293028,64.86486566086705,66.93416534436625,69.06295351521177,71.1719390948542,73.16201228514711,74.93406523783561,76.43077431828017,77.76194733761781,79.07917574991087,80.53405157650229,82.21203388483218,83.9340487572199,85.48047643926687,86.7340476292978,87.59534986009842,87.9340473285606,87.64240918148434,86.7340476292978,85.26809389729422,83.36441206503264,81.1580495763744,78.78405415339884,76.35593327259511,73.9010326425335,71.42515889324152,68.93412144315181,66.43373465972223,63.92982164066865,61.42822076631249,58.934796920668035
52.04123702484911,54.10918552438797,56.11823147255846,58.08796473617532,60.03807541476611,61.98830825329897,63.95843861362469,65.96825945875496,68.0375741219713,70.16637180205498,72.27536316421873,74.26543975462477,76.03749466710522,77.53420488143985,78.86537862826498,80.18260757119394,81.63748382409155,83.3154664757495,85.03748158642523,86.58390941516996,87.83748069119281,88.69878296822357,89.0374804524975,88.74584229188086,87.83748069119281,86.37152685600788,84.4678448256079,82.2614819673408,79.88748586937633,77.45936378785446,75.00446102729681,72.52858348648783,70.03753927739373,67.53714044009851,65.03320594413016,62.53156688956426,60.03807541476611
53.04389547618952,55.112137540964525,57.121361748315735,59.091205513009854,61.04138584520621,62.991663141581355,64.96182210477977,66.97166140954671,69.04098796232974,71.16979318996245,73.27878914173938,75.26886843082539,77.04092489879687,78.53763601310189,79.86881033733484,81.18603970143006,82.64091629268734,84.31889921684504,86.04091451665015,87.58734246182897,88.84091380610366,89.70221611982731,90.04091361665105,89.74927544528741,88.84091380610366,87.37495988902364,85.47127770136112,83.26491454973512,80.89091791603136,78.46279488149797,76.0078904299618,73.53200987981526,71.04096030606904,68.54055190152931,66.03660035905294,63.53493099998205,61.04138584520621
54.14671368386878,56.21518881198055,58.22455452665666,60.19448600509047,62.144721624991504,64.0950342090465,66.06521587496132,68.07506983139729,70.1444058210347,72.27321703919992,74.38221663376977,76.3722980648048,78.14435576737228,79.64106759598505,80.97224237850723,82.28947207688256,83.74434893669616,85.42233207713714,87.14434752705436,88.69077556464701,89.9443469630932,90.80564930594005,91.14434681272458,90.85270863283102,89.9443469630932,88.47839298101299,86.57471066853108,84.36834728406595,81.99435022514541,79.56622643420576,77.11132064053736,74.63543770187269,72.14438387018232,69.64396787206206,67.14000279959352,64.63830938728407,62.144721624991504
55.24965872664225,57.318318875344474,59.32779691890033,61.297798021431134,63.24807752548135,65.19841811831063,67.16861780376222,69.17848338939035,71.24782686912647,73.37664284200497,75.4856453278706,77.47572845897506,79.24778714144327,80.74449953700295,82.07567468326977,83.3929046469635,84.84778171993048,86.52576503203565,88.24778060109693,89.7942087120385,91.04778015348063,91.90908251944258,92.24778003413299,91.95614184746923,91.04778015348063,89.58182611980975,87.6781437082586,85.47178013898892,83.09778274257349,80.66965835127347,78.21475149235292,75.73886665791676,73.24780944668325,70.7473874215004,68.24341161016301,65.74169910644717,63.24807752548135
56.35270446143868,58.421511485087564,60.43107869323356,62.401135060010034,64.35144939636193,66.30181222035233,68.27202620815837,70.28190102397993,72.35125044865069,74.48007019536303,76.58907497605739,78.57915945650994,80.35121891672668,81.84793176227275,83.17910719724398,84.49633737152118,85.95121461366816,87.6291980620233,89.35121372564933,90.89764189480796,92.15121337037603,93.0125157546844,93.35121327564974,93.05957508361246,92.15121337037603,90.68525929575758,88.7815768055751,86.57521308962589,84.20121542534054,81.77309055753395,79.31818285312153,76.84229651400844,74.35123662042304,71.8508098115362,69.3468254766856,66.84509781989732,64.35144939636193
57.45583013000372,59.52475374350173,61.53439172736276,63.50449195964498,65.45483394331356,67.40521441255504,69.3754397522977,71.38532189419007,73.45467603738334,75.58349877939929,77.69250538150405,79.68259093293622,81.45465101045286,82.95136421315354,84.28253987726974,85.59977021868717,87.05464759511243,88.73263115160927,90.45464689029137,92.00107510565692,93.25464660831076,94.11594900718073,94.45464653312644,94.16300833682422,93.25464660831076,91.78869250119222,89.88500994860004,87.67864611623118,85.30464823933728,82.87652299332703,80.42161461784684,77.94572708446955,75.45466506189584,72.95423445616721,70.45024335615724,67.94850367223314,65.45483394331356
59.202072858375146,61.31290355611641,63.38596003043054,65.43968463130967,67.49128301270065,69.55539985900447,71.64305338189835,73.76122076799018,75.91351454903206,78.08938050855551,80.22916267036051,82.26391269061386,84.12862096585417,85.79689874038536,87.36591222387108,88.95076037929876,90.64686373827419,92.48583875321037,94.31088739804451,95.96448684354856,97.44490702768735,98.71793924223812,99.33987067428941,98.85276233575048,97.44490702768735,95.44279913642447,93.06664803860696,90.48838661689902,87.85406681614,85.26812335870191,82.72418056598299,80.20055282435692,77.68328075833027,75.16172066111794,72.62674872611652,70.07107018836089,67.49128301270065
57.28665927773464,59.355495948864586,61.36508115476458,63.33514867633265,65.28547004331018,67.23583735444986,69.20605422903607,71.21593090786928,73.28528153245627,75.41410204087227,77.52310728475022,79.51319203755234,81.28525165474815,82.78196459111848,84.11314008436119,85.43037030114206,86.88524757743595,88.56323105329147,90.28524673600423,91.83167491691324,93.08524639936923,93.94654878738064,94.28524630961246,93.9936081164906,93.08524639936923,91.61929231648601,89.7156098104328,87.50924606487811,85.1352483465265,82.70712338254287,80.25221550747824,77.77632886466436,75.28526842967848,72.78484065525745,70.28085460003318,67.77912388476051,65.28547004331018
55.48062257023925,57.54914474581345,59.55853902446535,61.52848820780366,63.4787349872353,65.42905469383246,67.39924094207626,69.409097855798,71.47843575015918,73.60724817744396,75.71624850726835,77.70633037063007,79.4783883223858,80.9751002951729,82.30627517019516,83.62350493604083,85.07838185005926,86.75636503415436,88.47838051436986,90.02480857061512,91.27837997999515,92.13968232872017,92.47837983751515,92.18674165589994,91.27837997999515,89.81242598479545,87.90874364712027,85.70238021565942,83.3283830709141,80.90025912730309,78.44535306274159,75.9694696419833,73.47841495087738,70.97799742008043,68.47402961673096,65.97233134951314,63.4787349872353
54.2857898849214,56.37216281537407,58.40815133653996,60.41322796137162,62.40638750912993,64.40552017186224,66.42683106036574,68.48450664317664,70.59091612550722,72.74093130518216,74.86386990450964,76.87426773329216,78.68882192864123,80.26552086633082,81.71037295395504,83.15940256171774,84.73661384399378,86.49810409238239,88.27434467098023,89.87782176805763,91.25431653374419,92.34620870056426,92.84908691769868,92.44366005915555,91.25431653374419,89.50258555668974,87.36075993991875,84.97597716843501,82.48180907149523,79.98271553251469,77.4883941470123,74.9915568728805,72.48904486540381,69.97940751480985,67.46196014180885,64.93692123098522,62.40638750912993
52.970296357655315,55.03752784459681,57.04613832573436,59.01560161680783,60.965542107880765,62.91566631582586,64.88572678439098,66.89550252214362,68.96478813204564,71.09356736881593,73.20254751567231,75.19261751148935,76.96466862291098,78.46137663804058,79.79254897388722,81.1097768876357,82.56465231370257,84.24263429946777,85.96464894797832,87.51107649219931,88.76464760143882,89.62594978880514,89.96464724241177,89.67300910805706,88.76464760143882,87.29869396637655,85.39501232027061,83.18865017886856,80.81465539006068,78.38653563735892,75.93163700894524,73.45576682186231,70.96473572198272,68.46436026333615,65.96046742200694,63.458902417769735,60.965542107880765
52.31277840301888,54.38660104860601,56.40336303364241,58.3828245750623,60.3446270019556,62.308117512373784,64.29217549803305,66.31509702709396,68.3946300322992,70.52930332943463,72.64216694683184,74.63788748265779,76.42179334023109,77.94102886977392,79.30472801586137,80.66043207457626,82.1517642952686,83.8550482642967,85.5936748719803,87.15773465107401,88.44984298412436,89.38547235844631,89.7787330671811,89.44913242106719,88.44984298412436,86.89544267959128,84.92109108909021,82.66355006047937,80.25592171208011,77.80824812147314,75.34258176527258,72.86100238970263,70.36683381163132,67.86390373592177,65.356262975369,62.8482224344538,60.3446270019556
39.83554641901536,41.882268197851644,43.87837330722711,45.84006500375013,47.78509896785594,49.73208834115505,51.70013065215371,53.70860337771181,55.777049513291814,57.90529575684958,60.013951759508586,62.00383114718886,63.77577238994914,65.27241683629002,66.60354838680341,67.92074655111193,69.37559807669697,71.05356081397672,72.77556210295731,74.32198142260117,75.57554771071608,76.43684730619262,76.77554387331372,76.48390649810031,75.57554771071608,74.10959986050139,72.2059293229729,69.99958790351988,67.62563095737933,65.19757852104196,62.74279933282048,60.26714169779912,57.776489479898416,55.27678962513066,52.77410026386369,50.27467385991812,47.78509896785594
40.8266664707006,42.87801959908316,44.8769568961053,46.84041186555781,48.78656031300264,50.73426225170225,52.70276351149397,54.71153264232845,56.78016977538081,58.90853730053112,61.01726706720871,63.00718983270011,64.77915607958386,66.27581499325639,67.60695582600448,68.9241607609581,70.37901772605568,72.05698484411657,73.77898917361414,75.32541036510634,76.57897775047215,77.44027793584328,77.77897470472189,77.48733715673356,76.57897775047215,75.11302858367074,73.20935551791945,71.00300938233093,68.62904382357311,66.20097606683939,63.74616969591561,61.27046368882846,58.77972525045091,56.27987166594792,53.77690850554842,51.27699570145472,48.78656031300264
41.820301831289,43.87534608876439,45.876537122988374,47.84139389948343,49.78842783766926,51.73669571748973,53.70556140017976,55.714565851426855,57.7833546048567,59.911818401306945,62.02060671827044,64.01056391412307,65.78255000730208,67.27922040390438,68.61036860405991,69.92757891292803,71.38244019539883,73.06041079050446,74.7824175332697,76.32884021045217,77.582408466708,78.44370912027932,78.78240604929314,78.49076836417314,77.582408466708,76.11645825492928,74.21278318252135,72.00643330371898,69.63246090907668,67.20438099239516,64.7495530461064,62.27380864470334,59.783001768722755,57.28302615501808,54.77984563628057,52.2795466376526,49.78842783766926
42.81594273995769,44.87392629410455,46.87690980547394,48.84288064685386,50.79061798288565,52.739335288554855,54.708490311591845,56.71768157672146,58.7865906874448,60.915130900799724,63.02396569151574,65.01395021562709,66.78595206114191,68.28263157187828,69.61378561960748,70.93100019378582,72.38586490297638,74.0638382578247,75.7858469160066,77.33227077238432,78.58583971986684,79.4471407450493,79.78583780116259,79.49420000720104,78.58583971986684,77.11988867868806,75.21621201359261,73.0098591637902,70.63588134347411,68.20779177534666,65.75294670440223,63.277171828539906,60.786310630847595,58.28623815378765,55.78288509000879,53.28227948129499,50.79061798288565
43.813181250741806,45.87350383008294,47.87791235932438,49.84476834960341,51.79306434080031,53.74213850609438,55.71152324029322,57.72086280487221,59.78986745339964,61.918468322875896,64.0273400013204,66.01734621642869,67.78936056478284,69.28604730949203,70.61720599848037,71.93442395805747,73.38929138704896,75.067266932313,76.7892771107652,78.33570190307208,79.58927139918217,80.45057271931279,80.7892698763051,80.49763199595586,79.58927139918217,78.12331969970742,76.21964177049314,74.0132865626006,71.63930443590627,69.21120720736509,66.7563485443979,64.28054948039278,61.789645165796685,59.289495802750736,56.7860057724821,54.285156752176704,51.79306434080031
44.81169144946759,46.87387437339211,48.87941540980176,50.84697452046994,52.79571414855312,54.74507164812603,56.71463874299974,58.724096028791166,60.79317651212335,62.92182552690491,65.03072648409551,67.02074991570196,68.79277418769361,70.28946667406106,71.62062904684248,72.93784969342485,74.39271928113104,76.07069656493331,77.7927079500268,79.33913348518195,80.59270341673836,81.45400497096963,81.7927022080297,81.50106425911449,80.59270341673836,79.12675119477333,77.22307226222608,75.0167151827125,72.64272963803208,70.21462632938119,67.75975687830838,65.28393861581614,62.79300007821931,60.29278968726699,57.78919093566033,55.28814868478469,52.79571414855312
45.811213308818985,47.874875227228145,49.88131606270141,51.84943360444269,53.798525493604046,55.74810793536906,57.71781979445905,59.72737052563265,61.79651120312107,63.92519843243804,66.03412262877487,68.02415972534072,69.79619187380888,71.2928889173652,72.6240542139897,73.94127699325745,75.39614829434123,77.07412695802483,78.79613930083136,80.34256542558609,81.59613570275668,82.45743744279386,82.7961347434038,82.50449674006772,81.59613570275668,80.13018306609058,78.22650333719663,76.02014477217416,73.64615651462924,71.21804838016982,68.76317036650264,66.28733686594337,63.7963711648452,61.29611233383241,58.79242728313534,56.29123164321332,53.798525493604046
46.91153959059656,48.97637692704714,50.98353251864583,52.95209351696647,54.90146508811402,56.8512261041909,58.82105287812328,60.830677783242564,62.8998662394046,65.02858380061463,67.13752644224573,69.12757438483295,70.89961278491518,72.3963134455347,73.72748106282421,75.04470553481039,76.49957819580578,78.17755795470356,79.89957105764816,81.44599765036874,82.69956820185364,83.56087008936512,83.89956744041461,83.60792939388463,82.69956820185364,81.2336152360389,79.32993487508368,77.12357513101054,74.7495847202591,72.32147275553892,69.86658794569243,67.39074235053427,64.89975508931755,62.3994578100305,59.89570425934818,57.39438686069764,54.90146508811402
47.912505269230465,49.97827650707308,51.98599977001186,53.95491288475864,55.90450649774381,57.85440927202396,59.82432726363531,61.834011044621434,63.90323742434215,66.03197906061922,68.14093634252428,70.13099289369,71.90303625571346,73.39973978721045,74.73090924641883,76.04813506191965,77.50300880227942,79.18098943045027,80.90300313671739,82.44943010086288,83.70300087007126,84.56430287463323,84.90300026571663,84.61136218490365,83.70300087007126,82.23704764301101,80.3333667803881,78.12700610050095,75.7530139807455,73.32489897593649,70.87000877193142,68.39415357719736,65.90314920343032,63.40282140686287,60.89901348496453,58.397599437676405,55.90450649774381
48.91397902220136,50.980492110937604,52.98866616759817,54.957858848548085,56.90762873286917,58.85764403562948,60.827634432877204,62.837364946169174,64.90662142684656,67.03538217191236,69.1443510739581,71.13441445781105,72.9064617581499,74.40316756827178,75.73433848941579,77.05156537126686,78.50643996831985,80.18442128643386,81.90643547155867,83.45286273050445,84.70643367252015,85.56773576998512,85.90643319284351,85.61479508482006,84.70643367252015,83.24048023810906,81.3367989773121,79.13043755466825,76.75644407847363,74.32832666073901,71.87343217537011,69.39756936139318,66.90655140521402,64.4061993865202,61.90234830843184,59.40085754560634,56.90762873286917
49.915856402964856,51.98295868566723,53.99149068422554,55.96090531450267,57.910815128546886,59.86091975462156,61.83096762411468,63.840735230437005,65.91001560289465,68.03879151486521,70.14776963991565,72.13783844691001,73.9098888731045,75.40659649177715,76.73776857326254,78.05499630147759,79.50987157848917,81.18785344421184,82.90986800940644,84.45629550233545,85.70986658150842,86.5711687527106,86.90986620078877,86.61822807116837,85.70986658150842,84.24391298252287,82.3402314056948,80.13386939352424,77.759874840722,75.33175550784351,72.87685762434299,70.40098876293472,67.90996002627958,65.40958878212811,62.90570344986085,60.404151794431215,57.910815128546886
50.91805437601589,52.98562454599244,54.99444073568026,56.96403156348114,58.914052454357375,60.86422798231648,62.834321469988836,64.84411851806087,66.91341785383723,69.042205803945,71.15119124935762,73.1412643607236,74.91331726791933,76.41002632204282,77.74119932449321,79.05842772446859,80.51330354116413,82.19128584152432,83.91330070838063,85.4597283870223,86.71329957505708,87.57460180478458,87.91329927287973,87.62166112611779,86.71329957505708,85.24734584544868,83.3436640177865,81.13730153770801,78.76330613040105,76.33518527746966,73.88028469686338,71.40441103558409,68.91337374239129,66.4129872387677,63.909074718255084,61.407474730165234,58.914052454357375
52.020506950068196,54.088448636060264,56.09749044666734,58.067221145362936,60.017330207138656,61.96756201369226,63.93769171006706,65.94751212669628,68.01682651392073,70.14562401880315,72.25461527442806,74.24469180218952,76.01674667856223,77.5134568720058,78.84463060542751,80.16185953857988,81.61673578362314,83.29471842895556,85.016733535241,86.56316136128294,87.81673263572145,88.67803491190045,89.01673239588308,88.72509423551591,87.81673263572145,86.35077880243756,84.44709677568812,82.24073392423078,79.86673783870248,77.43861577930292,74.9837130579981,72.50783558704501,70.0167915024808,67.51639288726996,65.01245878700082,62.51082043588704,60.017330207138656
53.02316169357813,55.091398348869276,57.10061927163967,59.070461000321544,61.02064004915749,62.97091652641211,64.94107496261674,66.9509139272758,69.02024026100133,71.14904534957572,73.25804121679234,75.2481204561572,77.02017689546989,78.51688799319362,79.84806230678825,81.16529166312378,82.62016824814707,84.29815116728417,86.02016646360471,87.56659440663833,88.8201657496555,89.68146806270313,90.02016555929566,89.72852738813002,88.8201657496555,87.35421183408434,85.45052964931926,83.24416650309817,80.87016987926502,78.44204686229017,75.98714244190901,73.51126194720732,71.0202124723009,68.51980424403106,66.01585301562578,63.514184214899146,61.02064004915749
54.12597695740608,56.194447791019385,58.20381089834733,60.17374076065043,62.12397536188877,64.07428729578339,66.04446854341315,68.05432222990127,70.12365804567104,72.25246915346492,74.36146868091897,76.35155007249023,78.12360775231119,79.62031956776336,80.95149434184191,82.26872403405837,83.72360088892405,85.40158402538015,87.12359947253165,88.67002750842168,89.9235989058698,90.78490124818006,91.12359875478107,90.83196057504468,89.9235989058698,88.45764492498716,86.55396261480493,84.3475992346297,81.97360218354346,79.54547840654004,77.09057263759942,74.61468974294141,72.12363598970056,69.62322013148666,67.11925530829929,64.61756233915675,62.12397536188877
55.22891966304809,57.29757640258185,59.30705237644804,61.2770521961626,63.22733089166262,65.17767096844415,67.14787032189645,69.15773569326433,71.2270790350006,73.35589492027691,75.46489735287255,77.45498045265452,79.22703911706878,80.72375150218289,82.05492664174797,83.37215660055344,84.82703366959325,86.50501697853562,88.22703254540176,89.77346065499194,91.02703209564194,91.88833446117796,92.22703197572272,91.9353937891837,91.02703209564194,89.56107806292155,87.65739565319566,85.45103208733083,83.07703469713351,80.64891031689467,78.1940034776006,75.71811867809261,73.22706152912471,70.72663961498617,68.22266400150511,65.72095184953659,63.22733089166262
56.33196354248702,58.400767859884695,60.410333425168176,62.38038877371447,64.3307024682963,66.2810648826898,68.25127860698396,70.26115325274544,72.33050256788499,74.45932224506717,76.56832698348103,78.55841143907287,80.33047088496016,81.82718372221558,83.15835915186764,84.475589322265,85.93046656129496,87.60845000713982,89.33046566902355,90.87689383710958,92.1304653120489,92.99176769601925,93.33046521686897,93.0388270249307,92.1304653120489,90.66451123818487,88.76082874945114,86.55446503620436,84.18046737685432,81.752342517827,79.29743482899214,76.8215485176016,74.33048867343655,71.83006195268597,69.32607777487516,66.82435039727241,64.3307024682963
57.43508773821752,59.50400920351525,61.513645883341724,63.483745307417436,65.43408678169806,67.38446692583628,69.35469205642693,71.36457406334154,73.43392811959941,75.56275080642911,77.67175737497575,79.66184290667593,81.43390297281927,82.93061616893965,84.26179182883402,85.57902216717201,87.0338995411233,88.71188309562771,90.43389883292697,91.98032704744121,93.233898549596,94.09520094819769,94.43389847405165,94.142260277828,93.233898549596,91.76794444307623,89.86426189163393,87.65789806141,85.28390018843326,82.85577494939112,80.40086658627484,77.92497907490099,75.4339170915523,72.9334865557777,70.42949558041096,67.92775611807878,65.43408678169806
59.18245216801829,61.293363120420096,63.36654036679198,65.42042190776476,67.47220649794579,69.53652747875125,71.62438626660516,73.74273809337839,75.89517006799717,78.07111324195691,80.2109454668181,82.2457675241116,84.11062289155483,85.77916489292484,87.34852780420081,88.9337468946423,90.63016554905182,92.46934144026262,94.2945147859781,95.9482408363404,97.4289189060724,98.70238608428721,99.32459364820548,98.83729667615873,97.4289189060724,95.42617905328171,93.0494024855819,90.47059849886989,87.83587025731855,85.24966698020906,82.70557338416646,80.18186350291901,77.66454596490749,75.1429490233935,72.6079227485627,70.05214867396533,67.47220649794579
57.24991728538582,59.31874940553081,61.32833184872973,63.298397658013755,65.24871794577734,67.19908456813214,69.1693009995931,71.17917739245127,73.24852783284938,75.37734822434277,77.48635339712143,79.47643810811752,81.24849770121682,82.74521062364549,84.07638610794343,85.39361631819993,86.84849358925223,88.5264770608864,90.24849274066932,91.79492091977465,93.04849240117332,93.9097947886163,94.24849231065372,93.95685411769836,93.04849240117332,91.58253831955876,89.67885581594173,87.47249207493152,85.09849436487914,82.67036941565884,80.21546156678954,77.73957497059416,75.24851461871404,72.74808699250384,70.24410120135943,67.74237095556877,65.24871794577734
55.443887628335574,57.51240258191858,59.5217924759076,61.49173894149794,63.44198400791801,65.39230262119182,67.36248816604046,69.37234462581422,71.44168222779749,73.57049446948066,75.67949468644245,77.66957648344146,79.44163439694643,80.93834634760256,82.26952120842591,83.58675096391481,85.04162786961274,86.71961104700686,88.44162652257154,89.98805457595358,91.24162598365527,92.10292833147795,92.44162583996435,92.14998765861341,91.24162598365527,89.77567199046943,87.87198965666147,85.6656262324145,83.29162910084338,80.86350518066766,78.40859915768863,75.93271581093236,73.44166125174796,70.94124395621907,68.43727657206395,65.93557905008244,63.44198400791801
54.25027043908207,56.33673872064284,58.37287277851014,60.3781422928146,62.3715364142426,64.37093364195603,66.39251872384807,68.4504479803415,70.55705223976182,72.70717806080239,74.8301891042303,76.84069216755663,78.65546495653803,80.23256957780502,81.6779854642613,83.12765045944542,84.70543441040718,86.4673063658395,88.24379088573582,89.84752134798836,91.22455081126742,92.31740592075992,92.82093913286913,92.41506096776847,91.22455081126742,89.47155292777175,87.32860568873554,84.9429411512447,82.44815830941891,79.94869361693571,77.45416346831276,74.95721446702264,72.4546411966977,69.9449545109216,67.42743486735279,64.90227029565959,62.3715364142426
52.9335903452868,55.00080365717915,57.00940309846666,58.97885954469453,60.92879572063305,62.87891717413984,64.84897587049142,66.85875046446128,68.92803533765519,71.05681410675372,73.16579396921973,75.15586379781517,76.92791481285172,78.42462277221512,79.75579507228291,81.07302295993398,82.52789836503453,84.20588033391437,85.92789497070558,87.47432250771178,88.72789361272208,89.58919579781472,89.92789325064373,89.63625511695496,88.72789361272208,87.26193998273442,85.35825834637319,83.15189622314901,80.77790146753804,78.34978177388925,75.89488325025616,73.41901324964462,70.92798248217989,68.42760761635114,65.92371583126021,63.42215270469437,60.92879572063305
52.276347145059276,54.35019572672978,56.36699759015583,58.346512535113746,60.30838076617461,62.2719466510715,64.25608408009805,66.27908033924105,68.35867154629064,70.49337822823766,72.60626383347136,74.60201649252699,76.38598977839305,77.90535301788033,79.26923541904739,80.62515448761309,82.11668867659881,83.82011181674929,85.55882935420217,87.12298526935605,88.4153023647487,89.35132916286071,89.74487729761475,89.41507705878934,88.4153023647487,86.86042014448714,84.88567634549821,82.62784725487822,80.2200277458091,77.77224235899607,75.30651427234238,72.82490219269954,70.33071577959107,67.82777139108235,65.3201097436483,62.812033109594694,60.30838076617461
39.82166189049664,41.86831094897059,43.86437154917323,45.82603552013032,47.77105195428889,49.71803011709924,51.68606520666224,53.69453326795116,55.76297639780057,57.89122073267812,59.999875574442584,61.989754279435616,63.76169512867368,65.25833934732243,66.58947075174822,67.90666880949738,69.36152024947283,71.03948291780574,72.7614841589332,74.30790344911694,75.56146971996276,76.42276930615525,76.761465870101,76.46982849760678,75.56146971996276,74.0955218904692,72.19185139273115,69.98551004750297,67.61155323691176,65.18350104169319,62.7287222812823,60.253065407550224,57.76241454658333,55.26271711113901,52.76003205857356,50.26061330829269,47.77105195428889
40.8127424571654,42.864037600578555,44.86293946839812,46.82637239173965,48.7725069094147,50.72019994370987,52.68869546912072,54.69746089680831,56.76609564376112,58.89446165381453,61.00319049902366,62.99311272264177,64.76507865717781,66.26173739012741,67.59287810692408,68.91008295730057,70.36493985444929,72.04290691778674,73.7649112093031,75.31133237741275,76.56489974907205,77.4261999270744,77.76489669343272,77.47325914760266,76.56489974907205,75.09895059871701,73.19527756454748,70.98893148787155,68.61496603670008,66.18689847134499,63.73209243998244,61.256387037155264,58.765649675853524,56.26579801181191,53.76283827200122,51.26293154505866,48.7725069094147
41.80634631825356,43.861344383901994,45.86250723328128,47.8273464863061,49.77436935817853,51.72263016638533,53.691491295977386,55.70049280733281,57.76927966663085,59.89774226043676,62.00652984598878,63.99648661174112,65.76847245700392,67.26514271016413,68.59629081828794,69.91350106002659,71.368362288566,73.04633284023745,74.76833955285687,76.31476221148061,77.56833045685754,78.42963110458027,78.76832803159371,78.47669034818674,77.56833045685754,76.10238025813237,74.19870521079093,71.99235537874767,69.61838306949727,67.19030330471458,64.73547562794062,62.25973170615433,59.7689256850977,57.26895159581737,54.76577379248833,52.265479618832245,49.77436935817853
42.80196212412035,44.85990890871007,46.86287000888683,48.82882692580825,50.77655547203739,52.72526716232572,54.69441857048433,56.70360750177798,58.77251510894939,60.901054367694854,63.00988857786308,64.99987276059403,66.77187440933409,68.268553806219,69.59970778090192,70.91692230179922,72.37178696818421,74.04976028855867,75.77176892281378,77.31819276446134,78.5717617033093,79.43306272384972,79.77175977837533,79.48012198577338,78.5717617033093,77.10581067249112,75.20213402729101,72.99578121460144,70.62180346206122,68.19371401449698,65.73886915746965,63.26309466228906,60.772234143180796,58.27216287615374,55.768811967901826,53.2682101897374,50.77655547203739
43.79918064642111,45.859473974019224,47.86386468967655,49.830709617965496,51.7789986286153,53.728068335316124,55.697450199702104,57.7067879116355,59.775791366680494,61.90439147843861,64.01326269608555,66.00326864023401,67.77528283240571,69.27196948675004,70.60312811776112,71.9203460350488,73.37521343006534,75.05318894796741,76.77519910742888,78.32162388804441,79.57519337730122,80.43649469374743,80.7751918494796,80.4835539702095,79.57519337730122,78.10924168604969,76.20556377262639,73.99920859419039,71.62522652128999,69.1971293884405,66.74227089526136,64.26647213340961,61.77556835742523,59.27541995484381,56.77193163561073,54.27108565622356,51.7789986286153
44.79767493954534,46.8598346035455,48.865361485013295,50.83291180937827,52.7816458944277,54.73099985416496,56.700564670836954,58.710020486006954,60.77910002200062,62.90774843535311,65.01664902679806,67.00667224333978,68.7786963913679,70.27538880601219,71.60655113277673,72.92377174579386,74.37864130653404,76.05661856861903,77.77862993863954,79.32505546451526,80.57862539063223,81.43992694193919,81.77862417799908,81.48698622994038,80.57862539063223,79.11267317519398,77.20899425518002,75.00263719904618,72.62865169706217,70.20054846436221,67.7456791480515,65.26986112538233,62.778923015294,60.278713386701185,57.77511599326576,55.274076156352365,52.7816458944277
45.797184148863906,47.86082757882809,49.86725716923783,51.83536773325247,53.784455221285114,55.73403485282034,57.70374490342962,59.713294467259544,61.782434392800255,63.91112114474515,66.02004505078293,68.01008197664937,69.78211402672673,71.278811013356,72.60997627345674,73.92719902608363,75.38207030576442,77.06004895221099,78.78206128305405,80.32848740044372,81.58205767329702,82.44335941101315,82.78205671082924,82.49041870817297,81.58205767329702,80.11610504181121,78.21242532286496,76.00606677639902,73.63207855274231,71.20397047856545,68.74909257185976,66.27325926165065,63.78229389987379,61.282035673970285,58.778351701330905,56.27715797761388,53.784455221285114
46.897500374038486,48.96232301913807,50.969469679040614,52.93802513659321,54.8873932135416,56.83715199872148,58.806977337091155,60.81660131561941,62.88578917493203,65.01450635724053,67.12344876845702,69.11349657555854,70.88553489754742,72.38223551298361,73.71340310128411,75.03062755212538,76.48550019613319,78.16347994134988,79.88549303479911,81.431919621674,82.68549016973225,83.54679205540153,83.88548940582095,83.59385135983055,82.68549016973225,81.21953720802912,79.31585685496941,77.10949712562461,74.73550674177032,72.30739482489659,69.85251009994599,67.37666465587034,64.88567766397793,62.38538086498163,59.88162817000244,57.380312292397235,54.8873932135416
47.89845806047238,49.96421762701617,51.97193379677473,53.94084251220818,55.89043335120218,57.84033435455598,59.81025120665295,61.819934252159356,63.88916015814266,66.01790149367845,68.12685859270073,70.11691503633043,71.88895833637076,73.38566183200562,74.71683126820534,76.0340570669234,77.48893079380008,79.16691141111224,80.88892510984286,82.43535206934862,83.6889228358373,84.55022483893708,84.8889222295204,84.59728414913567,83.6889228358373,82.2229696120404,80.3192887556842,78.11292808748692,75.73893598907979,73.31082102224664,70.85593088562379,68.38007581080495,65.88907165080379,63.38874423545292,60.88493699275699,58.38352415281935,55.89043335120218
48.89992546354964,50.966429281979245,52.97459770620145,54.94378689440383,56.89355457660119,58.843568473611114,60.81355796635795,62.823287895871616,64.89254400053218,67.0213045068951,69.13027326378504,71.12033656228598,72.89238381342858,74.3890895950866,75.72026049796858,77.03748736649914,78.49236195285057,80.17034326234605,81.89235744148911,83.43878469675234,84.69235563660938,85.55365773291385,85.89235515537527,85.60071704769175,84.69235563660938,83.22640220478846,81.32272094896535,79.1163595355998,76.74236607634937,74.31424868875625,71.85935425686884,69.38349153806931,66.89247375155811,64.39212203544216,61.88827149645624,59.38678169196592,56.89355457660119
49.90179780031127,51.96889272088428,53.97742024734856,55.94683210479349,57.896740170755436,59.84684368098121,61.8168908325288,63.82665797548853,65.89593804949442,68.02471377200362,70.13369178184277,72.12376052109283,73.89581090824011,75.39251850432092,76.72369057131169,78.04091828895423,79.49579355747198,81.17377541635409,82.89578997680098,84.44221746680714,85.6957885442668,86.55709071454791,86.89578816231104,86.6041500329604,85.6957885442668,84.22983494733705,82.32615337445677,80.11979136965037,77.74579683029677,75.31767752134164,72.86277968028952,70.38691089442398,67.89588229243562,65.39551128844414,62.8916263840748,60.390075489314455,57.896740170755436
50.90399176735731,52.9715560913082,54.9803687304686,56.94995735706992,58.899976860331364,60.85015150257499,62.82024442038673,64.83004110067665,66.89934019956726,69.02812799929771,71.13711335326644,73.12718641086349,74.89923928706733,76.39594832325963,77.72712131420563,79.04434970578959,80.49922551574355,82.17720781067439,83.89922267376247,85.44565035008425,86.69922153675918,87.56052376575556,87.89922123360068,87.60758308705289,86.69922153675918,85.23326780878247,83.32958598425361,81.1232235100201,78.74922811338732,76.32110727944394,73.86620673252908,71.39033313120831,68.89929594490135,66.39890963189528,63.89499745101307,61.39339806669081,58.899976860331364
52.00644116021586,54.074378204512485,56.08341719641872,58.05314614776826,60.00325410809195,61.95348521161141,63.92361445567063,65.93343458038407,68.00274877958937,70.13154616511616,72.24053734816155,74.23061383324644,76.00266868502082,77.49937886423237,78.83055258852303,80.14778151501514,81.60265775470761,83.28064039573073,85.00265549902531,86.54908332322594,87.80265459658514,88.66395687218389,89.00265435596805,88.71101619577084,87.80265459658514,86.33670076459634,84.43301874033384,82.22665589351566,79.8526598164595,77.42453777213073,74.96963507756682,72.49375765420302,70.00271365447462,67.50231519055849,64.99838135985898,62.49674348797099,60.00325410809195
53.00909337778589,55.07732634788833,57.08654503304773,59.056385374700824,61.00656354924983,62.95683946847983,64.92699754567066,66.93683627863166,69.00616246312454,71.13496745696558,73.24396326657558,75.23404247206791,77.00609889185687,78.50280997828462,79.83398428463192,81.15121363568123,82.60609021645756,84.28407313217437,86.00608842612105,87.55251636769327,88.80608770985378,89.66739002244086,90.00608751887586,89.71444934784512,88.80608770985378,87.34013379531052,85.43645161251932,83.23008846998034,80.85609185287147,78.42796884785838,75.97306444870154,73.49718399177152,71.00613458419969,68.5057264760135,66.00177546156876,63.50010704121341,61.00656354924983
54.11190663612818,56.18037454412928,58.189735875207944,60.15966463652522,62.10989854380129,64.06021003477507,66.03039099744865,68.04024450003517,70.1095801973578,72.23839122996138,74.34739071169287,76.33747207637938,78.10952974070432,79.60624154719086,80.9374163155172,82.25464600353796,83.70952285503282,85.38750598877428,87.10952143404165,88.65594946877172,89.90952086553992,90.77082320748463,91.10952071396063,90.81788253433129,89.90952086553992,88.44356688547313,86.53988457685759,84.33352119960483,81.95952415385568,79.5314003863463,77.07649463425143,74.60061176957294,72.10955806977573,69.60914230687291,67.10517765350802,64.60348498627238,62.10989854380129
55.21484774960808,57.28350216665595,59.29297673055068,61.26297567634899,63.21325382102542,65.16359354625013,67.13379267352833,69.14365789893166,71.21300114665567,73.34181697225313,75.45081936855863,77.44090244700214,79.2129610991172,80.70967347711529,82.04084861211483,83.35807856759016,84.81295563395454,86.49093894074228,88.212954506113,89.75938261478251,91.01295405489284,91.87425642013876,92.2129539345843,91.92131574813021,91.01295405489284,89.54700002281999,87.64331761433759,85.43695405079235,83.06295666483109,80.63483229212767,78.1799254662041,75.7040406904909,73.21298358394134,70.71256174545164,68.20858626676,65.70687435441891,63.21325382102542
56.31789036509059,58.38669283886159,60.39625728494825,62.366311939826915,64.31662519720379,66.26698733255995,68.23720087733693,70.24707540724519,72.31642464776672,74.4452442775816,76.55424898719188,78.54433342584736,80.31639286197276,81.81310569358016,83.14428111960858,84.46151128736278,85.91638852426928,87.59437196840398,89.3163876291008,90.86281579645612,92.11638727096711,92.9776896547072,93.31638717547816,93.02474898360731,92.11638727096711,90.65043319761702,88.74675070987024,86.54038699846453,84.16638934247663,81.7382644894302,79.28335681120751,76.80747051870293,74.31641070820544,71.81598404749761,69.31199997666995,66.81027278926202,64.31662519720379
57.421013557456575,59.489933559297725,61.499569350753006,63.46966822423924,65.42000935150001,67.37038927416205,69.34061426226813,71.35049617722927,73.41985017426254,75.54867282349664,77.65767936918184,79.64776488743962,81.41982494583493,82.91653813747249,84.24771379449076,85.5649441307309,87.01982150299678,88.69780505614385,90.41982079250106,91.9662490064353,93.21982050825014,94.08112290666905,94.4198204324605,94.12818223629039,93.21982050825014,91.75386640213831,89.85018385147931,87.64382002271665,85.26982215240847,82.84169691811334,80.38678856341997,77.9109010670359,75.41983911040923,72.91940862229072,70.41541773183707,67.9136784204641,65.42000935150001
59.16900935444683,61.27996551738042,63.35321079682812,65.40718074056413,67.45907021379055,69.52350616631215,71.61148055405621,73.7299362457426,75.88244603741545,78.05843268927914,80.19829310299971,82.23315572108866,84.0980939062252,85.7667846648867,87.33634427908828,88.92177215242457,90.61836825076254,92.45765718187602,94.2829006969026,95.93669798472487,97.41752115034137,98.69123302455034,99.31359591114122,98.82619283544288,97.41752115034137,95.41442570890725,93.03729712561886,90.45818771815277,87.82322951771522,85.23687994026373,82.69270142298288,80.16894528485861,77.65160213873885,75.1299844475953,72.59492756966493,70.03909968918748,67.45907021379055
57.21982352641042,59.28865189024987,61.29823205315884,63.26829644914923,65.21861584614525,67.16898189998678,69.13919796569836,71.14907412251665,73.21842441088783,75.34724470587494,77.45624981996917,79.44633449645913,81.21839406966953,82.71510698059092,84.04628245750602,85.36351266237739,86.81838992910332,88.49637339725328,90.21838907461793,91.76481725223452,93.01838873276051,93.87969111973432,94.21838864161128,93.92675044879331,93.01838873276051,91.55243465219306,89.64875215058683,87.44238841332756,85.06839071012529,82.6402657730904,80.1853579458424,77.70947138812528,75.21841110483946,72.7179836009605,70.21399802778393,67.71226816949722,65.21861584614525
55.41379968866349,57.48230868135214,59.491694956314916,61.46163917871887,63.41188283124484,65.36220054210538,67.33238550638167,69.34224159147313,71.41157895213169,73.5403910406219,75.64939116442844,77.63947290665251,79.41153078858588,80.90824272097538,82.23941757007921,83.55664731701975,85.01152421585002,86.68950738771326,88.41152285943919,89.95795091045801,91.21152231677439,92.07282466385234,92.41152217208398,92.11988399095118,91.21152231677439,89.74556832525076,87.84188599463474,85.63552257634203,83.26152545564474,80.83340155481216,78.3784955661547,75.90261228047873,73.41155783018051,70.91114072883869,68.40717369068074,65.90547678380675,63.41188283124484
54.221205601461676,56.30775409488052,58.34401057579454,60.34944233386831,62.34303374272557,64.34265345842499,66.36446909905933,68.42261163619702,70.52937964234475,72.67959847221407,74.80267041221066,76.81326193244797,78.62821845188526,80.2056640097524,81.65155361560122,83.10175234528138,84.68001722302189,86.44220967098181,88.21889898407181,89.82284212863479,91.20032035817793,92.29398339944555,92.79806597968557,92.39180930366727,91.20032035817793,89.44625900806227,87.302369780442,84.91596438203925,82.42066486698837,79.92088816679657,77.42618250128461,74.92913955938299,72.42651477713815,69.91678660766371,67.39920619351348,64.87393595218606,62.34303374272557
52.90352628332208,54.97072459402199,56.97931492326086,58.94876571988296,60.898698334182995,62.84881751421996,64.81887474781308,66.82864839772125,68.89793266284673,71.02671104593553,73.13569067366964,75.12576036424267,76.89781129972432,78.39451921305903,79.72569148359548,81.04291934970612,82.49779473750135,84.17577669244423,85.89779131956246,87.44421885061365,88.69778995213323,89.55909213534922,89.89778958753635,89.6061514543972,88.69778995213323,87.23183632633406,85.32815469801602,83.12179258979563,80.7477978615849,78.31967821667762,75.86477977952899,73.38890993282838,70.89787943973425,68.39750506320905,65.8936141499221,63.39205257315842,60.898698334182995
52.24651510332639,54.3203855118697,56.33722093504262,58.316780820977044,60.278704427185644,62.24233373888545,64.22653801644618,66.24959715602004,68.32923733469941,70.4639721064245,72.57687621187331,74.57265589859226,76.35668591570095,77.87615660035462,79.24019316786072,80.59629310171722,82.08799717048011,83.79153736192295,85.53033137305611,87.09456813727516,88.38706078749613,89.32342174885578,89.71721152307722,89.3872434894958,88.38706078749613,86.8317732856575,84.85669958598537,82.59862816109387,80.19064782037555,77.74276836859062,75.27698834021948,72.7953487419106,70.30114732144537,67.79819088929774,65.29051166627063,62.782404660714136,60.278704427185644
39.804052523084025,41.850609015509676,43.84661295806508,45.8082416352855,47.75323575413154,49.70019964608079,51.66822554277054,53.67668766643558,55.74512696997637,57.87336887509218,59.98202223902956,61.97190007495644,63.743840423237515,65.24048435203225,66.57161557048727,67.88881349258541,69.34366482357916,71.02162740414217,72.74362858435214,74.29004783703293,75.54361408589506,76.40491366026885,76.74361022017234,76.45197285113971,75.54361408589506,74.07766628277963,72.17399583569515,69.96765458495585,67.59369794692012,65.16564605864784,62.710867842843385,60.235211938238564,57.74456280465816,55.24486844902695,52.74218888145445,50.242779874286526,47.75323575413154
40.79508282955001,42.84630416241646,44.845160930397874,46.808565789574274,48.75468257482294,50.70236427385254,52.67085249939515,54.67961321296427,56.74824492239941,58.87660900372428,60.98533667589717,62.97525820970624,64.74722374662102,66.24388224950883,67.57502281869832,68.89222756140741,70.34708437205664,72.02505136573069,73.74705560889663,75.2934767472401,76.5470441014509,77.40834427007273,77.7470410332227,77.4554034901401,76.5470441014509,75.08109497203225,73.1774219780666,70.97107597638686,68.5971106621738,66.16904334044531,63.71423774134705,61.23853310774774,58.747797117571594,56.24794789828982,53.74499251290494,51.245093522185414,48.75468257482294
41.788646594398685,43.84358586050439,45.844712831496864,47.80952977744954,49.75653856199253,51.70479036804832,53.673645701537495,55.68264347039758,57.75142791845428,59.87988898128532,61.98867563574488,63.978631853976026,65.75061738363944,67.24728745419662,68.57843544516322,69.89564560144551,71.3505067613298,73.02847725770917,74.75048393195273,76.29690656695095,77.550474798479,78.41177543875638,78.75047236322334,78.45883468199703,77.550474798479,76.08452461637106,74.18084960093952,71.97449982842099,69.60052762787518,67.17244805646106,64.71762072278172,62.24187741155153,59.75107247881978,57.25110033014231,54.74792598354341,52.24763795209137,49.75653856199253
42.78423044601678,44.84213042457256,46.845062995841985,48.81100218709527,50.75871954394485,52.70742408585147,54.67657089225757,56.68575685256543,58.75466254570523,60.88320058922568,62.992034060351926,64.98201780850283,66.75401920674693,68.25069845869794,69.58185234039229,70.89906679346237,72.35393140535551,74.03190468184445,75.75391328564055,77.30033710853655,78.55390603639262,79.41520705102363,79.7539041035281,79.46226631265696,78.55390603639262,77.08795501876354,75.1842783988904,72.97792563344574,70.60394796718484,68.17585867309857,65.72101408838955,63.24524007781997,60.75438042255465,58.2543106959084,55.75096253165573,53.25036562979702,50.75871954394485
43.781423523966424,45.841679615062034,47.846047654336004,49.81287850079716,51.76115862522258,53.7102226561249,55.679600867226156,57.68893622073041,59.75793815646378,61.88653730364079,63.9954079346887,65.98541353390307,67.75742752725313,69.25411406656221,70.58527262376768,71.9024904872206,73.35735783898677,75.03533332205677,76.75734345734286,78.30376822307525,79.55733770360777,80.41863901536371,80.75733616949168,80.46569829159534,79.55733770360777,78.09138602282445,76.18770812950319,73.98135298856562,71.60737098414543,69.17927397311229,66.72441569607477,64.24861731886679,61.75771422853953,59.257567048636844,56.754080907563605,54.25323879928118,51.76115862522258
44.77989756985605,46.84202762454086,48.847536486937145,50.81507562637616,52.76380265514118,54.71315210865538,56.682714025164245,58.69216796822337,60.76124629824807,62.88989394597651,64.99879407182425,66.98881701458674,68.76084100480823,70.25753332814827,71.58869559633294,72.9059161666212,74.36078569303342,76.03876292747216,77.76077427830461,79.30719979236756,80.56076971156004,81.42207125914436,81.76076849393098,81.46913054696262,80.56076971156004,79.09481750443044,77.19113860037152,74.98478157400022,72.61079612636914,70.18269299035538,67.72782384559795,65.25200612822567,62.761068562359156,60.26085990425605,57.757264239782344,55.25622747585727,52.76380265514118
45.77939067603664,47.84301057053572,49.84942584606608,51.81752752744602,53.76660941283228,55.716185466932146,57.68589321533443,59.695441293127544,61.76458026143301,63.89326640567933,66.002189942164,67.9922266507287,69.7642585755537,71.26095548971429,72.59212070331995,73.9093434220328,75.36421467446742,77.04219329897109,78.76420561458457,80.31063172259842,81.56420198995575,82.42550372471723,82.76420102352273,82.47256302173184,81.56420198995575,80.09824936506453,78.1945696587818,75.98821113593843,73.61422295542181,71.18611495798513,68.73123718744237,66.2554041195506,63.76443918973264,61.264181734138134,58.76049913387433,56.259307849498796,53.76660941283228
46.87969409936082,48.94449804254927,50.95163333244096,52.92018173659291,54.86954536541339,56.81930131064922,58.789124821537996,60.798747620508976,62.867934720027534,64.99665141999128,67.10559353788801,69.09564117251509,70.86767939509036,72.36437995300787,73.69554750440508,75.01277192832868,76.46764455071114,78.14562427851172,79.86763735987321,81.4140639393065,82.6676344830026,83.52893636632675,83.86763371594407,83.57599567064054,82.6676344830026,81.20168152653362,79.29800118352495,77.09164147292944,74.71765112331548,72.28953926735068,69.83465465047328,67.35880939872698,64.86782274968672,62.3675265621045,59.8637749564421,57.36246101513821,54.86954536541339
47.880641611839124,49.946386320911046,51.954093461062484,53.922996576160216,55.87258388385061,57.82248263280434,59.79239803429138,61.80208014352641,63.87130544643813,66.00004639912774,68.10900326533866,70.09905957207408,71.87110279320936,73.36780624319144,74.69897565010089,76.01620142745435,77.47107513716696,79.14905574065594,80.8710694297925,82.41749638339186,83.67106714641828,84.53236914765675,84.87106653760344,84.57942845776387,83.67106714641828,82.20511392677574,80.30143307839705,78.0950724250811,75.72108035385058,73.29296543536103,70.83807538451632,68.36222046235059,65.8712165744752,63.37088964441628,60.86708326635042,58.365671963378844,55.87258388385061
48.882100931562874,50.948592948933026,52.95675420305808,54.9259389449803,56.87570382386207,58.825715931342344,60.795704272652785,62.80543345901201,64.87468908500007,67.0034492874922,69.11241785959754,71.10248104944468,72.87452823796,74.37123398338326,75.7024048630175,77.01963171459093,78.47450628731922,80.15248758584319,81.87450175737146,83.4209290079468,84.67449994505583,85.53580203988297,85.87449946183912,85.58286135458827,84.67449994505583,83.20854651653221,81.30486526704087,79.09850386548663,76.72451042780634,74.2963930785836,71.84149871477862,69.36563611714072,66.87461854661834,64.37426721568653,61.87041736298241,59.36892877846017,56.87570382386207
49.88396684733949,51.951052395934205,53.95957422941272,55.928982557029286,57.878888397671744,59.828990487413876,61.79903672501126,63.808803278106666,65.87808297218095,68.00685845350422,70.11583631667844,72.10590496968942,73.87795530712921,75.3746628744504,76.7058349229894,78.02306262717303,79.47793788487809,81.15591973505212,82.87793428945514,84.4243617757405,85.67793285101905,86.53923502012759,86.87793246748969,86.5862943384825,85.67793285101905,84.2119792567064,82.30829768885161,80.1019356934199,77.72794117118652,75.29982189268605,72.84492410567113,70.3690554159721,67.87802698541573,65.37765628714996,62.87377192749824,60.3722220010759,57.878888397671744
50.88615571475239,52.953712596709806,54.96252071603601,56.93210654049811,58.88212427731659,60.83229779203785,62.80238998441247,64.81218619651273,66.88148499384573,69.01027260214455,71.11925783970443,73.10933082885316,74.88138366560405,76.37809267896978,77.70926565527057,79.02649403617218,80.4813698375441,82.15935212556333,83.88136698385435,85.42779465722293,86.68136584216676,87.5426680702325,87.88136553775927,87.58972739148405,86.68136584216676,85.2154121162672,83.31173029572713,81.1053678289343,78.73137244588986,76.3032516361184,73.84835113209297,71.37247760709994,68.88144055685959,66.38105448651125,63.8771427379814,61.37554412226018,58.88212427731659
51.98860105795258,54.056532193360695,56.065567597047604,58.035294324014785,59.98540088218219,61.93563109073371,63.905759758991465,65.91557951209369,67.98489347194902,70.11369070553502,72.22268179618612,74.21275822694338,75.98481304740386,77.48152320849786,78.81269692116463,80.12992583917814,81.584802072059,83.2627847075964,84.98479980708356,86.53122762894027,87.78479890092544,88.64610117578553,88.98479865931705,88.69316049933619,87.78479890092544,86.31884507058528,84.4151630494887,82.20880020857618,79.83480414230506,77.40668211716161,74.95177945663913,72.4759020938569,69.98485820212524,67.4844599308086,64.98052644327349,62.478889181443904,59.98540088218219
52.991250059997384,55.05947833884146,57.06869417550966,59.03853275146581,60.98870981304097,62.9389850219012,64.90914264206447,66.91898108007187,68.9883070745903,71.11711194783499,73.22610768411126,75.2161868464836,76.98824324141864,78.48495431346652,79.81612861058791,81.13335795490772,82.5882345302777,84.26621744164049,85.98823273256522,87.534660672277,88.78823201334697,89.64953432534779,89.98823182158227,89.69659365072324,88.78823201334697,87.32227810011226,85.41859591983382,83.2122327819822,80.83823617343344,78.41011318364771,75.95520881150964,73.47932840266337,70.98827908080898,68.48787112549032,65.9839203834192,63.48225244727969,60.98870981304097
54.09406076535036,56.16252494903357,58.171884018935884,60.141811378690306,62.09204440254702,64.042355329679,66.01253592960097,68.02238919807917,70.09172474461752,72.22053568150316,74.32953510502941,76.3196164354915,78.09167408008986,79.58838587516308,80.91956063616676,82.23679031884636,83.6916671660502,85.36965029633583,87.09166573920469,88.63809377245815,89.89166516836076,90.75296750984018,91.09166501615701,90.80002683666396,89.89166516836076,88.42571118933257,86.52202888271142,84.31566550917901,81.94166847022404,79.51354471480066,77.05863898415059,74.58275615763627,72.09170252587329,69.59128688430226,67.0873224471229,64.5856301642173,62.09204440254702
55.196999852001255,57.26565131251178,59.27512408150335,61.2451219147997,63.195399358273306,65.14573863596326,67.11593747531992,69.12580251490914,71.19514564295473,73.32396139258044,75.43296374268829,77.42304679396781,79.19510543042585,80.69181779936515,82.02299292855272,83.34022287978874,84.79509994274733,86.47308324679219,88.19509881025921,89.74152691775674,90.99509835718008,91.85640072205666,92.19509823637587,91.90346005002996,90.99509835718008,89.52914432593158,87.6254619190321,85.4190983584397,83.04510097787099,80.6169766147602,78.16206980585741,75.6861850604352,73.19512800788459,70.69470626569648,68.19073095859292,65.68901935129963,63.195399358273306
56.30004085846073,58.368840985283526,60.378404006624635,62.34845777845902,64.29877047927042,66.2491322594097,68.21934557565979,70.2292199580859,72.29856910361806,74.42738867313389,76.536393346077,78.52647776317235,80.29853718687076,81.7952500112882,83.12642543270366,84.44365559709313,85.89853283129645,87.57651627325413,89.29853193243997,90.84496009886506,92.0985315728308,92.95983395627775,93.29853147694843,93.00689328516349,92.0985315728308,90.63257750013499,88.72889501364457,86.52253130458251,84.14853365287473,81.72040880744194,79.26550114272871,76.78961487426608,74.2985551066277,71.7981285223548,69.29414458771765,66.79241764242936,64.29877047927042
57.40316277353777,59.47208091238883,61.481715572940914,63.45181374552237,65.40215443102396,67.35253407174494,69.32275887846697,71.33264067637057,73.40199459801035,75.53081719938496,77.63982371596734,79.62990921711278,81.4019692656448,82.89868245157567,84.22985810493265,85.54708843850219,87.00196580862254,88.67994936004169,90.40196509519964,91.9483933083956,93.20196480977764,94.06326720796389,94.40196473367577,94.1103265375738,93.20196480977764,91.7360107041851,89.83232815452331,87.62596432762082,85.25196646070972,82.8238412324576,80.36893288848668,77.89304541118476,75.40198348857542,72.90155306112356,70.39756227876501,67.89582315956443,65.40215443102396
59.152098874179345,61.263122297206735,63.336468786758985,65.39057023788233,67.44261572582245,69.50722268930176,71.59536901100776,73.71397917328865,75.86660469048341,78.0426559982047,80.18255833063152,82.21748126412992,84.08254259790218,85.75145454170138,87.32130660180772,88.9070448447784,90.6039046961334,92.44336163601788,94.26870943671017,95.92261259339635,97.4036513785105,98.67772684222993,99.30032049365155,98.81275978065591,97.4036513785105,95.40002748332623,93.02237565036754,90.4428121681535,87.80751203112982,85.22094488944307,82.67664007684878,80.15281514266908,77.63543390982136,75.11378535751534,72.578682962574,70.0227750528815,67.44261572582245
57.189945565230445,59.258770173858565,61.26834805713867,63.23841104024399,65.18872954672946,67.13909503222153,69.10931073228906,71.11918665313546,73.18853678952343,75.317356988032,77.42636204345871,79.41644668545244,81.18850623877962,82.68521913819713,84.01639460773147,85.33362480721925,86.7885020696201,88.4664855342868,90.1885012092339,91.73492938536216,92.98850086501571,93.8498032515205,94.18850077323704,93.89686258055646,92.98850086501571,91.52254678549511,89.61886428589908,87.4125005523897,85.0385028560355,82.61037793118257,80.15547012554963,77.67958360629973,75.18852339158849,72.68809601000554,70.18411065473413,67.68238118383975,65.18872954672946
55.38392754507879,57.45243057862248,59.46181323561308,61.43175521548102,63.38199745452164,65.33231426322934,67.30249864710055,69.31235435761761,71.38169147702095,73.51050341236223,75.61950344304034,77.60958513050525,79.38164298087605,80.87835489500424,82.20952973239186,83.52675947078652,84.98163636275109,86.65961952908506,88.38163499697337,89.92806304562961,91.1816344505611,92.04293679689451,92.38163430487151,92.08999612395678,91.1816344505611,89.7156804606992,87.81199813327417,85.60563472093405,83.23163761110746,80.80351372961246,78.34860777526671,75.87272455065344,73.38167020921009,70.88125330199941,68.37728660973903,65.87559031779537,63.38199745452164
54.192294124282654,56.2789179894978,58.31528950112718,60.32087369643425,62.31465045315244,64.31447917257515,66.3365113766398,68.39485422806914,70.50177601305124,72.6520821849376,74.77521130925174,76.78588589130268,78.60101492476366,80.17878056814101,81.62511484066384,83.0758144588209,84.65453056492288,86.41702366043515,88.19390506335937,89.79804767892963,91.17594673637325,92.27036719850719,92.77496464515723,92.36835324319101,91.17594673637325,89.42088798996332,87.27611490156417,84.88901409783848,82.39322947394916,79.89315977289762,77.39828926467342,74.90115808991347,72.39848492399881,69.88871778926654,67.37108029256272,64.84571079076133,62.31465045315244
52.873678010273224,54.94086132431687,56.94944254421188,58.91888769288603,60.86881674658518,62.81893365381154,64.7889894250691,66.79876213118801,68.86804578842032,70.99682378561053,73.10580317868033,75.09587273127066,76.86792358722029,78.36463145453956,79.69580369555317,81.01303154012956,82.46790691062444,84.1458888516344,85.86790346908242,87.41433099418029,88.66790209221017,89.52920427355004,89.86790172509552,89.57626359250588,88.66790209221017,87.20194847059831,85.29826685032111,83.0919047571002,80.71791005628187,78.28979046010204,75.834892109413,73.35902241657902,70.86799219777653,68.36761831041395,65.86372826867964,63.36216824127041,60.86881674658518
52.21688257943187,54.29077350509023,56.307640473811404,58.28724260270117,60.24921825845708,62.21290718622866,64.19717429418411,66.22029253285223,68.29997873708562,70.43473990828637,72.54766140051896,74.54346648798902,76.3275498204436,77.84712147708231,79.2113029145011,80.567572794526,82.05943647465476,83.76308663515915,85.50195248980033,87.06626520533233,88.35892276601145,89.29559759366414,89.68961430108433,89.3594886873966,88.35892276601145,86.80325453639907,84.82787087204956,82.5695717281286,80.1614402419514,77.7134723852862,75.24764353905053,72.76597807663055,70.27176255098925,67.76879479914852,65.26109905689184,62.752963504975625,60.24921825845708
39.78931493643274,41.83579366816663,43.83175001360408,45.793349040583905,47.73832441212455,49.68527631489529,51.65329448846691,53.66175162379845,55.730187712763254,57.858427576573774,59.96707969894963,61.95695680475072,63.72889673216427,65.22554041744476,66.55667147966066,67.87386928779469,69.32872052722993,71.00668303405502,72.72868416308654,74.27510338426006,75.5286696146531,76.38996917909766,76.72866573560513,76.43702836948069,75.5286696146531,74.06272183369866,72.15905142916965,69.95271025781301,67.57875376474588,65.15070213434757,62.69592437608178,60.22026928566683,57.729621603309425,55.22992983510787,52.7272548756097,50.2278540538386,47.73832441212455
40.780303021877316,42.83146234865518,44.830281228622894,46.793662510952956,48.73976439895646,50.687436575021394,52.655918667786494,54.66467542091242,56.73330457845245,58.861667039402164,60.9703937260761,62.96031468035801,64.73227988322036,66.22893819282697,67.56007863800761,68.8772832902624,70.33214002824104,72.01010696338896,73.73211116593438,75.27853227927048,76.53209961882229,77.39339977956331,77.73209654001784,77.44045899924348,76.53209961882229,75.0661505069929,73.16247754680361,70.95613160813022,68.5821664089797,66.15409929192856,63.69929405598731,61.22359006863708,58.73285523038007,56.2330080650045,53.73005633788047,51.23016384653667,48.73976439895646
41.773833103284645,43.82872297292654,45.82981980251142,47.79461800807746,49.74161495762772,51.68985920079423,53.65870966484481,55.66770428954261,57.736486711853544,59.86494648847224,61.97373236069606,63.96368811893987,65.7356733834596,67.23234330060703,68.5634911931466,69.88070127763464,71.33556237983993,73.01353282976686,74.73553947176981,76.28196208691963,77.5355303068128,78.39683094083517,78.73552786316279,78.44389018376852,77.5355303068128,76.06958013866549,74.16590515004236,71.95955542753214,69.58558331831208,67.15750390935219,64.702676863916,62.22693406563053,59.73613004722968,57.236159528903656,54.732988086391245,52.23270521514978,49.74161495762772
42.76939011085193,44.82725076804766,46.83015937203669,48.79608367171991,50.74379162816502,52.69249016456078,54.66163310492493,56.67081656923287,58.739720654344836,60.86825767692241,62.97709052715959,64.967073910208,66.7390750980036,68.23575422819167,69.56690803176375,70.88412242785034,72.3389869939634,74.01696023358289,75.73896881178955,77.28539261893184,78.53896153755329,79.4002625472197,79.73895959802616,79.4473218086091,78.53896153755329,77.07301053100477,75.1693339324095,72.9629812066566,70.58900361288133,68.16091444773612,65.70607009180915,63.23029648837445,60.73943755884687,58.23936912631538,55.73602326736719,53.235430462211895,50.74379162816502
43.76656181331043,45.826786622056005,47.83113561068026,49.79795462676911,51.74622728569672,53.69528654823061,55.664661690117526,57.67399506224493,59.7429957215646,61.87159405837117,63.98046419660136,65.97046950602721,67.74248333234176,69.23916977500659,70.57032827020595,71.88754608843081,73.34241340386114,75.02038885766777,76.74239897264349,78.2888237258721,79.54239319907512,80.40369450689063,80.74239165967089,80.45075378292864,79.54239319907512,78.07644152708647,76.17276365065348,73.96640854121932,71.59242659433124,69.16432968563936,66.70947159018837,64.23367353613011,61.74277102184193,59.24262486914431,56.73914055800006,54.23830170192966,51.74622728569672
44.76501884957891,46.82712402933309,48.83261775366652,50.80014749644158,52.74886859706817,54.6982142647968,56.6677737448056,58.6772261150556,60.74630343191372,62.874950436420775,64.98385017110766,66.97387288386076,68.74589674150457,70.24258898813741,71.5737512071075,72.89097174149805,74.34584123907044,76.02381845028279,77.74582978499487,79.29225528913356,80.5458252025086,81.40712674696537,81.74582398068236,81.45418603463,80.5458252025086,79.07987300235932,77.17619411170463,74.96983711033766,72.59585170836999,70.16774865358497,67.71287965295417,65.23706219207011,62.746125083419145,60.24591724065051,57.74232302872322,55.24128884649414,52.74886859706817
45.76449842747323,47.828098549603496,49.834501798970685,51.80259601786794,53.75167319634218,55.701246244950525,57.67095205920964,59.68049888854409,61.7496370526506,63.87832268635289,65.98724591236595,67.97728243836949,69.74931425796656,71.24601111124423,72.57717628578808,73.89439897600883,75.34927020555318,77.027248811622,78.74926111444071,80.29568721457767,81.5492574773177,82.41055920959687,82.74925650755335,82.45761850648955,81.5492574773177,80.08330485796678,78.17962516232302,75.97326665932565,73.59927851505216,71.17117058208703,68.71629292593849,66.24046006162416,63.74949549470661,61.24923868626951,58.74555723897497,56.244368003953525,53.75167319634218
46.86479109586521,48.929579327330515,50.936705065064714,52.905247543500536,54.85460743534236,56.80436099466962,58.774182970244084,60.783804778237624,62.85299123943274,64.98170753416554,67.09064940563636,69.08069689536293,70.85273503441813,72.34943554401261,73.68060306440633,74.99782746571566,76.45270006993007,78.13067978309891,79.85269285430516,81.39911942748657,82.65268996751789,83.51399184887183,83.8526891978153,83.56105115308881,82.65268996751789,81.18673701544625,79.28305668088174,77.076696986038,74.7027066651903,72.27459486039679,69.81971033431465,67.3438652441495,64.85287888314866,62.352583209231994,59.84883251873383,57.347520204167566,54.85460743534236
47.86573006108418,49.93146228815364,51.939161842347694,53.9080602524744,55.8576445934296,57.80754144840387,59.77745563119531,61.787136953843714,63.85636175009867,65.98510238114878,68.09405905176854,70.08411524349535,71.85615839834031,73.3528618099682,74.68403119227011,76.00125695167458,77.45613064696718,79.1341112388429,80.85612491991925,82.40255186855649,83.65612262867418,84.51742462834889,84.85612201776075,84.56448393837918,83.65612262867418,82.1901694125218,80.28648857084525,78.08012793003151,75.70613588163283,73.27802100375803,70.8231310249779,68.34727623106028,65.85627257180518,63.35594604945318,60.85214039778637,58.350730386060775,55.8576445934296
48.867182589861606,50.933664692943275,52.94181992331282,54.91100092980858,56.860763453554156,58.81077405760392,60.78076143156204,62.79048999357721,64.85974521741953,66.98850516462149,69.09747358148425,71.08753668004834,72.85958381594878,74.35628953093021,75.68746039103337,77.00468722836065,78.45956178964379,80.1375430789503,81.85955724408116,83.40598449071803,84.65955542551842,85.52085751910442,85.85955494063609,85.56791683374875,84.65955542551842,83.19360199976495,81.28992075559312,79.08355936396191,76.70956594440325,74.28144862741655,71.82655432080946,69.35069182496278,66.85967443589851,64.3593234285704,61.85547415243019,59.35398659283574,56.860763453554156
49.86904311125602,51.93612078626096,53.94463783693092,55.91404319905158,57.863947170145906,59.814048066502295,61.784093536265644,63.79385959380005,65.86313896868346,67.99191424737981,70.10089198733682,72.09096056789599,73.86301086357517,75.3597184067346,76.69089043977175,78.0081181326482,79.4629933812692,81.14097522412735,82.86298977345274,84.40941725661213,85.66298833005833,86.52429049818174,86.8629879452069,86.57134981648824,85.66298833005833,84.1970347379443,82.29335317431163,80.08699118675581,77.71299667890563,75.28487742599097,72.82997968437417,70.3541110754673,67.8630827889356,65.36271234751837,62.858828445498716,60.357279332603156,57.863947170145906
50.871227694367185,52.93877832414337,54.94758264624856,56.91716611656271,58.86718236934641,60.81735493680608,62.787446519721485,64.79724233848287,66.86654088246917,68.995328329941,71.10431346970265,73.09438640134609,74.86643920495143,76.36314819913993,77.69432116313686,79.01154953506395,80.46642532922584,82.14440761143845,83.86642246569936,85.41285013658687,86.66642132007632,87.52772354736017,87.86642101461953,87.57478286857332,86.66642132007632,85.20046759592185,83.29678577873284,81.09042331819111,78.71642794656265,76.28830715709867,73.83340668910586,71.35753322823786,68.86649629231079,66.36611042582582,63.862199040526974,61.360601070528276,58.86718236934641
51.97366963536338,54.04159580657837,56.0506281957136,58.02035305391992,59.97045843409883,61.920687890763844,63.890816075275225,65.90063551617673,67.96994927494762,70.098746380884,72.20773739391213,74.19781377902723,75.96986857318002,77.46657871905306,78.79775242195423,80.11498133284465,81.56985756000294,83.24784019093157,84.96985528722004,86.5162831071075,87.76985437793837,88.63115665217788,88.96985413549714,88.67821597569804,87.76985437793837,86.30390054898328,84.40021853054644,82.1938556945954,79.81985963738516,77.39173762835978,74.93683499643646,72.46095768455046,69.96991388354982,67.4695157740413,64.96558257480798,62.46394582550498,59.97045843409883
52.97631593597302,55.04454027357869,57.05375371715748,59.02359080970551,60.97376693624173,62.92404154830119,64.8941987845032,66.90403697471204,68.97336280962776,71.10216758155613,73.21116325622272,75.20124238236876,76.97329875642336,78.47000981639029,79.80118410576071,81.11841344442693,82.57329001525488,84.25127292295971,85.97328821134565,87.51971614949443,88.77328748964825,89.63458980115647,89.9732872972225,89.68164912650772,88.77328748964825,87.30733357751285,85.40365139934548,83.19728826543177,80.82329166407465,78.39516868708185,75.94026433764296,73.46438396919314,70.97333471935235,68.4729268924619,65.96897637921931,63.467308849882684,60.97376693624173
54.07912449649959,56.147585551291456,58.15694272152132,60.12686890378582,62.07710118545825,64.02741163889145,65.99759193405596,68.00744500585333,70.07678042571374,72.20559128218409,74.31459065681052,76.30467195851976,78.07672958654523,79.57344137202979,80.90461612688156,82.22184580507385,83.67672264867268,85.35470577605501,87.0767212169088,88.62314924892173,89.87672064409716,90.73802298518564,91.07672049136877,90.78508231199021,89.87672064409716,88.41076666594151,86.5070843609959,84.30072099058903,81.92672395734208,79.49860021207245,77.0436944994388,74.56781170498718,72.07675813038163,69.5763425907448,67.0723783351888,64.57068637516933,62.07710118545825
55.182061880362,57.25071085701086,59.26018211805743,61.230179016711276,63.18045587108551,65.13079477278936,67.10099337025531,69.11085825373698,71.18020128123746,73.30901696703722,75.41801927833316,77.40810230679145,79.18016093009561,80.67687329142439,82.00804841572915,83.3252783634036,84.7801554235009,86.45813872524141,88.18015428710906,89.72658239362198,90.98015383246815,91.84145619703443,92.18015371124751,91.88851552499253,90.98015383246815,89.51419980191217,87.61051739634257,85.40415383823094,83.03015646219265,80.60203210714094,78.14712531253777,75.6712405925638,73.18018358537924,70.67976192409671,68.175786761149,65.6740754101347,63.18045587108551
56.285101535040994,58.35389969013228,60.36346151450704,62.33351454447225,64.28382677769794,66.23418825940985,68.20440138366826,70.21427564219056,72.28362470791953,74.41244422677649,76.5214488689145,78.51153326789662,80.28359268115477,81.78030549953172,83.11148091707167,84.42871107863434,85.88358831056665,87.56157175069535,89.28358740861178,90.83001557425541,92.08358704776303,92.9448894309637,93.28358695155015,92.99194875983733,92.08358704776303,90.6176329756169,88.71395049018201,86.50758678308893,84.13358913497692,81.70546429594066,79.25055664257701,76.77467039431275,74.28361066268147,71.78318414262364,69.27920032240388,66.7774735805269,64.28382677769794
57.38822237703499,59.45713895073948,61.46677266118968,63.43687024492215,65.38721055928987,67.33758996314447,69.3078146174808,71.31769631704114,73.38705017534079,75.51587273650728,77.6248792286396,79.61496471540858,81.38702475565412,82.88373793679068,84.21491358707163,85.53214391839754,86.9870212867154,88.66500483668291,90.3870205708333,91.933448783409,93.18702028442746,94.04832268241825,94.38702020806325,94.09538201201853,93.18702028442746,91.72106617927119,89.81738363044718,87.61101980510745,85.23702194105034,82.80889671787511,80.3539883829124,77.87810092164193,75.38703902761151,72.88660865112735,70.38261795958243,67.88087900183115,65.38721055928987
59.13785331749099,61.24892646784565,63.322347782422966,65.37654645294025,67.42870727115181,69.49344064225181,71.5817140451168,73.70043837343621,75.85314941635647,78.0292485055813,80.16918181580571,82.2041493212977,84.06930165633543,85.738377034669,87.30844516194152,88.89441268695805,90.59146736047047,92.43104838994034,94.25647321077659,95.91045455358838,97.39165256746693,98.66599650040274,99.28876052495812,98.80108343041857,97.39165256746693,95.38763840003168,93.00960005676856,90.42970109625767,87.79414829029403,85.20742036475163,82.6630222112391,80.1391464300593,77.62173704679952,75.10006568427909,72.56492964612484,70.00896258255682,67.42870727115181
57.158951191957314,59.22777187765735,61.237347379491496,63.20740888660549,65.15772646280544,67.10809135456233,69.07830667265398,71.08818234698853,73.15753232460477,75.2863524223255,77.3953574164642,79.38544202242096,81.15750155497679,82.65421444237649,83.98538990420042,85.30262009806415,86.75749735594673,88.4354808169746,90.15749648939618,91.70392466396963,92.95749614271179,93.81879852872659,94.15749605027554,93.86585785773848,92.95749614271179,91.49154206428477,89.58785956678874,87.38149583719672,85.00749814799654,82.57937323586961,80.12446545281722,77.64857897375268,75.15751883067904,72.65709157685461,70.15310644922135,67.65137738302256,65.15772646280544
55.35293924921507,57.42143605747785,59.430814934908824,61.40075457208037,63.35099533450261,65.30131120076247,67.27149497830442,69.28135029751635,71.35068716488857,73.47949894024032,75.58849887363027,77.5785805038902,79.35063832128863,80.84735021633983,82.17852504148792,83.49575477095496,84.95063165574723,86.62861481630492,88.35063028018419,89.89705832637235,91.15062972985709,92.01193207541269,92.35062958312368,92.05899140243675,91.15062972985709,89.68467574173113,87.78099341763965,85.57463001151794,83.20063291304761,80.77250905175391,78.3176031332525,75.84171997242936,73.35066574470302,70.85024904029459,68.34628270938167,65.84458705983468,63.35099533450261
54.1623651067825,56.2490719891467,58.285570193818145,60.29132227026123,62.28530313634417,64.28536199356083,66.30763263500356,68.3661960111935,70.47328707584163,72.62368938817093,74.74688145508298,76.75764745990907,78.5729663608351,80.15108424563527,81.59790776573337,83.04915836391172,84.62837070940208,86.39119438263575,88.16828697323344,89.77264887074304,91.15101048225091,92.24626322846369,92.7514262568453,92.34442520282649,91.15101048225091,89.39485529236214,87.24911012879272,84.86124422221593,82.36492571670362,79.8645334958349,77.36948151739576,74.8722532038804,72.3695267688677,69.85971673354521,67.3420163877221,64.8165375938707,62.28530313634417
52.84271465083043,54.909882298608565,56.91845400236835,58.88789325085648,60.83781858492978,62.78793311783312,64.75798736144031,66.76775908161528,68.83704210380242,70.96581969785753,73.07479884578146,75.06486825422596,76.83691902709116,78.33362684633966,79.66479905651171,80.982026878592,82.43690223101379,84.11488415746848,85.83689876481438,87.38332628369307,88.63689737807734,89.49819955745727,89.83689700833241,89.54525887631684,88.63689737807734,87.1709437608398,85.2672621489626,83.06090007141111,80.68690539920871,78.25878585393284,75.80388759356521,73.32801806147052,70.83698812921119,68.33661475286014,65.83272562160684,63.331167212753996,60.83781858492978
52.18615922264823,54.26007275476577,56.27697448101321,58.25662315321874,60.21865615589137,62.18241076541632,64.16674709444077,66.18993044143441,68.26966734983799,70.4044576035794,72.51739824946851,74.51323131866499,76.29737338272949,77.81705626486571,79.1813972739688,80.53785433247958,82.02989379434086,83.73366505707014,85.47261002510822,87.03700637452313,88.32984551597886,89.26686589773414,89.66113241675484,89.33083333934104,88.32984551597886,86.77375805004277,84.79803301273523,82.53948304271279,80.13118505880567,77.68311981208221,75.21723718451102,72.73554322777682,70.24131216240924,67.7383319395427,65.23061799775321,62.72245099545535,60.21865615589137
39.77268376153796,41.81907442216365,43.81497685784473,45.77654230153982,47.72149643873078,49.66843476171903,51.63644418750429,53.64489567265527,55.713328120530065,57.84156567218936,59.95021638826876,61.94009266706787,63.712032117771315,65.20867552722694,66.5398064124732,67.85700409152179,69.31185522725005,70.98981765055333,72.71181872161577,74.25823790710152,75.51180411657484,76.37310366977275,76.71180022243361,76.42016285960322,75.51180411657484,74.04585636072187,72.14218600439479,69.93584492295372,67.56188859409035,65.13383725578194,62.679060015763156,60.20340584756826,57.71275980898743,55.21307097152226,52.71040123150016,50.211009681139515,47.72149643873078
40.763624028224555,42.81471312624148,44.813489092786014,46.77684367066907,48.72292868506506,50.670590074724174,52.63906522103055,54.64781748824066,56.716443755294904,58.8448043808729,60.95352995128793,62.94345024914847,64.71541507363479,66.21207316431475,67.54321346903248,68.86041801883101,70.31527467449675,71.993241543353,73.71524569988819,75.26166678489875,76.5152341078466,77.3765342596611,77.71523101706258,77.42359347890269,76.5152341078466,75.04928501594026,73.14561209400898,70.93926622670196,68.56530115788101,66.13723427266481,63.68242944806596,61.20672619271204,58.71599265921532,56.216147820264496,53.71320023678476,51.213315107145036,48.72292868506506
41.757115959670266,43.81194988159528,45.813012571573,47.77778955062146,49.724773095028524,51.673008771895184,53.641853720434796,55.65084478379893,57.71962491158271,59.84808323132977,61.9568682175275,63.946823454750756,65.71880841894632,67.21547816232881,68.54662594338166,69.86383594654944,71.31869698342251,72.99666738073348,74.718673986218,76.26509657888579,77.51866478560035,78.37996541253774,78.71866233244214,78.427024655123,77.51866478560035,76.05271463326602,74.14903967500834,71.94269000914187,69.56871800336503,67.1406387784146,64.68581205946705,62.210069842186186,59.719266859433475,57.2192981877796,54.71613003467431,52.21585300830003,49.724773095028524
42.752642563137286,44.810458683463224,46.81334014077593,48.77924757327683,50.726944882135285,52.67563661622384,54.64477517759856,56.65395581473216,58.722858078458074,60.851393944630104,62.9602260915959,64.95020906109829,66.7222100105221,68.21888900279114,69.55004271787536,70.86725704941757,72.3221215636762,74.00009476153423,75.7221033107561,77.26852710005434,78.52209600821593,79.38339701225898,79.72209406114214,79.43045627337212,78.52209600821593,77.0561450142182,75.15246843972406,72.94611575892944,70.57213824725751,68.14404922816192,65.68920513137292,63.213431989093664,60.72257388159787,58.22250691488924,55.7191636671198,53.218575502222734,50.726944882135285
43.749790055007196,45.80997943186986,47.81430684255221,49.78111245872948,51.729376661669235,53.678430523171926,55.64780218861726,57.65713331647345,59.72613253002025,61.8547299489331,63.96359952895625,65.95360451014304,67.72561814725904,69.22230448045639,70.55346290542235,71.87068067241808,73.32554794669133,75.00352336735179,76.72553345932221,78.27195819838803,79.525527663289,80.38682896664126,80.72552611789499,80.43388824245997,79.525527663289,78.05957600126192,76.15589814395804,73.94954307020738,71.57556118848501,69.14746439571351,66.69260650594285,64.21680881791136,61.72590695609374,59.225761966894964,56.722279728480686,54.2214445561319,51.729376661669235
44.748227825434334,46.81030483046369,48.815781408419824,50.78330050784393,52.732014893800724,54.681356273444536,56.6509129936734,58.660363582429,60.72943975168964,62.85808602762992,64.96698531925489,66.95700777147982,68.72903147895491,70.22572363870266,71.55688580192819,72.87410629565797,74.32897576056388,76.00695294546799,77.72896426192074,79.2753897548184,80.52895966160409,81.39026120251839,81.72895843502374,81.43732049000897,80.52895966160409,79.06300746936134,77.15932859388946,74.95297162084455,72.57898627059909,70.15088330782062,67.69601447043988,65.22019730007614,62.72926070930623,60.22905379005414,57.72546122340242,55.22442996541534,52.732014893800724
45.74769208048467,47.81126980721366,49.81765943490224,51.785745201226106,53.734817048279155,55.684386692623434,57.65409031611205,59.663635731337905,61.732772984540986,63.86145803995801,65.97038091430457,67.96041723352386,69.73244893393084,71.22914571824734,72.56031084854652,73.87753350649464,75.33240471011155,77.0103832952995,78.73239558362577,80.27882167484069,81.53239193235075,82.39369366181822,82.73239095881307,82.44075295857277,81.53239193235075,80.06643931927525,78.1627596356821,75.95640115516397,73.58241305194252,71.15430519200336,68.69942766542741,66.22359503170216,63.732630875836406,61.23237480042445,58.72869465907968,56.2275077453269,53.734817048279155
46.84797256720577,48.91274300253065,50.919857920790164,52.88839368729944,54.83774934633885,56.78750020319018,58.757320439739956,60.76694112526934,62.836126863445486,64.96484269917943,67.07378429152735,69.06383161712728,70.83586966158059,72.33257011644027,73.66373760171682,74.98096197741133,76.43583456104705,78.1138142576427,79.83582731734626,81.38225388344625,82.63582441932657,83.49712629844886,83.83582364662907,83.54418560255621,82.63582441932657,81.1698714722357,79.26619114723577,77.05983147023386,74.68584118196927,72.25772943513668,69.80284501189698,67.32700010475236,64.83601407000941,62.335718977913785,59.83196932400769,57.330658852020264,54.83774934633885
47.848901851248556,49.914619940325466,51.9223109020891,53.89120398299288,55.840784963582394,57.7906796732789,59.76059247567383,61.77027290736804,63.839497129740764,65.96823739647473,68.07719384555129,70.06724990700954,71.8392929867685,73.33599635495318,74.66716570938252,75.98439144845642,77.4392651274157,79.11724570613725,80.83925937808391,82.38568632110062,83.63925707792365,84.5005590758271,84.83925646463314,84.54761838577039,83.63925707792365,82.17330386572453,80.26962303163938,78.06326240498672,75.68927038244931,73.26115555057825,70.80626565342459,68.33041100477162,65.83940760447129,63.3390815439227,60.83527671503674,58.33386816588454,55.840784963582394
48.850346688134046,50.91681756156597,52.9249659689618,54.89414274441309,56.843902600538,58.793911501677286,60.763897779931,62.77362563476146,64.84288040309946,66.97164006113815,69.08060830215999,71.07067129732908,72.84271837363346,74.33942405413389,75.67059489211454,76.98782171330541,78.44269626162473,80.12067754049079,81.84269169837542,83.38911894055124,84.64268987273667,85.5039919649168,85.84268938596763,85.55105127949207,84.64268987273667,83.1767364501209,81.27305521197437,79.06669383158282,76.69270043255028,74.26458315207688,71.80968891025697,69.33382652970766,66.84280934617826,64.34245870539118,61.83861008231597,59.3371236836409,56.843902600538
49.85220109946259,51.91926985624352,53.92778148952553,55.89718349268412,57.84708534617354,59.797184890801475,61.767229490851406,63.776994987071575,65.84627400041234,67.9750490495963,70.08402664998698,72.07409514848106,73.84614539685865,75.34285291265041,76.67402492812886,77.99125260819784,79.44612784652944,81.12410968110096,82.84612422467501,84.39255170429371,85.64612277566438,86.50742494267195,86.84612238931548,86.55448426092364,85.64612277566438,84.18016918604076,82.27648762719036,80.07012564855549,77.6961311569969,75.2680119330629,72.81311424286787,70.33724572547308,67.84621760207595,65.34584745158718,62.841964067920344,60.34041587649378,57.84708534617354
50.85438082985344,52.92192437792367,54.93072439899086,56.90030520280362,58.85031977464601,60.800491269157746,62.770582161748194,64.78037753498073,66.849675792005,68.97846305731062,71.08744808629758,73.07752095280563,74.84957371886756,76.34628269133428,77.67745564139489,78.99468400315664,80.44955978915183,82.12754206478733,83.8495569144834,85.39598458256066,86.64955576440278,87.51085799080099,87.84955545775745,87.55791731197063,86.64955576440278,85.18360204222492,83.27992022883163,81.07355777537046,78.69956241667265,76.27144165021065,73.81654122303144,71.34066783479689,68.84963102835076,66.3492453927788,63.845334418906134,61.34373718030727,58.85031977464601
51.95681891725193,54.02473946562864,56.03376844023724,58.003491181730354,59.95359522762102,61.903823832636064,63.87395146921544,65.88377055649197,67.95308408749754,70.08188104884712,72.19087197395285,74.18094830736977,75.95300307172425,77.44971320035671,78.78088689219658,80.09811579501877,81.55299201569514,83.23097464140353,84.95298973406888,86.49941755172583,87.75298882124918,88.61429109478577,88.95298857786463,88.66135041827141,87.75298882124918,86.28703499386297,84.3833529784388,82.1769901481076,79.80299410116044,77.37487211039178,74.91996951086224,72.44409225662567,69.95304855839467,67.45265063216378,64.9487177594855,62.447081590713466,59.95359522762102
52.95946215800387,55.02768203144602,57.03689276441507,59.006728176731585,60.95690324416425,62.907177180236815,64.87733398153183,66.887171891063,68.9564975451991,71.08530220236803,73.19429780725024,75.18437689236329,76.9564332427669,78.45314428904997,79.78431856964102,81.10154790190349,82.55642446758671,84.23440737114824,85.95642265665848,87.50285059303694,88.75642193215297,89.61772424310331,89.9564217389785,89.66478356842714,88.75642193215297,87.29046802126278,85.38678584548654,83.18042271603333,80.80642612282203,78.37830316031958,75.92339883659172,73.44751851389842,70.9564693456263,68.45606166420455,65.95211141015257,63.45044434159537,60.95690324416425
54.062268289128625,56.13072579988355,58.14008081838715,60.1100056669281,62.060237107940154,64.01054702482212,65.98072697479246,67.99057982381244,70.05991510018666,72.18872586557184,74.29772518481018,76.2878064539514,78.05986406320511,79.55657583782873,80.8877505857123,82.20498025882192,83.6598570983374,85.33784022243114,87.05985566100254,88.60628369161034,89.8598550859621,90.72115742660773,91.05985493263942,90.76821675339059,89.8598550859621,88.39390110879478,86.490218805747,84.28385543888042,81.90985841209879,79.48173467833018,77.02682898610341,74.55094622796884,72.05989271810465,69.55947729392712,67.05551324409315,64.55382164980192,62.060237107940154
55.16520374427495,57.23384990749804,59.24331946052058,61.213315300519895,63.163591487630455,65.11392996346066,67.08412828694063,69.09399299360166,71.16333590721621,73.29215152072129,75.40115378805554,77.39123679066455,79.16329539906948,80.66000775177795,81.99118287055205,83.3084128141924,84.76328987104873,86.4412731701791,88.1632887302352,89.70971683563286,90.96328827382527,91.8245906380401,92.16328815213299,91.87164996598092,90.96328827382527,89.49733424405373,87.59365183999049,85.38728828468875,83.01329091378201,80.58516656785866,78.13025978945247,75.65437509830339,73.16331814250421,70.66289657286228,68.15892157319772,65.65721051246672,63.163591487630455
56.268241867816755,58.33703778956175,60.34659825815231,62.316650447814055,64.26696215141266,66.21732329510046,68.18753620189278,70.19741032007113,72.2667592954082,74.39557875688465,76.50458336413016,78.49466774259568,80.2667271440283,81.76343995556329,83.09461536871356,84.41184552707433,85.86672275643426,87.54470619449131,89.2667218509699,90.81315001572835,92.06672148871712,92.92802387163881,93.26672139212987,92.97508320049874,92.06672148871712,90.60076741719358,88.69708493295428,86.49072122809143,84.11672358405234,81.68859875226126,79.23369111175316,76.75780488636724,74.26674519552067,71.76631874819832,69.26233505757742,66.76060854610137,64.26696215141266
57.37136149434835,59.44027629523755,61.44990892952262,63.420005846275046,65.37034574026515,67.32072487582478,69.29094935755612,71.30083094572453,73.37018473227978,75.49900724790318,77.60801371234126,79.59809918282616,81.37015921368578,82.86687238939183,84.19804803618874,85.51527836497328,86.97015573124946,88.6481392795727,90.37015501258189,91.91658322445502,93.17015472506164,94.03145712283103,94.37015464840029,94.07851645242044,93.17015472506164,91.70420062039953,89.80051807252443,87.59415424895485,85.22015638813042,82.79203117070571,80.33712284594645,77.86123540283455,75.37017354117506,72.86974322242125,70.36575263373959,67.8640138588595,65.37034574026515
59.12182019016852,61.23295255176265,63.30646295906918,65.36077738184052,67.41307550828607,69.47795936675435,71.56638404915908,73.68524427437475,75.83805711723085,78.01421307812146,80.154183258763,82.18920381375546,84.05446445462073,85.72373433329255,87.29405957339662,88.88029990588441,90.57758636055328,92.41731500832161,94.24283144850025,95.89690579400964,97.37829319978225,98.65295642435129,99.27592305202154,98.78810756158634,97.37829319978225,95.37381480274554,92.99531661468652,90.41501845128207,87.77916493695142,85.19224563809846,82.64773637824895,80.12380007024495,77.606357176867,75.08465866082553,72.54948257286394,69.99344508924511,67.41307550828607
57.126016692498595,59.194833178911935,61.20440613153053,63.174466058670205,65.12478263904579,67.0751468952385,69.0453618044437,71.05523721489942,73.1245870225583,75.25340701239053,77.36241194092342,79.35249650830427,81.12455601862547,82.62126889316072,83.95244434673101,85.26967453457448,86.72455178762047,88.40253524475315,90.12455091447126,91.67097908738037,92.92455056514692,93.7858529506372,94.12455047200677,93.83291227962333,92.92455056514692,91.45859648789053,89.55491399264247,87.34855026724378,84.97455258570159,82.54642768719731,80.09151992831626,77.6156334922682,75.12457342587909,72.62414630881392,70.12016142485614,67.61843279186417,65.12478263904579
55.32001125528561,57.38850139973064,59.39787623134316,61.3678133607786,63.31805254255528,65.26836739997165,67.2385505284681,69.24840542880713,71.3177420263923,73.44655363048315,75.55555345973087,77.54563502875557,79.31769281085874,80.81440468548894,82.14557949753524,83.46280921744568,84.91768609456034,86.59566924893481,88.31768470852259,89.86411275206876,91.11768415400482,91.97898649872785,92.31768400615408,92.026045825711,91.11768415400482,89.65173016773716,87.74804784721408,85.54168444774888,83.16768736143486,80.73956352176569,78.28465764163386,75.80877454909498,73.31772044309713,70.81730395577861,68.3133380116704,65.81164304977742,63.31805254255528
54.130556573432074,56.21735118271965,58.25398326140427,60.259912722125904,62.254109232470896,64.25441120833497,66.27693370820388,68.33572999663814,70.44299983336086,72.59350367085884,74.71676220321496,76.7276247441475,78.54314411859346,80.12163387341411,81.56897380148011,83.02080582398845,84.60054169875627,86.36371406108952,88.14102938116355,89.74562252123462,91.12447183792437,92.22060185451461,92.72636083821025,92.31894922363283,91.12447183792437,89.36716041269774,87.22038966248368,84.83171620326381,82.33483402180167,79.83410121322376,77.3388575755577,74.8415266624686,72.33874396174261,69.82888861145602,67.31112187780771,64.78552763353645,62.254109232470896
52.809813349757476,54.876964227829404,56.88552574513153,58.854958677797725,60.80488003020868,62.75499202152139,64.72504462985589,66.73481529462698,68.80409763702964,70.93287479954842,73.04185368505571,75.03192293919909,76.80397362312648,78.30068139091757,79.63185356807529,80.94908136607461,82.40395669915,84.081938610024,85.80395320655605,87.35038071877737,88.60395180925921,89.46525398654117,89.80395143669878,89.51231330529765,88.60395180925921,87.13799819670422,85.23431659381882,83.02795453304071,80.6539598914702,78.22584040068455,75.77094223700155,73.29507287697042,70.80404325144153,68.30367042210321,65.79978226547476,63.2982255892053,60.80488003020868
52.15351111070295,54.2274485411328,56.24438701063694,58.22408488427463,60.18617850748886,62.1500025461598,64.13441204323958,66.1576642088471,68.23745470939852,70.37227570156573,72.48523659144006,74.4810992349025,76.26530337192722,77.78510380265482,79.14961344417007,80.50626829321092,81.9984934867496,83.70239269757693,85.44142124730668,87.00590595081016,88.29893690922012,89.23632227930482,89.63085262233574,89.30037035459505,88.29893690922012,86.74240654860554,84.76632080902104,82.50750577338282,80.09903182220359,77.65086363993956,75.1849241666375,72.70320009143074,70.2089526004108,67.70595919545276,65.19822601630038,62.69002576976895,60.18617850748886
39.75698321384775,41.80329041983761,43.79914176995372,45.760675389080376,47.70560940369171,49.652534857795715,51.62053599369757,53.62898212440946,55.69741112176882,57.82564648229186,59.934295865677456,61.92417136075781,63.69611035970077,65.19275350776739,66.523884225306,67.84108178202507,69.29593281947412,70.9738951636268,72.69589617975411,74.2423153314198,75.49588152106833,76.35718106360818,76.69587761262375,76.404240252915,75.49588152106833,74.02993378900307,72.12626347835518,69.91992248212381,67.54596630887029,65.1179152473647,62.66313849846942,60.18748520422801,57.6968407233919,55.19715466327162,52.69448986953499,50.195107105284876,47.70560940369171
40.74787816872781,42.79890071804306,44.79763601884024,46.76096529057975,48.707034314751084,50.654685482641,52.62315404608913,54.63190206218013,56.70052559003456,58.82888447630103,60.93760898887959,62.92752866467407,64.69949313058741,66.19615101379867,67.52729118540486,68.84449563810935,70.2993522157702,71.97731902180428,73.69932313473726,75.2457441929048,76.49931150011764,77.36061164347282,77.69930839798101,77.4076708622988,76.49931150011764,75.03336242709166,73.12968954141608,70.9233437417403,68.54937879642792,66.1213121309132,63.66650769612832,61.190805134460035,58.70007283743553,56.20023020314804,53.69728654643504,51.197408393171244,48.707034314751084
41.74133394956914,43.79611485475791,45.79714519297556,47.761902056862056,49.7088728978796,51.657100456848625,53.625940178569735,55.634927867000386,57.70370582034971,59.832162759474784,61.94094690601884,63.93090164949024,65.7028863290797,67.19955590779156,68.53070358319252,69.84791350929609,71.30277448425628,72.98074483170501,74.70275140258231,76.24917397394475,77.50274216817041,78.36404278839365,78.70273970600164,78.411102030649,77.50274216817041,76.03679203082143,74.13311710133999,71.92676748915268,69.55279558140526,67.12471653083381,64.6698901212875,62.19414845460311,59.70334645329538,57.20337953166239,54.70021449579943,52.19994300836558,49.7088728978796
42.73683174190636,44.794605658085935,46.7974613901799,48.76335283854217,50.711040057182394,52.65972534501837,54.628859756603646,56.63803771453526,58.7069382522034,60.83547302249343,62.944304502995195,64.9342870805954,66.70628780412304,68.20296666569128,69.53412029691876,70.85133456729466,72.30619903241275,73.98417219069498,75.70618071244905,77.2526044848372,78.50617338308629,79.36747438180032,79.70617142886081,79.4145336426516,78.50617338308629,77.04022240098249,75.13654584932809,72.93019321113876,70.55621577727322,68.12812689658344,65.67328304536994,63.19751034011064,60.70665301162373,58.20658743402002,55.703246660763796,53.202662893253006,50.711040057182394
43.73395629137883,45.79411209189088,47.798419054385164,49.76521197212891,51.71346816170788,53.662516904879396,55.631885275840034,57.64121427688738,59.71021212033017,61.83880866938949,63.94767772042063,65.93768239054741,67.70969584836689,69.20638207782591,70.53754043623428,71.85475815468197,73.30962538995225,74.98760077920127,76.70961084937045,78.25603557501466,79.50960503204811,80.37090633117073,80.70960348097782,80.41796560678165,79.50960503204811,78.04365337946126,76.13997554028532,73.93362050035059,71.5596386803834,69.13154199746543,66.6766843026104,64.20088696144896,61.709985717953444,59.20984183135883,56.7063615571915,54.205529875760305,51.71346816170788
44.73237580496365,46.7944261105631,48.79988643980152,50.767395453020214,52.71610347577408,54.66544079177481,56.6349948966687,58.64444379717034,60.71351887889611,62.84216446440081,64.95106333615244,66.94108554148447,68.71310910665018,70.20980118406013,71.54096329445855,72.85818374965558,74.3130531836047,75.99103034357752,77.71304164272655,79.25946712497151,80.51303702551273,81.37433856306993,81.71303579442707,81.42139785039558,80.51303702551273,79.04708484076266,77.14340597967896,74.93704903347381,72.56306373224362,70.13496085665639,67.68009217398173,65.20427527893338,62.71333917894013,60.21313313487019,57.709542127383756,55.2085136405871,52.71610347577408
45.73182553955205,47.79538204343737,49.80175876253428,51.76983651873239,53.71890331342044,55.66846973167959,57.63817127905995,59.647715354188776,61.71685174416285,63.845536251560375,65.95445879264565,67.94449491590314,69.71652650335804,71.21322322232257,72.54438831069265,73.86161093805724,75.31648211710365,76.99446068250359,78.71647295709587,80.26289903985571,81.51646929240954,82.37777101921247,82.716468315296,82.42483031583612,81.51646929240954,80.050516685281,78.14683701310773,75.94047855389238,73.56649048957448,71.13838269883934,68.6835052950546,66.20767287985012,63.71670911352294,61.2164537327716,58.71277482902627,56.211590115050626,53.71890331342044
46.832094482425305,48.8968480532888,50.903952718438426,52.87248212434396,54.821833772128954,56.771582067949964,58.74140065649267,60.75102027830512,62.82020533130316,64.9489207320609,67.05786205989435,69.04790922995755,70.81994718476008,72.31664758774961,73.64781503974689,74.96503939116715,76.41991195530123,78.0978916361911,79.81990468499401,81.36633124438316,82.61990177632973,83.48120365333719,83.81990100079406,83.52826295734062,82.61990177632973,81.15394883395896,79.25026851802303,77.04390885792915,74.66991860054239,72.24180690863724,69.78692258285753,67.31107784915474,64.82009212359435,62.31979758286896,59.816048911302346,57.31474018545674,54.821833772128954
47.83301459214597,49.89871928334765,51.90640210244909,53.87529013307076,55.82486792917581,57.774760605875656,59.74467210012128,61.75435168749158,63.82357536601744,65.95231528750246,68.06127152663075,70.05132746463829,71.82337047324097,73.32007380025613,74.6512431282716,75.968468848079,77.42334251155978,79.10132307781565,80.82333674111042,82.36976367880077,83.62333443250154,84.48463642872645,84.82333381695841,84.53169573858727,83.62333443250154,82.15738122404878,80.25370039715774,78.047339783925,75.67334778589537,73.24523299762038,70.7903431778211,68.31448866683013,65.82348551193166,63.32315988901708,60.81935583984986,58.31794867672323,55.82486792917581
48.83445213981701,50.900912371436334,52.90905431299373,54.878227078856355,56.827984406981784,58.777991694338056,60.74797693423403,62.75770411889192,64.82695845556538,66.9557178395747,69.06468591395856,71.05474881114412,72.82679583097143,74.32350147879548,75.65467229581138,76.97189910171039,78.42677363774442,80.10475490671644,81.82676905773405,83.37319629568235,84.62676722538964,85.48806931623751,85.82676673683267,85.53512863074732,84.62676722538964,83.16081380574738,81.2571325733108,79.05077120357066,76.67677782399,74.24866057811884,71.7937663976954,69.31790412640919,66.82688713765761,64.32653684422787,61.822688840038126,59.32120354152278,56.827984406981784
49.83630076092925,51.903361066308605,53.91186756575814,55.881266385762274,57.83116623247949,59.7812644961257,61.75130827198083,63.761073236264366,65.83035190698455,67.959126738668,70.06810420679687,72.0581726275209,73.83022283107246,75.32693032092891,76.65810231976761,77.97532998769938,79.43020521628014,81.10818704299876,82.83020158112245,84.37662905738574,85.63020012678953,86.49150229273971,86.83019973902157,86.53856161093942,85.63020012678953,84.16424653952598,82.2605649852076,80.05420301502673,77.68020853890712,75.25208934243702,72.79719170097253,70.32132327030035,67.83029530149989,65.32992542671326,62.82604253427017,60.32449521608535,57.83116623247949
50.83847589261854,52.90601272966131,54.91480867480976,56.884386951683695,58.83439993056234,60.78457040828178,62.75466064667705,64.7644555976984,66.8337535827794,68.96254067545273,71.07152559946266,73.0615984042443,74.83365113472769,76.33036008660949,77.66153302346308,78.97876137559155,80.43363715384749,82.11161942325012,83.83363426862024,85.38006193403432,86.6336331143153,87.49493533987425,87.83363280654365,87.54199466100263,86.6336331143153,85.16767939401063,83.2639975842144,81.0576351374632,78.68363979101929,76.25551904635546,73.80061865785376,71.3247453384513,68.8337086547095,66.33332323796526,63.829412653986,61.32781610850756,58.83439993056234
51.940910328131224,54.008825547979015,56.01785128677683,57.987572022342704,59.93767480377902,61.88790260171733,63.85802971904192,65.86784847120116,67.93716178636194,70.06595861069192,72.17494945247682,74.16502573690131,75.93708047301705,77.4337905853112,78.76496426666863,80.08219316184487,81.53706937637857,83.21505199713994,84.93706708637178,86.48349490191495,87.73706617019926,88.59836844306972,88.93706592592073,88.6454277665226,87.73706617019926,86.27111234429978,84.36743033173057,82.1610675067251,79.7870714695039,77.35894949603644,74.90404692720539,72.42816972760099,69.93712612676107,67.4367283742156,64.93279581100148,62.43116019237712,59.93767480377902
52.94355066918554,55.01176631212169,57.02097447635215,58.99080829637758,60.94098236013771,62.891255655602706,64.8614120447525,66.8712496882958,68.94057517111375,71.06937971952932,73.17837525827947,75.16845430450708,76.94051063249752,78.43722166581286,79.768395938084,81.08562526427787,82.54050182508566,84.21848472472071,85.94050000750578,87.48692794220653,88.74049928033912,89.60180159076074,89.9404990864551,89.64886091605861,88.74049928033912,87.27454537062896,85.37086319711874,83.16450007189253,80.79050348640074,78.36238053763029,75.90747623826783,73.43159595893626,70.94054686796383,68.44013932439739,65.93618931597081,63.43452268407721,60.94098236013771
54.04635449806618,56.11480865027865,58.124161629674504,60.09408521429623,62.04431585864596,63.99462526705824,65.96480488990086,67.97465752780296,70.04399266820056,72.17280334726763,74.28180261401675,76.27188385229451,78.0439414437588,79.54065320808995,80.87182794936999,82.18905761766297,83.64393445330879,85.32191757428613,87.04393301069453,88.59036103997073,89.84393243354194,90.70523477376796,91.0439322796561,90.75229410053015,89.84393243354194,88.3779784573112,86.47429615606197,84.26793279255037,81.89393577189574,79.46581204902621,77.01090637613828,74.53502365242001,72.04397020390884,69.54355488914784,67.0395910342691,64.53789978656498,62.04431585864596
55.14928812544585,57.21793162249568,59.227399556889196,61.197394393641474,63.14766994841118,65.09800802065669,67.06820608449028,69.07807062358492,71.14741342927394,73.27622897426798,75.38523119994139,77.37531417805403,79.14737277233948,80.64408511687878,81.97526023041165,83.292490170229,84.74736722401401,86.42535052067088,88.14736607901023,89.693794183351,90.9473656209239,91.80866798480565,92.14736549878461,91.85572731273011,90.9473656209239,89.48141159189572,87.57772918925995,85.37136563662105,82.99736827057731,80.5692439333046,78.11433717024767,75.63845250641486,73.14739559931175,70.64697411651423,68.14299927158712,65.6412884859469,63.14766994841118
56.25232479798942,58.32111860327855,60.33067778704387,62.300729180381495,64.2510403820722,66.20140120542703,68.17161390613481,70.18148789131432,72.25083678099037,74.37965618808933,76.48866076226854,78.47874512129123,80.2508045115172,81.74751731656832,83.07869272555862,84.39592288088508,85.85080010780732,87.52878354390114,89.25079919901714,90.79722736293674,92.05079883543377,92.91210121809112,93.25079873849175,92.95916054693805,92.05079883543377,90.58484476450022,88.68116228139394,86.4747985786446,84.10080093846528,81.6726761135402,79.21776848521486,76.7418822815099,74.25082262931352,71.75039625091986,69.24641268311504,66.74468638998148,64.2510403820722
57.35544327267459,59.42435639353461,61.43398800797851,63.40408429265884,65.35442378827264,67.30480266957906,69.275026987739,71.28490847034539,73.35426218891108,75.48308466137496,77.59209109956822,79.58217655462133,81.35423657658623,82.85094974714605,84.18212539064116,85.49935571701738,86.95423308135875,88.63221662812377,90.35423236005147,91.90066057125878,93.15423207147515,94.01553446903469,94.35423199453223,94.0625937986138,93.15423207147515,91.68827796728131,89.7845954203055,87.5782315984134,85.20423374065246,82.77610852867731,80.3212002135875,77.84531278768384,75.35425095670104,72.8538206926562,70.34983020145425,67.84809159987444,65.35442378827264
59.10672180842742,61.2179127888419,63.29151139449206,65.34594040212419,67.39837444413259,69.46340725380578,71.55198166114988,73.67097637789104,75.82388996243877,78.00010220174985,80.1401088674188,82.17518191632811,84.0405497247809,85.7100120463425,87.28059165319519,88.8671018466921,90.5646175526681,92.40449219482306,94.23009924149892,95.88426555767964,97.36584024160463,98.64081915752523,99.26398607985516,98.77603377241519,97.36584024160463,95.36090276719233,92.98194974166239,90.4012566446602,87.76510559021042,85.17799691300242,82.63337769741669,80.1093814870403,77.59190542855168,75.07018003817818,72.53496431158592,69.97885712912935,67.39837444413259
57.09803046808146,59.166843361017484,61.17641413217953,63.146472707276445,65.09678843548767,67.04715214780401,69.01736670710953,71.02724189175402,73.09659155397384,75.22541145148173,77.33441632387323,79.32450085824325,81.09656034953733,82.59327321306401,83.92444865957134,85.24167884226304,86.69655609117015,88.37453954496956,90.09655521237423,91.6429833838591,92.89655486079079,93.75785724583226,94.0965547670483,93.80491657479632,92.89655486079079,91.43060078453614,89.52691829121173,87.32055456940145,84.94655689441257,82.51843200756565,80.06352426936897,77.58763787013177,75.09657786936455,72.5961508693295,70.09216619389417,67.5904379316138,65.09678843548767
55.29203059786592,57.3605150398606,59.369886409323826,61.339821392798186,63.29005922195776,65.2403732160688,67.21055578915238,69.2204103310459,71.289746697764,73.4185581553003,75.52755789542957,77.51763941205297,79.28969716395258,80.78640902110776,82.1175838219423,83.43481353367483,84.88969040421946,86.56767355330271,88.28968900921811,89.83611705050347,91.08968845111423,91.95099079512477,92.28968830230733,91.99805012207294,91.08968845111423,89.62373446643674,87.72005214896726,85.51368875519833,83.13969167928693,80.71156785812275,78.25666201082524,75.78077897671976,73.28972497488968,70.78930867334329,68.28534306023869,65.78364868679733,63.29005922195776
54.10350116734092,56.19036830523592,58.227111059672794,60.23318715716837,62.22756191761346,64.22806483433392,66.25079547693936,68.30978423084434,70.41720178188473,72.56778950181936,74.6911029475193,76.7020452432599,78.51773023168502,80.09652715656932,81.54429356550799,82.99660565253185,84.5767736892428,86.34023383402803,88.1177329566313,89.72251690626211,91.10176859158886,92.19862217004763,92.7048725382902,92.29712241635731,91.10176859158886,89.34350311006679,87.19588571895093,84.8065453530532,82.30919753305292,79.80818332003304,77.31278130967084,74.81536561080452,72.31253641191664,69.80264361240171,67.2848220131859,64.75913235239827,62.22756191761346
52.78185553413962,54.84899206194919,56.85754486239131,58.82697239039848,60.77689033556099,62.72700015194221,64.6970513609132,66.7068211225355,68.7761028832208,70.90487967645748,73.01385833740483,75.00392745950685,76.77597806732672,78.27268579108372,79.60385793998978,80.92108571738206,82.37596103390206,84.05394293144303,85.77595751872126,87.32238502524565,88.57595611238801,89.43725828787467,89.77595573741822,89.4843176065429,88.57595611238801,87.11000250384001,85.20632090864925,82.99995886222474,80.62596424686717,78.19784480271088,75.74294672176467,73.26707750897492,70.776048145927,68.27567578468827,65.7717884620832,63.27023326845,60.77689033556099
52.12576144403813,54.19971863974412,56.21668749764312,58.19642606243487,60.158569819612836,62.12245127550541,64.10692128003325,66.13023035455176,68.21006517148903,70.34491158140553,72.45788921094722,74.45377630899128,76.23803177236195,77.75792939696782,79.12257846211614,80.4793968298357,81.9717755602953,83.67578053370136,85.41487816942899,86.97943590100309,88.27262539420227,89.21031238816443,89.60506072474169,89.27442709233965,88.27262539420227,86.71572896624936,84.73934504372266,82.48031085657732,80.07169140531131,77.62343810489709,75.15745162386536,72.67570264218107,70.18144156783136,67.67843726176527,65.17068817390818,62.66246043511923,60.158569819612836
39.74055605433155,41.78677561815566,43.78257331766639,45.744073513637616,47.68898639462843,49.63589833315744,51.603890762546875,53.61233126970069,55.68075664311105,57.808989702361515,59.917637686064936,61.90751235803219,63.6794508825064,65.17609375604495,66.50722429744587,67.82442172568635,69.27927265991596,70.95723492093946,72.6792358793702,74.22565499551587,75.47922116434302,76.34052069568908,76.67921724087608,76.38757988444593,75.47922116434302,74.01327345726122,72.10960319458866,69.9032622878502,67.52930627802849,65.10125550723967,62.646479274154814,60.17082689779703,57.68018405300624,55.18050090983213,52.67784131099302,50.178467774434345,47.68898639462843
40.73140342420852,42.782356084370576,44.78104867709831,46.74435137135098,48.6904036018087,50.63804403423171,52.60650568397094,54.615249235272614,56.683869886244494,58.812226945773034,60.920950347342256,62.91086936980187,64.68283345911814,66.17949112443196,67.51063115623558,68.82783550696546,70.28269200270034,71.96065874275439,73.6826628098934,75.22908383986861,76.4826511305555,77.34395126502616,77.68264801649563,77.3910104834156,76.4826511305555,75.01670207735893,73.11302922976152,70.90668350111662,68.53271868552113,66.1046522507515,63.64984822537514,61.174146392261406,58.68341539386118,56.183575075053966,53.68063554247989,51.18076471622871,48.6904036018087
41.72482124011686,43.77954646659052,45.78054282797642,47.7452785660281,49.692236065279474,51.64045509836461,53.60928933056243,55.61827347442508,57.687049144043215,59.815504633148905,61.924287897833295,63.91424212273387,65.68622650341109,67.1828959091749,68.51404347361321,69.83125331877879,71.2861142287139,72.96408452379404,74.68609105832456,76.23251360731066,77.48608178841965,78.34738240159123,78.68607931678739,78.39444164350013,77.48608178841965,76.02013166680933,74.1164567675506,71.91010721174072,69.53613540695031,67.10805653952326,64.65323045493069,62.177489366519225,59.68668839598965,57.18672331234272,54.683561550407134,52.18329588031109,49.692236065279474
42.7202887748857,44.7780183673522,46.780847081828355,48.746721742865915,50.69439836419988,52.643076881797796,54.61220693501633,56.62138207907904,58.69028080392923,60.81881442325212,62.927645203789325,64.91762736978782,66.68962785606428,68.18630658036184,69.51746012351745,70.83467432965239,72.2895387431598,73.96751185987691,75.68952035278242,77.23594410741043,78.48951299524883,79.3508139883659,79.68951103351213,79.39787324894225,78.48951299524883,77.0235620256368,75.11988549797024,72.91353290452783,70.5395555523797,68.11146681705296,65.65662322375917,63.18085097748724,60.68999446716688,58.189930348492226,55.686592174129515,53.18601302503022,50.69439836419988
43.71738922986259,45.777509767450354,47.78179525434978,49.748574835530555,51.69682260901531,53.645865976603204,55.61523088748818,57.62455765482386,59.693554059293916,61.822149694775845,63.93101819022449,65.92102253365539,67.69303580316576,69.1897219236719,70.52088021217705,71.8380978796364,73.2929650739431,74.97094043020176,76.69295047747377,78.23937518902177,79.49294463779222,80.35424593247254,80.69294308076024,80.40130520786519,79.49294463779222,78.02699299512011,76.12331517498333,73.91696017056432,71.54297841545656,69.11488184791406,66.66002435777243,64.18422738091695,61.693326786824244,59.19318405825703,56.68970584706955,54.188877832022285,51.69682260901531
44.71578956961497,46.777811834449295,48.78325509848827,50.75075351861405,52.69945485835294,54.64878790646301,56.61833926456512,58.62778639195287,60.69686033147819,62.82550519184187,64.93440362261467,66.92442556864336,68.69644898434628,70.19314097527956,71.52430303019545,72.84152344492284,74.29639284635904,75.97436998014734,77.6963812611229,79.24280673217962,80.4963766261625,81.35767816019384,81.69637539034508,81.40473744734624,80.4963766261625,79.03042444928178,77.1267456033095,74.92038868529326,72.54640343554217,70.118300651529,67.66343213133696,65.18761552544315,62.696679940896104,60.19647481600016,57.69288544605105,55.191859869736746,52.69945485835294
45.71522405430127,47.77875826901834,49.785121430832646,51.75319077433342,53.70225226271917,55.651815292740096,57.62151465965772,59.63105732732919,61.70019281068333,63.828876742514524,65.93779893358666,67.92783485103197,69.69986631985712,71.19656297018466,72.527728014518,73.84495060976172,75.29982176300254,76.97780030761977,78.69981256778773,80.24623864166747,81.49980888901594,82.36111061302041,82.6998079081468,82.40816990950654,81.49980888901594,80.03385628813331,78.13017662795403,75.92381819111223,73.54983016765343,71.12172244960095,68.66684517477967,66.19101298908028,63.70004963187236,61.19979498069958,58.69611737676243,56.194934973135275,53.70225226271917
46.8154808733431,48.880216732325735,50.88731062908973,52.855833354709674,54.80518078962561,56.75492639568898,58.7247432533877,60.73436175801483,62.8035460913936,64.93226103531049,67.04120208533325,69.0312490920414,70.80328695268673,72.29998730119877,73.63115471824398,74.9483790441698,76.40325158782193,78.08123125221653,79.80324428957083,81.34967084191186,82.6032413697269,83.46454324451321,83.8032405912104,83.51160254840752,82.6032413697269,81.13728843231354,79.2336081258972,77.02724848356127,74.65325825860444,72.22514662438778,69.77026240096703,67.29441784942442,64.8034324485881,62.30313848694824,59.79939084709926,57.298083955165666,54.80518078962561
47.816391347760174,49.88208196780961,51.88975623501608,53.85863896152276,55.808213413081035,57.75810395459672,59.7280140749385,61.737692775544275,63.80691588288616,65.93565544176784,68.04461146039444,70.03466726874585,71.80671020261545,73.30341348639163,74.63458278666553,75.95180848623795,77.40668213346218,79.08466268662573,80.80667634083375,82.35310327292996,83.60667402335156,84.46797601781353,84.80667340544252,84.51503532758773,83.60667402335156,82.14072081883347,80.23703999949817,78.03067940035993,75.65668742806999,73.22857268558246,70.77368294702596,68.29782858061677,65.80682568345571,63.30650052017337,60.802697289918285,58.30129158248651,55.808213413081035
48.817821239926396,50.88427029492404,52.8924054456719,54.86157400041476,56.81132867347361,58.76133426593013,60.731318415274714,62.741044896073134,64.81029877938386,66.93905787558931,69.04802577495889,71.03808856923553,72.81013552974693,74.30684114325206,75.6380119382494,76.95523872808786,78.41011325121906,80.08809450979967,81.81010865360513,83.35653588711335,84.61010681421797,85.47140890366661,85.8101063237832,85.51846821810767,84.61010681421797,83.14415339769866,81.24047217125909,79.03411081270573,76.6601174535547,74.23200024402522,71.77710612808441,69.30124397155359,66.81022718737063,64.30987725875869,61.80602990456342,59.30454576150815,56.81132867347361
49.819663779839345,51.886715209068484,53.895216316653205,55.86461179350732,57.814509532582946,59.76460645085848,61.73464936108995,63.74441376669843,65.81369207757575,67.94246668082576,70.0514440100444,72.04151234908915,73.81356250556144,75.31026996817887,76.64144194954142,77.95866960472591,79.41354482306566,81.09152664153662,82.81354117393599,84.35996864667521,85.61353971401324,86.47484187885286,86.81353932475487,86.52190119699799,85.61353971401324,84.14758612922839,82.24390457966982,80.03754261836795,77.66354815846336,75.23542899083766,72.78053140055326,70.30466306096295,67.81363525453018,65.31326566930429,62.80938329277697,60.30783689172824,57.814509532582946
50.82183408171096,52.889363870432504,54.898155534797155,56.86773115771837,58.81774246356301,60.767911873380484,62.73800142469679,64.74779593228396,66.81709363175202,68.94588054311546,71.05486535687149,73.04493809682396,74.81699078994039,76.31369972020254,77.64487264318527,78.9621009851962,80.41697675532383,82.09495901818029,83.81697385900702,85.36340152162403,86.61697270026544,87.47827492494292,87.81697239131084,87.52533424602801,86.61697270026544,85.15101898192812,83.24733717590973,81.04097473620581,78.6669794026318,76.2388586808618,73.78395833298185,71.3080850858714,68.81704853100186,66.31666334408507,63.812753169597755,61.311157352080215,58.81774246356301
51.92426468179817,53.99217430529934,56.001196645644086,57.97091527445575,59.92101672787952,61.87124367817272,63.84137025014155,65.85118865033834,67.92050173880459,70.04929841922747,72.15828917350333,74.1483654064726,75.92042011293012,77.4171302080647,78.74830387841283,80.06553276555877,81.52040897364104,83.1983915892067,84.92040667483244,86.46683448815558,87.72040575513854,88.58170802730938,88.9204055099211,88.62876735072791,87.72040575513854,86.25445193080054,84.35076992122985,82.14440710181778,79.77041107481142,77.34228911951485,74.88738658292534,72.41150944069935,69.92046594214601,67.42006837201656,64.91613613382229,62.41450109299943,59.92101672787952
52.9269019774146,54.99511317720999,57.00431864358693,58.97415079128477,60.924323800922124,62.874596423578765,64.8447523798663,66.8545897440515,68.92391504693967,71.05271948113528,73.16171495042911,75.15179395581661,76.92385026026727,78.42056127996302,79.75173554349607,81.06896486331624,82.52384141900353,84.20182431451478,85.92383959443767,87.4702675273764,88.72383886447611,89.58514117434245,89.92383866984689,89.63220049961302,88.72383886447611,87.25788495600528,85.35420278487496,83.14783966408827,80.773843086704,78.34572015235581,75.89081587858352,73.41493564479333,70.92388663500617,68.42347923622461,65.91952948577013,63.4178633124896,60.924323800922124
54.029703388336245,56.09815401319523,58.10750485098855,60.07742710815971,62.02765691580218,63.977965790185976,65.94814506945735,67.95799748562938,70.02733248321526,72.15614307162537,74.26514228324675,76.25522348910964,78.02728106189036,79.52399281541163,80.85516754975622,82.1723972129904,83.6272740445721,85.30525716227635,87.02727259641306,88.57370062429072,89.82727201704213,90.68857435682742,91.02727186256482,90.73563368356795,89.82727201704213,88.36131804179504,86.45763574243476,84.25127238244681,81.87727536822709,79.44915165680455,76.99424600422758,74.5183633166556,72.02730993258145,69.52689473273702,67.0229310826132,64.5212401989179,62.02765691580218
55.13263509608058,57.20127579294487,59.210742027348985,61.180735810425375,63.13101070106893,65.08134834944306,67.05154614057878,69.06141050368402,71.13075319602244,73.25956866906165,75.36857085098003,77.35865380336492,79.1307123828212,80.62742471878069,81.95859982680889,83.2758297626111,84.73070681317037,86.40869010722939,88.13070566376567,89.67713376699646,90.93070520391865,91.79200756745061,92.13070508130994,91.83906689535787,90.93070520391865,89.46475117567121,87.56106877453473,85.35470522469252,82.98070786375621,80.55258353556896,78.09767678863287,75.62179215348945,73.13073529753015,70.63031390594244,68.12633922353089,65.62462872680932,63.13101070106893
56.235670244693466,58.30446182714415,60.31401966150203,62.28407021848763,64.23438089304145,66.18474137996134,68.15495386422535,70.16482770972064,72.23417650942974,74.36299585941794,76.47200039886866,78.46208473747119,80.23414411592724,81.73085691416856,83.06203231878979,84.37926247092943,85.8341396952914,87.51212312932327,89.2341387830082,90.7805669460468,92.0341384180274,92.8954408004071,93.23413832071276,92.94250012924039,92.0341384180274,90.56818434771353,88.66450186579718,86.4581381652676,84.08414052914203,81.6560157114281,79.20110809589788,76.72522191496373,74.2341623033603,71.73373599736024,69.22975255854503,66.72802649472928,64.23438089304145
57.33878750963552,59.40769886601974,61.417329409359525,63.38742503019597,65.33776410740857,67.28814272168137,69.25836686804773,71.26824823978583,73.33760188694438,75.46642431407923,77.57543072470847,79.5655161635541,81.33757617617715,82.83428934133201,84.1654649813594,85.48269530520625,86.93757266751552,88.615556212644,90.33757194343585,91.88400015394392,93.13757165375036,93.99887405108954,94.33757157651169,94.04593338065783,93.13757165375036,91.67161755004838,89.767935004017,87.56157118388674,85.18757332934328,82.7594481230916,80.30453981815732,77.82865241032684,75.33759061156277,72.83716040497691,70.3331700161547,67.8314315965864,65.33776410740857
59.09084661880297,61.202093430333136,63.27577603715211,65.33031417181677,67.38287764826221,69.44805229732872,71.53676927128711,73.65589204135563,75.80890153995287,77.98516735887574,80.12520875922331,82.1603317826839,84.02580161171844,85.69544712125855,87.26626883761287,88.85303585799045,90.5507697181032,92.39078327590782,94.21647653131845,95.87073035060587,97.35248320428707,98.62776242376856,99.25111985568205,98.76303741706947,97.35248320428707,95.34710895335833,92.96772309638584,90.38665410176651,87.75021980469589,85.16293082947729,82.61820692328851,80.09415367673446,77.5766460393512,75.0548950596419,72.51964158917595,69.96346803790865,67.38287764826221
57.06526640323693,59.13407505967936,61.143643259031606,63.113700240147736,65.0640149637055,67.01437803482223,68.98459218161562,70.99446710004128,73.0638165907966,75.19263637945927,77.30164118566319,79.29172568111522,81.06378514997746,82.56049800052563,83.89167343870612,85.20890361532416,86.66378085935177,88.34176430922149,90.0637799738987,91.61020814370447,92.86377961965188,93.72508200416422,94.0637795251993,93.7721413331023,92.86377961965188,91.39782554457825,89.49414305352173,87.28777933594199,84.91378166867901,82.48565679557551,80.03074908176453,77.55486272592532,75.06380280252264,72.56337594045962,70.0593915108606,67.55766368562847,65.0640149637055
55.25927309616148,57.3277508153254,59.337118103122705,61.30705055663438,63.25728679113607,65.20759976745913,67.17778168574222,69.18763580504857,71.25697189958731,73.38578318434399,75.4947828194075,77.48486427425269,79.25692199054403,80.7536338270971,82.08480861471364,83.40203831680486,84.85691517960377,86.53489832244898,88.25691377403486,89.80334181265478,91.05691321170313,91.91821555487371,92.25691306176897,91.9652748817806,91.05691321170313,89.5909592289004,87.68727691503096,85.48091352797758,83.1069164643303,80.67879266498238,78.2238868563947,75.74800389117905,73.25695001215693,70.75653392962553,68.25256870675562,65.75087502706572,63.25728679113607
54.0718544814755,56.15880864658794,58.195684194913895,60.2019362225312,62.196524824162694,64.19726878032787,66.22024907556049,68.27946865489503,70.38706334567902,72.53775165195006,74.6611309438294,76.67216886970267,78.48805242550432,80.06721759619833,81.51549518981739,82.96838255545237,84.54906834785046,86.31287321030605,88.09059247287718,89.6956049331244,91.07533841668072,92.17305814503123,92.67989655131453,92.27174135456396,91.07533841668072,89.31593038387845,87.1672986170865,84.77715891217515,82.27925282850177,79.77790117006201,77.2823092263371,74.78479183923992,72.28190687070337,69.77196915382788,67.25408174620439,64.72827763388997,62.196524824162694
52.7491249612919,54.81624457120073,56.82478709504845,58.79420825130194,60.744122179523515,62.69422943178775,64.66427899098956,66.6740476878507,68.74332876272402,70.87210512059782,72.98108351680153,74.97115248323416,76.74320300132752,78.23991067317078,79.5710827887697,80.88831054186744,82.34318583886953,84.02116772069164,85.7431822970601,87.28960979686812,88.54318088007345,89.4044830534435,89.74318050226313,89.45154237200775,88.54318088007345,87.07722727624949,85.17354569013025,82.96718366062785,80.59318907617384,78.16506968699099,75.71017170358684,73.23430266438646,70.74327361078893,68.2429018014134,65.73901546207473,63.23746201638497,60.744122179523515
52.093281551742976,54.16726247250216,56.184267806346156,58.16405521286113,60.12625914461276,62.09020951511819,64.07475214111189,66.09812951607523,68.17801751890569,70.31289443315575,72.42589215208224,74.421808597924,76.2061256565546,77.72613991632859,79.0909562834162,80.44797085096579,81.9405337897325,83.64466564510367,85.38384615871821,86.94849149406946,88.24187115293853,89.17991990865617,89.57492966801446,89.24411451875643,88.24187115293853,86.68453559676864,84.70779391882763,82.44849676254341,80.03970270345891,77.59134725078457,75.12530435280146,72.64352547873276,70.1492481017134,67.64623071209063,65.13846253040809,62.630201794706764,60.12625914461276
39.72437414955492,41.77050705323061,43.766251701566674,45.7277188471558,47.67261082997135,49.619509403393536,51.587493223155874,53.595928169311875,55.66434995908088,57.79258074265175,59.90122734223803,61.89110120024512,63.6630392555265,65.15968185758956,66.49081222481132,67.80800952600178,69.26286035815968,70.94082253697832,72.66282343835402,74.20924251937461,75.46280866761191,76.32410818788864,76.66280472928969,76.37116737610164,75.46280866761191,73.99686098523577,72.09319077000512,69.88684995176445,67.51289410355736,65.08484362025271,62.63006789724277,60.15441642856187,57.663775201622954,55.16409494295442,52.661440481228624,50.16207606968923,47.67261082997135
40.71517446804318,42.76605802092453,44.76470838228302,46.72798479528525,48.674020419049526,50.62165023549235,52.590105048445196,54.598844184621726,56.667461990707324,58.79581724381272,60.90453954672715,62.89445792311679,64.66642164002353,66.1630790898628,67.49421898341836,68.81142323330752,70.26627964802742,71.94424632283503,73.66625034468927,75.21267134678561,76.4662386211303,77.32753874681521,77.66623549527975,77.37459796477299,76.4662386211303,75.00028958754268,73.09661677760002,70.8902711191962,68.51630643187528,66.088240225285,63.633436604764796,61.15773549210431,58.667005777887525,56.167167748810286,53.664232294504814,51.164368713753305,48.674020419049526
41.70855474401888,43.76322491389513,45.76418767739453,47.72890252496531,49.675846830981286,51.62405743305701,53.592886236800524,55.60186687551999,57.670640286804925,59.799094342016105,61.90787673464705,63.89783044674303,65.66981453183175,67.1664837665706,68.49763122128007,69.81484098640765,71.26970183204071,72.94767207533454,74.66967857392237,76.21610110078097,77.46966926891915,78.33096987511743,78.66966678792858,78.37802911668373,77.46966926891915,76.00371916287244,74.1000442935004,71.8936947934411,69.51972309046286,67.09164440414384,64.63681864089173,62.161078124323055,59.67027817310948,57.170314907009185,54.6671563825893,52.166896465120345,49.675846830981286
42.703992359471854,44.761678122976235,46.76448012097468,48.73033818163364,50.67800432360877,52.6266761462944,54.59580188962646,56.60497425111572,58.67387118330801,60.80240366446269,62.91123375281873,64.9012155117923,66.67321576345572,68.16989435200895,69.50104780807195,70.81826195068025,72.27312631315084,73.95109938876494,75.67310785314271,77.21953159020808,78.4731004677515,79.33440145533393,79.67309849858714,79.3814607156383,78.4731004677515,77.00714951049235,75.10347300654689,72.89712045735388,70.52314318601455,68.0950545944345,65.64021125619257,63.164439463804314,60.67358376255274,58.17352108658345,55.67018548221154,53.16961090015407,50.67800432360877
43.701068989011546,45.76115465697504,47.765418907528726,49.73218530061756,51.68042475165989,53.6294628034653,55.59882429275957,57.60814885122534,59.67714383272471,61.80573856478814,63.914606510832186,65.90461053119984,67.67662361449496,69.17330962725967,70.50446784663887,71.82168546367684,73.2765526174754,74.95452794111054,76.67653796574001,78.22296266334851,79.47653210394783,80.33783339423525,80.67653054102051,80.3848926694121,79.47653210394783,78.0105804710802,76.10690266977095,73.90054770047279,71.52656600950321,69.0984695560533,66.64361226834882,64.16781565174846,61.676915699837465,59.176774116420404,56.67329794527092,54.172473555829924,51.68042475165989
44.699450368853974,46.76144490547425,48.76687129435351,50.73435923928575,52.68305397036437,54.63238279805745,56.601931439917195,58.61137681390956,60.680449623935885,62.80909376722194,64.91799176191935,66.90801345152795,68.68003671943,70.17672862484821,71.5078906248985,72.82511099960624,74.279980368891,75.95795747678594,77.67996873979004,79.22639419978299,80.47996408728042,81.34126561782514,81.67996284678387,81.38832490480624,80.47996408728042,79.01401191818155,77.11033308715267,74.90397619701193,72.5299909981675,70.10188830471017,67.64701994519409,65.17120362523963,62.68026855040728,60.180064334464305,57.67647658384246,55.17545388564183,52.68305397036437
45.698869773662466,47.76238194752841,49.76873170298779,51.73679272740448,53.685848968517945,55.635408647986466,57.605105858690905,59.61464713455658,61.683781721372355,63.81246508403731,65.9213869289882,67.91142264290986,69.6834539944243,71.18015057687802,72.51131557766433,73.82853814114429,75.28340926886648,76.96138779293207,78.68340003883611,80.2298261039345,81.48339634613546,82.34469806737259,82.68339536155247,82.39175736372275,81.48339634613546,80.01744375142928,78.11376410311057,75.90740568839362,73.53341770533956,71.10531005916161,68.65043291186987,66.1746009531236,63.6836380004858,61.183384070778885,58.67970775219591,56.17852763322401,53.685848968517945
46.799114603968846,48.86383294831461,50.870916196543014,52.83943231620124,54.78877558510948,56.73851853133024,58.70833367743337,60.717951077298494,62.78713469905999,64.9158491912159,67.02478996651703,69.01483681168651,70.78687457922157,72.28357487386188,73.61474225634362,74.9319665570585,76.38683908045643,78.06481872853917,79.78683175457215,81.33325829994341,82.58682882367287,83.44813069626275,83.7868280422087,83.49519000004915,82.58682882367287,81.12087589116177,79.21719559415922,77.0108359693838,74.63684577649629,72.20873419932664,69.75385007712674,67.27800570571881,64.78702062599585,62.28672723700238,59.78298061739844,57.28167553898274,54.78877558510948
47.80001555040113,49.865692255948446,51.87335806642194,53.842235547819,55.79180669203021,57.7416951221077,59.71160388382407,61.72128170752609,63.790504250035355,65.91924345034562,68.02819925092237,70.01825493105926,71.79029779102683,73.2870010320448,74.6181703048856,75.93539598444801,77.39026961559642,79.06825015581325,80.79026380103551,82.33669072759983,83.59026147477871,84.45156346749735,84.79026085453009,84.49862277718591,83.59026147477871,82.12430827415155,80.22062746228795,78.01426687708752,75.64027493025105,73.21216023304191,70.7572705748248,68.28141635138978,65.79041370910022,63.29008900033932,60.78628657989026,58.28488231196569,55.79180669203021
48.8014378723002,50.86787587507088,52.87600431056265,54.84516870102746,56.794920748548805,58.744924664954254,60.71490773587453,62.724633520640225,64.7938869556294,66.92264576723122,69.03161349353249,71.02167618604452,72.79372308789951,74.29042866746732,75.62159944069097,76.93882621464746,78.39370072501924,80.07168197332402,81.79369610999748,83.34012333911504,84.5936942636459,85.45499635171086,85.7936937713542,85.50205566608395,84.5936942636459,83.12774085021482,81.22405962970554,79.01769828221467,76.6437049432661,74.21558776967413,71.76069371749901,69.28483167444756,66.7938150925586,64.29346552470788,61.78961881327943,59.28813581283555,56.794920748548805
49.80327439870404,51.870317050553815,53.87881282625521,55.848204997143384,57.79810065201697,59.74819623988293,61.718238294116446,63.72800214726212,65.79728010229782,67.92605447965441,70.03503167150741,72.02509992978102,73.79715003969753,75.29385747537884,76.62502943945955,77.94225708203852,79.39713229025111,81.07511410056611,82.79712862730484,84.34355609655915,85.59712716185442,86.45842932559577,86.7971267711222,86.505488643687,85.59712716185442,84.13117357952069,82.22749203466901,80.02113008214742,77.64713563827755,75.21901649917555,72.76411895950213,70.28825070998093,67.79722306411048,65.29685376522559,62.792971898877326,60.29142640476633,57.79810065201697
50.805439924507,52.87296274332621,54.88175017452366,56.85132317300878,58.80133282442489,60.751501178215605,62.7215900500931,64.73138411917685,66.80068153620783,68.92946826827742,71.03845297300549,73.02852564884955,74.80057830501457,76.29728721389745,77.62846012316356,78.94568845516945,80.40056421725915,82.07854647364223,83.80056130997609,85.34698896982715,86.60056014684716,87.461862370653,87.80055983672278,87.50892169169526,86.60056014684716,85.1346064304553,83.2309246281728,81.0245621954378,78.65056687459054,76.22244617545987,73.76754586774996,71.29167269212773,68.80063626469749,66.30025130505265,63.796341535503956,61.29474643785264,58.80133282442489
51.90786673184411,53.97577082125515,55.98478980094596,57.954506346433064,59.90460648661234,61.85483259868617,63.8249586313634,65.83477668351138,67.90408954780374,70.0328860859197,72.14187675365946,74.13195293574573,75.90400761287478,77.40071769104061,78.73189135050184,80.04912022970674,81.50399643140932,83.18197904183704,84.9039941238968,86.4504219350246,87.70399320072067,88.56529547219967,88.90399295457479,88.6123547955842,87.70399320072067,86.2380393779268,84.33435737132126,82.1279945574404,79.75399854053532,77.32587660320758,74.87097409850111,72.39509701301556,69.90405361561143,67.40365622586967,64.89972430908124,62.398089839635034,59.90460648661234
52.910501015903364,54.97870782198065,56.98791062050893,58.95774111447675,60.907913081713346,62.85818503904309,64.8283405672816,66.83817765521492,68.90750278017406,71.03630710141971,73.14530250202951,75.13538146703101,76.9074377482036,78.40414875443125,79.73532300932334,81.05255232284077,82.50742887346445,84.1854117648977,85.90742704199027,87.45385497318654,88.70742630926486,89.56872861858209,89.90742611389874,89.6157879438257,88.70742630926486,87.24147240201961,85.33779023324273,83.13142711684618,80.75743054747929,78.32930762739298,75.87440337892633,73.39852319017115,70.90747426066655,68.40706700505993,65.90311750970912,63.40145178994216,60.907913081713346
54.01330003576297,56.08174717250138,58.091095892509344,60.061016836991755,62.011245817231085,63.96155416352458,65.93173310304502,67.94158529995245,70.0109201563146,72.13973065507574,74.24872981218238,76.23881098599082,78.0108685402957,79.50758028312731,80.83875501061357,82.15598466884526,83.61086149640795,85.2888446108755,87.01086004276574,88.55728806926044,89.81085946120118,90.67216180055063,91.01085930613894,90.71922112726975,89.81085946120118,88.34490548692682,86.44122318943445,84.23485983293098,81.86086282507466,79.43273912497179,76.97783349247996,74.50195084065236,72.01089752029873,69.51048243409306,67.00651898644749,64.50482846271346,62.011245817231085
55.11622984522376,57.184867773045525,59.194332326365426,61.16432506748296,63.11459930138531,65.06493653060127,67.03513405207131,69.04499824114401,71.11434082139226,73.24315622327671,75.35215836192656,77.34224128886976,79.11429985366176,80.61101218113684,81.94218728372158,83.25941721555327,84.71429426292269,86.39227755441271,88.11429310916601,89.66072121129912,90.9142926475779,91.77559501076391,92.11429252450492,91.82265433865422,90.9142926475779,89.44833862010253,87.54465622044859,85.33829267337202,82.96429531748635,80.53617099828352,78.08126426728901,75.60537966051598,73.11432285513186,70.61390155373974,68.10992703203674,65.60821682102123,63.11459930138531
56.21926348685524,58.28805287118813,60.297609371144546,62.26765910107828,64.21796925435675,66.16832940858265,68.13854167880964,70.14841538617391,72.2177640969164,74.3465833904288,76.4555878955372,78.44567221394661,80.2177315807636,81.71444437227083,83.04561977257163,84.36284992155987,85.81772714339003,87.49571057538293,89.21772622765269,90.76415438982004,92.01772586128993,92.87902824339508,93.21772576360685,92.92608757221488,92.01772586128993,90.55177179158886,88.64808931084924,86.44172561251474,84.06772798039785,81.63960316981488,79.18469556693749,76.70880940852098,74.21774983705919,71.71732360264772,69.21334029138785,66.71161445434007,64.21796925435675
57.32237955550826,59.39128916703902,61.400918651185506,63.37101361555983,65.32135227902364,67.27173062923205,69.24195460571508,71.25183586781768,73.32118944436303,75.45001182667289,77.55901821004456,79.54910363286285,81.321163636248,82.81787679605802,84.14905243265625,85.46628275400181,86.92116011430161,88.59914365781172,90.32115938748036,91.86758759729693,93.12115909669802,93.98246149381932,94.32115901916691,94.02952082337688,93.12115909669802,91.65520499348241,89.75152244838503,87.54515862999699,85.17116077863523,82.74303557804342,80.28812728315171,77.81223989319349,75.32117812628991,72.82074797652415,70.31675768894326,67.81501944936264,65.32135227902364
59.07528927173412,61.18659687790836,63.260370950738064,65.31502790459179,67.36773230315536,69.43306137019843,71.52193354323131,73.64119570403179,75.79430960295878,77.97063374001229,80.11071294613049,82.14589036157106,84.01147122509245,85.68131609429233,87.25240126643325,88.83944772405752,90.53741891692593,92.3775835899226,94.20337061982605,95.8577196175993,97.33966625691224,98.6152720628175,99.23883665346335,98.75061271321557,97.33966625691224,95.33381691820004,92.95396016613502,90.37248213755461,87.73573958045047,85.14825436052402,82.60341649642397,80.07930116238316,77.5617591486433,75.039980312347,72.50468575322132,69.94843994986414,67.36773230315536
57.03676442626114,59.10556937122284,61.11513531747677,63.08519090214489,65.0355047455496,66.98586725492633,68.95608104032743,70.96595572552489,73.03530506606414,75.16412475937,77.27312950758844,79.26321396894534,81.03527341815557,82.5319862573335,83.86316168821908,85.18039185951615,86.63526909926892,88.3132525456959,90.03526820798368,91.58169637631843,92.83526785140354,93.6965702354523,94.0352677563288,93.74362956436758,92.83526785140354,91.36931377736457,89.4656312882949,87.25926757442144,84.88526991392692,82.45714505286372,80.0022373604165,77.52635104259727,75.0352911869719,72.53486444578303,70.03088023155554,67.52915278921124,65.0355047455496
55.230776868966885,57.299248698448935,59.30861241040583,61.278542647480435,63.22877748494092,65.17908956960407,67.14927091423178,69.15912466331932,71.22846051940803,73.35727165279644,75.46627119581427,77.45635259653693,79.22841028163268,80.72512210013673,82.05629687617332,83.37352656981798,84.82840342583104,86.50638656321124,88.2284020110041,89.77483004728894,91.0284014449685,91.8897037874032,92.22840129404676,91.93676311427393,91.0284014449685,89.56244746380817,87.65876515309266,85.45240177192261,83.07840471901966,80.6502809387845,78.19537516410962,75.7194922592467,73.22843848781386,70.72802259715645,68.22405771616218,65.72236464425168,63.22877748494092
54.04430498383917,56.131333334090584,58.16832207541039,60.174724055305234,62.16949490718133,64.17044427390135,66.1936372974668,68.2530535423802,70.36079914487306,72.5115731391822,74.63500852247438,76.64612790857261,78.4621805986022,80.04165939304556,81.49037226549126,82.94374937314288,84.5248758348896,86.28897403761536,88.0668806075129,89.67208747871331,91.05223080177586,92.15068710509732,92.65802542479419,92.24952587201776,91.05223080177586,89.29185072599128,87.14235556681692,84.75153523630114,82.25315366159921,79.75151453521104,77.2557607700756,74.75815674018989,72.2552242518955,69.74524826137163,67.22730477771665,64.70140313631221,62.16949490718133
52.720652325535525,54.78775711428983,56.796290635135904,58.76570620927595,60.715616618361196,62.66572162426674,64.63576973814577,66.64553750219494,68.71481797624442,70.8435939527069,72.95257211697478,74.94264094702902,76.71469138651506,78.21139901287788,79.54257109929719,80.85979883111108,82.31467411101393,83.99265597906508,85.71467054587578,87.26109803979972,88.51466911955589,89.37597129107164,89.71466873925704,89.4230306095448,88.51466911955589,87.04871551987056,85.1450339416987,82.93867192702139,80.56467736964129,78.13655802861938,75.68166013066957,73.20579124354686,70.71476246105169,68.21439113515069,65.71050565722862,63.20895374287008,60.715616618361196
52.06502165947616,54.13902281178896,56.156059250117934,58.13588830514952,60.098143548019706,62.06215268069482,64.04675722775137,66.07019283768652,68.15012618720162,70.2850291092072,72.39804395600066,74.39398542301066,76.1783549951376,77.69846868931052,79.06342767685021,80.42060948656912,81.91332943310526,83.6175694276427,85.35682057339706,86.92154056578315,88.21508227661637,89.15343927568895,89.54867175380389,89.21770196416006,88.21508227661637,86.65737249218425,84.68032588066082,82.4208045524024,80.01186163238062,77.56341908521671,75.09732808480523,72.61552372331273,70.12123244585845,67.61820390050029,65.11041943829629,62.60213056716911,60.098143548019706
39.76835016377828,41.814717819910584,43.81060617387716,45.77216284520398,47.71711143567671,49.664046211412085,51.63205335213049,53.64050336135753,55.70893485811598,57.83717180580041,59.94582215453008,61.93569821730148,63.707637543479635,65.20428088088487,66.53541171990341,67.85260936523255,69.30746047387075,70.98542287535659,72.70742393127648,74.2538431074399,75.50740931144861,76.36870886170871,76.70740541336477,76.41576805139482,75.50740931144861,74.04146156215262,72.13779121841674,69.93145016046324,67.55749387449285,65.1294426124836,62.674665507840274,60.1990115805458,57.70836597134874,55.20867789944373,52.70600952283942,50.20662039432709,47.71711143567671
40.759277940104596,42.81034869390682,44.80911345099856,46.77246105331915,48.71854166007292,50.666200232147915,52.634673563921936,54.64342465933315,56.712050171341616,58.84041031748788,60.949135596316125,62.93905572270761,64.7110204483553,66.20767848184767,67.53881874987394,68.85602327290903,70.31087990707317,71.98884675861282,73.71085090312931,75.25727198074077,76.51083929935135,77.37213944883408,77.71083620543804,77.4191986679611,76.51083929935135,75.04489021264928,73.14121730071167,70.93487145204679,68.5609064172703,66.1328395926136,63.67803487546479,61.20233181132146,58.71159861865149,56.2117543874041,53.708807886316805,51.208924679679896,48.71854166007292
41.75275990657559,43.80757921445706,45.808632986747654,47.773404421122976,49.720384463895286,51.66861790310222,53.63746141089587,55.646451543977406,57.71523107239008,59.84368901157626,61.952473766328126,63.94242886745144,65.71441375319692,67.21108345118886,68.54223120311934,69.8594411850448,71.31430220485197,72.9922725884187,74.7142791843639,76.26070177115903,77.51426997443107,78.37557059951774,78.71426751878914,78.42262984201207,77.51426997443107,76.04831982622738,74.14464487590169,71.93829522483156,69.56432324607601,67.13624406919217,64.68141743552934,62.20567537001732,59.71487265779449,57.21490446852428,54.711737174670105,52.21146167507615,49.720384463895286
42.748278568249404,44.80608305506357,46.80895742129717,48.7748604478337,50.722554975369604,52.671244932580535,54.64038235008735,56.649562248713266,58.71846403666075,60.84699960075895,62.95583156401764,64.9458144254944,66.71781531265117,68.21449426889328,69.54564796086285,70.86286227554493,72.31772677625821,73.99569996320741,75.71770850485794,77.26413228949502,78.51770119492427,79.37900219749841,79.71769924587916,79.42606145853937,78.51770119492427,77.05175020420504,75.14807363600653,72.94172096695581,70.56774347673081,68.13965449578598,65.6848104666885,63.20903744487137,60.71817955210503,58.218112968295515,55.714770402612245,53.21418344983158,50.722554975369604
43.745419736070545,45.805599857689586,47.80992163190143,49.77672374781022,51.72498574190543,53.67403819256617,55.6434089499042,57.652739491517025,59.721738327402164,61.85033550654471,63.95920494075418,65.949209836199,67.72122342389292,69.21790972849536,70.5490681351151,71.86628588872881,73.32115315225116,74.99912856425323,76.72113865021424,78.26756338558047,79.52113284831282,80.3824341504992,80.72113130135418,80.42949342626065,79.52113284831282,78.05518118888787,76.15150333658087,73.94514827215136,71.57116640745147,69.14306964496049,66.68821180891722,64.21241421649853,61.721512525117944,59.2213678398459,56.71788614286558,54.21705193276961,51.72498574190543
44.74385247403475,46.80592211944601,48.81139421850769,50.77891053771546,52.72762316968692,54.67696342920863,56.646519428534404,58.655969551932,60.72504542141965,62.853691507045184,64.96259068293443,66.95261306710472,68.72463673535302,70.2213288724048,71.55249102106882,72.86971150417727,74.32458096055012,76.00255813858209,77.72456945026516,79.27099494022644,80.5245648452909,81.38586638527983,81.72456361746868,81.43292567272493,80.5245648452909,79.05861265511346,77.1549337836076,74.94857681796091,72.57459148122624,70.14648854248153,67.69161974774468,65.21580265327007,62.72486619778002,60.22465951976703,57.721067382890666,55.22003688876727,52.72762316968692
45.74331272655908,47.80688460328611,49.81327067277705,51.781354231148164,53.730424685542545,55.679993440633496,57.64969649185409,59.65924153768955,61.72837855294834,63.85706345730682,65.96598623979179,67.9560225049953,69.7280541742677,71.22475094057029,72.5559160593119,73.87313870882988,75.32800990567407,77.00598848540757,78.72800076994814,80.27442685883246,81.52799711497636,82.38929884370938,82.72799614045303,82.43635814042784,81.52799711497636,80.06204450354011,78.15836482309479,75.95200634844863,73.57801825595075,71.14991041508729,68.69503292235804,66.21920034886682,63.72823630037519,61.22798041644258,58.72430061623527,56.22311430883909,53.730424685542545
46.843590031256674,48.90835581795955,50.91546790999631,52.88400192323675,54.83335647659476,56.783106627511785,58.752926409797396,60.76254680211906,62.831732351429665,64.96044806726484,67.06938958670082,69.05943686942794,70.8314748891695,72.32817532973147,73.65934280583477,74.97656717483822,76.43143975309843,78.10941944536486,79.83143250206373,81.37785906631392,82.63142960110991,83.49273147964925,83.83142882763008,83.539790783728,82.63142960110991,81.16547665532012,79.26179633281863,77.05543666047733,74.68144638072403,72.25333464903187,69.79845025265647,67.32260539332013,64.83161944380163,62.33132450368814,59.827575120558464,57.32626512988547,54.83335647659476
47.84451678643228,49.91023118244251,51.917919899720374,53.88681158853964,55.836391691342854,57.78628584065481,59.75619828246559,61.76587848142657,63.83510255389092,65.96384272545896,68.07279911666444,70.06285514409421,71.83489820423932,73.33160156107587,74.66277090822436,75.97999664198755,77.43487031668027,79.11285089196576,80.83486456152758,82.38129150307608,83.6348622590385,84.49616425647926,84.83486164512706,84.5432235663998,83.6348622590385,82.16890904787203,80.2652282157699,78.05886759281637,75.68487557703438,73.25676075718033,70.80187088134898,68.32601627064176,65.83501293798508,63.334686998067866,60.83088238410704,58.329474217005156,55.836391691342854
48.845959614076136,50.91242755414108,52.920574179260655,54.889749849489704,56.8395090087851,58.789517465093894,60.75950345713004,62.76923112723115,64.83848577658321,66.96724535908723,69.07621355417626,71.06627652233676,72.83832358307353,74.3350292545669,75.66620008676873,76.98342690374449,78.43830144867745,80.11628272481627,81.83829688080803,83.38472412181858,84.63829505332092,85.4995971451338,85.83829456605905,85.54665645969106,84.63829505332092,83.17234163152477,81.26866039495218,79.0622990174966,76.68830562382588,74.2601883528904,71.80529412799407,69.32943177756252,66.83841464772253,64.33806410268255,61.83421565019968,59.33272955477756,56.8395090087851
49.84781242935738,51.91487885654995,53.923389074717235,55.89279020045612,57.842691500789655,59.792790692322,61.762835065187204,63.772600414782005,65.84187933368133,67.97065432291245,70.07963188684593,72.06970036390314,73.84175059992467,75.33845810856752,76.66963011945931,77.98685779618273,79.44173303182659,81.11971486423349,82.84172940630518,84.38815688499898,85.64172795582748,86.5030301225436,86.84172756908744,86.55008944078097,85.64172795582748,84.17577436685441,82.27209280925324,80.06573083294866,77.69173634564575,75.263617129282,72.80871945251928,70.33285095902909,67.84182287824567,65.34145280375265,62.8375695554889,60.33602160476656,57.842691500789655
50.849990892137754,52.91753259034657,54.92633148790797,56.895911595183605,58.84592572793423,60.79609694217277,62.76618765443796,64.77598291129033,66.84528109335497,68.97406831107543,71.0830533111261,73.07312616061961,74.84517891687452,76.34188788366711,77.67306083008725,78.99028918919365,80.44516497305558,82.12314724697302,83.84516209547667,85.39158976281982,86.64516094423163,87.5064631703985,87.84516063727582,87.55352249155678,86.64516094423163,85.17920722257011,83.27552541016834,81.06916295855672,78.69516760323663,76.26704684278317,73.8121464262652,71.33627305700384,68.84523628438046,66.34485070912714,63.840939842726414,61.33934279518235,58.84592572793423
51.95242797291179,54.020347052506665,56.02937513518114,57.99909732375126,59.94920102110203,61.89942940365087,63.86955689710054,65.87937589200385,67.94868936351303,70.07748628709392,72.18647718923276,74.17655350914517,75.94860826571579,77.44531838984469,78.77649207879513,80.09372097950974,81.54859719849291,83.2265798228377,84.9485949145566,86.49502273163093,87.74859400081274,88.60989627416572,88.94859375718178,88.65695559764232,87.74859400081274,86.28264017383634,84.37895815919913,82.17259533033591,79.79859928606967,77.37047730006998,74.91557470900233,72.4396974698248,69.94865379843912,67.44825592008362,64.94432313270741,62.442687115580526,59.94920102110203
52.95507041437669,55.02328912170188,57.03249914661191,59.0023341200221,60.95250891079796,62.90278267029059,64.87293935798009,66.88277719419318,68.95210280110639,71.08090742829805,73.18990301495135,75.17998208934586,76.9520384335714,78.44874947627997,79.77992375457771,81.09715308516738,82.55202964950672,84.23001255198594,85.952027836745,87.498455772661,88.75202711150595,89.61332942231056,89.95202691813591,89.66038874762722,88.75202711150595,87.28607320094102,85.38239102578942,83.17602789750137,80.80203130641789,78.37390834770059,75.91900403068892,73.44312371994803,70.95207457298315,68.45166692956045,65.94771674321372,63.4460497950204,60.95250891079796
54.05787591089974,56.12633249589021,58.135686952324804,60.105611452473354,62.05584267388984,64.00615245061498,65.97633231041439,67.9861851012409,70.05552034013392,72.18433108172601,74.293330386496,76.2834116471299,78.05546925148005,79.55218102326657,80.88335576932991,82.20058544111185,83.65546227956071,85.33344540279545,87.05546084077059,88.60188887101134,89.85546026514797,90.71676260567796,91.05546011167004,90.76382193245509,89.85546026514797,88.3895062882388,86.4858239856868,84.27946061974498,81.90546359465223,79.4773398638879,77.02243417699177,74.54655142834385,72.05549793539127,69.55508254137382,67.05111854527816,64.5494270465217,62.05584267388984
55.160810862231784,57.22945629053851,59.238925397394794,61.208920960854584,63.15919697366391,65.10953533824825,67.07973359015814,69.08959825063044,71.1589411344959,73.2877567291163,75.39675898496698,77.38684198082373,79.15890058533671,80.65561293579337,81.98678805312275,83.3040179957093,84.75889505171905,86.43687835016763,88.1588939097505,89.70532201485685,90.95889345287847,91.82019581700152,92.15889333106301,91.86725514493784,90.95889345287847,89.49293942331184,87.58925701964208,85.38289346507433,83.00889609550805,80.58077175196922,78.12586497779395,75.64998029417447,73.15892335179805,70.6585018060943,68.15452684908226,65.6528158641785,63.15919697366391
56.26384858581366,58.33264392416905,60.342204038604606,62.312256008764024,64.2625675740145,66.2129286294043,68.18314147939057,70.19301556090855,72.26236451263364,74.39118395912121,76.5001885572522,78.49027293035843,80.26233232870197,81.75904513844972,83.09022055045332,84.40745070797772,85.86232793666571,87.54031137418161,89.26232703028461,90.80875519481182,92.06232666766503,92.92362905051388,93.26232657098001,92.97068837937022,92.06232666766503,90.59637259630414,88.69269011237714,86.48632640809687,84.1123287651217,81.6842039352232,79.22929629807321,76.75341007866353,74.26235039847066,71.76192397014813,69.25794031338079,66.75621386208962,64.2625675740145
57.366967894845004,59.43588223264334,61.445514585814806,63.41561132834008,65.36595111251997,67.31633017799612,69.28655461463991,71.29643617371076,73.36578994152507,75.49461244525178,77.60361890245564,79.59370436868684,81.3657643970947,82.86247757138221,84.19365321726897,85.5108835453897,86.96576091113256,88.64374445902628,90.36576019173737,91.91218840342697,93.165759903926,94.02706230163756,94.36575982718705,94.07412163122413,93.165759903926,91.69980579939298,89.79612325176576,87.58975942865857,85.21576156867857,82.78763635275601,80.33272803066208,77.85684059229354,75.36577873908989,72.86534843541631,70.36135787360439,67.85961914649354,65.36595111251997
59.11706567515397,61.228172453124245,63.30164436617211,65.35590877658474,67.40814757809464,69.47296641871819,71.56132574231138,73.68012725573523,75.83289611845703,78.00902750961168,80.14898176156804,82.18397939835425,84.04919324991741,85.71837910397959,87.28859327400791,88.87471576058238,90.57190209497003,92.41156697906112,94.23704384491305,95.89107801905027,97.37238362083282,98.64690893844039,99.26978806169978,98.78203234428665,97.37238362083282,95.3681057419677,92.9898061901223,90.4096804775247,87.77395687150614,85.18712025004588,82.64265899147681,80.11874883317543,77.60132041742823,75.07963363277513,72.54447484798057,69.9884677889451,67.40814757809464
57.129663130692805,59.198480083611756,61.208053319427066,63.178113422088856,65.12843011309235,67.07879443989104,69.04900939452018,71.05888483429067,73.12823466083043,75.25705466264817,77.36605959846935,79.35614417013566,81.12820368292695,82.62491655889134,83.95609201337851,85.2733222018908,86.72819945547408,88.40618291303952,90.12819858305792,91.67462675615195,92.92819823402687,93.78950061957545,94.12819814096494,93.83655994856443,92.92819823402687,91.46224415664042,89.55856166114262,87.3521979352781,84.9782002528852,82.55007535286754,80.09516759130125,77.61928115047442,75.12822107556629,72.62779394330828,70.12380903228014,67.62208035116244,65.12843011309235
55.32365697077071,57.392147855509364,59.40152313657845,61.371460544602584,63.32169990197596,65.27201487146655,67.24219807206663,69.252053018939,71.3213896464953,73.45020126961185,75.55920111042894,77.54928268625639,79.32134047228055,80.81805234917937,82.14922716268113,83.46645688365325,84.92133376162084,86.5993169166822,88.32133237674677,89.86776042058642,91.12133182269451,91.98263416751004,92.32133167496791,92.02969349449774,91.12133182269451,89.65537783622041,87.7516955153009,85.54533211509623,83.17133502743175,80.74321118536028,78.2883053009659,75.81242220084118,73.32136808132032,70.82095156988485,68.31698558280581,65.8152905445201,63.32169990197596
54.133658412474176,56.22041091225833,58.2569787313837,60.26282304919462,62.25691605460513,64.25710134158408,66.27950296134637,68.3381874661878,70.44537150539367,72.595826619056,74.71905325371779,76.72986946607757,78.54529263313307,80.12360393337202,81.57069605854713,83.02224909783524,84.60173378562773,86.36473885725017,88.14194732197012,89.74642952551716,91.12504488013946,92.22075408674534,92.7262272271928,92.31901253117192,91.12504488013946,89.36828814666686,87.22200947516832,84.83372352401179,82.33711184740628,79.83654249376744,77.34139084017711,74.84410916913804,72.34135347306051,69.83151987175829,67.31378500125844,64.78824616856161,62.25691605460513
52.81345609990289,54.880608840938606,56.88917148986785,58.858605124168264,60.80852691890858,62.75863919257094,64.72869198257077,66.73846276458855,68.80774518250968,70.93652239296861,73.04550130762827,75.03557057891325,76.8076212727209,78.30432904622847,79.6355012270538,80.95272902772831,82.40760436295295,84.08558627555783,85.8076008732912,87.35402838625214,88.60759947716747,89.46890165468254,89.80759910491983,89.51596097345045,88.60759947716747,87.14164586409228,85.23796426020797,83.03160219756647,80.65760755259302,78.22948805575395,75.77458988133009,73.29872050218411,70.80769084257997,68.307317952473,65.80342968757174,63.301872818826524,60.80852691890858
52.15701597539605,54.23094193328092,56.247862764002505,58.22753701837023,60.189601540733904,62.15339225024913,64.137766623626,66.16098575372385,68.24075052822752,70.37555676498283,72.48850793713669,74.48435638410626,76.2685307244995,77.78827472946003,79.15270342529924,80.50926333448388,82.0013993784871,83.70523717653089,85.44422560906145,87.00866790516673,88.3016067985501,89.23881699360821,89.6332207198837,89.30282637004257,88.3016067985501,86.74528901415681,84.76937640922445,82.51068860805464,80.10229912536974,77.65418035544924,75.18826817017262,72.70655855300714,70.21231894696282,67.70933186995155,65.20160792554354,62.69342363769441,60.189601540733904
39.57512390585145,41.62044202525861,43.61568779958326,45.57684411930751,47.52153955028963,49.46831241684775,51.43621525575978,53.44459789512321,55.512985976761996,57.64119535488672,59.7498289351644,61.73969513686396,63.511628778796364,65.0082688272887,66.33939755613397,67.65659366225717,69.11144353430029,70.78940493987687,72.51140530457702,74.05782405520111,75.31139000976458,76.17268942592005,76.51138593170924,76.21974860901737,75.31139000976458,73.84544255977686,71.94177279079807,69.73543280499258,67.36147847697721,64.93343069782708,62.478659772715986,60.003016841868686,57.51239083279867,55.01273770627478,52.51013156463665,50.01085298227224,47.52153955028963
40.56548186515231,42.615715607382,44.613968817338744,46.57699805644473,48.5228774870313,50.4704074523049,52.438797958865564,54.4474955660863,56.516086612753085,58.64442487428171,60.75313684299414,62.74304914228691,64.51500935621158,66.01166477923908,67.34280337239525,68.66000667374863,70.11486232641892,71.79282838750055,73.51483198339352,75.06125272325332,76.3148198438787,77.17611988692238,77.51481660712173,77.22317910081985,76.3148198438787,74.8488709947382,72.94519853898689,70.73885354129033,68.36489006055575,65.93682600028336,63.482026187948435,61.006331852055,58.51561421716606,56.01579772572896,53.51290063210908,51.01310520247522,48.5228774870313
41.55850916926218,43.61266160818076,45.61330839659231,47.57782676447057,49.5246469800606,51.47277828129589,53.4415560249451,55.45050369390049,57.5192558629073,59.6476964305953,61.756470620479604,63.74641950900323,65.51840081370727,67.01506843973851,68.3462148623083,69.66342387457604,71.11828411536618,72.79625387154323,74.51826003204437,76.06468235076527,77.31825039689616,78.179550937502,78.51824782787901,78.2266101758456,77.31825039689616,75.85230043724547,73.9486258489959,71.7422768733422,69.36830612803811,66.94022914527096,64.48540640463449,62.009671266968354,59.51888090368895,57.01893473381604,54.51580666196813,52.015600854013826,49.5246469800606
42.55366544350635,44.610939032396445,46.6134897631065,48.57919168983877,50.52675926559675,52.47536811632315,54.44445332057697,56.45359950877341,58.522479578870644,60.651001354152186,62.759824931678324,64.74980286206824,66.5218009068973,68.01847821860207,69.34963085544766,70.66684440050666,72.12170828291067,73.79968097189862,75.52168916793616,77.06811273980225,78.32168152050833,79.18298245602995,79.52167948147718,79.23004171377647,78.32168152050833,76.85573067944392,74.9520543986259,72.74570226565513,70.37172575442594,67.94363851496746,65.48879757581302,63.013030052775264,60.52218196182827,58.02213285627212,55.518821425698945,53.0182898016963,50.52675926559675
43.55051802016837,45.61027575337475,47.61434027123553,49.580982622185346,51.52914379350638,53.47813184499333,55.44746115042463,57.45676493187395,59.52574652860426,61.65433276289458,63.76319554109699,65.75319652264538,67.52520785434874,69.02189285366781,70.35305042282897,71.67026756558917,73.12513433835716,74.80310935512605,76.52511916677335,78.07154373326291,79.32511309700232,80.18641434596901,80.52511147862162,80.23347361911568,79.32511309700232,77.8591615563586,75.95548393214597,73.74912929320432,71.37514820553696,68.9470528252739,66.49219744174903,64.01640421380543,61.52551030242155,59.025379490559516,56.521922508420204,54.02113222193398,51.52914379350638
44.548721093100255,46.610454847432614,48.615722517906846,50.583111935742686,52.53174450611458,54.48103363627483,56.45055672875981,58.459985609969095,60.529047795668404,62.657685193942456,64.76657908679995,66.75659836445173,68.52862024209801,70.02531134313736,71.35647282710622,72.67369282537783,74.12856189223749,75.80653875657198,77.52854985053179,79.07497520645546,80.32854503294911,81.18984653069751,81.52854374843915,81.23690581606726,80.32854503294911,78.86259293704845,76.9589142465814,74.75255761864528,72.37857289864363,69.95047105697981,67.49560420882632,65.01979057849526,62.52886029817381,60.028664632067674,57.5250921131931,55.024096487014745,52.53174450611458
45.54799867465818,47.611303549486166,49.61752720988335,51.58550998613097,53.5345168713155,55.48404503510871,57.45372196409404,59.46325014833482,61.53237630209449,63.6610543110351,65.76997290027707,67.76000669979942,69.53203694785672,71.02873289187043,72.35989748304075,73.67711974774215,75.13199063542876,76.80996896617998,78.53198107791329,80.07840706041178,81.33197725419396,82.19327894940064,82.5319762346775,82.24033824447189,81.33197725419396,79.86602471758528,77.96234518083068,75.75598697422598,73.38199937123059,70.9538924011245,68.499016453411,66.02318662944845,63.532227482305515,61.031980338890804,58.52831611064815,56.02715748158322,53.5345168713155
46.64813074963662,48.712684361143566,50.71966745184683,52.688121436158156,54.637425519299825,56.58714344664591,58.55694249314247,60.56654950136257,62.63572642947405,64.7644366722471,66.87337486344224,68.86342018913436,70.63545708084837,72.13215686875591,73.46332392612405,74.78054798969757,76.23542032257876,77.91339981722756,79.63541273676907,81.18183921658071,82.43540970188016,83.29671155380963,83.63540889268927,83.34377085658096,82.43540970188016,80.9694568154811,79.06577660702709,76.85941714743063,74.48542725619649,72.05731621562725,69.60243304553892,67.12659036852767,64.6356083092841,62.13532030675209,59.6315832838212,57.13029526373823,54.637425519299825
47.64894208205193,49.71448791318299,51.722074180770576,53.69090232656663,55.64044236148955,57.590310931006485,59.56020691319935,61.569876488533495,63.639093718081995,65.76782954557358,67.8767832951137,69.86683776922953,71.63887993405334,73.13558277287562,74.46675178767282,75.7839772790156,77.23885075895058,78.91683117738665,80.63884473808653,82.1852716126161,83.43884232929304,84.30014430561354,84.63884168703771,84.34720361449638,83.43884232929304,81.97288916526503,80.06920842368251,77.86284796958483,75.48885626217117,73.06074199086322,70.60585308834109,68.13000020976082,65.63899996486268,63.13867953145106,60.63488472824153,58.13349400064752,55.64044236148955
48.65029320149225,50.71662724976871,52.72469252188969,54.69381774284824,56.64354509416927,58.59353324530511,60.56350617231875,62.573225410026836,64.64247462798568,66.77123076252835,68.88019686090166,70.87025859618714,72.6423049463036,74.13901020664746,75.47018077506127,76.7874073996275,78.24228178998095,79.92026294162821,81.64227701121615,83.1887041990337,84.44227509935513,85.30357717440484,85.64227458959667,85.35063648813848,84.44227509935513,82.97632171497283,81.0726405502457,78.86627930681124,76.4922861578929,74.06416932233964,71.60927586996226,69.13341489432977,66.64240021527392,64.14205404084075,61.638213375443,59.13674112267407,56.64354509416927
49.65207316666854,51.7190332597096,53.72747888361073,55.69683995819585,57.6467160086943,59.59679908244004,61.566833084950446,63.57659174148915,65.64586634938341,67.77463860192447,69.88361450167817,71.87368200019618,73.64573167219586,75.14243885450833,76.47361065603106,77.79083818003872,79.2457132929926,80.92369502659045,82.64570950008331,84.1921369365578,85.44570798263803,86.3070101360492,86.64570757804243,86.35406945363286,85.44570798263803,83.97975442336033,82.07607292278298,79.86971105285106,77.49571675980843,75.0675978890084,72.61270082539617,70.1368334230904,67.64580728751363,65.14544068203048,62.641563614560866,60.14002665133086,57.6467160086943
50.65419376964983,52.72165102992953,54.73039864364148,56.699946956282744,58.64994104581328,60.600099466373166,62.570181947279394,64.57997189168498,66.6492666520362,68.7780516976183,70.88703537679888,72.87710744962176,74.64915975821091,76.1458684659944,77.47704124623796,78.79426948413365,80.2491451706164,81.92712736610899,83.64914216018158,85.19556979401526,86.4491409557843,87.31044317139103,87.64914063465655,87.35750249203048,86.4491409557843,84.98318725769204,83.0795054905501,80.87314312336656,78.49914792223109,76.07102743605209,73.61612750619312,71.140255003009,68.64921977430848,66.14883695244602,63.644930991858615,61.143342665452835,58.64994104581328
51.75658490271196,53.82443693837497,55.83342430735955,57.803121256723,59.753209044239284,61.70342727181935,63.673548231781226,65.68336301008902,67.75267376574065,69.88146896527775,71.99045881903518,73.9805345225015,75.75258892375874,77.24929884231162,78.58047239936747,79.89770120387702,81.35257734557027,83.03055990766913,84.7525749561861,86.29900274666389,87.55257400025525,88.41387626522662,88.75257374537597,88.46093558829142,87.55257400025525,86.08662019198576,84.18293821327129,81.97657545141877,79.602579529529,77.1744577612213,74.71955555641588,72.24367900464658,69.75263655868041,67.25224086571531,64.74831197215738,62.24668287722923,59.753209044239284
52.759190860097604,54.82735633854446,56.83653404288269,58.80634898153407,60.75651114370818,62.706776842806605,64.67692834470347,66.68676283413716,68.75608628544643,70.88488954425331,72.99388429880189,74.98396288392136,76.75601894613396,78.25272982567655,79.58390399928938,80.90113325352098,82.35600975651523,84.03399260958984,85.75600786005948,87.30243577486581,88.5560071013366,89.41730940548874,89.7560068990388,89.46436873047857,88.5560071013366,87.0900532056194,85.18637105897969,82.98000798387802,80.6060114899249,78.17788870399,75.72298469355532,73.24710492841211,70.75605675406784,68.25565084520488,65.75170374942891,63.2500422955312,60.75651114370818
53.86196738950848,55.930381716579845,57.93971051631917,59.909619113365025,61.85984031085026,63.810143689790465,65.7803194335228,67.79016956796758,69.85950309594001,71.98831275143786,74.09731139576346,76.08739226805864,77.85944964857462,79.35616129085614,80.68733595383092,82.0045655650074,83.45944235476658,85.13742543878885,86.85944084954843,88.40586886303444,89.65944024734969,90.52074258259958,90.85944008678578,90.5678019091173,89.65944024734969,88.19348628222514,86.28980400230307,84.08344067857534,81.70944373057502,79.28132013694824,76.82641469338273,74.35053237777691,71.85947965679661,69.3590656395091,66.85510409642954,64.3534169585884,61.85984031085026
54.964879343528025,57.033491225318286,59.04293996602223,61.01292290623344,62.963190962663106,64.9135242491673,66.88371923408911,68.89358178616389,70.96292331206035,73.09173804464307,75.20073977629716,77.1908224639287,78.96288089078419,80.45959313845253,81.79076818983447,83.10799808431841,84.56287510168315,86.24085836900873,87.96287390699062,89.5093019987987,90.76287342902512,91.62417578895734,91.96287330158546,91.67123511668775,90.76287342902512,89.29691940881196,87.39323702310357,85.18687350204117,82.81287619366321,80.38475195897058,77.92984537792714,75.45396103801392,72.96290470835415,70.46248425536731,67.95851124533337,65.45680372174705,62.963190962663106
56.06789881028655,58.13666751873156,60.146211467016656,62.116253417499976,64.06655866752826,66.01691569234563,67.98712594928176,69.99699835734717,72.06634623124495,74.1951649935302,76.3041691756051,78.29425330407246,80.06631256140903,81.5630252895736,82.89420064923465,84.21143076857996,85.66630796659538,87.34429137940896,89.06630701836725,90.61273517233963,91.86630663900576,92.72760901852836,93.06630653785683,92.77466834722128,91.86630663900576,90.40035257506871,88.49667010539768,86.29030642771059,83.91630883330065,81.48818408979349,79.03327660593243,76.55739065932298,74.0663314654447,71.56590590441574,69.06192379297723,66.56020008897124,64.06655866752826
57.17100362644513,59.239896825534956,61.24951634666374,63.21960513619068,65.16993990782449,67.12031577417176,69.09053815268508,71.10041838352547,73.16977129586351,75.29859325653686,77.40759938351616,79.39768465557717,81.16974457206763,82.66645768160248,83.99763328594491,85.31486358376287,86.76974092516089,88.44772445344836,90.16974017255167,91.71616837586387,92.96973987145225,93.83104226652375,94.1697397911703,93.87810159598061,92.96973987145225,91.50378577281153,89.60010323649928,87.39373943449912,85.01974161306538,82.5916164657117,80.13670826528335,77.6608210434367,75.16975957622192,72.66932996092194,70.16534062564544,67.6636040790788,65.16993990782449
58.896674394744565,61.008945877923296,63.0841696828102,65.14070914739554,67.19564512023362,69.2634180764094,71.35474502819584,73.47621067088798,75.63097414690742,77.80821944947355,79.94889570662494,81.98493195921631,83.85226547192596,85.52525529285515,87.1004928386602,88.69193894732547,90.39364315019603,92.23618293893665,94.06344315190833,95.71928684593115,97.20427503173593,98.48500162641,99.11181108497959,98.62137098772632,97.20427503173593,95.19096495604768,92.80369983190438,90.2157757377258,87.57416850380795,84.98358330884176,82.43694423080292,79.91184721019465,77.39376155858223,74.87154213690164,72.33559762450977,69.77820866412517,67.19564512023362
56.72713497396215,58.79589798992029,60.80543848246151,62.775478291089186,64.72578219114114,66.67613835436013,68.64634805699043,70.65622010732845,72.72556775082323,74.85438636684911,76.96339045998529,78.9534745361571,80.72553376335115,82.22224647407597,83.55342182254795,84.87065193373185,86.32552912519053,88.00351253272356,89.72552816801688,91.271956319733,92.52552778507652,93.3868301638881,93.7255276829734,93.43388949254609,92.52552778507652,91.05957372272644,89.15589125610285,86.94952758410054,84.5755300000722,82.1474052750326,79.69249782393956,77.21661193564556,74.72555284572495,72.22512747009405,69.7211456889945,67.21942257226472,64.72578219114114
54.921212371704144,56.98961766568459,58.99894098097354,60.96884617850583,62.91906523322592,64.86936724454083,66.839542108399,68.8493916749998,70.91872483723546,73.04753426056307,75.15653276370797,77.14661355298944,78.91867088565724,80.4153825002549,81.74655714546819,83.06378674368928,84.51866352304023,86.1966465986802,87.91866200362206,89.46509001352644,90.71866139574219,91.57996372986341,91.91866123366356,91.62702305632567,90.71866139574219,89.2527074331368,87.34902515805226,85.14266184334846,82.7686649118279,80.34054134751653,77.88563595596688,75.40975373293082,72.91870117697215,70.41828745398291,67.9143264352749,65.41264022964846,62.91906523322592
53.7463749505003,55.83431234089963,57.87268771525579,59.88092589844479,61.87792732036387,63.88138923273297,65.90718265527994,67.96900144994245,70.0785896790342,72.23040954488451,74.35452940842393,76.3666426411105,78.18475804929113,79.76805891640421,81.22207042436963,82.68140079430208,84.2678764563178,86.03553151038216,87.81570759731808,89.42326869986769,90.8083704777863,91.91572287588318,92.42908775325732,92.01643788946983,90.8083704777863,89.03622012711118,86.87624128576809,84.4771371566726,81.97295828605739,79.4678102187876,76.97007985109059,74.47141710396664,71.967903837259,69.45746001160526,66.93883098822803,64.4117367569668,61.87792732036387
52.41135432868775,54.47829169251632,56.48672350888857,58.4560760221016,60.405946675122394,62.356026303463636,64.32605808915605,66.33581531495079,68.40508900129979,70.53386066882966,72.64283621283816,74.6329035021776,76.40495305360847,77.90166016616251,79.2328319229292,80.55005941429138,82.00493450101828,83.68291621349407,85.40493067232711,86.95135809977651,88.20492914056638,89.06623129113342,89.40492873215389,89.11329060857736,88.20492914056638,86.73897558763657,84.835294099249,82.62893225205596,80.25493800053964,77.82681920360945,75.37192227106812,72.89605510202068,70.40502938226311,67.90466351833611,65.40078777210795,62.89925315762068,60.405946675122394
51.758376248732404,53.832625870889856,55.85004428284684,57.83038473890558,59.79326994010795,61.75800038800604,63.743364886042784,65.76751507672795,67.84800477133184,69.98322674003535,72.09645168682705,74.09270005772655,75.87771367204452,77.39904657835147,78.76575365659323,80.12498437499107,81.61962689598192,83.32519052927437,85.06530598691583,86.63093934082299,87.92646289660806,88.86858691745486,89.26653902872289,88.93368111086357,87.92646289660806,86.36417493740774,84.38339401363108,82.12112518827664,79.71035675924533,77.2608457714209,74.79416454760879,72.31204741676277,69.81758554961907,67.31442009298388,64.80643581603326,62.29780160863406,59.79326994010795
39.48124393449764,41.52603493180376,43.52095788076355,45.48191303169685,47.42648124064266,49.37317273598994,51.3410231531969,53.349371931708575,55.41773819200132,57.54593371291928,59.65455886485458,61.6444201100517,63.416350894885625,64.91298929025403,66.2441169584506,67.56131229091324,69.01616154139867,70.69412244639486,72.41612246366256,73.96254100039488,75.216106829578,76.07740617832752,76.4161026610623,76.12446535811304,75.216106829578,73.75015953003363,71.8464900499489,69.64015060304433,67.26619725916842,64.83815123062841,62.38338341156705,59.90774600790354,57.41712985046368,54.91749428840362,52.41491942716365,49.915696405593685,47.42648124064266
40.471315731133004,42.521129023043905,44.51912521107006,46.481994468680796,48.427772796642486,50.375238125894924,52.343587004112464,54.35225772728228,56.4208314508336,58.549158712516146,60.657863991136054,62.64777235626272,64.4197303024371,65.91638441335175,67.24752216465777,68.56472485194953,70.01958001128514,71.69754567505359,73.41954899518817,74.96596956528153,76.21953658639227,77.08083657593573,77.41953327783678,77.12789578720464,76.21953658639227,74.75358785665898,72.8499156302037,70.6435710602351,68.26960836061878,65.84154568982589,63.38674834282446,60.91105839404888,58.420348579001555,55.9205460303817,53.4176737700281,50.917922457975564,48.427772796642486
41.46411466290135,43.517932075247984,45.51837436210006,47.48276555441873,49.42950544502132,51.37758541204063,53.34633010188233,55.35525642748499,57.42399484491945,59.552426681158266,61.66119556078958,63.65114132664537,65.42312083139089,66.91978741598012,68.25093317036502,69.56814169524742,71.02300154447502,72.70097098530297,74.42297692693387,75.96939911091079,77.22296707805671,78.08426757619935,78.42296445205298,78.13132681245668,77.22296707805671,75.75701721317975,73.853342806923,71.64699417075845,69.27302404543225,66.8449481655079,64.39012738164587,61.91439572615663,59.423611569866125,56.92367646760738,54.420568109715646,51.92039732985335,49.42950544502132
42.459088887851166,44.5160957331423,46.518483832841994,48.484084695164505,50.43158846661056,52.38015655280586,54.34921551380825,56.35834475832897,58.427213912405676,60.55572875698604,62.66454811955808,64.65452357141046,66.42652018758383,67.92319667268461,69.25434877918644,70.57156193740471,72.0264255090238,73.70439794771809,75.42640597003779,76.97282943495733,78.22639815297293,79.08769905479144,79.42639606871143,79.13475831088206,78.22639815297293,76.76044738713057,74.8567712507606,72.6504193872433,70.2764433680934,67.84835700396948,65.39351761793185,62.91775285877483,60.42690969455535,57.926869374121935,55.423573592907786,52.92306977824833,50.43158846661056
43.455796471258424,45.51534196302515,47.51927719969305,49.48583925682521,51.43394975489197,53.382905438602805,55.35221390944061,57.361504240514506,59.43047717231758,61.55905790536316,63.66791733802603,65.65791635231102,67.42992655007218,68.92661089330835,70.25776804153222,71.57498487725502,73.02985140335183,74.70782622146194,76.42983589522902,77.97626037683497,79.22982969081686,80.09113091303337,80.42982803653683,80.13819018486575,79.22982969081686,77.76387820987696,75.86020070031299,73.65384627523724,71.279865578135,68.85177089263027,66.3969167418301,63.9211257076274,61.43023570673918,58.93011186810713,56.42666730837301,53.92589909892129,51.43394975489197
44.4538841461097,46.515449111238,48.520614044348854,50.48793968314179,52.43653201411408,54.38579544579325,56.355301998503506,58.36472020277475,60.43377551056484,62.56240854228156,64.67129977970181,66.66131749590605,68.43333847353082,69.9300290538325,71.26119020370118,72.57840995827598,74.03327882935199,75.71125553601053,77.43326652053457,78.979691809086,80.23326159608703,81.0945630726038,81.43326028308374,81.14162235693041,80.23326159608703,78.76730954757338,76.86363094810315,74.65727448991281,72.28329007990389,69.8551887896732,67.40032291994342,64.92451103081544,62.43358385435059,59.93339372319909,57.42983106493955,54.92885296430464,52.43653201411408
45.453069935798936,47.51624063216248,49.52238266983822,51.4903147932219,53.439289727759046,55.388797489511504,57.358461288759955,59.36798099784744,61.43710169225923,63.56577623532462,65.67469271689376,67.66472527707575,69.43675481077861,70.93345034147981,72.26461466747338,73.58183673875182,75.03670747104442,76.71468567664796,78.43669770152192,79.98312363054697,81.23669379298386,82.09799547133898,82.43669275085222,82.14505476558224,81.23669379298386,79.77074129398629,77.86706182945596,75.66070375757877,73.2867164006254,70.85860986819398,68.40373469706188,65.9279062551119,63.43694957156089,60.936706821430505,58.433050420158935,55.931905703010784,53.439289727759046
46.55312902893607,48.6175760101061,50.624494266333954,52.592908027640405,54.542186743585376,56.491888474580094,58.4616770986687,60.47127737961213,62.54044997441724,64.66915746623738,66.77809398453942,68.76813832655475,70.54017465128089,72.03687411114035,73.36804095803679,74.68526486808997,76.14013707763462,77.81811647295348,79.54012932355465,81.08655576092434,82.340126221345,83.20142805989937,83.54012539420441,83.24848736201355,82.340126221345,80.8741733647979,78.97049321366839,76.76413386100538,74.39014416505529,71.96203347186987,69.50715091815835,67.03130933806304,64.54032923421104,62.04004471874951,59.53631390846499,57.03503693146462,54.542186743585376
47.5538823556935,49.61934347045627,51.62687824705324,53.59567445534749,55.545194351302044,57.49505006372419,59.464937772809094,61.47460200835805,63.543815798420994,65.67254944242569,67.78150186416948,69.77155555753316,71.54359727233563,73.04029985078489,74.3714686985301,75.68869406802344,77.14356745006597,78.82154778966375,80.54356129564556,82.08998813648893,83.34355883341956,84.2048607991242,84.54355817691754,84.25192010748552,83.34355883341956,81.87760569308509,79.97392499700109,77.76756462777661,75.39357307536025,72.96545907977178,70.51057066647064,68.03471865852055,65.54371996564129,63.043402299993915,60.53961242800153,58.03823046605579,55.545194351302044
48.55518738556468,50.621454141544035,52.629478525167954,54.59857838944734,56.548289753300736,58.49826769846693,60.46823405858291,62.47794905788513,64.5471955458355,66.67594994730938,68.78491499179734,70.77497610739476,72.54702210032731,74.04372715401232,75.37489758983654,76.69212411769064,78.14699843034668,79.82497951941988,81.54699354557806,83.09342070665886,84.34699159130761,85.20829365793156,85.54699107024156,85.25535297125118,84.34699159130761,82.88103822573089,80.97735709711597,78.77099592104544,76.39700289514872,73.96888627843464,71.5139932143537,69.03813292974559,66.54711948254271,64.0467755049325,61.54293875359335,59.041473458595206,56.548289753300736
49.55693073759841,51.62383738736529,53.63225054539251,55.601591489409955,57.5514548486571,59.50152982110859,61.471558611136516,63.48131390351443,65.55058634454477,67.67935722152674,69.78833228480306,71.7783992914714,73.55044867997296,75.04715569825973,76.37832739454583,77.69555484179293,79.1504298930783,80.82841157701102,82.55042601603367,84.09685343128714,85.35042446492795,86.2117266116516,86.55042405135752,86.25878592890669,85.35042446492795,83.88447092057629,81.9807894486612,79.77442763219612,77.40043343679591,74.97231473968893,72.51741798426875,70.04155113043232,67.55052597258727,65.05016111075324,62.54628714996785,60.04475570942101,57.5514548486571
50.55902226063565,52.62643708193808,54.63515891949413,56.60469125136876,58.55467526659268,60.50482725664028,62.474905600186986,64.48469287437086,66.55398591484655,68.6827698686331,70.7917528838961,72.78182456633581,74.55387664991166,76.0505852275076,77.38175792422467,78.69898610119537,80.15386173873176,81.83184389480513,83.55385866151865,85.10028627850917,86.35385743040507,87.2151596407039,87.55385710215398,87.26221896108254,86.35385743040507,84.88790374415959,82.98422199976693,80.77785967502007,78.40386455138349,75.97574420306498,73.52084451781877,71.04497244995693,68.55393799728846,66.05355655937987,63.5496530646285,61.04806912176626,58.55467526659268
51.66139030027357,53.72920863884568,55.73817554425591,57.70785980770766,59.657939598451534,61.608152721808736,63.57827039781431,65.58808305671182,67.65739244727557,69.78618678024547,71.89517610704799,73.88525150066577,75.65730572332944,77.15401553855222,78.48518902931296,79.80241778546629,81.25729388831074,82.93527641912254,84.6572914459246,86.203719223034,87.45729046878901,88.31859272954748,88.65729020825594,88.36565205240531,87.45729046878901,85.9913366699223,84.08765470926399,81.88129198109344,79.50729612071464,77.07917446182702,74.62427245117125,72.14839624491862,69.65735441489322,67.15695982038478,64.65303288399946,62.15140726840994,59.657939598451534
52.66397792041673,54.7321166451119,56.74127810433323,58.711082972929276,60.66123878756319,62.611500435234504,64.5816493305704,66.59148213779308,68.6608045056177,70.78960707662435,72.89860141292652,74.88867975211838,76.66073567258087,78.15744647011019,79.4886205911045,80.80584980695573,82.26072627911566,83.93870910735768,85.6607243405922,87.20715224478802,88.4607235650391,89.32202586584745,89.66072335825386,89.36908519067299,88.4607235650391,86.9947696767849,85.09108754447635,82.8847244961081,80.5107280509763,78.0826053518882,75.62770149555047,73.15182200464476,70.66077431917533,68.1603692821654,65.65642373982183,63.15476504755125,60.66123878756319
53.76673989051885,55.835132977859146,57.84444888184494,59.81434948550097,61.76456564462664,63.714865807819265,65.68503948267043,67.69488828192206,69.76422094992355,71.8930300595106,74.00202837187254,75.99210904897434,77.76416631698302,79.2608778941705,80.59205251538194,81.90928209609586,83.36415886138182,85.04214192569447,86.76415732277451,88.31058532783894,89.56415670721759,90.42545903981352,90.76415654309203,90.47251836620086,89.56415670721759,88.09820274801645,86.19452047946902,83.98815717695965,81.61416026770881,79.1860367430125,76.73113142175393,74.25524932381097,71.76419699085243,69.26378366555979,66.75982335545511,64.2581384095656,61.76456564462664
54.86964028563739,56.93823530612451,58.947673810204606,60.917650405565624,62.867914462849086,64.81824519693228,66.78843853974905,68.79830003206685,70.86764087539845,72.99645517468937,75.10545664286295,77.09553917556912,78.86759751312738,80.36430970913051,81.69548472736483,83.01271459767062,84.46759159561091,86.14557484729296,87.86759037441739,89.4140184595413,90.66758988584951,91.5288922436753,91.86758975558294,91.5759515713022,90.66758988584951,89.20163587033773,87.29795349365743,85.09158998943605,82.71759271181361,80.28946853183112,77.83456204786285,75.35867788070911,72.86762185902327,70.3672019552761,67.86322992386427,65.3615241400606,62.867914462849086
55.972650576092335,58.04140589962179,60.05094172230085,62.02097863656299,63.97128071234235,65.92163571125113,67.89184466482683,69.90171623175407,71.97106356389638,74.09988198227634,76.20888595522612,78.19896996072896,79.97102914719021,81.46774183434803,82.79891716769978,84.11614726785487,85.57102445045314,87.2490078508504,88.97102348119111,90.51745162985823,91.77102309341451,92.63232547126523,92.97102299002188,92.679384799876,91.77102309341451,90.30506903320897,88.40138657070352,86.1950229063832,83.82102533638391,81.39290063630021,78.93799322948786,76.46210741999784,73.97104847055928,71.47062334546393,68.96664201076418,66.46491968764315,63.97128071234235
57.07574810775509,59.14463068191324,61.154243753245055,63.12432854532513,65.07466079747749,67.0250350558281,68.9952563998505,71.00513596307373,73.07448844541798,75.20331013313266,77.31231609412896,79.30240126859286,81.07446112882945,82.57117420581724,83.90234978927796,85.21958007186464,86.67445740102605,88.35244091945869,90.07445663172221,91.62088483082364,92.87445632394369,93.73575871768824,94.07445624188092,93.78281804707989,92.87445632394369,91.4085022282647,89.50481969763977,87.29845590624879,84.92445810418982,82.49633299130139,80.04142485202667,77.56553773901192,75.0744764658094,72.57404719651136,70.07005847773652,67.56832302719066,65.07466079747749
58.720764392528665,60.834291755497034,62.91140327497912,64.97039181746405,67.0282278258672,69.09917280338952,71.19368178554971,73.31800019850365,75.47489715152582,77.65333303326275,79.79478065208846,81.83192605550046,83.70152147992269,85.3785648363506,86.95914411040863,88.5562373330062,90.26272276355598,92.10829971969225,93.93744185762174,95.59519347375762,97.0840594653396,98.37130085418173,99.0022294938821,98.50897686363739,97.0840594653396,95.06122632971588,92.66446802281334,90.06825371588735,87.42037140928772,84.82577906693135,82.27680865538035,79.75044009120128,77.23165000095233,74.70885952611664,72.17207235098212,69.61320058751352,67.0282278258672
56.533531544186204,58.60226678256237,60.611790412033855,62.581819768961495,64.53211708146367,66.48246904028993,68.45267603803848,70.46254634275009,72.53189286193137,74.66071076424525,76.7697144233807,78.75979824436226,80.53185732446761,82.02856995009046,83.35974524396234,84.67697531532046,86.13185247478363,87.80983585654891,89.53185147395803,91.07827961466407,92.33185107355368,93.19315344889554,93.53185096679411,93.24021277738305,92.33185107355368,90.86589701894763,88.96221456719489,86.75585092293277,84.38185338956428,81.95372875464214,79.49882146344949,77.02293585972174,74.53187727709071,72.03145280615972,69.52747263703786,67.02575238607812,64.53211708146367
54.72765197316629,56.79601318887288,58.80530974172983,60.775198350581036,62.72540694916384,64.67570228680665,66.64587285709067,68.65571965274682,70.7250510302721,72.85385932066274,74.96285713487823,76.95293751907175,78.72499461825132,80.2217060977583,81.55288065629941,82.87011019130105,84.32498691986234,86.00296995459857,87.72498533115105,89.27141332357803,90.5249846955488,91.38628702416219,91.72498452607856,91.43334635035386,90.5249846955488,89.05903074523633,87.15534849375774,84.94898522308875,82.57498837198568,80.14686495072674,77.6919598130027,75.21607804168599,72.72502629099486,70.22461400411314,67.72065554421562,65.21897388757446,62.72540694916384
53.56037434735161,55.64890115625073,57.688175227111515,59.69760275222694,61.69604784052905,63.70113445733264,65.72860776473834,67.79197716106384,69.90275366249656,72.05524762078232,74.17980850581353,76.19256188623172,78.01200514595831,79.59776369153164,81.05517647016924,82.51832020918951,84.10821500370383,85.87813972942985,87.65976243359009,89.26882284407405,90.65707809996451,91.77007350155176,92.28725045294013,91.87197625314542,90.65707809996451,88.87743247052401,86.71074957249076,84.30632934855181,81.79842016716808,79.29101026706797,76.79200447432413,74.29265818507433,71.7887698325244,69.27802380348106,66.75895185117011,64.23108681027881,61.69604784052905
52.21797046942967,54.28479692718207,56.293161368728846,58.26247210548128,60.21231642047596,62.16237923620524,64.13240020440337,66.14215044852303,68.21141963795307,70.34018845076623,72.44916225882086,74.4392285274171,76.21127749049984,77.70798426264874,79.0391558010162,80.35638313307592,81.81125809182114,83.48923970122613,85.21125408852251,86.75768147193166,88.0112524869058,88.87255462359404,89.21125205986766,88.91961394035607,88.0112524869058,86.54529896495217,84.6416175360479,82.43525579981548,80.061261750938,77.63314331447586,75.17824702153032,72.70238099072981,70.21135730007333,67.71099505476495,65.20712575587365,62.7056026026512,60.21231642047596
51.566714286549214,53.641125570159105,55.658792475103795,57.63946556668722,59.602760428940556,61.56795982674552,63.553818254012896,65.57843275553793,67.65928385745515,69.79471304761947,71.90807444106349,73.9045221070493,75.68995386943894,77.2120780762114,78.57991907201767,79.94047787939279,81.43636566169602,83.14278609485036,84.88346079503133,86.44968492928568,87.74648967833244,88.69104629510264,89.09075248275118,88.75667697438203,87.74648967833244,86.18124063218895,84.19804060713201,81.93398975261415,79.52203626847124,77.0718313059719,74.60476659886977,72.12244621889187,69.62787348605957,67.12461904602984,64.6165048942278,62.10764620318692,59.602760428940556
39.57831615279177,41.6236519955344,43.61890862306281,45.58007170554481,47.52477141322507,49.471547015091275,51.43945161614043,53.44783539371278,55.516224208856016,57.64443405277602,59.75306791636271,61.742934284669104,63.51486802263935,65.01150812669937,66.34263689119702,67.65983302332583,69.11468291626178,70.79264433866477,72.51464471504337,74.06106347285717,75.31462943163517,76.17592885005638,76.51462535662051,76.22298803326501,75.31462943163517,73.84868197659046,71.94501219790087,69.73867219398096,67.36471783288496,64.9366699948903,62.48189896537322,60.00625584873636,57.51562950851515,55.01597579158013,52.51336859847794,50.01408814846522,47.52477141322507
40.568683733966466,42.61893161214135,44.61719346272663,46.58022807986427,48.526110909070326,50.47364304707591,52.44203495295058,54.45073346385661,56.51932509282264,58.64766372409889,60.75637591769086,62.74628834922578,64.51824863937806,66.01490410651058,67.34604272796449,68.66324604995876,70.11810171921184,71.79606779364863,73.51807139881089,75.06449214437714,76.31805926834758,77.17935931318961,77.51805603400402,77.22641852717544,76.31805926834758,74.85211041519338,72.94843795173458,70.7420929396605,68.36812943266963,65.94006532569166,63.48526543048763,61.00957094712663,58.51885304938297,56.01903608927333,53.516138160906536,51.01634124828949,48.526110909070326
41.56171871635018,43.615882418687505,45.6165360818935,47.58105872490454,49.52788164063216,51.47601466744847,53.44479352217826,55.45374190857085,57.522494539822205,59.65093540100787,61.75970976938993,63.74965876287813,65.52164012808552,67.01830778912353,68.34945423415351,69.6666632628041,71.12152351675607,72.79949328353317,74.52149945139138,76.06792177464149,77.32148982342736,78.18279036546056,78.52148725632574,78.2298496038743,77.32148982342736,75.855539860591,73.95186526622396,71.74551627915878,69.37154551301492,66.94346849317714,64.48864568676615,62.01291043205096,59.52211986013111,57.02217331823293,54.51904458372033,52.018837598324524,49.52788164063216
42.55688111110817,44.61416366746336,46.6167198652714,48.58242518933665,50.52999490986784,52.47860513087133,54.447691217270446,56.456837975011666,58.525718412038856,60.65424042028775,62.76306413949442,64.75304215319724,66.52504024604879,68.0217175855388,69.35287024021122,70.6700837982734,72.12494769112402,73.80292038852528,75.52492859040208,77.07135216586308,78.32492094867641,79.1862218853309,79.5249189111656,79.23328114313307,78.32492094867641,76.8589701050835,74.95529381941006,72.74894167738194,70.37496514961212,67.9468778807304,65.49203688936991,63.01626927342778,60.525421016874844,58.02537161601708,55.52205965940745,53.021527100618684,50.52999490986784
43.55373856226687,45.61350343046871,47.6175722942444,49.584217344282834,51.532380218966296,53.48136935847316,55.45069936424014,57.4600035978096,59.52898548580151,61.657571905009576,63.76643479566812,65.7564358433436,67.528447213163,69.02513223453545,70.3562898178459,71.67350697092675,73.12837375198627,74.80634877543281,76.52835859171478,78.07478316105761,79.32835252646954,80.18965377633542,80.5283509092956,80.23671304952627,79.32835252646954,77.86240098381896,75.95872335575254,73.75236870962212,71.37838760882639,68.9502922052099,66.49543678024857,64.01964347856514,61.528749435734795,59.02861838947598,56.52516098977139,54.02436996118723,51.532380218966296
44.55194551462151,46.61368494307367,48.61895606711755,50.58634762887645,52.534981551873045,54.48427154586645,56.45379519431947,58.463224434422216,60.53228685131435,62.66092439636492,64.76981837848159,66.75983770861944,68.53185961651882,70.0285507350621,71.35971223026132,72.6769322367245,74.13180131016514,75.80977817979971,77.53178927743805,79.07821463562635,80.33178446344749,81.19308596190959,81.5317831798953,81.24014524731439,80.33178446344749,78.86583236595399,76.9621536724282,74.7557970387863,72.38181230836463,69.95371044816511,67.49884356712316,65.02302987826376,62.53209949361005,60.03190364145314,57.52833079112534,55.02733457584415,52.534981551873045
45.5512261819386,47.614535567310895,49.62076197146767,51.58874645039184,53.53775440957453,55.48728325916349,57.456960629491036,59.466489098614375,61.53561543588347,63.66429356132522,65.77321222141394,67.76324606259512,69.53527633466456,71.03197229257123,72.36313689265512,73.6803591638582,75.13523005676817,76.81320839172605,78.53522050637903,80.08164649067496,81.33521668551077,82.19651838128388,82.53521566675451,82.24357767638297,81.33521668551077,79.86926414763784,77.96558460845553,75.75922639732212,73.38523878605633,70.95713180123838,68.50225582742111,66.02642595700397,63.53546672705049,61.035219435960926,58.531554944623906,56.03039584792512,53.53775440957453
46.651360710293055,48.71591790623573,50.72290317634006,52.691358512724676,54.640663448563515,56.590381920333726,58.560181317168,60.56978855151759,62.63896562528788,64.7676759605308,66.87661420795808,68.86665956671524,70.63869647748785,72.13539627642228,73.46656334086518,74.78378740959909,76.23865974662607,77.91663924461372,79.63865216647258,81.18507864771084,82.43864913384655,83.29995098622561,83.63864832525903,83.34701028901902,82.43864913384655,80.97269624644406,79.06901603606316,76.8626565728723,74.48866667507392,72.06055562282782,69.60567243202075,67.1298297181381,64.6388475931665,62.138559473420955,59.634822241659464,57.13353385037581,54.640663448563515
47.65217399261082,49.71772267149597,51.72531066993328,53.694139889285424,55.643680601161066,57.593549602855575,59.56344586313952,61.57311561796412,63.64233296312668,65.77106886401344,67.88002265818574,69.87007715854554,71.64211933849626,73.13882218607063,74.46999120648309,75.7872167019217,77.24209018514716,78.9200706062333,80.64208416877244,82.18851104443434,83.44208176177501,84.30338373845234,84.64208111999858,84.35044304735274,83.44208176177501,81.97612859695059,80.0724478538387,77.86608739688813,75.49209568426443,73.0639814036885,70.60909248472186,68.13323957687645,65.64223927980919,63.141918753362646,60.63812378439627,58.13673276215525,55.643680601161066
48.653526661366385,50.71986297166393,52.72792961822827,54.69705569153032,56.64678358025401,58.596772074452204,60.56674522220439,62.57646460238132,64.64571391210598,66.77447010490357,68.8834362387019,70.8734979948174,72.64554435694012,74.14224962423056,75.4734201971012,76.79064682491828,78.24552121788341,79.92350237163402,81.6455164426818,83.19194363139808,84.44551453224634,85.30681660757928,85.64551402286797,85.3538759213268,84.44551453224634,82.97956114723189,81.07587998129091,78.8695187355921,76.49552558253853,74.06740873962929,71.61251527419981,69.13665427533945,66.64563955487642,64.14529330659983,61.641452509635826,59.13998002298976,56.64678358025401
49.6553078572928,51.722269746809275,53.73071646202729,55.700078213282694,57.64995469038402,59.60003803644548,61.570072214167254,63.57983098378804,65.64910566451871,67.77787796329746,69.88685389116826,71.87692140621917,73.6489710877483,75.14567827557426,76.47685008063439,77.79407760722225,79.24895272224904,80.9269344575163,82.64894893216785,84.19537636935564,85.44894741585398,86.31024956948997,86.6489470115601,86.35730888708468,85.44894741585398,83.9829938560746,82.0793123545338,79.87295048280467,77.49895618647992,75.07083730984138,72.61594023586972,70.14007281512784,67.64904664668586,65.14867998259216,62.64480281069524,60.14326566182696,57.64995469038402
50.65742943778823,52.72488812463007,54.73363660478584,56.703185454604466,58.65317988277164,60.60333851948562,62.57342113946413,64.5832111736259,66.65250599178857,68.78129107406998,70.89027477556729,72.88034686151238,74.65239917766507,76.14910788982465,77.48028067287586,78.7975089128195,80.2523846009475,81.9303667977651,83.65238159275734,85.19880922715714,86.45238038925808,87.31368260504323,87.65238006836978,87.36074192569143,86.45238038925808,84.98642669076762,83.082744922861,80.876382554251,78.50238735051049,76.0742668596975,73.61936692161618,71.14349440379925,68.65245914901342,66.1520762806311,63.64817023715773,61.14658176340453,58.65317988277164
51.7598213471245,53.82767451549104,55.83666257233958,57.80635994812641,59.75644800444503,61.706666403597396,63.67678747394541,65.68660232349454,67.75591312503185,69.8847083536975,71.99369822516783,73.98377393904929,75.75582834630976,77.25253826833593,78.5837118276202,79.9009406337552,81.35581677675427,83.03379933990483,84.75581438915171,86.30224218007885,87.55581343393362,88.4171156990466,88.7558131792444,88.46417502211838,87.55581343393362,86.08985962534808,84.1861776460267,81.97981488304197,79.6058189590846,77.1776971870989,74.72279497576739,72.24691841238398,69.75587594571377,67.25548021582543,64.75155125647963,62.24992204459785,59.75644800444503
52.76242792090453,54.83059429865638,56.83977254905783,58.8095878262029,60.75975020174211,62.7100160370243,64.68016762653745,66.69000217251654,68.75932566024579,70.88812894217219,72.99712371077956,74.98720230416555,76.75925837114295,78.25596925344229,79.58714342882382,80.90437268434555,82.35924918837624,84.03723204228557,85.75924729333454,87.30567520849753,88.5592465351774,89.42054883944192,89.7592463330304,89.46760816443727,88.5592465351774,87.09329263920932,85.18961049208787,82.98324741608761,80.60925092049342,78.18112813163927,75.72622411602482,73.25034434166348,70.75929615088629,68.25889021271709,65.75494306472451,63.25328151799816,60.75975020174211
53.8652049397151,55.93361998074025,57.94294921395657,59.912858079691034,61.86307944653467,63.81338293356825,65.78355874684344,67.79340892616902,69.8627424830483,71.99155215689622,74.10055081238035,76.0906316912367,77.86268907553446,79.35940072000403,80.69057538438267,82.00780499658309,83.46268178716488,85.14066487184968,86.86268028306912,88.40910829683818,89.66267968131937,90.5239820166585,90.86267952087519,90.57104134318058,89.66267968131937,88.19672571599571,86.29304343569132,84.08668011125033,81.7126831619475,79.28455956600372,76.829654118327,74.3537717954047,71.86271906138158,69.36230502083356,66.85834343630914,64.35665622478828,61.86307944653467
54.96811728227681,57.03672973084281,59.046178815639465,61.01616196912532,62.966430159981385,64.91676353228205,66.88695857240114,68.89682116009831,70.9661627089383,73.09497745608559,75.20397919659622,77.19406188943535,78.96612031929246,80.46283256869748,81.79400762119364,83.11123751649029,84.56611453450793,86.24409780235936,87.96611334070622,89.51254143273898,90.7661128630971,91.62741522310013,91.96611273575246,91.67447455083402,90.7661128630971,89.30015884272589,87.39647645671404,85.19011293508558,82.81611562567379,80.38799138914217,77.93308480483566,75.45720045911536,72.96614411910343,70.46572364765461,67.96175060472554,65.46004302265864,62.966430159981385
56.07113705748782,58.139906215852506,60.1494504372705,62.119492557040346,64.06979791376706,66.0201550066828,67.99036530742974,70.00023774376893,72.06958563587716,74.19840440972234,76.30740859882667,78.29749273142733,80.06955199114631,81.56626472068925,82.89744008123466,84.21467020122503,85.66954739975868,87.3475308129896,89.06954645223756,90.61597460638825,91.86954607315894,92.73084845273773,93.06954597208542,92.7779077814334,91.86954607315894,90.40359200909646,88.49990953918453,86.29354586104819,83.9195482658177,81.4914235208509,79.03651603439997,76.56063008318141,74.06957088108663,71.5691453054043,69.06516316785671,66.56343941743404,64.06979791376706
57.17424211850715,59.243135674742234,61.25275541267334,63.22284433656955,65.17317919289259,67.12355511329062,69.09377752657706,71.10365777985854,73.17301070665025,75.30183267649875,77.41083880905737,79.40092408439895,81.17298400278031,82.66969711340923,84.00087271845359,85.31810301678351,86.77298035859283,88.45096388721159,90.1729796065448,91.71940780999854,92.97297930566987,93.834281700786,94.17297922544779,93.88134103024504,92.97297930566987,91.50702520692961,89.60334267042619,87.39697886806944,85.02298104598441,82.59485589747221,80.13994769498828,77.66406046948339,75.17299899574712,72.67256936881677,70.16858001281733,67.66684342940934,65.17317919289259
58.91014396195894,61.02227252592175,63.097281422127,65.15354191397644,67.20814731911052,69.27555842291414,71.36652208456692,73.4876617762864,75.64218133014916,77.8192904547721,79.95987846168964,81.99578778751997,83.86286234416089,85.53538771785924,87.11001247909036,88.70080985607915,90.40196406321131,92.24415412868942,94.0711975051698,95.7268212602959,97.21136209334628,98.49133612233294,99.11766909755116,98.62755439265297,97.21136209334628,95.19914982433087,92.81297639413555,90.22600348147442,87.58511487650023,84.99498797987164,82.44861532022414,79.92366354097723,77.40565833308524,74.883504112435,72.34765579514533,69.7904360553122,67.20814731911052
56.74261575157962,58.81138093565481,60.82092274439795,62.790963368802394,64.74126778302515,66.69162427440456,68.66183418815555,70.67170637474266,72.74105410599198,74.86987277772427,76.9788769047349,78.96896100082469,80.7410202394993,82.23773295686644,83.56890830960009,84.88613842389243,86.3410156178484,88.01899902739265,89.74101466408186,91.28744281665732,92.54101428250462,93.402316661587,93.74101418076489,93.44937599025828,92.54101428250462,91.0750602195501,89.17137775176582,86.96501407759833,84.5910164896159,82.16289175754247,79.70798429396892,77.23209838346408,74.74103925394871,72.24061380770449,69.73663190078739,67.23490856037934,64.74126778302515
54.936689790585035,57.00509852502637,59.01442392919682,60.984330421514386,62.93455029235767,64.8848528245654,66.85502802354476,68.86487780642258,70.93421110795788,73.06302061971311,75.17201917663009,77.16209999752931,78.93415734842125,80.43086897356301,81.7620436255412,83.07927322869665,84.5341500120118,86.21213309084439,87.93414849800207,89.48057650927058,90.73414789228599,91.59545022683709,91.93414773078429,91.64250955332048,90.73414789228599,89.26819392872113,87.36451165179409,85.15814833365333,82.78415139585603,80.35602782037918,77.90112240901804,75.42524015072456,72.93418753191344,70.43377369683358,67.92981247840608,65.42812591772328,62.93455029235767
53.760991159798294,55.84886165337875,57.887135009546284,59.89523814492702,61.89207558557156,63.89535288054137,65.92095533456603,67.98259778453047,70.0920508279487,72.24379398629591,74.36786365717127,76.37990402453127,78.1978682508005,79.78088916421538,81.23451294283097,82.6934082036287,84.27949337719461,86.04688902991296,87.82689970375904,89.43428930350512,90.81903014604406,91.92573593745072,92.43866347589908,92.02631473407908,90.81903014604406,89.0477371995029,86.88852385665064,84.4900258073123,81.98627173052199,79.48138103446004,76.98379573001553,74.4852107075219,71.98174008551806,69.4713306153464,66.95275194078661,64.42574531571104,61.89207558557156
52.42681796769325,54.493763988430146,56.50220106370975,58.47155683771874,60.4214295464954,62.37151048710054,64.34154311712089,66.35130088784871,68.42057492519034,70.54934681553578,72.65832249503839,74.64838986404851,76.42043946140095,77.91714660052415,79.24831837433726,80.56554587813329,82.02042097484934,83.69840269536996,85.42041715978657,86.96684459067339,88.22041563347821,89.0817177851285,89.42041522651948,89.12877710262565,88.22041563347821,86.75446207813066,84.85078058510032,82.64441872924664,80.27042446191402,77.8423056368487,75.38740865438587,72.91154139649638,70.42051551836406,67.92014937199758,65.41627312254295,62.91473761348092,60.4214295464954
51.77363448673671,53.84786578853327,55.865256038423894,57.84555879361382,59.80839755946593,61.77307484559604,63.758383343211776,65.78248088506614,67.86292959487078,69.99812806225395,72.11133753372889,74.10756330028237,75.89252948386837,77.41377261867514,78.7803510244202,80.13943098894114,81.63393211133892,83.33939842935551,85.079450356731,86.64501658776346,87.9403945428729,88.88224198069517,89.2799945486473,88.94727515312579,87.9403945428729,86.37844302270379,84.39793676795988,82.13587016839988,79.72523616902917,77.27580388498043,74.80916614606147,72.32707206081434,69.83262276377756,67.32946739594574,64.82149784359721,62.31288908594543,59.80839755946593
39.681379323822384,41.72728039075669,43.72288310604976,45.68426182546837,47.62909789401973,49.5759607078151,51.54392149147911,53.55234155842379,55.62075375963238,57.74897845427222,59.85762135043427,61.847493030560216,63.61942983044011,65.11607170612629,66.44720160730324,67.76439856855063,69.21924912759891,70.89721108646489,72.61921183518054,74.16563082221816,75.41919691536395,76.28049640602288,76.61919293729397,76.3275555927807,75.41919691536395,73.95324929909188,72.04957921079983,69.8432386293496,67.46928321356884,65.04123349947513,62.5864591412535,60.1108101012083,57.62017320308786,55.12050066235534,52.61785994571562,50.11851994933133,47.62909789401973
40.67205377063816,42.72275243893283,44.72128981223811,46.68449590894553,48.630487100183714,50.57808851240193,52.546525032644524,54.555252355523706,56.623862549686805,58.75221296942493,60.86093233271333,62.850848980438485,64.622811700903,66.11946857420494,67.45060809785512,68.7678120779284,70.22266827587939,71.90063477610951,73.6226386767969,75.16905960429875,76.42262683491721,77.28392693709439,77.62262367751876,77.33098615389721,76.42262683491721,74.95667785379649,73.05300514460535,70.84665967414307,68.4726953300418,66.0446297339828,63.58982719672119,61.114128011749926,58.62340173357069,56.12356983102187,53.620645288728525,51.12080109429233,48.630487100183714
41.66533361635308,43.71985648801384,45.72072936048082,47.68538831435137,49.63229732058742,51.58048536447387,53.54929964364369,55.55827090383653,57.627038272603826,59.75548849120375,61.8642685505157,63.85422089051994,65.6262041847134,67.12287296184698,68.454020122959,69.77122967393173,71.22609034751413,72.90406045224512,74.6260668546625,76.17248932231527,77.42605745574785,78.28735804328804,78.62605494971768,78.33441728393763,77.42605745574785,75.96010739134425,74.05643260193891,71.85008325104944,69.4761118204865,67.04803361875156,64.5932087152984,62.117469728787924,59.62667250491796,57.12671410194963,54.623564239993854,52.123319714492254,49.63229732058742
42.660691186631354,44.7182596878818,46.72099020511136,48.68680385012573,50.63444195341441,52.58309586298971,54.55221007460514,56.56137499089954,58.63026712655592,60.75879656236019,62.86762479867389,64.85760546858613,66.62960509250388,68.12628331785098,69.45743654088335,70.77465051351572,72.22951473942892,73.90748770506528,75.6294960931123,77.17591978318592,78.42948863318344,79.29078960595692,79.62948664414515,79.3378488655337,78.42948863318344,76.9635377089765,75.05986126850075,72.85350883770427,70.47953178258211,68.05144357561998,65.59660091981098,63.120830341862415,60.62997680540495,58.12991798962305,55.6265892616581,53.12602689938882,50.63444195341441
43.65770407291353,45.717696447367864,47.72190387883342,49.68863498589498,51.63685216922761,53.58587599792655,55.555228332250906,57.56454698054577,59.6335381546626,61.76213046948486,63.87099694550783,65.86100010146717,67.63301268651288,69.12969841099778,70.46085644541913,71.77807392754637,73.23294097295886,74.91091620930433,76.63292617334996,78.17935083366102,79.43292025239715,80.29422153093068,80.63291867369585,80.34128080553003,79.43292025239715,77.96696864576307,76.06329089482983,73.85693601950325,71.48295450014604,69.05485835196961,66.60000160591886,64.12420595323988,61.633307719590135,59.13316920020554,56.62969848749688,54.12888379890944,51.63685216922761
44.656034725951095,46.71795507490412,48.723336312935864,50.690796230320615,52.63947327906453,54.58879081442825,56.55833218857177,58.56777287108133,60.63684265895333,62.7654848835825,64.87438171148935,66.86440271500413,68.63642558744075,70.13311726404925,71.46427911729756,72.78149938492615,74.23636866818455,75.91434570679749,77.6363569217161,79.182782352106,80.43635222225063,81.29765374346626,81.63635096923421,81.34471302998901,80.43635222225063,78.97040007397335,77.06672128292797,74.86036446737266,72.48637940473749,70.05827695357715,67.60340902397593,65.1275934690989,62.63665975809113,60.13645797419818,57.63287455634253,55.131859558975506,52.63947327906453
45.65541378431079,47.718866986608575,49.72518087205428,51.693219637743304,53.642261839056914,55.591812553628316,57.56150399505296,59.571041546922686,61.64017373490627,63.768855574674745,65.87777649352188,67.86781166288266,69.63984270051306,71.13653910135926,72.46770398562822,73.78492646411914,75.23979752356198,76.91777599263833,78.63978820037681,80.18621424197924,81.43978447040725,82.30108618423989,82.63978347588727,82.34814548022626,81.43978447040725,79.9738318922272,78.07015227564347,75.86379392012509,73.48980604518061,71.06169859131475,68.60682178524914,66.13099043375321,63.640028563608695,61.13977656430043,58.636103684887544,56.134929678865916,53.642261839056914
46.755626538200616,48.82029802073976,50.827352777623105,52.79585122216466,54.74518334432233,56.69491917373243,58.66472974019459,60.67434418409309,62.74352590180783,64.87223918520374,66.98117922544232,68.9712256383886,70.7432631567919,72.23996330728949,73.57113059729105,74.88835483054986,76.34322729975435,78.02120690419201,79.74321989993297,81.28964642665548,82.54321693945332,83.40451880616624,83.74321615010214,83.4515781096639,82.54321693945332,81.07726402005903,79.17358374824454,76.9672241704551,74.59323406337444,72.16512263884347,69.71023878747656,67.23439489804849,64.74341067751678,62.24311882073168,59.73937493095714,57.238074704893975,54.74518334432233
47.7565019918365,49.82214146778112,51.82978465122946,53.79864809861178,55.74821039352739,57.69809317412708,59.667998300626834,61.67767377803227,63.746894809240416,65.87563305013441,67.9845882672831,69.9746436043611,71.74668626659148,73.24338939320285,74.57455859264186,75.89178421866424,77.34665780679924,79.02463831237492,80.74665193355438,82.29307884531713,83.54664958381957,84.4079515718737,84.74664895731107,84.45501088133307,83.54664958381957,82.08069639360323,80.17701560173145,77.97065505382386,75.5966631750924,73.16854859903302,70.71365915577718,68.23780531489297,65.7468033545539,63.24647986193904,60.742679608256765,58.24127919196238,55.74821039352739
48.7579040588045,50.824312490114146,52.83242295805715,54.80157620639844,56.751321228897154,58.70132066076633,60.671300846190746,62.681024768608694,64.75027700404068,66.87903505413892,68.98800231736769,70.97806473759171,72.7501114825019,74.24681697126485,75.57798768622928,76.89521441769097,78.35008889392293,80.028070114733,81.75008423232364,83.29651144969321,84.55008236733758,85.41138445170031,85.75008187007738,85.45844376589147,84.55008236733758,83.08412896216956,81.1804477575278,78.9740864396363,76.60009315474278,74.17197607730762,71.71708219574799,69.24122045632933,66.75020441571107,64.24985581313595,61.74601082153424,59.244530878329996,56.751321228897154
49.75972449543099,51.82674366233031,53.8352251718415,55.80460849712887,57.754498575398955,59.70459060354413,61.674630367417876,63.684392742359876,65.7536697452833,67.88244351822503,69.99142034253374,71.98148838469102,73.75353837003988,75.25024573364914,76.5814176514894,77.89864526034017,79.35352044145596,81.03150222994836,82.75351674154103,84.29994420147096,85.5535152613004,86.41481742210331,86.75351486662467,86.46187674005014,85.5535152613004,84.08756168552509,82.18388015326747,79.9775182242389,77.60352382327262,75.17540476049044,72.72050735623506,70.24463934770858,67.75361213144893,65.25324359871627,62.74936309743498,60.247820029981895,57.754498575398955
50.76187724230061,52.82938141223383,54.83815751698458,56.80772349339372,58.75772871812782,60.707894246350804,62.67798130028022,64.68777419607687,66.75707085740129,68.88585710974078,70.99484152274661,72.98491402705824,74.75696658435355,76.2536754360327,77.5848483085977,78.90207661383349,80.35695235441639,82.03493459347888,83.75694941779129,85.30337707024157,86.55694824292338,87.41825046439693,87.75694792966904,87.46530978532462,86.55694824292338,85.09099453173695,83.18731273945035,80.98095032536177,78.60695503856715,76.17883440001164,73.72393419978334,71.24806121543953,68.75702512899409,66.25664077745253,63.752732091383166,61.251138919850405,58.75772871812782
51.86429390165196,53.93218318384193,55.94119317160599,57.91090414283721,59.86100076922342,61.81122463850693,63.78134922822217,65.79116634910879,67.86047861358729,69.98927477093761,72.09826520713594,74.08834125307636,75.86039585173228,77.35710588449541,78.68827951482692,80.00550837278438,81.46038455741696,83.13836715409732,84.86038222661564,86.40681003186944,87.66038129412229,88.52168356375017,88.86038104549215,88.56874288704375,87.66038129412229,86.19442747545995,84.29074547678816,82.08438267770704,79.71038668782951,77.28226479858039,74.82736237918229,72.35148544551501,69.86044231875225,67.36004541166734,64.85611435485274,62.354481414217545,59.86100076922342
52.866920127883404,54.93511517793799,56.94431083823328,58.914136907388,60.86430608551525,62.81457626265559,64.78473064557936,66.79456699435575,68.86389164323651,70.99269566226603,73.10169087910043,75.09176973604258,76.86382595493089,78.36053692512235,79.69171115689413,81.00894045354738,82.46381699062266,84.1417998711446,85.86381514066416,87.41024306719822,88.66381440054363,89.52511670839161,89.86381420320572,89.57217603356301,88.66381440054363,87.19786049657759,85.29417833409774,83.08781522944773,80.71381868153266,78.2856957996064,75.83079161884913,73.3549115505925,70.8638628358971,68.36345596337863,65.85950715059936,63.3578426442818,60.86430608551525
53.9697127501191,56.03815055387547,58.047493607422325,60.01741103959854,61.967637805988076,63.91794473929042,65.88812276975186,67.89797437998102,69.96730885847589,72.09611911736647,74.20511812860995,76.19519921665142,77.9672567215212,79.4639684357508,80.79514314488647,82.11237278973306,83.56724960654235,85.24523271234958,86.96724813822914,88.51367616102344,89.76724755079505,90.62854988897837,90.96724739416786,90.67560921564021,89.76724755079505,88.30129357912342,86.397611286629,84.19124793944876,81.81725094861876,79.38912727880357,76.93422170005276,74.45833914386513,71.9672859940063,69.46687121185987,66.96290830597792,64.46121874537903,61.967637805988076
55.07263748044522,57.141267999274845,59.15072805459117,61.12071800778172,63.07099048446696,65.02132659215718,66.99152339209269,69.00138711551287,71.07072939584533,73.19954460734351,75.30854663022137,77.29862948909116,79.07068801464644,80.56740031942007,81.89857540743995,83.21580532864786,84.6706823674823,86.34866565209865,88.07068120208122,89.61710930127734,90.87068073583447,91.73198309809496,92.0706806115194,91.77904242593974,90.87068073583447,89.40472671042487,87.50104431473784,85.29468077506112,82.92068343268923,80.49255913752577,78.0376524491856,75.56176791832218,73.07071124826024,70.57029018820133,68.06631609650034,65.56460664993813,63.07099048446696
56.17566708992213,58.2444505928523,60.25400352240669,62.224051039430435,64.17435979795228,66.1247190620012,68.0949307595371,70.10480409730914,72.1741525700069,74.30297171240903,76.41197612562894,78.40206039000836,80.17411972568311,81.6708324991722,83.00200788791281,84.31923802846896,85.77411524352492,87.45209867006216,89.17411431854539,90.72054247838165,91.97411394848508,92.83541632985562,93.17411384981612,92.88247565863934,91.97411394848508,90.50815988042362,88.6044774028325,86.39811371037128,84.02411608898032,81.59599129747738,79.14108372845479,76.66519763028786,74.17413816623161,71.67371212336721,69.16972915340266,66.66800392310967,64.17435979795228
57.27877995772094,59.347684900623676,61.357311550729634,63.327404758633705,65.27774231504536,67.22811995870637,69.19834348063864,71.20822444939343,73.27757783700164,75.40640009937488,77.51540640981445,79.50549178974907,81.27755176841659,82.77426491392558,84.10544054134849,85.42267085600152,86.8775482109246,88.55553175010456,90.27754747676784,91.82397568473421,93.07754718305075,93.93884957958896,94.27754710473715,93.98590890911788,93.07754718305075,91.6115930811365,89.70791053853809,87.50154672481166,85.1275488819631,82.69942369651511,80.24451542849397,77.76862808635593,75.27756640470034,72.77713640696606,70.27314639027303,67.77140863227893,65.27774231504536
59.023743102765806,61.13448619179702,63.207410820853354,65.26096408084972,67.31235915017125,69.37625309126288,71.46368245243534,73.581648399267,75.73379123868848,77.90957285654304,80.04930033257467,82.0839716617248,83.94851924936988,85.61650834658258,87.18514001120289,88.76958277652051,90.46534149618431,92.30409691240341,94.12900922305721,95.7824702443992,97.26260844168695,98.53516496266694,99.15679435415325,98.66989235244037,97.26260844168695,95.26119151099377,92.88572406885291,90.30805551864219,87.67418192695908,85.08852226887672,82.54474418136637,80.02120614641296,77.50398373991746,74.98246387922607,72.44755128576627,69.89197707477965,67.31235915017125
57.1335826527354,59.20240010666019,61.211973646615846,63.182033937780375,65.13235074759318,67.08271515021944,69.05293015363182,71.06280562488502,73.13215547170199,75.26097548639163,77.36998043004006,79.36006500630879,81.13212452175283,82.62883739925203,83.96001285472396,85.2772430439545,86.73212029811482,88.41010375614496,90.13211942648596,91.67854759977854,92.93211907776985,93.79342146338101,94.1321189847919,93.84048079237304,92.93211907776985,91.46616500024376,89.56248250447774,87.35611877811294,84.98212109480635,82.55399619316339,80.09908842871329,77.6232019827543,75.13214189869711,72.63171475012268,70.12772981002222,67.62600107721968,65.13235074759318
55.32757571665638,57.39606739643693,59.405443160202,61.37538086741766,63.325620413373855,65.27593550322703,67.2461187812631,69.25597377811016,71.32531043785409,73.45412208140337,75.56312193464538,77.55320351777866,79.32526130801381,80.821973187349,82.15314800241393,83.47037772452623,84.9252546034098,86.60323775920887,88.3252532197854,89.87168126394027,91.12525266623315,91.98655501114801,92.32525251863984,92.03361433814058,91.12525266623315,89.65929867953734,87.7556163581921,85.54925295719326,83.17525586807844,80.747132023427,78.29222613445484,75.81634302618329,73.3252888921393,70.82487235480338,68.32090632157562,65.81921120124763,63.325620413373855
54.13101110710636,56.2172564424217,58.253050199415526,60.257868666813636,62.25071423213845,64.24949272075973,66.27043649231466,68.32777238368514,70.43392101080738,72.58378800184974,74.70662956765354,76.71688643578901,78.53114780155462,80.10730319124318,81.55139968560171,82.99957748313922,84.57602078691082,86.33699901459657,88.11291231586253,89.71604944673797,91.09182660101895,92.1824258916335,92.68442430866375,92.27960368587676,91.09182660101895,89.34179558872644,87.20147402228736,84.81787302537273,82.32452849957352,79.82593206135664,77.33189023700402,74.835202567252,72.33277258784825,69.82320129277583,67.30585068061612,64.78098000430082,62.25071423213845
52.81737166114473,54.884526402921765,56.89309026716798,58.86252465499189,60.812446924773866,62.76255950166683,64.7326124867669,66.74238339470227,68.8116658937268,70.94044315567126,73.04942210163918,75.03949139133343,76.81154209575203,78.30824987539887,79.63942206016307,80.95664986371064,82.41152520124344,84.08950711570719,85.81152171473076,87.35794922848595,88.61152031986691,89.47282249763225,89.81151994795513,89.51988181641246,88.61152031986691,87.14556670623304,85.24188510127594,83.03552303663326,80.66152838800517,78.23340888466501,75.77851069870593,73.30264129903148,70.8116116028321,68.3112386474624,65.80735026628108,63.30579319082574,60.812446924773866
52.159219445935946,54.233007402545965,56.249716050113236,58.22910616234326,60.19082057092636,62.15421025815097,64.13816197351976,66.16098353303843,68.24043867642749,70.3750673106116,72.48790151174857,74.48357907112947,76.26739471654167,77.78645937426263,79.14991331038934,80.50532963787278,81.9963915495107,83.69948923845979,85.43799412941289,87.00192521625995,88.29375406728799,89.22885130092139,89.62172708229488,89.29239374153244,88.29375406728799,86.73999888330624,84.76617220245501,82.50901662914494,80.10164403952999,77.65412001175054,75.1885362357219,72.70700060905034,70.2128558889437,67.70994495932833,65.20233213869177,62.69433987802401,60.19082057092636
40.19576628439549,42.24429531074162,44.241506176906775,46.203886521253715,48.14935583571774,50.09662359394689,52.064845221718,54.073433762492385,56.14195452957057,58.27024816446345,60.37893299114327,62.36882932927213,64.14078034276844,65.63743044245167,66.96856562015348,68.28576643020779,69.7406200813775,71.41858453052532,73.14058700764255,74.68700705874502,75.9405737756307,76.80187360161929,77.14057024758084,76.84893280485247,75.9405737756307,74.4746254109358,72.57095388545855,70.3646106230913,67.99065031141974,65.56259188837929,63.107802078090415,60.63212554102563,58.141439631617516,55.64167970644036,53.138883360452795,50.63926690985255,48.14935583571774
41.187867715355225,43.240661611587626,45.24047898271392,47.20448149184942,49.150975863599854,51.098898914406654,53.06754256281597,55.076403642751416,57.14510002155994,59.27350516543427,61.382257811318496,63.37219403096259,65.14416803309764,66.64083143391503,67.97197514560331,69.28918218050761,70.74404083269512,72.42200930947347,74.14401458199893,75.69043635405163,76.94400407973359,77.80530444806247,78.14400127951684,77.85236367794181,76.94400407973359,75.47805450458824,73.57438065469944,71.36803305638281,68.99406482638219,66.56599231794007,64.11117751609189,61.63545650586511,59.144691324695145,56.64479005649392,54.14174196394268,51.64167826182273,49.150975863599854
42.18228581403167,44.23847763716403,46.24036872604678,48.2056606910033,50.15296943334319,52.101412909490705,54.070391646948934,56.079469094948166,58.14830487850608,60.276798535601344,62.385605012789924,64.37557288757144,66.14756513623162,67.64423909433611,68.97538957953246,70.2926015551457,71.74746417666833,73.42543585019311,75.14744334144211,76.69386647941661,77.9474350057819,78.80873580456706,79.14743278324733,78.8557950555955,77.9474350057819,76.48148446989995,74.57780877512039,72.37145773534608,69.99748322052497,67.5693995323728,65.11456489433903,62.63880858457213,60.14798048167317,57.64796701774864,55.14471907677161,52.64430027380901,50.15296943334319
43.17855040274911,45.23744732976117,47.24098744755803,49.207304080687436,51.155259682723866,53.10411642203964,55.073361202450656,57.082610415665954,59.15155685847358,61.280120773904,63.38896997902184,65.37896297923197,67.15096971043997,68.64765204797587,69.97880790935858,71.29602380644167,72.75088957844325,74.42886378923612,76.15087304149128,77.6972972636004,78.95086642546917,79.81216756590803,80.15086466144166,79.85922683372252,78.95086642546917,77.48491512704919,75.58123796797628,73.37488419670737,71.00090469359668,68.57281213202755,66.1179617497686,63.64217742200232,61.151299375769256,58.65119685467434,56.147790270553244,53.647089550077936,51.155259682723866
44.176285461525325,46.237334597577814,48.24218551985092,50.20931620650988,52.157785532532756,54.10697040593948,56.076426396838,58.08581196147517,60.15484624317334,62.28346592604886,64.39234904560331,66.38236198833887,68.15438021452351,69.65106920288598,70.98222933138177,72.29944834095431,73.7543166135025,75.4322928381319,77.15430348810118,78.7007285706896,79.9542982369583,80.81559964856805,81.15429683684829,80.86265892970566,79.9542982369583,78.48834633331091,76.58466801202594,74.37831207276346,72.00432861042938,69.5762290059772,67.12136612737088,64.64555956124016,62.15464187349201,59.65446866303341,57.15093614905702,54.65001162400375,52.157785532532756
45.17519074030986,47.23795135139089,49.24384390305213,51.21162119256539,53.16049845773357,55.109943851323365,57.079567512901235,59.0890613131418,61.15816531802304,63.28682926567069,65.395739303923,67.38576807534096,69.15779542520224,70.65448969237174,71.98565320769708,73.30287468766466,74.75774494490418,76.4357227679202,78.15773452725753,79.70416029280952,80.957730359421,81.81903198625935,82.15772924815269,81.86609127797153,80.957730359421,79.49177797540393,77.58809873166965,75.38174107166638,73.00775446688502,70.57964927246302,68.12477647540624,65.64895225838193,63.158003106219724,60.6577737866523,58.15414131281628,55.65303912465026,53.16049845773357
46.175026787790536,48.23914786010305,50.245867938002306,52.21415874436909,54.16335991469796,56.11301213370122,58.082768896256425,60.09234861160037,62.16150795921678,64.29020704117397,66.39913844530967,68.38917978014356,70.16121437153959,71.6579128285278,72.9890790319939,74.30630247272194,75.76117430521592,77.43915339687445,79.16116603671881,80.70759234433979,81.96116272870371,82.82246452636919,83.16116184668928,82.86952382647442,81.96116272870371,80.49520996341673,78.59152998753328,76.38517096177523,74.01118186282571,71.58307223162294,69.12819156222825,66.65235333549646,64.16137920943099,61.661105354192415,59.157393536324506,56.65615031838942,54.16335991469796
47.27560282796199,49.34080500114255,51.348182381866096,53.316880960908875,55.26633929286744,57.21615570107524,59.18601811897085,61.19566603050018,63.264869305821776,65.39359627474099,67.50254463730379,69.49259594384239,71.26463628289108,72.76133806535742,74.09250640241001,75.40973139939894,76.86460448217562,78.54258458075773,80.26459791946166,81.81102465732332,83.06459529388768,83.92589722713878,84.26459459383226,83.97295653390557,83.06459529388768,81.59864222598645,79.69496166899539,77.4886015592358,75.1146104806599,72.68649732797003,70.23161041025975,67.75576106389983,65.26476711566804,62.7644579112834,60.2606831143371,57.75932794936706,55.26633929286744
48.27676698434083,50.34282804946494,52.35072744382195,54.319749794594415,56.26941228498907,58.21935903027094,60.189305315072204,62.199007357303174,64.2682454994202,66.39699460276631,68.50595642543956,70.49601564659781,72.26806054758833,73.76476496949908,75.09593499998533,76.41316123218192,77.86803530731021,79.54601620508896,81.2680300984785,82.81445717782262,84.06802801455862,84.92933005542415,85.26802745892422,84.97638936747825,84.06802801455862,82.60207470647224,80.69839368825552,78.49203271812257,76.11804006831375,73.68992412061027,71.23503224358535,68.75917407149771,66.2681643901714,63.767827128419924,61.26400234262843,58.76255831790843,56.26941228498907
49.27839842340645,51.345141709785594,53.35345562337008,55.3227350290455,57.27255959104919,59.222609797547335,61.19262265272616,63.202367660636185,65.27163347739926,67.40040014918586,69.50937265528054,71.49943815832218,73.2714866801453,74.76819319699115,76.09936457155965,77.41659178414287,78.87146664690212,80.54944817900423,82.27146251264828,83.81788986302732,85.07146085863974,85.93276298491888,86.27146041763237,85.97982230116952,85.07146085863974,83.60550735991816,81.70182597562624,79.49546432261401,77.12147042571529,74.69335225960333,72.23845644635315,69.76259126923479,67.27156910039776,64.77120956903886,62.26734510561464,59.76583054824654,57.27255959104919
50.2804010569774,52.34768614955526,54.35632919128295,56.32581267016687,58.27576588799488,60.22589821966116,62.195963915041176,64.20574302616427,66.27503080884537,68.40381142492296,70.51279241053342,72.50286289953792,74.27491429522843,75.77162247482957,77.10279491619883,78.4200229069165,79.87489839481947,81.5528804303847,83.27489511345917,84.82132267895881,86.07489380067153,86.93619599474357,87.27489345064373,86.98325531432496,86.07489380067153,84.6089401506427,82.7052584757966,80.49889628078242,78.12490139406682,75.69678146719994,73.24188252975645,70.76601179271256,68.27497971244013,65.77460250539201,63.27070654888996,60.769136006812715,58.27576588799488
51.282698504588986,53.35041383509261,55.35931818416529,57.32896366668619,59.279019010998326,61.229216530460334,63.19932416718808,65.20913034688787,67.27843556426788,69.40722724806919,71.51621496392528,73.50628941030921,75.27834308699653,76.77505258633008,78.10622587442089,79.42345448274492,80.87833046682518,82.5563129019896,84.27832786240725,85.82475559864825,87.07832682044689,87.93962906832617,88.27832654262963,87.98668839055122,87.07832682044689,85.61237305032537,83.70869114486621,81.50232851966462,79.12833284733023,76.70021152294937,74.2453101058262,71.76943495584823,69.27839500880665,66.7780037723719,64.27408281921798,61.77246784021473,59.279019010998326
52.385230070327225,54.453287010794625,56.462398808905334,58.432172893095085,60.38230930299402,62.332558565198084,64.30269949208854,66.31252715666015,68.38184621218292,70.51064668052592,72.61963973821265,74.60971732558212,76.38177281270205,77.87848335950957,79.20965731964449,80.52688641816344,81.98176279606014,83.65974554838675,85.38176072893191,86.92818860069048,88.18175990192736,89.04306219251347,89.38175968142363,89.09012151683677,88.18175990192736,86.7158060364882,84.81212394799128,82.60576098134959,80.23176468546878,77.80364225187917,75.34873886662928,72.87286021409172,70.38181402315499,67.88141165147354,65.3774708580988,62.87582060832935,60.38230930299402
53.387947533959604,55.45627569230699,57.46555217387082,59.43542834143163,61.38562909800764,63.33591943044054,65.30608678056518,67.31593149802364,69.38526153702183,71.51406897771284,73.62306627523301,75.61314635561155,77.38520327967547,78.8819146578647,80.21308915140185,81.53031863898903,82.98519532945816,84.66317833351667,86.38519368877718,87.93162166809614,89.18519303238321,90.04649535686575,90.38519285736928,90.09355468285446,89.18519303238321,87.7192390912904,85.81555685751626,83.6091936198733,81.23519682908312,78.8070735151132,76.35216856775781,73.87628713522959,71.3852359884871,68.88482477868197,66.38086823788356,63.879189992960946,61.38562909800764
54.49081259414814,56.55935606986711,58.56876328033496,60.53872047918189,62.48897231082279,64.43929524196984,66.40948356474253,68.41934181729592,70.48868057396886,72.6174935486493,74.72649421133991,76.71657627042555,78.48863433499433,79.98534637305234,81.31652128995142,82.63375108634243,84.0886280249006,85.76661122875889,87.4886267226911,89.0350547873808,90.28862620171083,91.149928553097,91.48862606280217,91.19698788040753,90.28862620171083,88.82267220057166,86.91898985149092,84.71262639875404,82.33862921515394,79.91050520242523,77.4555990152244,74.97971537621157,72.48866029602905,69.98824207135479,67.48427303167306,64.98257256652438,62.48897231082279
55.59379483287199,57.66250923861722,59.6720202210099,61.64204173925792,63.59233411114093,65.54268291669331,67.51288788579103,69.52275688128844,71.59210255723775,73.7209199242694,75.8299232579053,77.82000688749469,79.59206585728384,81.08877841908046,82.41995367200234,83.7371837134912,85.1920608489578,86.87004421139733,88.59205981539334,90.13848794784184,91.392059401891,92.25336177463062,92.59205929163915,92.30042110299027,91.392059401891,89.92610535309299,88.02242291249335,85.8160592890363,83.44206179366265,81.01393722632841,78.5590300550607,76.08314466475704,73.59208646259198,71.09166267018361,68.58768371004035,66.08596560839784,63.59233411114093
56.696870095841476,58.76572018932707,60.7753135433166,62.745386114948005,64.69571066486236,66.64608000744074,68.61629818893906,70.62617571120002,72.69552687901614,74.82434773227241,76.93335318584391,78.92343806194476,80.69549775020846,82.19221072769693,83.52338624732042,84.84061648334364,86.29549377509662,87.97347726340217,89.6954929547559,91.24192114098462,92.49549262655889,93.3567950162467,93.69549253905191,93.40385434543906,92.49549262655889,91.02953853993404,89.12585602669577,86.91949226773802,84.54549452490943,82.11736951738433,79.66246156506166,77.18657478475569,74.69551410466576,72.19508589312576,69.69109905904945,67.18936695913065,64.69571066486236
57.80001920454217,59.86897700636838,61.87863574363024,63.8487488382747,65.79909892867798,67.74948457181775,69.71971324013367,71.72959753014374,73.79895305687856,75.92777667716146,78.03678381333009,80.02686967878884,81.79892993730658,83.29564324473009,84.62681897603483,85.94404936646013,87.3989267822577,89.07691037046322,90.79892613115283,92.34535436006692,93.59892587066267,94.4602282738023,94.79892580120834,94.50728760365556,93.59892587066267,92.13297175401463,90.22928918312304,88.02292531661831,85.64892737738458,83.22080202047965,80.76589344823284,78.2900055646802,75.79894291785635,73.29851119883787,70.79451811518052,68.2927749047079,65.79909892867798
59.523055538015996,61.632222802387616,63.70277478234286,65.75324259555502,67.80097348798613,69.86084638287325,71.94422806487141,74.05855323156868,76.20796586435907,78.38222113514806,80.52095864984581,82.5542050378701,84.41584135600746,86.0785951420258,87.64029208187864,89.21735920452262,90.9068371689534,92.74158558394595,94.56400825165602,96.21493992313539,97.68992071587198,98.95376236362694,99.56984867834197,99.08673419671015,97.68992071587198,95.70112966370371,93.33811662773914,90.77121821276944,88.1454319332451,85.56490773823188,83.0241071213307,80.50218985966977,77.98586440121503,75.46507114726069,72.93122993234346,70.37753860714764,67.80097348798613
58.063337187599345,60.13226157604562,62.14190003032776,64.11200055416457,66.06234272159112,68.01272330811119,69.98294872330388,71.99283091388847,74.06218508844302,76.19100785036699,78.3000144645776,80.29010002312795,82.0621601047474,83.55887330982188,84.89004897546107,86.20727931798938,87.6621566953071,89.3401402525227,91.06215599170366,92.60858420737634,93.86215571021017,94.72345810917693,95.06215563515575,94.77051743882518,93.86215571021017,92.3962016028756,90.49251904986866,88.28615521672603,85.91215733841905,83.48403208989511,81.02912370995472,78.55323616863986,76.06217413191602,73.561743500952,71.05775235597791,68.55601259211619,66.06234272159112
56.25716458361481,58.32582596215178,60.33530475233374,62.305306317631306,64.25558611336011,66.2059268923498,68.17612669756767,70.18599236048857,72.25533589000713,74.38415189448745,76.49315439956982,78.48323754197366,80.25529623095468,81.75200863028255,83.08318377896694,84.40041374442409,85.85529081880779,87.5332741320539,89.25528970190709,90.80171781333615,92.05528925506405,92.91659162117963,93.25528913592258,92.96365094921381,92.05528925506405,90.58933522105028,88.68565280884067,86.47928923834266,84.10529183968413,81.67716744439387,79.22226057839322,76.74637573135698,74.25531849766162,71.75489643242037,69.25092054970779,66.7492079191017,64.25558611336011
55.03418215000964,57.118344408830026,59.150956463720064,61.15155380954039,63.13925958668399,65.13223260582149,67.147150051387,69.19890190105298,71.3007572654405,73.44818330009517,75.56942574536436,77.5773584571354,79.38678743367048,80.95395783551521,82.3855313422142,83.81954541798297,85.38317682567265,87.13559089372147,88.90602069877838,90.50345395341847,91.86716506245028,92.93593567157521,93.42301298533768,93.02847972287891,91.86716506245028,90.14566017481212,88.03041269903268,85.66640601256977,83.18666141684203,80.69625197727134,78.20680720172521,75.71257747839067,73.21149456470445,70.70300771186295,68.18724511677343,65.66513400134362,63.13925958668399
53.746280710857576,55.81386255792255,57.82268583955455,59.79228106409762,61.742304726633904,63.692482023744105,65.6625766496703,67.6723744323593,69.74167424129692,71.87046249177192,73.97944811983675,75.96952133860201,77.74157430770168,79.23828339764137,80.56945642307092,81.88668483980749,83.34156066996877,85.01954298117369,86.7415578555568,88.2879855388322,89.54155672958325,90.40285896077097,90.74155642936557,90.44991828217593,89.54155672958325,88.07560299671563,86.17192116279485,83.96555867104152,81.59156324241366,79.16344235155518,76.70854170365291,74.23266792261103,71.74163041592195,69.24124353155443,66.73733033265586,64.23572913858564,61.742304726633904
53.082251536575825,55.155476019187816,57.17131812260941,59.149547477026275,61.10983109372937,63.071581222711856,65.05380408916626,67.07499863583547,69.15318612317,71.28708742953394,73.39944252173953,75.39442001368768,77.17676575287442,78.69304479735928,80.0524979173518,81.4032146637129,82.88985663284537,84.58990559355706,86.32641719636753,87.88823970458185,89.17548559351025,90.10184254310605,90.4883843331645,90.16345054948644,89.17548559351025,87.63230139548784,85.66705581746285,83.41619014118581,81.01298571875256,78.5678971890974,76.10365753705364,73.62283381457911,71.12907727114984,68.62647782794619,66.11931951722197,63.61211253187081,61.10983109372937
40.797173843241325,42.848403931490694,44.84726604926473,46.81067423746811,48.756793126182174,50.7044761698337,52.672965261309386,54.68172653408257,56.75035860383824,58.87872291395544,60.98745072527795,62.97737234091457,64.74933792499655,66.24599645517509,67.57713704187424,68.89434179735524,70.34919861826535,72.0271656202031,73.74916986910455,75.295591010979,76.5491583672596,77.41045853699417,77.7491553005247,77.45751775711622,76.5491583672596,75.0832092353574,73.17953623662262,70.97319022604654,68.59922489558701,66.17115754495869,63.71635189458374,61.24064716973594,58.74991101691215,56.25006150762465,53.747105605703354,51.24720569728849,48.756793126182174
41.79074236427654,43.845688605210924,45.846819832154964,47.8116394242238,49.75864987984434,51.706902753762414,53.67575877480381,55.68475698761108,57.75354172169736,59.88200296613789,61.990789731046874,63.980746014226895,65.7527315813278,67.249401673546,68.58054967841016,69.89775984482958,71.35262101285801,73.0305915157963,74.75259819459214,76.29902083239293,77.55258906556375,78.41388970672435,78.75258663149339,78.4609489500084,77.55258906556375,76.08663888148462,74.18296386226785,71.97661408268826,69.60264186924752,67.17456227489537,64.71973490051694,62.24399151686046,59.753186455027844,57.25321407614942,54.75003931950161,52.24975055944141,49.75864987984434
42.78633000631193,44.844235537050125,46.84717149247531,48.813112786392466,50.76083147055864,52.70953686042857,54.67868421270953,56.687870525445675,58.75677644563443,60.88531463330904,62.99414819210301,64.98413199180533,66.75613341976413,68.25281268890771,69.58396658163267,70.90118104274865,72.35604566110582,74.0340189428006,75.75602755020986,77.30245137533025,78.5560203044902,79.41732131982221,79.75601837256644,79.46438058148999,78.5560203044902,77.0900692852966,75.18639266241908,72.98003989137004,70.60606221487441,68.17797290258204,65.72312828556967,63.247354217513845,60.75649445977649,58.25642455040496,55.75307606064982,53.25247858034764,50.76083147055864
43.78352610249151,45.84378661063988,47.84815733983863,49.814989856724836,51.76327103526102,53.71233573944471,55.68171438391067,57.69105001717976,59.760052133139084,61.888651394738034,63.99752209537036,65.98752773550203,67.75954175243699,69.25622830539196,70.58738687135249,71.90460474119149,73.35947209808819,75.03744758529007,76.75945772344394,78.3058824909418,79.55945197250924,80.42075328482156,80.75945043913984,80.4678125610805,79.55945197250924,78.09350029048417,76.18982239477833,73.98346724939253,71.609485236849,69.18138821136554,66.72652990868859,64.25073148585284,61.75982831419054,59.25968098924946,56.756194589795484,54.255352022309665,51.76327103526102
44.78200255013596,46.84413611713626,48.84964711700073,50.81718758322809,52.765915449031596,54.71526543708866,56.6848276976246,58.69428186275988,60.76336033584077,62.892008074390176,65.0009082554687,66.99093123070784,68.76295523964887,70.25964757381976,71.59080984895337,72.90803042431025,74.36289995479461,76.04087719251285,77.76288854562146,79.3093140610857,80.56288398109956,81.42418552912545,81.76288276406314,81.47124481696544,80.56288398109956,79.09693177298436,77.19325286703281,74.98689583713094,72.61291038305234,70.18480723556934,67.72993807046166,65.25412031687398,62.763182686449994,60.26297391322403,57.75937804365496,55.25834091520164,52.765915449031596
45.781497566499965,47.845120252829815,49.85153722643048,51.81963996149542,53.76872251148551,55.718298989952615,57.68800701145045,59.697555265522354,61.766694347378376,63.895380563711996,66.00430414403435,67.99434087837615,69.76637281805904,71.26306974081609,72.59423495993715,73.91145768267302,75.36632893833968,77.04430756544627,78.76631988286636,80.31274599199239,81.56631626000166,82.42761799511364,82.76631529403902,82.4746772921455,81.56631626000166,80.10036363432819,78.19668392654327,75.99032540089769,73.61633721526363,71.18822920872378,68.7333514220289,66.25751832539261,63.76655334433417,61.26629579736294,58.762613034303214,56.261421460564705,53.76872251148551
46.78180250840731,48.84660867006396,50.853745308699345,52.82229454954772,54.771658706019636,56.721414988139145,58.69123871580993,60.700861654704056,62.77004884435202,64.89876560153317,67.00770775422453,68.99775540931114,70.76979364367918,72.26649420841977,73.59766176419456,74.91488619131124,76.36975881625898,78.04773854612552,79.76975162892089,81.31617820923694,82.5697487534505,83.43105063705282,83.76974798676528,83.4781099413803,82.5697487534505,81.10379579636061,79.20011545215965,76.99375573934003,74.61976538566438,72.19165352247433,69.73676889277692,67.26092361821584,64.76993692850527,62.26964066839497,59.76588893351405,57.26457476251946,54.771658706019636
47.88275122774502,49.94849769925095,51.95620591052172,53.92510968994921,55.87469741653453,57.82459643291281,59.79451200647617,61.80419422677497,63.87341960122512,66.00216059932927,68.11111749315711,70.1011738161314,71.87321704662668,73.36992050202423,74.7010899124082,76.018315692296,77.47318940404469,79.15117000917343,80.87318369944805,82.41961065374807,83.67318141718519,84.53448341864444,84.87318080866666,84.58154272876243,83.67318141718519,82.20722819704983,80.30354734772482,78.09718669264359,75.7231946181893,73.29507969396505,70.84018963294504,68.3643346926711,65.87333077251517,63.37300378488922,60.869197304257966,58.36778581896618,55.87469741653453
48.884211506337635,50.95070492358364,52.95886702824804,54.928052297602534,56.87781750902299,58.827829828783365,60.79781830668115,62.807547581195934,64.8768032639658,67.00556350250413,69.11453209652927,71.1045952992653,72.87664249520971,74.37334824493124,75.70451912732321,77.02174598090815,78.47662055525248,80.15460185507793,81.87661602750948,83.4230432786409,84.67661421607593,85.5379163110783,85.87661373309442,85.58497562579223,84.67661421607593,83.21066078716117,81.30697953691873,79.10061813396341,76.72662469372437,74.29850733995004,71.84361296806885,69.36775035605834,66.8767327599146,64.37638138329092,61.87253144917766,59.3710427199386,56.87781750902299
49.88607818378968,51.953164844116785,53.96168735291552,55.93109609925203,57.881002203869414,59.83110446211418,61.8011508081275,63.81091743119465,65.88019717033775,68.00897268027131,70.11795056084347,72.10801922408444,73.88006956742069,75.37677713815344,76.70794918888126,78.02517689466143,79.48005215364913,81.15803400485615,82.8800485599761,84.42647604670285,85.68004712224013,86.54134929148776,86.88004673889742,86.5884086098495,85.68004712224013,84.21409352761702,82.3104119591661,80.10404996262233,77.73005543835808,75.30193615624498,72.84703836281999,70.37116966171337,67.88014121082111,65.37977047628908,62.87588605202109,60.37433601073111,57.881002203869414
50.888267656136236,52.95582542088613,54.96463407636983,56.93422023323109,58.884238179591065,60.83441182806288,62.80450410649138,64.81430037412991,66.88359920723475,69.01238683824184,71.12137208961057,73.11144508687889,74.88349792830981,76.3802069443833,77.71137992242134,79.02860830459014,80.48348410698009,82.1614663958192,83.88348125467927,85.42990892839818,86.68348011354735,87.54478234172346,87.88347980928802,87.59184166298044,86.68348011354735,85.21752638740139,83.31384456638816,81.10748209871267,78.73348671405634,76.30536590141753,73.85046539230441,71.37459185825713,68.88355479187607,66.38316869274281,63.879256892925824,61.37765818603049,58.884238179591065
51.89071347971934,53.958645316058735,55.96768114539212,57.937408136223056,59.88751486071905,61.837745175434776,63.80787391199608,65.8176937091801,67.88700769742799,70.01580494903772,72.12479605064897,74.11487248785076,75.88692731202579,77.38363747526898,78.71481118931459,80.03204010833389,81.4869163420228,83.16489897821089,84.88691407814972,86.43334190028443,87.68691317243264,88.54821544738033,88.88691293094182,88.5952747709353,87.68691317243264,86.2209593418969,84.31727732042476,82.11091447881167,79.7369184112612,77.30879638384192,74.85389371928133,72.3780163493127,69.88697244477008,67.38657415060663,64.88264062236416,62.38100328816732,59.88751486071905
52.99336286319995,55.061591698536404,57.0708078731022,59.040646658511335,60.990823852111276,62.94109914523803,64.9112568196155,66.92109529261133,68.99042130966521,71.11922619721543,73.22822194219083,75.21830110967824,76.9903575075615,78.48706858131519,79.81824287953096,81.13547222464905,82.59034880066037,84.26833171253963,85.99034700382285,87.53677494375535,88.79034628495467,89.651648597025,89.99034609328328,89.69870792240388,88.79034628495467,87.32439237156473,85.42071019098822,83.21434705258054,80.8403504430164,78.41222745142431,75.95732307608118,73.48144266153105,70.99039332950855,68.4899853560562,65.98603458167518,63.48436658809631,60.990823852111276
53.996173871396806,56.06463849687094,58.073997835001634,60.04392536101426,61.994158489665224,63.944469483682084,65.91465012663492,67.92450342288384,69.99383898730878,72.1226499355488,74.23164936597956,76.2217307005015,77.99378834743987,79.49050014386698,80.8216749057393,82.13890458905246,83.59378143676534,85.27176456746092,86.9937800106143,88.54020804404291,89.79377944004821,90.65508178158281,90.99377928791853,90.70214110840931,89.79377944004821,88.3278254608968,86.42414315403909,84.21777978006533,81.84378274030443,79.41565898344736,76.96075325025346,74.48487041921194,71.9938167793785,69.49340112341469,66.98943666059064,64.48774433209446,61.994158489665224
55.0991131984768,57.16776500970168,59.177237991610795,61.147235956875974,63.09751348352867,65.04785281430675,67.0180516878177,69.0279167494488,71.0972598916911,73.22607565032881,75.3350780059168,77.32516106041862,79.09721969873395,80.59393206874785,81.92510719862483,83.24233715036372,84.69721421372637,86.37519751809657,88.09721308178939,89.64364118942598,90.8972126289308,91.7585149938512,92.09721250818538,91.80557432182668,90.8972126289308,89.4312585975845,87.52757619049729,85.32121262955457,82.94721524834617,80.51909088409751,78.06418407317564,75.58829932416019,73.09724226520404,70.5968205115923,68.09284518413436,65.59113354065525,63.09751348352867
56.20215439580397,58.27095480102972,60.280517991379014,62.25057186796316,64.2008846347963,66.15124645707265,68.12145980043138,70.13133420035234,72.20068335715249,74.32950293382117,76.43850761111389,78.4285920307668,80.20065145593932,81.69736428120967,83.02853970317231,84.34576986796091,85.80064710248492,87.47863054470085,89.20064620406592,90.74707437060138,92.00064584463178,92.8619482281135,93.20064574879608,92.90900755700093,92.00064584463178,90.53469177185835,88.63100928521891,86.42464557587884,84.05064792366332,81.6225230773274,79.16761541101161,76.69172913969705,74.20066936697458,71.70024277363468,69.19625882284215,66.69453184883275,64.2008846347963
57.305276462397345,59.37419482224263,61.38382961694634,63.35392787267156,65.30426861057617,67.25464828474198,69.22487311298042,71.23475492476982,73.30410885535301,75.43293146240487,77.54193798243953,79.53202348561493,81.30408353531695,82.80079672192477,84.13197237571603,85.44920270960236,86.90408007997725,88.58206363160139,90.30407936690156,91.85050758018512,93.10407908161851,93.96538147983235,94.30407900555366,94.0124408094436,93.10407908161851,91.63812497596436,89.73444242618429,87.5280785990611,85.15408073174706,82.7259555027781,80.27104715753524,77.79515967796974,75.30409775132514,72.80366731667681,70.29967652149563,67.79793737949888,65.30426861057617
58.40846272429394,60.477474714538204,62.487166345352676,64.45729982627313,66.40766276541254,68.35805660886894,70.32829055275937,72.33817824739222,74.40753596694557,76.53636097922035,78.64536896184264,80.63545532501126,82.40751587040299,83.90422934380467,85.23540518159851,86.55263564969783,88.00751312789765,89.68549676635915,91.40751256192911,92.95394081231662,94.20751233549977,95.06881474540651,95.40751227512706,95.11587407559226,94.20751233549977,92.74155820374817,90.83787560385333,88.63151168324565,86.25751364520772,83.82938811254263,81.37447922843475,78.89859078987894,76.40752715366253,73.907093670157,71.40309744255359,68.9013486427323,66.40766276541254
60.10705704273498,62.21445847860983,64.28234916415605,66.32935155074065,68.37296021580768,70.42830088470313,72.50711129340095,74.61731695997744,76.76363556069204,78.93615927485259,81.07377303822628,83.10540094839527,84.96372705692137,86.62051616974983,88.17428852805854,89.74289737890314,91.42514829886312,93.2552742321087,95.07482021295759,96.7228256742134,98.19182844700882,99.44553362906042,100.05514971521632,99.57645820180902,98.19182844700882,96.21764512758021,93.86895211854919,91.31436628520291,88.69778266941734,86.12308321326573,83.58565297687363,81.06556829825837,78.55025637885495,76.03028385380802,73.49765226690651,70.94608525448079,68.37296021580768
59.15018655039741,61.219210109261965,63.228908762396074,65.19904659547275,67.1494122776069,69.09980787169144,71.07004294182518,73.07993136328484,75.14928955096582,77.27811486040592,79.38712302373082,81.37720949315154,83.14927009978564,84.64598360862068,85.977159469148,87.2943899538293,88.7492674453509,90.42725109454113,92.1492668975574,93.69569515252908,94.94926667839943,95.81056908975084,96.14926661996549,95.85762842000756,94.94926667839943,93.4833125434235,91.57962993733699,89.37326600517932,86.99926794604849,84.5711423758618,82.11623342517719,79.64034486813824,77.14928102070432,74.64884716051245,72.14485026173243,69.64310026868316,67.1494122776069
57.343860297720866,59.412679063221546,61.42225339938153,63.39231418402436,65.34263130486609,67.29299590600012,69.26321103712127,71.2730865907926,73.34243649069288,75.47125653907968,77.58026150321899,79.57034609153624,81.3424056139249,82.83911849544211,84.1702939534919,85.48752414460279,86.94240140027372,88.62038485952047,90.34240053070583,91.88882870451823,93.14240018281427,94.00370256858923,94.34240009005617,94.05076189758935,93.14240018281427,91.67644610492255,89.77276360845444,87.5663998807799,85.19240219508148,82.76427728918375,80.30936951718411,77.8334830577896,75.34242294978131,72.84199575849243,70.33801074228404,67.83628187417668,65.34263130486609
56.09409910327358,58.17613862910663,60.20550443855208,62.201787608347885,64.18422882399364,66.17124024222966,68.17995216866811,70.22593830253965,72.32335046186893,74.46824629978335,76.58782959011532,78.593348670806,80.39775078138186,81.95554418253207,83.3739819222462,84.79304522921527,86.34306606432685,88.08633575157414,89.85089092775576,91.44219711814877,92.79289176548323,93.83792197539181,94.30862718101656,93.92539429514147,92.79289176548323,91.10203937544841,89.01339336861135,86.66995593392542,84.20437673559562,81.72245118556887,79.2377559170308,76.7460614673397,74.24636676244202,71.73899683867332,69.22486881214755,66.70559526924066,64.18422882399364
54.83234581017568,56.90032387257274,58.909387772829064,60.87913216509652,62.82924985868766,64.77948717474126,66.74962041579438,68.75944312008897,70.82875898076807,72.95755742100789,75.066549245418,77.05662610762386,78.8286811767669,80.32539148174288,81.65656528672216,82.97379427206927,84.42867055904512,86.10665323814814,87.82866836787221,89.37509620834369,90.62866749124058,91.48996977196691,91.82866725750483,91.5370290958058,90.62866749124058,89.16271364780752,87.25903160156872,85.05266871375566,82.67867256183374,80.25055038432842,77.79564745346238,75.31976960956541,72.82872486016635,70.32832505930034,67.82438884648747,65.32274673980852,62.82924985868766
54.12763893718825,56.194798916690914,58.20336596250196,60.17280232296507,62.12272583635166,64.07283920706746,66.04289270291731,68.05266394049026,70.12194665183402,72.25072404856161,74.35970307649093,76.34977241437853,78.12182314657537,79.61853094229409,80.94970313736972,82.26693094843856,83.7218062920139,85.39978821134405,87.12180281374512,88.66823032957961,89.92180142217944,90.78310360060004,91.12180105114706,90.83016291941246,89.92180142217944,88.45584780708306,86.55216619931753,84.34580412943595,81.97180947124052,79.54368995088124,77.08879173472437,74.61292228130874,72.12189248930727,69.62151936308737,67.11763067749841,64.6160730608999,62.12272583635166
41.35497997591814,43.40840082611663,45.40860101701086,47.372841641985914,49.319486428222206,51.267505613785325,53.236211165965244,55.245112219431064,57.31383435382463,59.442255851220395,61.55101844299905,63.540960511306565,65.31293788472013,66.80960323613637,68.14074819932218,69.45795614709048,70.91281553266793,72.5907846000901,74.31279028255614,75.85921230698227,77.11278018060187,77.97408062846372,78.31277748712017,78.02113986225066,77.11278018060187,75.64683042794678,73.74315623718823,71.53680800301376,69.162838611805,66.73476403775908,64.27994557091591,61.80421803867074,59.31344123205493,56.8135192348641,54.31043421991967,51.81030491563157,49.319486428222206
42.34973872219029,44.406429806611484,46.40862536915755,48.37410657444827,50.32153480049614,52.27005461951927,54.2390825067219,56.24819168855696,58.317047917089866,60.445554555063836,62.554368926717146,64.5443414437333,66.31633636823382,67.81301187455131,69.14416335307189,70.46137605323113,71.91623925684891,73.59421139916975,75.31621921578962,76.86264255407343,78.11621119785704,78.9775120597676,79.31620906003818,79.02457131389752,78.11621119785704,76.65026052108533,74.74658455575675,72.54023301130016,70.16625757482262,67.73817224718442,65.28333470019487,62.80757321374985,60.31673588325863,57.816705965235684,55.31342871421873,52.812957827871585,50.32153480049614
43.34627467338214,45.40556890697526,47.40935108330852,49.37581807289099,51.323868572057435,53.272785930392246,55.24206973149961,57.25134413617705,59.32030680790709,61.44888102694827,63.55773649816088,65.54773318300795,67.31974203806634,68.81642560443333,70.14758225422429,71.46479872638335,72.91966496039612,74.5976395432738,76.31964905377652,77.86607343487145,79.1196426899353,79.98094388047684,80.31964099314675,80.028003150753,79.1196426899353,77.65369127969093,75.75001390588278,73.54365973404629,71.16967949941332,68.74158563657372,66.28673294544521,63.81094450885307,61.320059138379236,58.81994355671995,56.316513706232556,53.815771637751624,51.323868572057435
44.344225739637864,46.405590877320236,48.4106341726364,50.37788429589442,52.32642898144704,54.27566198436166,56.245148952636015,58.25455451445934,60.3236016781549,62.45222953944045,64.5611176325576,66.55113349984993,68.32315341175749,69.81984337545245,71.15100412971228,72.468223595725,73.92309223497296,75.60106875492698,77.32307960986782,78.86950481864349,80.12307455888126,80.98437601025756,81.32307321213888,81.03143529334898,80.12307455888126,78.65712256647869,76.75344407475805,74.54708781756423,72.1731037746186,69.74500313734133,67.29013842616524,64.81432859879827,62.32340509760988,59.82322152038367,57.319670538007415,54.81871318909943,52.32642898144704
45.34330286017567,47.40631469836866,49.41236009505332,51.3802322436444,53.32916934669285,55.27865295088361,57.24830120339793,59.25781087712282,61.32692510714088,63.45559554626698,65.5645095321394,67.55454062481647,69.32656931265063,70.82326435394745,72.15442836594451,73.47165020819027,74.92652075648039,76.60449881389613,78.32651073591973,79.87293660162669,81.12650672694748,81.98780838534859,82.32650565803709,82.0348676786115,81.12650672694748,79.66055427248534,77.75687489347602,75.55051698113013,73.17652991551581,70.7484239013362,68.293549649756,65.81772284424959,63.326769077839344,60.82653152979077,58.32288439639618,55.82175615218854,53.32916934669285
46.34327554910891,48.40759628345782,50.414437774484014,52.38280390976087,54.33205258919335,56.281735142389294,58.25151142541566,60.261103740628045,62.33027120437484,64.45897543879207,66.56790997621943,68.55795315346111,70.32998880681554,71.8266878782324,73.15785447590866,74.47507820417798,75.92995026767943,77.60792954538144,79.32994231435009,80.87636870146417,82.12993913242573,82.9912409551426,83.32993828403087,83.03830025647866,82.12993913242573,80.66398631122647,78.76030622797506,76.55394700193227,74.17995753721866,71.75184725537139,69.29696543151329,66.82112515027842,64.33014736180789,61.82986697538499,59.326143521474364,56.824879620494585,54.33205258919335
47.34396019990983,49.40932101089834,51.416794820321094,53.38555321267782,55.33504926256114,57.28488975107828,59.25476766404043,61.26442557676964,63.333635294141544,65.4623663526782,67.57131720217623,69.5613699710495,71.33341115298057,72.83011342312142,74.16128207305985,75.4785072982709,76.93338056439868,78.61136081064376,80.33337425183379,81.87980105278925,83.13337172633817,83.99467367947256,84.33337105296658,84.04173298721628,83.13337172633817,81.66741861405927,79.76373797185019,77.55737770312435,75.1833863342408,72.75527266513257,70.30038483111935,67.8245338540845,65.33353699895326,62.83322261061646,60.32943857766861,57.82806699507398,55.33504926256114
48.44521066048193,50.511397741206245,52.519373710818584,54.4884435510302,56.43813598441568,58.38810184480032,60.35806042908888,62.36777040970439,64.43701366505235,66.56576601439752,68.67472981097778,70.66479019280104,72.43683576279118,73.93354057177078,75.26471085059529,76.58193726393225,78.0368114845866,79.71479249956565,81.43680647429849,82.98323360372021,84.23680446981092,85.09810652645783,85.4368039353555,85.14516583928727,84.23680446981092,82.77085112650192,80.86717004064758,78.66080894434293,76.28681606411646,73.8586997065305,71.40380710223249,68.92794763586805,66.43693564730474,63.936594270954615,61.43276215424879,58.93130509791834,56.43813598441568
49.446910662249806,51.513754033301936,53.52212874976311,55.49144585765086,57.44129418936308,59.39135956913411,61.36138218708075,63.371133495959725,65.4404033712054,67.5691726193857,69.67814669218728,71.66821311645515,73.44026216926576,74.9369689933292,76.26814056500433,77.58536792135898,79.04024289962246,80.7182245247466,82.44023892295291,83.98666631307854,85.2402373319898,86.10153947079466,86.4402369077922,86.14859878766067,85.2402373319898,83.77428380531205,81.87060236733609,79.66424061418124,77.29024653439973,74.86212804296323,72.40723165247414,69.93136544808175,67.44034144797098,64.93997865079437,62.43610836863368,59.934583467481616,57.44129418936308
50.44896775382229,52.5163323252884,54.52502364208465,56.494537051422384,58.44450913776379,60.39465351347647,62.364726957985155,64.37451107036009,66.44380207432931,68.57258473531873,70.68156696443529,72.67163818462117,74.44369000175811,75.94039842519857,77.27157102301169,78.58879912784093,80.04367470741977,81.72165681681668,83.44367155113426,84.9900991481808,86.24367028838584,87.10497249239953,87.44366995169996,87.15203181246937,86.24367028838584,84.77771661616816,82.87403489871298,80.66767262421553,78.29367759234565,75.86555740726811,73.41065801166866,70.93478645927313,68.44375292550612,65.94337312633981,63.43947255138649,60.93789379907206,58.44450913776379
51.45130844984316,53.51908688902668,55.528029564000335,57.497698806237494,59.44776912806324,61.39797620752864,63.36808999500519,65.37790014430794,67.44720791846909,69.57600122533486,71.68498992816868,73.67506495489397,75.44711896608442,76.9438286589537,78.27500207121423,79.59223077010878,81.04710682695226,82.72508932071693,84.44710432180628,85.99353208308612,87.2471033195621,88.10840557533209,88.44710305233434,88.15546489794482,87.2471033195621,85.7811495318293,83.87746759255126,81.67110490426373,79.29710911672024,76.86898758739721,74.41408580663466,71.93821000950935,69.447168908821,66.94677561499742,64.44285099610251,61.94122950039636,59.44776912806324
52.45387435766878,54.521981404071056,56.53112362774215,58.500916572488194,60.45106487103334,62.40132172141871,64.37146753032631,66.38129834564114,68.45061943050956,70.57942118709033,72.6884150281458,74.67849307613398,76.45054882874972,77.94725952916687,79.27843358785546,80.59566275826035,82.05053919390926,83.72852199274695,85.45053720557323,86.99696509720513,88.25053641009146,89.11183870694043,89.45053619799265,89.15889803157143,88.25053641009146,86.78458253067421,84.88090041533525,82.67453739862216,80.3005410112998,77.87241841504735,75.4175147411762,72.94163557499598,70.45058846840459,67.95018446375789,65.44624076083613,62.94458533860913,60.45106487103334
53.556619088594985,55.62498702647501,57.634287660774746,59.604178799517086,61.554388992738936,63.50468534816832,65.47485657325626,67.48470379150363,69.55403544121161,71.68284390438433,73.79184182366717,75.78192226963992,77.55397940442835,79.05069090453776,80.38186547629708,81.69909502094018,83.15397175724729,84.8319547982217,86.55397017910377,88.10039817419621,89.35396954772943,90.2152718771828,90.55396937938647,90.26233120341573,89.35396954772943,87.88801559554219,85.98433334046351,83.77797006307885,81.40397319971144,78.97584975663584,76.52094458020132,74.04506273999374,71.55401086649276,69.05359836059301,66.54963951045632,64.04795716005883,61.554388992738936
54.55950579712709,56.62808085245223,58.63750723544983,60.6074763179068,62.557735639809735,64.50806335157166,66.47825474997008,68.48811498742762,70.55745502253258,72.68626880876148,74.79526996494701,76.78535231420557,78.55741054602672,80.05412268085291,81.38529765983702,82.70252750151337,84.15740447645318,85.83538770961162,87.55740322387967,89.1038313010888,90.35740272275751,91.21870507808904,91.55740258914362,91.26576440559342,90.35740272275751,88.89144871281269,86.98776634682253,84.78140286254266,82.40740562133792,79.9792815061379,77.52437513711666,75.04849117452794,72.55743551751496,70.0570162641239,67.55304539150072,65.05134166777613,62.557735639809735
55.66250522210909,57.7312446967445,59.74077089795337,61.71080184884343,63.66110016599788,65.6114527660272,67.58166017629185,69.59153074722553,71.66087743787375,73.78969544903454,75.89869917435863,77.88878303425875,79.66084213679635,81.15755477539795,82.48873007759678,83.80596015502867,85.26083731937138,86.93882070506649,88.66083632520309,90.20726446758826,91.46083592746211,92.32213830333316,92.66083582141272,92.36919763184667,91.46083592746211,89.99488187167508,88.09119941765442,85.88483576916164,83.51083822806714,81.08271357940137,78.62780626382259,76.15192061669617,73.66086195669935,71.16043734779426,68.65645693283277,66.15473624482009,63.66110016599788
56.76559412831398,58.83446412159961,60.84406955576023,62.814149614471745,64.76447888330648,66.71485123762648,68.6850713567062,70.69495012940234,72.7643021025898,74.89312346709337,77.00212923154864,78.99221429044744,80.76427408407375,82.26098712252244,83.59216268125705,84.90939294580828,86.36427026048025,88.04225376724378,89.7642694714083,91.31069766552375,92.56426915572109,93.42557154789432,93.76426907154962,93.47263087720879,92.56426915572109,91.09831506354902,89.19463253965847,86.98826876082988,84.61427098171264,82.18614590963462,79.73123784277209,77.25535085862555,74.76428981515355,72.26386095555738,69.75987296678376,67.25813881403846,64.76447888330648
57.86875406722879,59.93772766518046,61.94739599110338,63.91751502849117,65.86786886440186,67.81825689800236,69.788487104194,71.79837238668182,73.867728552643,75.99655257870421,78.10555996162181,80.09564597216755,81.8677063143117,83.36441967011936,84.69559543246666,86.01282584553466,87.46770327952306,89.14568688237866,90.86770265323621,92.41413088840999,93.6677024026751,94.5290048077874,94.86770233586813,94.57606413773759,93.6677024026751,92.20174828162422,90.29806570227792,88.09170182000167,85.71770385196561,83.28957844382498,80.83466978066781,78.35878173532664,75.86771880008581,73.36728656670333,70.86329256655752,68.36154772674081,65.86786886440186
58.971970392036255,61.041026228591704,63.050744474591426,65.0208944504918,66.97126778575156,68.9216682641877,70.89190647660016,72.90179692594361,74.97115641972383,77.09998255826953,79.20899122576336,81.19907799163241,82.97113876913573,84.46785237683147,85.79902830078632,87.11625883173215,88.57113636042207,90.24912003954603,91.97113586333786,93.51756413109968,94.77113566446735,95.63243807984944,95.97113561144266,95.67949741030418,94.77113566446735,93.30518152049538,91.40149889713382,89.1951349327511,86.82113681477007,84.39301113989629,81.93810200345953,79.46221311584696,76.97114867910614,74.47071376794102,71.96671499654482,69.46496167432714,66.97126778575156
60.175231474888704,62.24435258900881,64.25411045839657,66.22428499091416,68.17467380309971,70.12508415912339,72.09532872612465,74.10522327642337,76.17458541150306,78.30341322673189,80.41242291379564,82.40251027916568,84.17457140221393,85.67128520983346,87.00246126205629,88.31969188656186,89.77456949041644,91.45255323007463,93.17456909588043,94.72099738950739,95.97456893803681,96.83587136156999,97.17456889595107,96.8829306924252,95.97456893803681,94.50861477587232,92.60493211757583,90.39856808802514,88.02456985103271,85.59644396445265,83.14153445237349,80.66564489624925,78.17457926776572,75.67414223123893,73.17013967288553,70.66837961813967,68.17467380309971
60.68486622260208,62.793812129844426,64.864030649372,66.91406451214871,68.96127960204517,71.02058588660165,73.10339660052901,75.21720767756959,77.36623447371672,79.54027391831004,81.67887140571307,83.71191617577762,85.5731403373596,87.23515215165365,88.79586469758846,90.37188286548496,92.06046598299227,93.8946427297679,95.7167099030323,97.36728017176125,98.84152330989524,100.10411620646988,100.71940676355408,100.23683613954486,98.84152330989524,96.8545363420956,94.49329702731832,91.92792778695204,89.3032869240385,86.72348880845065,84.18310871382917,81.66142022340276,79.14522132678661,76.62453057717818,74.09084046878772,71.53741460153078,68.96127960204517
58.36154837406653,60.43048277833631,62.44012731256683,64.4102316045908,66.36057614698873,68.31095824926987,70.28118463961219,72.29106745951657,74.36042203939826,76.4892450586224,78.59825182929424,80.58833747984292,82.3603976144891,83.85711085024356,85.18828653556655,86.50551689245236,87.96039428130476,89.63837784780983,91.36039359343819,92.90682181308007,94.16039331824064,95.02169571845823,95.36039324486487,95.06875504816793,94.16039331824064,92.69443920811428,90.79075664974624,88.58439280660303,86.21039491003276,83.78226962902073,81.3273611914349,78.85147354753143,76.36041132792505,73.85998037080775,71.35598864469753,68.85424784768651,66.36057614698873
56.955360252572405,59.02403752616601,61.03352596612106,63.003533512438565,64.95381707795703,66.90416026296867,68.87436161609966,70.88422827798694,72.95357245091552,75.08238886383174,77.19139161727989,79.18147490572164,80.95353367887722,82.45024612690642,83.78142130683686,85.09865129508515,86.55352838777898,88.23151171577122,89.953527295859,91.4999554135888,92.75352685901014,93.6148292271113,93.95352674253338,93.66188855524305,92.75352685901014,91.28757282056466,89.38389039984489,87.17752681347199,84.80352938582227,82.3754049389604,79.92049798145342,77.44461297156829,74.95355544756615,72.45313286459242,69.94915605939516,67.44744178880293,64.95381707795703
56.061160063452974,58.14755023432569,60.18356507055931,62.18867657361419,64.18187853863111,66.18105904411371,68.20241951904515,70.26014097968724,72.36658568967046,74.5166208806715,76.63957258294235,78.64998944578515,80.46458317997087,82.04135550132162,83.48630958322786,84.93545414903787,86.5127690537206,88.27432837688704,90.05061310239121,91.65413605399691,93.03072759749779,94.12279407714297,94.62579088019773,94.22028231166698,93.03072759749779,91.27876733201293,89.13673876648103,86.75179647648594,84.2575171829815,81.75835651508558,79.26399737357298,76.76713989355315,74.2646168068539,71.754970534217,69.2375100915629,66.71244845622827,64.18187853863111
55.144412697029566,57.21203455502415,59.22088213659778,61.19049242611449,63.140525585417095,65.09070894430093,67.06080747030491,69.07060777006035,71.13990920022059,73.26869847986256,75.37768473375975,77.36775832051377,79.13981150171865,80.63652071437755,81.96769381854199,83.28492229270849,84.73979816900825,86.41778051737107,88.13979541754377,89.68622311669604,90.93979431675386,91.80109655294504,92.13979402325091,91.84815587459582,90.93979431675386,89.47384057271907,87.57015871735406,85.3637961855985,82.9898006839176,80.56167966310718,78.1067787846246,75.6309045932329,73.13986635502832,70.63947816609405,68.13556264279804,65.63395731659573,63.140525585417095
41.75007128271834,43.80488156324138,45.80592982689162,47.770697836198025,49.71767571592842,51.66590777287898,53.63475039068851,55.64373994911139,57.71251910727757,59.84097681138175,61.949761423163665,63.939716440214596,65.71170127749949,67.20837094745254,68.53951868139342,69.85672865019697,71.31158965946204,72.98956003453864,74.7115666245912,76.25798920775856,77.51155740890411,78.37285803284755,78.71155495172793,78.41991727528568,77.51155740890411,76.04560726325201,74.14193231782613,71.93558267589609,69.56161071383224,67.13353156664034,64.67870498566003,62.20296301389946,59.71216046878973,57.21219257750003,54.70902581442671,52.20875125796259,49.71767571592842
42.74558503860927,44.80338233917601,46.80625232509631,48.77215262996729,50.71984543941397,52.66853429900431,54.637671009915664,56.64685045234697,58.71575194639421,60.84428732389381,62.95311917367201,64.94310196841857,66.71510281711146,68.2117817510988,69.54293542878987,70.860149733057,72.31501422540303,73.99298740561355,75.71499594258705,77.26141972434482,78.51498862808626,79.37628962975299,79.71498667782339,79.4233488907494,78.51498862808626,77.04903763939222,75.1453610750827,72.9390084132865,70.56503093630977,68.13694197893165,65.6820979916489,63.20632504424427,60.71546728412173,58.21540093683865,55.71205879249703,53.21147258847073,50.71984543941397
43.74272229994587,45.80289670440923,47.80721499684685,49.77401495055764,51.72227558019625,53.671327159345296,55.64069735572289,57.65002753519856,59.719026137792625,61.84762316882299,63.956492512959656,65.94649735543953,67.71851091260417,69.21519719954284,70.54635559482966,71.86357334017698,73.31844059705816,74.99641600371174,76.7184260859606,78.26485081904151,79.51842028043421,80.37972158190041,80.71841873250904,80.42678085762647,79.51842028043421,78.05246862261669,76.14879077339637,73.9424357147248,71.56845386054013,69.14035711675413,66.68549931389967,64.2097017805434,61.71880019444609,59.21865569691724,56.715174334394234,54.214340718705756,51.72227558019625
44.74115192925595,46.80321702847175,48.80868636081725,50.77620096261909,52.72491251111106,54.67425207870569,56.64380763271167,58.653257468645975,60.72233315295631,62.850979121019634,64.95987822541599,66.9499005675472,68.72192421156413,70.21861633459606,71.54977847426508,72.86699895081244,74.3218684019142,75.99984557570107,77.72185688443778,79.2682823725852,80.5218522765864,81.3831538160037,81.72185104799706,81.43021310342073,80.5218522765864,79.05590008768476,77.1522212186288,74.94586425755219,72.57187892916349,70.14377600526507,67.68890723687038,65.21309018927442,62.72215381735013,60.22194728835662,57.71835541696328,55.21732539469755,52.72491251111106
45.74060970933482,47.80417797238459,49.810561843893346,51.77864403835872,53.72771363247364,55.67728183825075,57.64698453596708,59.656529353620826,61.72566622189544,63.85435103294127,65.963273758681,67.95330999051758,69.72534164055733,71.22203839573228,72.55320350733456,73.87042615164498,75.32529734430551,77.00327592066964,78.7252882028717,80.27171429031634,81.52528454561633,82.38658627389566,82.72528357048412,82.4336455705918,81.52528454561633,80.05933193519269,78.15565225669187,75.94929378567299,73.57530569979929,71.14719787071937,68.69232039889809,66.21648786261495,63.725523880451036,61.22526811480003,58.72158852532189,56.220402592487375,53.72771363247364
46.74088504842622,48.80564796356839,50.81275830977995,52.781291239983474,54.73064511033476,56.68039482517858,58.65021432685384,60.659834538053744,62.72901997069735,64.85773561246802,66.96667708686448,68.95672434310796,70.72876234758445,72.22546277931437,73.55663024975112,74.87385461462134,76.32872718956095,78.00670687915313,79.72871993399592,81.27514649710342,82.5287170312296,83.39001890940887,83.72871625726651,83.43707821346987,82.5287170312296,81.06276408624353,79.15908376528537,76.95272409582304,74.5787338213274,72.15062209898788,69.69573771920723,67.21989288940327,64.72890699253006,62.22861214629975,59.724862930435506,57.2235532370825,54.73064511033476
47.74181024146303,49.80752235617931,51.81520968698412,53.78410051587859,55.73368007645141,57.68357387959986,59.65348609866871,61.66316615386455,63.732390133726724,65.86113024650834,67.97008660196543,69.96014260837492,71.7321856564041,73.22888900623059,74.56005834888154,75.87728407936417,77.33215775142133,79.01013832458425,80.73215199267287,82.27857893331446,83.53214968874522,84.3934516859002,84.73214907445023,84.44051099580669,83.53214968874522,82.06619647821667,80.16251564733949,77.95615502667101,75.58216301506204,73.15404820263119,70.69915833997115,68.223303752704,65.73230046183251,63.23197459643232,60.728170115236196,58.22676218413636,55.73368007645141
48.843251827951576,50.909717956005814,52.917863480169885,54.887038467675836,56.836797196522284,58.78680537804816,60.75679119328049,62.76651874926962,64.8357733251211,66.96453286096543,69.07350102768058,71.06356397915718,72.83561103027748,74.33231669620696,75.66348752483906,76.98071433921103,78.43558888205214,80.11357015650628,81.83558431132879,83.38201155161951,84.63558248269987,85.49688457428594,85.8355819951336,85.54394388883199,84.63558248269987,83.16962906141003,81.26594782580969,79.05958645016776,76.68559305980915,74.25747579476547,71.80258158032328,69.32671924849626,66.83570215182155,64.33535166592699,61.83150331882331,59.330017410728146,56.836797196522284
49.8451036573166,51.912168645466195,53.92067798948236,55.89007857321732,57.839979531852634,59.79007850526898,61.760122737796436,63.76988799681705,65.8391668573775,67.9679418095743,70.07691935098721,72.06698781480233,73.83903804319121,75.33574554741799,76.66691755547649,77.98414523013328,79.43902046411682,81.1170022951866,82.83901683633025,84.38544431445268,85.63901538494632,86.50031755148237,86.83901499796464,86.5473768697109,85.63901538494632,84.1730617963751,82.2693802395456,80.0630182646805,77.68902378000641,75.26090456831902,72.80600689985377,70.33013842113004,67.83911036667021,65.33874033912167,62.83485717449982,60.33330937246657,57.839979531852634
50.84728133706357,52.91482189256787,54.923620096112,56.89319977311928,58.843213634631894,60.79338467573865,62.76347527661238,64.7732704615738,66.84256859733397,68.97135578565991,71.08034076783585,73.07041360681906,74.84246635701592,76.3391753203035,77.67034826447482,78.98757662194095,80.44245240448507,82.12043467734125,83.8424495251083,85.38887719199799,86.64244837314398,87.50375059916794,87.84244806599642,87.55080992031921,86.64244837314398,85.17649465180142,83.27281284001211,81.06645038954301,78.69245503630944,76.26433427956762,73.80943386963534,71.33356051209421,68.842523760364,66.34213822237102,63.83822742235843,61.33663049283372,58.843213634631894
51.84971779602122,53.91763596831346,55.926663500018094,57.896385347033856,59.84648882908279,61.79671707420863,63.766844479243474,65.77666341708553,67.84597685184228,69.9747737520925,72.08376464004408,74.07384095161444,75.84589570337678,77.3426058247237,78.67377951188928,79.991008411302,81.44588462923926,83.12386725274169,84.84588234387596,86.39231016059036,87.64588142956121,88.50718370280076,88.84588118577798,88.55424302627179,87.64588142956121,86.17992760283795,84.27624558868683,82.06988276073048,79.69588671812028,77.26776473506652,74.81286214922596,72.3369849193508,69.84594126454814,67.3455434157665,64.84161068108354,62.339974757631666,59.84648882908279
52.852359743746945,54.92057773073287,56.9297873182572,58.899622020543916,60.849796640421914,62.800070290836686,64.77022690834917,66.78006469927186,68.8493902770143,70.97819488568828,73.08719046108108,75.07726952885447,76.84932586926367,78.3460369097642,79.67721118664525,80.99444051620162,82.44931707971082,84.12729998152146,85.84931526581653,87.39574320144686,88.64931454012435,89.51061685083891,89.84931434663349,89.55767617615118,88.64931454012435,87.18336062976036,85.27967845499455,83.07331532742624,80.6993187376572,78.2711957812781,75.81629146841519,73.34041116505759,70.84936203125473,68.34895441130499,65.8450042667815,63.34333739294,60.849796640421914
53.95516484826088,56.02362086138366,58.03297497061418,60.002899255551995,61.95313034131878,63.90344003146551,65.87361983556407,67.88347259044302,69.95280780618295,72.08161853307742,74.19061782890994,76.18069908428863,77.95275668560973,79.44946845564377,80.78064320058272,82.0978728715445,83.55274970933444,85.23073283203856,86.95274826964541,88.49917629965942,89.75274769366311,90.61405003412165,90.95274754008932,90.66110936089528,89.75274769366311,88.28679371691342,86.38311141466767,84.17674804929712,81.80275102524763,79.3746272963391,76.91972161273586,74.44383886994811,71.95278538744222,69.4523700120554,66.94840604915527,64.44671460941308,61.95313034131878
54.95809948837436,57.026744462704926,59.03621329395314,61.00620868658753,62.95648459172658,64.90682288759153,66.87702109529079,68.88688572723113,70.95622859271985,73.0850441756747,75.19404642443166,77.18412941611734,78.95618801822619,80.45290036729186,81.78407548372881,83.10130542566442,84.55618248115118,86.2341657791786,87.95618133846915,89.50260944339556,90.7561808813117,91.617483245378,91.95618075942008,91.66454257331154,90.7561808813117,89.29022685187162,87.38654444844492,85.18018089433059,82.80618352559233,80.37805918352647,77.92315241196478,75.44726773299647,72.95621079891168,70.45578926799514,67.95181433733065,65.45010339926728,62.95648459172658
56.06113696489102,58.12993194287209,60.13949183853718,62.10954367310448,64.05985515289386,66.01021615373975,67.98042896863548,69.9903030275074,72.05965196464678,74.18847140187538,76.29747599437607,78.28756036417172,80.05961976060709,81.55633256925083,82.88750798054608,84.2047381375538,85.65961536582677,87.33759880300836,89.05961445887937,90.60604262326373,91.85961409603323,92.72091647883705,93.05961399928779,92.76797580769119,91.85961409603323,90.39366002477279,88.4899775410387,86.28361383711831,83.90961619480035,81.48149136607091,79.02658373099534,76.55069751527732,74.05963784166552,71.55921142507965,69.05522778922449,66.55350137511105,64.05985515289386
57.16425607779456,59.23317012953004,61.2428023090506,63.21289894395133,65.1632386602987,67.11361768248254,69.08384209127462,71.09372363237115,73.16307738860868,75.29189988498652,77.40090633772161,79.39099180132523,81.16305182821853,82.65976500162981,83.99094064695436,85.30817097466499,86.7630483400784,88.44103188770681,90.16304762023374,91.70947583180998,92.96304733224258,93.82434972991838,94.16304725545567,93.8714090595032,92.96304733224258,91.49709322778929,89.59341068031519,87.38704685749362,85.01304899803526,82.58492378304061,80.13001546259312,77.65412802715467,75.16306617917442,72.66263588481627,70.15864533960247,67.65690664199988,65.1632386602987
58.267439995043134,60.33644856562155,62.34613812064373,64.31627031506792,66.26663244337796,68.21702576934823,70.18725938032074,72.19714686010323,74.2665044412778,76.39532936571038,78.50433729491687,80.49442362667732,82.26648415396573,83.76319761689332,85.09437344796711,86.41160391116478,87.86648138542671,89.54446502071677,91.26648081408558,92.81290906311798,94.06648058550684,94.92778299498653,95.26648052456099,94.97484232515129,94.06648058550684,92.60052645470833,90.69684385664375,88.49047993945027,86.11648190764741,83.68835638607374,81.23344752164596,78.75755911811385,76.26649554433345,73.76606217217659,71.26206614297331,68.76031769587074,66.26663244337796
59.37067535352149,61.439758950018856,63.44949404638044,65.4196544653465,67.37003438241592,69.32043906146083,71.29067997627101,73.30057216961711,75.36993278665648,77.4987596382414,79.60776873932551,81.59785576014306,83.36991668459554,84.86663037731245,86.19780635581554,87.51503692654936,88.96991448720439,90.64789819207161,92.36991403373065,93.91634231249206,95.16991385230754,96.03121627115601,96.36991380393484,96.07827560178109,95.16991385230754,93.70395970059887,91.80027706238062,89.59391307028405,87.21991490169128,84.79178913678561,82.3368798406002,79.8609906686911,77.36992572514046,74.86948991012764,72.36548952826143,69.86373334291999,67.37003438241592
60.573951544703164,62.64309469325815,64.65286593730015,66.62304875868543,68.57344279493738,70.52385648501928,72.49410319692845,74.50399913144851,76.57336215806181,78.7021905392311,80.81120057043604,82.8012881381589,84.57334937784084,86.07006325294171,87.40123934845954,88.71847000454483,90.17334763377015,91.85133139386079,93.57334727384779,95.11977557620514,96.37334712985219,97.23464955613665,97.57334709145873,97.28170888712704,96.37334712985219,94.90739296154707,93.0037102914588,90.79734623991165,88.42334796274864,85.99522200471021,83.54031236583843,81.06442258406776,78.57335655332868,76.07291879941629,73.56891496282816,71.06715263560746,68.57344279493738
61.362639291655384,63.46785818931595,65.53245580160795,67.57516330942639,69.61365307960527,71.66335313265364,73.73646092060683,75.84151597293501,77.98395886329277,80.15431084232489,82.29051414090628,84.32010918825925,86.17427223331866,87.82354179269632,89.36728755560709,90.92514867908972,92.59817859007168,94.42238833107764,96.23824525895836,97.88249242979984,99.3437992908834,100.58439953417434,101.18561379256303,100.71266877524907,99.3437992908834,97.3883788982868,95.05794015496271,92.51894072912651,89.91394158393676,87.34654583487159,84.81333169057703,82.29553634725576,79.78148964827437,77.26254116874394,74.73141807457372,72.1824979490036,69.61365307960527
59.09081972111112,61.159821817439266,63.169507442479926,65.13963720125,67.08999779445932,69.04039014069983,71.01062312137583,73.02051019439307,75.0898675135821,77.21869227170743,79.32770009978448,81.31778637208141,83.08984686509578,84.58656030819324,85.91773612654434,87.23496658046196,88.68984404726842,90.36782767655419,92.08984346575568,93.6362717122226,94.88984323310754,95.75114564177878,96.08984317107672,95.7982049719038,94.88984323310754,93.42388910411356,91.52020650951411,89.31384259878453,86.93984457878625,84.51171907821137,82.05681025104296,79.58092191381945,77.089858458246,74.58942529690003,72.08542964331767,69.5836818639994,67.08999779445932
57.684526721958306,59.75331142488871,61.762865082923554,63.7329130514546,65.6832220945533,67.63358154022806,69.6037933546121,71.61366676779326,73.68301528906014,75.8118344622938,77.92083889426206,79.91092316966542,81.6829825116942,83.17969528885962,84.51087067995886,85.82810082223544,87.28297803867356,88.96096146632395,90.68297711557976,92.22940527589162,93.48297674627388,94.3442791277943,94.68297664780609,94.39133845658537,93.48297674627388,92.01702267787788,90.11334019964437,87.90697650598477,85.53297888240539,83.1048540870095,80.6499465110794,78.17406040061952,75.68300091464894,73.18257483270256,70.67859179310233,68.17686643901109,65.6832220945533
56.76852032912288,58.8531995480522,60.88660157044632,62.888247627178075,64.87723138670043,66.87164927365505,68.88806808900821,70.94121251664555,73.04413947184182,75.19217511943035,77.3138170740032,79.32233062801117,81.13296803909617,82.70238799658696,84.1371026854989,85.5746776781259,87.14153763293447,88.89611381037878,90.6679296542556,92.26680604021611,93.63357463382695,94.70789267022386,95.19877393347869,94.80161699427254,93.63357463382695,91.90485156578566,89.78328860577776,87.41436560775134,84.93121848063957,82.43876460714482,79.94817313694519,77.45333067352558,74.9519120610056,72.44315501386015,69.92699684762906,67.40419859070343,64.87723138670043
55.87314872530831,57.941041028649394,59.95005285106082,61.91976495962419,63.869862302940746,65.82008662982811,67.79021151395573,69.80002882485076,71.86934121171133,73.99813744675056,76.10712793019111,78.09720400390985,79.86925861857691,81.3659686606037,82.69714229687862,84.01437115917128,85.46924734728674,87.147229946772,88.86924502123708,90.4156728276894,91.66924409064477,92.53054636065033,92.86924384252148,92.57760568396247,91.66924409064477,90.20329027113945,88.2996082708489,86.09324546874815,83.71924947335611,81.29112757429735,78.83622513749347,76.3603481728502,73.86930499086752,71.36890798530447,68.86497675302648,66.36334350046283,63.869862302940746
41.77604836874948,43.83094563607955,45.83204697972178,47.79684799191138,49.74384671391541,51.69209208973129,53.660943283049875,55.66993837863129,57.738721104327,59.86718107357467,61.97596706294968,63.965922890083306,65.73790819431218,67.23457813443494,68.56572604171544,69.88293613695569,71.33779724779924,73.0157677046831,74.73777435151456,76.28419696963698,77.53776519127264,78.39906582623179,78.7377627488798,78.44612506921115,77.53776519127264,76.07181502103451,74.16814002839644,71.96179029839675,69.58781817549931,67.15973874220953,64.70491165360471,62.229168778498305,59.73836462316308,57.23839386066824,54.73522198322689,52.2349383391699,49.74384671391541
42.77160939651302,44.829475942559476,46.832388135961764,48.79831466586059,50.74602403014772,52.694723465954084,54.66386698531353,56.67305082343351,58.741955149370995,60.87049232484961,62.97932526807398,64.96930870580182,66.74130992511515,68.23798907353901,69.56914288881103,70.88635729343173,72.34122186640104,74.01919511154225,75.7412036935813,77.28762750308293,78.5411964230874,79.40249743349733,79.7411944845581,79.44955669492329,78.5411964230874,77.07524541487942,75.17156881309747,72.96521608140014,70.59123847676912,68.16314929231308,65.70830490212268,63.23253123771357,60.74167219949618,58.24160357315219,55.73825736895125,53.23766395025564,50.74602403014772
43.768784300205034,45.82901379387798,47.833365635591896,49.80018642344264,51.74846020043391,53.69752017709915,55.66689577864514,57.676229447512426,59.74523029799359,61.873828756164926,63.98269896820176,65.97270432102766,67.74471817235822,69.24140462949694,70.57256313398261,71.88978095898105,73.3446482798532,75.02262373804245,76.74463385605992,78.29105861116118,79.54462808546188,80.40592939386755,80.74462654684964,80.45298866993456,79.54462808546188,78.07867641215611,76.17499853319387,73.9686434190416,71.59466146353725,69.16656453951825,66.71170641687203,64.2359083144174,61.74500571385897,59.24485940732244,56.74137482211977,54.240535478983645,51.74846020043391
44.767243883875736,46.829352788975314,48.83484878044002,50.802379930497,52.75110191894659,54.70044815365097,56.67000799856086,58.67946060436185,60.74853807295639,62.877185173795226,64.98608496706416,66.97610771426453,68.74813159176378,70.24482384988463,71.57598607622535,72.89320661599211,74.34807611788369,76.0260533325745,77.74806466970084,79.29449017532585,80.54806008957213,81.40936163449729,81.74805886837447,81.45642092218495,80.54806008957213,79.08210788837744,77.17842899571528,74.97207199060355,72.5980865817971,70.16998351484689,67.71511449263102,65.23929699333411,62.74835981620845,60.2481518513316,57.74455742186437,55.24352285298896,52.75110191894659
45.766725487805175,47.83032857111199,49.83673362156348,51.80482895807289,53.7539068414745,55.703480340198524,57.67318644412359,59.68273346043287,61.75187174497988,63.880557455143574,65.98948072765428,67.97951728099903,69.75154911635553,71.2482459787513,72.57941115914522,73.89663385363306,75.35150508660561,77.02948369543532,78.75149600017023,80.29792210148685,81.55149236491839,82.4127940975693,82.75149139565295,82.45985339448026,81.55149236491839,80.08553974473773,78.18186004750062,75.975501541531,73.6015133918296,71.1734054492089,68.71852777592815,66.24269488112513,63.751730259857965,61.25147335449961,58.74779173453115,56.246602192589194,53.7539068414745
46.7670197668906,48.83181035140049,50.83893751970396,52.80748088560003,54.756841337108085,56.706595253759644,58.6764174592697,60.68603941567653,62.7552259724699,64.88394232789192,66.99288423626862,68.98293174769617,70.75496989925972,72.25167041609127,73.58283794112822,74.90006234582438,76.35493495275972,78.03291466811986,79.75492774084701,81.30135431496473,82.55492485554491,83.41622673719391,83.7549240862383,83.4632860414254,82.55492485554491,81.08897190281469,79.18529156698554,76.97893186978276,74.60494154462691,72.17682973216972,69.72194519248967,67.24610007812541,64.75511367398644,62.25481792314086,59.75106709558352,57.24975453738968,54.756841337108085
47.7679600121772,49.83369410859912,51.84139479889741,53.81029391366083,55.75987869892738,57.7097758375525,59.67969020286132,61.68937164331254,63.758596515446726,65.88733719466704,67.99629389457942,69.98635010353044,71.75839326830337,73.25509668567534,74.5862660716626,75.9034918337552,77.35836553120741,79.03634612482239,80.75835980710586,82.30478675648627,83.55835751703957,84.41965951694846,84.75835690644044,84.46671882699027,83.55835751703957,82.09240430036448,80.18872345768418,77.98236281499806,75.60837076317998,73.18025587922253,70.72536588964967,68.24951107652501,65.7585073830307,63.25818079961863,60.754375039162994,58.252964834054524,55.75987869892738
48.869413557992175,50.935897145877234,52.94405327838983,54.91323484431936,56.86299772078064,58.813008549990926,60.78299606882413,62.79272472434393,64.86198000841344,66.99073999384882,69.09970843396144,71.08977154619649,72.86181868997679,74.35852440951732,75.68969527254553,77.00692211200638,78.4617966750036,80.13977796569057,81.86179213177954,83.40821937900625,84.6617903141524,85.52309240792425,85.86178982951948,85.57015172257772,84.6617903141524,83.19583688798406,81.29215564301555,79.08579424989821,76.71180082762558,74.28368350581107,71.82878919063775,69.35292667954633,66.86190926330607,64.36155820751361,61.85770884502452,59.356221131932216,56.86299772078064
49.87127488727042,51.93835374145658,53.94687150842054,55.91627731466696,57.866181565753195,59.81628264083645,61.78632822559413,63.79609435734602,65.86537378003291,67.99414908907559,70.10312684748618,72.09319543889607,73.86524574082952,75.36195328760752,76.6931253229663,78.01035301753618,79.46522826751763,81.14321011147143,82.86522466155728,84.41165214518483,85.66522321890545,86.5265253871764,86.86522283425202,86.57358470549013,85.66522321890545,84.19926962646217,82.29558806219715,80.0892260734618,77.71523156345752,75.28711230671101,72.83221455829518,70.35634593728852,67.86531762918702,65.36494714930296,62.86106317874625,60.35951394401317,57.866181565753195
50.873460112016026,52.94101167814526,54.94981656893884,56.91940039182067,58.86941686686012,60.81958957618599,62.78968125037679,64.79947712804642,66.86877570997507,68.99756318153311,71.10654833594145,73.09662127619715,74.86867408476652,76.36538308182709,77.69655604766672,79.01378442093787,80.46866021617957,82.14664249926179,83.86865735412627,85.41508502538537,86.66865620909265,87.52995843649357,87.868655903793,87.5770177577125,86.66865620909265,85.2027024846768,83.29902066698594,81.092658205508,78.71866283216983,76.2905420396645,73.83564156627527,71.35976809580363,68.86873114275647,66.36834524573999,63.864433806042,61.36283573933693,58.86941686686012
51.8759025625405,53.94382947721439,55.952862317822195,57.92258745590253,59.87269301250234,61.8229225817733,63.79305083873275,65.80287032639086,67.8721841152771,70.00098124033086,72.10997226498418,74.10004865693486,75.8721034550276,77.3688136031802,78.69998730754392,80.01721621950112,81.47209244751645,83.15007507913532,84.87209017590283,86.4185179960852,87.67208926708896,88.5333915414214,88.87208902477244,88.58045086494613,87.67208926708896,86.20613543792643,84.30245341909125,82.09609058239718,79.72209452382995,77.29397251239064,74.83906987618418,72.3631925566757,69.87214874208678,67.37175060834512,64.8678173659344,62.36618053987307,59.87269301250234
52.8785492677286,54.94677419559133,56.95598799756985,58.92582531227977,60.876001578851685,62.826276280290756,64.79643357399658,66.80627180131687,68.87559766013541,71.00440244723737,73.11339813113091,75.10347726270237,76.87553363988411,78.37224470166035,79.70341899219159,81.02064833170454,82.4755249032127,84.15350781146537,85.8755231002315,87.42195103861441,88.67552237890538,89.53682469048742,89.87552218657866,89.58388401584229,88.67552237890538,87.20956846660539,85.30588628812184,83.09952315361838,80.72552655118422,78.29740357227547,75.84249921943703,73.3666188449373,70.87556958431139,68.37516173818696,65.87121119067395,63.36954360041267,60.876001578851685
53.98135814947368,56.049819672862114,58.05917712759546,60.02910348620618,61.979335879031524,63.92964640340803,65.8998267442144,67.9096798454676,69.9790152842999,72.1078261528136,74.21682553476347,76.20690684077888,77.97896447128639,79.47567625820699,80.8068510139801,82.12408069284443,83.57895753698317,85.25694066480031,86.97895610595589,88.5253841381546,89.77895553343896,90.64025787458596,90.97895538078913,90.68731720139343,89.77895553343896,88.31300155515262,86.40931924995607,84.20295587908112,81.82895884497927,79.40083509818898,76.9459293828571,74.47004658360365,71.97899300043794,69.47857744553495,66.97461316277821,64.47292115440183,61.979335879031524
54.984295788353165,57.0529451369962,59.06241662387943,61.0324136625096,62.98269060511004,64.9330295631233,66.9032281968159,68.91309310367696,70.98243614623554,73.11125184159415,75.22025415870276,77.21033719057888,78.982395815853,80.47910817832158,81.81028330335761,83.12751325156543,84.58239031209129,86.2603736141769,87.98238917628409,89.52881728294446,90.78238872187708,91.64369108648982,91.9823886007188,91.6907504144502,90.78238872187708,89.31643469121738,87.41275228544862,85.2063887269654,82.83239135024864,80.40426699398999,77.94936019724524,75.47347547346004,72.98241845948124,70.48199678608191,67.97802160154477,65.47631021214893,62.98269060511004
56.08733564548082,58.15613409586744,60.165696099505325,62.13574924057623,64.08606154382971,66.03642307023547,68.00663622324744,70.01651050032618,72.0858595780068,74.21467910445067,76.32368375120221,78.31376815289704,80.08582756771875,81.58254038700038,82.91371580512075,84.23094596710676,85.68582319937917,87.3638066397818,89.08582229788834,90.632250463649,91.88582193722524,92.74712432046279,93.08582184106186,92.79418364933821,91.88582193722524,90.41986786499677,88.51618537940382,86.30982167201583,83.93582402336533,81.50769918337107,79.0527915283077,76.57690527701843,74.08584553999454,71.58541901031955,69.08143517296412,66.57970840062335,64.08606154382971
57.19045664818452,59.25937345629244,61.26900730903422,63.2391049809554,65.18944535090583,67.13982479023463,69.11004946739294,71.11993118168164,73.18928504946739,75.31810761665562,77.4271141124497,79.41719960137176,81.18925964285833,82.68597282471289,84.01714847545455,85.33437880711645,86.78925617570428,88.46723972588919,90.18925546019048,91.73568367285907,92.989255173932,93.85055757195204,94.18925509760705,93.89761690155379,92.989255173932,91.52330106871037,89.61961851976088,87.4132546941871,85.03925682970257,82.61113160576701,80.15622326945518,77.68033580578377,75.18927390747324,72.68884352335593,70.18485281821035,67.68311383627967,65.18944535090583
58.29364206556261,60.36265282407831,62.372343707214,64.34247672475199,66.29283937183924,68.24323302890258,70.21346685287952,72.22335447012556,74.29271213983634,76.4215371204713,78.53054508385378,80.5206314357095,82.2926919745806,83.78940544420965,85.12058127958299,86.43781174591679,87.89268922269824,89.57067286001742,91.29268865479453,92.83911690469397,94.09268842759101,94.95399083734392,95.29268836701186,95.00105016752212,94.09268842759101,92.62673429618272,90.7230516969471,88.51668777756916,86.14268974177706,83.71456421310698,81.25965533608766,78.78376691014701,76.29270329641939,73.79226985302047,71.28827369687866,68.78652502410291,66.29283937183924
59.39687861481683,61.46596394800909,63.47570009854357,65.44586117083443,67.39624149966521,69.346646441502,71.31688752537517,73.32677982782668,75.39614051513749,77.52496741133035,79.63397653954001,81.62406357630718,83.39612450995287,84.89283820798872,86.22401418990437,87.54124476312728,88.99612232578208,90.67410603225981,92.3961218750366,93.94255015448618,95.19612169470504,96.05742411377038,96.39612164662336,96.1044834444061,95.19612169470504,93.73016754251236,91.82648490336464,89.62012090953431,87.24612273777525,84.81799696723718,82.36308766105785,79.88719847136309,77.39613349610627,74.89569762454846,72.39169714193073,69.88994077747125,67.39624149966521
60.60015575119495,62.66930027824621,64.67907235901633,66.64925569895782,68.59965006202972,70.55006396069166,72.52031080678704,74.53020682790441,76.59956991029233,78.72839832686701,80.83740837960151,82.82749595998365,84.59955720696222,86.09627108628474,87.42744718451112,88.74467784257207,90.19955547338458,91.87753923475347,93.59955511562762,95.14598341853119,96.39955497249841,97.26085739895495,97.59955493433591,97.30791672995383,96.39955497249841,94.93360080380911,93.02991813298314,90.82355408005989,88.44955580038379,86.0214298378749,83.56652019107095,81.09063039518378,78.59956433927945,76.0991265404872,73.59512262393233,71.0933601545448,68.59965006202972
61.406664721711664,63.511649039704835,65.57589246458168,67.61813758831569,69.65607559929535,71.70516682253954,73.77765819677433,75.88215573201418,78.02417862105398,80.19429507274195,82.33034533473896,84.35971971786161,86.2134305110688,87.8618819691917,89.40453442689231,90.96122049937404,92.63323970116176,94.45679971671058,96.27225100951091,97.91608453868153,99.37654313803834,100.61569507720063,101.21597824323663,100.74367027007627,99.37654313803834,97.42318791855203,95.0947488811053,92.55744954041677,89.95370959381174,87.38710582497278,84.85434818262318,82.33680051389302,79.82289063229759,77.30405285783837,74.7730927875255,72.22445856126696,69.65607559929535
59.13806519784555,61.207071299808874,63.21675935634023,65.18689062205684,67.13725216503776,69.08764511744019,71.05787848808265,73.06776581276691,75.13712329404726,77.26594815506742,79.37495604571356,81.36504235480078,83.13710286902062,84.63381632438704,85.96499215060972,87.28222261026895,88.73710008168811,90.41508371468876,92.13709950646859,93.68352775452279,94.93709927633819,95.79840168550962,96.13709921497866,95.84546101565923,94.93709927633819,93.47114514622776,91.56746254948442,89.36109863475562,86.98710060745378,84.55897509388689,82.10406624366598,79.62817786541711,77.13711433670863,74.63668104493328,72.13268515895302,69.63093696647445,67.13725216503776
57.73176599249237,59.8005570526183,61.81011456989094,63.78016493034957,65.73047548103612,67.6808358889001,69.65104832230392,71.66092213497603,73.73027091354457,75.85909025011277,77.96809478140298,79.95817911520714,81.73023849089748,83.22695128753863,84.55812669113321,85.875356842524,87.33023406628436,89.00821749983177,90.73023315318041,92.27666131601194,93.53023278787118,94.39153517018566,94.73023269046902,94.43859449901574,93.53023278787118,92.06427871770295,90.16059623606621,87.95423253605821,85.58023490088523,83.15211008486577,80.69720247234216,78.22131629675873,75.7302566946939,73.22983040570497,70.7258469971999,68.22412098726952,65.73047548103612
56.81440041926507,58.898972753311824,60.93221146425297,62.93364075542918,64.92236041576643,66.91647979037221,68.93258850343406,70.98544537535255,73.08815110580645,75.23606092108113,77.35762041915984,79.36601410130442,81.17640216134075,82.74535808720753,84.17942514155544,85.6162664102441,87.18246153837808,88.93659271078764,90.7081233728985,92.30670290694354,93.67284283519541,94.74602113349208,95.23612153052372,94.83950311563449,93.67284283519541,91.9456044998003,89.82534220218405,87.45743274951988,84.97498762074954,82.48295575766674,79.99260105627624,77.4978851313911,74.99653585090945,72.48783461020963,69.97175815096384,67.4491018402202,64.92236041576643
55.920362522560595,57.98827083102948,59.99729237280302,61.96701050656752,63.91711164793345,65.867338399046,67.8374648428665,69.8472831603587,71.91659619555597,74.0453928421634,76.15438357587624,78.14445979675456,79.91651449624293,81.41322458734534,82.74439825510647,84.06162714036543,85.51650334693176,87.1944859612765,88.91650104605488,90.46292885885637,91.71650012553354,92.57780239753998,92.91649988009547,92.62486172095043,91.71650012553354,90.25054630156245,88.34686429269635,86.14050147459862,83.76650544999256,81.3383834989658,78.88348096995246,76.40760384120935,73.9165603666914,71.41616283942628,68.9122306776056,66.41059577255527,63.91711164793345
41.46416701253939,43.51798461271885,45.51842701423196,47.482818277858826,49.42955821350127,51.37763820930513,53.34638291768124,55.35530925525191,57.424047680397436,59.55247952153232,61.66124840414132,63.65119417174813,65.42317367750297,66.91984026267619,68.25098601743574,69.56819454259146,71.02305439203863,72.70102383304337,74.42302977479704,75.96945195884949,77.22301992603973,78.08432042420617,78.42301730006795,78.13137966046466,77.22301992603973,75.75707006110962,73.85339565475078,71.64704701839588,69.27307689272205,66.84500101217928,64.39018022721999,61.91444856977816,59.42366441000712,56.92372930154232,54.420620932596194,51.92045013309241,49.42955821350127
42.45914133955344,44.516148334399624,46.518536525286095,48.484137444276875,50.4316412514996,52.380209360552854,54.3492683362708,56.35839759029248,58.42726675049026,60.55578159895694,62.66460096389248,64.6545764171347,66.42657303410917,67.92324951967346,69.25440162647266,70.5716147849079,72.02647835670123,73.70445079553588,75.42645881795298,76.97288228293249,78.22645100098325,79.08775190282064,79.42644891674712,79.13481115891221,78.22645100098325,76.7605002350987,74.85682409864773,72.65047223497933,70.27649621555352,67.84840985093876,65.39357046403023,62.91780570332338,60.42696253634128,57.92692221098166,55.42362642099229,52.923122590739126,50.4316412514996
43.45584900425288,45.51539461502017,47.51932992417692,49.485892026331456,51.434002552812174,53.38295825467273,55.352266737193276,57.361557075809344,59.430530012471195,61.55911074860154,63.66797018314041,65.65796919852852,67.42997939692555,68.92666374052959,70.25782088898949,71.57503772488445,73.0299042511196,74.70787906934112,76.4298887431855,77.97631322483906,79.22988253884884,80.09118376108034,80.42988088458895,80.13824303291346,79.22988253884884,77.76393105787548,75.8602535482472,73.65389912305154,71.27991842573027,68.851823739836,66.39696958834456,63.92117855291173,61.43028854983072,58.930164707288526,56.42672014058863,53.92595191875746,51.434002552812174
44.4539367438054,46.51550180357327,48.52066679429046,50.48799246884592,52.43658482238172,54.38584826847095,56.355354830455724,58.36477304071394,60.43382835236076,62.562461386525996,64.67135262543525,66.66137034251507,68.43339132064455,69.9300819012382,71.26124305129423,72.57846280600572,74.03333167719147,75.71130838393844,77.43331936852385,78.97974465711303,80.23331444413625,81.09461592066492,81.4333131311489,81.14167520499211,80.23331444413625,78.76736239559602,76.86368379607474,74.65732733778923,72.28334292760647,69.85524163706657,67.40037576678816,64.9245638766838,62.433636698478495,59.93344656422329,57.429883900434504,54.92890578997233,52.43658482238172
45.45312258496159,47.51629335655988,49.522435440003164,51.49036759178935,53.439342544242336,55.388850317434986,57.3585141240458,59.36803383788566,61.43715453535873,63.565829080367564,65.67474556311859,67.66477812399553,69.43680765809894,70.93350318903191,72.26466751517418,73.58188958656109,75.03676031894085,76.71473852461455,78.43675054953721,79.98317647859224,81.2367466410467,82.09804831941125,82.43674559892773,82.14510761365503,81.2367466410467,79.77079414202805,77.86711467745724,75.6607566055045,73.28676924841315,70.8586627157363,68.40378754416875,65.9279591014438,63.43700241651136,60.93675966391747,58.43310325825698,55.93195853330786,53.439342544242336
46.45318171901984,48.517628759979004,50.524547052561175,52.49296083642197,54.44223956659124,56.39194130666789,58.36172993660077,60.37133022131644,62.44050281855142,64.56921031191416,66.67814683115427,68.66819117372117,70.44022749876525,71.93692695880867,73.26809380582311,74.58531771596239,76.04018992557619,77.71816932095076,79.44018217159056,80.98660860898408,82.24017906941867,83.10148090798054,83.44017824228814,83.14854021009509,82.24017906941867,80.77422621285484,78.87054606169318,76.66418670897019,74.29019701291062,71.86208631953039,69.40720376547326,66.93136218476286,64.44038207981438,61.94009756239751,59.4363667486293,56.9350897654366,54.44223956659124
47.45393507830168,49.51939624056662,51.5269310460361,53.49572727223881,55.44524717948603,57.395102899117674,59.36499061284165,61.37465485138485,63.44386864337645,65.57260228860552,67.68155471109387,69.67160840489535,71.44365011995018,72.94035269854544,74.27152154638432,75.58874691594599,77.04362029804341,78.72160063768536,80.44361414369789,81.99004098456015,83.24361168150185,84.10491364721244,84.44361102500781,84.15197295557404,83.24361168150185,81.7776585411541,79.87397784504455,77.66761747577249,75.29362592326922,72.86551192752613,70.41062351395068,67.9347715055124,65.44377281176284,62.94345514456347,60.43966526980594,57.93828330294494,55.44524717948603
48.55524013401609,50.621506927727935,52.629531334279335,54.59863121277715,56.54834258559535,58.49832053648443,60.468286900282735,62.478001901961605,64.54724839144284,66.6760027938885,68.78496783896743,70.77502895491233,72.54707494804518,74.04378000184605,75.37495043774462,76.69217696565295,78.14705127835256,79.82503236746086,81.5470463936434,83.09347355473918,84.34704443939674,85.20834650602538,85.54704391833701,85.25540581934524,84.34704443939674,82.88109107380946,80.97740994517429,78.77104876906598,76.39705574310028,73.96893912626348,71.51404606196482,69.03818577696919,66.54717232907558,64.04682835023351,61.54299159669958,59.04152629779992,56.54834258559535
49.556983506579655,51.62389018631374,53.632303362545684,55.6016443178511,57.55150768421473,59.50158266120897,61.47161145415974,63.481366748424094,65.55063919066947,67.67941006842278,69.78838513216816,71.77845213911229,73.55050152777284,75.04720854615157,76.37838024249669,77.69560768978681,79.15048274110677,80.82846442506735,82.55047886410932,84.0969062793747,85.3504773130225,86.21177945974985,86.55047689945707,86.25883877700514,85.3504773130225,83.88452376866243,81.9808422967313,79.7744804802362,77.40048628478127,74.97236758757688,72.51747083198389,70.04160397783991,67.5505788194466,65.05021395663485,62.5463399941074,60.044808550463756,57.55150768421473
50.559075045922825,52.626489891022146,54.63521174303183,56.6047440838675,58.55472810474049,60.504880098393926,62.474958444260636,64.48474571994181,66.55403876138192,68.6828227157807,70.79180573141598,72.78187741407459,74.55392949777661,76.05063807544553,77.38181077220946,78.69903894921435,80.15391458677817,81.83189674287362,83.5539115096025,85.10033912660248,86.3539102785039,87.21521248880569,87.55390995025681,87.26227180918448,86.3539102785039,84.88795659225178,82.98427484784636,80.77791252307571,78.40391739939568,75.97579705099983,73.52089736561649,71.04502529751052,68.55399084440691,66.05360940572227,63.5497059095882,61.04812196426792,58.55472810474049
51.561443098509926,53.629261455977144,55.63822837286207,57.607912643427326,59.55799243865532,61.508205564874686,63.4783232427217,65.48813590280766,67.55744529413688,69.6862396275927,71.79522895469071,73.78530434848224,75.55735857124606,77.05406838652675,78.38524187732469,79.70247063350513,81.15734673637135,82.8353292672007,84.55734429401494,86.10377207113181,87.35734331689125,88.21864557765208,88.55734305636133,88.26570490051,87.35734331689125,85.89138951801928,83.98770755735083,81.78134482916138,79.4073489687481,76.97922730979911,74.52432529903449,72.0484490925881,69.55740726221731,67.05701266709292,64.55308572961013,62.051460112069606,59.55799243865532
52.56403072893539,54.632169468632355,56.64133093696296,58.6111358112057,60.56129162939894,62.51155327934207,64.48170217613958,66.49153498430553,68.56085735273773,70.68965992413007,72.79865426066677,74.78873259999651,76.5607885205385,78.05749931811378,79.38867343913762,80.70590265501033,82.16077912718757,83.83876195544352,85.56077718868767,87.10720509288947,88.36077641314404,89.22207871395426,89.5607762063613,89.26913803877989,88.36077641314404,86.89482252488563,84.99114039256906,82.78477734418584,80.41078089902663,77.98265819988987,75.52775434346569,73.05187485240623,70.56082716666266,68.06042212916384,65.55647658594921,63.05481789213006,60.56129162939894
53.66679270720145,55.73518580645165,57.74450171766861,59.71440232580687,61.66461848775775,63.61491865275359,65.58509232876487,67.5949411287652,69.6642737972489,71.79308290714206,73.90208121969016,75.89216189690143,77.66421916497319,79.16093074219715,80.49210536343202,81.80933494416301,83.2642117094627,84.94219477378638,86.66421017087414,88.21063817594327,89.46420955532471,90.32551188792212,90.66420939120113,90.37257121430953,89.46420955532471,87.99825559612023,86.09457332756642,83.88821002504515,81.51421311577259,79.0860895910376,76.63118426971045,74.15530217164547,71.66424983846935,69.16383651278865,66.6598762019926,64.15819125487398,61.66461848775775
54.66969310880147,56.738288138743386,58.74772664856357,60.71770324748242,62.66796730700837,64.61829804252282,66.58849138626039,68.59835287917242,70.66769372288678,72.79650802242067,74.90550949074202,76.89559202353504,78.66765036114336,80.16436255717548,81.49553757542836,82.81276744574771,84.26764444369893,85.94562769538975,87.66764322252027,89.21407130764788,90.46764273395831,91.32894509178527,91.66764260369335,91.37600441941225,90.46764273395831,89.00168871844392,87.09800634175852,84.89164283752771,82.51764555988802,80.08952137987487,77.63461489585217,75.15873072860154,72.66767470674303,70.16725480268786,67.66328277072726,65.161576985948,62.66796730700837
55.77270340440194,57.841458735436845,59.850994562672255,61.82103147975842,63.77133355731772,65.72168855736253,67.69189751166907,69.70176907906797,71.77111641151406,73.89993483008688,76.00893880315394,77.9990228087257,79.77108199522672,81.26779468240753,82.59897001577403,83.91620011593986,85.3710772985468,87.049060698951,88.77107632929653,90.31750447796665,91.57107594152467,92.43237831937631,92.7710758381333,92.47943764798713,91.57107594152467,90.10512188131702,88.20143941880755,85.99507575447973,83.62107818446675,81.19295348435872,78.73804607750316,76.26216026793627,73.77110131836062,71.27067619302085,68.76669485788553,66.26497253399019,63.77133355731772
56.875800940149404,58.944683520265386,60.954296595213876,62.92438138953548,64.87471364310063,66.8250879023529,68.79530924695538,70.80518881055298,72.87454129313836,75.00336298100609,77.11236894209546,79.10245411661407,80.87451397688224,82.37122705388828,83.70240263736072,85.01963291995591,86.47451024912417,88.15249376756235,89.87450947982971,91.42093767893351,92.67450917205495,93.53581156580022,93.87450908999315,93.58287089519193,92.67450917205495,91.20855507637428,89.30487254574616,87.09850875434925,84.72451095227942,82.29638583937162,79.84147770006263,77.36559058698685,74.87452931367557,72.37410004418348,69.87011132506294,67.3683758739025,64.87471364310063
57.9789677292989,60.0479513184311,62.057625709232866,64.02774850542627,65.97810471037899,67.92849425594966,69.89872543484935,71.90861134508015,73.9779679153524,76.10679219806853,78.21579973705498,80.2058858393683,81.97794623440618,83.47465962081684,84.80583540279855,86.12306583018805,87.57794327568217,89.25592688780395,90.97794266509271,92.52437090422576,93.77794242081173,94.63924482717177,94.97794235567925,94.68630415718324,93.77794242081173,92.31198829697607,90.40830571228216,88.20194182003044,85.8279438337769,83.39981839322965,80.94490967257164,78.46902152489918,75.9779584072345,73.47752584851654,70.97353126869116,68.47178539831275,65.97810471037899
59.08218949174747,61.15125325894243,63.160976318880046,65.13112927824051,67.0815044938479,69.03190617235094,71.00214515680861,73.01203610439455,75.08139591907769,77.21022226133098,79.31923105269688,81.30931789140197,83.0813787108871,84.57809234287248,85.90926828241115,87.22649882472399,88.681376362546,90.35936004902452,92.08137587792082,93.6278041488251,94.88137568403486,95.74267810040725,96.08137563233917,95.78973743091066,94.88137568403486,93.41542153785258,91.51173891024662,89.30537493794637,86.93137680550609,84.50325110491119,82.04834192283596,79.57245295400296,77.08138837247202,74.5809532030874,72.07695397159745,69.57519983141677,67.0815044938479
60.28545489084051,62.35458229991298,64.36434399027716,66.3345208908279,68.28491119547016,70.23532250399725,72.20556768377514,74.2154626295308,76.28482501931201,78.41365299622389,80.52266278160509,82.51275020478514,84.28481136115438,85.78152518805257,87.11270125264434,88.42993188617191,89.88480949727463,91.56279324277014,93.28480911262737,94.8312374087485,96.08480895873998,96.94611138305916,97.28480891770907,96.99317071395302,96.08480895873998,94.61885479482117,92.71517213315589,90.50880809732107,88.13480984885233,85.70668394185736,83.25177439355494,80.77588477296594,78.28481902956234,75.78438178808624,73.28037886455505,70.77861816058798,68.28491119547016
60.87324487397137,62.981102664725455,65.04968138639283,67.09758017358861,69.14225582434744,71.19877046835097,73.27876588631021,75.3900402408743,77.53716199461037,79.71013537349387,81.84804103278492,83.88008944301069,85.73927594517322,87.39761662850793,88.95345282155287,90.52426757269629,92.20840580837788,94.0397401026246,95.86003855659287,97.50880982277354,98.97937825988485,100.23574185479882,100.84705723248052,100.36720390252498,98.97937825988485,97.00137192856401,94.64894041122635,92.0911474281026,89.4721711145541,86.89595916115164,84.35765443114559,81.83709447344302,79.32151975720899,76.80133446165354,74.26838933808575,71.71627185843603,69.14225582434744
58.56502968188636,60.63398413062569,62.64364083246896,64.6137526656238,66.56410196095233,68.5144870966584,70.48471543852247,72.49459951785471,74.56395490889801,76.6927784430444,78.80178552683446,80.79187136149491,82.5639316022609,84.06064489941365,85.39182062412885,86.70905100974767,88.16392842168378,89.84191200677944,91.56392776531067,93.11035599289596,94.36392750271283,95.22522990543371,95.56392743269652,95.27228923526638,94.36392750271283,92.8979733869994,90.99429081790254,88.7879269547457,86.41392902162596,83.98580367559708,81.53089512264827,79.05500727343923,76.56394468783903,74.06351307800699,71.55952018889693,69.0577773242926,66.56410196095233
57.15881050523319,59.2275195895658,61.23702734141838,63.20704685736655,65.15733796722331,67.107685967306,69.07789041820644,71.08775907927884,73.15710453983331,75.28592177013266,77.39492502062308,79.38500860132334,81.15706754293333,82.65378008842617,83.9849553308878,85.30218536474689,86.75706249408381,88.43504585158678,90.15706145215657,91.70348958249575,92.95706103530848,93.81836340738337,94.15706092416455,93.86542273571035,92.95706103530848,91.49110698799407,89.58742455024338,87.38106093210078,85.00706344643247,82.5789388963629,80.12403175572878,77.64814641994208,75.15708831496312,72.65666469587632,70.15268604455399,67.65096849193185,65.15733796722331
56.25820030597835,58.34408846179535,60.37933693484608,62.38343249208032,64.37539860210202,66.37318476961434,68.39309963214023,70.4494831845544,72.55490030098355,74.70435165534609,76.82692103411708,78.8367824547885,80.65022216763245,82.2248518524159,83.66682623593272,85.11261000665439,86.68689335934522,88.4464307116675,90.22142268360457,91.82360248372989,93.19735793468196,94.284311626116,94.78382684678084,94.38071750322425,93.19735793468196,91.4521141117304,89.31602207444776,86.93574042383574,84.44470709657396,81.94750487179155,79.45424686306532,76.95797856566047,74.45577850477123,71.94639234635054,69.42931291063289,66.90491366411118,64.37539860210202
55.34773549797839,57.4154374326081,59.424333646251455,61.39397408525966,63.344026250254004,65.29422174038102,67.26432807146517,69.27413340852056,71.34343808316135,73.47222942242736,75.5812169287731,77.57129125196528,79.34334485764607,80.84005431589688,82.17122757762958,83.48845616672779,84.94333213536225,86.62131455808732,88.3433295098714,89.8897572407973,91.1433284594803,92.00463070568458,92.34332817941514,92.05169002782732,91.1433284594803,89.67737469309722,87.77369279481692,85.56733018300689,83.19333453512851,80.76521325425165,78.31031191431997,75.83443690171498,73.34339719956333,70.84300639985982,68.33908622484869,65.83747262917241,63.344026250254004
41.43344288021915,43.48714984923532,45.48752471546857,47.45187397808108,49.398587384741944,51.346650426022066,53.315384217336515,55.32430350553361,57.39303738872675,59.521466345975966,61.63023347467272,63.62017821089883,65.39215712214798,66.88882336334466,68.21996889741024,69.537177261588,70.99203698170642,72.67000631855487,74.3920121880181,75.93843432756611,77.19200226866846,78.0533027528098,78.39199962387465,78.1003619883792,77.19200226866846,75.72605243504107,73.82237808879248,71.61602956456707,69.24205964366504,66.81398412737892,64.35916398872003,61.88343348140076,59.39265137172298,56.89271991874743,54.38961806103438,51.88945883070316,49.398587384741944
42.428357093034975,44.48527600086678,46.48761048241788,48.453178023264456,50.40066075755698,52.34921540291414,54.318265710930646,56.327389368706264,58.39625492348816,60.52476748283051,62.63358545561677,64.62356009022665,66.39555623533238,67.89223244787865,69.22338437951124,70.54059741017727,71.99546087932177,73.67343323548718,75.39544120052722,76.94186463018346,78.19543332752824,79.05673421823387,79.39543122835303,79.10379347377854,78.19543332752824,76.7294825864887,74.82580649774732,72.61945472307647,70.24547886617896,67.81739279067747,65.36255391674591,62.88679006891711,60.395948529174575,57.89591110543054,55.39262048420839,52.89212583893621,50.40066075755698
43.425016877354075,45.48449239688579,47.48838500961093,49.45492059306338,51.40301438331328,53.351959394692955,55.32126099587461,57.33054689201968,59.39951696676751,61.52809588590354,63.63695421544983,65.62695258107331,67.398962404942,68.89564653184921,70.2268035412782,71.54402027576214,72.9988867205245,74.67686147313123,76.39887110143532,77.9452955550527,79.19886485262813,80.06016606602438,80.39886318651108,80.10722533742339,79.19886485262813,77.7329133913743,75.82923591961321,73.62288156505512,71.2489009967332,68.82080654030986,66.36595279597357,63.89016248510836,61.39927377361835,58.89915223424862,56.39571177050486,53.89495084038771,51.40301438331328
44.423066508070704,46.48457582479875,48.489706884845276,50.45701149480678,52.40559055808191,54.35484551639642,56.32434661553735,58.333761299345596,60.4028143393048,62.53144593124816,64.64033629309715,66.63035349444854,68.402374175311,69.89906458391081,71.23022562361727,72.54744529783838,74.00231410435894,75.68029075902732,77.40230170746729,78.94872697380416,80.20229674778338,81.0635982172995,81.40229542538503,81.11065750128216,80.20229674778338,78.73634471489456,76.83266614542856,74.6263097432082,72.25232543541262,69.82422432700494,67.36935877988896,64.8935474648843,62.402621311846985,59.90243300572095,57.39887359876745,54.897901276744335,52.40559055808191
45.42222203509909,47.485348492927216,49.491463618766105,51.459379041049985,53.40834344078898,55.35784447550702,57.3275039455491,59.33702086015492,61.40613975447181,63.53481315474269,65.64372894135346,67.63376109289024,69.40579039105035,70.90248578547079,72.23365002402815,73.5508720315296,75.00574271258441,76.68372087692319,78.40573287315719,79.95215878455053,81.20572893665198,82.06703060945063,82.40572788706345,82.11408990342093,81.20572893665198,79.73977645005587,77.83609700933992,75.62973898188619,73.25575170605984,70.82764531794209,68.37277040287071,65.896942416609,63.4059865453728,60.90574524382896,58.40209142331997,55.90095129328921,53.40834344078898
46.42225706640531,48.48666889099883,50.49356577040193,52.461966269413125,54.41123662122341,56.36093301188322,58.330718199433875,60.340316262214046,62.409487428209616,64.53819401296442,66.64712997966689,68.63717399733636,70.40921013511067,71.90590948680347,73.23707626430144,74.55430012373463,76.00917229261172,77.68715165517872,79.4091644830483,80.95559090642368,82.2091613586411,83.0704631927853,83.409160525582,83.11752249468282,82.2091613586411,80.74320851193704,78.83952837970904,76.633169062305,74.25917943074558,71.83106885210239,69.37618650162767,66.90034528321634,64.40936582411152,61.90908245843352,59.405353696627174,56.904080360821325,54.41123662122341
47.4229912685381,49.4884244514714,51.49594225062249,53.464727928450586,55.41424118411069,57.364092657223026,59.33397763844587,61.34364011332303,63.4128527692929,65.54158569334126,67.65053767727343,69.64059111320114,71.41263267961895,72.90933517221589,74.24050396487934,75.5577292941955,77.01260264396011,78.69058295756264,80.4125964455024,81.95902327523851,83.21259396565819,84.07389592786248,84.41259330445862,84.12095523605181,83.21259396565819,81.74664083313614,79.84296015205427,77.63659981081489,75.26260830950551,72.83449440482954,70.37960615283835,67.90375443195951,65.41275625082429,62.91243949778567,60.40865125175061,57.90727218007305,55.41424118411069
48.52428110230966,50.590525671095264,52.59853657299733,54.567628076608415,56.517334169000236,58.46730874899353,60.43727294382745,62.44698654561142,64.51623213340248,66.6449859634352,68.75395066042759,70.7440115716964,72.5160574468554,74.01276243239911,75.34393282450483,76.6611593204702,78.11603360750723,79.79401467594799,81.51602868778616,83.06245584005109,84.31602671953212,85.17732878337782,85.51602619473762,85.22438809656097,84.31602671953212,82.85007336015613,80.9463922434484,78.7400310895897,76.36603810425666,73.93792155970002,71.48302862365139,69.00716856689343,66.51615552586705,64.01581227261059,61.51197681184445,59.01051381101131,56.517334169000236
49.52601238254456,51.592901411170416,53.601303864515415,55.57063817100739,57.520497345627035,59.470569646867816,61.44059671819906,63.450350901320576,65.51962262787563,67.6483930512973,69.75736783876351,71.74743468325515,73.5194839782794,75.01619094248227,76.3473626040689,77.66459002600587,79.11946505695737,80.79744672451412,82.51946115217095,84.06588856042725,85.31945958996644,86.18076173448499,86.51945917343674,86.22782105163174,85.31945958996644,83.85350605053628,81.94982458807198,79.74346278923645,77.36946862603168,74.9413499861962,72.48645333239563,70.01058665940499,67.51956182394555,65.01919753704139,62.515324600615884,60.01379498104831,57.520497345627035
50.52809431747381,52.595495145834875,54.604208484411274,56.57373554703321,58.523716240496654,60.47386611023198,62.4439430895782,64.45372948331605,66.52302195670082,68.65180555049179,70.76078834684247,72.7508599005618,74.52291190994445,76.01962044461388,77.35079311378993,78.66802127067196,80.12289689206932,81.80087903514503,83.5228937928375,85.0693214042744,86.32289255291484,87.18419476146349,87.52289222231497,87.23125408175612,86.32289255291484,84.85693887057556,82.95325713368396,80.7468948229297,78.37289972484668,75.94477942198463,73.48987981739418,71.01400789307036,68.5229736962815,66.02259271470128,63.51869003300466,61.017107535517184,58.523716240496654
51.53045474279124,53.59826197072519,55.6072221288095,57.57690220939398,59.526979363390524,61.477190803747135,63.447307396941895,65.45711935701092,67.52642829746702,69.65522234470541,71.76421149775604,73.75428678920801,75.52634095298433,77.02305073413626,78.35422420303766,79.67145294324658,81.12632903328146,82.80431155377704,84.52632657341906,86.07275434612052,87.32632558929168,88.18762784866104,88.52632532689438,88.23468717145062,87.32632558929168,85.86037179352533,83.95668983882064,81.75032712175604,79.3763312816591,76.94820965885036,74.49330771221122,72.01743161988517,69.5263899929528,67.02599576063636,64.52206946958549,62.02044500123009,59.526979363390524
52.53303631677488,54.601166220156415,56.61032232296209,58.58012387119918,60.53027759287886,62.480537904683885,64.45068594056448,66.46051819311526,68.52984020368464,70.65864254790424,72.76763674629876,74.75771500440129,76.5297708781248,78.02648164861202,79.35765575225653,80.67488495545265,82.12976141744562,83.80774423749966,85.52975946505126,87.07618736574847,88.32975868394877,89.19106098365458,89.52975847568389,89.23812030842595,88.32975868394877,86.86380479815529,84.96012267057216,82.75375963101872,80.37976320198462,77.95164053153242,75.49673672600477,73.02085732552294,70.5298098012493,68.02940505171384,65.5254600215804,63.02380223989498,60.53027759287886
53.635793486354444,55.70417957045241,57.71349122238064,59.68338919040454,61.633603688246424,63.58390279111855,65.55407578380208,67.56392414280317,69.63325652724807,71.76206545683299,73.87106365973715,75.86114427247819,77.63320150339001,79.12991305911416,80.46108766655506,81.77831723722461,83.23319399444104,84.91117705225484,86.6331924448244,88.179620447112,89.43319182486292,90.29449415658377,90.63319165956295,90.3415534829281,89.43319182486292,87.96723786761487,86.06355560281798,83.8571923073049,81.48319541083086,79.05507190886284,76.60016662793232,74.12428460175903,71.63323239674214,69.1328192996197,66.62885939606143,64.12717517291948,61.633603688246424
54.6386900702352,56.70727953113544,58.71671465993454,60.68668916322821,62.63695190188376,64.58728179436311,66.55747459573202,68.5673357386182,70.63667635688901,72.76549051331143,74.87449189460803,76.8645743762309,78.63663268434537,80.13334486331303,81.46451987061765,82.78174973295121,84.23662672448674,85.91460997101065,87.63662549455506,89.18305357747498,90.43662500249127,91.29792735962252,91.63662487129261,91.34498668721531,90.43662500249127,88.97067098852969,87.06698861482619,84.86062511615778,82.4866278486763,80.05850368673329,77.60359723477347,75.1277131245834,72.63665720444524,70.13623748179785,67.63226577306523,65.13056056291653,62.63695190188376
55.74169733504044,57.810448245223554,59.81998138867523,61.79001664235864,63.740317671500705,65.69067200241109,67.66088052623242,69.67075181581278,71.74009896932303,73.86891727430776,75.97792117830306,77.96800514326097,79.74006430635268,81.23677697998941,82.56795230466625,83.88518239849378,85.34005957600856,87.0180429723118,88.74005859981108,90.28648674672891,91.54005820925977,92.40136058655924,92.74005810512733,92.4484199151429,91.54005820925977,90.07410415028461,88.17042169014185,85.96405803022893,83.59006046827852,81.16193578251281,78.70702840110555,76.23114263682773,73.74008376798781,71.23965878663206,68.73567770804493,66.23395584024037,63.740317671500705
56.844792464822305,58.91367153566452,60.923282480325184,62.893365954337625,64.84369737574718,66.79407110389643,68.76429210681817,70.77417144990923,72.84352379047243,74.97234538818498,77.08135129445195,79.0714364367353,80.84349627842346,82.34020934467955,83.671384921255,84.98861519881947,86.44349252394608,88.12147603912933,89.8434917491376,91.3899199468506,92.64349143915682,93.50479383246379,93.84349135650683,93.55185316183395,92.64349143915682,91.17753734445432,89.27385481570471,87.0674910278119,84.6934932321413,82.26536813061702,79.8104600115064,77.33457293437661,74.84351172514539,72.34308256993396,69.83909405443706,67.33735896528003,64.84369737574718
57.94795734408983,60.01693814763149,62.02661084751729,63.996732595739346,65.94708814019319,67.89747726422036,69.8677081719251,71.87759390713862,73.94695036468734,76.07577457584708,78.1847820713209,80.174868148049,81.94692852833994,83.44364190621835,84.77481768272595,86.09204810612256,87.54692554840881,89.22490915794714,90.94692493344286,92.49335317147207,93.74692468741095,94.60822709342311,94.94692462181162,94.65528642341751,93.74692468741095,92.28097056435172,90.37728798114873,88.17092409167822,85.79692611050378,83.36880067899162,80.91389197436507,78.43800385522297,75.9469407884188,73.44650832040566,70.94251390219728,68.44076831914363,65.94708814019319
59.05117759049659,61.12023914659164,63.129960864381985,65.10011299194105,67.0504876832997,69.00088902721922,70.97112779642755,72.9810186051015,75.05037833031562,77.17920461577444,79.2882133726043,81.27830019100242,83.05036099878282,84.54707462399618,85.87825055919004,87.19548109833372,88.65035863360964,90.32834231803768,92.05035814551083,93.59678641553899,94.85035795023518,95.71166036633144,96.05035789816894,95.75871969682129,94.85035795023518,93.38440380466913,91.48072117824653,89.27435720815373,86.90035907974475,84.47223338632097,82.01732421696991,79.54143527078148,77.0503707296186,74.5499356322266,72.04593652901265,69.54418261688335,67.0504876832997
60.25444178620093,62.323567440211875,64.3333280652712,66.30350430560436,68.25389419414353,70.20430523710884,72.17455024604213,74.18444508154282,76.25380740031221,78.38263533214624,80.49164509011615,82.4817324971785,84.25379364425774,85.75050746578098,87.08168352692424,88.39891415793645,89.85379176701835,91.53177551088639,93.25379137961406,94.80021967503981,96.05379122462367,96.91509364872371,97.25379118329866,96.96215297960677,96.05379122462367,94.58783706119397,92.68415440046792,90.47779036638515,88.10379212111602,85.67566621981283,83.22075668160957,80.74486707899361,78.25380136763017,75.75336418329476,73.2493613615766,70.74760083861503,68.25389419414353
60.82439351528073,62.93251277157226,65.00148561734358,67.04989773768463,69.0951841917547,71.15237061332778,73.23304383341286,75.34492920735487,77.49251000608724,79.66574033421054,81.80381276747497,83.83610139835442,85.69577930696367,87.35500576999033,88.91201942039993,90.48409170896065,92.16930506800553,94.00132732908716,95.82205404347559,97.47126103817945,98.94271993363306,100.20059432556704,100.81287466456996,100.332361648362,98.94271993363306,96.962538409725,94.60797687204172,92.04835431523583,89.42801166323527,86.85093539526862,84.31213072116998,81.79129898216301,79.27557396938158,76.75526697743756,74.22214250610733,71.66971010155358,69.0951841917547
58.51255514268426,60.58150451181193,62.59115813018239,64.56126805229412,66.51161614315532,68.46200051014436,70.43222835746269,72.44211211763655,74.51146730311905,76.6402907067763,78.74929771121742,80.7393834992211,82.51144371309474,84.00815699468822,85.33933270942084,86.65656308775829,88.11144049384461,89.78942407422915,91.51143982949057,93.0578680550629,94.31143956369978,95.17274196578629,95.51143949283214,95.21980129558781,94.31143956369978,92.84548544940219,90.94180288302418,88.7354390249391,86.36144110108157,83.93331577152895,81.47840724781489,79.0025194506334,76.51145695778163,74.01102551335748,71.50703291896943,69.00529057832512,66.51161614315532
57.10634383597453,59.17504485888651,61.18454771677402,63.15456419942126,65.10485339742203,67.05520017729,69.02540384316748,71.03527199761552,73.10461713186581,75.23343415502777,77.34243727956004,79.3325207861975,81.10457968511861,82.60129220591267,83.93246743252797,85.24969745482858,86.70457457487956,88.38255792490406,90.1045735202834,91.65100164742718,92.90457309836681,93.76587546943469,94.10457298587146,93.81293479771222,92.90457309836681,91.43861905329992,89.53493661986512,87.32857300977346,84.95457553880794,82.52645101489276,80.07154392066585,77.5956586674676,75.10460070971705,72.60417735319719,70.10019916971137,67.5984824488065,65.10485339742203
56.2072694116128,58.293278008705045,60.32871036469571,62.33304972832086,64.32531247691546,66.32343340021995,68.34369541486032,70.4004003333452,72.50606432921896,74.6556559701585,76.7783172228958,78.78831212963604,80.60202922294019,82.17717406014523,83.61986517115844,85.06645778545851,86.64147115048965,88.40149561823995,90.17679911922109,91.77930266789062,93.15374197036158,94.24192933690988,94.74228526651285,94.33859651959808,93.15374197036158,91.40687919720486,89.26935778392303,86.88795500039791,84.39614138441156,81.89846858922436,79.40494607353125,76.90853626743028,74.4062586290422,71.89681000508372,69.37963907698743,66.8550807835019,64.32531247691546
55.29530112774698,57.36298276913847,59.37186665844706,61.34149945702556,63.291546805652175,65.24173922152265,67.21184357467453,69.22164763519886,71.29095148763781,73.41974230496332,75.52872949391937,77.51880363048681,79.2908571285989,80.78756652461297,82.11873974641549,83.43596830638828,84.89084425162369,86.56882665550424,88.29084159420917,89.83726931708316,91.09084053104627,91.95214277471307,92.29084024757577,91.99920209673112,91.09084053104627,89.62488677032655,87.72120488292168,85.51484229139871,83.14084668056894,80.71272546559695,78.25782424260348,75.78194943810651,73.29091010694154,70.79051996884729,68.2866009726534,65.78498947259324,63.291546805652175
41.47907692051584,43.532947925732145,45.53342292759319,47.49783446539503,49.44458720660728,51.39267538631846,53.36142536430856,55.37035510456806,57.43909572208143,59.567528955245535,61.67629868445363,63.66624494989921,65.43822474261691,66.93489149382464,68.26603735511128,69.58324595796965,71.03810586984267,72.71607536112279,74.4380813377704,75.98450354330475,77.23807152308737,78.09937202802362,78.43806890620084,78.14643126461473,77.23807152308737,75.77212164304771,73.86844720767422,71.6620985171954,69.28812829267997,66.86005223631368,64.40523113939074,61.92949892679442,59.43871377746012,56.93877690451879,54.43566539264508,51.93548900876378,49.44458720660728
42.47408026673716,44.531129783162825,46.53354390012376,48.49916093086459,50.446674909971854,52.39524951790085,54.364312677470025,56.373444632761974,58.44231553326695,60.5708314866757,62.67965152359014,64.66962737197922,66.44162421672073,67.93830083406846,69.26945302541908,70.58666624552737,72.04152986686839,73.71950234560674,75.44151039571926,76.98793387774901,78.24150260579435,79.10280351300497,79.44150052876921,79.14986276936054,78.24150260579435,76.77555182791735,74.87187566843738,72.66552376181068,70.29154766393381,67.86346115976663,65.40862152524852,62.93285632390321,60.442012371466035,57.94197064551956,55.43867236060373,52.93816409681597,50.446674909971854
43.47081104452978,45.53039048946096,47.534346408473425,49.5009213112332,51.44903991625039,53.398000778354984,55.36731258245496,57.37660506541998,59.44557938350552,61.57416099668424,63.68302096459374,65.6730202936177,67.4450306727963,68.94171512099805,70.27287233656696,71.59008922141217,73.0449557869735,74.72293063686669,76.444940332693,77.99136482787932,79.24493414982183,80.10623537631807,80.44493250128528,80.15329464836073,79.24493414982183,77.77898265933004,75.8753051314236,73.66895067213184,71.2949699125437,68.86687511588579,66.41202076786409,63.93622938268865,61.445338756167516,58.9452138019026,56.44176725473682,53.94099551324359,51.44903991625039
44.46891717992919,46.53050914747251,48.53569051664507,50.50302635905947,52.451625127753516,54.40089267084406,56.37040186970667,58.37982178215589,60.44887819032823,62.57751192064205,64.68640358290085,66.67642154891834,68.44844267053602,69.94513333414963,71.27629453747046,72.5935143310339,74.04838323343299,75.72635996531787,77.44837096735037,78.99479626668054,80.24836605999994,81.10966753991352,81.44836475155523,81.15672682440703,80.24836605999994,78.78241400390493,76.87873538987625,74.67237890452857,72.29839444492441,69.87029306647086,67.41542704020475,64.93961487250473,62.44868719945951,59.94849618278141,57.444931946943655,54.943951042442876,52.451625127753516
45.4681176541102,47.53130981627068,49.537464912177064,51.505405139250854,53.454385185447904,55.40389621126009,57.37356211110156,59.38308317610998,61.45220474395188,63.58087984151618,65.68979666028812,67.67982941875002,69.45185906674124,70.94855466356762,72.27971903198637,73.59694113421025,75.05181189136407,76.72979011698976,78.45180215576022,79.9982280933404,81.25179826079216,82.11309994184333,82.45179722227869,82.16015923621907,81.25179826079216,79.78584575577725,77.8821662796919,75.67580818625987,73.30182078994264,70.87371418748837,68.41883889211233,65.94301022905654,63.45205315135985,60.951809698356215,58.448152044863804,55.947005101981674,53.454385185447904
46.46818842277306,48.53265246280111,50.53958109150348,52.50800128790992,54.45728406226583,56.406988384469756,58.37677867601471,60.386380033240954,62.45555332132339,64.58426125326349,66.69319803920874,68.68324253860081,70.45527895403839,71.95197846638173,73.28314534695119,74.60036928156583,76.05524151084288,77.73322092205336,79.45523378368419,81.00166022784413,82.25523069224508,83.11653253293929,83.45522986797621,83.16359183515863,82.25523069224508,80.789277830922,78.88559767062125,76.67923830085016,74.30524857365688,71.8771378248941,69.42225517256946,66.94641341698048,64.45543300028879,61.955147926937286,59.45141612270382,56.95013737894557,54.45728406226583
47.46895102930638,49.5344256972257,51.54196871160086,53.51077002945263,55.46029314737916,57.41015091677514,59.38003994945623,61.389705039306676,63.45891937964646,65.58765337298334,67.69660600715895,69.68665982543382,71.45870161223445,72.95540423234038,74.28657310681196,75.60379849579981,77.05867189350397,78.73665224571495,80.45866576045103,82.0050926066838,83.25866330677358,84.11996527417665,84.45866265255088,84.1670245826214,83.25866330677358,81.79271016264843,79.88902945928518,77.682669076482,75.30867749926787,72.8805634595675,70.42567496799671,67.94982282075597,65.45882387957191,62.95850577111493,60.454715110186555,57.95333174584343,55.46029314737916
48.57026343268548,50.636540954348625,52.644571879541985,54.6136758005501,56.5633897221942,58.51336930018938,60.48333671092951,62.49305238832608,64.56229931304553,66.69105399179003,68.80001920488732,70.79008041962754,72.56212646970536,74.05883155645338,75.3900020134904,76.70722855681731,78.16210288190403,79.84008398098835,81.56209801409477,83.10852517945315,84.36209606660935,85.22339813458132,85.56209554735238,85.27045744796717,84.36209606660935,82.89614269802397,80.99246156363151,78.78610037678355,76.41210733120477,73.98399067947899,71.52909755327515,69.05323715811122,66.5622235138263,64.06187918475025,61.558041807208156,59.05657539905039,56.5633897221942
49.57201264221497,51.638927842094105,53.647346194211266,55.61669035885696,57.56655574854523,59.516632017104854,61.48666164106737,63.496417471671066,65.5656902593741,67.69446135642937,69.80343655353226,71.79350363889083,73.56555307274877,75.06226011727773,76.39343183040049,77.71065928992837,79.16553435107998,80.84351604295856,82.56553048749603,84.11195790614462,85.3655289417756,86.22683108956915,86.565528529641,86.2738904068768,85.3655289417756,83.89957539503592,81.99589391853522,79.78953209351607,77.4155378824942,74.98741915759835,72.53252235287104,70.05665541128593,67.56563009701523,65.06526495621783,62.561390498399675,60.059858174289545,57.56655574854523
50.57410881759068,52.641530428515935,54.650256389911505,56.61979127850495,58.569776905493484,60.519929924345234,62.49000892982011,64.49979663120786,66.56908994684342,68.6978740753045,70.80685719678652,72.79692894168295,74.56898106125833,76.06568965968276,77.39686236976311,78.71409055648112,80.16896620184832,81.8469483642283,83.56896313531897,85.1153907550042,86.3689619084797,87.2302641196277,87.56896158136826,87.27732344004808,86.3689619084797,84.90300822033886,82.99932647230659,80.79296414077035,78.41896900473483,75.99084863436025,73.53594890997886,71.06007677247052,68.569042195646,66.06866053632103,63.56475664706494,61.06317200288785,58.569776905493484
51.5764805518357,53.64430428147472,55.65327446079,57.62296075382871,59.57304182395855,61.523255763930166,63.493373965329724,65.5031869633079,67.5724965722697,69.70129104388022,71.81028045498935,73.80035589817928,75.57241014941584,77.06911998117023,78.40029348253745,79.7175222464272,81.17239835548699,82.85038089130435,84.57239592158054,86.1188237008287,87.37239494783748,88.23369720926993,88.57239468820892,88.28075653216088,87.37239494783748,85.90644114746641,84.00275918391934,81.79639645036008,79.42240058014022,76.99427890374665,74.53937686202921,72.06350060049795,69.57245867192921,67.07206390168058,64.56813665217064,62.06651047992814,59.57304182395855
52.57907110567882,54.64721411061528,56.656378168848164,58.62618464852875,60.57634147869234,62.52660377454366,64.49675308689848,66.50658616325512,68.57590870442462,70.70471138547128,72.81370578868797,74.80378416722536,76.57584011036622,78.07255092101671,79.40372505042939,80.72095427242103,82.17583074951408,83.85381358172901,85.57582881772095,87.12225672361434,88.3758280448605,89.2371303462038,89.57582783879319,89.28418967105564,88.3758280448605,86.90987415541228,85.00619202081094,82.79982896816566,80.425832515223,77.99770980224045,75.54280592124897,73.06692638646848,70.57587862278478,68.07547344628856,65.57152765541403,63.0698685213157,60.57634147869234
53.68183540507225,55.75023189049229,57.75954985763714,59.729451740138,61.67966870534076,63.629969383014824,65.60014338886258,67.60999240172943,69.67932520731621,71.80813440424262,73.91713276971488,75.90721347804532,77.67927076405387,79.17598235165562,80.50715697954874,81.82438656513632,83.27926333433768,84.95724640180363,86.67926180107229,88.22568980748406,89.47926118765251,90.34056352067304,90.67926102409675,90.38762284708125,89.47926118765251,88.01330722750367,86.10962495713645,83.90326165123238,81.52926473578208,79.1011412000577,76.64623585923141,74.17035372646497,71.67930133142745,69.17888789542371,66.67492738805751,64.17324209148153,61.67966870534076
54.68473764946235,56.753335367542775,58.76277550935633,60.73275311981671,62.68301781691585,64.63334895935623,66.6035425648905,68.61340422675698,70.68274517929099,72.81155954790353,74.92056105823093,76.91064361572332,78.68270196756812,80.1794141718371,81.51058919537465,82.82781906954865,84.28269607059664,85.96067932478147,87.68269485364297,89.22912293983623,90.48269436677134,91.34399672493413,91.68269423695705,91.39105605257757,90.48269436677134,89.01674035050739,87.11305797238268,84.90669446546697,82.53269718292398,80.10457299418852,77.64966649468934,75.1737822998961,72.68272622893804,70.18230623731893,67.678334049339,65.17662798719054,62.68301781691585
55.787749408007656,57.85650687295586,59.86604399563275,61.836081715629874,63.78638429925138,65.73673962228166,67.70694878437975,69.71682048587924,71.78616790469607,73.91498637809688,76.02399038450426,78.01407440967994,79.78613360748045,81.28284630119887,82.61402163875982,83.93125174198514,85.38612892704992,87.06411232943367,88.78612796115308,90.33255611066899,91.58612757472281,92.447429952841,92.78612747168914,92.49448928146492,91.58612757472281,90.12017351392025,88.21649105026839,86.01012738380956,83.63612980990483,81.20800510287393,78.75309768373467,76.27721185230713,73.78615286376105,71.28572766892145,68.78174620995254,66.28002366590611,63.78638429925138
56.890848105097774,58.9597323791138,60.96934648233517,62.93943191395907,64.88976456919869,66.84013908480983,68.81036059433866,70.82024026437283,72.8895928155111,75.01841454689598,77.12742053444762,79.11750572452587,80.88956559376246,82.38627867595741,83.71745426275899,85.03468454778246,86.48956187890158,88.1675453989109,89.8895611122687,91.4359893120438,92.68956080555878,93.55086319951559,93.8895607237809,93.59792252891768,92.68956080555878,91.22360670940593,89.31992417787109,87.11356038478279,84.73956257962405,82.31143746122157,79.85652931216299,77.3806421817364,74.88958087749418,72.38915155283988,69.88516273543196,67.3834271095356,64.88976456919869
57.994015816133185,60.06300074984824,62.07267595684134,64.04279925888173,65.99315578265163,67.94354553169771,69.91377684150086,71.92366283621097,73.99301946089386,76.1218437781497,78.23085133813927,80.2209374528023,81.99299785495842,83.48971124548756,84.8208870301116,86.13811745942843,87.59299490647092,89.27097851983972,90.99299429799399,92.53942253765985,93.79299405455814,94.65429646108609,94.992993989651,94.70135579110581,93.79299405455814,92.32703993034772,90.42335734493415,88.21699345133996,85.84299546263478,83.41487001772637,80.95996128933012,78.4840731278863,75.9930099856717,73.49257738317132,70.98858272533482,68.48683671626725,65.99315578265163
59.09723831036348,61.16630314483868,63.17602685261967,65.14618021348363,67.0965556821414,69.04695752214505,71.01719661050166,73.02708762513922,75.09644748300829,77.2252738526758,79.33428266071189,81.32436950921898,83.09643033435387,84.59314396960805,85.92431991124397,87.24155045508653,88.69642799413751,90.37441168160576,92.09642751118899,93.64285578251618,94.89642731797386,95.75772973447951,96.09642726645701,95.80478906498945,94.89642731797386,93.43047317149411,91.52679054331696,89.3204265699512,86.94642843556505,84.51830273150867,82.0633935432916,79.58750456352823,77.096439962512,74.59600475837716,72.09200546496953,69.59025121471045,67.0965556821414
60.30050429032272,62.3696325465491,64.379394751127,66.34957197035914,68.29996247585075,70.25037391256222,72.22061917480532,74.23051417378008,76.29987659783806,78.42870459650867,80.53771439512104,82.52780182608092,84.29986298693439,85.79657681642703,87.1277528826834,88.44498351742513,89.89986112950325,91.57784487578432,93.29986074618677,94.84628904264356,96.09986059283179,96.96116301725675,97.29986055194286,97.00822234815581,96.09986059283179,94.63390642867691,92.73022376655828,90.52385972987776,88.14986147986457,85.72173557012223,83.26682601694502,80.79093638768059,78.29987062881148,75.79943335975408,73.29543038707865,70.7936695957418,68.29996247585075
60.90029862778702,63.00799152622474,65.07632166432607,67.12389662477422,69.16818688019075,71.2242775541474,73.30384509142948,75.41473363032824,77.5615654712438,79.734376550355,81.87217685991823,83.9040735131583,85.76294953155997,87.42073041071876,88.9758221735709,90.54584150116008,92.22929939645626,94.0601981994862,95.88022550259838,97.52872084471095,98.99872526051824,100.25413147586468,100.864835080716,100.38540000721594,98.99872526051824,97.02209637560323,94.67101260791273,92.114376408521,89.49626347053933,86.92059744001722,84.38260840639862,81.86222004376316,79.3467402130173,76.8266317431214,74.29379983352256,71.74188113298445,69.16818688019075
58.594367733841736,60.66332499590871,62.67298340552162,64.64309629709945,66.59344625951661,68.54383182097294,70.51406043673872,72.52394469283519,74.5933001977273,76.7221238041445,78.83113093188155,80.82121679238256,82.59327704804275,84.08999035381294,85.42116608405695,86.73839647370853,88.1932738888845,89.87125747658939,91.5932732369316,93.13970146563176,94.39327297610212,95.25457537917436,95.59327290655733,95.30163470902431,94.39327297610212,92.92731885960453,91.02363628900186,88.81727242303606,86.44327448478651,84.01514912963233,81.56024056049202,79.08435268246777,76.59329004549932,74.09285834405696,71.58886529171662,69.08712213691965,66.59344625951661
57.18814419843402,59.25685774757038,61.26636820993066,63.236389405860976,65.18668157459095,67.13703025048392,69.10723513616554,71.11710407782934,73.18644971910575,75.31526706412714,77.4242703843788,79.4143540060983,81.18641297135139,82.68312553052351,84.01430078176159,85.33153082202227,86.78640795650212,88.46439131814702,90.1864069215915,91.73283505370044,92.98640650755058,93.84770888018316,94.18640639715511,93.89476820853757,92.98640650755058,91.52045245899139,89.61677001885035,87.41040639624882,85.03640890243742,82.60828433788234,80.15337717154583,77.67749179001795,75.1864336034973,72.68600983898915,70.18203092855788,67.6803129152932,65.18668157459095
56.28656493546522,58.37237719670131,60.40750979157204,62.411451696114284,64.4032308383591,66.40080598825631,68.42050199097406,70.47668291479816,72.58194435153695,74.73130723616754,76.85381867340469,78.86359590575688,80.67686066404292,82.25116537396619,83.69268751793254,85.13796077961912,86.71178324515435,88.47101299093353,90.24580820714601,91.8477835095442,93.22110691977336,94.3072809244899,94.80626460720588,94.40352160921925,93.22110691977336,91.4768857304644,89.34169606267318,86.96212184781334,84.47158070759914,81.97467523742313,79.4815840110296,76.9854049337763,74.48325378289574,71.97390700586433,69.45688524983667,66.93258626683728,64.4032308383591
55.3770513022902,57.444764476399754,59.45366751587851,61.423312186525195,63.37336701905035,65.32356421184274,67.29367163839619,69.30347768245242,71.37278281246573,73.50157444080595,75.61056212293637,77.60063654948966,79.37269021474684,80.86939970746714,82.200572991315,83.51780159654419,84.97267757813808,86.65066001130008,88.37267497032795,89.91910270571339,91.17267392701049,92.03397617462011,92.37267364883135,92.0810354968319,91.17267392701049,89.70672015749076,87.80303825318718,85.59667563014129,83.22267996174368,80.79455864436581,78.33965723966844,75.86378211180389,73.37274220418311,70.87235103805058,68.36843021015713,65.86681545383314,63.37336701905035
41.5723891506325,43.62659023924871,45.62726672151791,47.591803554623695,49.53863543266364,51.48677418702589,53.45555672964744,55.46450749735098,57.53326166287928,59.66170349823864,61.77047845908811,63.76042780097343,65.53240936700266,67.02907714423458,68.36022366381407,69.67743274684233,71.13229304448099,72.81026284644165,74.53226903871922,76.07869137700277,77.332259434601,78.1935599813718,78.53225687385738,78.24061922001832,77.332259434601,75.86630946119071,73.96263484651871,71.75628582157668,69.38231498626179,66.95423784337962,64.49941481865085,62.02367917542807,59.53288791099159,57.032940134271655,54.52980920024946,52.02959830669862,49.53863543266364
42.56757186105368,44.62488418266051,46.627458526999106,48.59317512752854,50.54075196699452,52.489366736216,54.458455750624836,56.46760439879324,58.53648605372996,60.665008835241096,62.77383302471186,64.76381131494587,66.53580956719284,68.03248699890723,69.36363971275017,70.68085331397225,72.13571724149722,73.81368996682376,75.5356981880823,77.08212177547534,78.33569056528304,79.19699150569781,79.5356885328186,79.24405076368473,78.33569056528304,76.86973971329762,74.96606341150809,72.75971123941699,70.38573465674583,67.95764729020287,65.5028061255608,63.02703820125174,60.536189395021864,58.03613901400266,55.5328253113788,53.03228964985627,50.54075196699452
43.5644454919147,45.62423404285151,47.628317331662785,49.59497134053126,51.54313986901245,53.49213261986813,55.46146495018286,57.470770684424494,59.53975353916829,61.66834057215284,63.77720383607439,65.76720510323796,67.53921659957153,69.03590169414328,70.36705932441775,71.6842765117548,73.13914332033548,74.81711836594641,76.53912819761169,78.085552776425,79.3391221473884,80.20042340023878,80.5391205342197,80.24748267357626,79.3391221473884,77.87317059807664,75.96949295721888,73.76313828722736,71.38915714285623,68.96106166172547,66.50620609922879,64.03041255278916,61.53951807366347,59.03938624939785,56.535927463715595,54.035133971967554,51.54313986901245
44.562665321010485,46.62442358314733,48.62970617031658,50.59710484818804,52.545743260810724,54.49503612203226,56.46456161584864,58.473992047186314,60.54305523145075,62.67169326367984,64.78058754206445,66.7706070464134,68.54262905472834,70.0393202313704,71.37048176384522,72.68770179749768,74.14257089278196,75.82054778000844,77.54255888985656,79.0889842555616,80.34255408778893,81.20385558861983,81.54255280741575,81.25091487414103,80.34255408778893,78.87660198500845,76.97292328133014,74.76656662874966,72.39258186374207,69.96447994201907,67.5096129518142,65.03379906868838,62.54286833773648,60.042671868042305,57.53909791755919,55.038099746934265,52.545743260810724
45.56195623067208,47.62528058752204,49.63151609878082,51.5995062292259,53.54851775321646,55.498048879092266,57.467727714317945,59.47725712902002,61.54638407539119,63.67506258752181,65.78398148276418,67.77401546221881,69.54604581398888,71.04274181800892,72.37390644767859,73.69112874046192,75.14599965070921,76.82397799962986,78.54599012397372,80.0924161142357,81.34598631256873,82.20728801022199,82.54598529633563,82.2543473054134,81.34598631256873,79.88003377049951,77.97635422325912,75.76999599709413,73.39600835837743,70.96790132472805,68.51302526426744,66.03719523965889,63.546235734841815,61.045987953591904,58.54232258899542,56.04116194013184,53.54851775321646
46.5620989023235,48.626667995764464,50.633660499739875,52.60212032392026,54.55142809002463,56.50114836884184,58.47094892851288,60.480556913428615,62.549734470667644,64.6784451128352,66.78738354690759,68.77742901541376,70.54946598944528,72.04616582498011,73.37733291290533,74.69455699876752,76.1494293495552,77.82740885862509,79.54942178817564,81.09584827414918,82.34941876306061,83.21072061693195,83.54941795647574,83.25777991979865,82.34941876306061,80.88346587232752,78.97978565555093,76.77342618042945,74.39943626084323,71.97132516983947,69.51644191026315,67.04059907399737,64.54961673086228,62.04932822206318,59.545590297153836,57.04430067378547,54.55142809002463
47.56291865678409,49.62847678795087,51.63607053142138,53.60490331411401,55.55444627292475,57.50431670909833,59.47421389241862,61.48388424300563,63.55310197191281,65.68183811641177,67.7907920587266,69.78084664619509,71.55288887635471,73.04959175297896,74.38076079202942,75.69798630106277,77.15285979521013,78.83084022509226,80.55285379373632,82.09928067315658,83.35285139270039,84.2141533705621,84.55285075251342,84.2612126795207,83.35285139270039,81.88689822523244,79.98321747704426,77.77685701062438,75.40286528070763,72.97475096936964,70.51986199582053,68.04400899083876,65.55300852061242,63.05268768536564,60.548892166221435,58.047500165991764,55.55444627292475
48.66427646803905,50.73062028644044,52.738691495051086,54.70782039744475,56.657550069909774,58.60753970279646,60.57751358322119,62.58723343627881,64.65648305059135,66.78523943674782,68.89420568812835,70.88426751338255,72.65631391535632,74.15301920570374,75.48418979336742,76.80141643197467,78.25629083360852,79.93427199434053,81.65628607023376,83.20271326193307,84.45628416452993,85.31758624080295,85.65628365641317,85.36464555459666,84.45628416452993,82.99033077741737,81.08664960744733,78.88028835423269,76.50629518745362,74.07817832012844,71.62328481137669,69.14742373541863,66.65640887751749,64.15606238414082,61.652221150483996,59.15074788755592,56.657550069909774
49.66606174907525,51.733029601449815,53.74147993895981,55.710843936212754,57.660721829289656,59.610806079218065,61.580840838499014,63.59059998346042,65.65987490594867,67.78864735819883,69.89762337939555,71.88769094932223,73.65974066248127,75.1564478686076,76.48761968540899,77.80484722056104,79.25972234246822,80.9377040832766,82.65971856177401,84.20614600132944,85.45971704921567,86.32101920359776,86.65971664592308,86.36807852122912,85.45971704921567,83.99376348777096,82.09008198303232,79.88372010533786,77.50972579811915,75.08160690210167,72.62670979374494,70.1508423118103,67.65981603428258,65.15944917564957,62.655571657138964,60.154033892102575,57.660721829289656
50.668186574135234,52.73564999601595,54.74440135206501,56.713951984877156,58.66394753704296,60.61410689121287,62.58418997279827,64.59398030487749,66.66327531492709,68.79206051902032,70.90104429459103,72.89111642409128,74.66316876534873,76.15987749203333,77.4910502844036,78.80827853114462,80.26315422473358,81.94113642594921,83.66315122399388,85.2095788602729,86.46315002347538,87.32445223985273,87.66314970338183,87.37151156053002,86.46315002347538,84.99719632366316,83.0935145532184,80.88715217987374,78.51315696748668,76.08503646129256,73.63013649591977,71.1542639295339,68.66322858816602,66.16284556537568,63.658939246788336,61.15735028396159,58.66394753704296
51.670581060078085,53.738437988106966,55.74742832810699,57.717127119273556,59.66721606779748,61.61743503643045,63.58755647317062,65.59737155918292,67.66668251302337,69.79547783837208,71.90446776863487,73.89454351708616,75.66659794427235,77.16330787782707,78.4944814445079,79.81171025603798,81.26658640337143,82.94456897001271,84.66658402168233,86.21301181410098,87.46658306883006,88.32788533441308,88.66658281477163,88.37494465750794,87.46658306883006,86.00062925919543,84.09694727785954,81.89058451111688,79.51658858029674,77.08846679610302,74.63356456311021,72.15768796117746,69.66664542578661,67.16624957334326,64.66232039563528,62.16069079556257,59.66721606779748
52.67318967979091,54.741359042508634,56.75053910539745,58.72035550606677,60.6705185898046,62.620784877106175,64.59093675743412,66.6007714910979,68.67009509971174,70.79889845837612,72.90789327364732,74.89797189447154,76.67002797726397,78.16673886871354,79.49791304996572,80.81514230976956,82.27001881724044,83.94800167392033,85.67001692689225,87.21644484323906,88.47001617061284,89.33131847525044,89.67001596896654,89.3783778002641,88.47001617061284,87.00406227381211,85.10038012509176,82.89401704610881,80.52002054506761,78.09189774652398,75.63699371371692,73.16111390875886,70.67006566343784,68.16965962799586,65.66571230668646,63.164050451844616,60.6705185898046
53.77596832301336,55.84438573378726,57.853716405795524,59.82362616335786,61.773848092333665,63.72415193814932,65.69432798225012,67.7041783105435,69.7735119633699,71.90232169812516,74.01132039064652,76.00140129128063,77.77345868813086,79.27017033986296,80.60134500890113,81.91857462450028,83.37345141781257,85.05143450469637,86.77344991744204,88.31987793215069,89.57344931718265,90.43475165281788,90.77344915713584,90.48181097935452,89.57344931718265,88.10749535119814,86.20381306962464,83.99744974281634,81.62345278919021,79.19532918555588,76.74042372423335,74.26454137702638,71.77348859971163,69.2730744819576,66.76911275986991,64.26742530379248,61.773848092333665
54.77888195522074,56.8474962850229,58.85694651192797,60.826930373312294,62.77719901035472,64.72753266742977,66.69772789075894,68.70759059669338,70.77693222168726,72.90574701717694,75.01474878708419,77.00483149720836,78.77688993702836,80.27360219219766,81.6047772483921,82.9220071463863,84.37688416657113,86.05486743616794,87.77688297572615,89.32331106850468,90.57688249929994,91.438184859538,91.77688237227072,91.48524418728343,90.57688249929994,89.1109284784042,87.20724609138512,85.00088256787765,82.6268852550345,80.19876101239885,77.74385441726164,75.26797005226655,72.7769136778939,70.27649314516636,67.77251999305223,65.27081221687739,62.77719901035472
55.881902754244194,57.95067340597724,59.960218533974526,61.93026121563794,63.88056692651669,65.8309242454636,67.80113469162676,69.81100722181188,71.88035517436384,74.00917398657856,76.11817819901506,78.10826234533491,79.88032161296144,81.3770343470795,82.70820971056024,84.02543983269166,85.48031703294541,87.15830044756163,88.88031608777105,90.42674424251366,91.6803157096313,92.54161808939664,92.88031560880813,92.58867741810147,91.6803157096313,90.21436164515248,88.31067917444113,86.10431549481342,83.73031789685942,81.30219314704787,78.84728565200061,76.37139968548361,73.88034045611664,71.37991483179717,68.8759326075887,66.37420870310041,63.88056692651669
56.985008628002646,59.05390336967005,61.06352382720857,63.03361319710156,64.98394833452389,66.9343244343265,68.90454696303127,70.91442729079893,72.98378026556513,75.11260226586765,77.22160841694503,79.21169370317556,80.98375362783314,82.48046674209331,83.81164234946746,85.12887264949674,86.58374999267131,88.26173352238956,89.98374924248589,91.53017744640945,92.78374894235614,93.6450513376203,93.98374886233273,93.69211066708664,92.78374894235614,91.31779484328545,89.4141123061475,87.20774850260707,84.83375067836042,82.40562552600292,79.95071731669606,77.47483007904877,74.98376858366655,72.48333891813269,69.97934949335007,67.47761278765883,64.98394833452389
58.08818203594234,60.15717527865269,62.166855529379475,64.13698195734699,66.08734045127513,68.03773145771456,70.00796357644631,72.01785009320312,74.08720705412108,76.21603158481749,78.32503927459774,80.31512546557695,82.08718591172078,83.58389932770011,84.9150751286526,86.23230556987956,87.6871830264905,89.36516664756527,91.0871824310679,92.63361067402639,93.88718219285477,94.74848460042034,95.08718212934015,94.79554393049105,93.88718219285477,92.42122806632844,90.51754547646767,88.31118157457763,85.93718357072233,83.50905809886382,81.05414932264844,78.57826107610343,76.08719778218068,73.58676490912327,71.08276976921091,68.58102290310231,66.08734045127513
59.19140905229932,61.26048048214186,63.27020819333147,65.24036403532165,67.19074106772558,69.14114390573542,71.11138363614421,73.12127506513261,75.19063518987245,77.3194617289482,79.42847063999935,81.41855754907866,83.19061840912661,84.68733206458066,86.01850801917647,87.3357385724721,88.79061611911754,90.46859981270205,92.19061564653029,93.73704392047085,94.99061545746042,95.85191787478962,96.19061540704882,95.89897720534005,94.99061545746042,93.52466130914254,91.62097867743563,89.41461469748543,87.04061655107466,84.61249082562794,82.15758159945679,79.68169255214852,77.1906278307213,74.6901924118448,72.18619273581182,69.68443780531427,67.19074106772558
60.39467862178209,62.46381211307843,64.47357749528643,66.44375668383775,68.39414843049477,70.34456065933213,72.31480643117557,74.32470175902213,76.39406439489612,78.52289252802632,80.63190240840187,82.62198988743802,84.39405107600201,85.8907649215273,87.22194099806991,88.53917164031455,89.99404925842043,91.67203300955597,93.39404888332767,94.94047718185868,96.19404873326278,97.05535115834141,97.39404869325111,97.10241048927259,96.19404873326278,94.72809456764898,92.82441190272877,90.6180478608222,88.24404960126503,85.8159236745452,83.36101409124382,80.88512440836892,78.39405855392947,75.8936211144312,73.38961783806491,70.88785650681957,68.39414843049477
61.0604997752436,63.1673043421692,65.23429486794925,67.28012399688205,69.32233540415194,71.37613779210523,73.45339448685496,75.56219811241019,77.70746250952492,79.87939580528034,82.01662622802031,84.04770179971226,85.90489737166354,87.55964644737732,89.11070261627879,90.67640499854507,92.35616649511019,94.18469724751495,96.0032493534934,97.65024292061838,99.11717561762504,100.36736195036869,100.9747261186011,100.49757447747383,99.11717561762504,97.14804392533723,94.80428091531675,92.25391654384467,89.64047765668339,87.06776401257315,84.53148120083722,82.01201991276824,79.49705261800467,76.9773590791277,74.44513854611583,71.89429304320467,69.32233540415194
58.766850272542484,60.835823695672076,62.84549191547376,64.81561088709113,66.76596468154902,68.71635268869352,70.68658287786499,72.69646814936874,74.76582430825542,76.89464832982571,79.00365571001247,80.99374171895249,82.76580206017113,84.26251541544332,85.59369117744706,86.91092159026442,88.36579902405151,90.04378262674499,91.76579839748999,93.3122266325945,94.565798146819,95.42710055190949,95.76579807998274,95.47415988185858,94.565798146819,93.09984402581685,91.19616144656413,88.9897975644624,86.61579959674513,84.18767418917155,81.73276552702049,79.2568774834699,76.76581455142107,74.26538232373122,71.76138833372849,69.25964351194426,66.76596468154902
57.360601698281485,59.42934089546819,61.43886692824432,63.408897774739856,65.3591960260959,67.30954858413048,69.27975596737792,71.28962652087577,73.358973200294,75.48779120432596,77.59679492531511,79.58687878266633,81.35893788373474,82.85565052148633,84.1868258231398,85.50405590017388,86.95893306419703,88.63691644963475,90.35893206959273,91.9053602118679,93.15893167167735,94.02023404751372,94.3589315655814,94.06729337602553,93.15893167167735,91.69297761596764,89.7892951620955,87.58293151387983,85.20893397329131,82.78080932552564,80.32590201154403,77.85001636725993,75.35895771233007,72.8585331124614,70.35455271360085,67.8528320542124,65.3591960260959
56.45382056571222,58.539224770337896,60.57373424410032,62.576849736053646,64.56762303075705,66.56406261807024,68.58258048443489,70.6376703076411,72.74209323015434,74.8909795179533,77.01317878373736,79.02250238748289,80.83482426530408,82.40737694787441,83.84645955099609,85.28897699241553,86.860309724176,88.61787682345762,90.39160815812401,91.99247738967877,93.36346291480399,94.44541405422737,94.94151608074965,94.54075941486904,93.36346291480399,91.62477305245652,89.49445729070916,87.11869957132325,84.6308113531197,82.13550448273662,79.64331139691404,77.14761268924656,74.64572484766435,72.13659006841078,69.61987879137274,67.0961194455399,64.56762303075705
55.549406037690275,57.61718377840866,59.6261260292093,61.595795008487,63.54586516455059,65.4960721382119,67.46618585761594,69.47599596298576,71.54530370885016,73.67409699775297,75.78308568966361,77.77316070996606,79.54521471745444,81.0419244081818,82.37309781906814,83.6903265169603,85.14520257299847,86.82318506611459,88.54520006675384,90.09162782775655,91.3451990640701,92.20650131975273,92.54519879672513,92.25356064236117,91.3451990640701,89.87924527653219,87.97556333762844,85.7692006500391,83.39520486377066,80.96708333671583,78.51218155997778,76.03630577001465,73.54526468209409,71.04487141104029,68.54094683271533,66.03932540913179,63.54586516455059
41.69238877320703,43.747004021346314,45.747933268573476,47.71262727614828,49.659558420709125,51.60776061204245,53.57658400036368,55.585561142347515,57.65433230071321,59.78278492546612,61.891566448133005,63.88151964865291,65.65350343886118,67.15017250298472,68.48131984822817,69.79852953350945,71.2533903149945,72.93136050662602,74.65336696935734,76.1997894741414,77.45335762933979,78.31465822858152,78.6533551390134,78.36171746980604,77.45335762933979,75.98740753881947,74.08373269926251,71.87738325482024,69.50341165341038,67.07533314776552,64.62050770508417,62.144767758988394,59.6539688246486,57.15400737173903,54.650852077072116,52.15059789842505,49.659558420709125
42.68779654280368,44.74543858421562,46.74821393044774,48.71405543077172,50.661711118601374,52.610376262456285,54.5794977062436,56.5886672918318,58.657562435662896,60.78609378137661,62.894923179209826,64.88490453213353,66.65690454974582,68.1535830028799,69.48473637205885,70.8019504512927,72.2568147628487,73.93478779745831,75.65679623337661,77.2032199529214,78.45678882019453,79.31808980225551,79.6567868436203,79.36514906228862,78.45678882019453,76.99083787525866,75.0871613949775,72.88080888992789,70.50683169920379,68.07874325102615,65.62390016722514,63.148128827633286,60.65727393351216,58.15721269679112,55.65387965624923,53.15330963027799,50.661711118601374
43.684849405109894,45.74490028816345,47.74914335369087,49.71589659045375,51.66412773905877,53.61316048784289,55.58251856375355,57.59184091864479,59.660834480583645,61.789428311393095,63.8982957093487,65.88829940742704,67.66031230495291,69.15699821023426,70.48815636065311,71.80537392739043,73.26024104077794,74.93821633186766,76.66022633390882,78.20665101761121,79.46022045005897,80.32152173596403,80.66021888125042,80.36858101092555,79.46022045005897,77.99426882697236,76.09059104444549,73.88423611018403,71.51025448319908,69.08215814356849,66.62730105781625,64.15150480060805,61.660605489340355,59.16046504832961,56.65699091232864,54.156170139799485,51.66412773905877
44.68321187117389,46.7451787467489,48.7505883011741,50.718065796114956,52.666753934407126,54.616078551810006,56.58562448394066,58.59506810874029,60.664139791974165,62.79278321990053,64.90168077956722,66.89170221336995,68.66372533382517,70.16041715393308,71.49157909924915,72.80879943403308,74.26366877124349,75.94164585330705,77.6636570983828,79.2100825473384,80.46365242836598,81.32495395543239,81.66365118320145,81.37201324224259,80.46365242836598,78.9977002670303,77.09402145090903,74.88766458857697,72.51367944051734,70.08557683739893,67.63070863817393,65.15489260347388,62.66395803713522,60.1637547279675,57.66016859279233,55.15914876580524,52.666753934407126
45.68261623267781,47.746106418960565,49.75244280035625,51.720495525685166,53.669546532122695,55.61910286907539,57.5887979287358,59.59833781613115,61.667471508556616,63.796154303418845,65.90507580307764,67.89511131396313,69.66714254844786,71.16383906319032,72.49500402053386,73.8122265523262,75.26709765459086,76.94507615815405,78.66708838982828,80.21351444616636,81.46708468323214,82.32838640170857,82.66708369494422,82.37544569792311,81.46708468323214,80.00113209468765,78.09745245820113,75.89109406555599,73.51710612280993,71.08899854833433,68.63412152826663,66.15828979592992,63.66732724689311,61.16707403692365,58.66339900061496,56.16222116082207,53.669546532122695
46.68284910325056,48.74754997521037,50.754622600522055,52.723132130085446,54.67247124298203,56.6222115357381,58.59202497434811,60.60164127209846,62.67082418394756,64.79953822542467,66.90847872666227,68.89852541067998,70.67056308532781,72.16726332622541,73.49843067422648,74.81565494979078,76.27052745298303,77.948507084793,79.67052009953177,81.21694663794996,82.47051715760364,83.33181902800233,83.67051637319886,83.37887833168108,82.47051715760364,81.00456422998306,79.10088394237172,76.89452433511471,74.52053417421976,72.09242265396051,69.63753863273901,67.16169444103429,64.6707096816555,62.170416863936595,59.666671262133235,57.16536799288923,54.67247124298203
47.68374054470006,49.749403369262154,51.75706074332963,53.72593299220796,55.675500837004904,57.62538716070591,59.595294567052804,61.604971515952116,63.67419349498192,65.8029323375797,67.9118879206289,69.90194347285842,71.67398625910089,73.17068945746307,74.50185870293646,75.81908436253681,77.27395797764797,78.95193850494903,80.67395214120708,82.22037906225273,83.47394980619666,84.33525179717617,84.67394918361407,84.38231110677927,83.47394980619666,82.0079966094511,80.10431580504132,77.89795523374528,75.52396331230136,73.09584866026216,70.64095908219201,68.1651050013887,65.67410261336019,63.17377835803188,60.66997674544878,58.16857391358195,55.675500837004904
48.785155314578084,50.85158229171297,52.859704028077886,54.828864264256396,56.7786136925358,58.728615936907374,60.69859793198752,62.70832302238804,64.77757601012962,66.9063345378095,69.01530209145707,71.0053646824482,72.7774115257873,74.27411707149909,75.60528782300113,76.9225145811137,78.37738907875669,80.05537031681023,81.77738444636876,83.32381167110617,84.57738259306944,85.43868467975403,85.77738209892527,85.4857439940593,84.57738259306944,83.11142918271918,81.207747968126,79.00138663167107,76.62739331287659,74.1992761751361,71.74438218657389,69.26852025673007,66.77750387665053,64.27715466869691,61.77330859849542,59.27182673792518,56.7786136925358
49.78698584194801,51.85401973751678,53.86251019413393,55.83189906698553,57.78179264265346,59.73188690329815,61.70192810358466,63.71169140559107,65.78096900563753,67.90974315764174,70.01872021245815,72.00878839015414,73.78083845362636,75.27754586243606,76.6087178092763,77.9259454392799,79.38082063738963,81.05880243956821,82.78081696065983,84.3272444264376,85.58081548969497,86.44211765234076,86.78081509749245,86.48917697037814,85.58081548969497,84.1148619098065,82.21118036965044,80.00481842588806,77.63082399801455,75.20270488736793,72.74780739818425,70.27193923851647,67.78091175282374,65.28054273959398,62.77666138220262,60.275116792856466,57.78179264265346
50.789146603167026,52.856662468825235,54.86544567701242,56.835016057354295,58.785024058307215,60.73519135860164,62.70527955266812,64.71507318429894,66.78437031956935,68.91315687277454,71.02214146873578,73.01221408062506,74.78426669992712,76.28097558748193,77.61214848306425,78.92937680508906,80.3842525591601,82.06223480908531,83.78424964093705,85.33067729802877,86.58424847343133,87.44555069636758,87.78424816213997,87.49261001736713,86.58424847343133,85.11829475898028,83.21461296042469,81.00825053464186,78.63425522649094,76.20613454994535,73.7512342823093,71.27536117800402,68.78432487770783,66.28394014479056,63.78003077921048,61.27843639970084,58.785024058307215
51.79156962686675,53.85946819547242,55.8684838225698,57.83819828972656,59.788297119808504,61.738522395671325,63.708647890348914,65.7184655952818,67.78777823593725,69.91657463208708,72.02556521349808,74.01564134482322,75.78769599269405,77.28440605393178,78.61557970253214,79.9328085738151,81.38768476915322,83.0656673744553,84.78768245295761,86.33411026189533,87.58768152630763,88.44898379709645,88.78768127923549,88.49604312044707,87.58768152630763,86.12172770505413,84.21804570140665,82.0116828930438,79.63768688621577,77.20956496681384,74.75466249391408,72.27878546503302,69.78774216853583,67.28734495874971,64.78341336259723,62.28177946315891,59.788297119808504
52.7942009065999,54.86240332950146,56.87160346657801,58.84143231077948,60.7916032381131,62.741874531709925,64.7120296329248,66.721866445268,68.79119139272427,70.91999560129048,73.02899093338078,75.01906985809305,76.79112611604333,78.28783710883508,79.61901135510692,80.93624066233664,82.39111720790889,84.06910009527392,85.79111536954294,87.33754329900093,88.5911146340603,89.45241694282973,89.79111443795901,89.49947626804642,88.5911146340603,87.12516072803768,85.22147856160863,83.01511544959169,80.64111888822298,78.21299598236442,75.75809175914279,73.28221161531474,70.79116276590041,68.29075565312586,65.78680641226762,63.28514114492785,60.7916032381131
53.89699754113572,55.965441198119905,57.97478780541935,59.9447074403588,61.89493559517743,63.845243414645736,65.81542201522909,67.82527399339715,69.89460870887382,72.02341911820069,74.13241822092317,76.12249936275393,77.89455689862723,79.39126863079477,80.7224433514391,82.03967300468024,83.49454982823362,85.17253293947222,86.89454836912142,88.44097639423646,89.69454778536844,90.5558501242831,90.89454762972274,90.60290945098087,89.69454778536844,88.2285938120645,86.3249115164356,84.11854816340819,81.74455116190006,79.31642747308973,76.86152186063492,74.38563924446609,71.89458598768039,69.39417101484133,66.89020776918898,64.38851760455397,61.89493559517743
54.899925456866754,56.96856062228565,58.97802349855054,60.948015200205944,62.898288778940454,64.84862559000238,66.8188228424527,68.82868685790974,70.89802932633624,73.02684465723632,75.13584675272133,77.12592965428382,78.89798820444665,80.39470052345762,81.72587562061193,83.0431055484826,84.49798259266983,86.17596588159705,87.8979814345716,89.44440953560968,90.69798097124655,91.5592833340875,91.89798084771044,91.60634266196081,90.69798097124655,89.23202694454136,87.32834454636647,85.12198100204887,82.74798365120175,80.31985934096186,77.86495262587076,75.38906804740012,72.89801129247007,70.39759008105753,67.89361571967812,65.39190579368432,62.898288778940454
56.002957595130724,58.07174478661527,60.08129995536804,62.05134886023147,64.00165849348339,65.95201831581225,67.9222303725149,69.932103942079,72.00145256406798,74.13027180123987,76.23927627208822,78.22936057035291,80.00141992555868,81.49813271034799,82.82930810633859,84.14653825218298,85.60141547148743,87.27939890144623,89.0014145523042,90.5478427136024,91.80141418456282,92.6627165663941,93.00141408651217,92.70977589520044,91.80141418456282,90.33546011547308,88.43177763590734,86.22541393976266,83.85141631164488,81.4232915081758,78.96838391792096,76.49249778196811,74.00143825055181,71.50101208755746,68.99702890354746,66.49530329272444,64.00165849348339
57.10607247036282,59.17498034122218,61.18460876871339,63.15470307819834,65.10504132890452,67.05541941568107,69.02564322268765,71.03552437541734,73.10487788151863,75.23370021911089,77.34270657529026,79.33279198211966,81.10485197628901,82.60156513076697,83.93274076394422,85.2499710827945,86.70484844108964,88.3828319829853,90.10484771153341,91.65127592066013,92.90484741965687,93.76614981656074,94.10484734183402,93.81320914610765,92.90484741965687,91.43889331692645,89.53521077276079,87.3288469561108,84.95484910792312,82.52672391297759,80.07181562810439,77.59592825597565,75.10486652085626,72.60443642777449,70.10044624119246,67.59870818116839,65.10504132890452
58.209253023729886,60.2782566880839,62.28794326494415,64.2580736136164,66.20843457861889,68.15882716214476,70.12906029547521,72.13894746700889,74.20830484964945,76.33712964805352,78.44613750062358,80.43622378732226,82.20828428863763,83.70499773653785,85.03617355797032,86.35340401413552,87.80828148274765,89.48626511348763,91.20828090369842,92.7547091507867,94.00828067203588,94.86958308090291,95.20828061026783,94.91664241103757,94.00828067203588,92.54232654260484,90.63864394716616,88.43228003487106,86.05828201201376,83.63015650635307,81.17524767016066,78.69935931687752,76.20829583267499,73.7078626202717,71.20386687571593,68.70211893466383,66.20843457861889
59.31248571201684,61.38156541415164,63.39129814663477,65.36145710058354,67.3118360943179,69.26224018407729,71.23248071977984,73.24237266846751,75.31173312792986,77.44055987948569,79.54956891974336,81.53965590479535,83.311716808633,84.80843048942265,86.13960646027343,87.45683702542556,88.91171458159636,90.58969828285217,92.31171412200469,93.85814239922303,95.11171393813397,95.97301635649616,96.31171388910865,96.02007568709735,95.11171393813397,93.64575978751066,91.74207715137656,89.53571316316786,87.16171500167518,84.7335892493997,82.2786799756247,79.80279084359827,77.3117259711457,74.81129028292963,72.30729012698913,69.80553434330277,67.3118360943179
60.515759783691706,62.58489984110656,64.59466920886786,66.56485086744105,68.51524417083063,70.46565739319189,72.43590380420132,74.4457995445351,76.51516244607912,78.64399074785517,80.75300073078209,82.74308827011778,84.51514949343772,86.01186335907194,87.34303944851611,88.66027010017123,90.1151477258374,91.79313148306164,93.51514736105923,95.06157566219184,96.31514721512097,97.17644964101947,97.51514717620952,97.2235089719909,96.31514721512097,94.84919304767729,92.94551037924325,90.73914633078186,88.36514805925421,85.93702211124034,83.48211249015574,81.00622274003999,78.51515676573152,76.01471911245794,73.51071545518766,71.00895344676243,68.51524417083063
61.26857355369776,63.374251747461116,65.43954270325504,67.48315510455551,69.52272430413329,71.57361496582858,73.64792769090232,75.75407211686469,77.89733540592637,80.06814734367487,82.2046494662153,84.23467533462696,86.08972114652897,87.74058689834861,89.28646441797531,90.8466149245106,92.52161256691332,94.34708653436074,96.16373245871927,97.80878397612352,99.2717396184791,100.5151527665173,101.1181739413047,100.64399277279131,99.2717396184791,97.3123034559773,94.97797088068049,92.43565688503972,89.82820027512446,87.25925781149596,84.72515175352127,82.20687238758502,79.69255827574668,77.17339340228462,74.64195161757783,72.09247251049865,69.52272430413329
58.99044395365733,61.05943739374618,63.06911776428565,65.03924426650875,66.98960280723745,68.93999384354588,70.91022598149351,72.92011251065136,74.9894694795565,77.11829401532313,79.22730170818653,81.21738790097862,82.98944834816736,84.48616176475124,85.81733756609162,87.13456800760149,88.58944546443972,90.26742908569756,91.9894448693272,93.53587311236393,94.78944463123815,95.6507470388284,95.98944456775662,95.6978063689003,94.78944463123815,93.32349050465682,91.41980791469041,89.21344401260329,86.83944600838812,84.41132053588942,81.9564117585381,79.48052350997153,76.98946021244498,74.4890273329606,71.98503218159665,69.48328529512932,66.98960280723745
57.58416436614931,59.652935331132525,61.662480649294565,63.632523448821175,65.58282923398711,67.53318660034648,69.50339707701221,71.51326962688253,73.5826175921132,75.71143641237637,77.82044062970701,79.81052477890458,81.58258404818982,83.07929678326757,84.41047214736402,85.72770226994453,87.18257947055912,88.8605628854659,90.582578525877,92.12900668074377,93.3825781479342,94.24388052773865,94.58257804716352,94.29093985644542,93.3825781479342,91.91662408336805,90.01294161248899,87.80657793254848,85.43258033402321,83.00445558319541,80.54954808634497,78.07366211661895,75.58260288153139,73.08217724700972,70.57819500462318,68.076471067818,65.58282923398711
56.67082066722051,58.75570943554389,60.7894316029745,62.79150253761253,64.78100386793967,66.77600665507694,68.79303295378196,70.84674058187491,72.95010074802244,75.09838277625104,77.22018616982314,79.22893440104589,81.0400599137717,82.61038798692712,84.04636962523817,85.48537930693415,87.05353861400735,88.80898419111482,90.5813570520138,92.18081313441175,93.54880900808935,94.62535070378652,95.11775446416942,94.71954762138205,93.54880900808935,91.81718660230274,89.69308134410954,87.32217569151433,84.83765454279357,82.34437435196872,79.85331917266188,77.35822885424506,74.8566744298252,72.34780806089005,69.83148982762341,67.3084134716375,64.78100386793967
55.7728414168145,57.8406991334743,59.849689952390335,61.819389040448115,63.769478176121694,65.7196972642093,67.68981877780415,69.6996339134171,71.76894489920477,73.89774024483378,76.00673018742893,77.9968059431316,79.76886037449742,81.2655703104704,82.59674387870274,83.91397269136448,85.36884883960711,87.0468314069806,88.7688464591584,90.31527425188992,91.5688455068024,92.43014777248402,92.76884525287629,92.47720709558372,91.5688455068024,90.10289169694772,88.19920971518924,85.99284694765834,83.61885101539866,81.19072922864417,78.73582699110769,76.2599503810888,73.76890783128306,71.26851195313249,68.7645827296207,66.26295304812082,63.769478176121694
41.83454001360451,43.8896312452966,45.89085094126065,47.85572553753876,49.80277072908894,51.75104580002238,53.71991611273819,55.7289235535433,57.79771423310211,59.92617925251186,62.03496831324152,64.02492594645939,65.7969122917422,67.2935828342095,68.62473112795129,69.94194150508275,71.39680284239586,73.07477348166935,74.79678025508954,76.34320295114429,77.59677121846275,78.45807187798147,78.79676880902942,78.50513112216748,77.59677121846275,76.13082099341003,74.22714589551217,72.02079596916091,69.64682348768437,67.21874341653829,64.76391519618231,62.28817030706114,59.797362561715545,57.29738539783568,54.794202117817875,52.293898212700384,49.80277072908894
42.83020645038732,44.88822739653408,46.89123369816427,48.857218699404754,50.80496497378945,52.75368798972197,54.722846688709666,56.73204032710146,58.800950966775304,60.9294921508648,63.03832753193491,65.02831240319296,66.8003144488063,68.29699407531722,69.62814819732654,70.94536282568586,72.40022757840504,74.07820096830949,75.80020965082232,77.34663352217896,78.60020247844193,79.46150350834483,79.80020056607265,79.5085627707285,78.60020247844193,77.13425142672756,75.23057474140072,73.02422185385862,70.65024396462181,68.22215427389477,65.76730898541994,63.29153372244572,60.80067183470709,58.30059812717448,55.797242871456035,53.29663336747913,50.80496497378945
43.82746528810324,45.88781761414281,47.89224425818591,49.859111497431584,51.80741458713531,53.75649328635346,55.725880938847524,57.73522238736854,59.80422824953877,61.932829889532286,64.04170203655781,66.03170852720274,67.80372303437746,69.30040987097784,70.63156861892278,71.94878662150359,73.40365408504385,75.08162965813207,76.8036398558958,78.35006466009148,79.6036341631706,80.46493548704782,80.80363264532156,80.51199476387498,79.6036341631706,78.1376824553337,76.23400451006175,74.02764927221514,71.65366709081822,69.22556976496901,66.77071092934587,64.2949115580837,61.80400669577804,59.30385635604367,56.80036458583612,54.299512473240895,51.80741458713531
44.82599166161214,46.888198238889785,48.89375366953925,50.86132171500089,52.81006697977739,54.75942807899031,56.72899749055206,58.73845627180728,60.80753771848023,62.93618734484993,65.04508867396405,67.03511232426791,68.80713672231694,70.3038292816191,71.63499170119462,72.95221238190919,74.40708199703685,76.08505930292324,77.8070707033443,79.35349624793561,80.60706618502336,81.46836774222832,81.80706498030547,81.5154270305193,80.60706618502336,79.1411139564213,77.23743501112904,75.03107790784085,72.65709231974284,70.22898893385812,67.77411934574697,65.29830083938073,62.80736186705427,60.30715070086504,57.803550568144914,55.30250586252811,52.81006697977739
45.825526384996365,47.88920710448272,49.89565937509008,51.86378401246955,53.812880377119285,55.762465676589784,57.73217937471077,59.74173129294692,61.810872735084686,63.93956044983722,66.04848494137656,68.03852221152508,69.81055446004595,71.30725156149094,72.63841689525613,73.9556397016147,75.41051102446298,77.08848970567476,78.8105020606468,80.35692819289103,81.61049847445184,82.47180021684926,82.81049751826643,82.51885951423908,81.61049847445184,80.14454583251793,78.24086609350826,76.03450750961585,73.66051921761026,71.23241102185007,68.7775328994147,66.30169920529009,63.81073315913906,61.31047371279588,58.806787565830774,56.30558997733428,53.812880377119285
46.82586289345011,48.89071516961994,50.89787984386193,52.866446476571596,54.815821600951494,56.76558488561251,58.7354131193577,60.74503896671985,62.814228029812966,64.94294597632462,67.05188885226231,69.04193693262371,70.81397541211841,72.31067611868437,73.64184376545259,74.95906825894082,76.41394093721075,78.09192071002067,79.81393382262107,81.36036042128606,82.61393097625549,83.47523286564028,83.8139302173305,83.52229217025183,82.61393097625549,81.14797800625968,79.2442976372756,77.03793787822536,74.66394744012241,72.23583542674763,69.78095053057129,67.30510478177865,64.81411724668845,62.313819478997914,59.810065058158244,57.30874611276866,54.815821600951494
47.82683669941078,49.892619805828524,51.90035028180988,53.8692678701988,55.8188643040385,57.76876887916086,59.73868802953538,61.74837255842466,63.817599419884885,65.94634136198309,68.05529882986005,70.04535549037814,71.81739891543168,73.31410248339654,74.64527196600227,75.9624977985693,77.4173715526399,79.09535219185284,80.81736590578376,82.36379287464736,83.61736364662141,84.47866565267022,84.81736304426218,84.5257249630137,83.61736364662141,82.15141041624261,80.24772954724722,78.04136885547268,75.66737671400831,73.23926167058204,70.7843713980566,68.30851608138182,65.81751149023818,63.317183306014925,60.813374693441475,58.311959418408435,55.8188643040385
48.92831690961352,50.994839425326944,53.00301920959569,54.97221544230163,56.92198756594743,58.872004298204615,60.84199561523194,62.85172672216311,64.92098358520867,67.04974457300933,69.1587136226627,71.14877709330932,72.92082444367539,74.41753028274194,75.74870122245645,77.06592811785302,78.52080272578831,80.19878405266644,81.92079824387403,83.46722550656455,84.72079645077537,85.58209854942046,85.92079597268246,85.62915786431336,84.72079645077537,83.25484301373038,81.35116174787554,79.14480031579669,76.77080682237167,74.34268937398642,71.88779483423268,69.41193192347072,66.92091379475771,64.42056146837518,61.91670984207822,59.415218104729604,56.92198756594743
49.93019941962881,51.99730918886822,54.005845735078935,55.97526318503199,57.92517477668838,59.875280537460995,61.845329137026894,63.85509721453863,65.92437789048924,68.05315399512139,70.16213223732912,72.15220111321203,73.9242515791133,75.42095922075941,76.75213131698425,78.06935905595037,79.52423434159925,81.20221621427801,82.9242307843005,84.47065828020173,85.72422936111695,86.58553153325583,86.92422898165435,86.63259085175963,85.72422936111695,84.25827576004089,82.35459417919839,80.14823215953925,77.7742375930612,75.34611823585527,72.89122030918934,70.41535137096236,67.92432249736582,65.42395100899778,62.92006524160486,60.4185128126571,57.92517477668838
50.93240146638281,52.9999775811641,55.00879738136396,56.97839044754974,58.92841274948087,60.87858917811678,62.84868324527555,64.85848066734201,66.92778024400539,69.05656834703049,71.1655538854316,73.1556270514747,74.92767999018581,76.42438906254338,77.75556207669248,79.07279048520101,80.52766630875198,82.20564861463323,83.92766348532146,85.47409116632217,86.72766235573981,87.5889645862107,87.9276620545601,87.63602390758044,86.72766235573981,85.2617086244721,83.35802679362368,81.15166430760152,78.77766888944004,76.34954801719994,73.89464740233316,71.41877368008258,68.92773627819852,66.42734958073771,63.92343671485794,61.421836112802,58.92841274948087
51.934857275382846,54.002803681494456,56.011848358420934,57.98158083398005,59.93169101581357,61.88192353727672,63.85205369360736,65.86187440708316,67.93118898550262,70.05998661175673,72.16897794118702,74.1590545123459,75.93110941373243,77.42781962164841,78.75899336435543,80.07622230428058,81.53109855476501,83.20908120447947,84.93109631380631,86.47752414172062,87.73109541725671,88.59239769402575,88.93109517821019,88.6394570176702,87.73109541725671,86.26514158265586,84.3614595533775,82.15509669720262,79.78110060305912,77.3529785283342,74.89807577983674,72.42219826049057,69.93115408965755,67.43075532059646,64.9268209462044,62.42518210777007,59.93169101581357
52.93751458751109,55.00575499025078,57.01497818843258,58.9848213275734,60.93500126546459,62.88527831016968,64.85543711145232,66.86527631172308,68.93460279720196,71.06340798210981,73.17240390790609,75.1624831817156,76.93453964088181,78.43125075009232,79.7624250710567,81.07965443276781,82.53453102210972,84.21251394472489,85.93452924345938,87.4809571879791,88.73452853186741,89.59583084538338,89.93452834213608,89.64289017083328,88.73452853186741,87.26857461525098,85.36489242847867,83.15852927851331,80.78453264784223,78.35640961870362,75.90150517673965,73.42562464362821,70.93457510024993,68.4341667498681,65.93021530388823,63.42854611636537,60.93500126546459
54.04033189070745,56.108805699357745,58.11817061294067,60.08810159482748,62.03833690175024,63.98864928604722,65.95883082344639,67.96868469694246,70.03802063316004,72.16683181741432,74.2758313913632,76.26591281027328,78.037970505852,79.53468233042125,80.86585711034915,82.18308680683222,83.63796366512561,85.31594680434226,87.03796225340973,88.58439029047926,89.83796168861878,90.69926403130077,91.03796153802892,90.74632335818364,89.83796168861878,88.37200770690652,86.46832539513116,84.2619620119841,81.8879649554706,79.45984116881279,77.00493538274185,74.52905245759796,72.03799865001075,69.53758269487591,67.03361769899755,64.53192442284855,62.03833690175024
55.043276215409776,57.11193531666372,59.12141272431906,61.09141343271192,63.04169268833974,64.99203312261632,66.96223270606306,68.97209822586095,71.04144166319745,73.17025760916069,75.27926007865943,77.26934320014026,79.04140187706149,80.53811426941182,81.86928941361955,83.1865193758114,84.6413964475718,86.31937975870521,88.04139532709206,89.5878234376184,90.84139487881716,91.70269724464825,92.04139475929392,91.74975657266847,90.84139487881716,89.3754408454383,87.47175843444796,85.26539486622438,82.89139747171946,80.46327308381792,78.00836623092748,75.5324814072228,73.04142421512003,70.54100222405492,68.03702647350772,65.53531407786419,63.04169268833974
56.14632138015773,58.21512757232601,60.2246942757118,62.1947503296429,64.14506446881465,66.09542716695879,68.06564107380233,70.07551583737394,72.14486522839186,74.27368495374147,76.38268972144542,78.37277419425962,80.14483365007376,81.64154649307252,82.97272192640949,84.28995209949461,85.74482934068394,87.4228127882678,89.14482845135852,90.6912566201876,91.94482809556249,92.80613047976702,93.14482800069682,92.85318980868996,91.94482809556249,90.47887402117584,88.57519153143849,86.36882781631957,83.99483015355058,81.56670528844134,79.11179758881504,76.63591125821955,74.14485137981826,71.64442459801077,69.14044031140972,66.63871274039958,64.14506446881465
57.24944659620252,59.318369549678096,61.32800713288195,63.298107116847376,65.24844894400947,67.19882931336485,69.16905458884676,71.178936689268,73.24829080575088,75.37711353081119,77.4861201226054,79.47620566797505,81.2482657419973,82.74497894267623,84.0761546054953,85.39338494596657,86.84826232163174,88.52624587751642,90.24826161577364,91.79468983087762,93.04826133337815,93.90956373216568,94.2482612580832,93.95662306180512,93.04826133337815,91.58230722644356,89.67862467420468,87.47226084249483,85.09826296680447,82.67013772293512,80.2152293512537,77.7393418246368,75.24827981411477,72.74784922987908,70.24385816816502,67.74211855232375,65.24844894400947
58.35263535814012,60.42165099468568,62.431344838860966,64.4014796915362,66.35184349523979,68.30223789047662,70.27247218934775,72.28236011306922,74.35171798017177,76.48054308611015,78.5895511256881,80.57963752234636,82.35169808704106,83.848411571611,85.1795874165702,86.49681788989598,87.95169537229471,89.62967901413782,91.35169481205475,92.89812306388714,94.15169458791729,95.01299699827938,95.35169452815566,95.06005632848749,94.15169458791729,92.68574045514941,90.782057853303,88.57569392905488,86.20169588436869,83.77357033987718,81.31866143478493,78.84277295888441,76.35170925609432,73.85127565386098,71.34727921470933,68.84553003879444,66.35184349523979
59.45587456224297,61.524963767412544,63.534702268232735,65.5048647971149,67.45524604396948,69.40565157170181,71.37589303250155,73.38578557820392,75.45514642218512,77.58397341783157,79.69298260651767,81.68306967884465,83.45513063298657,84.95184434288103,86.28302033240499,87.60025091117747,89.05512847829071,90.73311218835906,92.45512803362794,94.00155631461173,95.25512785572992,96.11643027527873,96.45512780829708,96.16348960593822,95.25512785572992,93.78917370245813,91.88549106123823,89.67912706354242,87.30512888472411,84.87700310162853,82.42209377316772,79.94620454381976,77.45513949787394,74.9547035002489,72.45070279300532,69.94894602920152,67.45524604396948
60.65915380594596,62.728301406365574,64.73807535262613,66.7082598486913,68.65865494040982,70.60906930410161,72.57931644936559,74.58921266355203,76.65857587028961,78.78740436580075,80.89641446653552,82.8865020751415,84.65856333838792,86.15527722712265,87.48645333138775,88.80368399385338,90.25856162820457,91.93654539242331,93.65856127527547,95.20498957939671,96.45856113407771,97.31986356091804,97.65856109643025,97.36692289193576,96.45856113407771,94.99260696453197,93.08892429206128,90.88256023607,88.50856195079098,86.0804359783152,83.62552631382643,81.14963648646645,78.65857037445619,76.15813247560413,73.65412838076311,71.1523655944142,68.65865494040982
61.5135154039816,63.617909410324785,65.68126132227785,67.72234221005046,69.75889037680702,71.80644727743937,73.87738444501619,75.98047560447452,78.12143859071452,80.29096051453033,82.42662441433497,84.45544161535288,86.308010150606,87.9543942545257,89.49428176763305,91.04799342131824,92.71745192923449,94.53936471286062,96.35378716777927,97.99657120139415,99.45487647652894,100.69034843272388,101.28826349798473,100.81757595022867,99.45487647652894,97.50676113079683,95.18338747274956,92.65038808081613,90.04982914270101,87.48522442260156,84.95361845996922,82.43669545529326,79.92313058922522,77.40457195425836,74.87402289806305,72.32610934713036,69.75889037680702
59.25300898760989,61.32202465483937,63.331718517640255,65.3018533818589,67.25221719283786,69.20261159271797,71.17284589457628,73.18273382022556,75.25209168856975,77.38091679529632,79.48992483535355,81.48001123229362,83.25207179715076,84.74878528181469,86.07996112683418,87.39719160020397,88.852069082638,90.53005272450957,92.25206852244627,93.79849677429084,95.05206829832808,95.913370708694,96.25206823857158,95.9604300389023,95.05206829832808,93.58611416555165,91.68243156368885,89.47606763941008,87.10206959466794,84.67394405007687,82.21903514480807,79.7431466685933,77.25208296524298,74.75164936201051,72.24765292107867,69.74590374199892,67.25221719283786
57.846694962086474,59.91550120295241,61.92506793590073,63.895124008154355,65.84543815887443,67.79580086438905,69.76601477597438,71.77588954260611,73.845238935595,75.97405866219577,78.08306343066052,80.07314790392212,81.84520735999408,83.34192020314205,84.67309563657474,85.99032580972968,87.44520305097508,89.12318649860411,90.84520216172618,92.39163033057457,93.64520180596077,94.50650419017138,94.84520171110326,94.55356351909461,93.64520180596077,92.17924773156054,90.27556524179712,88.06920152662957,85.69520386377175,83.26707899850459,80.81217129859795,78.33628496750362,75.84522508821303,73.34479830481956,70.84081401539265,68.33908643935871,65.84543815887443
56.925914345712584,59.010218124903275,61.043046460911995,63.043930972011935,65.03198676321092,67.02535559310117,69.04068442901148,71.09281795128098,73.19496707379015,75.34256024678695,77.46391223525944,79.47200422375107,81.28176462293138,82.84955216131578,84.28198779894808,85.71697975353499,87.2814982693481,89.03450668777859,90.80531761912528,92.40314779279575,93.76770014872135,94.83799819252349,95.3261237072224,94.93086740384341,93.76770014872135,92.04420991538781,89.92722734008873,87.56187122550841,85.08119335253163,82.59022340220287,80.10046432776986,77.60606668247854,75.1048917775255,72.59633088731735,70.080459905724,67.5581605305432,65.03198676321092
56.03523066217595,58.10317719089409,60.11222194227402,62.081954463987614,64.03206467491493,65.98229721494803,67.95242738322614,69.96224810441261,72.03156268779837,74.16036031720516,76.26935164855256,78.25942822083871,80.03148312287499,81.52819333116689,82.85936707411508,84.17659601421616,85.63147226484192,87.30945491467023,89.03147002407606,90.577897852039,91.83146912760357,92.69277140438797,93.03146888857765,92.73983072803317,91.83146912760357,90.36551529296852,88.46183326362448,86.25547040732707,83.88147431295978,81.45335223783677,78.99844948863301,76.5225719680298,74.03152779495593,71.53112902189854,69.02719464038609,66.52555578929349,64.03206467491493
41.943886964134684,43.999333846440294,46.000770529623686,47.96578002656838,49.91291040674284,51.86123991383019,53.83014527506455,55.83917534615219,57.90798060600393,60.03645488286868,62.14524957368545,64.13521051762334,65.90719877125287,67.40387041787196,68.73501942003196,70.05223031389505,71.50709206634698,73.18506303995684,74.9070700454254,76.45349288433698,77.707061235396,78.56836193993459,78.90705888638037,78.61542118633253,77.707061235396,76.24111090986332,74.33743561901497,72.13108533273393,69.7571121939501,67.32903095355633,64.87420065859808,62.39845207760186,59.90763775142369,57.40764885315426,54.90444467093303,52.40410362463234,49.91291040674284
42.93974668315249,44.99805071956436,47.00122955323005,48.967321746771745,50.9151356843071,52.863901926192824,54.833088451393195,56.842300054798415,58.911222268208675,61.03977080047471,63.14861065034553,65.1385981493961,66.9106017096921,68.40728221257949,69.73843689686561,71.05565193535774,72.51051701757436,74.18849067284265,75.91049953953276,77.45692352427517,78.71049254700313,79.57179361263834,79.91049068258744,79.6188528767776,78.71049254700313,77.24454141553764,75.34086457706564,73.13451140384629,70.76053299290196,68.33244237413496,65.877595439024,63.401817245733696,60.910950134554454,58.410867112700814,55.90749526457947,53.40685627431415,50.9151356843071
43.93715941617827,45.99773694350395,48.00230072155513,49.96925311609064,51.91760994090491,53.866722961159994,55.83613270449203,57.8454884139622,59.91450346306385,62.04311093564263,64.15198662968216,66.14199520605291,67.91401091544898,69.41069844763652,70.74185764186394,72.05907596996906,73.51394369503257,75.19191947874074,76.91392982268633,78.46035471687642,79.71392427270891,80.57522562494694,80.91392279292069,80.62228490316753,79.71392427270891,78.24797250157349,76.34429443474997,74.13793897016072,71.76395637468272,69.33585831224303,66.88099816966928,64.40519647256777,61.91428746426942,59.41412973129373,56.91062479022986,54.40974926974431,51.91760994090491
44.93580824464628,46.99819388810015,49.003858285317996,50.971493966958086,52.92028190075841,54.869670248522226,56.83925719684429,58.84872729835095,60.9178160372322,63.046470293138086,65.15537443759753,67.14539974337175,68.91742509563517,70.41411820702942,71.74528098082152,73.06250191990597,74.51737174260538,76.19534921566128,77.91736073210714,79.46378634812714,80.71735632708527,81.57865790680022,81.9173551525763,81.62571719619714,80.71735632708527,79.2514040482431,77.3477250064752,75.14136772322092,72.76738180646561,70.33927783594567,67.88440721049795,65.40858685808286,62.9176445949884,60.41742756048994,57.913816973135965,55.41275368576086,52.92028190075841
45.93544035539381,47.99926340428421,50.00580223946713,51.9739805902244,53.92311083355381,55.87271776520845,57.842445384313535,59.852006288276314,61.921153518581335,64.04984490793163,66.15877163406144,68.14881021817573,69.92084322406379,71.4175407637072,72.74870637861551,74.06592939004301,75.5208008776415,77.19877969153603,78.92079213859711,80.46721832753437,81.72078864232776,82.58209040259138,82.92078771011919,82.62914970085899,81.72078864232776,80.25483596051822,78.35115614493571,76.14479741820392,73.77080886534225,71.34270020555493,68.88782125977917,66.4119861004264,63.92101744233348,61.42075333812767,58.91705889273565,56.41584655405835,53.92311083355381
46.93585428329656,49.00081965546122,51.008053085093934,52.9766623693732,54.92606439100172,56.87584484828625,58.84568413241445,60.85531711227992,62.9245107696572,65.05323163278247,67.1621762823469,69.15222540561504,70.9242644862367,72.42096554060265,73.75213341051509,75.06935806676708,76.52423087579956,78.20221075391997,79.92422393961157,81.47065058327385,82.72422116461999,83.58552306818521,83.92422042472545,83.63258237349349,82.72422116461999,81.25826816297489,79.35458773321486,77.14822786079283,74.7742372156479,72.34612483397333,69.89123928430764,67.41539237255117,64.92440276432504,62.424101299571504,59.920340291901525,57.41900963813298,54.92606439100172
47.93688961479654,50.002762567002435,52.010547645097986,53.979499098183894,55.92911688525092,57.87903509227695,59.84896301415942,61.85865320445265,63.927883712532605,66.05662796960115,68.16558684522622,70.15564433350711,71.92768823567806,73.42439207969306,74.7555617394089,76.0727877011619,77.52766155901895,79.205642281817,80.92765605376047,82.47408305833846,83.72765385124774,84.58895586855157,84.92765326399297,84.63601517944801,83.72765385124774,82.26170059574886,80.35801967851555,78.15165889675768,75.77766659096372,73.34955125521702,70.89466046401442,68.41880422428738,65.92779798767182,63.42746686901528,60.92365302824152,58.42222845953569,55.92911688525092
49.03841870687239,51.105012584601354,53.11323572609314,55.082458844868114,57.0322479196486,58.9822754728046,60.9522737522947,62.96200935289448,65.03126911034852,67.16003193557546,69.26900210257159,71.25906623021847,73.03111395927459,74.52782001744293,75.85899109773017,77.17621809566184,78.63109278597261,80.30907417919232,82.03108841644452,83.57751570748161,84.83108666830871,85.69238877588691,86.03108620220425,85.73944809121872,84.83108666830871,83.36513321132588,81.46145190718458,79.25509040368588,76.88109677983222,74.45297909943162,71.99808414800209,69.52222050460853,67.03120106986916,64.53084641437977,62.02699063831281,59.525491524113676,57.0322479196486
50.040340045378755,52.107506487078055,54.11607745822896,56.085516252484695,58.035441300198116,59.9855556503112,61.95560977631024,63.965381420581,66.03466439387834,68.16344195689754,70.2724210859486,72.26249048329584,74.03454124976464,75.53124906531235,76.86242127311003,78.17964909345844,79.63452444448885,81.31250636982298,83.03452097639112,84.58094849479104,85.83451958889466,86.69582176812371,87.03451921894725,86.74288108697584,85.83451958889466,84.36856597199389,82.46488436076336,80.25852228441822,77.88452761441883,75.45640807306188,73.00150981964777,70.5256402999278,68.0346103897284,65.53423705271825,63.03034799155955,60.52878970731339,58.035441300198116
51.042572929827585,53.11019404599091,55.119041177029544,57.08865118723415,59.03868417046246,60.9888674169585,62.958965870653515,64.96876612374157,67.03806752384375,69.16685678440457,71.27584302669862,73.26591660663,75.03796978390238,76.53467899428603,77.86585209699068,79.18308057009241,80.63795644553677,82.31593879321065,84.03795369290519,85.58438139176315,86.83795259164839,87.69925482774678,88.03795229802091,87.746314149393,86.83795259164839,85.37199884782066,83.4683169928532,81.26195446183931,78.88795896151282,76.45983794311178,74.00493706890424,71.52906288512057,69.03802466047856,66.53763649573142,64.0337210155306,61.53211576593962,59.03868417046246
52.04505322701763,54.113035363622146,56.122101737931104,58.09184766387894,60.041966324230856,61.99220425734573,63.962337895400594,65.97216085591208,68.04147688161699,70.17027542661609,72.27926731472965,74.269344214393,76.04139930512619,77.53810962259368,78.86928343558736,80.18651242678021,81.64138871845248,83.31937140133778,85.04138653368696,86.58781437577457,87.8413856596188,88.7026879408544,89.0413854265665,88.74974726471831,87.8413856596188,86.37543181504898,84.4717497666274,82.26538687474255,79.89139071538459,77.46326852465154,75.0083655703148,72.53248768464844,70.04144286078841,67.54104292712998,65.03710647771376,62.53546395041403,60.041966324230856
53.04772998318606,55.1159987533498,57.12523917583148,59.09509299175771,61.045279659536774,62.99556099966958,64.96572256447926,66.97556354825642,69.04489118245982,71.17369709658126,73.28269346580669,75.27277300035108,77.0448296098021,78.5415408059638,79.87271518271478,81.18994458511715,82.64482120714987,84.32280415609276,86.04481947310009,87.59124742886917,88.84481877935167,89.70612109641273,90.04481859437794,89.7531804220368,88.84481877935167,87.37886485482291,85.47518265285659,83.2688194745482,80.89482279211632,78.46669967090192,76.01179506556298,73.5359142417023,71.04486418001386,68.54445490528333,66.0405018123329,63.53882969688354,61.045279659536774
54.1505627240127,56.2190590530153,58.22843763947232,60.19837709628841,62.14861774503126,64.09893353873552,66.06911726959841,68.0789725586852,70.14830940665442,72.27712116968918,74.38612109558929,76.3762027214452,78.1482605363052,79.64497242988773,80.97614725409355,82.29337698287327,83.74825386711338,85.42623702722636,87.148252490797,88.69468053679515,89.94825194016852,90.80955428566423,91.14825179335475,90.85661361268534,89.94825194016852,88.48229795217621,86.5786156283414,84.37225222269838,81.99825512510233,79.57013126536387,77.11522534962198,74.63934219370981,72.14828797473812,69.6478712859427,67.14390498284861,64.6422093827574,62.14861774503126
55.15351930464921,57.22219628354054,59.231684544584525,61.20169198001143,63.15197547563652,65.10231861603961,67.07251994047171,69.0823865838378,71.15173074483732,73.28054715018101,75.38954989902435,77.37963318475849,79.15169195635346,80.64840440347972,81.97957958283087,83.2968095706566,84.75168666301093,86.42966999072979,88.15168557062779,89.69811368824081,90.95168513359366,91.812987501658,92.15168501706749,91.86004682978793,90.95168513359366,89.48573109523032,87.58204867466836,85.37568508858976,83.00168766147756,80.57356321557182,78.11865625976142,75.64277125289553,73.1517137342758,70.65129116090104,68.14731437280699,65.6456001326207,63.15197547563652
56.25657419887885,58.32539458256751,60.33496990106302,62.30503129454591,64.2553487991266,66.20571364517399,68.17592893385867,70.1858045892152,72.2551545546082,74.38397464456958,76.49297963398996,78.48306423717236,80.25512376812911,81.75183665460361,83.08301211583392,84.40024230926468,85.8551195667994,87.53310302754716,89.2551186997743,90.80154687422805,92.05511835290004,92.91642073887712,93.25511826041318,92.96348006788716,92.05511835290004,90.58916427455722,88.68548177722286,86.47911804793242,84.10512035928303,81.67699544813584,79.22208766682182,76.746201190851,74.25514105329245,71.7547138093037,69.25072869919545,66.74899966415272,64.2553487991266
57.35970713844097,59.42864135701292,61.438285778518676,63.40839000067899,65.35873449904406,67.30911657322243,69.2793429454851,71.2892257537217,73.35858032608843,75.48740334054213,77.59641010831315,79.58649575715614,81.3585558908192,82.85526912600483,84.18644481096288,85.50367516758251,86.95855255622104,88.63653612255389,90.3585518680627,91.904980087631,93.15855159274844,94.01985399294283,94.35855151934152,94.06691332265139,93.15855159274844,91.69259748267382,89.78891492440522,87.58255108144739,85.20855318521572,82.78042790480603,80.32551946828897,77.84963182628752,75.35856961007187,72.85813865900155,70.35414694366581,67.85240616580975,65.35873449904406
58.46290203130869,60.53192660977314,62.54162588181765,64.51176409847,66.46213002235676,68.41252577073203,70.38276094012664,72.39264942564478,74.46200765458394,76.59083299021454,78.69984116946554,80.68992764825072,82.4619882602824,83.95870177224033,85.28987763477124,86.607108120914,88.0619856136097,89.73996926374552,91.46198506741804,93.00841332279379,94.26198484890095,95.12328726037967,95.46198479063787,95.17034659064267,94.26198484890095,92.79603071364082,90.89234810700862,88.68598417383299,86.31198611284316,83.88386053934951,81.4289515827972,78.95306301531582,76.46199914926638,73.96156525587546,71.45756829794166,68.95581819972787,66.46213002235676
59.566146102019374,61.63524240490247,63.64498521401774,65.61515041296568,67.56553334264098,69.51593994437226,71.48618209611202,73.49607508771477,75.56543621888672,77.69426339684031,79.80327269638511,81.79335983389633,83.5654208256096,85.06213455724196,86.39331056071259,87.71054114965794,89.16541872494389,90.84340244159415,92.56541829143126,94.11184657522737,95.36541811799411,96.2267205384292,96.56541807175067,96.27377986913223,95.36541811799411,93.89946396274425,91.99578131772584,89.78941731294427,87.41541912118576,84.98729331507118,82.53238394576647,80.05649464373064,77.56542946820566,75.06499323948827,72.5609921204856,70.05923462464816,67.56553334264098
60.769429208657385,62.838582442855866,64.84835980873372,66.81854642407895,68.76894285147219,70.71935806760533,72.6896057612719,74.69950232937101,76.76886576405255,78.8976944042612,81.00670459298463,82.99679225332738,84.76885354639427,86.26556745238236,87.59674356771694,88.91397423825674,90.3688518790946,92.04683564853747,93.76885153501541,95.31527984136883,96.56885139735826,97.43015382490202,97.76885136065485,97.4772131559543,96.56885139735826,95.1028972262425,93.19921455075698,90.99285048914169,88.61885219359202,86.19072620284604,83.73581650593945,81.25992662088707,78.76886040602966,76.26842232375921,73.76441790210387,71.26265453473667,68.76894285147219
61.70114495493601,63.80458458986807,65.86649452719571,67.90569115820486,69.93998819964845,71.98505777054956,74.05347302379721,76.15428010345698,78.29352042963441,80.46207558390759,82.59711102873806,84.62502166123701,86.47573071894585,88.11874611365712,89.65412160993318,91.20297095996506,92.86823644581486,94.6874485109027,96.5001827624074,98.14124360700612,99.59600984609551,100.82542291441237,101.41943183831489,100.95141776379748,99.59600984609551,97.65649827017472,95.34141586056789,92.81543485854785,90.2200562223455,87.6587018744803,85.12896671392723,82.61305787648953,80.10005299299401,77.58194733413838,75.05206511581294,72.50532040416681,69.93998819964845
59.453686834657915,61.522718606659225,63.53242224526771,65.5025631681375,67.45293079764532,69.40332763457732,71.37356350428004,73.38345244174536,75.45281096177024,77.58163648218073,79.69064477379412,81.68073131864773,83.45279196876042,84.9495055027511,86.2806813794179,87.59791187587149,89.05278937685075,90.7307730336578,92.45278884196051,93.99921710018673,95.2527886279648,96.11409104034183,96.45278857090727,96.16115037064895,95.2527886279648,93.78683449069979,91.88315188021754,89.67678793986002,87.30278986575445,84.87466426892954,82.4197552709793,79.9438666298241,77.45280263243785,74.95236850482019,72.44837112954309,69.94662028936965,67.45293079764532
58.047347856639334,60.116179657083464,62.12576190620601,64.0958275952041,66.04614780715416,67.9965143811226,69.96673078145452,71.97660715422322,74.0459575816823,76.174777964962,78.28378313274601,80.27386784080528,82.04592743221183,83.54264035366111,84.87381583733071,86.19104604712888,87.64592331781296,89.32390678915058,91.04592246872768,92.59235064770633,93.84592212903071,94.70722451643375,95.04592203845752,94.75428384551384,93.84592212903071,92.37996804750526,90.47628554405938,88.26992180336842,85.89592409389905,83.46779914571583,81.01289129868674,78.53700470576626,76.04594435972419,73.54551674392567,71.04153097133258,68.53980075852249,66.04614780715416
57.121071165568594,59.20494202454418,61.23710868611664,63.23711456014914,65.22409925459297,67.21625662848798,69.23032608283347,71.28129097795278,73.38254051069455,75.5296217918073,77.65063826204582,79.65824237311082,81.46698747968986,83.03288403262572,84.46267706151741,85.89467030421176,87.45646725305701,89.20765161523848,90.97729260139641,92.57390412488448,93.93587285978253,95.00147722441368,95.48637972385889,95.09334680420591,93.93587285978253,92.2184783189485,90.10681837533866,87.74559876105914,85.26778017895194,82.77852686182774,80.28973016651213,77.79584663722204,75.29495335872049,72.78661912110653,70.27107993168663,67.74935681566238,65.22409925459297
56.23578113582491,58.30379201734907,60.31287584683491,62.28263259331381,64.23275807440938,66.18300036104226,68.15313680003885,70.16296156822037,72.23227875822032,74.36107804232012,76.47007037987623,78.46014754381072,80.23220278686708,81.72891319246519,83.06008706200218,84.37731609443823,85.83219241924475,87.51017512881491,89.2321902796848,90.77861813317433,92.0321894237022,92.89349170853103,93.23218919547205,92.94055103257148,92.0321894237022,90.56623557111277,88.66255350729104,86.45619058667867,84.08219437485782,81.65407209080004,79.19916897087235,76.72329079051336,74.2322454413143,71.73184457077481,69.22790645206733,66.72626095718856,64.23275807440938
42.01323829269921,44.06890612859898,46.070477604131895,48.03557089579793,49.982754189453004,51.93111750776032,53.90004463786141,55.909088764615916,57.977903080223655,60.106383106827565,62.215181294441436,64.20514429463475,65.97713373351836,67.47380606591413,68.80495550806484,70.12216672286414,71.57702873315412,73.25499991441646,74.97700706400758,76.52342999164591,77.77699839471524,78.63829912721515,78.97699608322434,78.68535837498686,77.77699839471524,76.31104800677562,74.40737259608792,72.2010220862586,69.82704853922868,67.39896657262815,64.94413498915674,62.46838411517409,59.97756570169925,57.477569515279754,54.97435235076219,52.473988235933234,49.982754189453004
43.009218095015555,45.06769799544459,47.07098400198187,49.03714277740171,50.98499874214035,52.933791832145104,54.90299564028564,56.91221840171666,58.98114780350659,61.109700899665796,63.218543525066565,65.2085326562121,66.98053715726121,68.47721820445639,69.80837323796632,71.1255885311873,72.58045381805104,74.25842763813375,75.9804366192143,77.52686067437924,78.78042973838787,79.641730826216,79.98042790375558,79.68879009144565,78.78042973838787,77.3144785573899,75.4108016238012,73.20444827315102,70.83046953818005,68.40237834301786,65.94753038519919,63.47175037192001,60.98088001651112,58.48079120960497,55.977409056021116,53.47675175180484,50.98499874214035
44.006726434649536,46.06744385712683,48.07209281713152,50.039098104403905,51.987488304988375,53.93662264225958,55.90604610620824,57.915410673092026,59.98443142813194,62.11304252327808,64.22192042033294,66.21193029212601,67.98394674820864,69.48063471241761,70.81179418382604,72.12901271411059,73.58388060160323,75.26185651612501,76.98386695086248,78.53029190094708,79.78386148954407,80.64516285939663,80.98386003339499,80.69222213848265,79.78386148954407,78.31790967909467,76.41423153677687,74.20787593136035,71.83389307870132,69.40579455877361,66.95093360446734,64.47513046281173,61.98421887947836,59.48405655462372,56.98054343322228,54.479653374141265,51.987488304988375
45.00545133365824,47.06794820898351,49.0736802901381,51.04135798220396,52.99017241819584,54.93957769010805,56.90917553046813,58.91865266291684,60.987745930930345,63.11640306219773,65.22530895523931,67.21533528920838,68.9873612341238,70.48405468841622,71.81521768220824,73.13243878176323,74.58730873338311,76.26528631026605,77.98729789877356,79.5337235591571,80.78729356412046,81.64859515781609,81.98729240837388,81.69565444789993,80.78729356412046,79.32134125407472,77.4176621523869,75.21130475735781,72.83731863647718,70.40921430284696,67.95434303312109,65.47852153414507,62.98757722718835,60.48735654793694,57.98373946728613,55.48266463885392,52.99017241819584
46.00514394016237,48.06905539826172,50.075648001524115,52.043859714537646,53.99301100012437,55.94263136752302,57.91236763289044,59.92193411782482,61.9910849431099,64.1197786147167,66.22870672872713,68.2187461289312,69.99077960521151,71.48747741701506,72.81864320653813,74.1358663453316,75.59073793525457,77.26871683155682,78.99072933581334,80.53715555996199,81.79072589539575,82.65202766675584,82.9907249780789,82.69908696556863,81.79072589539575,80.3247731888199,78.4210933256789,76.21473451023124,73.84074579535485,71.41263684736558,68.95775739022238,66.4819213208325,63.990951040489975,61.490684043330816,58.98698444385376,56.48576294392046,53.99301100012437
47.0056059584454,49.07064157957308,51.07791771479385,53.046553490413956,54.99597221799111,56.94576334114751,58.915609488603735,60.92524689841014,62.99444340925439,65.12316608385859,67.23211183500356,69.22216160600948,70.99420105998433,72.49090233036492,73.82207033886965,75.13929509621234,76.59416798645994,78.27214792998748,79.99416116107517,81.54058783268479,82.7941584304132,83.65546034278569,83.99415770233823,83.7025196485267,82.7941584304132,81.32820540911105,79.4245249416038,77.21816499876786,74.84417422503154,72.41606161461021,69.9611756590697,67.48532802500931,64.99433712918074,62.49403336821865,59.99026826952695,57.48893034376353,54.99597221799111
48.00667950656786,50.07260826495764,52.08042725731383,54.04939974396618,55.999030793514095,57.94895746725476,59.91889083705894,61.92858454360072,63.997817316560486,66.12656301143278,68.2355227613948,70.2255807637899,71.99762496229312,73.49432897775964,74.82549874747659,76.14272478946546,77.59759871178312,79.27557948649486,80.99759329446928,82.54402032122908,83.79759112714098,84.65889315143514,84.99759054926741,84.70595246267506,83.79759112714098,82.33163785604032,80.42795690884697,78.22159607120153,75.84760366334436,73.41948814604075,70.96459703269372,68.48874021966927,65.99773296106906,63.49740001986653,60.993582931906985,58.49215259097322,55.999030793514095
49.10823896102029,51.17487716339615,53.18312723451484,55.152367052290955,57.102166655375186,59.05220092932721,61.022203533147305,63.03194192472276,65.10120347986444,67.22996744629711,69.3389383072625,71.32900284296481,73.10105080722101,74.59775700147094,75.9289281690663,77.24615523068132,78.70102997215456,80.37901140657826,82.10102567242825,83.64745298107104,84.90102395221834,85.76232606534482,86.10102349355977,85.80938538094921,84.90102395221834,83.43507048285238,81.53138915493176,79.32502760707501,76.95103390221365,74.52291607771096,72.06802087059432,69.59215677217156,67.10113652627369,64.60078042420082,62.0969220707528,59.59541837485497,57.102166655375186
50.11018441697337,52.177386058873125,54.18597841155918,56.15543046275029,58.10536386795951,60.055483552850944,62.02554111126928,64.03531497081913,66.10459937097446,68.23337783978195,70.34235751964148,72.33242724086426,74.10447819401216,75.60118611756818,76.93235839466243,78.24958626555645,79.70446165719454,81.38244361523232,83.10445824449856,84.65088577687214,85.90445687916687,86.76575906279962,87.1044565151293,86.81281838186808,85.90445687916687,84.43850325243761,82.53482162233347,80.32845951078129,77.95446477648596,75.52634512075494,73.07144666440126,70.59557678352266,68.10454622950078,65.6041717443191,63.10028063743627,60.59871871651808,58.10536386795951
51.112436455315915,53.180085522319715,55.188949628605926,57.158570162693096,59.10860978001094,61.05879726102512,63.02889843915685,65.03870045056362,67.10800298318412,69.23679296267758,71.34577964215157,73.33585347914425,75.10790680458433,76.60461610069436,77.93578925839984,79.25301777161968,80.70789367929441,82.3858760529252,84.10789097063525,85.65431868058408,86.90788988697065,87.76919212656423,88.10788959803378,87.81625144838219,86.90788988697065,85.44193613534202,83.53825426539456,81.33189170643682,78.9578961550786,76.52977504589865,74.07487401061755,71.59899954018094,69.10796080453326,66.60757172847073,64.10365462454266,61.6020464884127,59.10860978001094
52.11493196244135,54.18293629147331,56.19201614201464,58.161770421936765,60.11189434823572,62.06213564247999,64.03227144299966,66.04209579912146,68.11141272371958,70.24021183934093,72.34920407444635,74.33928117814008,76.11133638647428,77.60804677198297,78.93922062863086,80.25644965166552,81.71132596891906,83.38930867240637,85.11132381905448,86.65775166994493,87.91132295894926,88.77262524295901,89.11132272961991,88.81968456695918,87.91132295894926,86.44536910818789,84.54168704787665,82.33532413381275,79.96132793395084,77.53320567116648,75.07830258898534,72.6024244758017,70.111379246354,67.61097858937713,65.10704085118573,62.60539603276891,60.11189434823572
53.117620795458635,55.18590718469909,57.1951583051447,59.16501875235761,61.115209600015646,63.065493607998405,65.03565688920662,67.04549898070047,69.11482732836399,71.2436336953918,73.35263034002602,75.34271003650984,77.11476673930102,78.61147798946712,79.9426524008665,81.25988182854174,82.71475847087835,84.39274143617308,86.11475676452943,87.66118472728537,88.91475608186343,89.77605840112633,90.11475589984462,89.8231177268586,88.91475608186343,87.44880215242041,85.54511994101728,83.33875674510534,80.96476003052547,78.53663685212385,76.0817321453146,73.60585114087289,71.11480075726794,68.61439090843481,66.11043679256899,63.60876285861495,61.115209600015646
54.22046312465848,56.28897344104186,58.29836051965752,60.26830524019111,62.21854920669135,64.16886711794497,66.13905221114521,68.14890837943994,70.21824579368796,72.34705791619673,74.45605806068967,76.44613981507729,78.21819770402155,79.7149096404674,81.04608449217369,82.36331424101252,83.81819114136786,85.4961743144593,87.21818978703769,88.7646178385813,90.01818924520529,90.8794915924486,91.21818910073684,90.92655091955561,90.01818924520529,88.55223525331255,86.64855292198769,84.44218950237277,82.06819237926082,79.6400684741328,77.1851624778538,74.7092791786141,72.21822470413625,69.71780755967252,67.2138404446812,64.71214340121425,62.21854920669135
55.22342731746487,57.29211540010762,59.30161040212529,61.271622015658465,63.221908144706035,65.17225296585671,67.14245537159617,69.15232271279805,71.22166732325654,73.35048401391619,75.45948693625726,77.44957032400723,79.22162915440298,80.71834163554993,82.0495168367282,83.36674684047487,84.82162394561985,86.49960728363976,88.22162287068721,89.76805099270165,91.02162244063453,91.88292481008597,92.22162232596986,91.92998413828406,91.02162244063453,89.5556683991754,87.65198597266863,85.4456223755005,83.07162492813632,80.64350044620485,78.18859342647204,75.71270830584686,73.22165058443117,70.72122764939051,68.2172502168877,65.71553483107593,63.221908144706035
56.326488254657974,58.395317452635,60.40489812191295,62.37496283174427,64.32528242654728,66.27564860663486,68.24586475356608,70.25574096280022,72.32509128493105,74.4539116013487,76.5629167284746,78.55300141262714,80.3250609902541,81.82177390373086,83.15294938228541,84.47017958835262,85.9250568560393,87.60304032496296,89.32505600286464,90.87148418081182,92.12505566153158,92.98635804860957,93.32505557052218,93.03341737767371,92.12505566153158,90.65910158073163,88.75541907867887,86.54905534058663,84.17505763586321,81.74693269612237,79.29202486407307,76.81613829781135,74.32507799929323,71.82465046824895,69.32066484666967,66.81893490233243,64.32528242654728
57.42962599126716,59.498567206522566,61.508215875242044,63.478322729705326,65.4286688871273,67.37905202015293,69.34927907361401,71.35916232146675,73.4285171769778,75.55734037117043,77.66634724823857,79.65643296134769,81.42849313205295,82.92520638867029,84.2563820873786,85.57361245402777,87.02848985072391,88.70647342354602,90.4284891735587,91.97491739589975,93.22848890264247,94.08979130371068,94.42848883040824,94.13685063346219,93.22848890264247,91.76253479061768,89.85885222860402,87.65248837866025,85.27849046967063,82.85036516656612,80.39545668978043,77.91956897611493,75.42850663214536,72.92807545323825,70.4240833319455,67.922341832375,65.4286688871273
58.532824692022274,60.60185482424832,62.61155746749441,64.58169777347976,66.53206501419002,68.48246160298481,70.45269731305186,72.46258614749556,74.53194460116725,76.66077007945705,78.76977834545738,80.75986487525064,82.53192551668275,84.02863904565108,85.35981491909558,86.67704541319878,88.13192291228981,89.80990656757615,91.53192237482341,93.07835063239986,94.33192215979705,95.19322457196932,95.53192210246472,95.24028390226636,94.33192215979705,92.86596802298904,90.96228541338442,88.75592147466404,86.38192340354819,83.95379781204167,81.49888882352809,79.02300019916689,76.53193623171894,74.0315021574934,71.52750487734994,69.02575420630669,66.53206501419002
59.63607178535044,61.70517249656595,63.71491798152272,65.68508483882118,67.63546881367836,69.58587608245857,71.55611866333338,73.56601193187977,75.63537324142257,77.76420053260506,79.8732099010029,81.8632970789993,83.63535809404775,85.13207183918124,86.463247851314,87.78047844657755,89.23535602693947,90.91333974767771,92.63535560035209,94.18178388589493,95.43535542968554,96.2966578506711,96.63535538418085,96.34371718140116,95.43535542968554,93.96940127320711,92.0657186258295,89.85935461664704,87.48535641685152,85.05723059644009,82.6023212017677,80.12643185458631,77.63536659858121,75.134930226335,72.6309288515935,70.12917090109825,67.63546881367836
60.83935729122757,62.90851402451641,64.91829351428483,66.88848144589261,68.83887870285886,70.78929444843375,72.75954248270699,74.76943927061723,76.83880284687213,78.96763157695071,81.07664182032289,83.06672951279877,84.83879082438678,86.33550474109073,87.66668086330046,88.98391153885505,90.43878918372172,92.11677295640919,93.83878884513908,95.38521715287884,96.63878870968097,97.50009113766161,97.83878867356384,97.54715046873537,96.63878870968097,95.17283453759009,93.26915186023203,91.0627877951238,88.68878949319515,86.26066349110174,83.80575377406078,81.32986385317635,78.83879757444176,76.33835937825225,73.8343547536163,71.33259102538524,68.83887870285886
61.818548580967885,63.92141278377409,65.9824529071254,68.02051223688937,70.05344950435114,72.09701530836624,74.16390447409543,76.26332815889779,78.40152435121044,80.56949323835232,82.70414746387385,84.73150801787116,86.58108822300859,88.22205656031365,89.75468624398417,91.30057146928073,92.9632765391103,94.78083733462486,96.59253854625305,98.23254427485591,99.6851414287886,100.91083436036075,101.50244048035526,101.03607132946073,99.6851414287886,97.75089817397301,95.4408768322217,92.91916779414566,90.32693519844659,87.7675517522029,85.23894990085886,82.72365510606545,80.21098917371852,77.69315764488157,75.16367889695863,72.61764115195308,70.05344950435114
59.57893751332877,61.647978966189854,63.65768848117909,65.62783304598196,67.57820297085237,69.52860127272325,71.49883808487387,73.5087276305523,75.57808654230905,77.70691231138909,79.81592075421537,81.80600738798125,83.57806808934194,85.07478165298343,86.40595754867374,87.72318805900319,89.17806557113019,90.85604923691508,92.5780650514489,94.12449331351121,95.37806484353793,96.23936725712385,96.57806478810275,96.28642658749037,95.37806484353793,93.91211070357474,92.0084280879113,89.80206413788869,87.42806604613247,84.99994041790927,82.5450313642473,80.06914262394477,77.57807844981062,75.07764400697977,72.57364607005815,70.07189423138387,67.57820297085237
58.17258353581576,60.241430700683566,62.25102227684853,64.22109374661231,66.1714176020458,68.12178650138739,70.0920043977325,72.10188173596718,74.17123278525699,76.30005356327308,78.40905897109192,80.39914382029036,82.1712034930479,83.66791646156484,84.99909197543235,86.31632220725712,87.77119949563709,89.44918298122619,91.1711986706946,92.7176268557626,93.9711983406565,94.83250072997853,95.17119825265863,94.87956005915291,93.9711983406565,92.50524425484804,90.60156174317746,88.39519798714407,86.02120024965609,83.59307525163125,81.13816731616538,78.6622805658586,76.17121993924752,73.67079182308186,71.16680515894208,68.66507336113716,66.1714176020458
57.24300621583967,59.326616797182126,61.35838557062992,63.35786293920293,65.34420313086255,67.33563123777063,69.34894222951587,71.39920300356513,73.4999103087278,75.64668296672113,77.76749711908352,79.77480699479611,81.58293961582953,83.14769480043577,84.57589145745627,86.00607132150822,87.56622074602008,89.3162999716302,91.08523173340711,92.68110418099022,94.04150492235692,95.10425686515481,95.58719781525224,95.19551831277883,94.04150492235692,92.32780744126416,90.21936888530291,87.86064841136103,85.38455509065659,82.89633669469865,80.40811991026425,77.91454609286646,75.4138224458442,72.90562471461965,70.39028533357339,67.86890918812384,65.34420313086255
56.360955246094605,58.429004812687566,60.4381121331521,62.407883441667494,64.35801810192851,66.3082662473861,68.27840645579286,70.28823365667091,72.3575524135355,74.48635269228886,76.59534563468738,78.58542315426769,80.35747860231464,81.85418912651548,83.18536307214626,84.50259216008577,85.95746852948307,87.63545127496464,89.35746645075898,90.90389431959281,92.15746561911524,93.01876790877964,93.35746539737458,93.06582723305768,92.15746561911524,90.69151175573325,88.78782967118666,86.58146671191396,84.20747042949058,81.77934801984006,79.32444467706651,76.84856610012163,74.3575200439416,71.85711791258325,69.35317754740554,66.85152805886405,64.35801810192851
42.017397696206146,44.073078671807444,46.07465816284423,48.03975643727824,49.98694287732724,51.935308206129605,53.90423663065019,55.91328159317855,57.98209644725543,60.11057681574701,62.21937521128521,64.20933833374617,65.98132784310651,67.47800021627947,68.80914968459254,70.12636091847514,71.5812229440965,73.25919413770613,74.98120129586695,76.5276242287811,77.78119263494303,78.64249336910555,78.98119032568339,78.68955261695895,77.78119263494303,76.31524224329257,74.4115668254791,72.20521630235734,69.83124273105258,67.40316072127086,64.94832906118279,62.47257805085617,59.98175939434512,57.48176277456173,54.9785448380962,52.47817935156989,49.98694287732724
43.01338463974198,45.07187499822996,47.07516737776798,49.041330112374126,50.98918857616098,52.93798326261219,54.907188098427724,56.9164115233329,58.985341352554485,61.11389472008912,63.22273751052661,65.21272673871863,66.98473129570615,68.48141237526656,69.81256742954179,71.1297827379093,72.58464803694159,74.26262186682436,75.9846308547067,77.53105491405907,78.7846239805223,79.64592506967006,79.98462214766096,79.69298433496454,78.7846239805223,77.31867279657905,75.41499585733459,73.20864249613416,70.83466374189615,68.40657251246074,65.9517244938306,63.47594437233252,60.985073824017405,58.48498467312392,55.9816019067616,53.4809435135662,50.98918857616098
44.010898664844476,46.07162440627217,48.07627843153455,50.043286863966415,51.9916790491526,53.940814653975195,55.91023893377505,57.919604027334245,59.98862512165739,62.117236432206326,64.22611446025539,66.21612440907595,67.9881409095575,69.48482889945502,70.81598838734499,72.13320692965138,73.58807482680226,75.26605074910239,76.98806118923846,78.53448614264661,79.7880557331918,80.64935710409176,80.98805427844835,80.69641638322923,79.7880557331918,78.32210392040474,76.41842577359796,74.2120701598077,71.83808729185635,69.40998874472584,66.9551277421529,64.47932451460225,61.9884127781539,59.48825018025984,56.98473657244355,54.48384564887397,51.9916790491526
45.009628087469416,47.07213157716605,49.07786768303871,51.045547873154575,52.994363885023006,54.9437701632757,56.913368651293865,58.922846201812774,60.99193973913478,63.12059704137502,65.22950303838957,67.21952943349642,68.9915554136517,70.48824888833329,71.81941189520677,73.13663300430352,74.59150296358916,76.26948054664581,77.99149213943821,79.53791780245965,80.79148780896931,81.65278940349626,81.99148665433837,81.69984869362094,80.79148780896931,79.32553549706817,77.42185639181744,75.21549899014207,72.84151285712389,70.4134085019027,67.95853719386722,65.48271562671522,62.99177119822778,60.49155030225444,57.98793283550299,55.48685732082163,52.994363885023006
46.00932429135865,48.073241006623334,50.07983680709543,52.04805050390674,53.99720304070698,55.94682420701773,57.91656098650515,59.92612780329209,61.99527884233959,64.12397264965237,66.23290084618799,68.22294029491779,69.99497379916826,71.49167162715474,72.82283742706068,74.14006057342748,75.59493216943477,77.27291107063708,78.99492357829452,80.54134980453688,81.79492014119795,82.65622191321783,82.99491922476659,82.70328121206305,81.79492014119795,80.32896743314947,78.42528756718056,76.21892874645778,73.84494002194776,71.41683105682162,68.96195156927189,66.48611544577004,63.99514506896645,61.49487789978845,58.99117799384234,56.48995594916714,53.99720304070698
47.00978916930219,49.07482896767455,51.082107642281315,53.05074499313257,55.000164714075524,56.94995647144174,58.91980302700159,60.929440700218436,62.99863738073367,65.12736016305078,67.23630597969716,69.22635578921839,70.99839526539327,72.49509654861836,73.82626456536399,75.14348932871764,76.5983622237944,78.27634217121116,79.99835540499814,81.54478207826952,82.79835267697206,83.65965458986824,83.99835194959988,83.70671389563498,82.79835267697206,81.33239965450107,79.42871918474933,77.22235923772647,74.84836845634393,72.42025583232106,69.9653698526467,67.4895221756372,64.99853120324616,62.4982273057485,59.9944619637991,57.49312360563238,55.000164714075524
48.01086498992518,50.07679706671729,52.08461807569462,54.05359181304357,56.00322365120098,57.953150828385446,59.923084522130836,61.93277843775357,64.00201134538607,66.13075712575204,68.23971692770327,70.22977496066824,72.00181917679174,73.49852320245301,74.82969297871077,76.14691902547054,77.60179295162109,79.2797737294197,81.00178753953656,82.54821456761533,83.8017853743004,84.66308739901021,85.00178479698464,84.71014671027052,83.8017853743004,82.33583210227198,80.43215115329721,78.2257903123286,75.85179789840265,73.42368237030342,70.96879123780127,68.49293439068785,66.00192707131913,63.50159402174566,60.9977767407041,58.496346056545576,56.00322365120098
49.11242624982081,51.17906708785668,53.18731876026786,55.15655957099656,57.10635980011055,59.05639447369103,61.026397334641786,63.03613589217241,65.10539755420695,67.23416158849719,69.34313249072684,71.33319705069268,73.10524502893418,74.60195123127568,75.93312240406249,77.25034946946421,78.70522421397962,80.38320565085336,82.1052199184038,83.65164722809347,84.90521819985443,85.76652031331078,86.10521774163857,85.8135796289314,84.90521819985443,83.43926472975213,81.53558340041758,79.32922184992323,76.95522814024505,74.52711030717387,72.07221508485377,69.59635095937438,67.105330665244,64.6049744771554,62.101115970452895,59.59961200212099,57.10635980011055
50.114373139864185,52.18157687485041,54.190170498923905,56.159623338394724,58.109557240553414,60.05967724265835,62.02973500517305,64.03950899644633,66.10879348144447,68.23757200411129,70.34655171672259,72.33662145720344,74.1086724214515,75.6053803514298,76.93655263264455,78.25378050654405,79.70865590059674,81.38663786057913,83.10865249119503,84.65508002439948,85.90865112718132,86.76995331107588,87.10865076349509,86.81701263015722,85.90865112718132,84.4426974998676,82.5390158686412,80.33265375499556,77.95865901687714,75.53053935434531,73.07564088592459,70.599770983571,68.10874039126665,65.60836583781321,63.10447460928894,60.60291247212935,58.109557240553414
51.116626317144394,53.184277046164425,55.193142161829314,57.162763321683315,59.11280333347386,61.0629910662784,63.0330924064088,65.04289452236749,67.11219712232898,69.24098714457111,71.34997385004039,73.34004770231823,75.11210103656856,76.60881033777598,77.9399834987519,79.25721201435718,80.71208792394839,82.39007029912261,84.11208521790385,85.6585129285122,86.91208413528534,87.77338637508676,88.1120838466274,87.82044569691492,86.91208413528534,85.44613038319284,83.54244851235465,81.33608595173533,78.9620903973427,76.53396928276494,74.0790682379062,71.60319375042485,69.1121549843921,66.61176585414162,64.1078486536646,61.60624034589722,59.11280333347386
52.11912272868625,54.187128377323006,56.19620902918379,58.16596380584596,60.11608804526563,62.066329539367246,64.03646546846991,66.04628990757652,68.11560688562398,70.24440603517527,72.35339829091325,74.34347540673886,76.11553062206579,77.61224101162028,78.94341487086393,80.26064389579193,81.71552021456657,83.39350291927892,85.11551806677724,86.6619459181911,87.91551720750226,88.77681949167696,89.11551697839428,88.82387881568526,87.91551720750226,86.44956335637275,84.54588129535452,82.33951837997182,79.9655221777015,77.53739991063287,75.08249682084997,72.60661869413784,70.1155734405734,67.6151727405871,65.11123492576345,62.60958997111382,60.11608804526563
53.12181227981728,55.19009971671976,57.19935147328334,59.16921231480228,61.11940341100174,63.069687577618424,65.03985096088593,67.04969311824607,69.11902150833282,71.24782790229102,73.3568245633014,75.34690426941435,77.11896097775562,78.61567223113292,79.94684664459254,81.2640760737705,82.71895271731441,84.39693568358146,86.11895101261267,87.66537897578402,88.91895033060563,89.78025264999944,90.11895014876248,89.82731197573813,88.91895033060563,87.45299640087039,85.54931418890615,83.34295099194746,80.96895427545603,78.54083109365399,76.08592638081119,73.61004536563192,71.11899496288538,68.61858507991539,66.11463090322572,63.612956861141015,61.11940341100174
54.224655179159626,56.29316632725623,58.30255391082859,60.27249894435032,62.22274310812891,64.17306114529482,66.14324631950142,68.153102540075,70.22243998799465,72.3512521318782,74.46025228936892,76.4503340513992,78.2223919447486,79.71910388374319,81.05027873708468,82.36750848711624,83.82238538842981,85.50036856229299,87.22238403540699,88.76881208728031,90.0223834940976,90.88368584144487,91.22238334976862,90.93074516855694,90.0223834940976,88.55642950197293,86.6527471702027,84.44638374975699,82.07238662512782,79.64426271730092,77.18935671623306,74.71347340847092,72.22241891880034,69.72200174724205,67.21803458397424,64.71633745468232,62.22274310812891
55.22761982459879,57.29630856748835,59.305803970334196,61.27581583230338,63.22610211793777,65.17644703902792,67.14664950906328,69.15651689175937,71.22586152894326,73.35467823656815,75.46368116922562,77.4537645630416,79.22582339693369,80.72253588010356,82.05371108257972,83.37094108727305,84.82581819317859,86.50380153181098,88.22581711928358,89.77224524155972,91.02581668964602,91.88711905917991,92.22581657509203,91.93417838738208,91.02581668964602,89.55986264800285,87.65618022114253,85.44981662331503,83.07581917474663,80.64769469067303,78.1927876671393,75.71690253974985,73.22584480627567,70.72542184972988,68.22144437890972,65.71972892497759,63.22610211793777
56.3306811211164,58.39951084320445,60.40909183064754,62.379156737673455,64.32947645676384,66.2798427161752,68.25005891413882,70.25993515630724,72.32928549965017,74.45810582953317,76.56711096484725,78.55719565381433,80.32925523421638,81.82596814929873,83.1571436288834,84.47437383570201,85.92925110399233,87.60723457340214,89.32925025164123,90.87567842979612,92.12924991063765,92.99055229778111,93.32924981971608,93.03761162684845,92.12924991063765,90.66329582969159,88.75961332735827,86.55324958874269,84.17925188306349,81.75112694162245,79.29621910655635,76.82033253492578,74.3292722268368,71.82884467872385,69.32485902673187,66.8231290283268,64.32947645676384
57.43381914296545,59.50276077425394,61.51240969551864,63.48251670650218,65.43286296257384,67.3832461585599,69.35347325252592,71.36335652651877,73.43271139886593,75.56153460374605,77.67054148731316,79.66062720424361,81.43268737715147,82.92940063504315,84.26057633456907,85.57780670181461,87.03268409898988,88.71066767219781,90.4326834224783,91.97911164498421,93.23268315182361,94.09398555294376,94.43268307965911,94.14104488269783,93.23268315182361,91.76672903968282,89.86304647744649,87.65668262708732,85.28268471733912,82.85455941288515,80.39965093370503,77.92376321577831,75.43270086421232,72.93226967175775,70.42827752632627,67.92653598384172,65.43286296257384
58.53701807014323,60.606048532603864,62.61575137630618,64.58589180652602,66.53625912553633,68.48665576430352,70.45689150651964,72.46678036171089,74.5361388287455,76.66496431551798,78.77397258667654,80.7640591195028,82.53611976268309,84.03283329266287,85.36400916675632,86.68123966133287,88.13611716080416,89.81410081639675,91.53611662385657,93.08254488156388,94.33611640903777,95.19741882125129,95.53611635176077,95.24447815155035,94.33611640903777,92.87016227213772,90.96647966235635,88.76011572330627,86.38611765158831,83.95799205901072,81.50308306859671,79.02719444085335,76.53613046737613,74.03569638239793,71.53169908309549,69.02994837799102,66.53625912553633
59.64026534320061,61.709366316541676,63.71911196060756,65.6892789165137,67.63966295351877,69.59007026196255,71.56031286835426,73.57020615336808,75.63956747351705,77.76839477143224,79.8774041439242,81.86749132432789,83.63955234076386,85.13626608670015,86.46744209934796,87.78467269498722,89.23955027565097,90.9175339966323,92.63954984947534,94.18597813512204,95.43954967897356,96.30085209999183,96.63954963351276,96.34791143072351,95.43954967897356,93.97359552242209,92.06991287490418,89.86354886546003,87.48955066518663,85.0614248439251,82.6065154477443,80.13062609787852,77.63956083708797,75.13912445630734,72.63512306635928,70.13336508882952,67.63966295351877
60.84355099173986,62.91270793308938,64.92248754914714,66.89267555902158,68.84307286531529,70.79348864237149,72.76373669689762,74.7736334978781,76.84299708255112,78.9718258179735,81.08083606459518,83.07092375898168,84.842985071671,86.33969898901213,87.67087511163066,88.98810578748345,90.44298343258967,92.12096720547007,93.84298309433387,95.38941140215606,96.6429829590065,97.50428538701314,97.84298292292425,97.55134471808816,96.6429829590065,95.17702878685765,93.27334610938826,91.0669820440723,88.69298374176435,86.26485773899623,83.80994802075806,81.33405809774301,78.84299181521018,76.34255361224692,73.8385489755415,71.336785225853,68.84307286531529
61.828863039427745,63.93167012060971,65.99262388403493,68.03057026757484,70.06337245219596,72.10678881465594,74.17352626247481,76.27281236467863,78.41090468296139,80.57881523419343,82.7134315222326,84.74073732807491,86.59020515701127,88.23096962974789,89.76332569448508,91.30891533253988,92.9713648949446,94.78876082010638,96.60035885321527,98.24025917049869,99.69263953357134,100.9179603758416,101.50932598016485,101.04312149850625,99.69263953357134,97.75892261852525,95.44940624967359,92.92812294751963,90.33620358601806,87.77701624469353,85.24852711343364,82.73329337843812,80.22066114699524,77.70285687197526,75.17341823336066,72.62745075858467,70.06337245219596
59.590030401702506,61.6590726985702,63.66878272587908,65.63892760819567,67.58929773318195,69.53969616277007,71.50993305708576,73.5198226557898,75.58918160169875,77.71800739245842,79.82701584846785,81.81710248998534,83.58916319581394,85.08587676204047,86.41705265938927,87.73428317092849,89.18916068402737,90.86714435059498,92.58916016567207,94.1355884280688,95.38915995829156,96.25046237198288,96.58915990299784,96.29752170235457,95.38915995829156,93.92320581809317,92.01952320197799,89.81315925111275,87.4391611578177,85.01103552685711,82.55612646833805,80.08023771939162,77.58917352984811,75.08873905953615,72.58474107364893,70.08298914792272,67.58929773318195
58.18367511648421,60.25252362087298,62.262116010197644,64.23218798394507,66.18251215702746,68.13288125910134,70.10309928587279,72.11297670827935,74.18232781178196,76.31114862421222,78.42015405295788,80.41023891446123,82.18229859431113,83.67901156693158,85.01018708343182,86.32741731717692,87.78229460709967,89.46027809393127,91.18229378426199,92.72872196986089,93.98229345506596,94.84359584455532,95.18229336729264,94.89065517373791,93.98229345506596,92.51633936888409,90.61265685649647,88.40629309912552,86.03229535919479,83.60417035682462,81.14926241364861,78.6733756496205,76.18231499854869,73.68188683875971,71.17790009689257,68.67616816090364,66.18251215702746
57.253770206194076,59.33735498110991,61.36908430081817,63.36850925777084,65.35478552492546,67.34614128748134,69.35937702445966,71.40956792258388,73.51022140940191,75.65696343196714,77.77775749997693,79.78503816473662,81.59310997275243,83.15775180699194,84.58578987187082,86.01578950740011,87.57577511561263,89.32574441721783,91.0946056187643,92.69040452272836,94.0506491913545,95.11311705486125,95.5958625306283,95.2043179106574,94.0506491913545,92.33731960385477,90.22920132685469,87.8707291442729,85.39480713788821,82.90669147122719,80.41853223867716,77.92498915444357,75.4242823391801,72.91609815233782,70.4007785957542,67.87943687343277,65.35478552492546
56.37204145893169,58.44009439825824,60.44920376675317,62.418976344834704,64.36911180536312,66.31936046160979,68.28950099864413,70.29932841161116,72.36864730507918,74.49744767054904,76.60644066567929,78.59651821626572,80.36857368218429,81.86528421672521,83.19645816899003,84.5136872617685,85.96856363505331,87.64654638366576,89.36856156163307,90.91498943180466,92.16856073211127,93.02986302219725,93.36856051093636,93.07692234649596,92.16856073211127,90.70260686778836,88.7989247814349,86.5925618187917,84.21856553021303,81.790443109613,79.33553974741116,76.8596611358909,74.36861501807444,71.86821277679459,69.36427221576365,66.86262237904374,64.36911180536312
41.94385424637616,43.99930102360531,46.000737642684356,47.965747099777104,49.912877454786006,51.861206945792645,53.830112296673605,55.83914236107627,57.907947616621,60.03642189075113,62.14521657990477,64.1351775228647,65.90716577593051,67.40383742222343,68.73498642417417,70.0521973178846,71.50705907021393,73.18503004372502,74.90703704912502,76.45345988799441,77.70702823902869,78.568328943554,78.9070258899952,78.61538818995128,77.70702823902869,76.24107791352571,74.33740262273433,72.13105233655963,69.75707919796997,67.32899795792157,64.87416766357616,62.398419083670504,59.90760475943628,57.40761586463317,54.904411688586436,52.40407065325731,49.912877454786006
42.93971390828794,44.99801786106421,47.00119664376008,48.96728880563578,50.91510272318298,52.86386895229961,54.83305546928011,56.84226706737846,58.91118927736986,61.039737807465286,63.148577656016016,65.13856515429035,66.91056871413892,68.40724921676744,69.73840390088745,71.05561893925844,72.51048402137772,74.18845767656762,75.91046654320334,77.45689052791222,78.71045955062056,79.57176061624523,79.91045768619071,79.61881988038397,78.71045955062056,77.24450841917863,75.34083158075188,73.13447840761694,70.7604999968267,68.33240937833382,65.8775624437093,63.401784251284596,60.910917141648326,58.410834122546134,55.907462279326154,53.4068232977711,50.91510272318298
43.937126595846536,45.99770405664113,48.00226779418058,49.969220163560415,51.91757697250108,53.86668998261767,55.836099719424055,57.845455424681575,59.914470471069436,62.043077941925276,64.15195363491702,66.14196221067165,67.91397791971261,69.41066545169465,70.74182464579025,72.0590429737992,73.51391069878548,75.19188648243141,76.91389682633383,78.46032172049735,79.71389127631424,80.57519262854387,80.91388979651481,80.62225190676403,79.71389127631424,78.24793950519751,76.34426143840992,74.13790597388763,71.76392337853193,69.33582531630984,66.88096517412218,64.4051634777077,61.91425447063408,59.41409673984231,56.9105918026691,54.40971628909824,51.91757697250108
44.93577538813733,46.998160978691,49.00382534371872,50.971461005378615,52.920248926574374,54.86963726628895,56.839224209430654,58.84869430759335,60.91778304432049,63.04643729885882,65.15534144248662,67.14536674777185,68.91739209975339,70.41408521098454,71.74524798467202,73.06246892368011,74.51733874631825,76.19531621932474,77.91732773573634,79.46375335173525,80.71732333068098,81.5786249103893,81.9173221561631,81.6256841997859,80.71732333068098,79.25137105185368,77.34769201011424,75.14133472691316,72.76734881025492,70.33924483990768,67.88437421476638,65.40855386289661,62.91761160077425,60.41739456800926,57.91378398374357,55.41272070185747,52.920248926574374
45.93540747011416,47.99923047695799,50.005769286568906,51.97394762145899,53.92307785478059,55.87268478004508,57.84241239503794,59.851973296346344,61.92112052494154,64.04981191320638,66.1587386386761,68.14877722240226,69.92081022806659,71.41750776758056,72.74867338240583,74.06589639377273,75.52076788132257,77.19874669517792,78.92075914221178,80.4671853311323,81.72075564591589,82.5820574061742,82.92075471370023,82.62911670444154,81.72075564591589,80.25480296411811,78.35112314855822,76.14476442186863,73.770775869084,71.34266720943376,68.88778826390121,66.41195310498127,63.920984447659905,61.420720344830016,58.91702590188933,56.4158135675692,53.92307785478059
46.93582137514568,49.000786713900325,51.008020123222224,52.97662939490209,54.926031408585146,56.8758118607969,58.84565114166085,60.855284119419395,62.92447777543953,65.05319863770323,67.16214328674376,69.15219240970379,70.92423149014789,72.42093254441113,73.75210041425763,75.06932507046153,76.52419787945539,78.20217775754469,79.9241909432147,81.47061758686371,82.72418816820206,83.58549007176308,83.92418742830188,83.63254937707114,82.72418816820206,81.25823516656627,79.35455473682421,77.14819486443568,74.7742042193519,72.34609183778613,69.89120628831347,67.41535937690054,64.9243697692868,62.42406830562537,59.92030729990111,57.418976649591215,54.926031408585146
47.936856688470115,50.00272961413471,52.01051467610054,53.979466119182746,55.92908389994204,57.87900210294123,59.84893002223262,61.85862021085346,63.927850717856245,66.05659497424095,68.16555384945016,70.15561133748655,71.92765523951657,73.42435908344999,74.75552874311353,76.07275470482836,77.52762856265477,79.20560928542811,80.92762305735445,82.4740500619219,83.72762085482499,84.58892287212548,84.92762026756577,84.63598218302178,83.72762085482499,82.26166759933352,80.35798668211444,78.1516259003832,75.77763359463776,73.34951825897741,70.89462746792805,68.41877122847364,65.92776499234415,63.42743387455444,60.92362003532507,58.42219546936457,55.92908389994204
49.03838576610573,51.10497962275387,53.11320275143778,55.08242586227061,57.03221493204373,58.98224248200326,60.95224075943668,62.96197635870902,65.03123611530808,67.15999893999224,69.26896910665832,71.25903323411112,73.03108096305539,74.52778702115899,75.85895810140471,77.17618509930608,78.63105978959251,80.30904118279264,82.03105542003124,83.57748271105996,84.83105367188216,85.69235577945773,86.03105320577414,85.7394150947894,84.83105367188216,83.36510021490523,81.46141891077522,79.2550574072976,76.88106378348249,74.4529461031504,71.99805115184249,69.52218750866534,67.03116807431178,64.5308134195104,62.02695764466927,59.525458532649225,57.03221493204373
50.04030709314185,52.10747351809982,54.11604447908155,56.08548326703219,58.035408310770705,59.9855226583465,61.95557678271305,63.965348425930216,66.03463139854892,68.16340896113732,70.27238808992641,72.26245748711958,74.03450825349962,75.53121606899597,76.8623882767607,78.17961609708505,79.63449144809614,81.31247337341472,83.03448797997208,84.58091549836533,85.83448659246505,86.69578877169204,87.03448622251484,86.74284809054406,85.83448659246505,84.36853297556897,82.46485136434742,80.25848928801904,77.88449461805021,75.45637507674766,73.00147682343007,70.52560730388188,68.03457739398867,65.53420405752462,63.03031499733889,60.52875671482238,58.035408310770705
51.042539968481044,53.11016107135083,55.11900819431591,57.08861819951527,59.03865117958834,60.988834424070404,62.958932876469646,64.96873312872142,67.03803452828498,69.16682378850388,71.27581003059,73.2658836103991,75.03793678760101,76.53464599794387,77.86581910062239,79.18304757370504,80.63792344913406,82.31590579679559,84.03792069648156,85.58434839533422,86.8379195952164,87.69922183131312,88.0379193015867,87.74628115295926,86.8379195952164,85.37196585139239,83.46828399643206,81.26192146543144,78.88792596512923,76.45980494677136,74.00490407264041,71.52902988899308,69.03799166459413,66.53760350028043,64.03368802085187,61.53208277263374,59.03865117958834
52.04502025843719,54.11300238448686,56.1220687523864,58.09181467436102,60.0419333322084,61.992171263724686,63.962304900751064,65.97212786059879,68.04144388587615,70.17024243060388,72.2792343185524,74.2693112181187,76.04136630879597,77.5380766262311,78.86925043920402,80.18647943038172,81.64135572204182,83.31933840491732,85.0413535372597,86.58778137934311,87.84135266318488,88.70265494441918,89.04135243013084,88.74971426828299,87.84135266318488,86.37539881861805,84.47171677020211,82.2653538783278,79.8913577189891,77.46323552829033,75.00833257401439,72.53245468845623,70.0414098647891,67.54100993147469,65.03707348267143,62.53543095646138,60.0419333322084
53.0476970088618,55.11596577064577,57.12520618803943,59.09506000081174,61.04524666660282,62.99552800546677,64.96568956946012,66.97553055271042,69.0448581865745,71.17366410048052,73.28266046957498,75.27274000404235,77.04479661344897,78.541507809585,79.87268218631951,81.18991158870983,82.64478821073291,84.32277115966801,86.04478647666994,87.5912144324357,88.84478578291623,89.70608809997628,90.04478559794111,89.7531474256003,88.84478578291623,87.37883185838982,85.47514965642802,83.26878647812796,80.89478979571139,78.46666667452419,76.0117620692335,73.53588124545871,71.04483118392338,68.54442190946591,66.040468817002,63.53879670241754,61.04524666660282
54.15052974512814,56.219026067478225,58.228404649896305,60.19834410420894,62.14858475137382,64.09890054407094,66.0690842742859,68.07893956295452,70.1482764106544,72.27708817351822,74.38608809931435,76.37616972510912,78.1482275399339,79.64493943349606,80.97611425768876,82.29334398645895,83.74822087069141,85.42620403079823,87.14821949436457,88.69464754036008,89.94821894373189,90.80952128922678,91.14821879691702,90.85658061624784,89.94821894373189,88.48226495574146,86.57858263191017,84.37221922627384,81.99822212868992,79.57009826897304,77.11519235326945,74.63930919742545,72.1482549785753,69.6478382899966,67.14387198728863,64.64217638788391,62.14858475137382
55.15348632214426,57.222163295754555,59.23165155359246,61.20165898703223,63.15194248140482,65.10228562100853,67.07248694492635,69.08235358796054,71.15169774874629,73.28051415395427,75.3895169027151,77.37960018840073,79.15165895996773,80.64837140707782,81.97954658641856,83.29677657423673,84.75165366658499,86.42963699429893,88.15165257419355,89.69808069180446,90.95165213715606,91.81295450521978,92.15165202062904,91.86001383334968,90.95165213715606,89.48569809879423,87.58201567823508,85.37565209216176,83.00165466505919,80.57353021917064,78.11862326339059,75.64273825657884,73.15168073805555,70.65125816485278,68.14728137706523,65.64556713742381,63.15194248140482
56.2565412134998,58.325361592996316,60.33493690894694,62.304998300852546,64.25531580443909,66.205680649852,68.17589593812852,70.1857715932216,72.25512155844493,74.38394164829862,76.49294663765349,78.48303124079737,80.25509077173194,81.7518036581936,83.08297911941565,84.40020931284042,85.85508657037032,87.53307003111416,89.25508570333861,90.80151387779071,92.05508535646172,92.91638774243827,93.25508526397415,92.96344707144829,92.05508535646172,90.58913127812005,88.68544878078795,86.4790850515017,84.10508736285992,81.67696245172634,79.22205467043646,76.7461681945086,74.2551080570266,71.75468081317436,69.25069570330939,66.74896666869913,64.25531580443909
57.35967415078041,59.428608366024676,61.438252785510414,63.40835700641878,65.35870150399478,67.30908357766954,69.27930994960823,71.28919275763573,73.35854732986783,75.48737034423604,77.59637711195506,79.58646276076749,81.35852289441294,82.85523612958838,84.18641181453987,85.50364217115474,86.95851955978941,88.63650312611921,90.35851887162586,91.90494709119285,93.1585185963095,94.01982099650351,94.35851852290206,94.06688032621203,93.1585185963095,91.69256448623584,89.78888192796899,87.5825180850145,85.20852018878892,82.78039490839001,80.3254864718921,77.84959882992473,75.35853661376984,72.85810566280789,70.35411394766521,67.8523731701524,65.35870150399478
58.46286904183705,60.53189361766009,62.541592888101235,64.51173110375987,66.46209702702033,68.41249277499588,70.38272794413334,72.39261642948554,74.4619746583178,76.59079999388055,78.6998081730903,80.68989465185123,82.46195526386892,83.95866877581878,85.2898446383445,86.60707512448343,88.06195261717612,89.73993626730947,91.4619520709803,93.008380326355,94.26195185246155,95.12325426393994,95.46195179419803,95.1703135942029,94.26195185246155,92.79599771720217,90.89231511057137,88.68595117739838,86.31195311641336,83.88382754292827,81.42891858639118,78.95303001893683,76.46196615293562,73.9615322596307,71.45753530185017,68.95578520390882,66.46209702702033
59.566113111110155,61.63520941189661,63.644952219739224,65.61511741789843,67.56550034707662,69.51590694849067,71.48614910002632,73.49604209149734,75.56540322258445,77.6942304004842,79.80323969999625,81.79332683748822,83.56538782919043,85.06210156081633,86.39327756428285,87.71050815322518,89.16538572850871,90.84336944515704,92.5653852949928,94.11181357878809,95.36538512155434,96.22668754198915,96.56538507531056,96.27374687269217,95.36538512155434,93.89943096630505,91.99574832128776,89.78938431650829,87.4153861247536,84.98726031864581,82.53235094935317,80.05646164733884,77.56539647185213,75.06496024320298,72.56095912432195,70.05920162870075,67.56550034707662
60.76939621660706,62.838549449141354,64.84832681400907,66.81851342872827,68.76890985572697,70.71932507160825,72.68957276511286,74.6994693331074,76.76883276772162,78.89766140788753,81.00667159658498,82.99675925691244,84.76882054997051,86.2655344559535,87.59671057128483,88.91394124182224,90.36881888265819,92.04680265209952,93.76881853857638,95.3152468449291,96.56881840091819,97.43012082846175,97.76881836421447,97.477180159514,96.56881840091819,95.10286422980289,93.19918155431824,90.99281749270463,88.61881919715799,86.19069320641741,83.73578350952037,81.25989362448506,78.768827409658,76.26838932744177,73.76438490588298,71.26262153868738,68.76890985572697
61.70096976036294,63.80439901152205,65.86629325546922,67.90546937168763,69.93974189227096,71.98478435445921,74.05317210603738,76.15395426369544,78.29317578485475,80.46172038230912,82.59674896333507,84.62464969278422,86.47533843164497,88.11831699345376,89.65364311082124,91.20243919036153,92.86765868980227,94.68684111134539,96.49955682337497,98.14059873677905,99.59532607170317,100.82467246099671,101.41863834730502,100.9506537331562,99.59532607170317,97.65590902018457,95.3409175225454,92.81501333883278,90.21969132208554,87.65837246516494,85.12865771980262,82.61275994578368,80.09976116994625,77.58166045106054,75.05178550404511,72.50505353489253,69.93974189227096
59.45365384504211,61.522685614456634,63.53238925149492,65.50253017339156,67.45289780228603,69.4032946388266,71.37353050827747,73.38341944558027,75.4527779655005,77.58160348584452,79.69061177741752,81.68069832224734,83.45275897234637,84.94947250632913,86.28064838299083,87.59787887944071,89.05275638041701,90.73074003722166,92.45275584552272,93.9991841037479,95.25275563152536,96.11405804390205,96.45275557446739,96.16111737420917,95.25275563152536,93.78680149426106,91.88311888378021,89.67675494342528,87.30275686932441,84.87463127250788,82.41972227457254,79.94383363344383,77.45276963610482,74.9523355085714,72.44833813344435,69.94658729353772,67.45289780228603
58.047314871031475,60.116146667370145,62.12572891400046,64.09579460145387,66.04611481243037,67.99648138577746,69.96669778570961,71.97657415822036,74.04592458551326,76.17474496868752,78.28375013640738,80.27383484442892,82.04589443581372,83.54260735725046,84.87378284091196,86.19101305070424,87.6458903213836,89.32387379271744,91.04588947229189,92.59231765126887,93.84588913259233,94.70719151999486,95.04588904201844,94.75425084907492,93.84588913259233,92.37993505106803,90.47625254762434,88.26988880693744,85.89589109747561,83.4677661493057,81.01285830230023,78.5369717094218,76.04591136345474,73.54548374778989,71.04149797543502,68.53976776304846,66.04611481243037
57.120977788561476,59.20484394579975,61.237003420330296,63.23699974898338,65.22397280455436,67.21611701089162,69.23017277282996,71.28112495866289,73.38236470565198,75.52944041748137,77.65045323698726,79.65805203900925,81.46678609532268,83.03266206014368,84.4624263024327,85.89438685794889,87.45615412085145,89.20731857630858,90.9769467898926,92.57354500538352,93.93548551393638,95.0010385561512,95.4859057814747,95.09289719835951,93.93548551393638,92.2181575420048,90.10655564777767,87.74538109712351,85.26759363918762,82.77835899814136,80.28957276974683,77.79569483106744,75.29480461475039,72.7864728414327,70.27093725921202,67.74922040753668,65.22397280455436
56.23574816666847,58.30375903785587,60.31284286106482,62.282599603652656,64.23272508229552,66.18296736736285,68.15310380535226,70.16292857288374,72.232245762465,74.36104504629904,76.47003738369352,78.46011454753298,80.23216979053457,81.72888019610097,83.06005406561763,84.37728309803886,85.83215942283344,87.51014213239402,89.23215728325727,90.77858513674269,92.03215642726815,92.89345871209568,93.23215619903628,92.94051803613606,92.03215642726815,90.5662025746816,88.6625205108654,86.45615759026339,84.0821613784614,81.65403909443718,79.199135974569,76.723257794316,74.23221244530586,71.73181157510326,69.22787345699605,66.72622796318443,64.23272508229552
41.73264887190801,43.787400518622235,45.788413002523455,47.75315876513345,49.700122595286885,51.648345674058845,53.61718251113743,55.62616833696434,57.69494509025631,59.82340126742392,61.93218495056762,63.92213942154001,65.69412394405684,67.19079343188783,68.52194104898007,69.83915093255227,71.29401187334304,72.9719821932731,74.69398874505086,76.24041130465497,77.49397949198806,78.35528010850578,78.69397702484639,78.40233935057908,77.49397949198806,76.02802936290944,74.12435444930946,71.9180048667474,69.54403301310191,67.11595405876929,64.66112781997992,62.18538645716684,59.69458499751326,57.19461904170686,54.691455726230714,52.191187295699194,49.700122595286885
42.72813076424606,44.785881388926455,46.78872292369065,48.75460555060107,50.70228720054655,52.650968930746984,54.62010105209211,56.629277531388865,58.69817711645571,60.826711281934564,62.93554239461838,64.92552475592977,66.6975253547865,68.19420414422166,69.52535772916906,70.8425719657876,72.29743640378524,73.9754095402258,75.6974180468205,77.24384180987605,78.49741070265452,79.35871169842747,79.69740874448206,79.40577095913426,78.49741070265452,77.0314597271149,75.12778318806565,72.92143057338998,70.54745318246535,68.11936437816104,65.66452066247939,63.188748198409144,60.69789129985304,58.19782648888864,55.69448708130153,53.19390574067914,50.70228720054655
43.72524265237982,45.78537992275167,47.789675600176494,49.7564615097906,51.70471327686509,53.6537591952673,55.62312574802334,57.632453575297646,59.701450662587746,61.83004673157967,63.93891549066288,65.92891998911725,67.70093334798392,69.1976195201903,70.52877784186589,71.84599553352018,73.30086274726486,74.9788381191781,76.70084817731527,78.2472728955522,79.5008423482436,80.36214364503186,80.70084079404054,80.40920292052809,79.5008423482436,78.03489070086673,76.13121287169551,73.92485785042365,71.55087606453878,69.1227794422484,66.66792185496632,64.19212470524067,61.701223802993866,59.20108052492046,56.69760133480969,54.19677157999395,51.70471327686509
44.72365209039313,46.78568766101425,48.7911390227825,50.758642469520645,52.707346980473176,54.656682053777274,56.626234715284056,58.635682684048135,60.70475716556945,62.83340237002648,64.94230101005218,66.93232307912528,68.70434656575117,70.20103859771933,71.53220067896274,72.84942111289376,74.30429052975795,75.98226767597131,77.70427896557054,79.25070444193628,80.50427433903124,81.36557587473564,81.70427310545912,81.41263516197027,80.50427433903124,79.03832215841635,77.13464330527341,74.92828637388101,72.55430109970209,70.12619827223526,67.67132967494209,65.19551293183888,62.7045771027027,60.20437154164105,57.7007813946492,55.19975443725576,52.707346980473176
45.723093811393696,47.78663860268965,49.79300819767269,51.76108153315141,53.71014553947626,55.65971017728005,57.62941057886866,59.63895391440553,61.708089827968195,63.83677403291671,65.94569639007679,67.93573240518391,69.70776393030118,71.20446061319831,72.53562567842793,73.85284828891363,75.30771945439969,76.9856980088787,78.70771027589129,80.2541363539848,81.50770660380331,82.36900832913574,82.70770562471628,82.41606762568709,81.50770660380331,80.04175399995688,78.13807433408624,75.93171588662776,73.5577278437805,71.12962009123873,68.67474275522179,66.19891046061781,63.70794690927492,61.20769191190311,58.7040136911821,56.202830191250584,53.71014553947626
46.72335638339047,48.78810064696345,50.79519965351936,52.76372554905788,54.7130749830591,56.66282186546337,58.632639544480554,60.6422585792335,62.711443254085424,64.8401584147821,66.94909959663136,68.9391466808546,70.71118458617934,72.207884960542,73.53905239417267,74.85627673219611,76.3111492855673,77.98912895778923,79.7111420005761,81.25756855626162,82.51113908603713,83.37244096187743,83.71113830893509,83.41950026582352,82.51113908603713,81.04518614627139,79.14150583533782,76.93514618457542,74.56115594422994,72.13304428263896,69.67816001064693,67.20231537266582,64.71132981774167,62.211035581314604,59.70728745189581,57.205979689735955,54.7130749830591
47.724271429921636,49.78996872697975,51.79764705221601,53.76653229562389,55.71610833423263,57.66599988893378,59.63591066121916,61.64558978261171,63.71481316099137,65.84355289193533,67.95250901519421,69.94256488506991,71.71460785440183,73.21131115869574,74.54248047213358,75.85970618130787,77.31457983624614,78.99256039562223,80.7145740541421,82.26100098889283,83.51457174087047,84.37587373616898,84.7145711240841,84.42293304598428,83.51457174087047,82.04861853448531,80.14493771156465,77.93857710573832,75.56458512123439,73.13647035701982,70.68158057991207,68.20572614489603,65.71472312543361,63.21439774404692,60.710594125202306,58.20918772701549,55.71610833423263
48.825704954757825,50.89215931326258,52.90029768637466,54.869468239372736,56.81922417231095,58.769230569029716,60.739215235861806,62.748942050655046,64.81819614909509,66.94695538186905,69.05592336428626,71.04598620739515,72.81803319605311,74.31473882584322,75.64590963128882,76.9631364287483,78.41801095800213,80.09599222151367,81.81800636874144,83.36443360435655,84.6180045326962,85.47930662280879,85.81800404315248,85.52636593728249,84.6180045326962,83.15205111469498,81.24836988540972,79.04200852154804,76.66801515270274,74.23989792592843,71.78500377938937,69.3091415684049,66.81812468715017,64.31777458542518,61.81392692279505,59.312442231451826,56.81922417231095
49.82755038030783,51.8946060214317,53.90310968755655,55.872506750798365,57.82240548998999,59.772503046669584,61.74254636765609,63.752311038366614,65.8215895199963,67.9503642316424,70.05934162677659,72.04941000457973,73.82146018339202,75.31816765893493,76.64933964859024,77.96656730982357,79.42144253302286,81.09942435540748,82.82143889052318,84.36786636493463,85.62143743325291,86.4827395986195,86.82143704470177,86.52979891679054,85.62143743325291,84.15548384729186,82.25180229547465,80.04544032995955,77.6714458623606,75.24332668104768,72.78842906647733,70.31256068366693,67.82153280018755,65.32116307755952,62.81728045622026,60.31573361997286,57.82240548998999
50.82972297401522,52.897256107294965,54.90604980297175,56.87562668524379,58.825638784974956,60.775808701532355,62.745898578880826,64.75569329688602,66.82499113188292,68.9537781292814,71.06276299535503,73.05283576607016,74.82488847691796,76.32159741743905,77.65277034700378,78.96999869381568,80.42487446780032,82.10285673376308,83.82487157674574,85.37129924068999,86.6248704201094,87.48617264520519,87.82487011171617,87.53323196631084,86.6248704201094,85.15891670083857,83.2552348930275,81.04887244997953,78.6748771102985,76.24675637766494,73.79185601050919,71.31598272909478,68.82494611307288,66.32456081709853,63.8206504482994,61.31905428535043,58.825638784974956
51.832155394082086,53.90006767315377,55.90909162612856,57.878811254635124,59.828913338226215,61.77914069074329,63.74926752149389,65.75908608870364,67.82839928474081,69.9571960334504,72.06618682925097,74.05626308663673,75.82831780716762,77.32502791044476,78.65620158601703,79.9734304769735,81.42830668811709,83.10628930614823,84.82830439348513,86.37473220786171,87.62830347546216,88.489605747965,88.82830323069028,88.53666507139984,87.62830347546216,86.16234965038323,84.25866763938969,82.05230481732346,79.67830878546994,77.25018682155093,74.79528426966219,72.31940710020905,69.82836355311875,67.32796589642939,64.82403350400695,62.32239818900618,59.828913338226215
52.83479413481518,54.90300744296408,56.912214189523624,58.882047130772804,60.83222064061158,62.78249358252869,64.7526497442177,66.76248724096368,68.83181262923199,70.96061711762721,73.06961261987938,75.05969164464629,76.83174796026705,78.32845898642555,79.65963325410499,80.97686257694963,82.43173913506666,84.10972203253473,85.83173731381581,87.37816524759066,88.63173658518048,89.4930388953103,89.83173639090487,89.54009822059382,88.63173658518048,87.16578267612157,85.26210050386192,83.05573738096861,80.68174079973714,78.25361785854531,75.79871357262999,73.32283331722955,70.83178426891841,68.33137680143365,65.82742692856641,63.32576053766516,60.83222064061158
53.93759669310354,56.00604899175825,58.015400845782665,59.98532373285448,61.935553937530585,63.885863065321146,65.8560425076237,67.8658950290109,69.9352300943637,72.0640407257923,74.17303996357283,76.16312118481719,77.93517876646365,79.43189052511443,80.76306526275003,82.0802949283847,83.5351717618949,85.21315488115229,86.93517031636696,88.48159834490826,89.73516973804865,90.59647207804309,90.93516958385203,90.64353140479392,89.73516973804865,88.26921576233482,86.36553346207819,84.15917010041821,81.785173083145,79.35704936629064,76.90214370407574,74.42626099935165,71.93520758470088,69.43479233032633,66.93082858304236,64.42913752661785,61.935553937530585
54.94052931175092,57.00917133735628,59.01863837843777,60.98863266150356,62.93890786728771,64.88924571679696,66.85944363733306,68.86930808394865,70.93865083007412,73.06746633725729,75.17646853993826,77.16655150453144,78.93861009102449,80.43532243105525,81.76649754169554,83.083727479403,84.53860453149292,86.21658782678469,87.93860338417656,89.48503148793405,90.73860292516501,91.59990528886297,91.93860280277904,91.64696461677838,90.73860292516501,89.27264889654711,87.36896649469918,85.16260294352992,82.78860558017001,80.36048124767152,77.9055744930858,75.42968984432872,72.93863296410069,70.43821152923216,67.93423676970384,65.43252613588483,62.93890786728771
56.043565183497705,58.112357820727496,60.121916295404986,62.09196724925566,64.04227817394606,65.99263882051079,67.96285140748152,69.9727253192597,72.04207416165984,74.17089353874817,76.27989809467823,78.26998244297052,80.04204182701164,81.53875462848434,82.8699300351788,84.18716018883063,85.64203741440751,87.32002084941783,89.04203650378182,90.58846466723847,91.84203613946411,92.70333852197555,93.04203604232629,92.75039785081533,91.84203613946411,90.37608206885622,88.47239958637519,86.2660358847923,83.89203824674314,81.46391342560739,79.00900580400561,76.53311961226632,74.04205998140073,71.54163364104852,69.03765014102524,66.53592396839376,64.04227817394606
57.14668302248586,59.21559521614748,61.22522626774668,63.19532220358978,65.1456614793418,67.09604022032718,69.0662644482129,71.07614587256016,73.14549955360276,75.27432200224712,77.383328425956,79.37341387249236,81.14547388954836,82.64218705726796,83.97336269894086,85.29059302398794,86.74547038726146,88.42345393316651,90.14546966449734,91.69189787533722,92.94546937533816,93.8067717727819,94.14546929823985,93.85383110235534,92.94546937533816,91.4795152714028,89.57583272492327,87.369468903957,84.99547104788678,82.56734583891921,80.11243752916593,77.63655011275938,75.1454882987069,72.64505806485565,70.14106762745227,67.639329121516,65.1456614793418
58.24986592849564,60.31887302418228,62.32856168392054,64.2986933234819,66.249055102083,68.19944820486259,70.16968167224825,72.17956905936623,74.2489265808583,76.37775146740472,78.48675937357305,80.4768456917872,82.24890621126772,83.74561966967784,85.07679549785331,86.39402595893691,87.84890343150037,89.52688706542264,91.2489028578421,92.79533110629006,94.0489026283363,94.91020503763183,95.24890256714332,94.95726436778754,94.0489026283363,92.5829484979489,90.67926590067371,88.47290198495276,86.09890395583906,83.6707784390491,81.21586958310931,78.73998119468285,76.24891764783098,73.74848432369862,71.24448838006492,68.7427400850892,66.249055102083
59.35310048427037,61.422182910058694,63.43191729580013,65.40207727435839,67.35245691385848,69.30286141575473,71.27310221659909,73.28299433639697,75.35235490606617,77.48118172758076,79.59019081037948,81.58027782044529,83.35233873870064,84.84905242783202,86.18022840403472,87.4974589730906,88.9523365323976,90.63032023617916,92.35233607708469,93.89876435538226,95.15233589492583,96.01363831362809,96.35233584635691,96.06069764424598,95.15233589492583,93.68638174354342,91.78269910595168,89.57633511502391,87.20233694856552,84.77421118745666,82.31930189800818,79.84341273808846,77.35234781591103,74.85191203901533,72.34791172506601,69.8461556604685,67.35245691385848
60.556376038293564,62.62551825760157,64.63528893760328,66.60547140942856,68.55586522537035,70.50627877484793,72.47652539630184,74.4864212724464,76.5557842614619,78.6846126187643,80.79362263545607,82.78371019464531,84.55577142940857,86.05248530166361,87.38366139535563,88.70089205010915,90.1557696782645,91.83375343749346,93.5557693168824,95.10219761887159,96.3557691723028,97.21707159847125,97.55576913375364,97.26413092945594,96.3557691723028,94.88981500425666,92.98613233466567,90.77976828404618,88.40577000857722,85.97764405355234,83.52273442002767,81.04684464777296,78.55577863399785,76.05534091033905,73.55133712765675,71.04957489627104,68.55586522537035
61.342108349842604,63.447367771742165,65.51202656595454,67.55481393665427,69.59339899351762,71.64320417265012,73.71641837859022,75.82156966570727,77.96408504425499,80.13447766944539,82.27070737694744,84.30034050153667,86.15458157889138,87.80399227063131,89.34792659325811,90.9059903129145,92.57919443370766,94.40351613885295,96.21944295796767,97.86376139170456,99.32521436788447,100.56606400769164,101.16743854777243,100.69438387166599,99.32521436788447,97.36943818588321,95.03865474283144,92.49936211807005,89.89414572306643,87.326613295635,84.79332035586681,82.27548225809014,79.7614119399864,77.24244434852818,74.71129310916736,72.16232362162987,69.59339899351762
59.06973517496671,61.138735469561624,63.14842000091747,65.11854908186237,67.06890924786387,69.01930132145233,70.98953412672105,72.9994210865383,75.06877833281854,77.19760304466166,79.30661084459507,81.29669710034369,83.06875758381983,84.56547102139868,85.89664683620916,87.21387728754421,88.66875475227585,90.34673837989067,92.06875416793241,93.61518241368537,94.86875393415181,95.73005634259802,96.06875387181903,95.777115672712,94.86875393415181,93.40279980565998,91.49911721202487,89.29275330309416,86.91875528638099,84.49062979164995,82.03572097485058,79.55983265608029,77.06876923340306,74.56833613072432,72.06434058167474,69.56259298819631,67.06890924786387
57.6634449673558,59.73222681082677,61.741778732977835,63.711825625619554,65.66213399060464,67.61249300348612,69.58270453943459,71.59257777292447,73.66192617845681,75.79074527822249,77.89974966551561,79.88983391465024,81.66189324153804,83.15860600994324,84.48978139542209,85.80701153359908,87.26188874674365,88.93987217174156,90.6618878191564,92.20831597833492,93.4618874480528,94.32318982921608,94.66188734910571,94.3702491579896,93.4618874480528,91.99593338045396,90.09225090375124,87.88588721294718,85.51188959458258,83.08376480846319,80.62885724899289,78.15297116782565,75.66191173407438,73.16148574525587,70.65750287158937,68.15577781249503,65.66213399060464
56.74766889962706,58.83236659276267,60.86579684121949,62.86748036087289,64.85650976087842,66.85097923153216,68.86745162895281,70.92064573886289,73.02361091341027,75.17166829909186,77.293324497991,79.30185875924955,81.1125392423042,82.68203934716618,84.11686587849394,85.5545675570016,87.12154228011369,88.87619526678242,90.6480603290487,92.24698794347813,93.61386501387011,94.68837966617454,95.179395601528,94.78214578876005,93.61386501387011,91.88488572424602,89.76309822339856,87.39400019652254,84.91073181344237,82.41820503514931,79.92757265809709,77.4327083313792,74.93127773936908,72.42251104958109,69.90633876516222,67.38351598054948,64.85650976087842
55.8520784284985,57.91996353280069,59.92897098346528,61.898680381899865,63.84877601685524,65.79899925332586,67.769123435903,69.77894029403002,71.84825238926831,73.97704843918383,76.08603881005169,78.0761148175779,79.84816939409228,81.34487941404481,82.67605303615723,83.99328188811961,85.44815806793582,87.12614066073729,88.84815573056346,90.39458353415989,91.6481547954412,92.50945706454675,92.8481545461101,92.55651638781471,91.6481547954412,90.18220097794458,88.27851898151135,86.07215618660604,83.69816020435448,81.27003832867095,78.81513593334302,76.33925904251197,73.84821599211192,71.3478192212109,68.84388840704182,66.34225589776746,63.84877601685524
41.69821997081628,43.75285505333001,45.753796404664854,47.718497938451435,49.66543383618722,51.613639065010936,53.58246440908222,55.591442813893764,57.660214785889764,59.78866792724551,61.89744976409564,63.88740314936874,65.65938704607163,67.15605617181205,68.48720355658867,69.80441327070602,71.25927407535782,72.93724428564693,74.65925076132764,76.20567327408384,77.45924143395536,78.32054203570942,78.65923894700055,78.36760127705736,77.45924143395536,75.99329133782776,74.08961648750322,71.88326702297513,69.50929538488435,67.0812168139899,64.62639125553596,62.15065110341669,59.65985180183796,57.15988969410364,54.65673323302808,52.15647698183639,49.66543383618722
42.693638518892115,44.75129635010775,46.754081321413,48.719928802389056,50.66758826566958,52.6162558215465,54.585378818091385,56.59454940618191,58.66344519587065,60.79197695164322,62.900806598855354,64.890788098422,66.6627882005607,68.15946670260075,69.49062010315743,70.80783420527867,72.26269853522224,73.94067158464041,75.66268003083673,77.20910375670898,78.46267262769118,79.3239736117462,79.66267065379297,79.37103287187728,78.46267262769118,76.99672167830482,75.09304518947741,72.88669266848561,70.51271544864773,68.08462694868099,65.62978377298988,63.15401226987282,60.66315708426052,58.16309532776212,55.65976136130607,53.1591896899283,50.66758826566958
43.69069996448836,45.750763409805714,47.75501412615024,49.721772114235904,51.67000626121768,53.61904092515887,55.58840023379511,57.59772338449605,59.6667174591021,61.79531161539495,63.90417921129003,65.89418302576158,67.6661959903771,69.16288193447555,70.49404010979907,71.81125769470225,73.26612482268402,74.94410012552737,76.66611013572619,78.2125348244507,79.46610425984234,80.32740554733007,80.66610269315777,80.37446482236936,79.46610425984234,78.00015263322337,76.09647484391333,73.89011989699853,71.51613824690585,69.08804186616996,66.63318470748365,64.15738832048272,61.66648877784985,59.1663479242647,56.662873053280094,54.162050974521975,51.67000626121768
44.68906926108885,46.75104612622924,48.75646176030284,50.72394302919449,52.672633548434334,54.62195968636101,56.59150659709633,58.6009508536081,60.67002294377747,62.798666630052466,64.90756434682837,66.89758587301415,68.66960904671907,70.16630089763638,71.49746286271943,72.81468321192166,74.26955256071557,75.94752965210802,77.66954090365849,79.2159663566002,80.46953623996431,81.3308377682869,81.6695349964856,81.37789705515883,80.46953623996431,79.003584075825,77.0999052543199,74.89354838194487,72.51956321554458,70.0914605798007,67.63659232268736,65.16077618496907,62.66984143499039,60.16963779834526,57.6660510797596,55.165030215848404,52.672633548434334
45.688479055356915,47.75197718229384,49.758318393646945,51.726374116143035,53.67542701305514,55.624984557139896,57.594680393638896,59.60422078247336,61.67335479790347,63.80203779782485,65.9109594221842,67.90099500639525,69.67302628314468,71.16972282234073,72.50088779537339,73.81811033860957,75.2729814500681,76.95095996103564,78.67297219784889,80.21939825735072,81.47296849627105,82.33427021574448,82.67296750932115,82.381329512008,81.47296849627105,80.00701590550128,78.10333626474161,75.89697786412535,73.52298990682226,71.0948823064517,68.64000524043766,66.16417342633424,63.67321073153889,61.172957261639795,58.66928176224411,56.16810309933723,53.67542701305514
46.68871624509643,48.7534234270891,50.760499888802535,52.72901179834159,54.6783524121596,56.62809366320076,58.59790771846329,60.607524414236906,62.67670758246737,64.8054217867049,66.91436238691924,68.90440912913616,70.67644683732973,72.17314709763625,73.50431445808982,74.82153874273715,76.27641125322657,77.95439089091337,79.67640390973101,81.22283045066027,82.47640097178589,83.33770284297592,83.6764001884431,83.38476214669355,82.47640097178589,81.01044804239912,79.1067677513962,76.90040813781249,74.52641796536358,72.09830642455142,69.64342236686207,67.1675781102584,64.67659323518888,62.176300211156956,59.67255424177995,57.17125031916264,54.6783524121596
47.68961111920355,49.755278956794335,51.76293937762068,53.73181351619456,55.68138255255769,57.631269636965825,59.60117753279762,61.61085479762761,63.68007698015526,65.80881595193915,67.91777161354737,69.90782721197004,71.67987002483795,73.17657323860504,74.50774249396204,75.82496816077159,77.27984178167453,78.95782231364007,80.6798359531355,82.22626287617419,83.47983362128642,84.341135612894,84.67983299954673,84.38819492252796,83.47983362128642,82.01388042313903,80.11019961603735,77.90383903971978,75.52984710910548,73.10173244075338,70.64684283373853,68.17098870142448,65.67998622157083,63.17966180248756,60.675859898147635,58.174456547655694,55.68138255255769
48.79102861644421,50.857459575420265,52.86558373113715,54.834745467614,56.78449584181914,58.73449869003731,60.70448107365178,62.714206414818875,64.78345956408172,66.91221819429862,69.02118581029923,71.01124843795415,72.78329530242598,74.28000086036471,75.6111716197114,76.92839838354593,78.38327288578586,80.06125412754157,81.78326825966965,83.3296954859889,84.58326640887945,85.44456849606257,85.7832659154043,85.49162781039232,84.58326640887945,83.11731299741658,81.21363178068682,79.00727044024632,76.6332771141733,74.20515996348522,71.7502659519495,69.2744039812213,66.78338752825928,64.28303819033056,61.779191888553086,59.277709616323136,56.78449584181914
49.792861310327865,51.85989836817642,53.86839074575178,55.837780809672026,57.7876751362345,59.73776987619851,61.70781138488377,63.71757488593141,65.7868526141805,67.91562684756963,70.02460395187614,72.01467215867234,73.78672223891769,75.28342965743195,76.61460161049848,77.93182924504363,79.38670444680197,81.06468625191897,82.78670077505001,84.33312824208332,85.58669930607667,86.44800146911814,86.78669891440514,86.49506078717494,85.58669930607667,84.12074572530511,82.21706418345323,80.01070223652752,77.636707802877,75.20858868195384,72.75369117453606,70.27782298241814,67.78679543887802,65.2864263224853,62.78254478128663,60.280999865189116,57.7876751362345
50.79502379224807,52.862542169001216,54.87132690230604,56.840898228176854,58.79090682518623,60.74107450594562,62.71116294480021,64.72095673441501,66.79025397144187,68.91904058924308,71.02802522448494,73.01809785947117,74.7901504920861,76.28685938734344,77.61803228786758,78.93526061349702,80.39013637046396,82.06811862272141,83.79013345619182,85.33656111428007,86.59013229026681,87.45143451351707,87.79013197939688,87.49849383453204,86.59013229026681,85.12417857511481,83.22049677521326,81.01413434691966,78.64013903418355,76.21201834948147,73.75711806737294,71.2812449373119,68.79020859110187,66.28982377630302,63.78591426483166,61.284319625968664,58.79090682518623
51.7974481823868,53.86534874480114,55.874365582670094,57.844080800405294,59.794180103622324,61.744405681478625,63.71453137045215,65.72434920078005,67.7936619222009,69.9224583696211,72.0314489822093,74.02152513186661,75.7935797903039,77.29028985765511,78.62146351017782,79.93869238432177,81.39356858195838,83.07155118911157,84.79356626889862,86.33999407862729,87.5935653435032,88.45486761454129,88.79356509676558,88.50192693790416,87.5935653435032,86.12761152169342,84.22392951697765,82.01756670662199,79.64357069615468,77.21544877027893,74.76054628589236,72.28466923656883,69.7936259036296,67.29322862885337,64.78929691690476,62.2876628116109,59.794180103622324
52.800080547115684,54.86828455297777,56.87748565122391,58.84731509123017,60.797486394119574,62.74775792742028,64.71791318285267,66.7277500947239,68.79707510628447,70.92587935554431,73.03487471238009,75.02495365164262,76.79700991797952,78.2937209156236,79.62489516500855,80.94212447450907,82.39700102190562,84.07498391073989,85.79699918602859,87.34342711611436,88.59699845154171,89.45830076050899,89.79699825570594,89.50536008573539,88.59699845154171,87.13104454507757,85.2273623778006,83.02099926420198,80.64700269994478,78.21887978894793,75.76397555660918,73.28809539655592,70.79704651821737,68.29663935385973,65.79269002109272,63.29102459036109,60.797486394119574
53.90287804309834,55.97132295677754,57.98067032707094,59.95059043494527,61.90081888786051,63.85112689758917,65.82130562057797,67.8311576777427,69.90049244409947,72.0293028857251,74.13830200808815,76.12838316146748,77.90044070399729,79.39715244001607,80.72832716313135,82.04555681817479,83.50043364317612,85.17841675558086,86.9004321860394,88.44686021165268,89.70043160307675,90.56173394214844,90.90043144764178,90.60879326885392,89.70043160307675,88.23447762942234,86.33079533312045,84.12443197883768,81.75043497503694,79.32231128214838,76.86740566245729,74.39152303341045,71.90046975366752,69.40005473988666,66.89609142128542,64.39440112696354,61.90081888786051
54.905806642739876,56.974442805786325,58.98390628771119,60.95389836476319,62.90417218010835,64.85450914218454,66.82470649179002,68.83457056994754,70.90391307875791,73.03272843529365,75.14173054636744,77.13181345709603,78.90387201254211,80.40058433460986,81.73175943372534,83.04898936302652,84.50386640836298,86.18184969821573,87.90386525183268,89.45029335326622,90.70386478913491,91.56516715210047,91.90386466576606,91.61222647997991,90.70386478913491,89.23791076215159,87.33422836344255,85.12786481812856,82.75386746546178,80.325743151985,77.87083643115042,75.39495184245854,72.90389506930724,70.403473825399,67.8994994061195,65.3977893771915,62.90417218010835
56.008839323937224,58.07762730735779,60.08718295686809,62.0572321597016,64.00754198075856,65.95790192295043,67.92811405676635,69.93798767609631,72.00733633013819,74.13615558765714,76.24516007087837,78.23524437641824,80.00730373581733,81.50401652303279,82.83519192057997,84.15242206755975,85.60729928777636,87.28528271846977,89.0072983698376,90.55372653144971,91.80729800259411,92.6686003845243,93.00729790467622,92.7156597133355,91.80729800259411,90.3413439332836,88.43766145329394,86.23129775635839,83.85730012679633,81.42917532075812,78.9742677259447,76.49838158187922,74.00732203600069,71.5068958472144,69.00291261724873,66.50118692472573,64.00754198075856
57.11195463016719,59.18086312966126,61.19049193875827,63.160586484753296,65.11092488452488,67.06130306643857,69.03152693465073,71.0414081268799,73.11076165842175,75.23958401216355,77.3485903781633,79.33867579076701,81.11073578826458,82.60744894466819,83.93862457908092,85.25585489883235,86.71073225785148,88.38871580033017,90.11073152928293,91.65715973865883,92.9107312378016,93.772033634784,94.1107311600841,93.81909296433474,92.9107312378016,91.44477713489594,89.5410945903938,87.33473077311612,84.96073292378213,82.53260772679747,80.07769943830615,77.60181205973838,75.11075031314029,72.61032019958736,70.10632997653008,67.60459185166005,65.11092488452488
58.21513552566246,60.28413968901121,62.29382656877003,64.26395710516742,66.214318188486,68.1647108475234,70.13494402943324,72.14483123231787,74.21418863515066,76.34301344637268,78.45202130673718,80.44210759801896,82.21416810197596,83.71088155140454,85.04205737381758,86.35928783069804,87.81416529988478,89.49214893108757,91.21416472161954,92.76059296890553,94.01416449027062,94.87546689919996,95.2141644285862,94.92252622933769,94.01416449027062,92.54821036070052,90.64452776499476,88.43816385220146,86.06416582843434,83.6360403211552,81.18113148209108,78.70524312369727,76.21417963038408,73.71374640173279,71.20975062822646,68.70800263570564,66.214318188486
59.31836848552507,61.387448583741886,63.397181556647,65.36734065959772,67.31771974724138,69.26812389693507,71.23836447119538,73.24825644476644,75.3176169202554,77.44644368198487,79.555452728429,81.54553971711857,83.3176006230529,84.81431430505565,86.14549027668471,87.46272084240452,88.91759839903142,90.59558210065452,92.31759794006196,93.86402621743724,95.1175977564402,95.97890017485184,96.31759770748126,96.02595950545546,95.1175977564402,93.65164360570648,91.74796096936042,89.5415969807563,87.1675988185415,84.73947306498144,82.28456378892713,79.80867465284439,77.31760977316068,74.81717407204852,72.31317389312986,69.8114180685925,67.31771974724138
60.52164277276755,62.590783144571574,64.60055270316302,66.5707344800019,68.52112785792843,70.47154112786001,72.44178756947295,74.45168332955677,76.52104624382119,78.64987455367205,80.75888454150916,82.74897208373203,84.5210333087161,86.01774717531313,87.34892326537503,88.66615391748073,90.12103154350889,91.79901530102467,93.5210311792246,95.06745948048177,96.3210310334839,97.18233345942166,97.52103099462516,97.22939279039502,96.3210310334839,94.85507686595263,92.95139419735034,90.7450301485751,88.37103187647429,85.94290592744086,83.48799630454718,81.01210655121193,78.52104057116408,76.02060290765485,73.51659923214676,71.0148371912979,68.52112785792843
61.283443503084,63.38900743714119,65.45412592613854,67.4975132694304,69.53681404787092,71.5874086996758,73.66142191458036,75.76729560963166,77.91035504706241,80.08105270751207,82.21748059175309,84.24739943593666,86.1022259765198,87.75269533358073,89.2980436284183,90.85762599567676,92.53213550062969,94.35729593767441,96.17374622428642,97.81859832528548,99.28114528285649,100.52386146319378,101.12643510822647,100.65256008951287,99.28114528285649,97.32270471662277,94.98933816783503,92.4478470019348,89.84100075339254,87.27244258092584,84.73855817139156,82.22039910367695,79.70615145853156,77.18704037302564,74.65567780729697,72.10633766043527,69.53681404787092
59.006886487541635,61.075881359346,63.08556259896507,65.05568963981226,67.0060485200159,68.95643977298374,70.92667205031648,72.93655866942734,75.00591569626857,77.13474026881275,79.24374798404017,81.23383418998216,83.00589464475036,84.5026080657195,85.83378386987341,87.1510143134355,88.60589177192244,90.28387539450807,92.00589117905932,93.55231942266337,94.80589094187016,95.66719334963918,96.00589087862856,95.71425267971989,94.80589094187016,93.33993681488978,91.43625422415708,89.22989032064052,86.85589231381486,84.42776683667242,81.97285805108149,79.49696978785127,77.00590646418419,74.5054735380806,72.00147830365097,69.49973126950832,67.0060485200159
57.60060468179324,59.6693779189862,61.678924616537756,63.64896827100304,65.59927459502227,67.54963230529495,69.51984300321587,71.52971569587561,73.5990637530733,75.7278826317169,77.83688688454808,79.82697105461978,81.59903033593662,83.09574307797556,84.4269184465382,85.74414857237639,87.19902577560813,88.8770091926227,90.59902483449667,92.14545299026406,93.39902445798242,94.26032683807067,94.59902435759263,94.30738616679137,93.39902445798242,91.93307039278282,90.02938792068736,87.82302423847773,85.44902663580856,83.02090187760933,80.56599436767928,78.09010837467625,75.59904909809325,73.09862338956864,70.59464101532498,68.09291684410431,65.59927459502227
56.68659495281362,58.7714315573524,60.805074033730136,62.807039213842614,64.79641172835352,66.7912689562535,68.80814409122425,70.86171158895021,72.96496397681409,75.11318471175886,77.23494794479973,79.24363779831467,81.0546418997063,82.62474411371437,84.0604107059458,85.49906371392805,87.06690006935636,88.82212959929859,90.5943640576854,92.1936761165627,93.56136712453781,94.63735661127976,95.12938240727777,94.73143619547798,93.56136712453781,91.83046504051056,89.70699169734027,87.33657904738789,84.85239965915338,82.3593250374106,79.86838523132404,77.37335658430537,74.87183595378826,72.362996787832,69.84671838561505,67.32371123436695,64.79641172835352
55.78927262787988,57.857136065010096,59.86613035782159,61.83583159942678,63.78592209261943,65.7361420471896,67.70626411826144,69.71607961366036,71.78539083118193,73.91418632391712,76.02317635596674,78.0132521642685,79.78530662595188,81.28201657946587,82.61319015895228,83.93041897982287,85.38529513466038,87.06327770734507,88.78529276320916,90.33172055821004,91.58529181445277,92.44659408084956,92.78529156148645,92.49365340398441,91.58529181445277,90.11933800300191,88.2156560181783,86.00929324492961,83.63529730222797,81.20717549689869,78.75227322640383,76.27639655773093,73.78535390336474,71.28495783874301,68.78102828298648,66.27939801084216,63.78592209261943
41.919047101364974,43.97441397886715,45.975801852538766,47.94078100562753,49.88789222429119,51.83620948718557,53.80510696510403,55.81413194608358,57.8829339264791,60.0114061211255,62.12019954560553,64.11015974488654,65.88214756928535,67.37881896755557,68.70996781037621,70.02717858801464,71.48204024709241,73.16001114550244,74.88201809877806,76.4284409055579,77.68200923778178,78.54330993219438,78.88200687517684,78.59036917809479,77.68200923778178,76.21605893484931,74.3123836873999,72.10603348207525,69.73206049113473,67.30397951373132,64.8491496853984,62.373401934789456,59.88258908879261,57.38260282986292,54.8794033490517,52.37907065674278,49.88789222429119
42.91486334026304,44.973103696350535,46.976243721019,48.942311803549245,50.8901105216936,52.83886704091391,54.808047307299375,56.81725486993787,58.88617448014129,61.01472135963158,63.12356020436624,65.11354711236616,66.88555033197554,68.38223063774592,69.71338519556323,71.03060014180718,72.48546514991233,74.16343874549428,75.88544757075877,77.43187152999812,78.68544053777661,79.54674159537484,79.88543866257507,79.5938008591192,78.68544053777661,77.21948942424896,75.31581262022277,73.10945951125873,70.73548121765825,68.30739080762848,65.85254424288348,63.37676670868822,60.88590077238098,58.385819845535224,55.88245172944062,53.38181937137139,50.8901105216936
43.91224145459141,45.97276832467828,47.97730125652198,49.944234497051326,51.89257923536006,53.84168453592983,55.811089310488356,57.820441812330245,59.88945479507582,62.01806095577129,64.126935852006,66.1169439592494,67.88895939823854,69.38564677397272,70.71680586782108,72.03402412270839,73.48889178894942,75.16686752528436,76.88887783635036,78.43530271029866,79.6888722542657,80.55017360012474,80.88887076591676,80.59723287803192,79.6888722542657,78.22292049736758,76.31924245788375,74.11288704429407,71.73890454195228,69.31080664518848,66.85594679657767,64.38014562261046,61.889237546840974,59.389081476776525,56.88557949814884,54.384709242667,51.89257923536006
44.91086273753743,46.973208102193084,48.97884798931244,50.94646845763256,52.89524679403786,54.844629012918205,56.814212016798166,58.82367957211268,60.89276667080664,63.021419885423256,65.13032339664711,67.12034833006831,68.89237346770724,70.38906645492344,71.7202291490442,73.0374500300154,74.49231980602721,76.17029724148293,77.89230873183216,79.43873433178624,80.69230430132677,81.55360587597872,81.89230312002312,81.60066516512688,80.69230430132677,79.22635203378474,77.32267301371638,75.11631577094062,72.74232992810772,70.31422608908554,67.85935569695835,65.3835357597617,62.89259423683623,60.39237852225584,57.88877028639351,55.387711178501235,52.89524679403786
45.91047294200077,47.97426397604269,49.98078334023024,51.94894960937292,53.89807223251593,55.847674298560094,57.81739878650326,59.826957669365555,61.89610359777785,64.0247941606268,66.1337203841462,68.12375867271967,69.89579150825864,71.3924889493413,72.72365450101417,74.04087746631703,75.49574891685944,77.17372770091062,78.89574012725879,80.44216630344451,81.69573661076313,82.55703836700823,82.89573567316162,82.6040976650784,81.69573661076313,80.22978393792252,78.32610413956297,76.11974544495902,73.74575695076976,71.31764839535266,68.86276963476487,66.38693480497523,63.89596673436765,61.395703677822155,58.892011098939136,56.390802077927006,53.89807223251593
46.910869455467605,48.97580938868252,50.98302735325346,52.95162704406529,54.90102301582789,56.850799610573816,58.820636409209726,60.83026778480924,62.89946040882619,65.02818061593833,67.13712486657369,69.12717375526836,70.89921270068291,72.39591367682078,73.72708149654304,75.04430611618577,76.49917889580678,78.17715875024047,79.8991719194922,81.44559855303359,82.69916912844701,83.56047102882272,83.89916838427209,83.6075303339743,82.69916912844701,81.23321613392054,79.3295357178304,77.12317587090826,74.74918527233174,72.32107297349616,69.86618757081504,67.39034092063557,64.89935177870495,62.39905114550555,59.895291619365935,57.3939635990867,54.90102301582789
47.91189094781875,49.97774369097888,51.985516487559366,53.95446032360498,55.9040733078063,57.85398844869172,59.82391439765654,61.83360331456902,63.9028330024405,66.03157673881938,68.14053529780985,70.13059259990808,71.90263639476453,73.39934017668955,74.73050979656935,76.0477357292655,77.5026095637786,79.18059026777647,80.90260402667161,82.4490310232166,83.7026018114171,84.5639038261894,84.90260122076499,84.61096313696149,83.7026018114171,82.2366485615683,80.33296765518477,78.12660689366624,75.7526146248337,73.32449935483646,70.86960868029614,68.39375264818452,65.90274678167302,63.402416323037585,60.89860365820638,58.397181179864134,55.9040733078063
49.01340904483695,51.07998687119539,53.08820026050006,55.05741733192437,57.00720259398477,58.95722771326501,60.927224426735265,62.936959016605456,65.00621812304078,67.13498053498869,69.24395045066902,71.2340144305416,73.00606207442178,74.50276808330915,75.83393913197841,77.1511661068476,78.60604077863024,80.28402215692824,82.00603638382397,83.55246366848527,84.806034625575,85.66733673114396,86.00603415677406,85.71439604637703,84.806034625575,83.34008117307664,81.43639987754682,79.23003839011209,76.85604479559476,74.42792716737966,71.97303230854536,69.49716882993727,67.00614968895292,64.50579555733277,62.00194071464426,59.50044325966971,57.00720259398477
50.01532164967314,52.08247534417724,54.09103857227507,56.060472565672924,58.010394586798014,59.96050700496727,61.930559887943645,63.94033072996842,66.00961318654004,68.13839042153481,70.24736935111463,72.2374386311727,74.00948933003707,75.50619710647038,76.83736928917281,78.15459709121649,79.6094724275411,81.28745434103183,83.00946893938007,84.5558964527195,85.80946754385673,86.67076972149107,87.00946717176917,86.71782904026486,85.80946754385673,84.34351393051531,82.43983232611976,80.23347026252458,77.85947561580949,75.43135611587226,72.9764579359512,70.50058854702222,68.00955886997833,65.5091859487699,63.00529762845446,60.50374066119993,58.010394586798014
51.017547597860116,53.08515859201988,55.093999575668164,57.0636057747535,59.013636355505895,60.96381806850661,62.93391553556859,64.94371515189508,67.01301614186431,69.14180514206905,71.2507912260416,73.2408647128801,75.01291783649465,76.5096270158331,77.84080009861964,79.15802855719289,80.61290442096524,82.29088675923902,84.01290165240937,85.5593293472508,86.81290054478166,87.67420277961432,88.01290024945553,87.72126210119835,86.81290054478166,85.34694680377896,83.44326495423643,81.23690243334221,78.86290695149648,76.43478596597032,73.97988515009442,71.50401107011999,69.01297303053494,66.51258519581384,64.00867030363352,61.50706609937993,59.013636355505895
52.0200223869971,54.08799648689521,56.09705798093006,58.0668008815647,60.01691763489936,61.96715435080857,63.93728720574376,65.9471096608456,68.01642536102305,70.14522369937555,72.25421546182857,74.24429228760381,76.01634733574866,77.51305762857552,78.84423142576014,80.16146040542176,81.61633668782991,83.29431936325435,85.01633449042528,86.56276232932498,87.81633361130051,88.67763589153151,89.0163333769,88.72469521534605,87.81633361130051,86.35037976897297,84.44669772485713,82.24033484100428,79.8663386963145,77.43821653167431,74.9833136236355,72.50743582036284,70.0163911433834,67.51599147166938,65.01205548897337,62.51041379138397,60.01691763489936
53.02269476969467,55.09095715931342,57.100193707633935,59.07004512209916,61.02023027616997,62.97051065016214,64.94067159339136,66.95051217601727,69.0198395518464,71.14864530195118,73.25764157143931,75.2477210473385,77.01977762298708,78.5164887995915,79.84766316379483,81.1648925570448,82.61976917172461,84.29775211474579,86.01976742764315,87.566195380882,88.8197667298813,89.681069046145,90.01976654383748,89.72812837172988,88.8197667298813,87.3538128071322,85.45013060858336,83.24376743664996,80.86977076586027,78.44164766535579,75.98674309676358,73.51086233829898,71.01981239319028,68.51940332636674,66.01545060385749,63.51377914696569,61.02023027616997
54.12552403820716,56.19401530182914,58.203390812930735,60.17332836353691,62.1235678107809,64.07388283763122,66.04406607513403,68.05392104582224,70.12325768871779,72.25206932157171,74.36106916831,76.35115074761907,78.12320853565004,79.61992041370993,80.95109522795664,82.26832494947212,83.72320182787621,85.40118498328914,87.12320044359768,88.66962848758757,89.92319988978372,90.78450223464658,91.12319974212065,90.8315615616366,89.92319988978372,88.45724590320395,86.55356358208155,84.34720018149844,81.97320309314276,79.54507924984182,77.09017336326583,74.6142902592587,72.12323613281669,69.6228196090382,67.11885359996661,64.61715852258301,62.1235678107809
55.128477862180404,57.19715081995891,59.20663663981968,61.17664256218026,63.12692510413234,65.07726763586565,67.04746856871046,69.0573349593605,71.12667895759176,73.2554952596104,75.3644979456228,77.35458119441265,79.12663994471336,80.62335237951929,81.95452755096585,83.27175753302598,84.72663462074823,86.40461794473666,88.12663352204555,89.67306163806461,90.92663308248311,91.78793545004513,92.12663296528284,91.83499477815042,90.92663308248311,89.46067904524091,87.55699662683182,85.35063304476922,82.97663562499112,80.54851119213185,78.09360425947047,75.61771929380171,73.12666184862303,70.6262394062229,68.1222628514967,65.62054902619009,63.12692510413234
56.2315305680128,58.300347759689956,60.309921140445724,62.279981332939954,64.23029808056296,66.18066244349785,68.15087742137504,70.16075287614885,72.23010271235185,74.35892272030384,76.46792765985512,78.45801223371475,80.23007174777022,81.72678462446609,83.05796007942256,84.37519026827712,85.83006752213538,87.50805097992226,89.23006665009441,90.77649482328304,92.03006630121344,92.89136868679182,93.23006620819152,92.93842801578229,92.03006630121344,90.56411222376045,88.66042972813483,86.45406600203191,84.08006831920359,81.65194341841136,79.19703565547078,76.72114921219816,74.23008913292998,71.72966199289624,69.22567706801345,66.72394836226496,64.23029808056296
57.334661770370616,59.40359345515647,61.41323633856919,63.383339607461906,65.3336835050123,67.28406519573713,69.25429132130887,71.26417397034172,73.33352844016986,75.46235138953243,77.57135811772227,79.56144374329173,81.33350386354024,82.83021709096454,84.16139277094302,85.47862312393053,86.93350050965105,88.61148407363386,90.33349981751164,91.87992803607582,93.13349954060462,93.9948019404826,94.33349946677309,94.04186127017562,93.13349954060462,91.66754543123629,89.76386287432389,87.55749903389602,85.18350114228454,82.7553758700936,80.30046744815955,77.82457983211069,75.33351766216018,72.8330867935993,70.3290952252779,67.82735470878538,65.3336835050123
58.43785528424678,60.50687785146438,62.51657590265563,64.48671336267235,66.43707880968151,68.38747425370514,70.35770922729925,72.36759758645658,74.43695573401047,76.56578101797808,78.67478916581345,80.66487562612642,82.43693622751096,83.9336497333087,85.26482559188736,86.58205607514729,88.03693356552697,89.71491721379756,91.43693301617553,92.98336127075429,94.23693279639426,95.09823520762184,95.43693273779414,95.14529453787249,94.23693279639426,92.77097866169473,90.86729605613895,88.66093212497132,86.28693406764855,83.8588085006781,81.40389955570035,78.92801100881758,76.43694717948887,73.93651335158586,71.43251651033795,68.93076661957011,66.43707880968151
59.54109826034306,61.61019296678539,63.61993480686591,65.59009940525496,67.54048195642554,69.49088831659004,71.46113031292171,73.47102320423134,75.54038427080758,77.6692114077562,79.77822068236634,81.76830780521614,83.54036878847877,85.03708251522178,86.3682585155555,87.68548910221273,89.14036667566043,90.8183503908303,92.54036623963991,94.08679452280346,95.3403660651994,96.20166848543516,96.54036601868845,96.24872781612838,95.3403660651994,93.87441191039446,91.97072926623042,89.7643652630426,87.39036707419461,84.96224127325755,82.50733191313955,80.03144262745288,77.5403774810732,75.03994130433368,72.53594027794497,70.0341829467585,67.54048195642554
60.74438049811694,62.813532465148285,64.82330906187576,66.79349520054653,68.74389132751614,70.69430635191583,72.66455392223422,74.67445041073036,76.74381379414213,78.87264240180502,80.98165257073782,82.97174021944377,84.74380150580338,86.24051540791079,87.57169152075562,88.88892218947937,90.34379982885821,92.02178359712605,93.74379948278846,95.29022778863981,96.54379934433496,97.40510177172052,97.74379930741918,97.45216110276502,96.54379934433496,95.07784517357234,93.1741624987649,90.9677984384146,88.59380014517504,86.16567415853842,83.71076446892332,81.23487459684728,78.74380840512252,76.24337036410705,73.73936601595963,71.23760277927661,68.74389132751614
61.66116834432218,63.76478443284137,65.82696103660142,67.86650623468931,69.90121987153053,71.94674995472242,74.01563234282594,76.11686269395504,78.25642237277347,80.42515679531567,82.56030879211198,84.58838757914621,86.4394416308507,88.08308233793713,89.6192959906452,91.16904936071856,92.83509509279429,94.65481003789571,96.4678587660459,98.109240706968,99.56466672959807,100.79521037403379,101.38994885635361,100.92143539386727,99.56466672959807,97.62355191099243,95.3069269382527,92.77964205710487,90.18330212250982,87.62134508615858,85.09126320548552,82.5751664609185,80.06205783794303,77.54386827104508,75.01386254249107,72.4669013783054,69.90121987153053
59.411301870101525,61.48033030234657,63.490031913684035,65.46017158013484,67.41053841777205,69.36093474931866,71.33117029388863,73.341059021528,75.41041740641023,77.5392428410328,79.64825108047958,81.63833759465952,83.41039822709233,84.90711175085386,86.2382876209578,87.55551811262434,89.01039560975777,90.68837926346757,92.41039506962062,93.95682332652343,95.21039485352576,96.07169726548574,96.41039479590852,96.11875659577235,95.21039485352576,93.74444071719155,91.84075810849677,89.63439417147362,87.26039610345725,84.8322705174644,82.37736153873402,79.90147293178342,77.41040899537305,74.90997497650002,72.40597779498331,69.90422729928022,67.41053841777205
58.00496806667127,60.07379456663196,62.08337359805992,64.05343729277288,66.00375624776913,67.9541220195137,69.92433790374,71.93421394343503,74.00356415637023,76.13238440347078,78.24138948844575,80.2314741478137,82.00353371115517,83.5002466163667,84.83142208961839,86.14865229181765,87.60352955639686,89.28151302281792,91.00352869898265,92.54995687586049,93.80352835595345,94.66483074269446,95.0035282644918,94.71189007174203,93.80352835595345,92.33757427590561,90.43389177529713,88.22752803989911,85.85353034009583,83.42540540910736,80.97049759258789,78.49461105396372,76.00355080471451,73.50312336153647,70.99913789651583,68.49740823050905,66.00375624776913
57.0797039466333,59.16365473123055,61.19594356352448,63.19611169143971,65.18329421661812,67.17567539343374,69.18997755837299,71.24115844354955,73.34257427412447,75.48975019591774,77.61082870308283,79.61852302908031,81.42745590305631,82.99370226870491,84.42398436082195,85.85653286395811,87.41883402582361,89.17035646718055,90.94021435738728,92.53705186528887,93.89949987333128,94.96597553058264,95.45147676595428,95.05803077209856,93.89949987333128,92.18097492685689,90.06832899309825,87.7063437930839,85.2279963591194,82.73842567137888,80.24945109643744,77.75547255460114,75.25452723327683,72.74615111366623,70.23055061724727,67.7087210318378,65.18329421661812
56.19342258590393,58.26142012189679,60.27049584741334,62.24024757021938,64.19036988463604,66.14061015005468,68.1107452886545,70.120569217587,72.18988586703846,74.31868480799525,76.42767693688823,78.4177539781293,80.18980915046643,81.68651951514806,83.01769335843368,84.33492237172172,85.78979868114493,87.46778137832608,89.18979652059734,90.7362243687933,91.98979565621815,92.85109793937872,93.18979542574921,92.89815726333721,91.98979565621815,90.523841807352,88.6201597506801,86.4137968434051,84.03980065594125,81.61167841521141,79.1567753721628,76.68089732862101,74.18985222332162,71.68945178774884,69.18551444404501,66.68387032692777,64.19036988463604
42.374591132401946,44.43135468269992,46.43359443375728,48.399103101864554,50.346548666846104,52.295079564115,54.26411458340344,56.273228370064615,58.342087565301824,60.4705960868809,62.57941160406628,64.56938479469618,66.34138010747546,67.8380558384468,69.16920746110392,70.48642026639854,71.94128355448132,73.6192557648269,75.34126362865976,76.88768699600945,78.14125565683108,79.00255652790148,79.34125353130491,79.0496157824814,78.14125565683108,76.67530495961554,74.77162895502889,72.56527733734032,70.19130176712568,67.76321620158953,65.30837823249507,62.83261599488581,60.34177732541808,57.841745019803085,55.33846351569133,52.837985071594346,50.346548666846104
43.37116647200807,45.430518369788956,47.434335674995076,49.4008244840083,51.34888875401308,53.29781490879513,55.26710437213512,57.27638243227554,59.34534745892651,61.473923173082596,63.58277955354066,65.57277677304849,67.3447859362888,68.84146968096564,70.17262644515874,71.48984300076427,72.94470930181724,74.62268393868635,76.3446934866621,77.89111789082668,79.14468715941365,80.00598835722535,80.3446854723818,80.05304762785867,79.14468715941365,77.67873573294295,75.77505832797563,73.56870409801473,71.19472375723412,68.76662970557341,66.31177667941579,63.83598764661092,61.34510121334873,58.84498373652332,56.34155050993067,53.84080244152662,51.34888875401308
44.36914888985517,46.43055988918614,48.43563110193301,50.40289855727592,52.351454178372876,54.30069416532521,56.270185628657046,58.2795940922077,60.34864312516032,62.47727217318018,64.58616098798862,66.57617727964978,68.34819743616461,69.84488754138538,71.1760483864468,72.49326791869134,73.94813661114932,75.62611317395648,77.34812405863971,78.89454928572583,80.14811903669687,81.00942049384349,81.34811769769841,81.05647977721843,80.14811903669687,78.68216703141549,76.77848851496375,74.57213221163647,72.19814808444113,69.77004729729558,67.31518232020404,64.83937201961433,62.34844767486382,59.848262593359436,57.34470893110094,54.843746819210764,52.351454178372876
45.368250950441194,47.43129924814825,49.437366825394484,51.40525273929411,53.35419852543441,55.30368767430468,57.273339495141144,59.28285147221072,61.35196718595682,63.4806385670329,65.58955312572637,67.57958455523044,69.35161343721145,70.84830859083814,72.17947267490484,73.49669456971903,74.95156516024207,76.62954325167044,78.3515551973006,79.89798107754058,81.15155121138042,82.01285287436141,82.35155014861635,82.05991216784936,81.15155121138042,79.68559874669631,77.78191934805791,75.57556139909579,73.20157426661227,70.77346813348157,68.31859367084249,65.84276648973366,63.351812053771056,60.851573311723286,58.34792405113737,55.8467920260189,53.35419852543441
46.368243469862406,48.43259317945999,50.439452289392094,52.407829355765,54.35708492920625,56.306771884127926,58.27655099970684,60.286145143237746,62.35531378468184,64.48401876674937,66.59295375883413,68.58299720341887,70.35503301086896,71.8517321714426,73.18289882632081,74.50012259631382,75.95499469333564,77.6329739980335,79.35498678573876,80.90141318438769,82.15498362211082,83.01628544846278,83.35498277859429,83.06334474997742,82.15498362211082,80.68903079279838,78.78535069396735,76.5789914388622,74.20500192107434,71.77689154481524,69.3220095534385,66.84616897408449,64.35519065417938,61.85490932004544,59.35118417767646,56.84991727545224,54.35708492920625
47.368943882586976,49.43432771479295,51.441815517294884,53.41058258917549,55.36008411224526,57.309928094988294,59.27980825638417,61.28946762034688,63.35867827249653,65.48740992445886,67.59636113482438,69.58641411589002,71.35845542012771,72.85515776103264,74.1863264563724,75.50355171469965,76.95842500743261,78.63640527510438,80.35841873116564,81.90484554127633,83.1584162201919,84.01971817621146,84.35841555069229,84.06677748409692,83.1584162201919,81.69246310147358,79.78878244689892,77.58242215510626,75.20843074409757,72.7803170000544,70.32542903308087,67.84957781942663,65.35858054248887,62.85826540193236,60.354480028787776,57.85310606389373,55.36008411224526
48.37020686757914,50.436412235110595,52.44439931667671,54.41347604804163,56.36317282638541,58.313141460500546,60.283101829520405,62.29281296204127,64.36205695934726,66.49080977970428,68.59977386270882,70.58983441295058,72.36188008001602,73.85858494516131,75.18975526002097,76.50698169964232,77.96185594141323,79.63983697339867,81.36185095993486,82.90827809662306,84.1618489669733,85.02315102591015,85.36184843559104,85.07021033885212,84.1618489669733,82.69589561855334,80.79221452288442,78.58585340827162,76.21186049461036,73.78374407754836,71.3288513677193,68.85299171354856,66.36197939019303,63.86163741679252,61.35780423632997,58.856345289034834,56.36317282638541
49.47191681892794,51.53877471359684,53.54715825317669,55.5164808319696,57.46633261283668,59.41640019434689,61.38642422892909,63.39617645211413,65.46544691626765,67.59421653829634,69.70319083843529,71.69325739637785,73.46530652623748,74.96201339487979,76.29318499515607,77.61041237237268,79.06528736739642,80.74326900601852,82.46528341359317,84.01171080948623,85.26528183177825,86.12658397240067,86.46528141001983,86.17364328935597,85.26528183177825,83.79932830104391,81.89564685527813,79.68928508759208,77.31529098127334,74.8871724426306,72.43227596838119,69.956409614926,67.46538534908785,64.96502207802372,62.4611509515324,59.95962454943725,57.46633261283668
50.473981813128034,52.541357917903284,54.5500562398543,56.51957399233032,58.46954881662005,60.41969493999784,62.38976950894974,64.39955434703393,66.46884581842932,68.5976287761462,70.70661118570195,72.69668251198604,74.46873439027704,75.96544284909982,77.29661546961374,78.61384359100117,80.06871918388262,81.74670130399286,83.46871604574609,85.01514364737028,86.26871479025864,87.13001699571491,87.46871445550873,87.17707631585562,86.26871479025864,84.80276111482124,82.89907939118328,80.69271710515238,78.31872205221987,75.89060182967467,73.4357023675944,70.95983069688715,68.46879695221054,65.9684167769142,63.46451553179858,60.9629355881323,58.46954881662005
51.476328785025004,53.54411638192579,55.55306461830668,57.52273730824825,59.47280980340702,61.42301827008555,63.39313295007035,65.40294367538405,67.47225182054771,69.60104536292863,71.71003420897803,73.70010931991385,75.47216337964238,76.96887310059469,78.30004653087289,79.6172752429097,81.07215131031148,82.75013381257934,84.47214881957038,86.0185765844835,87.27214782308923,88.13345008000417,88.47214755739802,88.18050940267315,87.27214782308923,85.80619403280093,83.9025120886156,81.69614939117398,79.32215358691303,76.89403202785186,74.43913019432338,71.96325430329365,69.47221303520521,66.97181944284372,64.46789429203018,61.96627185071432,59.47280980340702
52.47889967625895,54.547013993493294,56.55616063214623,58.525956313685654,60.47610633734622,62.426364288820366,64.39651080613561,66.40634207864017,68.47566345797732,70.60446540148808,72.7134593562144,74.7035374710407,76.47559326218126,77.97230398488796,79.30347805787719,80.62070723871308,82.07558368274215,83.75356648832883,85.47558170583929,87.0220096003549,88.27558091493162,89.13688321268936,89.47558070405239,89.18394253736501,88.27558091493162,86.8096270334861,84.90594491425219,82.69958189027349,80.32558548968248,77.89746286982682,75.44255915407527,72.96667991336287,70.47563267390527,67.97522843230678,65.47128430719434,62.96962813441557,60.47610633734622
53.48164836393221,55.550022074154725,57.55932621318868,59.52921952434501,61.47943108688,63.42972831628002,65.39990010364616,67.40974768477129,69.47907956820168,71.60788817974178,73.7168861892456,75.70696668826793,77.47902385363358,78.97573537143423,80.30690995454398,81.6241395074662,83.07901625042464,84.75699929675571,86.47901468135561,88.02544267873685,89.27901405361175,90.14031638378643,90.47901388623679,90.18737571005477,89.27901405361175,87.81306009981463,85.90937784164456,83.70301455849321,81.32901768459445,78.90089422278496,76.44598901310988,73.97010711374594,71.47905513478855,68.97864244081875,66.47468325558492,63.97300030946096,61.47943108688
54.58453821382733,56.65311785159594,58.66254701665629,60.63251782349775,62.582778232280745,64.53310663773625,66.50329848242444,68.51315900790203,70.58249922851414,72.71131313250291,74.82031436029708,76.81039675166122,78.58245500775153,80.07916715661928,81.41034214461226,82.72757199285974,84.1824489730787,85.86043221048877,87.58244772770766,89.1288758067334,90.382447229467,91.24374958537102,91.5824470966214,91.29080891290351,90.382447229467,88.91649321824443,87.01281084980062,84.8064473609437,82.43245011138022,80.0043259813111,77.5494195859068,75.07353557636556,72.58247983565153,70.08206043298834,67.57808929439577,65.07638509783449,62.582778232280745
55.587540132672174,57.65628324498276,59.66581165453893,61.63584397416106,63.58614315400776,65.5364963046363,67.50670406912722,69.51657486866497,71.58592170655126,73.71473981117846,75.82374359333853,77.81382748665793,79.58588660845798,81.08259925820441,82.41377456755356,83.73100465020096,85.18588181873376,86.86386520780334,88.58588083028206,90.13230897410907,91.38588043482815,92.24718281115356,92.58588032938853,92.29424213968939,91.38588043482815,89.91992637802694,88.0162439220588,85.80988026993326,83.43588272220441,81.00775806173701,78.55285072521797,76.07696504082526,73.58590631439468,71.08548158701171,68.58150096094853,66.07977989763991,63.58614315400776
56.690631018611015,58.75950389949149,60.769111086558794,62.73919223168859,64.68952218526466,66.63989497660451,68.6101153768375,70.6199943309783,72.68934642102931,74.81816785971748,76.92717366928356,78.91725875470729,80.68931856362225,82.18603161091657,83.51720717532642,84.8344374440172,86.28931476201484,87.96729827145671,89.68931397748015,91.23574217273999,92.48931366360819,93.35061605614206,93.68931357992068,93.39767538547423,92.48931366360819,91.02335957063117,89.11967704519495,86.91331326348298,84.53931547910004,82.11119039765506,79.65628231417224,77.18039530044737,74.68933420424678,72.18890525061434,69.68491709428817,67.18318264366697,64.68952218526466
57.793792529064646,59.86276841913504,61.87243813642931,63.842558036142464,65.79291241554661,67.74330079601563,69.7135312253611,71.72341665186258,73.7927729105788,75.9215969955205,78.03060441424265,80.02069044584125,81.79275080012002,83.28946416294848,84.6206399298002,85.93787034615377,87.39274778278175,89.07073138776315,90.79274716009613,92.33917539617823,93.59274691097579,94.45404931637432,94.79274684455297,94.50110864633858,93.59274691097579,92.12679278928603,90.22311020871291,88.01674632414814,85.64274835193271,83.2146229363575,80.75971426000878,78.28382619119127,75.79276321409966,73.29233090608031,70.7883367729473,68.28659169670428,65.79291241554661
58.89701010134371,60.96606775730193,62.9757871076895,64.94593776803978,66.89631153467931,68.84671228842876,70.81695067795997,72.82684124160772,74.89620080900792,77.0250269942872,79.13403569019917,81.1241224727779,82.89618325991245,84.39289687318063,85.72407280071063,87.04130333426423,88.4961808650492,90.17416454586039,91.89618037082327,93.44260863930602,94.6961801730963,95.55748258870554,95.89618012037648,95.60454191917147,94.6961801730963,93.23022602861724,91.32654340428196,89.12017943808283,86.74618131678464,84.31805563601003,81.86314648910313,79.38725758285736,76.89619311289948,74.39575814249494,71.89175926554633,69.39000575567565,66.89631153467931
60.000272174403506,62.06939473267714,64.07915347865318,66.04932855443276,67.99971770901018,69.95012828355243,71.92037299113383,73.93026763215632,75.99962982566836,78.12845767798973,80.237467387609,82.2275547662415,83.9996158969341,85.49632970897645,86.8275057640369,88.14473639061225,89.59961399612966,91.27759773712702,92.99961360386227,94.54604189806145,95.79961344692627,96.66091587063977,96.99961340508254,96.70797520150386,95.79961344692627,94.33365928435931,92.42997662528998,90.22361259429763,87.84961435467235,85.42148846340879,82.96657894301947,80.49068937210606,77.99962371725815,75.49918663371288,72.9951839915822,70.49342378789524,67.99971770901018
61.20356957057923,63.27274364480782,65.28253366020212,67.25272811495893,69.20312948312647,71.15354785250871,73.12379757475921,75.13369545200815,77.20305972987143,79.33188890532682,81.44089941952686,83.4309872712478,85.20304867462266,86.69976264443223,88.0309388007137,89.34816950112048,90.80304716595307,92.48103095472021,94.20304685461022,95.74947516922052,97.00304673005004,97.86434916019587,98.20304669683864,97.91140849137602,97.00304673005004,95.53709255312671,93.63340986648892,91.42704578407017,89.0530474505286,86.62492139219984,84.17001157537725,81.69412147691648,79.20305488161989,76.70261612087114,74.19861049030517,71.6968449737065,69.20312948312647
62.43715171308024,64.53713835422626,66.59382445429198,68.62618289001105,70.65229228405738,72.68829216174171,74.74748691365735,76.83992148781473,78.97283362920398,81.13783221429938,83.27055369958045,85.29512359952417,87.13897018747035,88.76951804009036,90.28812311971166,91.8188076684188,93.46833100922748,95.27736520422332,97.08372196813968,98.7182609252508,100.15959375887749,101.36588610800652,101.94490645599032,101.4871580241662,100.15959375887749,98.25264929232341,95.96866131382826,93.46878239244042,90.89254283345113,88.34314275447102,85.82026912446402,83.308074183076,80.79711823296044,78.28066907893657,75.75322398103175,73.21074687720741,70.65229228405738
60.23655824879526,62.30564619199849,64.31538392680693,66.28554598095292,68.23592692860274,70.18633226537844,72.15657360332929,74.16646606975073,76.23582686266954,78.3646538259018,80.47366299487727,82.4637500556145,84.23581100307622,85.73252470910572,87.06370069614992,88.3809312731137,89.83580883877383,91.51379254767191,93.23580839212858,94.78223667261231,96.03580821343739,96.89711063282864,97.23580816579309,96.94416996348036,96.03580821343739,94.56985406051732,92.6661714199728,90.45980742353683,88.0858092470193,85.65768346801647,83.20277414681772,80.72688493039362,78.23581990748694,75.73538395095005,73.23138331691712,70.72962668326863,68.23592692860274
58.83013223810123,60.8990531886588,62.90868955601938,64.87878878643683,66.82913013866053,68.7795102048992,70.74973528537392,72.75961725994583,74.8289712953727,76.95779396897893,79.06680052948457,81.05688605645665,82.82894611987479,84.32565931441842,85.65683497330119,86.9740653109013,88.42894268425978,90.10692623828677,91.8289419752547,93.37537018956493,94.62894169160015,95.49024409013755,95.82894161596951,95.53730341976468,94.62894169160015,93.16298758522386,91.25930503405706,89.0529412043471,86.67894333230898,84.2508180949365,81.79590973478281,79.3200222286813,76.82896025473153,74.32852973571894,71.82453879021858,69.3227993809831,66.82913013866053
57.8841900032852,59.96650739800228,61.99629837411024,63.99314700692685,65.9762789149911,67.96407335351451,69.9736013297092,72.02034658553247,74.11834434055393,76.26357388023125,78.38337608428583,80.38921375612026,82.19427988954999,83.75331372766448,85.17349304487593,86.5945441340624,88.14637973074883,89.89087145201137,91.65621287685087,93.24834008328043,94.60078224606659,95.6490114025624,96.12193152912727,95.73716908603603,94.60078224606659,92.90582185167813,90.81363105599756,88.46746553513624,86.00001409720308,83.51696976732657,81.03164900405085,78.53962091008893,76.03974358732904,73.53222676914724,71.01788382929709,68.49823736872241,65.9762789149911
57.01820825634272,59.08644361544509,61.09566375118253,63.06550499200611,65.01568373333001,66.96596001431122,68.93611832424031,70.94595720740446,73.01528348864056,75.1440885438945,77.25308439084924,79.24316361830012,81.01522005074574,82.51193114449636,83.84310545554189,85.16033481001813,86.61521139354763,88.29319431148173,90.0152096069673,91.5616375494869,92.81520889220278,93.6765112050884,94.01520870162554,93.72357053050732,92.81520889220278,91.34925497699317,89.44557279292235,87.23920964799635,84.86521302652832,82.43709001376077,79.9821856008448,77.50630511942848,75.01525566820561,72.51484748217266,70.01089632902348,67.50922766208441,65.01568373333001
42.949755305058886,45.008084852105846,47.01127923257999,48.977381084847735,50.925201119140894,52.873971255827485,54.84316028823898,56.852373510327396,58.9212967665503,61.04984596089756,63.15868621341309,65.14867394923093,66.92067764600162,68.41735822785154,69.74851296279942,71.06572803824498,72.52059315014967,74.19856682932752,75.92057571261223,77.46699970757079,78.72056873628733,79.58186980514208,79.92056687619228,79.62892906943951,78.72056873628733,77.25461759763618,75.35094074536562,73.14458754640648,70.7706090884557,68.34251838607125,65.8876713025965,63.4118928452812,60.92102526346319,58.42094140237566,55.91756805924976,53.41692641220291,50.925201119140894
43.94718190656139,46.00777972722936,48.012355862140765,49.97931592962827,51.92767759618209,53.87679370886008,55.84620544262526,57.85556243703249,59.92457831389069,62.05318631199333,64.16206232562322,66.15207108992033,67.92408690763794,69.42077450249867,70.75193373693665,72.06915209437184,73.52401984299891,75.20199564568415,76.9240060028009,78.47043090509958,79.72400046568521,80.58530182047855,80.9239989893263,80.63236109882467,79.72400046568521,78.25804868884651,76.35437061107106,74.14801512605206,71.77403249326488,69.34593436445755,66.89107410412612,64.41527219746372,61.92436281560626,59.42420441648932,56.92069828871007,54.419820659126174,51.92767759618209
44.94584176983515,47.008243548900914,49.013917764716204,50.98155954068137,52.93035131910018,54.87974212202593,56.84933065044464,58.85880177192459,60.92789116784425,63.05654584087739,65.16545023900285,67.15547569393686,68.9275011321761,70.42419429331446,71.7553570990219,73.07257806138573,74.52744790278759,76.20542539090565,77.92743691780544,79.47386254026125,80.72743252299196,81.5887341047351,81.92743135120483,81.63579339423165,80.72743252299196,79.2614802396231,77.35780118916264,75.15144388969325,72.77745794332552,70.34935392012932,67.89448320121639,65.41866268247017,62.927720122873524,60.42750255963267,57.92389103030047,55.42282606867491,52.93035131910018
45.94548265622551,48.00931853013135,50.01586516524946,51.9840483557866,53.933181651680485,55.88279053244227,57.85251940585293,59.8620811194434,61.931228871270164,64.05992059170634,66.16884751917539,68.1588862216795,69.9309192958072,71.42761687493278,72.75878251517241,74.07600554507684,75.53087704751948,77.20885587336892,78.93086832872729,80.47729452277267,81.73086484056036,82.59216660243371,82.9308639105121,82.6392259007804,81.73086484056036,80.26491215515796,78.36123233267615,76.1548735930744,73.7808850167093,71.3527763151126,68.89789729515299,66.42206200378148,63.93109311034948,61.430828586464344,58.927133393372316,56.425919725678995,53.933181651680485
46.94590356029544,49.01087912315138,51.018118747954574,52.98673187527871,54.93613632041547,56.88591832498706,58.855758604772916,60.865392227287174,62.93458629861544,65.06330742453116,67.17225223390145,69.16230145113661,70.9343405859205,72.43104167162363,73.76220956164161,75.07943423255878,76.53430705337311,78.2122869409821,79.93430013325931,81.48072678097591,82.73429736469862,83.5955992695415,83.93429662651872,83.64265857491256,82.73429736469862,81.26834436020187,79.36466392496585,77.15830404232892,74.78431337852925,72.35620096367049,69.9013153551247,67.42546833858384,64.93447854356575,62.43417674570229,59.93041514455004,57.42908343583835,54.93613632041547
47.946944435686135,50.01282548348571,52.020615481439236,53.98956998582915,55.9391896968684,57.88910913215322,59.859037844361936,61.86872854475537,63.937959381400375,66.0667038470505,68.17566284951528,70.1657204123785,71.9377643575383,73.4344682264257,74.76563790209939,76.08286387549217,77.53773774270047,79.21571847302963,80.9377322502001,82.484159257996,83.73773005279156,84.59903207110946,84.93772946689774,84.64609138205574,83.73773005279156,82.27177679502933,80.36809587344973,78.1617350835843,75.78774276298404,73.35962740089894,70.90473656296297,68.42888024006788,65.9378738551934,63.437542472140905,60.93372816029955,58.43230275422026,55.9391896968684
48.948477932306986,51.015078240077315,53.02330528819536,54.99253082947092,56.942321431581675,58.892349959718345,60.86234886653634,62.87208487202153,64.9413448902653,67.07010788104651,69.17907814871648,71.1691423355598,72.94119009873634,74.43789617664598,75.76906726959899,77.08629427676918,78.54116897450206,80.21915037369922,81.94116461510008,83.48759190869123,84.74116287101549,85.60246497939859,85.9411624059912,85.64952429476992,84.74116287101549,83.27520941223625,81.37152810464528,79.16516659471158,76.79117295910615,74.3630552578007,71.90816026927874,69.43229655987426,66.94127700746044,64.44092214211577,61.93706599214934,59.43556621328581,56.942321431581675
50.05040276945085,52.11757431755554,54.12614839048976,56.095589107913355,58.04551536804135,59.99563049206708,61.96568511600526,63.97545708164549,66.04474026193651,68.17351795635808,70.28249716531471,72.27256660964642,74.04461740319672,75.54132523441316,76.8724974522637,78.18972527994472,79.64460063686607,81.3225825669445,83.04459717680547,84.59102469723251,85.84459579252442,86.70589797239232,87.04459542343436,86.75295729127585,85.84459579252442,84.37864217419784,82.47496056022933,80.26859847877672,77.89460379944992,75.46648424150078,73.0115859586463,70.53571638653318,68.04468638293469,65.54431287935975,63.04042352142878,60.5388647096125,58.04551536804135
51.05263843250293,53.120263603437465,55.129113197051396,57.09872473394498,59.04875867957557,60.998942540370564,62.96904138929821,64.97884189746476,67.04814346186092,69.17693282671704,71.28591913243261,73.27599274965576,75.04804594842281,76.54475517124274,77.87592828192636,79.19315676084801,80.64803264096801,82.32601499240744,84.04802989471548,85.59445759518238,86.84802879601077,87.70933103261623,88.04802850306376,87.75639035428736,86.84802879601077,85.38207505105136,83.47839319391079,81.2720306588431,78.89803515111342,76.46991411954312,74.0150132219687,71.53913899660037,69.04810069782697,66.54771240087565,64.04379668512142,61.54219101678163,59.04875867957557
52.0551209361644,54.12310629218675,56.132174621476736,58.101921759328334,60.052041183607614,62.00227960431964,63.972413556082245,65.98223671905433,68.05155287516132,70.18035150294038,72.28934344139192,74.27942037065387,76.0514754784474,77.54818580578561,78.87935962511222,80.19658862092436,81.65146491630767,83.32944760218169,85.0514627366052,86.59789057996986,87.85146186456262,88.7127641462007,89.05146163205045,88.75982347008437,87.85146186456262,86.38550801909466,84.48182596894821,82.27546307384588,79.90146690861201,77.47334470742649,75.01844173454342,72.5425638158712,70.0515189331727,67.55111889458276,65.04718225820444,62.54553939853339,60.052041183607614
53.057799444299064,55.12607077043732,57.13531274486181,59.10516752278373,61.05535479693529,63.00563652409173,64.97579833789857,66.98563948237174,69.05496722007652,71.18377319990094,73.29276960907981,75.28284916711668,77.05490579010853,78.55161699410465,79.88279137588208,81.20002078195077,82.65489740692897,84.33288035824401,86.05489567689773,87.60132363368038,88.85489498475704,89.71619730213749,90.05489480021197,89.76325662777728,88.85489498475704,87.38894105951533,85.48525885618004,83.27889567531793,80.90489898822234,78.47677585871182,76.02187123865261,73.54599038859507,71.05494028020632,68.55453092219096,66.0505776808466,63.54890530158755,61.05535479693529
54.060633576096336,56.129131934231566,58.138511752638635,60.10845197305866,62.058693103106734,64.00900920400288,65.97919313249946,67.9890485491326,70.05838547925167,72.18719729443522,74.29619725204648,76.28627889654842,78.05833672215583,79.55504862195654,80.88622345015183,82.20345318184152,83.65833006841946,85.33631323041521,87.05832869529262,88.60475674209523,89.85832814594016,90.71963049168941,91.05832799946666,90.766689818723,89.85832814594016,88.39237415738202,86.48869183246062,84.28232842479073,81.90833132349309,79.48020745717,77.0253015297446,74.54941835303995,72.05836409700208,69.55794734210303,67.05398092122729,64.55228511174617,62.058693103106734
55.16359126102056,57.232269850721806,59.24175908967369,61.21176713121595,63.16205100887029,65.11239439309868,67.08259587439561,69.09246261899646,71.16180684519883,73.29062329193322,75.3996260659458,77.38970936647934,79.16176814660453,80.65848059866613,81.98965578118376,83.30688577131912,84.76176286552901,86.43974619474221,88.1617617756774,89.70818989392893,90.96176133965605,91.82306370792162,92.16176122339995,91.87012303606146,90.96176133965605,89.49580730084362,87.59212487941925,85.38576129173191,83.01176386168173,80.5836394105498,78.12873244546616,75.65284742209727,73.16178987405799,70.66136724821646,68.15739036663828,65.65567596025656,63.16205100887029
56.16664703189632,58.23546869426606,60.24504478899597,62.21510666357969,64.16542447138794,66.11578951096396,68.08600492415415,70.09588065986148,72.16523067700632,74.29405079981964,76.40305580921692,78.39314042414559,80.16519996187277,81.66191285226449,82.99308831600804,84.31031851127199,85.76519577027943,87.44317923221325,89.1651949052636,90.71162308022414,91.96519455919318,92.82649694532998,93.16519446692067,92.87355627434789,91.96519455919318,90.49924048049391,88.59555798247507,86.38919425190777,84.01519656092648,81.58707164563124,79.13216385695708,76.65627736788778,74.1652172069789,71.66478992134711,69.16080473703992,66.65907557008619,64.16542447138794
57.26978066736156,59.33871590093702,61.3483609385835,63.31846554261067,65.26881028165438,67.21919250943928,69.18941898052316,71.19930185253469,73.26865646597709,75.39747950650548,77.50648629013216,79.4965719482982,81.26863208733498,82.7653453256297,84.09652101258249,85.41375137065712,86.86862876046455,88.54661232773879,90.268628073901,91.81505629387149,93.06862779922471,93.92993019954591,94.26862772598795,93.97698952926066,93.06862779922471,91.60267368886721,89.69899113005528,87.49262728608406,85.11862938800161,82.69050410429955,80.23559566194074,77.759708009543,75.26864577479414,72.76821479067164,70.26422301644385,67.76248213388895,65.26881028165438
58.37297611263642,60.4420014967813,62.45170125788418,64.42183977763507,66.37220589255287,68.32260176284746,70.29283701067723,72.30272554681386,74.37208380835489,76.50090916468102,78.60991735651672,80.6000038427016,82.37206445899841,83.86877797342402,85.19995383753817,86.51718432483577,87.97206181845922,89.65004546934223,91.37206127353335,92.91848952922834,94.17206105552265,95.03336346710198,95.37206099739458,95.08042279736989,94.17206105552265,92.70610692003798,90.80242431297457,88.59606037899457,86.22206231653576,83.79393674042896,81.33902777924004,78.86313920350713,76.37207532274783,73.8716414031233,71.36764439844666,68.8658942171327,66.37220589255287
59.47622062183606,61.54531756423327,63.55506076153151,65.5252262010556,67.47560928235502,69.42601598085486,71.39625819484907,73.40615122662794,75.47551238367606,77.60433957805576,79.71334888758904,81.70343603097339,83.47549702607193,84.97221075966287,86.30338676439013,87.62061735425206,89.07549493027435,90.75347864751768,92.47549449776639,94.02192278181589,95.27549432473117,96.13679674524612,96.4754942785949,96.18385607595306,95.27549432473117,93.80954016930306,91.90585752394242,89.69949351852242,87.32549532559798,84.89736951740935,82.44246014442456,79.96657083583949,77.47550564863928,74.97506939910022,72.4710682429976,69.96931068120313,67.47560928235502
60.57950407653017,62.64865781833976,64.6584354923294,66.62862229862428,68.57901884636337,70.5294341393024,72.49968188238068,74.5095784823677,76.57894193758723,78.7077705908333,80.8167807874846,82.80686845248887,84.57892974824263,86.07564365578527,87.40681977211725,88.72405044338453,90.17892808480684,91.85691185472041,93.57892774152504,95.12535604807954,96.37892760418691,97.24023003179404,97.57892756756851,97.28728936284944,96.37892760418691,94.91297343292969,93.0092907571725,90.80292669505053,88.42892839857544,86.00080240618328,83.54589270635579,81.07000281610527,78.57893659198123,76.07849849318458,73.57449404208293,71.07273062236533,68.57901884636337
61.78281844444568,63.85201727024044,65.86182230925522,67.83202607470282,69.78243331089674,71.73285542530152,73.70310755683919,75.71300698892408,77.78237226820718,79.91120207935768,82.02021298011557,84.01030105913003,85.78236259351411,87.27907663912227,88.61025284403499,89.9274835799138,91.38236127324413,93.06034508496208,94.78236100078118,96.3287893251979,97.58236089177583,98.44366332501203,98.78236086271178,98.49072265634402,97.58236089177583,96.11640670795502,94.21272400807209,92.00635990094571,89.63236152228242,87.20423538368783,84.74932542444505,82.27343507252615,79.78236802539445,77.28192845883912,74.77792139248864,72.27615332331432,69.78243331089674
63.40812341573803,65.50417996299363,67.55490772655988,69.57944323945529,71.59615108942415,73.6216920062169,75.6702055102236,77.75289863246476,79.8784208661503,82.03925590836336,84.16926454919484,86.1899122889968,88.02568142870383,89.64148300976228,91.14010588001042,92.648954687659,94.27939080679056,96.07600255174917,97.87454232224246,99.50106080105948,100.92578851298312,102.10323008033812,102.66336141677301,102.21856591504888,100.92578851298312,99.05890352743606,96.81254615657534,94.34380130090638,91.79013189867447,89.25471977110246,86.73983734813231,84.23195637660541,81.72337700701942,79.20884748208339,76.68422375305767,74.1466788922256,71.59615108942415
61.26022433745766,63.329371993259386,65.33914597313606,67.30933049003455,69.25972559488328,71.2101399669549,73.18038711760988,75.19028333527542,77.2596465442538,79.3884750411874,81.4974851427871,83.48757275190164,85.25963401544124,86.75634790434556,88.0875240087195,89.40475467126448,90.85963230567943,92.53761606994955,94.25963195283735,95.80606025698052,97.05963181167436,97.92093423852162,98.25963177403621,97.9679935695397,97.05963181167436,95.59367764211319,93.68999496961288,91.48363091356632,89.10963262818635,86.68150665553097,84.2265969907235,81.75070716279637,79.2596410497751,76.75920314911998,74.25519905106623,71.7534362590057,69.25972559488328
59.85370580383736,61.92272152828511,63.93241542581832,65.90255031156272,67.85291413610851,69.80330854464722,71.77354285207596,73.78343078132008,75.85278865197962,77.981613760176,80.09062180112699,82.08070819859256,83.85276876375261,85.34948224859178,86.68065809372374,87.99788856717552,89.45276604967545,91.13074969160007,92.85276548957359,94.39919374144084,95.65276526549138,96.51406767586445,96.85276520574449,96.56112700607311,95.65276526549138,94.186811132699,92.28312853080556,90.0767646064697,87.7027665616232,85.27464101684657,82.81973211124847,80.3438436344477,77.85277993005269,75.35234632495713,72.84834988070565,70.34660069572419,67.85291413610851
58.885789352553104,60.96636281288646,62.99348425813767,64.98678033016459,66.96556959706649,68.94843647367944,70.95282402331969,72.99478284975088,75.08908526104403,77.23220782452753,79.35062735085148,81.35445211163943,83.15532031393585,84.7065029858126,86.1156390291448,87.52405669144352,89.06433139041893,90.80102352604717,92.5613404957309,94.14821582997318,95.48946161798813,96.51713169989307,96.97576859647651,96.60087395773814,95.48946161798813,93.82078274700984,91.75116291986473,89.42230106082587,86.96669132845763,84.49071020431742,82.00933417510163,79.51940900392137,77.02068233859006,74.51409090176074,72.00110153885669,69.48380296360676,66.96556959706649
58.0414019840881,60.10987601411986,62.119241062111584,64.08917212730991,66.03940748674474,67.98971990455745,69.9599014635192,71.96975535093105,74.03909129611152,76.16790248605545,78.27690206346416,80.26698348440857,82.03904118115987,83.53575300640755,84.86692778677075,86.1841574835713,87.63903434211971,89.31701748154181,91.03903293075186,92.58546096790911,93.83903236610013,94.70033470880978,95.0390322155474,94.74739403569401,93.83903236610013,92.37307838432613,90.46939607243225,88.26303268906402,85.88903563214669,83.46091184477045,81.00600605742478,78.53012313001233,76.03906931838108,73.53865335603405,71.03468834730526,68.53299504831102,66.03940748674474
43.575388421739866,45.63520111703349,47.63929911192161,49.60596225411429,51.55413654649456,53.50313297901806,55.472467679140124,57.48177494327105,59.550758783588236,61.67934644229854,63.788210086749814,65.77821157767447,67.5502232029852,69.04690837218126,70.37806605033407,71.69528327259425,73.15015010923184,74.82812517743865,76.5501350247867,78.09655961325488,79.35012898987779,80.21143024577083,80.55012738079239,80.25848951925778,79.35012898987779,77.8841774337752,75.98049977987702,73.77414508555995,71.4001638967651,68.97206833661099,66.51721263390144,64.04141883794068,61.5505239140258,59.05039129660679,56.54693109796331,54.04613509509383,51.55413654649456
44.57362137860212,46.63539884143489,48.64069311502864,50.60809904760162,52.556742037275185,54.50603782155231,56.47556519666084,58.48499684242566,60.55406080900201,62.682699337894206,64.7915939183145,66.78161360026606,68.55363571095143,70.05032694682339,71.38148851729949,72.69870857867053,74.15357769622369,75.83155460138457,77.55356572368015,79.09999109704825,80.35356093376755,81.21486243701338,81.55355965663526,81.26192172265323,80.35356093376755,78.88760882559717,76.98393011156868,74.77757343968095,72.4035886394141,69.9754866549699,67.52061955347696,65.04480547230276,62.553874388310874,60.05367728905705,57.55010221699996,55.04910205296184,52.556742037275185
45.57292273022122,47.63626235023844,49.64250714598108,51.61050303800374,53.55951819621478,55.5090516426973,57.478731971341745,59.48826235003182,61.55738991736331,63.68606882371097,65.7949879586849,67.78502207910492,69.55705251212726,71.05374856315834,72.38491322298982,73.70213553777347,75.15700646569563,76.83498482885085,78.55699696307428,80.10342295941845,81.35699316131675,82.21829486088673,82.55699214765596,82.26535415617235,81.35699316131675,79.89104061496957,77.98736105951423,75.78100281802506,73.40701515132298,70.97890806789152,68.52403191910085,66.04820173729905,63.55724195226736,61.05699367131456,58.553327416457506,56.05216518520987,53.55951819621478
46.5730737038388,48.637654926539994,50.64465480526869,52.61311920463375,54.56242985611128,56.512151977158226,58.481953722305335,60.491562472399664,62.56074052251978,64.68945147758721,66.79839010193828,68.78843568233006,70.56047272085203,72.05717259369976,73.3883397055645,74.70556380888843,76.16043617370465,77.83841569407257,79.56042863146453,81.1068551222655,82.36042561400669,83.22172746939935,83.56042480946346,83.2687867723408,82.36042561400669,80.8944727198782,78.99079249658138,76.78443300929709,74.41044306749882,71.98233193698286,69.52744860729848,67.05160564626705,64.56062308072126,62.06033417529446,59.556595543742816,57.055304664302454,54.56242985611128
47.57390005652715,49.639467824081436,51.64706742446275,53.61590383987975,55.565449089373914,57.51532098795488,59.485219112281925,61.49489007022993,63.56410819035253,65.69284458320635,67.80179867654772,69.79185335282068,71.56389563416674,73.06059854040637,74.39176759845768,75.70899312135047,77.16386662663234,78.84184706548169,80.5638606403495,82.1102875236013,83.36385824539107,84.2251602244603,84.5638576068246,84.27221953347822,83.36385824539107,81.89790507522821,79.99422432186493,77.78786384579138,75.4138720982449,72.98575775554596,70.5308687263518,68.05501562234262,65.56401497558616,63.06369382552742,60.55989774549437,58.05850474823595,55.565449089373914
48.57526311044926,50.641614583178,52.64969044266968,54.61882222923967,56.568553720174975,58.518544513919295,60.48851914128065,62.49823947642513,64.5674894012553,66.69624598453497,68.80521235578681,70.79527425152568,72.56732069412634,74.06402600797958,75.39519661072427,76.71242326033179,78.1672976708031,79.8452788386524,81.56729291948545,83.11372011422584,84.36729101860536,85.22859309583674,85.56729051177473,85.27565240967755,84.36729101860536,82.9013376293538,80.99765645527629,78.79129519439954,76.4173020136277,73.98918512141128,71.53429156849384,69.05843041393715,66.56741541592231,64.06706867267397,61.56322699382267,59.061752939499584,56.568553720174975
49.57705255615779,51.64402648751029,53.652480517844,55.62184680482446,57.57172614144504,59.52181131283757,61.49184666499973,63.50160619260893,65.57088136156132,67.69965397027067,69.80863008661021,71.79869771248093,73.57074745788567,75.06745468266865,76.39862651143987,77.71585405532285,79.17072918424432,80.84871093070174,82.57072541311986,84.11715285508902,85.3707239043901,86.23202605953287,86.57072350211835,86.2790853772016,85.3707239043901,83.9047703412477,82.00108883324893,79.79472694947304,77.42073263114827,74.99261371537457,72.53771657196341,70.06184902764466,67.57082263890757,65.07045558194795,62.56657771007578,60.0650393168755,57.57172614144504
50.6791806889686,52.74664893809171,54.75540322603001,56.72495567655004,58.67495237459761,60.625112460191275,62.595196012370266,64.60498664816684,66.67428185383903,68.80306718211551,70.91205103320166,72.90212320710495,74.67417557395589,76.17088431544832,77.50205711731907,78.81928537098983,80.27416107014608,81.95214327584532,83.67415807700186,85.22058571519666,86.47415687952216,87.33545909650323,87.67415656023883,87.3825184172102,86.47415687952216,85.00820317836244,83.10452140533013,80.89815902715864,78.52416380595668,76.09604328408201,73.64114329088643,71.16527067498603,68.67423524535056,66.1738520651462,63.66994546608899,61.16835600466729,58.67495237459761
51.6815778016926,53.749438562590484,55.75843123019541,57.72813146429817,59.67822132239753,61.628440871597945,63.598562681863285,65.60837800894222,67.67768911805086,69.80648454196485,71.91547453216467,73.90555031585879,75.6776047633586,77.1743147086663,78.50548828288768,79.82271709991792,81.27759325167013,82.95557582187004,84.67759087600956,86.22401866994876,87.47758992556913,88.33889219163137,88.67758967215381,88.38595151474978,87.47758992556913,86.01163611486504,84.10795413147541,81.9015913609017,79.52759542308515,77.09947362644577,74.64457137136996,72.16869473013737,69.67765212468808,67.17725614730384,64.67332674698255,62.17169675116159,59.67822132239753
52.68418850717666,54.75236091298004,56.76154282364476,58.731360369712235,60.681524175436294,62.631790923557276,64.60194310036167,66.61177802536396,68.68110175721577,70.80990519411205,72.91890005695552,74.90897870575208,76.68103480466749,78.17774570544542,79.50891989268254,80.82614915685181,82.28102566782988,83.9590085273343,85.68102378226655,87.22745169982022,88.48102302790147,89.34232533291936,89.68102282676556,89.38938465795174,88.48102302790147,87.01506913025187,85.11138697990148,82.90502389787781,80.53102739128357,78.10290458286178,75.6480005325274,73.17212069637698,70.68107239545026,68.18066626084178,65.67671876284149,63.17505659388574,60.681524175436294
53.68696880644015,55.75538863310227,57.76472077191478,59.73463143866775,61.684853940719535,63.6351581523021,65.60533443172226,67.61518491188353,69.68451866252492,71.81332845937328,73.92232718965292,75.91240811248873,77.68446552213578,79.18117718127183,80.51235185506027,81.8295814741243,83.28445827022021,84.96244135934583,86.68445677364743,88.23088478931399,89.48445617490745,90.34575851084452,90.68445601526575,90.392817837396,89.48445617490745,88.01850220824916,86.11481992538191,83.90845659616019,81.5344596381266,79.10633602665197,76.65143055141799,74.17554817945356,71.68449535800437,69.18408116154133,66.68011929921232,64.17843159381728,61.684853940719535
54.689883753403166,56.758500001068626,58.767951392317826,60.737935975382385,62.688205067297645,64.63853901469108,66.60873442479703,68.61859725127061,70.68793895390093,72.81675379867417,74.92575559855024,76.91583832629598,78.68789677627285,80.18460903731865,81.51578409728339,82.83301399802767,84.28789102042188,85.965874291798,87.68788983259117,89.23431792612995,90.4878893573709,91.34919171784856,91.68788923066319,91.39625104560572,90.4878893573709,89.02193533594041,87.11825294789442,84.91188942247143,82.53789210613009,80.1097678572716,77.65486125109285,75.1789768664477,72.68792045704546,70.18749986184619,67.6835265984214,65.18181862435974,62.688205067297645
55.792905596172645,57.86167777034889,59.87122382257546,61.84126707707159,63.7915731489971,65.74193069837555,67.71214129278586,69.72201391864391,71.79136193281633,73.92018078414762,76.02918502037045,78.01926918067652,79.79132845636458,81.28804119514685,82.61921656162005,83.93644668593421,85.39132388794155,87.06930730397002,88.7913229451596,90.33775110050567,91.59132256797702,92.4526249479325,92.79132246740903,92.49968427664669,91.59132256797702,90.12536850307377,88.22168603154739,86.01532235039933,83.64132474966881,81.21319999491818,78.75829249110721,76.28240650899397,73.79134725182394,71.29092157792037,68.78693926536393,66.2852152038107,63.7915731489971
56.796012298493835,58.86490824867269,60.87452943982841,62.84461926440092,64.79495468839501,66.74533097109482,68.71555361746495,70.72543402116881,72.79478704484346,74.92360907619289,77.03261524614956,79.02270054348097,80.79476047453699,82.29147359249916,83.62264920224843,84.93987950401015,86.39475684857655,88.07274037941568,89.79475610028999,91.34118430469249,92.59475580091996,93.45605819633504,93.79475572109911,93.50311752580879,92.59475580091996,91.12880170151237,89.22511916372754,87.0187553589804,84.64475753253001,82.21663237625236,79.76172415998975,77.2858369099637,74.79477539251408,72.29434568762521,69.79035619272037,67.28861936236528,64.79495468839501
57.89918636415301,59.9681805661525,61.977861399186835,63.947988188047546,65.89834690943336,67.84873806104065,69.81897027316435,71.82885685019218,73.89821384992896,76.02703840526736,78.13604611003213,80.12613230982214,81.89819276104443,83.39490617996202,84.72608198279966,86.04331242540162,87.49818988311725,89.17617350508169,90.8981892892018,92.44461753254042,93.69818905159163,94.55949145927701,94.89818898823779,94.6065507893536,93.69818905159163,92.23223492479792,90.32855233442373,88.12218843157592,85.74819042597153,83.32006495100158,80.86515616926545,78.38926791289536,75.8982046014577,73.39777169716413,70.89377650159545,68.39202953654025,65.89834690943336
59.002413902598306,61.071486093887685,63.08121426727732,65.05137039571726,67.001747608658,68.95215056188906,70.92239036642366,72.93228184324943,75.00164199879987,77.13046855743403,79.23947748037841,81.22956439645088,83.0016252605296,84.49833891831572,85.82951487440778,87.14674542879477,88.60162297631702,90.27960667060766,92.00162250492598,93.54805077916825,94.80162231633469,95.66292473375897,96.00162226605067,95.70998406431406,94.80162231633469,93.3356681678046,91.43198553569019,89.2256215549798,86.85162340718077,84.4234976792645,81.96858844871151,79.49269939360508,77.00163465827626,74.50119921460751,71.99719949439992,69.49544448536793,67.001747608658
60.10568388649807,62.17481798219208,64.18458373126245,66.15476314717458,68.10515503712594,70.05556735741534,72.02581318809283,74.03570855390812,76.10507121423655,78.2338993628903,80.34290925270551,82.33299673729209,84.10505792905533,85.60177177643163,86.93294785416182,88.25017849727266,89.70505611607445,91.38303986777045,93.10505574193112,94.65148404070162,95.9050555922461,96.7663580174002,97.10505555233568,96.81341734833507,95.9050555922461,94.43910142646385,92.53541876122021,90.32905471871027,87.95505645805125,85.52693052937133,83.07202094259208,80.59613125352777,78.10506538805458,75.60462792887867,73.10062461745088,70.59886322387237,68.10515503712594
61.20898756194548,63.27817079388453,65.28796636781047,67.25816426740008,69.20856780666239,71.15898756165606,73.12923817531305,75.13913662783223,77.20850127620864,79.33733068686351,81.44634134408528,83.43642927990206,85.20849073174875,86.7052047296029,88.03638090387733,89.35361161740832,90.80848929278474,92.4864730900434,94.208488995827,95.75491731406555,97.0084888770219,97.86979130831115,98.20848884534497,97.91685063954745,97.0084888770219,95.54253469754659,93.63885200600826,91.43248791444798,89.05848956421192,86.63036347618578,84.17545360666944,81.69956341443223,79.20849665196214,76.70805759307473,74.20405143128602,71.70228497026578,69.20856780666239
62.412317980009945,64.48154021310508,66.49135945967589,68.46157203002114,70.41198481544838,72.36241047141178,74.33266488133889,76.34256578378347,78.41193201007738,80.5407624223843,82.64977368869744,84.63986198265602,86.41192364093114,87.90863775821964,89.23981400912129,90.55704477854484,92.01192249882456,93.68990633224634,95.41192226312904,96.95835059681943,98.2119221688334,99.07322460499209,99.4119221436914,99.12028393646764,98.2119221688334,96.74596797848989,94.84228526608146,92.63592113558988,90.26192271425649,87.83379649975711,85.37888640583218,82.90299581422623,80.41192833980871,77.91148801122796,75.40747958710155,72.90570910403514,70.41198481544838
64.13332806907881,66.22760909345105,68.27564056825256,70.29662785142395,72.30905914351735,74.32982664473175,76.37344796233788,78.45166401055046,80.57378012147922,82.73269238893104,84.8614467542953,86.88027906789887,88.7123018816109,90.32123775177978,91.8105023740944,93.30905223550121,94.93042306157719,96.72110321056988,98.5158975672958,100.13856275221187,101.5552792453696,102.71869302237332,103.26956476529335,102.83112539035344,101.5552792453696,99.7076441464746,97.47913211010312,95.02498073209841,92.48179511517534,89.95284045845483,87.44163352354914,84.93573262715518,82.4282428625416,79.91459280673172,77.39126064651691,74.8559707368853,72.30905914351735
62.32896220923858,64.39815887040353,66.40796259554423,68.37816554673779,70.3285722697521,72.27899405664176,74.24924597747912,76.25914527358842,78.328510465294,80.45734022085088,82.56635108780301,84.55643914693992,86.32850066986677,87.82521470884612,89.15639090950586,90.47362164228252,91.92849933312064,93.60648314283146,95.32849905725752,96.87492738081664,98.12849894689182,98.9898013798578,99.32849891746511,99.03686071117647,98.12849894689182,96.66254476367426,94.75886206494964,92.55249795998402,90.17849958526679,87.75037345369171,85.29546350690404,82.81957317715091,80.32850616953368,77.8280666734488,75.32405973266245,72.82229188671946,70.3285722697521
60.92236774081701,62.99146124742546,65.00120235921008,66.97136650623787,68.9217487729361,70.87215495154652,72.84239683107828,74.85228964701074,76.92165066503884,79.05047777116933,81.1594870270394,83.14957413887014,84.92163511578153,86.41834883884985,87.74952483682594,89.0667554217635,90.52163299382967,92.19961670788689,93.92163255592425,95.4680608386124,96.72163238072967,97.58293480081561,97.92163233401766,97.62999413150146,96.72163238072967,95.25567822625909,93.35199558273717,91.14563158074716,88.77163339408669,86.34350759704083,83.88859824382732,81.41270897042813,78.92164384595316,76.42120770827862,73.91720675149568,71.4154495440558,68.9217487729361
59.935654322993415,62.01472903253351,64.039554092994,66.02979010346367,68.00483242205897,69.98343919949014,71.98337299875968,74.02117592418281,76.11226392762129,78.25355143919131,80.37076582916566,82.37283486038112,84.1700365768829,85.71434415835283,87.11377027235184,88.51102272206037,90.04102627482281,91.77075970610207,93.52658136497536,95.10874737113589,96.43991725755467,97.44895646611299,97.89455023170834,97.52867541309094,96.43991725755467,94.79481209918293,92.74522336994207,90.43158576553199,87.98632926889724,85.51649840170552,83.03854910243277,80.55044833322614,78.05271922892541,75.54692969243717,73.0351127136916,70.51984611448634,68.00483242205897
59.10975215208644,61.17842208773138,63.18790607287829,65.15791085806659,67.10819268326814,69.0585347575443,71.02873539608431,73.03860159680086,75.10794547270058,77.23676169706324,79.34576433585389,81.33584755687752,83.10790629117413,84.60461871672045,85.93579388222624,87.25302385995305,88.70790094419404,90.38588426537878,92.10789984074177,93.65432795556285,94.9078993992791,95.76920176646365,96.1078992815722,95.81626109455037,94.9078993992791,93.44194536287952,91.53826294608847,89.33189936704416,86.95790195277816,84.52977752972421,82.0748706144609,79.5989856797546,77.10792828977198,74.60750594580833,72.10352956647418,69.60181605297818,67.10819268326814
44.09353890128252,46.15442777846761,48.15918113097289,50.12625123725326,52.07468233828317,54.023842798194565,55.99328307573069,58.00265849664828,60.071686243821375,62.20030177809949,64.30918237474836,66.29919383396171,68.0712112050392,69.56789969865007,70.89905950971784,72.2162782877543,73.67114637428858,75.34912244911015,77.07113299510453,78.61755801368258,79.87112764242937,80.73242903386692,81.07112621524783,80.77948831401343,79.87112764242937,78.40517578380437,76.50149754897546,74.29514177098838,71.92115860317818,69.49305952264177,67.03819757363306,64.56239266181026,62.07147792300671,59.571309971213665,57.067786825504726,54.566878950508624,52.07468233828317
45.09235703344097,47.15499022960658,49.16080525738478,51.128534431755085,53.077381344683744,55.02680735595186,56.99641854364489,59.00590429191857,61.07500310998424,63.20366376474692,65.31257180051512,67.3025993944415,69.07462606559662,70.57131994007868,71.90248320345994,73.2197044996565,74.67457460925628,76.35255231336953,78.07456399018182,79.62098970492868,80.87455974175897,81.73586135258662,82.07455860900396,81.78292064351218,80.87455974175897,79.40860739347625,77.50492821836221,75.29857068636355,72.92458431534658,70.49647953675876,68.04160747753029,65.56578457355045,63.074837762028466,60.574612616460996,58.07098757883983,55.56989860778084,53.077381344683744
46.09212378182083,48.15614358759396,50.16280208256813,52.131054679450344,54.08023175096967,56.029868582862846,57.999615443514955,60.00918876744697,62.078343998058585,64.2070404663624,66.31597028109226,68.30601068133834,70.07804473404042,71.57474287935061,72.90590888284771,74.22313217771622,75.67800389302818,77.35598289031333,79.07799546465748,80.62442173195436,81.87799209268094,82.73929387763872,83.0779911936125,82.7863531771196,81.87799209268094,80.41203935575635,78.50835943433688,76.30200051017627,73.92801159676608,71.49990229561237,69.04502221183628,66.56918502728078,64.07821275902137,61.57794221681118,59.074236301459024,56.5730035751761,54.08023175096967
47.09264473666402,49.15776644791356,51.165094917328645,53.13376315657848,55.08320235611788,57.03300654945659,59.002861107340664,61.01250394564917,63.08170395315916,65.21042884756434,67.31937594859401,69.30942651334212,71.08146642482632,72.57816795991255,73.90933613824915,75.22656101946895,76.68143400923805,78.35941403291588,80.08142731963221,81.62785402548863,82.88142464329198,83.74272656645698,84.08142392970078,83.78978587272823,82.88142464329198,81.41547159790198,79.51179108413908,77.3054310550175,74.9314401237045,72.50332723297555,70.04844078007349,67.57259226089717,65.08159978723134,62.581293212476226,60.07752310060431,57.57617626363741,55.08320235611788
48.09376511965132,50.159762267447256,52.16762282012289,54.13662108205139,56.08626838376961,58.036205432772846,60.00614547853331,62.01584349392334,64.08507904228665,66.21382649905463,68.3227873204352,70.31284595282915,72.08489051445972,73.58159474002403,74.91276464453698,76.22999078484739,77.6848647861554,79.36284562448253,81.08485947660947,82.63128653055097,83.88485735239638,84.74615938525656,85.08485678601859,84.79321869691732,83.88485735239638,82.41890406217718,80.51522307827065,78.30886217214021,75.9348696392142,73.50675389942971,71.0518623913249,68.57600487577815,66.08499636483096,63.58466119026639,61.080840123174966,58.57940270888264,56.08626838376961
49.09536178285549,51.16205430354918,53.17033737538941,55.13959765661005,57.08941016129566,59.03945267101395,61.009460573919114,63.01920238558293,65.08846614362568,67.21723150850013,69.32620321986002,71.31626825559607,73.08831650806789,74.58502286907301,75.91619414365624,77.23342128330924,78.68829608747724,80.36627757239256,82.08829187328644,83.63471920350337,84.8882901872971,85.74959230722241,86.08828973776271,85.79665162316084,84.8882901872971,83.42233670275672,81.51865534569686,79.31229374348348,76.93829993935479,74.51018193826857,72.05528641783144,69.579421761813,67.08840052191613,64.58804264718921,62.08418113539622,59.58267182503502,57.08941016129566
50.09733679405626,52.164581572148876,54.17320012652243,56.14266842308572,58.09261206971753,60.042738291917374,62.012800056458644,64.02257663063097,66.09186277926898,68.22064235803569,70.32962271285952,72.3196928309614,74.09174401286694,75.58845206877695,76.91962443078772,78.23685236362056,79.69172780501958,81.36970980313262,83.09172446021321,84.63815200971021,85.89172312204244,86.75302531107138,87.09172276524671,86.80008463040502,85.89172312204244,84.42576948326922,82.52208783003721,80.31572567534212,77.94173086225823,75.51361106637256,73.05871236133555,70.58284203789086,68.09181069492482,65.59143480276566,63.08754118903603,60.58597481170429,58.09261206971753
51.199612304692714,53.26729562386652,55.2761805321166,57.24581396238577,59.19586170921754,61.14605437926002,63.11615889594259,65.12596306200746,67.19526698242413,69.32405784290245,71.43304505809952,73.42311921009667,75.19517271710231,76.69188211826196,78.0230553433658,79.34028390574659,80.79515985291661,82.47314225835515,84.19515719814146,85.74158492168117,86.99515613603451,87.85645837991109,88.19515585284555,87.90351770193948,86.99515613603451,85.52920237484659,83.62552048654253,81.41915789334223,79.04516227944941,76.61704105902854,74.1621398263669,71.68626500466405,69.19522564282676,66.69483545003223,64.1909163563765,61.68930468305581,59.19586170921754
52.20212645079229,54.270157975213806,56.27925433985847,58.24901885688688,60.199149236146965,62.149394649154516,64.11953309957752,66.12935916589092,68.19867719199905,70.3274770068646,72.43646966717597,74.42654702088974,76.19860237333293,77.69531284221968,79.02648675236173,80.34371581441549,81.79859216301648,83.47657489174966,85.19859005591971,86.74501791759724,87.99858921292477,88.85989150033394,89.19858898815754,88.9069508245012,87.99858921292477,86.53263535457623,84.62895327969532,82.42259033845308,80.0485940889574,77.62047173788096,75.16556849903853,72.68969010705385,70.1986443805965,67.6982428372605,65.19430351979474,62.692655893823996,60.199149236146965
53.20483008324787,55.27313806342303,57.28240229337305,59.25227086666462,61.202466836395146,63.15275411358664,65.12291949808362,67.13276294698159,69.2020921689239,71.33089909094602,73.43989607306784,75.42997596799324,77.20203278516396,78.69874410150737,80.02991855536516,81.34714801400986,82.80202468122698,84.48000766655935,86.20202300882292,87.74845098014056,89.00202233973738,89.86332466169839,90.2020221613395,89.9103839875632,89.00202233973738,87.53606840427238,85.63238618130529,83.4260229638219,81.05202620984764,78.62390296136851,76.16899813021695,73.69311690449018,71.20206612640675,68.70165557406465,66.19770020471125,63.69602404234743,61.202466836395146
54.20768416234637,56.276211619209136,58.285609104264324,60.25556027502651,62.205808307141325,64.15612881325846,66.1263155758773,68.13617282155963,70.20551092972931,72.33432349273976,74.44332390509769,76.4334058169888,78.20546379671629,79.70217578568719,81.0333506710927,82.35058044451205,83.80545736461505,85.48344055361041,87.20545603722695,88.75188409556598,90.00545550617335,90.86675785555819,91.20545536457885,90.91381718277037,90.00545550617335,88.53950150950098,86.63581916899781,84.42945573226162,82.05545857788232,79.6273346171337,77.17242852216403,74.69654504728993,72.20549025971324,69.70507255687076,67.2011044469752,64.69940563478497,62.205808307141325
55.21065768330757,57.27935937271661,59.28886263522486,61.258879368658,63.20916872472645,65.15951560547886,67.1297193362602,69.13958753259473,71.20893269382309,73.33774973411066,75.4467528690569,77.43683638181771,79.20889528426821,80.70560780710431,82.03678303502974,83.35401305828599,84.80889017910471,86.4868735297475,88.208889125556,89.75531725296395,91.00888870405842,91.87019107520956,92.20888859167482,91.9172504034912,91.00888870405842,89.54293465880575,87.63925222501412,85.4328886142568,83.05889114207571,80.63076661599816,78.17585951793441,75.69997425790791,73.20891628798486,70.70849290975659,68.20451468759114,65.70279789792184,63.20916872472645
56.31372602568257,58.38256602484343,60.3921532510404,62.36222202475956,64.31254418093924,66.26291199576987,68.23312919440228,70.24300608236172,72.3123568416413,74.44117743555977,76.55018273143085,78.54026751480464,80.31232714962161,81.80904009618708,83.14021559597083,84.45744581752282,85.91232309764976,87.59030657659225,89.31232226144752,90.85875044367556,92.11232192690471,92.97362431533176,93.31232183770578,93.02068364446217,92.11232192690471,90.64636784309374,88.74268533525904,86.53632158638106,84.16232386196045,81.7341988871808,79.2792909929602,76.80340431605542,74.31234382029645,71.81191593749263,69.30792968915353,66.80619863056063,64.31254418093924
57.316869640683535,59.38581942978071,61.395473303085154,63.36558338319735,65.31593157364105,67.26631600418578,69.236543892392,71.24642767895313,73.31578288143093,75.4446062958767,77.5536133068782,79.54369909873938,81.3157593148364,82.8124725977163,84.14364831327421,85.4608786922137,86.91575609878369,88.59373967955773,90.31575543508949,91.86218366082824,93.11575516956266,93.97705757170164,94.31575509876541,94.02411690150574,93.11575516956266,91.64980105514803,89.74611848854522,87.53975463004082,85.16575670541752,82.73763137450267,80.28272284837155,77.80683504688855,75.31577254636855,72.81534108826887,70.31134846951387,67.80960608554977,65.31593157364105
58.420073007685275,60.489109945564095,62.498816719915595,64.46895958618772,66.41932844054354,68.36972605919422,70.33996243180476,72.349851693824,74.41921042288439,76.54803607598959,78.65704444829304,80.64713104059192,82.4191917180515,83.91590526786442,85.24708115468249,86.56431165854048,88.0191891654684,89.69717282706623,91.41918863869395,92.96561689896718,94.21918842794517,95.08049084096729,95.41918837175334,95.1275501713061,94.21918842794517,92.75323428924037,90.84955167599334,88.64318773047835,86.26918964695403,83.84106403337442,81.38615500569536,78.91026631163326,76.41920221993102,73.91876792410967,71.41477024912854,68.91301887613635,66.41932844054354
59.52332380497121,61.59242991820862,63.60217868216682,65.57234757162138,67.52273282725203,69.47314091343841,71.44338402017803,73.45327762809288,75.52263915621239,77.6514665861462,79.76047603891699,81.75056326652415,83.52262431016763,85.0193380718455,86.35051409459287,87.6677446975988,89.12262228418086,90.80060600992853,92.52262186607967,94.06905015376296,95.32262169880826,96.18392412046833,96.52262165420879,96.23098345123157,95.32262169880826,93.85666754082435,91.95298489055574,89.74662087598041,87.37262266633628,84.94449682840545,82.48958740264737,80.01369800014433,77.5226326455184,75.02219609739117,72.51819440926573,70.01643590162998,67.52273282725203
60.626612250905424,62.6957732720161,64.7055553644184,66.67574490898431,68.62614318251505,70.57655957687135,72.54680802852607,74.55670508579416,76.62606883553391,78.75489767573967,80.86390798607874,82.85399571793073,84.62605705221465,86.12277098204987,87.45394711268443,88.77117779438416,90.22605544418778,91.90403922085122,93.62605511234064,95.17248342177925,96.4260549795772,97.28735740809324,97.62605494417858,97.3344167391933,96.4260549795772,94.96010080629145,93.0564181266388,90.85005405725025,88.47605574750473,86.04792973150617,83.59301998979248,81.1171300249992,78.62606366798914,76.12562533220255,73.62162045883296,71.1198562883971,68.62614318251505
61.72993058061196,63.799135184244065,65.80894373025086,67.77914966910308,69.72955827507374,71.67998126368008,73.65023395761779,75.6601337526479,77.72949926569225,79.85832922523295,81.96734021622493,83.95742834829647,85.72948991326194,87.2262039765638,88.55738019282846,89.87461093698752,91.32948863697008,93.00747245404543,94.72948837358285,96.27591670028869,97.52948826820844,98.39079070216604,98.72948824011253,98.43785003353345,97.52948826820844,96.06353408277758,94.15985137980283,91.95348726690895,89.57948887771293,87.15136272038191,84.69645272789401,82.22056231681049,79.72949516420701,77.22905540955242,74.72504800804697,72.2232793430249,69.72955827507374
62.93327263035722,65.00251182679104,67.01234136954217,68.98256032074555,70.93297712765846,72.8834053501568,74.85366141120993,76.86356337920867,78.93293029179097,81.06176113974925,83.17077267097613,85.16086112070228,86.93292286875985,88.42963703799424,89.76081332222358,91.07804411595663,92.53292185576626,94.21090570491654,95.93292164671566,97.47934998712654,98.73292156307994,99.59422400135654,99.93292154078021,99.64128333293614,98.73292156307994,97.26696736800952,95.36328464652398,93.15692049909995,90.78292204684399,88.35479577733733,85.89988558580976,83.4239948205053,80.93292703643857,78.43248615562646,75.92847674753452,73.42670451514523,70.93297712765846
64.64178623959498,66.73512160168495,68.78171587078157,70.80080975113076,72.81095583479126,74.82916854597944,76.87016702765739,78.94597881150841,81.06626322308607,83.22414051024134,85.35221935131003,87.37007338571226,89.20007542500647,90.80530094446809,92.28949362410023,93.78244218187176,95.39886564466602,97.18629998446676,98.97904128892253,100.59959142363644,102.01190128788772,103.16756854125038,103.71330555119275,103.27839267754999,102.01190128788772,100.17483354405628,97.9560533051878,95.5098145950092,92.97228810889695,90.44680873567884,87.93757633034873,85.43273809718056,82.92583278237055,80.41265429798852,77.89001441124779,75.35593238486442,72.81095583479126
63.23817420188226,65.30740403977141,67.31722790220633,69.28744333314688,71.23785792144301,73.18828472800804,75.1585398781506,77.16844125829327,79.23780779225686,81.3666383998705,83.47564978494702,85.4657381487377,87.23779984726318,88.73451398783953,90.0656902536823,91.38292103400401,92.83779876303922,94.51578260351224,96.23779853928886,97.7842268759921,99.03779844977215,99.89910088688033,100.23779842590437,99.94616021840253,99.03779844977215,97.57184425730954,95.66816154083173,93.46179740274917,91.08779896755291,88.65967272839322,86.20476259071208,83.72887192123541,81.23780430799917,78.73736373184778,76.23335486660018,73.73158359929569,71.23785792144301
61.831528324215554,63.9006744907464,65.91044756665733,67.88063152332995,69.83102627509653,71.78144042182748,73.75168742751357,75.76158355162318,77.83094670034512,79.95977515902825,82.06878523736836,84.05887283280643,85.83093408846307,87.32764797280649,88.6588240742542,89.97605473466481,91.43093236736502,93.10891613025416,94.8309320121835,96.37736031573661,97.63093187008458,98.49223429674586,98.83093183219684,98.5392936277548,97.63093187008458,96.16497770093845,94.26129502923509,92.05493097467522,89.68093269201023,87.25280672418452,84.79789706794665,82.32200725527042,79.8309411694365,77.33050331726761,74.82649930560643,72.32473666713666,69.83102627509653
60.83027919811167,62.908191629433446,64.93123446577023,66.91909295924538,68.89122002545628,70.86650686253145,72.86296360339563,74.89751626842303,76.9860865320033,79.12593521674108,81.24220409354001,83.2428947945954,85.03721493726536,86.57610749855907,87.96785961859328,89.35624983948048,90.87806461164435,92.60223031497307,94.35444667982651,95.93282852489523,97.25587704404688,98.2498093552374,98.6847569062062,98.32625053966547,97.25587704404688,95.62971961464513,93.5960863144314,91.29448734492124,88.85737468889089,86.39236521944812,83.91709697440407,81.43042206999351,78.93347216029696,76.42830875684649,73.9174068187569,71.40372512667855,68.89122002545628
60.01870164639847,62.08750422661201,64.09706873731598,66.06712343224386,68.01743671486295,69.96779886632949,71.93801242147096,73.94788695806807,76.01723620289772,78.14605583544734,80.25506054672063,82.24514498635394,84.01720442304294,85.5139172549764,86.84509268121404,88.16232284912087,89.61720008614998,91.29518353038343,93.01719919114876,94.56362735854626,95.81719883308197,96.67850121683536,97.01719873761085,96.72556054573616,95.81719883308197,94.35124475970224,92.44756227189846,90.24119856038644,87.86720090420444,85.4390760508127,82.98416837197732,80.50828207838234,78.01722226594103,75.51679560176659,73.01281152476221,70.51108432637332,68.01743671486295
44.400462823223364,46.461931071525406,48.46703713285948,50.434326223130185,52.3828954945169,54.33214419925169,56.30164127349492,58.311053359091275,60.38010472531835,62.50873525466183,64.61762497031033,66.60764179168322,68.37966225352515,69.87635253540324,71.20751349380629,72.52473310872367,73.9796018676002,75.65757848389805,77.37958940570678,78.92601465564857,80.17958442001726,81.04088588436662,81.37958309068502,81.08794516809542,80.17958442001726,78.71363239866011,76.80995385133818,74.60359749042556,72.22961325806686,69.80151228385068,67.34664697483444,64.87083608355192,62.37991068583794,59.879723726640265,57.37616671925427,54.875198662023166,52.3828954945169
45.39959601657226,47.46268982611461,49.46878509058509,51.43668818708118,53.38564481185949,55.33514088183043,57.304797156785156,59.31431200897471,61.38342957476313,63.51210213161407,65.62101740532252,67.61104925526553,69.38307837958723,70.8797736734279,72.21093784745435,73.52815980788623,74.98303045112584,76.6610085850099,78.38302056010663,79.92944645848718,81.18301660296072,82.04431827165855,82.3830155478688,82.09137756542736,81.18301660296072,79.71706412551728,77.81338470237716,75.60702670770948,73.23303949175752,70.8049332101481,68.35005848405812,65.87423083410955,63.38327556238862,60.88303532994922,58.37938341412624,55.87824666953111,53.38564481185949
46.3996132901848,48.463999168826184,50.47088027171171,52.43927098282006,54.38853516166475,56.33822761099705,58.308010262275076,60.31760668797946,62.38677679946686,64.51548271477748,66.62441827438116,68.61446205267258,70.38649805247016,71.88319732433229,73.21436405061186,74.53158787268583,75.98646001154891,77.6644393499439,79.3864521610368,80.93287857408396,82.18644902024708,83.04775085113647,83.3864481828199,83.09481015287403,82.18644902024708,80.72049618080752,78.81681606252945,76.61045677114771,74.23646718711078,71.80835669300362,69.35347449252446,66.87763354104798,64.38665455778802,61.88637204068819,59.38264479072535,56.881374142236425,54.38853516166475
47.400333378173016,49.46574594697145,51.473251216384554,53.44202912244833,55.39153747737757,57.34138582174887,59.31126878972279,61.320929965167025,63.39014178413893,65.51887417683562,67.62782583764826,69.61787908357968,71.38992054048458,72.88662296971964,74.21779172173088,75.5350170213949,76.98989034733735,78.66787064175456,80.38988411637865,81.93631093791717,83.18988162353159,84.05118358315252,84.38988095886509,84.09824289121491,83.18988162353159,81.72392849677539,79.8202478267656,77.61388750618013,75.23989604258946,72.81178220500993,70.3568940720709,67.88104256306025,65.39004475960921,62.889728680106046,60.38594163408072,57.884564695513774,55.39153747737757
48.40161199700966,50.467840191212254,52.47584114326888,54.444926476472176,56.39462867836684,58.34460077475707,60.314563371543215,62.32427594191306,64.39352086535676,66.52227427364693,68.631238714176,70.62129947464351,72.39334526288161,73.8900501981348,75.22122055797476,76.5384470304052,77.99332129853452,79.67130235174787,81.39331635301737,82.93974349877587,84.19331437444296,85.05461643623826,85.39331384689676,85.10167574932066,84.19331437444296,82.7273610196433,80.82367991172353,78.61731877425785,76.2433258188622,73.8152093275602,71.36031648600367,68.8844565974068,66.3934438561522,63.89310113749286,61.3892666292121,58.88780532154702,56.39462867836684
49.40333436803893,51.470210391867056,53.47860494487145,55.447934352675816,57.397790438911514,59.347860768713815,61.31788657159112,63.32763993604496,65.39691113529359,67.52568122397261,69.63465580788178,71.6247225326816,73.39677175871643,74.89347868300356,76.2246503189808,77.54187772223804,78.9967527381825,80.67473439365321,82.39674881292169,83.94317621601387,85.1967472425259,86.05804938541704,86.39674682381215,86.10510870248382,85.1967472425259,83.730793706728,81.82711225123867,79.6207504654143,77.24675632597086,74.8186377284037,72.36374114960182,69.88787461008144,67.39685001255334,64.89648614996656,62.392613969552514,59.89108569392707,57.397790438911514
50.40540922674059,52.47279972796461,54.48150679405545,56.45102996781026,58.401008209710255,60.35115651458693,62.321232487108574,64.3310182310482,66.400310285901,68.52909361400322,70.6380762487893,72.62814770750873,74.40019966213426,75.89690816512245,77.2280808139723,78.54530895602821,80.00018456551445,81.67816669899747,83.40018145003211,84.94660905737021,86.200180203608,87.06148241086495,87.40017987127467,87.10854173109414,86.200180203608,84.73422652415167,82.83054479279612,80.62418249236882,78.25018741314521,75.82206714383159,73.36716759876776,70.89129578037982,68.40026177243868,65.899881127644,63.39597904600876,60.894397615255315,58.401008209710255
51.50776403250822,53.575563060495966,55.584518238856646,57.554195232356136,59.50427044034926,61.45448063859678,63.42459643264158,65.43440787695202,67.50371648521369,69.63251032157261,71.74149934638857,73.73157456243877,75.50362868275425,77.00033843876074,78.33151189152917,79.64874061997057,81.10361670055158,82.78159921343344,84.50361422779113,86.05004199723939,87.30361323850359,88.16491549684773,88.50361297473042,88.21197481958691,87.30361323850359,85.83765944502544,83.93397749471467,81.72761478584658,79.35361896071839,76.92549736453708,74.47059546514436,71.99471945689996,69.50367797985703,67.00328401485038,64.49935820007778,61.99773457841903,59.50427044034926
52.51034114427,54.57846453727488,56.5876166868845,58.557415784592436,60.50756796160452,62.45782728749654,64.42797468907074,66.43780653225521,68.50712827915828,70.63593045600143,72.74492455261552,74.73500275087144,76.50705859009997,78.00376934062923,79.33494343146901,80.65217262532525,82.10704907981467,83.78503189382567,85.50704711718308,87.05347501529826,88.30704633198496,89.16834863087703,89.50704612262805,89.21540795560844,88.30704633198496,86.84109244800763,84.93741032391196,82.73104729086411,80.35705087371073,77.92892822439273,75.47402445636465,72.99814512261864,70.50709771731293,68.00669317994323,65.50274852783795,63.001091418194505,60.50756796160452
53.51309477093223,55.581475686433066,57.59078420021173,59.560680223055186,61.510893494815676,63.461191815136374,65.43136430435759,67.44121233843912,69.5105445136098,71.63935331034708,73.74835143246776,75.73843199770837,77.51048920124151,79.00720074112496,80.33837533840273,81.65560490165919,83.11048165292007,84.78846470593751,86.51048009517815,88.05690809541633,89.31047947196595,90.17178180304097,90.51047930579925,90.21884112935356,89.31047947196595,87.8445255161594,85.9408432541305,83.73447996378093,81.36048307673661,78.93235959154283,76.4774543403758,74.00157236717087,71.51052025657924,69.01010732785403,66.50614772434056,64.00446403461032,61.510893494815676
54.51598854201015,56.584573899768,58.59400653750373,60.56397949678433,62.51424126224936,64.46457053359723,66.43476293535964,68.44462382035368,70.51396427252203,72.64277832350268,74.7517796406812,76.74186208460293,78.51392037098685,80.01063253738175,81.34180753661988,82.65903739306967,84.11391437987825,85.7918976225953,87.51391314349755,89.06034122479088,90.31391264885369,91.1752150054723,91.51391251696708,91.22227433303989,90.31391264885369,88.84795863603617,86.94427626452966,84.73791276995951,82.3639155099624,79.93579136133314,77.48088493299662,75.00500086484766,72.51394501965513,70.01352543066542,67.50955396008084,65.0078491733086,62.51424126224936
55.518993573795996,57.587741226793554,59.59727239289012,61.56730642101243,63.517606677701735,65.46796051560719,67.43816872225544,69.44803980714454,71.51738682881836,73.64620505011356,75.75520890321819,77.74529283825262,79.51735198409678,81.01406464775451,82.34523996602897,83.66247005518653,85.11734722894954,86.79533062223129,88.51734624763344,90.06377439326025,91.31734585503435,92.17864823192691,92.51734575035587,92.22570756049063,91.31734585503435,89.85139179696722,87.94770933856822,85.74134568190807,83.36734812589803,80.93922345069944,78.48431608804202,76.00843035713228,73.51737154777689,71.01694667250581,68.51296578293835,66.01124425117253,63.517606677701735
56.622086930916495,58.6909634162016,60.70057279131042,62.670655292545845,64.62098610083979,66.57135943768279,68.54158018886085,70.55145936948703,72.62081160541103,74.74963313669896,76.85863900257391,78.84872412110694,80.6207839491057,82.11749700744143,83.44867257893529,84.76590285279322,86.22078017494206,87.89876368772713,89.62077939607096,91.16720759275927,92.42077908446478,93.28208147744886,93.62077900138145,93.32914080680314,92.42077908446478,90.95482499048305,89.05114246311743,86.84477867780636,84.47078088685063,82.04265579371351,79.58774768948462,77.11186063883915,74.62079947682096,72.12037040580921,69.61638204033825,67.11464721789825,64.62098610083979
57.625250403024694,59.69422915420215,61.70390060825572,63.674021584353525,65.6243766421649,67.5747654556071,69.54499616350074,71.55488176976493,73.62423814426111,75.75306230269948,77.86206976611408,79.85215582399157,81.62421619341717,83.12092956500922,84.45210533748353,85.76933575793825,87.22421319786105,88.90219680549595,90.62421257967058,92.17064081688648,93.42421233234862,94.28551473810447,94.62421226640532,94.33257406808627,93.42421233234862,91.95825820986143,90.05457562775696,87.84821174033554,85.4742137629033,83.04608833804804,80.59117964523313,78.1152915471117,75.62422851778054,73.12379611659695,70.6198018174648,68.11805644610644,65.6243766421649
58.728469532444194,60.79752945944681,62.80725018837022,64.7774017030746,66.72777600817714,68.67817710558202,70.64841571619888,72.65830642252517,74.72766608182027,76.856492325434,78.9655010568184,80.95558786025475,82.72764865941139,84.22436227963519,85.55553821162783,86.87276874843654,88.3276462818366,90.00562996475388,91.72764579117847,93.27407406056113,94.52764559487892,95.38894801077176,95.72764554253968,95.43600734125161,94.52764559487892,93.0616914497669,91.15800882421617,88.95164485574978,86.57764673031096,84.14952104217076,81.69461188219465,79.21872295269031,76.72765844126982,74.22722339692059,71.72322438821787,69.22147064411237,66.72777600817714
59.83173284151694,61.900857202434494,63.910617042598645,65.88079279649656,67.8311823784592,69.78159322576373,71.75183810882206,73.76173286308904,75.83109512953834,77.95992302815984,80.06893276593362,82.05902016112083,83.83108130135534,85.3277951189184,86.65897117752084,87.9762018066798,89.43107941427283,91.10906315694177,92.8310790248372,94.3775073197506,95.63107886903411,96.49238129297271,96.83107882749243,96.53944062384784,95.63107886903411,94.1651247059648,92.26144204593072,90.05507801313885,87.68107977022717,85.25295387311755,82.79804434235518,80.32215475298139,77.83108906522456,75.33065192298928,72.82664917628496,70.32488878668468,67.8311823784592
60.93503121878591,63.00420672384624,65.01399760772563,66.98419260071606,68.93459430810378,70.88501289397934,72.85526275550669,74.86516072263812,76.93452505839183,79.06335427059574,81.17236480714205,83.16245267200244,84.93451408295076,86.4312280571421,87.76240421623486,89.07963491869222,90.53451258517222,92.21249637526611,93.93451227607697,95.48094059125417,96.73451215241599,97.59581458274047,97.93451211944432,97.64287391392938,96.73451215241599,95.26855797509393,93.36487528769044,91.15851120384337,88.78451286769341,86.35638680472461,83.90147697966896,81.42558686655619,78.93452024513974,76.43408143780863,73.9300757242423,71.42831006008349,68.93459430810378
62.03835743145356,64.10757353148064,66.11738905546797,68.08759931880826,70.03801065026136,71.98843537828927,73.95868919124831,75.9685897084394,78.03795568660412,80.16678594140024,82.27579711193314,84.26588534957358,86.03794697538763,87.53466107389497,88.86583731274695,90.18306807338132,91.63794578659996,93.31592961433503,95.03794554127089,96.58437387253146,97.8379454431211,98.69924787851406,99.03794541695149,98.74630720995201,97.8379454431211,96.37199125448663,94.46830854536003,92.26194442099045,89.88794601083717,87.45981981622585,85.00490975758936,82.52901922878453,80.03795186632146,77.53751173740127,75.0335036690299,72.53173381843493,70.03801065026136
63.241705738196174,65.31095405962492,67.3207891409166,69.29101152451298,71.24143049466059,73.19186009774604,75.16211704696998,77.17201958814942,79.24138686989852,81.37021795220139,83.47922962593009,85.46931815944633,87.24137995579949,88.73809415297649,90.06927045513338,91.3865012619429,92.84137901225803,94.51936286986896,96.24137881754021,97.78780716156616,99.04137873963867,99.90268117905451,100.24137871886782,99.94974051069009,99.04137873963867,97.57542454202556,95.6717418156573,93.46537765912495,91.09137919023523,88.66325289113914,86.20834264710943,83.73245178836947,81.24138383773699,78.74094265986984,76.2369327224852,73.7351595491034,71.24143049466059
64.94289778272609,67.03567788702414,69.0814279147201,71.09940889768498,73.10821076334446,75.12491935095599,77.16437218390551,79.23876582013827,81.35796897160998,83.51523498461685,85.64291472638729,87.66019061899829,89.48899776813212,91.09202704034524,92.57321267521887,94.06283383263217,95.67631266513371,97.46181221606267,99.25332852773633,100.8726157099823,102.28229110112892,103.43331677678097,103.9759698393558,103.54317562835533,102.28229110112892,100.45153382881585,98.23854345697714,95.7969971152456,93.2628182656378,90.73939124545657,88.23132374943046,85.72711210514656,83.2205513015326,80.7076507370758,78.18541875381307,75.65204819269141,73.10821076334446
63.780144992174215,65.84939154372265,67.85922555076269,69.82944726861498,71.77986581918361,73.73029515449176,75.700551931447,77.71045436145295,79.77982157159884,81.90865260844848,84.01766425453769,86.00775277180207,87.77981455878786,89.27652875054517,90.60770504922485,91.92493585349806,93.37981360177557,95.05779745774547,96.77981340427777,98.32624174760254,99.57981332526404,100.44111576445891,100.77981330419667,100.48817509608364,99.57981332526404,98.1138591281441,96.21017640272288,94.0038122479572,91.62981378229372,89.20168748893676,86.74677725509031,84.27088641447301,81.77981849614741,79.27937737589676,76.77536754117315,74.27359455030529,71.77986581918361
62.37347321535046,64.44264591110382,66.45243508979193,68.42262902600957,70.37303006736923,72.32344822817976,74.29369781624962,76.3035956069049,78.37295982899596,80.50178896904751,82.6107994617189,84.60088730078112,86.37294869685971,87.86966266244781,89.20083881602083,90.51806951445207,91.97294717769753,93.65093096518648,95.37294686418934,96.9193751782535,98.17294673876287,99.0342491687366,99.37294670532052,99.08130849990826,98.17294673876287,96.70699256222369,94.80330987632355,92.59694579528085,90.22294746425224,87.79482141039374,85.33991160150299,82.86402151715811,80.37295494702563,77.87251623115478,75.36851068055215,72.86674530611432,70.37303006736923
61.36431871586893,63.44159769291653,65.46366868878201,67.45022977075371,69.42076448377493,71.39423590687593,73.38878901493064,75.42156008088475,77.50874884974566,79.64780748679851,81.76355696945217,83.76349020517677,85.55622556645159,87.09213561093415,88.47965110911784,89.86313422650576,91.38040093228324,93.10146667790035,94.85167241061802,96.42794107218278,97.7464446847475,98.73188745256425,99.16082441696634,98.80648054956103,97.7464446847475,96.13087028331714,94.10609311513625,91.81114286222905,89.37851171398954,86.91614930056912,84.4423510468937,81.95645735577384,79.45993418922997,76.95511361552761,74.44471255667182,71.93189803221878,69.42076448377493
60.560540189388234,62.629409597762574,64.63901467685416,66.60909451550053,68.55942364563387,70.50979591143098,72.48001597356021,74.48989470950286,76.55924665901838,78.68806800849511,80.7970737638127,82.78715881733861,84.55921860786803,86.05593164452495,87.38710720211,88.70433746582272,90.15921477982104,91.83719828604204,93.55921398983003,95.10564218371364,96.35921367377509,97.2205160658753,97.55921358950559,97.26757539518617,96.35921367377509,94.8932595817661,92.98957705818866,90.7832132799441,88.40921550189347,85.9810904317128,83.52618236821691,81.05029539006179,78.55923435727048,76.05880551672236,73.55481756188823,71.05308346948077,68.55942364563387
44.5083970443639,46.57005948160133,48.57528374409772,50.54264621469119,52.49126178365783,54.440540056092075,56.41005616046607,58.419480530640925,60.488539810408895,62.617175363804506,64.72606813473546,66.7160867526733,68.4881082500592,69.98479913108616,71.31596047389723,72.63318036920663,74.0880493533474,75.76602615106361,77.48803719878666,79.03446252624546,80.28803233605343,81.14933382483144,81.488031039505,81.19639310976046,80.28803233605343,78.82208026017383,76.91840160815306,74.71204505193477,72.33806046290546,69.90995885422291,67.45509241945481,64.97927952478463,62.488350555847646,59.98815722827017,57.48458887552812,54.98360065394564,52.49126178365783
45.50763584167043,47.570884023752185,49.57707319761788,51.54503457264052,53.49402795850469,55.44354750235594,57.41321888398852,59.42274348745704,61.49186733463148,63.62054387923385,65.72946157798077,67.71949485388,69.49152480012154,70.98822056951015,72.31938504864291,73.63660723162286,75.0914780536553,76.76945633153146,78.49146840656657,80.03789436647247,81.29146454701122,82.15276623509808,82.49146351793982,82.19982552981952,81.29146454701122,79.82551202629327,77.92183252005356,75.71547437037138,73.34148687132907,70.91338008614113,68.45850446653435,65.98267522647411,63.49171712020262,60.991471832958226,58.487810911627264,55.98665816038482,53.49402795850469
46.50773708041997,48.57224563910073,50.57920133663299,52.54763832646803,54.496931691853945,56.44664277618695,58.41643741918878,60.42604158512006,62.495216682401676,64.62392576289264,66.73286324728791,68.72290815737517,70.49494480953601,71.9916444588428,73.32281142728635,74.64003542599733,76.09490770676868,77.77288715945045,79.49490004986457,81.04132651174442,82.29489698653255,83.15619883281101,83.49489616975788,83.20325813530471,82.29489698653255,80.82894411274597,78.92526392851164,76.7189045140947,74.34491470536835,71.91680381156925,69.46192090190095,66.98607868833825,64.49509745525057,61.994810926011624,59.49107652793586,56.98979317358197,54.496931691853945
47.5085239045448,49.57403394203543,51.58159845428399,53.55041310631506,55.499944632445846,57.449807769802334,59.41970025658762,61.429367575851984,63.498583352211895,65.62731825717685,67.73627144572109,69.72632558996804,71.49836756465719,72.99507029347154,74.32623923768902,75.64346467755027,77.09833811612555,78.77631850125235,80.49833203883378,82.04475889913087,83.29832960746498,84.15963157930025,84.49832895919042,84.20669088796275,83.29832960746498,81.83237645344752,79.92869573108818,77.72233531284954,75.34834367092245,72.92022951610633,70.46534082028074,67.98948830954295,65.49848872037506,62.99816945634825,60.49437673658686,57.99298971249843,55.499944632445846
48.50985555056178,50.57616116720972,52.58420916368031,54.55332367132763,56.50304426789009,58.453028106977115,60.422998259462446,62.432715706436284,64.50196377096206,66.63071917328054,68.73968482638577,70.7297462998522,72.50179249905797,73.99849767208818,75.32966818448271,76.64689476818793,78.10176912571413,79.77975025092377,81.5017643021626,83.04819147868383,84.30176237238354,85.16306444387334,85.50176185784761,85.21012375743206,84.30176237238354,82.83580899594659,80.93212784647693,78.72576663150382,76.35177353456227,73.92365679146886,71.46876350314726,68.99290281947353,66.50188866087731,64.00154341460521,61.49770440290388,58.9962350898071,56.50304426789009
49.511620046309375,51.5785575591535,53.58698946605,55.55634203539282,57.506212723800445,59.456292374730396,61.426324174956704,63.43608141013165,65.5053551025225,67.63412677388781,69.74310232022864,71.73316961093948,73.50521916316083,75.00192627617223,76.33309803323235,77.65032552480858,79.10520061170743,80.78318232432167,82.50519678325085,84.05162421075943,85.30519525158395,86.16649740216964,86.50519484319648,86.21355671961447,85.30519525158395,83.83924169861254,81.93556021014504,79.72919836280295,77.35520411101436,74.92708531359983,72.47218838019919,69.99632120962247,67.50529548713871,65.00492961834992,62.50105386345943,59.999519233573366,57.506212723800445
50.513728362769356,52.58116769230895,54.5899044154791,56.5594459761933,58.50943580930317,60.459591512957914,62.42967224582216,64.4394610620547,66.5087550957559,68.63753968005281,70.74652307872728,72.73659498661274,74.50864720013345,76.00535585291254,77.33652859786605,78.65375681002087,80.10863247582371,81.78661465466163,83.50862943717499,85.0550570638924,86.30862822149001,87.16993043485415,87.50862789735265,87.2169897553834,86.30862822149001,84.84267452840302,82.9389927708727,80.73263042161871,78.35863525322662,75.93051482529387,73.47561499878411,70.99974267952425,68.50870777869835,66.0083255415584,63.504420622790576,61.002834148439604,58.50943580930317
51.616109738699066,53.68394753716046,55.69292626020629,57.66261784973513,59.61270225859644,61.56291832963234,63.533037902117016,65.54285178497064,67.61216196387062,69.74095679728185,71.8499464284001,73.840022000955,75.61207632675624,77.10878620165198,78.43995973069808,79.75718851477706,81.21206464005664,82.89004718893668,84.61206222827906,86.15849001310866,87.4120612633892,88.27336352658062,88.6120610061212,88.32042284955796,87.4120612633892,85.94610745909239,84.04242548800667,81.83606274038482,79.4620668444835,77.03394512240595,74.57904299962902,72.10316659384097,69.61212440811062,67.11172917924502,64.60780111259547,62.10617348769368,59.61270225859644
52.61870794849352,54.68686212335916,56.69603296408158,58.66584364810859,60.61600312843353,62.56626711579659,64.53641751641717,66.54625129511415,68.61557428864963,70.74437725685993,72.85337183469883,74.84345031591357,76.61550631823656,78.11221716312842,79.44339131450985,80.7606205525257,82.2154970424924,83.89347988507521,85.61549512826298,87.16192303858637,88.41549436242931,89.27679666516869,89.61549415823555,89.3238559900891,88.41549436242931,86.94954046986523,85.04585832928046,82.83949526547372,80.46549879214764,78.03737604290563,75.58247209757712,73.10659244829964,70.61554448050566,68.1151389400018,65.61119250055332,63.10953221344745,60.61600312843353
53.62147832652556,55.68988367972845,57.69920703097445,59.66911225079457,61.61933131956306,63.56963333984437,65.53980820947116,67.54965777979487,69.61899094442836,71.74780036927811,73.85679887334865,75.84687966317435,77.61893699615585,79.11564861093504,80.44682325626476,81.76405285457078,83.21892963398997,84.89691270968491,86.6189281146649,88.16535612459276,89.41892750682229,90.2802298409509,90.61892734475359,90.32728916741351,89.41892750682229,87.9529735442004,86.04929126908414,83.84292795432117,81.46893102269257,79.040807458189,76.58590206629832,74.11001984265536,71.61896728561479,69.11855356069606,66.61459253855016,64.11290632681194,61.61933131956306
54.62438539686161,56.692990154694996,58.70243457039899,60.672414829897605,62.622681196680716,64.57301340478287,66.54320769591281,68.55306980023875,70.6224110377506,72.75122558726693,74.86022720760016,76.85030982977551,78.6223682189028,80.11908044474254,81.45025548211956,82.76748536638819,84.22236237554608,85.90034563626226,87.62236116965684,89.16878925864086,90.42236068721184,91.28366304625409,91.62236055857781,91.33072237394076,90.42236068721184,88.95640666898501,87.052724287091,84.84636077314394,82.47236347776023,80.04423926618273,77.58933272615366,75.11344845923156,72.6223922596912,70.12197203875886,67.61799944219413,65.11629265366857,62.622681196680716
55.62740098659927,57.69616403987837,59.70570455507608,61.675744377746156,63.626048286648825,65.57640445551664,67.54661416178106,69.5564862144644,71.62583385946976,73.75465247645457,75.86365657017382,77.8537406466885,79.62579987408017,81.12251258491932,82.45368793346466,83.77091804470209,85.22579523620374,86.90377864377139,88.62579427908872,90.17222243081963,91.42579389617185,92.28709627498807,92.62579379407497,92.33415560364631,91.42579389617185,89.95983983381137,88.0561573671678,85.8497936951282,83.4757961110318,81.0476713858711,78.59276393456324,76.11687804588692,73.62581895528476,71.12539357843832,68.62141179517302,66.11968867459294,63.626048286648825
56.73050272503585,58.799391435064535,60.80900823114051,62.77909533173887,64.72942903888769,66.67980422585391,68.65002616729333,70.65990611606453,72.7292588467296,74.85808069207755,76.96708674892882,78.95717197975492,80.72923187247804,82.22594496826174,83.55712056378164,84.87435085516432,86.32922819139236,88.00721171551615,89.72922743172965,91.2756556332628,92.5292271278083,93.39052952231916,93.72922704677396,93.43758885174847,92.5292271278083,91.06327303041891,89.15959049650958,86.95322669899181,84.57922888574393,82.15110375295185,79.69619557836099,77.22030840249599,74.72924701725164,72.22881754813795,69.72482847333423,67.22309238983792,64.72942903888769
57.73367285032165,59.80266130524981,61.81233864969471,63.78246327645256,65.73282063514401,67.68321091705339,69.65344256966767,71.66332878561292,73.73268555278693,75.86150996049551,77.97051757548832,79.96060372249296,81.73266414329038,83.22937754460489,84.56055333614869,85.87778377051285,87.3326612216103,89.01064483824477,90.73266061866559,92.27908885972681,93.53266037744305,94.39396278441072,94.73266031312603,94.44102211445207,93.53266037744305,92.06670625225118,90.16302366495296,87.95665976784309,85.58266177271756,83.1545363163881,80.69962756772685,78.2237393702185,75.73267616371237,73.23224344655418,70.72824858442158,68.22650221215356,65.73282063514401
58.83689726095305,60.90596489043588,62.915690294796434,64.88584470712185,66.83622083847033,68.78662310141311,70.7568624618613,72.7667536520942,74.8361136230589,76.96494006451893,79.07394891621122,81.06403579038786,82.83609663031834,84.3328102741329,85.66398622126101,86.98121676910964,88.43609431137904,90.11407800143927,91.83609383282146,93.38252210525613,94.636093641363,95.49739605821767,95.83609359031456,95.54445538874478,94.636093641363,93.1701394941043,91.26645686443129,89.06009288827516,86.68609474879317,84.2579690356719,81.80305983137049,79.32717082298265,76.83610617093817,74.33567087579917,71.83167142024097,69.32991688170758,66.83622083847033
59.94016476209272,62.00929523685603,64.0190587880623,65.98923684186042,67.9396278733382,69.89003964574007,71.86028512394374,73.87018026228918,75.93954277611144,78.06837083176389,80.17738066502622,82.16746811636007,83.9395292889568,85.43624312524388,86.76741919585935,88.0846498337807,89.5395274484133,91.21751119675162,92.9395270685819,94.4859553659177,95.7395269166212,96.60082934132319,96.93952687610404,96.64788867223585,95.7395269166212,94.27357275184806,92.36989008854215,90.16352604964692,87.78952779558914,85.36140187865203,82.90649231270865,80.43060266072496,77.93953686135464,75.43909952006707,72.93509641869224,70.43333539855072,67.9396278733382
61.043466466838154,63.112646824702495,65.12244065412945,67.09263747258765,69.04304033047069,70.99345965060235,72.96370998449925,74.97360825647496,77.04297278856912,79.17180212540873,81.28081273774438,83.27090064716843,85.04296208380268,86.53967607285529,87.87085224148278,89.18808295089485,90.6429606229622,92.32094441755586,94.0429603214898,95.58938863858968,96.84296020087855,97.70426263180893,98.04296016872003,97.7513219630276,96.84296020087855,95.37700602220414,93.4733233322038,91.2669592435125,88.89296089851587,86.46483481980997,84.0099249668311,81.5340348040248,79.04296809402061,76.54252912870137,74.0385231336322,71.53675696901036,69.04304033047069
62.146795320671046,64.21601527252326,66.22583313445088,68.19604484668847,70.14645709129937,72.0968824021104,74.06713658999092,76.07703734913768,78.14640348313816,80.27523383685781,82.38424506754481,84.37433334055544,86.14639498675645,87.64310909705915,88.97428534347884,90.29151610963319,91.74639382728651,93.42437765859307,95.14639358800771,96.6928219207943,97.94639349227849,98.80769592815238,99.14639346675426,98.85475525961394,97.94639349227849,96.48043930257067,94.57675659138295,92.37039246316847,89.99639404599361,87.56826783889174,85.1133577580926,82.63746718984598,80.14639975707072,77.64595950275518,75.14195121095437,72.6401809631403,70.14645709129937
63.35014572379947,65.41939710251968,67.42923403947209,69.39945757307325,71.34987726800037,73.30030733364342,75.27056458044369,77.28046731366389,79.34983471910004,81.47866587991864,83.58767760139168,85.57776616298128,87.34982797551555,88.84654218205455,90.17771849021796,91.49494930140867,92.9498270552436,94.62781091568921,96.34982686532791,97.89625521056504,99.14982678934756,100.0111292291451,100.34982676908896,100.05818856079942,99.14982678934756,97.68387259088252,95.78018986287833,93.57382570329432,91.19982722883154,88.77170091982173,86.31679065820148,83.84089976815656,81.34983176171721,78.8493904843236,76.34538036960267,73.84360688094701,71.34987726800037
65.04881119313168,67.14139946903744,69.18685776812242,71.20445407146768,73.21279112324076,75.22897937400538,77.26789725212065,79.34179983662355,81.4606284428963,83.6176826568436,85.74522409389911,87.76229960567514,89.59069249844634,91.1929599534196,92.67310168585328,94.16156659309324,95.77402118932403,97.55884724923268,99.34993693742871,100.96878410621969,102.37754108966469,103.52694682838836,104.06852228352437,103.63646849663266,102.37754108966469,100.54898246570295,98.33800557203162,95.89808839198369,93.36507037302871,90.84235443379083,88.33469034389692,85.83069562604624,83.3242540750073,80.81144970327279,78.2893588872035,75.7562345071981,73.21279112324076
63.97248129941745,66.04173329842767,68.05157061187248,70.0217943787964,71.97221422077291,73.92264438026356,75.8929016874386,77.90280445962165,79.97217189015248,82.10100306690097,84.2100147980608,86.20010336534617,87.9721651811634,89.46887938960185,90.80005569898391,92.1172865110635,93.57216426561257,95.2501481266333,96.97216407667115,98.51859242215406,99.7721640010806,100.63346644095559,100.97216398092596,100.6805257726137,99.7721640010806,98.30620980244274,96.40252707410662,94.19616291390346,91.82216443830998,89.39403812728877,86.93912786209961,84.46323696570326,81.97216894794137,79.471727650355,76.96771749965458,74.46594394703351,71.97221422077291
62.565801081259366,64.63498242370403,66.64477685074937,68.61497403957418,70.56537713087948,72.51579659998325,74.48604702971846,76.49594536354354,78.5653099354729,80.69413929759963,82.80314992531208,84.79323784377758,86.56529928562318,88.06201327769095,89.39318944825294,90.71042015907607,92.165297832277,93.84328162778363,95.56529753235122,97.11172584984115,98.3652974123587,99.22659984341202,99.56529738036515,99.27365917463673,98.3652974123587,96.89934323340994,94.99566054288272,92.78929645320858,90.41529810641705,87.98717202451829,85.53226216587413,83.05637199298559,80.56530526500796,78.06486626763478,75.56086021545195,73.05909394929193,70.56537713087948
61.55397194440829,63.631036388494806,65.65277816816635,67.638899591247,69.60889445690773,71.58175008604803,73.57565710564981,75.60782315736974,77.69454255473013,79.83333267819842,81.94890559865156,83.94858129182612,85.74077762359565,87.27567251355529,88.66174439184341,90.04355306198393,91.55926556657872,93.27927071776867,95.02878800561692,96.60433264716295,97.92127747772713,98.9038026819195,99.33066937518014,98.97775963844516,97.92127747772713,96.30932938823418,94.28757770308927,91.99489339129217,89.56378695880845,87.10232414696912,84.62902515247748,82.14339669591938,79.64701838859804,77.14231417565551,74.63208309944085,72.1195628023035,69.60889445690773
60.75283339245574,62.821724582760666,64.83134288447134,66.80143091822963,68.75176521352341,70.70214077585857,72.67236295878834,74.68224306340731,76.75159589444962,78.8804178035167,80.98942389911485,82.97950915272392,84.75156905857885,86.2482821619603,87.57945776235479,88.89668805729308,90.35156539637761,92.02954892280191,93.75156464061206,95.29799284312818,96.55156433824988,97.4128667330705,97.75156425763126,97.45992606251502,96.55156433824988,95.0856102401691,93.18192770493212,90.97556390493777,88.60156608716706,86.17344094632944,83.71853275746297,81.24264555619236,78.75158412565803,76.25115457577407,73.74716535705491,71.24542901770481,68.75176521352341
44.35672577659475,46.4181139488347,48.423171266071215,50.390430094634056,52.33898027274003,54.28821678350374,56.25770600949693,58.26711302876265,60.33616113132493,62.46478958866845,64.57367804426762,66.56369412470661,68.33571415947246,69.83240419425123,71.16356499411776,72.48078449339658,73.93565315937022,75.61362970084798,77.33564057072743,78.88206578869985,80.1356355343286,80.99693698860314,81.33563419147575,81.04399627183696,80.1356355343286,78.66968353545742,76.76600503131516,74.55964875095,72.18566466568845,69.75756395313722,67.30269910840045,64.82688904334907,62.33596511846689,59.835780785690815,57.33222845729742,54.831268716100425,52.33898027274003
45.3558154235529,47.41884557401224,49.4249021112106,51.39278117364486,53.341722637918664,55.29120902701794,57.26085907178302,59.27036990240251,61.339484877648715,63.46815578988563,65.57707006346742,67.56710132532172,69.33913011066954,70.83582520838603,72.16698925658133,73.4842111252305,74.93908169473283,76.61705976923201,78.33907170311242,79.88549757611884,81.13906770571847,82.00036936641992,82.33906663989521,82.04742865979586,81.13906770571847,79.6731152461222,77.7694358572538,75.56307792651678,73.18909082731622,70.76098475339136,68.30611039580313,65.83028340164384,63.33932929893922,60.83909115118375,58.335442949370474,55.83431280613553,53.341722637918664
46.35579807259781,48.42013336017001,50.42698370056138,52.395355326157514,54.344607468220644,56.294292232258016,58.26406993798254,60.27366317149955,62.3428312267653,64.47153583670294,66.58047060248991,68.57051391400933,70.34254964476102,71.83924876095844,73.17041538736538,74.48763913659116,75.94251121692879,77.62049050818993,79.34250328656938,80.88892967947703,82.14250011383473,83.00380193837738,83.3424992678901,83.05086123980314,82.14250011383473,80.67654728856047,78.77286719748392,76.56650795684406,74.19251846547296,71.7644081362057,69.30952622820843,66.83368579723802,64.34270774184516,61.84242687941786,59.33870257744971,56.837437169043184,54.344607468220644
47.35649064003901,49.42186301377242,51.429343851439825,53.398106603229934,55.34760540211323,57.29744764566503,59.267326687941804,61.276985329578224,63.34619551645855,65.47492687305362,67.58387790380365,69.57393077925425,71.34597202261595,72.84267432829932,74.17384300104138,75.49106824288563,76.9459415223763,78.62392177938332,80.34593522804269,81.8923620335965,83.1459327098409,84.00723466442444,84.3459320384141,84.05429397223935,83.1459327098409,81.67997959432773,79.7762989459078,77.56993866559625,75.1959472755546,72.76783356880898,70.31294566801412,67.83709457213304,65.3460975051421,62.845782738989826,60.341998032904826,57.840625253759114,55.34760540211323
48.35774739118142,50.42394365673415,52.43192520750455,54.400998508912636,56.350693124627185,58.3006603781656,60.270619858866354,62.28033041804639,64.3495740460557,66.47832663197481,68.58729057241666,70.57735103883105,72.34939665757898,73.84610149476879,75.17727179169259,76.49449821823137,77.94937244949185,79.62735347301268,81.34936745367395,82.89579458674538,84.14936545497551,85.01066751277261,85.34936492206364,85.05772682565855,84.14936545497551,82.68341210909944,80.77973101831557,78.57336991281531,76.19937701579565,73.77126062833682,71.31636797103397,68.84050841034053,66.34949625362196,63.84915457739284,61.34532192639668,58.8438639202964,56.350693124627185
49.35945239027602,51.42630305604342,53.43468220406086,55.40400205980282,57.35385212391202,59.303918609544525,61.27394193902097,63.283693707126105,65.35296387816103,67.48173331411323,69.59070750109899,71.58077399250729,73.35282308401715,74.8495299304711,76.18070151651168,77.4979288833446,78.9528038700262,80.63078550192992,82.35279990484165,83.89922729786407,85.15279831847339,86.01410045819114,86.35279789550091,86.06115977510201,85.15279831847339,83.68684478975814,81.78316334786959,79.57680158741623,77.20280749430589,74.77468897915925,72.31979254660006,69.84392626733828,67.35290213376128,64.85253909856635,62.34866839232588,59.847142737299066,57.35385212391202
50.36151345106618,52.42888381532272,54.43757865057461,56.407094241327286,58.35706770285029,60.30721295635803,62.27728696563787,64.28707144251294,66.35636268125512,68.48514549128112,70.59412781102642,72.58419908450196,74.35625093235461,75.85295937356648,77.18413198278148,78.50136009592737,79.95623568218764,81.63421779696554,83.3562325350178,84.90266013436354,86.15623127591631,87.01753348065455,87.35623094020282,87.06459280076001,86.15623127591631,84.6902776020815,82.7865958815209,80.58023360123059,78.20623855878159,75.7781183548853,73.32321892589468,70.847347314075,68.35631367437495,65.85593368629077,63.35203277473671,60.85045342404507,58.35706770285029
51.463857299246044,53.53164033804336,55.54058580632743,57.510256780233064,59.46032819365283,61.4105359698701,63.38065020562448,65.3904606442388,67.45976860474242,69.58856202989983,71.69755080466618,73.68762587368767,75.45967990925723,76.95638961623172,78.28756303754193,79.60479174303741,81.05966780518398,82.73765030321951,84.4596653072731,86.00609307037779,87.25966430792352,88.12096656426857,88.4596640414675,88.1680258869095,87.25966430792352,85.79371051890715,83.89002857716434,81.68366588427901,79.30967008833888,76.88154854407935,74.42664673681419,71.95077089252374,69.45972970775577,66.95933626398629,64.45541137792594,61.95378940727082,59.46032819365283
52.46642571006967,54.53453640836838,56.54368084953907,58.51347516888663,60.46362433390087,62.413881737327245,64.38402790204495,66.39385894699129,68.4631801797618,70.59198203023145,72.70097592838007,74.69105400993885,76.4631097819044,77.95982049351686,79.2909945593882,80.60822373503223,82.06310017489022,83.74108297711769,85.46309819229671,87.00952608537702,88.26309739911235,89.12439969641775,89.46309718762608,89.1714590210712,88.26309739911235,86.79714351867634,84.89346140138109,82.68709838101876,80.31310198703196,77.88497937892437,75.43007568401808,72.95419648040274,70.46314930707697,67.9627451834171,65.45880126844267,62.95714546923794,60.46362433390087
53.46917242833757,55.53754326547376,57.54684566008618,59.51673788996092,61.4669487709441,63.41724556534044,65.38741707284242,67.3972644733515,69.46659624045067,71.59540477814349,73.70440274274142,75.69448321535923,77.46654036550561,78.96325187450074,80.29442645196104,81.61165600076248,83.06653274041034,84.74451578407522,86.46653116682464,88.01295916306665,89.26653053727375,90.12783286708941,90.46653036941699,90.17489219334013,89.26653053727375,87.80057658427793,85.89689432764655,83.69053104736548,81.31653417870851,78.88841072622347,76.4335055330933,73.9576236631734,71.46657173670508,68.96615913634386,66.46220011789876,63.960517468287236,61.4669487709441
54.47206071467187,56.540638071607034,58.55006585194347,60.52003580050243,62.470295668309774,64.4206237284914,66.39081535104667,68.40067573316732,70.47001586144648,72.59882970682236,74.70783089897458,76.69791326938137,78.46997151339215,79.96668365527097,81.29785863877996,82.61508848375678,84.06996546134809,85.74794869664201,87.46996421239218,89.01639229051372,90.26996371271728,91.13126606833634,91.46996357948929,91.17832539585486,90.26996371271728,88.80400970213071,86.90032733490813,84.69396384832939,82.31996660292631,79.89184248025802,77.43693609798544,74.96105211181398,72.4699964127607,69.9695770843951,67.46560607818412,64.96390211696902,62.470295668309774
55.47506139223867,57.54380269395861,59.55333000434804,61.523361642707556,63.47366039316421,65.42401326974162,67.3942208579226,69.40409154367669,71.47343830827782,73.60225636638376,75.71126012025468,77.70134399694022,79.47340310915274,80.97011575335202,82.30129105914224,83.61852113919372,85.07339830564098,86.75138169303095,88.47339731434391,90.01982545745327,91.27339691775165,92.13469929385091,92.47339681200853,92.18175862237564,91.27339691775165,89.80744286145524,87.90376040645643,85.69739675613906,83.32339921171231,80.89527455711897,78.44036723102256,75.9644815651785,73.47342287181417,70.97299820340149,68.46901768241047,65.96729680589883,63.47366039316421
56.578151292798694,58.647022736428454,60.65662905101682,62.62670965540083,64.57703926815884,66.52741184197968,68.49763210227354,70.50751096610347,72.57686299798769,74.7056843997518,76.81469018686474,78.80477525908614,80.57683506039143,82.073548103283,83.40472366486813,84.72195393149853,86.17683124784087,87.85481475594963,89.57683046104783,91.12325865573806,92.37683014627235,93.23813253862673,93.57683006234396,93.28519186795009,92.37683014627235,90.910876053696,89.0071935290291,86.8008297487523,84.42683196699025,81.99870689020753,79.54379881499716,77.06791181599439,74.57685074603852,72.07642183921098,69.57243376628115,67.07069946392245,64.57703926815884
57.58131202104583,59.65028677025367,61.65995579501701,63.63007526552275,65.58042937441252,67.53081758223381,69.50104790050835,71.51093325532958,73.58028946787857,75.70911352351357,77.81812092441461,79.80820694553452,81.58026729377352,83.07698065310748,84.40815641771724,85.72538683243548,87.18026426774964,88.85824787167296,90.58026364327156,92.12669187890155,93.38026339343409,94.24156579869017,94.58026332682009,94.28862512864741,93.38026339343409,91.91430927206233,90.01062669209985,87.80426280867415,85.43026483853892,83.00213942666414,80.54723075688128,78.0713426997487,75.5802797434876,73.07984747261743,70.57585340567647,68.0741084471105,65.58042937441252
58.68452897241738,60.75358572279937,62.763304523497126,64.73345484317441,66.6838283951022,68.63422901181927,70.60446731319271,72.6143578199475,74.68371735070464,76.81254351272314,78.92155219449043,80.91163896875223,82.68369975109302,84.18041336158763,85.51158928733815,86.82881981959378,88.28369734933597,89.96168102930736,91.68369685368737,93.23012512181128,94.48369665539121,95.34499907088741,95.68369660251963,95.39205840134777,94.48369665539121,93.01774251116456,91.11405988731391,88.9076959220189,86.53369780237173,84.10557212453418,81.6506629828386,79.17477408586718,76.68370963244251,74.18327469152334,71.6792758671116,69.17752245064192,66.6838283951022
59.78779055261862,61.856912392089896,63.8666707017594,65.83684550713983,67.78723449129768,69.73764495707614,71.70788959468622,73.71778419055255,75.78714635498093,77.91597418884012,80.02498388723279,82.01507125926409,83.78713238615188,85.28384619599282,86.61502224964094,87.93225287518611,89.38713047987585,91.06511422020667,92.7871300864793,94.33355838039364,95.58712992909153,96.44843235271526,96.78712988712735,96.49549168357495,95.58712992909153,94.12117576672489,92.21749310804023,90.01112907776547,87.63713083945062,85.20900495051819,82.75409543426512,80.27820587071275,77.78714022898725,75.28670316884461,72.7827005684126,70.28094043885844,67.78723449129768
60.8910875575845,62.9602610612703,64.97005073035689,66.94024497049344,68.89064620339715,70.84106448645284,72.81131415316678,74.82121199457512,76.89057624935461,79.0194054101566,81.12841591544603,83.11850376192758,84.89056516228258,86.3872791303449,87.71845528550537,89.0356859850945,90.49056364927019,92.16854743750828,93.89056333703111,95.43699165141535,96.69056321211237,97.55186564218697,97.89056317880537,97.5989249733636,96.69056321211237,95.22460903534804,93.32092634901556,91.11456226716635,88.74056393466488,86.31243787818632,83.85752806464667,81.38163797202839,78.89057138714708,76.39013264497302,73.88612704750338,71.38436158974423,68.89064620339715
61.99441268099346,64.0636271924647,66.07344175224614,68.04365141803646,69.99406237288758,71.9444868605656,73.91474051890052,75.92464093630485,77.99400685020021,80.12283706419854,82.23184820992284,84.22193643297598,85.99399805038212,87.49071214402483,88.82188837975573,90.13911913811359,91.5939968495033,93.27198067576543,94.99399660167899,96.54042493231019,97.7939965025309,98.65529893772553,98.99399647609512,98.70235826915373,97.7939965025309,96.32804231433911,94.42435960606255,92.21799548327867,89.84399707602122,87.4158708865612,84.96096083706502,82.48507032452666,79.99400299106156,77.49356291385664,74.98955493763141,72.48778525085653,69.99406237288758
63.19776012315246,65.26700718370337,67.27684149968911,69.2470634090038,71.19748208023981,73.14791149255848,75.11816831905675,77.12807078103526,79.19743801177364,81.32626906169527,83.43528071573334,85.42536923767162,87.1974310273514,88.69414522066735,90.02532152034706,91.3425523253497,92.7974300742132,94.47541393065505,96.1974298775149,97.74385822104134,98.99742979882103,99.85873223807945,100.19742977783892,99.9057915697073,98.99742979882103,97.53147560155926,95.62779287586568,93.42142872059192,91.0474302540006,88.61930395899313,86.16439372221804,83.68850287638881,81.19743494877204,78.69699381195136,76.19298394770328,73.69121090434595,71.19748208023981
64.90004414391989,66.99290710639117,69.0387831330211,71.05693024236456,73.06593281279572,75.08286604328802,77.12254978991238,79.197155353169,81.31652012697356,83.47387752588108,85.60161693917098,87.61897928119575,89.44796513301083,91.05132297568008,92.53295870992648,94.02307822699368,95.6369983607967,97.42278801017673,99.21448805167242,100.83396470322596,102.24403547124825,103.39575824245708,103.93887481799086,103.50576214490178,102.24403547124825,100.41233147554921,98.19847351163403,95.75622475539828,93.22154518248385,90.69781134351403,88.18956975293771,85.68526448198774,83.17865220544113,80.66571011989063,78.1434172001511,75.60994036527477,73.06593281279572
63.70007789061613,65.7693221023672,67.7791546892361,69.74937552696775,71.69979352284841,73.65022250415203,75.62047905336613,77.6303813363994,79.69974845188506,81.82857942864504,83.93759103819451,85.92767953397379,87.69974130857584,89.1964554931682,90.527631787251,91.84486258817118,93.2997403337549,94.97772418755537,96.69974013258197,98.24616847497977,99.49974005209789,100.36104249100065,100.69974003063848,100.408101822611,99.49974005209789,98.03378585562994,96.13010313146074,93.92373897903056,91.54974051763224,89.1216142318625,86.66670401147842,84.19081319481947,81.699745319204,79.19930427512296,76.69529457611841,74.193521826536,71.69979352284841
62.293409739511546,64.36257872134075,66.37236564575096,68.34255818490463,70.29295834576827,72.24337594463822,74.21362517119425,76.22352272854607,78.29288680037385,80.42171584503916,82.53072627970741,84.52081408466418,86.29287546108479,87.78958941529925,89.12076556157518,90.43799625468382,91.89287391365319,93.57085769769836,95.29287359431106,96.83930190690374,98.09287346655057,98.95417589606058,99.29287343248588,99.00123522720946,98.09287346655057,96.62691929104636,94.72323660713366,92.51687252979835,90.14287420554027,87.71474816372567,85.25983837620512,82.78394832989173,80.29288182755724,77.79244323259792,75.28843789743507,72.78667290601163,70.29295834576827
61.28542906287129,63.36280213001575,65.38501750087138,67.37177136699816,69.34254275699462,71.31628410151025,73.31112035081696,75.34415650277276,77.43155088941285,79.57072713996027,81.68655395414763,83.68659998144975,85.47957138127975,87.01592584293476,88.40407307590381,89.78828856118112,91.3062346786843,93.02776385762685,94.77827032358,96.3548551847792,97.67403930371812,98.66075482906484,99.09059418376087,98.73562527286776,97.67403930371812,96.05688124750361,94.03078135912551,91.73483958465906,89.3015408385873,86.83878437588828,84.36476738283568,81.87875747034431,79.38217082458932,76.87729925787039,74.366823703638,71.85388022331372,69.34254275699462
60.480491601816,62.54935165450887,64.55895105424501,66.52902737292932,68.4793542845196,70.4297251343836,72.3999442855831,74.40982243364935,76.47917400452971,78.60799511364999,80.7170007228095,82.70708569039526,84.47914543138981,85.97585843938704,87.3070339785845,88.62426422888515,90.07914153210837,91.7571250296516,93.47914072741676,95.02556891759252,96.27914040548052,97.14044279641222,97.47914031964287,97.18750212566569,96.27914040548052,94.81318631607945,92.90950379751004,90.70314002860755,88.32914226761753,85.90101722778563,83.44610921813917,80.9702223358171,78.47916147386529,75.97873293799256,73.47474552602485,70.97301239872807,68.4793542845196
44.351334115085464,46.41271235993731,48.41776363404895,50.38501871083142,52.333566521779076,54.282801520745124,56.25228977371677,58.26169616486065,60.33074386279452,62.45937206325179,64.56826036263016,66.5582763512082,68.33029633302519,69.82698633716859,71.15814711737976,72.47536660232171,73.93023525677722,75.6082117889788,77.3302226524201,78.87664786642895,80.1302176097343,80.99151906275978,81.33021626520517,81.03857834593222,80.1302176097343,78.66426561365094,76.76058711486209,74.55423084448321,72.18024677745876,69.75214609734876,67.29728131017333,64.82147134755806,62.33054760527742,59.83036359812468,57.326811849831515,54.82585313965241,52.333566521779076
45.350418363428005,47.41344062171349,49.41949235761092,51.38736844034396,53.33630802503521,55.2857932139069,57.25544248625587,59.26495281828227,61.33406747235355,63.46273818069139,65.57165233027754,67.56168351922065,69.3337122625425,70.8304073359435,72.16157136853826,73.47879322580823,74.93366378616861,76.61164185330526,78.33365378207567,79.8800796519362,81.13364977969177,81.99495143940182,82.33364871253804,82.04201073272904,81.13364977969177,79.66769732230817,77.7640179376888,75.5576600148779,73.18367293015217,70.75556688197602,68.30069257007466,65.82486565722007,63.33391169945003,60.833673810153414,58.330026068802226,55.82889674400138,53.33630802503521
46.350396719887044,48.41472573535481,50.421572261879234,52.38994152127991,54.33919217103346,56.28887598225231,58.2586530748289,60.26824591257926,62.33741371291495,64.46611816101257,66.5750528283822,68.56509608203123,70.33713177942661,71.83383087632473,73.16499749034946,74.48222123054353,75.93709330362518,77.61507258904265,79.33708536336627,80.88351175377707,82.13708218667111,82.99838401042689,83.33708133967048,83.04544331181398,82.13708218667111,80.67112936315309,78.76744927544897,76.56109004110009,74.18710056121768,71.75899025238729,69.30410838065191,66.82826801421382,64.33729007385787,61.837009416576706,59.333285480100415,56.83202072135771,54.33919217103346
47.35108587543692,49.41645326589749,51.42393107455938,53.39269194753925,55.34218956167069,57.292031048845615,59.26190960441559,61.27156793191102,63.34077791644481,65.46950914458407,67.57846009721898,69.56851292673738,71.340554143624,72.83725643398941,74.16842509690369,75.48565033157944,76.94052360531103,78.61850385767993,80.34051730312018,81.88694410669223,83.14051478177495,84.00181673573394,84.34051410951,84.04887604351815,83.14051478177495,81.67456166765567,79.77088102191246,77.56452074659407,75.19052936567101,72.76241567514617,70.30752780313253,67.83167675847126,65.3406797827866,62.84036517946346,60.33658076348394,57.83520850002226,55.34218956167069
48.352339915489594,50.41853222259856,52.426511368024194,54.39558317774082,56.34527685292497,58.295243506048365,60.26520260041755,62.27491291025056,64.34415637765206,66.47290886161366,68.58187274005472,70.57193317001241,72.34397876774695,73.84068359277887,75.17185388190231,76.48908030275143,77.94395452944094,79.62193554928047,81.34394952738674,82.89037665888523,84.1439475261933,85.0052495834947,85.3439469926162,85.05230889635632,84.1439475261933,82.6779941814236,80.77431309276422,78.56795199122706,76.19395910144485,73.76584272686047,71.31095009240141,68.83509057236142,66.34407848811361,63.84373694112492,61.33990452039468,58.838446923621774,56.34527685292497
49.354042760854,51.420890282773364,53.42926752089738,55.39858619238126,57.34843550986989,59.29850151890332,61.268524541727984,63.278276111918004,65.34754615547507,67.47631551050223,69.58528964827744,71.57535611074985,73.3474051855813,74.8441120223855,76.17528360223491,77.492510964552,78.94738594760557,80.62536757658746,82.34738197747127,83.89380936924525,85.14738038912273,86.00868252844707,86.34737996562228,86.05574184533862,85.14738038912273,83.68142686128562,81.7777454210833,79.5713836637754,77.19738957640945,74.76927107148131,72.31437465705329,69.83850841005835,67.34748433400199,64.84712140138708,62.3432508779145,59.84172554778908,57.34843550986989
50.35610211100578,52.423469978709065,54.43216329759218,56.40167794820843,58.351650817061994,60.30179569226169,62.271869458139136,64.28165377792367,66.35094491548449,68.47972766127941,70.58870994196596,72.57878119247499,74.35083302708992,75.84754146064276,77.17871406494383,78.49594217450546,79.9508177578862,81.628799870345,83.35081460678771,84.89724220514256,86.15081334611449,87.01211555054047,87.35081300998192,87.05917487063059,86.15081334611449,84.68485967297661,82.78117795375438,80.57481567596068,78.200820638071,75.77270044228513,73.31780102768525,70.84192944147591,68.3508958474304,65.85051594076512,63.34661517427767,60.84503608147182,58.351650817061994
51.45844460068075,53.52622565715589,55.535169921591375,57.504840149190414,59.45491109216002,61.40511856809445,63.37523261065215,65.38504292458033,67.45435080477498,69.58314417895161,71.69213292271681,73.68220797350969,75.45426199857245,76.95097169946794,78.28214511687798,79.59937381952862,81.05424987938969,82.73223237558457,84.45424737836066,86.00067514067888,87.25424637776355,88.11554863386077,88.45424611097496,88.16260795648957,87.25424637776355,85.7882925893004,83.88461064861984,81.67824795771605,79.30425216539464,76.8761306275724,74.42122883172921,71.94535300776576,69.45431185923402,66.95391848008751,64.44999370916885,61.948371943205004,59.45491109216002
52.46101193277269,54.52912105719287,56.538264542675535,58.50805826960365,60.458207061191075,62.40846422627044,64.37861023764279,66.38844118362363,68.457762352652,70.58656416265788,72.69555803620074,74.68563610329142,76.45769186691768,77.95440257370527,79.28557663648101,80.6028058098671,82.05768224791106,83.73566504867765,85.45768026284267,87.00410815529877,88.25767946866819,89.11898176577691,89.45767925691794,89.16604109042066,88.25767946866819,86.79172558867126,84.8880434722191,82.68168045342952,80.3076840623149,77.87956145931659,75.42465777347594,72.9487785859942,70.4577314414293,67.95732736906115,65.45338354547619,62.95172790873954,60.458207061191075
53.46375779454456,55.53212738217212,57.541429018133,59.51132077775655,61.46153136233157,63.41182796754401,65.38199935333252,67.3918466752913,69.46117839179779,71.58998689737427,73.69898484244251,75.68906530357697,77.46112244710446,78.95783395227008,80.28900852727338,81.60623807428269,83.06111481249077,84.73909785499612,86.46111323694075,88.00754123268734,89.26111260660403,90.12241493626354,90.46111243853771,90.16947426250658,89.26111260660403,87.79515865395666,85.89147639799447,83.68511311896168,81.31111625258436,78.88299280415455,76.42808761821979,73.95220576110518,71.46115385746447,68.9607412978138,66.45678235190546,63.95509983124778,61.46153136233157
54.46664540088457,56.5352217658822,58.54464894399996,60.51461851929031,62.46487815182634,64.4152060618477,66.38539758779689,68.39525790757133,70.4645979956947,72.59341181557973,74.70241299223117,76.69249535352361,78.46455359228096,79.96126573112025,81.29244071267917,82.60967055623354,84.06454753268213,85.74253076705571,87.46454628216713,89.01097435989543,90.26454578186846,91.12584813736363,91.46454564847417,91.17290746487603,90.26454578186846,88.79859177155848,86.89490940486706,84.68854591927908,82.31454867568539,79.88642455623571,77.43151817967414,74.95563420366625,72.4645785227313,69.96415922667788,67.46018827803994,64.95848441917738,62.46487815182634
55.46964553861798,57.53838605290932,59.547912885269255,61.51794422734639,63.46824279106052,65.41859554845254,67.38880305995599,69.39867369622533,71.46802042895457,73.5968384668283,75.70584220839626,77.6959260778477,79.46798518589056,80.9646978276774,82.29587313191982,83.6131032108423,85.06798037638256,86.74596376304208,88.46797938384807,90.01440752664533,91.26797898676077,92.12928136276165,92.46797888088564,92.17634069128154,91.26797898676077,89.80202493068387,87.89834247610659,85.6919788265756,83.31798128358497,80.88985663154624,78.43494930998268,75.95906365220546,73.4680049732217,70.9675803304553,68.4635998551604,65.96187905988715,63.46824279106052
56.57273501063531,58.64160582920242,60.65121176434815,62.621292133560786,64.57162159809636,66.52199407731777,68.49221427675184,70.50209310130538,72.57144510789273,74.70026649359846,76.80927227094651,78.7993573374262,80.57141713542205,82.06813017639885,83.39930573675547,84.71653600248982,86.17141331811224,87.84939682564126,89.57141253033706,91.11784072477957,92.37141221516865,93.23271460744496,93.57141213113549,93.27977393676449,92.37141221516865,90.90545812276653,89.00177559843422,86.79541181878156,84.42141403815936,81.99328896340421,79.53838089179156,77.06249389919148,74.57143284064949,72.07100395417751,69.56701591751693,67.06528167963789,64.57162159809636
57.57589539869963,59.6448696517444,61.654538375324776,63.62465765916738,65.57501165040993,67.52539978314637,69.49563005311595,71.50551537676324,73.57487156923409,75.70369561212348,77.81270300527412,79.80278902183682,81.57484936744909,83.0715627252633,84.40273848889801,85.71996890290504,87.1748463376478,88.85282994111097,90.57484571239019,92.12127394782357,93.37484546224084,94.23614786743497,94.57484539554369,94.28320719738917,93.37484546224084,91.9088913410074,90.00520876131047,87.79884487838017,85.42484690914961,82.99672149888416,80.5418128319568,78.06592477990604,75.57486183270416,73.07442957799024,70.57043553983634,68.06869063244835,65.57501165040993
58.679112080037484,60.74816843658276,62.75788699821936,64.72803716973729,66.67841062828653,68.62881118540795,70.5990494484414,72.60893993045332,74.67829944527435,76.80712559717662,78.9161342727924,80.90622104343711,82.67828182369311,84.17499543298148,85.5061713579581,86.82340188964926,88.27827941893793,89.9562630985441,91.67827892267061,93.22470719063847,94.47827872412694,95.33958113957394,95.67827867118937,95.38664047003188,94.47827872412694,93.01232458001003,91.10864195637018,88.90227799146835,86.52827987253926,84.10015419597899,81.64524505654984,79.16935616361185,76.67829171737749,74.17785678928158,71.67385798771825,69.17210461186885,66.67841062828653
59.782373445893626,61.851494972756484,63.86125309267541,65.83142778045871,67.78181669050076,69.73222710897764,71.70247171615705,73.71236629238484,75.7817284441647,77.91055626999466,80.01956596350485,82.0096533326653,83.78171445789835,85.27842826678193,86.60960431981577,87.92683494491288,89.3817125492427,91.05969628928364,92.78171215535508,94.32814044914558,95.58171199777085,96.44301442135557,96.78171195575429,96.49007375221333,95.58171199777085,94.11575783549134,92.21207517697395,90.00571114701128,87.63171290926634,85.20358702134772,82.7486775068935,80.27278794654248,77.78172231052393,75.28128526055914,72.77728267826194,70.27552258094832,67.78181669050076
60.885670280721655,62.95484353627734,64.96463305475402,66.9348272015518,68.88522837562903,70.83564662114108,72.80589626370204,74.81579408952325,76.88515833426356,79.01398748869272,81.12299799010697,83.11308583430989,84.88514723335155,86.38186120065396,87.71303735532692,89.03026805456044,90.48514571845044,92.16312950645845,93.88514540582159,95.43157372010752,96.68514528074692,97.54644771079052,97.88514524739833,97.59350704196562,96.68514528074692,95.21919110405173,93.31550841785203,91.10914433625052,88.73514600420138,86.3070199485275,83.8521101364156,81.37622004633823,78.88515346598655,76.38471473189065,73.88070914881469,71.37894371664495,68.88522837562903
61.98899526908451,64.05820958360675,66.06802402384605,68.03823361555214,69.98864452371215,71.93906898159162,73.90932262075623,75.91922302578902,77.98858893171624,80.1174191406565,82.226430283305,84.21651850454961,85.98858012091333,87.48529421395293,88.8164704492969,90.1337012073725,91.58857891853545,93.26656274461497,94.98857867040178,96.53500700095495,97.78857857112993,98.64988100629999,98.98857854466115,98.69694033772696,97.78857857112993,96.32262438299301,94.41894167482187,92.21257755223456,89.83857914533614,87.41045295651477,84.95554290815178,82.47965239763016,79.98858506776023,77.48814499696695,74.98413703216602,72.48236736570156,69.98864452371215
63.19234260405253,65.26158950827993,67.27142372938309,69.24164557989636,71.1920642140733,73.14249360274073,75.11275041402345,77.12265286618263,79.19202009059673,81.3208511365037,83.42986278810054,85.4199513086034,87.19201309745583,88.68872729029306,90.01990358966566,91.33713439444428,92.79201214312779,94.4699959994247,96.19201194618395,97.73844028964847,98.99201186739188,99.85331430663078,100.19201184638356,99.90037363825763,98.99201186739188,97.52605767017364,95.62237494456372,93.41601078944599,91.04201232313963,88.61388602863904,86.15897579276339,83.68308494853483,81.19201702377156,78.69157589203981,76.18756603685922,73.68579300962232,71.1920642140733
64.89481004661867,66.98768691369706,69.03358408388355,71.05175906937188,73.06079531657014,75.07776623831062,77.11748872594269,79.19212984264875,81.31152172929036,83.46889445805182,85.59664388095037,87.61402072416105,89.44303655082874,91.04644950279615,92.52816072180877,94.01836380656772,95.63235793085647,97.4181962146159,99.20992705605795,100.82943546811549,102.23957250746054,103.39141210558475,103.9346063495833,103.50144031449267,102.23957250746054,100.40770981441385,98.193706382299,95.75133982814349,93.21657626820313,90.69279096049799,88.1845201637387,85.68019918537017,83.17357827322111,80.66062922159885,78.13832607829153,75.6048314130216,73.06079531657014
63.69164572877372,65.76088969159204,67.77072212736779,69.74094287146269,71.69136080832963,73.64178975197038,75.61204627695491,77.62194854435164,79.69131564976632,81.8201466201333,83.92915822579528,85.91924671928874,87.69130849257326,89.18802267640334,90.51919896999706,91.83642977056051,93.29130751585764,94.96929136942728,96.69130731429371,98.23773565659292,99.4913072336532,100.35260967252486,100.69130721215208,100.39966900413373,99.4913072336532,98.02535303725462,96.12167031321862,93.91530616103691,91.54130770009237,89.11318141512982,86.65827119617803,84.18238038206803,81.69131251099654,79.19087147501925,76.68686179045396,74.18508906654213,71.69136080832963
62.28497796341182,64.35414655011418,66.36393323469008,68.33412562520903,70.28452569239593,72.23494323148057,74.20519241957484,76.2150899521053,78.28445400794644,80.41328304246352,82.52229347096078,84.51238127228902,86.2844426466182,87.78115659962265,89.11233274512219,90.42956343766456,91.88444109617899,93.56242487985776,95.28444077621617,96.83086908865232,98.08444064820736,98.94574307766804,99.28444061407647,98.99280240881451,98.08444064820736,96.61848647281329,94.71480378911203,92.50843971217114,90.13444138863338,87.70631534810015,85.2514055628532,82.775515520586,80.28444902546462,77.78401044336917,75.28000513112715,72.77824018045294,70.28452569239593
61.277127047157265,63.35451051056813,65.37674183331617,67.36351699911222,69.33431453682041,71.30808569991146,73.30295322599491,75.33601865822882,77.42343575517208,79.56262499548993,81.6784603503115,83.67851883421629,85.47151630077437,87.00791983701329,88.39613681944029,89.7804331509164,91.29845425524505,93.02003457595605,94.77057422581356,96.3471939747795,97.66645316756538,98.65330906918707,99.08324792356723,98.7282100963469,97.66645316756538,96.04912038148946,94.02287449879302,91.72682325344485,89.29345078429031,86.83065080067297,84.35660964697627,81.87058689681717,79.3739932390666,76.86911603951083,74.35863225617055,71.8456745304068,69.33431453682041
60.472061409685054,62.54092046702384,64.55051926253032,66.52059520672353,68.47092188228135,70.42129258150311,72.39151163578808,74.40138972130964,76.47074125190667,78.5995623354552,80.70856792906486,82.69865288750735,84.47071262323185,85.96742562817995,87.29860116542113,88.61583141429489,90.07070871637171,91.7486922129917,93.47070791011606,95.01713609989739,96.27070758755411,97.13200997836151,97.47070750154963,97.17906930760887,96.27070758755411,94.8047534984305,92.90107098039391,90.69470721248533,88.32070945331041,85.89258441670735,83.43767641278998,80.96178954066367,78.47072869688762,75.9703001934296,73.46631283921788,70.96457981460004,68.47092188228135
44.35122713425777,46.41260518200638,48.41765633613464,50.38491133842719,52.33345910237594,54.28269407132589,56.25218230497862,58.2615886836514,60.33063637355153,62.459264568908424,64.5681528651851,66.55816885193929,68.33018883270498,69.82687883624013,71.15803961606105,72.47525910071838,73.9301277549452,75.60810428696259,77.33011515027604,78.8765403642062,80.13011010746544,80.99141156046612,81.33010876290301,81.03847084363733,80.13011010746544,78.66415811143742,76.76047961275486,74.55412334257426,72.1801392759119,69.752038596446,67.29717381041343,64.82136384983198,62.33044011117683,59.83025611048919,57.32670437371368,54.825745684005,52.33345910237594
45.3503112754136,47.41333337700382,49.41938501757364,51.387261041146026,53.33620058851898,55.28568575356066,57.25533501057362,59.26484533270067,61.33395998039515,63.462630684684655,65.57154483180894,67.56157601930443,69.33360476179186,70.83029983471008,72.16146386699512,73.47868572403914,74.93355628421801,76.61153435120849,78.33354627987744,79.87997214967551,81.13354227739447,81.99484393708482,82.33354121021432,82.0419032304111,81.13354227739447,79.66758982005479,77.76391043551979,75.55755251286625,73.18356542842793,70.755459380763,68.30058506976872,65.82475815852841,63.33380420363598,60.83356631947096,58.32991858726207,55.828789278710886,53.33620058851898
46.350289546645485,48.414618437583584,50.42146488838539,52.38983410080628,54.33908472093066,56.2887685132317,58.258545593634494,60.26813842352708,62.33730621880123,64.4660106636856,66.5749453291012,68.56498858160123,70.33702427833434,71.83372337484926,73.16488998862818,74.4821137286429,75.93698580158048,77.61496508688195,79.33697786112505,80.88340425148627,82.13697468435126,82.99827650809138,83.33697383732962,83.04533580947773,82.13697468435126,80.67102186086807,78.76734177323092,76.56098253900694,74.18699305935264,71.75888275092802,69.30400087991259,66.82816051475575,64.33718257668383,61.83690192347575,59.33317799425615,56.83191324841226,54.33908472093066
47.350978634453895,49.41634592597388,51.42382367449619,53.39258451017311,55.342082100781795,57.29192357293917,59.26180211884579,61.27146044010405,63.34067042062034,65.46940164620918,67.57835259729313,69.56840542589958,71.34044664226055,72.83714893232184,74.16831759504095,75.4855428295744,76.94041610319164,78.61839635546843,80.34040980084481,81.88683660437748,83.14040727943717,84.00170923338376,84.34040660715556,84.04876854116735,83.14040727943717,81.67445416534554,79.77077351965548,77.56441324443622,75.19042186369421,72.76230817349145,70.30742030204925,67.83156925840493,65.3405722845331,62.84025768444286,60.33647327422328,57.835101021000284,55.342082100781795
48.352232620679146,50.41842484919499,52.426403946863545,54.39547572696327,56.34516938347359,58.295136024676,60.265095111374734,62.27480541625707,64.34404888046974,66.47280136240703,68.58176523961708,70.57182566885095,72.34387126616826,73.84057609095879,75.17174637992738,76.48897280066353,77.94384702726228,79.62182804702871,81.34384202508427,82.89026915655151,84.14384002384128,85.00514208113285,85.34383949025097,85.05220139399398,84.14384002384128,82.67788667909355,80.77420559047636,78.56784448901789,76.19385159937934,73.7657352250506,71.31084259104509,68.83498307181226,66.34397098900334,63.84362944458064,61.339797028422254,58.83833943977636,56.34516938347359
49.353935423282216,51.420782882781864,53.42916008298576,55.3984787309567,57.3483280336215,59.29839403319225,61.26841704992846,63.278168616188964,65.34743865721501,67.47620801063545,69.58518214743361,71.57524860933151,73.34729768383181,74.84400452044441,76.17517610017092,77.49240346239831,78.94727844537988,80.62526007430375,82.34727447514729,83.89370186689648,85.14727288675945,86.00857502607596,86.34727246324849,86.05563434296712,85.14727288675945,83.68131935893973,81.7776379187709,79.57127616152547,77.19728207427357,74.76916356954831,72.31426715548028,69.838400909126,67.34737683421169,64.84701390363345,62.34314338378965,59.841618060115024,57.3483280336215
50.355994739470034,52.423362557605344,54.4320558463816,56.40157047833185,58.351543335418185,60.30168820310675,62.27176196415152,64.28154628081708,66.350837416369,68.47962016088864,70.58860244079969,72.57867369085272,74.35072552520484,75.84743395860559,77.17860656280911,78.4958346722996,79.95071025562314,81.6286923680359,83.35070710444666,84.89713470278184,86.15070584374223,87.01200804816203,87.35070550760136,87.05906736825182,86.15070584374223,84.6847521706182,82.78107045142252,80.57470817367837,78.20071313587923,75.77259294025438,73.31769352594024,70.84182194023938,68.35078834710032,65.85040844205159,63.34650767844437,60.84492859075874,58.351543335418185
51.45833720217248,53.52611821928946,55.53506245982304,57.50473267260446,59.4548036062335,61.40501107620594,63.37512511492778,65.38493542638038,67.45424330498051,69.58303667814496,71.69202542129463,73.68210047172559,75.45415449657975,76.95086419735455,78.28203761468714,79.5992663172813,81.05414237709698,82.73212487325534,84.45413987600605,86.00056763830867,87.2541388753842,88.11544113147647,88.45413860858898,88.16250045410504,87.2541388753842,85.788185086932,83.88450314627255,81.6781404554081,79.30414466315855,76.8760231254641,74.4211213298477,71.94524550628782,69.45420435847555,66.95381098061209,64.44988621197953,61.94826445007973,59.4548036062335
52.46090451284667,54.52901360601814,56.53815707252605,58.507950787691925,60.45809957186512,62.408356732212184,64.37850274053993,66.38833368455585,68.45765485231865,70.58645666152114,72.69545053457547,74.68552860137888,76.45758436483956,77.95429507153133,79.28546913424566,80.6026983075869,82.05757474559485,83.73555754633242,85.45757276047735,87.00400065292102,88.2575719662832,89.11887426338797,89.45757175452768,89.16593358803155,88.2575719662832,86.79161808629496,84.88793596985954,82.6815729511012,80.30757656004361,77.87945395714674,75.42455027148607,72.94867108432467,70.45762394033079,67.95721986898104,65.45327604721057,62.951620413699644,60.45809957186512
53.463650357613176,55.532019920432276,57.54132154133045,59.511213291617366,61.4614238703073,63.41172047176357,65.38189185513554,67.39173917553472,69.46107089103671,71.58987939597554,73.69887734065603,75.68895780156248,77.46101494495855,78.95772645004814,80.28890102500267,81.6061305719764,83.06100731015587,84.7389903526382,86.4610057345669,88.0074337303036,89.26100510421452,90.12230743387096,90.46100493614406,90.16936676011385,89.26100510421452,87.79505115157409,85.89136889562516,83.68500561661718,81.31100875028511,78.88288530193584,76.42798011614394,73.95209825928356,71.46104635609609,68.9606337972537,66.45667485278555,63.9549923346882,61.4614238703073
54.46653795045219,56.53511429575531,58.54454146191627,60.51451102979553,62.46477065766035,64.41509856470032,66.38529008873144,68.39515040726803,70.46449049459414,72.59330431397304,74.70230549031672,76.69238785142818,78.46444609008125,79.9611582288602,81.29233321038038,82.60956305390651,84.06444003033242,85.74242326468772,87.46443877978648,89.01086685750697,90.26443827947544,91.12574063496811,91.46443814607781,91.17279996248041,90.26443827947544,88.79848426917093,86.89480190249003,84.68843841692174,82.31444117336396,79.8863170539782,77.43141067753001,74.95552670172393,72.46447102114871,69.96405172573682,67.46008077824196,64.95837692141157,62.46477065766035
55.46953807746743,57.538278576124725,59.54780539899356,61.51783673518814,63.46813529519457,65.41848805022022,67.38869556020126,69.39856619548812,71.46791292758454,73.59673096505658,75.70573470638026,77.69581857568807,79.46787768364814,80.96459032538706,82.29576562959876,83.61299570849883,85.06787287402108,86.74585626066613,88.46787188146206,90.01430002425309,91.2678714843649,92.12917386036384,92.46787137848713,92.17623318888363,91.2678714843649,89.80191742829236,87.89823497372346,85.69187132420808,83.31787378124595,80.88974912925795,78.43484180778438,75.95895615016732,73.46789747146909,70.96747282921189,68.46349235482424,65.96177156116397,63.46813529519457
56.57262754097624,58.64149834713298,60.65110427474504,62.621184639288444,64.57151410088112,66.52188657822431,68.49210677645003,70.50198560022372,72.57133760630882,74.70015899169574,76.80916476884991,78.7992498352156,80.57130963314575,82.06802267408452,83.39919823441676,84.71642850013328,86.17130581574143,87.84928932325892,89.57130502794675,91.11773322238433,92.37130471277054,93.23260710504529,93.57130462873529,93.27966643436474,92.37130471277054,90.90535062037188,89.0016680960462,86.79530431640595,84.42130653580637,81.99318146109151,79.53827338955026,77.06238639707732,74.57132533876194,72.07089645269409,69.56690841675365,67.06517418015483,64.57151410088112
57.57578792228635,59.64476216548003,61.654430883080536,63.62455016321702,65.57490415212372,67.52529228336938,69.4955225523799,71.50540787540825,73.57476406748046,75.70358811011678,77.81259550311353,79.80268151958572,81.57474186514588,83.07145522292991,84.40263098654525,85.71986140053815,87.17473883526961,88.85272243872362,90.5747382099965,92.12116644542597,93.37473795984096,94.23604036503386,94.57473789314216,94.283099694988,93.37473795984096,91.90878383861025,90.00510125891859,87.79873737599813,85.42473940678555,82.99661399655204,80.5417053296814,78.06581727773151,75.5747543307095,73.07432207631636,70.570328038734,68.06858313236216,65.57490415212372
58.67900459826281,60.748060946988616,62.75777950387875,64.72792967245505,66.67830312915028,68.62870368508845,70.59894194736071,72.60883242888136,74.67819194338595,76.8070180950874,78.91602677058104,80.90611354115394,82.67817432136853,84.17488793063296,85.5060638555942,86.82329438727416,88.27817191655384,89.95615559615275,91.67817142027424,93.224599688239,94.47817122172565,95.33947363717166,95.67817116878675,95.38653296762956,94.47817122172565,93.0122170776109,91.10853445397525,88.90217048908124,86.52817237016637,84.10004669363148,81.64513755424733,79.16924866138943,76.67818421529785,74.17774928745652,71.67375048634682,69.17199711130392,66.67830312915028
59.782265959863224,61.85138748051935,63.86114559667088,65.83132028211932,67.78170919068984,69.73211960822755,71.7023642148028,73.71225879064069,75.78162094216938,77.91044876783994,80.01945846125321,82.00954583035664,83.78160695555684,85.2783207644214,86.60949681744302,87.92672744253127,89.38160504685396,91.0595887868891,92.78160465295655,94.32803294674459,95.58160449536842,96.44290691895236,96.78160445335081,96.4899662498101,95.58160449536842,94.11565033309063,92.21196767457658,90.0056036446201,87.63160540688648,85.20347951898799,82.7485700045695,80.27268044428203,77.7816148083768,75.28117775861409,72.77717517667696,70.27541508000346,67.78170919068984
60.885562791313234,62.9547360419424,64.96452555742879,66.93471970237334,68.88512087528258,70.83553912004923,72.80578876213067,74.81568658764239,76.8850508321834,79.01387998648602,81.1228904878233,83.112978331981,84.88503973099657,86.38175369828392,87.71292985294718,89.03016055217363,90.48503821605794,92.1630220040614,93.88503790342139,95.43146621770535,96.68503777834361,97.54634020838662,97.8850377449942,97.59339953956169,96.68503777834361,95.2190836016498,93.31540091545273,91.10903683385614,88.73503850181599,86.30691244615807,83.85200263407454,81.3761125440476,78.88504596378584,76.38460722985033,73.88060164706016,71.37883621539851,68.88512087528258
61.9888877769948,64.0581020876067,66.06791652547254,68.03812611570771,69.9885370229407,71.93896148022853,73.90921511901252,75.91911552379968,77.98848142956868,80.1173116384085,82.22632278099597,84.21641100220467,85.98847261854769,87.4851867115753,88.8163629469116,90.13359370498159,91.58847141614004,93.26645524221593,94.98847116800023,96.53489949855185,97.78847106872593,98.64977350389549,98.98847104225649,98.69683283532243,97.78847106872593,96.32251688059011,94.41883417242103,92.21247004983765,89.83847164294633,87.41034545413767,84.95543540579718,82.4795448953156,79.98847756551703,77.48803749485106,74.98402953027696,72.48225986421573,69.9885370229407
63.192235109834584,65.26148201095825,67.27131623017756,69.24153807952334,71.19195671296453,73.14238610116233,75.11264291214297,77.1225453641072,79.19191258839572,81.32074363422298,83.42975528577135,85.41984380624571,87.19190559508166,88.68861978790943,90.01979608727592,91.33702689205009,92.79190464073004,94.46988849702407,96.19190444378134,97.7383327872446,98.99190436498728,99.85320680422578,100.19190434397845,99.90026613585266,98.99190436498728,97.52595016776992,95.62226744216164,93.41590328704703,91.04190482074631,88.61377852625581,86.15886829039802,83.68297744620125,81.19190952149464,78.69146838986393,76.18745853486337,73.68568550794652,71.19195671296453
64.89471367633327,66.98759138538777,69.03348983589044,71.05166650936656,73.06070479578312,75.07767799980961,77.11740283327097,79.19204610277507,81.3114396311144,83.46881328810242,85.59656331708342,87.61394103833929,89.44295867997101,91.04637496874743,92.52809075820889,94.01829890272309,95.63229750681187,97.41813873512598,99.20987144132394,100.82938177627884,102.23952282788471,103.39136949889593,103.93456844495503,103.50139917933038,102.23952282788471,100.40765052672535,98.19363828711127,95.75126460054855,93.21649595525162,90.69270753109845,88.18443496587821,85.680113036406,83.17349160135893,80.66054212793031,78.13823836556894,75.60474262063535,73.06070479578312
63.688522885037315,65.75776675554087,67.76759913528493,69.73781984465535,71.68823775963756,73.63866668931132,75.6089232053105,77.61882546690853,79.68819256858848,81.81702353658466,83.92603514080498,85.91612363345078,87.6881854062467,89.1848995897941,90.51607588320647,91.83330668363763,93.28818442882847,94.96616828231252,96.68818422711952,98.23461256938215,99.48818414642102,100.34948658528117,100.68818412490442,100.39654591688944,99.48818414642102,98.02222995004814,96.11854722606155,93.91218307397199,91.53818461319572,89.11005832853252,86.6551481101119,84.17925729694714,81.68818942756073,79.18774839458865,76.68373871537807,74.18196600098597,71.68823775963756
62.281855262725,64.35102370289772,66.36081029853295,68.33100263393186,70.28140266637953,72.23182018329322,74.20206935712426,76.21196688044992,78.28133093036254,80.41015996111622,82.519170387325,84.50925818730764,86.28131956086125,87.77803351341694,89.1092096586286,90.42644035096097,91.88131800930668,93.55930179284957,95.2813176891137,96.82774600149179,98.08131756101282,98.94261999045517,99.28131752685735,98.98967932160075,98.08131756101282,96.61536338565955,94.71168070203672,92.5053166252421,90.13131830197146,87.70319226191341,85.2482824775096,82.7723924367429,80.28132594429647,77.78088736697146,75.27688206322946,72.77511712766679,70.28140266637953
61.274076112955385,63.35146531097804,65.37370543279644,67.36049234742055,69.33130430799895,71.30509191861509,73.29997669635958,75.33305827885002,77.42048790210245,79.55968430713499,81.67552437266122,83.67558972715133,85.46860157102014,87.00503217437196,88.39328762633308,89.77762854642731,91.29569100663784,93.01729953184048,94.76785748221988,96.34449647113328,97.6637970649212,98.65073037691991,99.0807240979651,98.7256482687308,97.6637970649212,96.046367918789,94.02004151850626,91.72392989592223,89.29051676443311,86.82769277613315,84.35363829607228,81.86760846495272,79.3710109395339,76.86613063301763,74.35564231065428,71.84267672733912,69.33130430799895
60.46893929640031,62.53779798462007,64.54739655605282,66.51747236136897,68.46779894939603,70.4181695927533,72.38838861109825,74.39826667342561,76.46761818908391,78.59643926314938,80.70544485099246,82.69552980604428,84.46758953981441,85.96430254363176,87.29547808014746,88.61270832849203,90.06758563014375,91.74556912642137,93.46758482330813,95.01401301294314,96.26758450051413,97.12888689127541,97.46758441444777,97.1759462205205,96.26758450051413,94.80163041149342,92.89794789365442,90.6915841261144,88.31758636761262,85.8894613322069,83.43455333041416,80.95866646206885,78.46760562503313,75.96717713359583,73.4631898008025,70.96145681426233,68.46779894939603
44.35086400482167,46.41224138349837,48.417292130339916,50.38454687977449,52.33309448418426,54.28232935124376,56.251817519317854,58.261223855657164,60.330271518286594,62.45889969633012,64.56778798207802,66.55780396264106,68.32982393983815,69.82651394130858,71.15767471980479,72.47489420349584,73.92976285694638,75.60773938833859,77.32975025121814,78.87617546488116,80.1297452079838,80.99104666090028,81.32974386330841,81.03810594406738,80.1297452079838,78.66379321214367,76.76011471382193,74.55375844431435,72.17977437888112,69.75167370160165,67.29680891944855,64.82099896577097,62.33007523942261,59.829891260680995,57.32633956300245,54.82538094278118,52.33309448418426
45.34994778212954,47.41296935181373,49.41902066879143,51.38689649154142,53.33583591223639,55.285320996386474,57.254970201340996,59.26448048986441,61.33359511591267,63.46226580646001,65.57117994522737,67.56121112780886,69.33323986746387,70.82993493874332,72.16109896997692,73.47832082625402,74.93319138581674,76.611169452311,78.33318138063555,79.87960725022162,81.13317737781628,81.99447903743985,82.33317631054646,82.04153833076279,81.13317737781628,79.66722492062573,77.76354553637711,75.55718761425777,73.183200530795,70.75509448486545,68.30022017695032,65.82439327118972,63.33343932606542,60.83320145931974,58.329553758144584,55.82842450475333,53.33583591223639
46.349925764055655,48.41425423227459,50.42110042603399,52.389469478980786,54.33871999852815,56.288403726612174,58.258180765690696,60.26777356890983,62.33694134700248,64.46564578097932,66.57458043976189,68.56462368836162,70.33665938284665,71.83335847806084,73.16452509100522,74.48174883041125,75.93662090285981,77.61460018776742,79.33661296173717,80.88303935193011,82.13660978469645,82.99791160838356,83.33660893760367,83.04497090976727,82.13660978469645,80.67065696133162,78.76697687392178,76.56061764012179,74.1866281612418,71.75851785419454,69.30363598562306,66.82779562481551,64.33681769449672,61.83653705511486,59.332813150528295,56.83154844846973,54.33871999852815
47.35061462191392,49.4159815775775,51.423459121954465,53.39221983100546,55.34171734176556,57.29155876294547,59.26143727604956,61.27109557613568,63.34030554301444,65.46903675994574,67.577987705765,69.56804053127573,71.34008174585236,72.83678403488126,74.16795269693804,75.48517793098836,76.94005120421744,78.61803145618165,80.34004490134106,81.88647170474015,83.14004237972154,84.00134433362604,84.34004170738345,84.04840364140756,83.14004237972154,81.67408926572386,79.77040862021423,77.56404834533146,75.19005696520404,72.76194327609448,70.30705540659207,67.83120436639979,65.34020739868174,62.83989280956568,60.336108418898306,57.834736200430825,55.34171734176556
48.35186842542058,50.41806038715002,52.42603932270592,54.39511100227031,56.34480459539179,58.29477119612808,60.264730256789264,62.274440544866366,64.34368399825456,66.47243647332022,68.58140034635161,70.57146077312842,72.34350636902951,73.84021119300061,75.17138148144349,76.48860790179617,77.94348212808686,79.62146314760517,81.34347712548853,82.88990425684977,84.14347512407741,85.00477718133556,85.34347459044226,85.05183649419504,84.14347512407741,82.67752177940423,80.77384069093021,78.56747958973884,76.1934867005881,73.76537032712704,71.31047769466113,68.83461817816823,66.34360610024359,63.843264564531324,61.33943216389214,58.83797460283367,56.34480459539179
49.35357108286918,51.420418330483464,53.42879540196654,55.398113970122154,57.347963222467044,59.29802918991649,61.268052185985326,63.27780373890694,65.34707377134139,67.47584311930771,69.58481725278921,71.57488371273695,73.34693278611317,74.84363962207541,76.17481120138464,77.49203856330769,78.94691354604474,80.62489517477168,82.34690957547855,83.8933369671436,85.14690798695725,86.00821012624723,86.34690756341071,86.0552694431371,85.14690798695725,83.68095445919673,81.77727301914153,79.5709112621081,77.19691717524336,74.76879867120678,72.31390225836074,69.83803601418114,67.34701194314354,64.84664901947889,62.342778511953085,59.84125321017581,57.347963222467044
50.35563028376543,52.422997933640914,54.43169112021866,56.40120568880661,58.35117850594888,60.30132334814064,62.27139709278083,64.28118139885896,66.35047252759159,68.47925526778226,70.58823754506088,72.57830879356602,74.35036062702596,75.84706905991052,77.17824166378286,78.49546977303176,79.95034535616125,81.62832746841772,83.35034220471996,84.89676980298836,86.15034094390961,87.01164314830837,87.35034060774052,87.05870246839712,86.15034094390961,84.68438727083256,82.7807055517271,80.5743432741512,78.20034823665935,75.77222804158112,73.31732862823687,70.84145704426206,68.35042345419996,65.85004355463863,63.34614280080845,60.84456373050352,58.35117850594888
51.45797265490894,53.52575353842363,55.53469769782156,57.50436786030423,59.454438762226374,61.40464621196067,63.37476023766166,65.3845705407108,67.45387841389834,69.58267178362684,71.69166052468714,73.68173557388954,75.45378959803557,76.95049929840066,78.28167271547039,79.59890141787282,81.05377747753445,82.73175997356878,84.45377497623338,86.000202738483,87.25377397552745,88.11507623160303,88.4537737087098,88.16213555423076,87.25377397552745,85.78782018711253,83.88413824652469,81.67777555579377,79.3037797637881,76.87565822652752,74.4207564316809,71.94488060949101,69.45383946412096,66.9534460906129,64.44952132974053,61.94789958163631,59.454438762226374
52.46053989288002,54.528648879977,56.53779228207449,58.50758595731311,60.4577347163185,62.4079918606017,64.37813785859444,66.3879687959404,68.45728995940716,70.5860917658825,72.69508563727851,74.68516370310681,76.45721946600545,77.95393017237205,79.2851042348777,80.60233340806678,82.05720984595249,83.73519264659157,85.45720786066816,87.00363575306979,88.25720706640729,89.11850936349882,89.45720685463398,89.16556868814172,88.25720706640729,86.79125318644864,84.88757107007005,82.6812080514177,80.30721166055369,77.87908905800117,75.4241853729515,72.94830618687746,70.45725904482198,67.95685497692911,65.45291116131801,62.95125553875695,60.4577347163185
53.46328567992137,55.531655158527485,57.54095672829487,59.5108484468883,61.46105900560126,63.41135559430711,65.38152696947594,67.3913742845811,69.46070599667328,71.5895144994476,73.69851244281182,75.68859290294434,77.46065004589431,78.9573615507258,80.28853612551474,81.60576567236768,83.06064241045013,84.73862545285431,86.46064083472876,88.00706883043208,89.26064020432338,90.1219425339693,90.46064003623883,90.16900186021172,89.26064020432338,87.79468625170648,85.89100399580263,83.68464071687879,81.31064385070039,78.88252040262441,76.42761521731745,73.9517333613201,71.46068145967115,68.96026890357254,66.45630996399314,63.95462745458687,61.46105900560126
54.46617322693089,56.53474950538049,58.54417663095376,60.51414617367587,62.46440578568412,64.41473368260377,66.38492520012394,68.39478551445858,70.4641255990783,72.5929394167392,74.70194059203818,76.69202295253535,78.46408119083435,79.96079332940846,81.29196831079719,82.60919815422747,84.06407513057636,85.74205836486965,87.46407387992532,89.01050195761933,90.26407337957227,91.12537573505661,91.46407324616345,91.17243506256847,90.26407337957227,88.79811936928638,86.89443700264133,84.68807351713977,82.31407627370393,79.88595215453512,77.43104577847183,74.95516180335073,72.46410612399663,69.9636868307625,67.4597158871479,64.95801203721574,62.46440578568412
55.46917331756303,57.53791376315007,59.54744055380118,61.51747187002725,63.46777041744781,65.41812316444071,67.38833066925392,69.39820130120566,71.46754803115402,73.5963660672625,75.70536980775697,77.69545367657722,79.46751278425629,80.96422542583262,82.29540072994001,83.61263080876398,85.0675079742251,86.7454913608209,88.46750698158263,90.01393512435268,91.26750658445215,92.12880896044446,92.46750647856547,92.17586828896393,91.26750658445215,89.80155252839438,87.89787007385391,85.69150642439153,83.3175088815262,80.88938422971034,78.43447690854231,75.95859125146893,73.46753257373987,70.96710793321117,68.4631274619033,65.96140667371824,63.46777041744781
56.57226275218939,58.641133516218844,60.65073941825763,62.620819766951186,64.57114921855414,66.5215216895216,68.49174188364557,70.50162070477217,72.57097270915236,74.69979409345697,76.808799869953,78.79888493593172,80.57094473363881,82.06765777444855,83.39883333469798,84.71606360035412,86.17094091591376,87.84892442339216,89.57094012805287,91.11736832247377,92.37093981285017,93.23224220511968,93.57093972880789,93.27930153443886,92.37093981285017,90.90498572046326,89.00130319616014,86.79493941656193,84.42094163603919,81.992816561461,79.53790849016222,77.06202149812079,74.57096044057468,72.07053155587874,69.56654352238272,67.06480929012962,64.57114921855414
57.57542311057223,59.644397320326036,61.65406601762774,63.624185285183685,65.57453926616134,67.52492739234653,69.49515765810145,71.50504297902876,73.57439916974772,75.70322321152506,77.81223060399945,79.80231662016453,81.57437696554763,83.07109032322924,84.40226608677887,85.71949650072382,87.17437393541675,88.85235753883977,90.57437331009112,92.12080154550736,93.37437305991457,94.23567546510328,94.57437299321015,94.28273479505722,93.37437305991457,91.90841893869317,90.00473635901943,87.79837247613233,85.42437450698074,82.99624909685569,80.54134043017748,78.06545237857011,75.57438943215865,73.07395717885443,70.56996314321223,68.06821824028961,65.57453926616134
58.67863976834924,60.747696090531676,62.75741463130983,64.72756478990063,66.67793824030244,68.62833879222404,70.59857705191227,72.60846753176536,74.67782704519591,76.80665319621555,78.91566187129459,80.90574864162375,82.6778094216978,84.1745230308809,85.50569895579002,86.82292948743194,88.27780701668104,89.95579069625535,91.67780652035974,93.22423478831399,94.47780632179447,95.33910873723715,95.67780626885113,95.38616806769491,94.47780632179447,93.01185217768713,91.10816955406565,88.90180558919815,86.5278074703317,84.09968179388288,81.64477265465149,79.16888376206542,76.67781931645845,74.17738438948136,71.67338558991159,69.17163221760634,66.67793824030244
59.78190111550347,61.851022615090756,63.86078071845367,65.83095539597645,67.78134429955176,69.7317547139015,71.7019993184258,73.71189389294011,75.78125604361634,77.91008386874577,80.01909356182995,82.00918093073989,83.78124205582857,85.27795586462861,86.60913191760886,87.9263625426669,89.3812401469653,91.05922388698093,92.78123975303481,94.3276680468145,95.58123959543344,96.44254201901475,96.78123955341232,96.48960134987234,95.58123959543344,94.11528543316155,92.21160277465873,90.0052387447233,87.63124050702811,85.20311461919792,82.74820510490068,80.27231554482896,77.78124990930837,75.2808128602316,72.77681027951672,70.27505018501613,67.78134429955176
60.8851979354867,62.954371169392644,64.9641606747284,66.93435481338221,68.88475598232674,70.83517422456308,72.80542386501666,74.81532168947786,76.88468593334224,79.01351508721535,81.12252558829147,83.1126134322956,84.88467483122264,86.38138879845877,87.71256495308918,89.02979565229167,90.48467331615674,92.16265710414469,93.88467300349389,95.43110131777125,96.68467287840562,97.54597530844651,97.88467284505342,97.5930346396215,96.68467287840562,95.21871870171645,93.31503601552836,91.10867193394844,88.73467360193878,86.3065475463351,83.85163773434778,81.37574764449211,78.88468106453561,76.38424233114458,73.88023674932448,71.37847131938747,68.88475598232674
61.988522912066585,64.05773720940473,66.06755163921378,68.03776122445592,69.98817212854206,71.93859658382155,73.90885022131354,75.91875062526688,77.98811653049887,80.1169467389978,82.22595788137794,84.21604610246473,85.98810771873751,87.4848218117245,88.81599804703468,90.13322880508566,91.58810651622885,93.26609034229243,94.98810626806817,96.53453459861454,97.78810616878553,98.64940860395343,98.98810614231387,98.69646793538031,97.78810616878553,96.3221519806534,94.41846927249144,92.2121051499213,89.8381067430542,87.40998055428858,84.95507050602444,82.47917999567878,79.98811266612253,77.48767259588868,74.98366463208454,72.48189496739218,69.98817212854206
63.191870237682025,65.26111712826996,67.27095134109447,69.2411731864772,71.19159181742074,73.14202120402453,75.11227801397968,77.1221804652821,79.1915476891444,81.3203787347011,83.42939038608493,85.41947890646253,87.19154069524274,88.68825488803824,90.01943118738403,91.3366619921431,92.79153974081092,94.46952359709519,96.19153954384566,97.73796788730476,98.99153946504498,99.85284190428219,100.19153944403442,99.89990123590898,98.99153946504498,97.52558526783056,95.62190254222796,93.41553838712383,91.04153992084233,88.61341362638599,86.1585033905888,83.68261254649994,81.19154462198563,78.69110349069788,76.18709363630845,73.68532061047804,71.19159181742074
64.89439962980654,66.98728118512156,69.03318548427339,71.05136986868044,73.06041747046875,75.07740110019779,77.11713664960183,79.19178975323763,81.31119078094834,83.46856867812275,85.59632147571679,87.61370320792008,89.44272914037009,91.04616067175425,92.5278973390084,94.01812859632246,95.63214766386899,97.4180023426683,99.20974356689263,100.8292626854371,102.2394220645518,103.39130104340225,103.9345214675748,103.50133744550243,102.2394220645518,100.40750587457032,98.19345340277519,95.75104713542837,93.21625526007762,90.69245259982624,88.18417195615828,85.6798456819733,83.1732218582868,80.66027045801223,78.13796386775945,75.60446319082504,73.06041747046875
63.68815801355656,65.75740187326977,67.76723424646448,69.7374549517761,71.68787286420024,73.63830179224149,75.60855830719038,77.61846056811063,79.68782766935405,81.81665863707312,83.92567024112492,85.91575873367162,87.68782050641045,89.1845346899248,90.51571098331596,91.83294178373166,93.28781952891008,94.96580338238414,96.6878193271842,98.23424766944254,99.4878192464789,100.3491216853377,100.68781922496049,100.39618101694592,99.4878192464789,98.02186505010906,96.1181823261282,93.91181817404943,91.53781971329283,89.10969342866463,86.65478321030606,84.17889239725181,81.68782452806238,79.18738349544157,76.68337381685686,74.18160110357746,71.68787286420024
62.28149040796478,64.35065883101018,66.36044541624948,68.33063774520556,70.28103777359271,72.23145528791493,74.20170446007879,76.21160198232855,78.28096603154816,80.40979506186198,82.51880548780328,84.50889328762864,86.28095466109157,87.77766861359481,89.10884475877283,90.42607545108066,91.88095310940665,93.55893689293364,95.28095278918673,96.82738110155805,98.08095266107512,98.94225509051535,99.28095262691676,98.9893144216608,98.08095266107512,96.6149984857266,94.71131580211294,92.50495172533545,90.130953402096,87.7028273620935,85.24791757778826,82.77202753719695,80.28096104506315,77.78052246829574,75.27651716554729,72.77475223175094,70.28103777359271
61.27372852653576,63.351119100594616,65.37336133377025,67.3601510675445,69.33096648890086,71.30475804609486,73.29964696334947,75.33273242105122,77.42016504994606,79.55936317412105,81.67520436995866,83.67527137301064,85.46828666663126,87.00472376454043,88.3929884469008,89.77734006548346,91.29541244840559,93.01702774077756,94.76759008201469,96.3442336871581,97.6635442141797,98.65049609873176,99.08050298331993,98.725418036711,97.6635442141797,96.0460919484509,94.01974622915586,91.72362011964938,89.29019723149335,86.82736748337022,84.353309805687,81.8672782755066,79.37067982204792,76.8657987700214,74.35530935852549,71.84234188979799,69.33096648890086
60.46857451029942,62.53743315537419,64.54703170061575,66.51710748969907,68.46743406749498,70.41780470432244,72.38802371846647,74.39790177808278,76.46725329199495,78.59607436495195,80.705079952121,82.69516490677647,84.4672246403182,85.96393764400335,87.29511318043429,88.612343428717,90.06722073031904,91.74520422655664,93.4672199234156,95.0136481130335,96.26721960059449,97.12852199135037,97.46721951452088,97.1755813205952,96.26721960059449,94.8012655115858,92.89758299376987,90.69121922627295,88.31722146784985,85.88909643258411,83.43418843103967,80.95830156313632,78.46724072688846,75.96681223685623,73.46282490656641,70.96109192447699,68.46743406749498
44.347158226460564,46.40852877397478,48.413575362450715,50.38082753022306,52.32937350574983,54.2786073325141,56.24809483103414,58.2575007351511,60.32654811934812,62.45517612062336,64.56406429887275,66.55408021622456,68.32610015698651,69.82279013737616,71.15395090234713,72.47117037617272,73.92603902169745,75.6040155467065,77.32602640515583,78.87245161609145,80.12602135759533,80.98732280965231,81.32602001176645,81.03438209277718,80.12602135759533,78.66006936367356,76.75639086903558,74.55003460639975,72.17605055351585,69.74794989855978,67.29308515601574,64.8172752728264,62.32635167212962,59.826167917455564,57.32261661895487,54.82165870819608,52.32937350574983
45.34623828891573,47.40925442788412,49.415302441010176,51.383176213376856,53.33211434069764,55.28159859894919,57.25124727238989,59.26075721782206,61.329871622863806,63.45854217310432,65.56745622654795,67.55748735895787,69.329516069694,70.8262111242415,72.15737514474003,73.47459699318689,74.92946754645888,76.60744560788686,78.32945753269512,79.87588340011644,81.12945352644215,81.9907551853835,82.32945245825681,82.03781447867297,81.12945352644215,79.6635010707742,77.75982168944941,75.55346377278417,73.17947669928185,70.75137067107048,68.29649639459333,65.82066954478003,63.32971569938796,60.82947801049269,58.32583062617019,55.82470193595867,53.33211434069764
46.346213317055444,48.41053746934469,50.417381038719014,52.38574846344534,54.33499795610754,56.28468102853961,58.25445764569959,60.26405017658425,62.33321777925471,64.46192210186636,66.57085669292609,68.56089990170415,70.33293557323603,71.82963465517003,73.16080125959394,74.47802499278508,75.93289706024066,77.61087634112715,79.33288911230602,80.87931550078079,82.13288593253995,82.99418775568563,83.33288508472054,83.04124705704274,82.13288593253995,80.66693311038364,78.76325302529443,76.55689379582338,74.18290432484898,71.75479403186472,69.29991218824574,66.82407187184411,64.3330940206844,61.83281352246749,59.329089869382756,56.82782561437003,54.33499795610754
47.34689982714126,49.412263353735526,51.419738813802056,53.38849823001027,55.337994925520974,57.28783582622394,59.25771400441596,61.26737208833572,63.33658191597601,65.46531304451443,67.57426393658118,69.56431673048513,71.33635792684373,72.83306020533206,74.16422886062614,75.48145408974365,76.93632735900984,78.61430760778245,80.33632105072672,81.88274785276214,83.13631852694414,83.99762048041887,84.3363178540293,84.04467978817931,83.13631852694414,81.67036541390564,79.76668477023787,77.56032449879102,75.1863331249383,72.75821944699058,70.30333159729307,67.82748059234609,65.33648368745764,62.836169210387396,60.332385019347086,57.83101315573147,55.337994925520974
48.348151765104845,50.41434100296361,52.422318283359715,54.39138893646424,56.34108188238946,58.29104806996895,60.26100686478813,62.27071698128485,64.33996032415577,66.4687127290625,68.57767655942999,70.56773696112026,72.33978254256161,73.83648735816664,75.16765764124193,76.48488405767947,77.93975828082478,79.61773929780992,81.33975327393514,82.886180404214,84.13975127080717,85.00105332772421,85.33975073671427,85.04811264056696,84.13975127080717,82.67379792689528,80.77011683988319,78.56375574141887,76.18976285724838,73.76164649264649,71.3067538758998,68.83089438738132,66.3398823593252,63.83954091254573,61.335708670356894,58.83425139096428,56.34108188238946
49.34985294053664,51.41669802481543,53.42507378206682,55.39439153531282,57.34424027389423,59.29430591338695,61.26432869844288,63.274080115175366,65.34335005988987,67.47211935217013,69.58109345178895,71.57115989182535,73.34320895372484,74.8399157830469,76.17108735809587,77.48831471691145,78.94318969715201,80.62117132386838,82.3431857231798,83.88961311398577,85.14318413329585,86.00448627231512,86.34318370938598,86.05154558919166,85.14318413329585,83.67723060613955,81.77354916724468,79.56718741237573,77.19319332946381,74.76507483245877,72.31017843208915,69.83431221011298,67.34328817865642,64.84292532557902,62.33905494381928,59.837529865612794,57.34424027389423
50.351910964313774,52.41927689626735,54.42796903940433,56.3974829610671,58.34745537038245,60.29759995225335,62.26767352940374,64.2774577273849,66.34674878649271,68.47553148248474,70.58451373288631,72.57458496558776,74.34663678993857,75.84334521755281,77.17451781804374,78.49174592482626,79.94662150597428,81.62460361663494,83.34661835182968,84.89304594941618,86.14661708993776,87.0079192941216,87.34661675348025,87.05497861419983,86.14661708993776,84.68066341734028,82.77698169915578,80.57061942329781,78.19662438894332,75.76850419944603,73.31360479600434,70.8377332296525,68.34669967100615,65.84631982747072,63.34241917346361,60.840840280614785,58.34745537038245
51.45425240064655,53.52203192009006,55.5309752510978,57.50064490003304,59.450715478229625,61.400922721333615,63.37103661409233,65.38084683134258,67.45015464926797,69.57894798391563,71.68793670364349,73.67801174030242,75.45006575721851,76.94677545340053,78.27794886778645,79.59517756823129,81.05005362632026,82.728036121088,84.4500511228735,85.99647888458193,87.25005012130916,88.11135237721419,88.45004985426264,88.15841169983356,87.25005012130916,85.78409633327489,83.880414393418,81.67405170405061,79.3000559145351,76.87193438170411,74.41703259471717,71.94115678651468,69.45011566607947,66.9497223370397,64.44579765539852,61.94417604814623,59.450715478229625
52.45681889632331,54.52492680040605,56.534069544876985,58.50386281246074,60.4540113145041,62.404268294776244,64.37441418724913,66.38424505649503,68.45356617609963,70.58236795473107,72.69136180919539,74.68143986506792,76.45349562222816,77.95020632527465,79.28138038565015,80.5986095572855,82.05348599392295,83.73146879355676,85.45348400693562,86.9999118989077,88.25348321199341,89.11478550894957,89.45348300003845,89.16184483358585,88.25348321199341,86.78752933233689,84.88384721653847,82.67748419896833,80.30348781008075,77.87536521104401,75.4204615322326,72.94458235726037,70.4535352349958,67.95313120239776,65.44918744967346,62.947531938909776,60.4540113145041
53.45956409399437,55.52793271279077,57.53723376051596,59.507125155520725,61.457335510269644,63.40763196879445,65.37780326020993,67.38765052126315,69.45698219854154,71.58579067921599,73.6947886091415,75.6848690613721,77.45692619976748,78.95363770196377,80.28481227506202,81.60204182068176,83.05691855777349,84.73490159937975,86.45691698070041,88.00334497606283,89.25691634975433,90.11821867929277,90.45691618152553,90.1652780055299,89.25691634975433,87.79096239737714,85.88728014193381,83.68091686386892,81.30691999925921,78.8787965539737,76.42389137361806,73.94800952643226,71.45695764049142,68.9565451124065,66.45258622274102,63.95090380207036,61.457335510269644
54.46245117308746,56.53102676896654,58.54045348014192,60.51042276601086,62.46068221612448,64.411010009716,66.38120146075971,68.39106173219272,70.4604017891805,72.58921558930062,74.69821675393327,76.68829910815867,78.46035734284266,79.95706947932524,81.28824445937205,82.60547430182353,84.06035127738608,85.73833451104608,87.46035002566224,89.00677810308562,90.26034952487996,91.12165188027902,91.46034939135671,91.16871120778671,90.26034952487996,88.7943955147844,86.8907131485048,84.68434966368503,82.31035242149426,79.88222830454026,77.42732193240681,74.95143796427948,72.46038229739295,69.95996302639342,67.45599212239591,64.95428834289449,62.46068221612448
55.46545089225032,57.534190795993126,59.54371725770321,61.51374837005177,63.464046788971245,65.41439945395044,67.38460690600037,69.3944775039007,71.46382421191745,73.59264223410372,75.7016459661323,77.69172982997463,79.46378893478447,80.96050157470076,82.29167687774304,83.60890695579016,85.06378412062718,86.74176750672032,88.4637831271332,90.01021126968845,91.26378272966205,92.12508510558666,92.46378262368455,92.17214443410282,91.26378272966205,89.79782867375533,87.89414621950496,85.68778257058368,83.31378502870655,80.88566037864862,78.4307530605997,75.95486740907728,73.46380874124375,70.96338411836277,68.45940367849926,65.95768294621587,63.464046788971245
56.56854003198853,58.637410365900706,60.64701600683786,62.61709619370558,64.56742554331387,66.51779794918565,68.48801810143084,70.49789689553059,72.56724888250352,74.69607025575809,76.8050760255347,78.79516108756246,80.56722088299223,82.06393392248437,83.39510948188845,84.712339746928,86.16721706199228,87.84520056907172,89.56721627345556,91.11364446770597,92.36721595798247,93.22851835019824,93.56721587386807,93.27557767951478,92.36721595798247,90.90126186571544,88.99757934164256,86.79121556247384,84.41721778273545,81.98909270955247,79.53418464072938,77.05829765309372,74.56723660340175,72.06680773271285,69.56281972417436,67.06108553629097,64.56742554331387
57.57170015628523,59.64067402461994,61.65034251467195,63.620461653781476,65.57081555380383,67.5212036283217,69.49143386083705,71.50131916031302,73.57067533721579,75.69949937022265,77.80850675736386,79.79859277039303,81.57065311396862,83.06736647060447,84.39854223348311,85.71577264693869,87.17065008123845,88.8486336843448,90.57064945537641,92.11707769065734,93.37064920498526,94.23195161013132,94.57064913822362,94.27901094008317,93.37064920498526,91.90469508385901,90.00101250436799,87.79464862182179,85.42065065329271,82.99252524427509,80.53761657956181,78.06172853145134,75.5706655912737,73.07023334908689,70.56623933325362,68.06449446554754,65.57081555380383
58.67491662824699,60.74397267942298,62.75369105569864,64.7238411123382,66.67421449848443,68.62461500939715,70.59485324270291,72.60474370552996,74.67410320799453,76.80292935205303,78.91193802289912,80.90202479073929,82.67408556937873,84.17079917773181,85.50197510210837,86.81920563336185,88.27408316229891,89.95206684162187,91.67408266555185,93.22051093339871,94.47408246681626,95.33538488222511,95.6740824138275,95.3824442126812,94.47408246681626,93.00812832278444,91.10444569930803,88.89808173471104,86.52408361633871,84.09595794076886,81.64104880309701,79.16515991328644,76.67409547262723,74.17366055447411,71.66966177062673,69.1679084262731,66.67421449848443
59.778177827906376,61.847299112381876,63.85705708517385,65.8272316817758,67.77762053435063,69.72803091615123,71.69827549973562,73.70817006073631,75.77753220270881,77.90636002231315,80.01536971203763,82.00545707897211,83.77751820292212,85.27423201106336,86.60540806362093,87.92263868837067,89.3775162924214,91.05550003223755,92.77751589815298,94.32394419184745,95.57751574041643,96.43881816397086,96.77751569835922,96.48587749482715,95.57751574041643,94.11156157820446,92.20787891981679,90.00151489009608,87.62751665279308,85.1993907656605,82.74448125260108,80.26859169473227,77.77752606313877,75.27708902106555,72.77308645282959,70.27132638051432,67.77762053435063
60.88147453081453,62.95064759397745,64.96043699567568,66.9306310701013,68.88103219856619,70.83145041496805,72.80170003880153,74.81159785253692,76.88096208949312,79.009791238981,81.1188017373905,83.1088895798267,84.88095097784995,86.37766494456322,87.70884109885813,89.02607179781592,90.48094946148441,92.15893324931403,93.88094914855337,95.42737746276309,96.68094902335778,97.54225145337739,97.88094898997696,97.58931078455129,96.68094902335778,95.21499484671621,93.31131216061947,91.10494807920999,88.7309497475116,86.30282369246162,83.84791388145678,81.37202379334954,78.88095721651001,76.3805184886777,73.87651291676215,71.37474750443371,68.88103219856619
61.98479941446662,64.05401357628047,66.06382792383027,68.03403745809365,69.98444833005075,71.93487276482529,73.90512638912581,75.91502678456605,77.98439268431505,80.11322288933334,82.22223402959702,84.21232224943935,85.98438386499481,87.48109795756677,88.81227419261069,90.12950495046745,91.5843826614546,93.26236648739253,94.98438241308105,96.53081074357374,97.78438231371325,98.64568474886424,98.98438228721888,98.69274408029027,97.78438231371325,96.31842812561888,94.41474541752945,92.20838129509458,89.83438288847454,87.40625670014838,84.95134665266404,82.47545614370611,79.98438881662378,77.48394875080191,74.97994079485903,72.47817114414266,69.98444833005075
63.18814666632193,65.25739344934068,67.26722759687469,69.23744940179505,71.18786800723754,73.13829737756642,75.1085541770515,77.11845662159706,79.18782384110744,81.31665488390162,83.42566653360561,85.41575505299546,87.18781684120636,88.68453103367244,90.0157073328069,91.33293813741182,92.78781588595581,94.46579974214032,96.18781568882159,97.73424403223807,98.98781560995332,99.84911804917708,100.1878155889247,99.89617738080324,98.98781560995332,97.52186141276887,95.61817868722379,93.41181453222705,91.03781606614166,88.6096897720341,86.15477953685587,83.67888869386843,81.18782077131766,78.68737964353171,76.18336979538176,73.68159678064416,71.18786800723754
64.89080447660145,66.98369576597636,69.02961486674559,71.04781876567948,73.05688994228852,75.07389995658947,77.11366262484998,79.18834061553358,81.30776062162538,83.46514924923106,85.59290905319806,87.61030093565195,89.4393478490457,91.04281795336999,92.52460745318652,94.01489719784271,95.628968047608,97.41485676202204,99.20661954038897,100.82616088490484,102.23636663938748,103.38832736732402,103.93160213675162,103.49838077710177,102.23636663938748,100.40433939331864,98.19018511470415,95.74769639982188,93.21284573815942,90.6890070512823,88.18070596368037,85.67636869437936,83.16973882577322,80.65678254922932,78.1344688024174,75.60095564400424,73.05688994228852
63.68141840165164,65.75066206189125,67.76049431401273,69.73071494429179,71.68113280942734,73.63156170728877,75.60181820282213,77.61172045121258,79.68108754438595,81.8099185069822,83.91893010791892,85.90901859863396,87.68108037031706,89.17779455322056,90.50897084621981,91.82620164634966,93.28107939129843,94.95906324458755,96.68107918925924,98.22750753143856,99.48107910842859,100.3423815472625,100.68107908687678,100.38944087886948,99.48107910842859,98.01512491211432,96.11144218824022,93.90507803636054,91.53107957596758,89.1029532919862,86.64804307477533,84.17215226376359,81.68108439821529,79.18064337208816,76.67663370507385,74.1748610123647,71.68113280942734
62.274751105161215,64.34391921158556,66.353705604642,68.32389781449484,70.27429776781742,72.22471523423272,74.19496437557657,76.20486187793658,78.27422591434589,80.40305493652775,82.51206535752414,84.50215315444194,86.27421452622896,87.77092847776258,89.10210462231846,90.41933531417254,91.87421297213402,93.55219675536742,95.27421265141675,96.8206409636626,98.07421252310611,98.93551495250682,99.27421248889473,98.98257428365034,98.07421252310611,96.60825834784586,94.70457566440162,92.49821158794018,90.12421326527797,87.69608722630223,85.24117744381884,82.76528740646981,80.27422092011597,77.7737823536566,75.26977706927497,72.76801216813158,70.27429776781742
61.267100676155906,63.34450017442609,65.3667561006584,67.35356411775203,69.32440198351972,71.2982191355523,73.2931348986865,75.32624548804253,77.41369760911793,79.55290688222345,81.66875540830426,83.66883310250785,85.46187076814758,86.99834998361318,88.38667452480175,89.77109552153024,91.28923225065432,93.01089142572704,94.76148223985018,96.33815577909301,97.65753071769626,98.64460303213025,99.07469527065669,98.7195512061401,97.65753071769626,96.03992853233869,94.01345753382152,91.71723747731554,89.28375131631856,86.82088421473779,84.34680579975578,81.86076325073796,79.36415877869311,76.85927289182715,74.34877641699504,71.8357967207977,69.32440198351972
60.46183647675295,62.53069432423624,64.54029238529967,66.51036787429767,68.46069426295725,70.41106477907276,72.38128371555771,74.391161725056,76.46051320668849,78.5893342591545,80.6983398338632,82.68842478119208,84.46048451051077,85.95719751175265,87.28837304661596,88.60560329375525,90.0604805944387,91.73846408993649,93.46047978628201,95.0069079755838,96.2604794629595,97.12178185361577,97.4604793767522,97.16884118285569,96.2604794629595,94.79452537417313,92.89084285678416,90.68447909008364,88.310481333115,85.88235630043658,83.42744830348296,80.95156144374965,78.4605006220663,75.96007215800844,73.4560848739994,70.9543519741882,68.46069426295725
44.3470033199947,46.40837358183005,48.41341999640313,50.380672056210265,52.329217963617054,54.2784517468761,56.24793921739533,58.257345103436734,60.32639247598968,62.455020469872466,64.56390864362625,66.55392455833453,68.32594449757279,69.82263447708084,71.1537952414862,72.47101471489921,73.92588336009246,75.6038598848346,77.32587074309862,78.87229595392017,80.1258656953572,80.98716714737824,81.32586434948009,81.03422643050135,80.1258656953572,78.65991370151565,76.75623520703175,74.54987894468331,72.17589489232421,69.74779423830171,67.29292949741411,64.81711961717258,62.32619602173057,59.826012276427036,57.32246099462,54.82150311353101,52.329217963617054
45.346083227094965,47.40909913895096,49.41514701390986,51.383020700529414,53.3319587737612,55.28144299747362,57.251091648686355,59.26060157977042,61.329715975569655,63.45838651994255,65.56730056981792,67.55733170012962,69.3293604096564,70.82605546350416,72.15721948355379,73.47444133167316,74.92931188468205,76.60728994589817,78.32930187055936,79.87572773789014,81.1292978641628,81.99059952307564,82.32929679593917,82.03765881636369,81.1292978641628,79.66334540855854,77.75966602735602,75.55330811091889,73.17932103783306,70.7512150103627,68.29634073520027,65.82051388772672,63.32956004650545,60.829322365047915,58.32567499397621,55.82454632731691,53.3319587737612
46.34605813170744,48.41038210350449,50.41722556312696,52.385592919760995,54.33484236947879,56.28452541449144,58.254302014006754,60.26389453350235,62.333062128836644,64.46176644679102,66.57070103501854,68.56074424213122,70.33277991270324,71.82947899408185,73.16064559814947,74.47786933108068,75.93274139832745,77.61072067904578,79.33273345010792,80.87915983851084,82.13273027022791,82.99403209335094,83.3327294223781,83.04109139470694,82.13273027022791,80.66677744812212,78.76309736312996,76.55673813383996,74.18274866319618,71.75463837080002,69.29975652822456,66.82391621367998,64.33293836583073,61.83265787351732,59.32893423095044,56.8276699946332,54.33484236947879
47.34674454360943,49.412107926799955,51.41958329970052,53.38834266184196,55.337839323258876,57.28768020219546,59.25755836638143,61.267216441261084,63.33642626307841,65.46515738792024,67.57410827773904,69.56416107032115,71.3362022659179,72.83290454396544,74.16407319897671,75.48129842788795,76.93617169698838,78.61415194562753,80.33616538847917,81.88259219045753,83.13616286460609,83.99746481806288,84.33616219166716,84.04452412582242,83.13616286460609,81.67020975160773,79.76652910801701,77.56016883671384,75.1861774631235,72.75806378564258,70.3031759367733,67.8273249333003,65.33632803103939,62.83601355865491,60.33222937596301,57.830857527187334,55.337839323258876
48.34799640355598,50.41418552750238,52.42216273867962,54.39123334885751,56.340926267716924,58.290892438018176,60.26085122171982,62.27056133104102,64.33980466929009,66.46855707126278,68.57752089984606,70.5675813004872,72.33962688132385,73.83633169657901,75.16750197942984,76.48472839570363,77.93960261871739,79.61758363559662,81.3395976116483,82.8860247418819,84.13959560844853,85.00089766535132,85.33959507433647,85.04795697819333,84.13959560844853,82.67364226456849,80.76996117761752,78.56360007926726,76.18960719530503,73.76149083107364,71.30659821498433,68.83073872763575,66.33972670166511,63.839385258604835,61.335553023042394,58.834095755429075,56.340926267716924
49.3496975170098,51.41654251081779,53.424918213107915,55.39423593227434,57.34408464937012,59.29415027514764,61.26417305137902,63.27392446241605,65.3431944034621,67.47196369341358,69.58093779161622,71.57100423081994,73.34305329223949,74.83976012128386,76.17093169615467,77.48815905484028,78.94303403497644,80.62101566160874,82.34303006086179,83.88945745163184,85.14302847092084,86.00433060992879,86.34302804699578,86.05138992680479,85.14302847092084,83.67707494378983,81.77339350494348,79.56703175016506,77.19303766741844,74.76491917070746,72.3100227708596,69.83415654981198,67.34313252001071,64.84276966988526,62.338899293385055,59.83737422452833,57.34408464937012
50.35175549155976,52.41912135166973,54.42781345116995,56.39732734577825,58.34729973803826,60.297444309022495,62.26751787916845,64.27730207262897,66.34659312882508,68.47537582296874,70.58435807224629,72.57442930428681,74.3464811282567,75.84318955565053,77.17436215600009,78.49159026267944,79.94646584374458,81.62444795433854,83.3464626894869,84.89289028704492,86.14646142754978,87.00776363172464,87.34646109108022,87.05482295180241,86.14646142754978,84.68050775497235,82.77682603682636,80.57046376104026,78.19646872681696,75.76834853755308,73.31344913452551,70.83757756891063,68.34654401157809,65.84616417038569,63.3422635205532,60.8406846351256,58.34729973803826
51.4540968887987,53.52187635119667,55.53081964756106,57.5004892750197,59.45055983967805,61.40076707414076,63.37088096133981,65.38069117500194,67.44999899061625,69.57879232379685,71.68778104263255,73.67785607876692,75.44991009538067,76.94661979138775,78.27779320566145,79.59502190602444,81.0498979640476,82.72788045876237,84.44989546051113,85.99632322219692,87.24989445891086,88.11119671480878,88.4498941918548,88.15825603742779,87.24989445891086,85.78394067089252,83.8802587310662,81.67389604175585,79.29990025234446,76.87177871969872,74.41687693304047,71.94100112542294,69.4499600060305,66.9495666788504,64.44564200052267,61.944020399160834,59.45055983967805
52.45666335343266,54.52477121222367,56.53391392919261,58.503707179728195,60.453855671025394,62.40411264443857,64.3742585324986,66.38408939889655,68.45341051666682,70.58221229413385,72.69120614789006,74.68128420334625,76.4533399602665,77.95005066317414,79.2812247234606,80.59845389503096,82.0533303316162,83.73131313120797,85.45332834455766,86.99975623651177,88.25332754958694,89.11462984653744,89.45332733762439,89.16168917117345,88.25332754958694,86.7873736699431,84.8836915541689,82.67732853664404,80.30333214783911,77.87520954894939,75.42030587039886,72.94442669589091,70.453379574454,67.95297554333197,65.44903179323762,62.94737628714931,60.453855671025394
53.4594085264562,55.5277771092953,57.53707813518864,59.5069695166609,61.457179862880025,63.407476315960665,65.37764760387356,67.38749486266633,69.4568265384888,71.58563501823903,73.69463294760254,75.68471339950264,77.45677053770757,78.95348203979367,80.28465661282124,81.60188615838939,83.05676289543968,84.73474593701258,86.45676131831007,88.00318931365823,89.25676068734136,90.11806301687531,90.45676051910654,90.1651223431122,89.25676068734136,87.79080673497424,85.88712447955015,83.6807612015212,81.30676433697707,78.87864089180826,76.42373571165967,73.94785386484237,71.45680197955843,68.95638945264507,66.452430565067,63.950748148107266,61.457179862880025
54.462295585980996,56.53087115331493,58.54029784716016,60.51026712228749,62.46052656563066,64.41085435490098,66.38104580316462,68.39090607280349,70.4602461286357,72.58905992802228,74.69806109220883,76.68814344617195,78.46020168070478,79.95691381709989,81.28808879709058,82.60531863950115,84.06019561503079,85.73817884866429,87.46019436326206,89.00662244067416,90.26019386246188,91.12149621785733,91.46019372893379,91.16855554536485,90.26019386246188,88.79423985237426,86.89055748610996,84.68419400131867,82.31019675917997,79.88207264231859,77.4271662703495,74.95128230251464,72.4602266361495,69.95980736607984,67.4558364637391,64.9541326871831,62.46052656563066
55.465295289608974,57.53403517069182,59.543561618645555,61.51359272246796,63.4638911360135,65.41424379756288,67.38445124740625,69.39432184388255,71.4636685509821,73.59248657258615,75.70149030426067,77.69157416789483,79.46363327258467,80.96034591243153,82.29152121542933,83.60875129344393,85.06362845825484,86.74161184432694,88.46362746472525,90.01005560727151,91.26362706723984,92.12492944316165,92.46362696125856,92.17198877167763,91.26362706723984,89.79767301133947,87.89399055710119,85.68762690820257,83.31362936636677,80.88550471638234,78.43059739846385,75.95471174717358,73.4636530797539,70.96322845761092,68.45924801906243,65.95752728911685,63.4638911360135
56.568384417014954,58.637254732939596,60.646860362957455,62.616940543057595,64.56726988840046,66.51764229154995,68.48786244204373,70.49774123501324,72.56709322125818,74.69591459405065,76.80492036354624,78.79500542540875,80.5670652207433,82.06377826018034,83.39495381954907,84.71218408456284,86.1670613996064,87.84504490666917,89.56706061104141,91.1134888052847,92.36706029555702,93.22836268777054,93.56706021143961,93.27542201708698,92.36706029555702,90.901106203295,88.99742367923179,86.79105990008102,84.41706212037542,81.98893704725079,79.53402897853123,77.0581419910798,74.5670809417163,72.06665207161319,69.56266406411842,67.06092987809056,64.56726988840046
57.57154453152215,59.64051838557869,61.650186866963494,63.620306000701376,65.57065989733817,67.52104796969532,69.49127820082057,71.50116349939947,73.57051967572444,75.69934370836452,77.80835109528267,79.7984371081807,81.5704974516807,83.06721080827282,84.39838657112344,85.71561698455852,87.17049441884184,88.84847802193497,90.57049379295735,92.11692202823264,93.37049354255723,94.23179594770153,94.5704934757932,94.27885527765326,93.37049354255723,91.90453942143498,90.00085684195159,87.79449295941966,85.42049499091661,82.9923695819453,80.53746091731419,78.06157286934993,75.57050992943302,73.07007768771113,70.56608367270628,68.06433880647297,65.57065989733817
58.6747609957131,60.74381703555558,62.753535404951734,64.72368545732768,66.67405884078674,68.62445934998445,70.5946975821869,72.60458804430189,74.6739475463079,76.80277369007528,78.91178236074435,80.90186912848041,82.67392990705987,84.17064351537825,85.50181943973256,86.81904997096977,88.27392749989374,89.95191117920623,91.67392700312891,93.22035527097128,94.47392680438618,95.33522921979363,95.67392675139553,95.38228855024963,94.47392680438618,93.00797266035755,91.10429003688719,88.89792607230152,86.52392795394985,84.09580227841674,81.64089314081014,79.16500425111563,76.67393981066337,74.17350489287924,71.66950610968937,69.16775276650468,66.67405884078674
59.778022189204236,61.84714346468374,63.856901432015235,65.82707602523307,67.77746487567507,69.72787525611446,71.69811983882312,73.70801439925867,75.7773765408672,77.90620436024048,80.01521404982444,82.00530141667628,83.77736254057868,85.27407634869238,86.60525240123229,87.92248302596914,89.37736063000949,91.0553443698173,92.77736023572695,94.32378852941784,95.57736007798474,96.43866250153806,96.77736003592602,96.48572183239426,95.57736007798474,94.11140591577528,92.20772325739244,90.0013592276807,87.62736099039407,85.1992351032907,82.74432559028304,80.26843603250634,77.77737040107706,75.27693335929676,72.77293079158267,70.27117072019519,67.77746487567507
60.88131888721631,62.95049194323873,64.96028134060283,66.93047541234242,68.88087653911444,70.8312947544359,72.80154437757434,74.81144219086116,76.88080642752848,79.00963557683296,81.11864607513095,83.10873391750155,84.88079531548706,86.37750928217842,87.70868543645932,89.02591613540687,90.48079379906713,92.15877758689015,93.88079348612487,95.42722180033175,96.68079336092478,97.54209579094349,97.88079332754279,97.58915512211738,96.68079336092478,95.21483918428522,93.31115649819228,91.10479241678996,88.73079408510458,86.30266803007774,83.84775821911401,81.3718681310799,78.88080155437069,76.38036282677085,73.87635725526951,71.37459184367745,68.88087653911444
61.984643766982146,64.05385792312835,66.06367226723808,68.03388179936951,69.98429266998298,71.93471710389998,73.90497072764884,75.91487112273308,77.98423702225276,80.11306722712553,82.22207836730067,84.21216658709096,85.9842282026164,87.480942295171,88.81211853020382,90.12934928805244,91.58422699903306,93.26221082496573,94.9842267506506,96.53065508114105,97.78422665127925,98.64552908642952,98.98422662478393,98.69258841785553,97.78422665127925,96.31827246318647,94.41458975510005,92.20822563267085,89.83422722606113,87.40610103775336,84.95119099030164,82.47530048140175,79.98423315442287,77.48379308878552,74.97978513317139,72.47801548303951,69.98429266998298
63.1879910157528,65.257237794273,67.26707193907656,69.23729374230477,71.1877123466808,73.1381417163291,75.10839851537628,77.1183009596393,79.18766817896768,81.3164992216463,83.42551087128003,85.41559939062857,87.18766117881569,88.68437537126798,90.01555167039362,91.33278247499209,92.78766022353089,94.46564407971124,96.18766002638961,97.7340883698043,98.9876599475185,99.8489623867417,100.18765992648915,99.89602171836782,98.9876599475185,97.52170575033531,95.61802302479265,93.41165886980042,91.0376604037232,88.60953410963023,86.15462387447789,83.6787330315365,81.18766510906782,78.68722398142835,76.18321413353934,73.68144111926566,71.1877123466808
64.8906614348998,66.98355367879672,69.02947423100824,71.04768004352249,73.05675353184888,75.07376613337146,77.11353146083823,79.18821189186656,81.30763375890768,83.46502343869557,85.59278392967724,87.61017680741874,89.43922577810076,91.04269966466958,92.52449434488878,94.01478982433625,95.62886575137239,97.4147578029582,99.20652269468115,100.82606621841292,102.23627651987627,103.38824526296207,103.93152536061851,103.4983003402493,102.23627651987627,100.40423838496625,98.19007412411538,95.747577325001,93.2127208990586,90.68887867955561,88.18057558728952,85.67623723983976,83.16960677848525,80.65665002378705,78.13433557522038,75.60082119290084,73.05675353184888
63.6782460057445,65.7474895719829,67.75732176704904,69.72754236196927,71.67796020482024,73.62838908845953,75.5986455748434,77.6085478173292,79.67791490669961,81.80674586688178,83.9157574663505,85.90584595620237,87.67790772738793,89.1746219100036,90.50579820281818,91.82302900281331,93.27790674765387,94.95589060085581,96.67790654546701,98.22433488760909,99.4779064645773,100.33920890339945,100.67790644300973,100.38626823500587,99.4779064645773,98.01195226828922,96.10826954446543,93.9019053926796,91.52790693245797,89.09978064878139,86.64487043211139,84.16897962206215,81.67791175822975,79.17747073516273,76.67346107360095,74.17168839058544,71.67796020482024
62.27157885491698,64.34074681213478,66.35053311462576,68.3207252683516,70.27112518630022,72.2215426301396,74.19179175695965,76.2016892499467,78.27105328031917,80.3998822986689,82.50889271733499,84.49898051288258,86.27104188387986,87.76775583495655,89.09893197921929,90.41616267085953,91.87104032864917,93.54902411174425,95.27104000769755,96.81746831988427,98.07103987929312,98.93234230867522,99.27103984505676,98.97940163981781,98.07103987929312,96.60508570407445,94.70140302071007,92.49503894439756,90.12104062200737,87.69291458351549,85.23800480189065,82.76211476606954,80.27104828243948,77.77060972083774,75.2666044451114,72.76483955935562,70.27112518630022
61.26400086680039,63.341406153553436,65.36367096143158,67.35049083745375,69.3213432610054,71.2951770140852,73.29011018953003,75.32323707918468,77.41070184270964,79.54991834686724,81.66577162723223,83.66585625553031,85.4589084311806,86.99541496285323,88.38377832596399,89.76824431734062,91.28642277662622,93.00811041017081,94.75871968905759,96.3354126404508,97.65482934897342,98.64197975759265,99.07212734273105,98.71694494419414,97.65482934897342,96.0371299414662,94.0105776957397,91.71429670934447,89.28076951114303,86.81787818256788,84.34378631748004,81.85773662165758,79.36112824595243,76.85623922319883,74.3457381670608,71.83275054005239,69.3213432610054
60.458664824641374,62.52752229626269,64.53712012915894,66.50719547674284,68.45752177627256,70.40789223550304,72.37811113539136,74.38798912127174,76.45734058769258,78.58616163050227,80.69516719933908,82.68525214321527,84.4573118705439,85.95402487063438,87.285200404759,88.60243065135946,90.05730795161001,91.73529144675918,93.45730714286273,95.00373533201557,96.2573068193039,97.11860920991325,97.45730673303363,97.16566853915086,96.2573068193039,94.79135273062234,92.88767021343457,90.68130644710936,88.30730869082615,85.879183659367,83.42427566457675,80.94838880869352,78.45732799387366,75.95689954205614,73.45291227985676,70.95117941881884,68.45752177627256
44.34556605793955,46.406933668686136,48.41197846944651,50.37922952733979,52.327774802595115,54.27700818212689,56.2464953927994,58.255901111099945,60.32494837559622,62.45357630087712,64.56246443291188,66.55248032308856,68.32450024818672,69.82119021951354,71.15235097866989,72.46957044825422,73.92443909037155,75.60241561263646,77.32442646918116,78.87085167894426,80.12442141976081,80.98572287144827,81.32442007343602,81.03278215455498,80.12442141976081,78.65846942666374,76.75479093360947,74.54843467392789,72.17445062643903,69.74634998108002,67.29148525556427,64.81567540267848,62.32475185600052,59.824568197655225,57.32101707076484,54.82005946501063,52.327774802595115
45.344644523352684,47.40765832761362,49.41370492038578,51.38157781127448,53.33051538256194,55.27999928575207,57.24964773069,59.259157528624,61.32827183865295,63.45694232857426,65.56585634533639,67.55588745617705,69.3279161544807,70.82461120183497,72.15577521771846,73.47299706279898,74.92786761336652,76.60584567261644,78.327857595913,79.87428346240367,81.12785358818387,81.98915524683194,82.32785251960493,82.03621454010701,81.12785358818387,79.66190113317052,77.75822175310267,75.55186383878223,73.17787676956198,70.74977074896782,68.29489648600615,65.81906966024516,63.3281158577289,60.827878245293235,58.324230997188664,55.823102549093406,53.33051538256194
46.344618281636876,48.40894057847252,50.41578301960088,52.38414974434056,54.3333987955354,56.28308158609656,58.25285802186981,60.262450435675305,62.33161796293011,64.46032223766483,66.56925679960985,68.55929999126815,70.33133565293228,71.828034729157,73.15920132991792,74.47642506043721,75.93129712574624,77.60927640490402,79.33128917488305,80.87771556261916,82.13128599394537,82.99258781685825,83.33128514581355,83.03964711820392,82.13128599394537,80.66533317230858,78.76165308821703,76.55529386060704,74.18130439303134,71.75319410609289,69.29831227320122,66.82247197589012,64.33149415876164,61.83121372123287,59.32749017627117,56.826226113447646,54.3333987955354
47.34530378239637,49.41066583480467,51.418140398807644,53.38689925921098,55.336395604238405,57.28623628118348,59.256114315393646,61.26577230638145,63.334982074161786,65.46371316469929,67.5726640336573,69.56271681397314,71.33475800249968,72.83146027645655,74.16262892884328,75.47985415584014,76.9347274234026,78.61270767080313,80.33472111279511,81.88114791424425,83.13471858808258,83.99602054137259,84.33471791491982,84.04307984912391,83.13471858808258,81.66876547545644,79.76508483258056,77.5587245626108,75.18473319145559,72.75661951830648,70.30173167712329,67.8258806873286,65.33488380945118,62.83456938055052,60.33078527533178,57.82941356427031,55.336395604238405
48.34655491834739,50.41274298519048,52.420719554018476,54.38978976583846,56.33948243352796,58.28944844348749,60.25940712401868,62.26911716675136,64.33836046210985,66.46711283685462,68.57607664888047,70.56613703978577,72.33818261501077,73.83488742701914,75.16605770778688,76.48328412254125,77.93815834433431,79.61613936023043,81.3381533355998,82.88458046541334,84.13815133173374,84.99945338850415,85.33815079744403,85.04651270133965,84.13815133173374,82.67219798814915,80.76851690176554,78.56215580447363,76.18816292244416,73.76004656165094,71.3051539516621,68.82929447517007,66.33828246855289,63.83794106000647,61.33410888593694,58.83265172763515,56.33948243352796
49.348255456647394,51.41509961088907,53.42347480314028,55.392792206049094,57.34264072375879,59.292706222259795,61.262728916599315,63.272480274782794,65.34175018178567,67.47051945012598,69.57949353518686,71.56955996666318,73.34160902362873,74.83831585009614,76.1694874233136,77.48671478079324,78.94158975996051,80.61957138581252,82.34158578452403,83.88801317496068,85.14158419405425,86.00288633295713,86.34158376998819,86.04994564982796,85.14158419405425,83.67563066715775,81.77194922876171,79.56558747482327,77.1915933936107,74.7634748996286,72.30857850462269,69.83271229219199,67.3416882777517,64.84132545502042,62.33745512732871,59.83593014523743,57.34264072375879
50.35031297437067,52.41767816777414,54.42636986232637,56.395883505869946,58.34585573985669,60.29600020981319,62.266073714958125,64.27585786646736,66.34514889564281,68.47393157263343,70.58291381148027,72.57298503738755,74.3450368578223,75.84174528317077,77.17291788220805,78.49014598793022,79.94502156822637,81.623003678201,83.34501841291956,84.89144601021296,86.1450171505627,87.00631935465418,87.34501681398122,87.05337867472784,86.1450171505627,84.67906347817137,82.7753817603828,80.56901948526342,78.19502445225768,75.76690426515972,73.31200486597523,70.83613330719967,68.34509976205922,65.84471994260988,63.34081933151765,60.83924051495889,58.34585573985669
51.452654008819955,53.520432941836845,55.52937591671194,57.49904534486835,59.44911578389227,61.399322938163934,63.36943677376951,65.37924695413399,67.44855474830166,69.57734806786776,71.68633677842456,73.67641180969093,75.44846582349882,76.9451755178825,78.27634893111465,79.59357763071792,81.04845368813075,82.72643618235395,84.44845118376156,85.99487894523733,87.24845018182818,88.10975243765984,88.44844991468324,88.15681176027564,87.24845018182818,85.78249639395753,83.87881445441488,81.67245176563371,79.29845597718872,76.87033444626204,74.41543266265407,71.93955686046488,69.44851575074941,66.94812244082698,64.44419779324804,61.94257624654932,59.44911578389227
52.45522018537764,54.5233276238626,56.53247008561377,58.50226317794285,60.45241156951583,62.40266847927805,64.37281432638696,66.38264516635601,68.45196626710383,70.58076803376493,72.68976188095013,74.67983993254259,76.45189568723583,77.94860638885497,79.27978044831474,80.59700961928212,82.05188605538291,83.72986885458454,85.45188406766346,86.99831195945086,88.2518832724283,89.11318556932629,89.45188306039526,89.16024489395969,88.2518832724283,86.78592939290169,84.88224727735269,82.67588426024784,80.30188787220992,77.87376527468464,75.4188615985551,72.94298242835568,70.45193531459938,67.95153129717492,65.44758757148628,62.94593210878534,60.45241156951583
53.45796512967301,55.526333378829264,57.53563420212362,59.505525458014574,61.45573572507743,63.406032127636166,65.3762033830453,67.38605062086108,69.4553822831727,71.5841907543462,73.69318867849427,75.68326912732772,77.45532626376504,78.95203776482848,80.28321233719987,81.60044188228946,83.05531861895525,84.7333016602185,86.45531704130107,88.00174503651692,89.25531641012249,90.11661873961475,90.45531624183172,90.1636780658496,89.25531641012249,87.78936245784843,85.88568020260306,83.67931692490744,81.30532006097211,78.87719661688627,76.42229143865922,73.9464095952616,71.45535771607382,68.95494520003227,66.45098633182526,63.94930394930287,61.45573572507743
54.460852007604515,56.52942731004018,58.538853843062,60.50882301850737,62.45908239902094,64.4094101481907,66.37960157065555,68.38946182364475,70.4588018687533,72.5876156613325,74.69661682137954,76.68669917290865,78.45875740603856,79.95546954162194,81.28664452109189,82.60387436312257,84.05875133834705,85.73673457173476,87.45875008616196,89.00517816346904,90.2587495851952,91.12005194055756,91.4587494516227,91.16711126806344,90.2587495851952,88.79279557518144,86.88911320905899,84.68274972453229,82.30875248287677,79.88062836687493,77.425721996431,74.94983803131032,72.45878236978372,69.95836310834306,67.4543922213773,64.95268847215473,62.45908239902094
55.46385156706927,57.53259123786819,59.5421175581634,61.51214858286312,63.46244694653875,65.41279957625947,67.38300700562598,69.3928775888873,71.46222428747541,73.59104230367643,75.70004603206542,77.69012989376769,79.46218899734401,80.95890163654664,82.29007693913107,83.6073070168442,85.06218418141286,86.74016756728992,88.46218318755284,90.00861133001575,91.26218278993521,92.12348516583074,92.46218268391868,92.17054449434545,91.26218278993521,89.79622873409343,87.89254627996777,85.68618263127915,83.31218508982684,80.88406044052465,78.42915312381666,75.95326747468064,73.46220881110133,70.96178419580724,68.45780376946198,65.95608306121125,63.46244694653875
56.56694058003232,58.635810729033054,60.64541625772016,62.6154963750174,64.56582568077721,66.51619805866376,68.48641819290484,70.4962969753855,72.56564895487489,74.69447032337894,76.80347609026681,78.79356115059596,80.56562094504673,82.06233398397244,83.39350954301311,84.71073980778756,86.16561712263886,87.84360062954681,89.56561633381159,91.11204452798873,92.36561601822228,93.22691841041495,93.56561593407687,93.27397773973036,92.36561601822228,90.89966192600679,88.9959794020329,86.78961562304883,84.4156178436476,81.98749277106447,79.53258470330567,77.05669771756412,74.5656366712487,72.06520780658155,69.56121980877256,67.05948563996411,64.56582568077721
57.570100603693206,59.639074325248615,61.64874272620203,63.61886181009122,65.56921567531013,67.51960372761572,69.48983394584107,71.4997192360949,73.56907540705798,75.69789943629434,77.80690682114272,79.79699283282373,81.56905317562226,83.06576653180853,84.39694229439877,85.71417270764391,87.16905014177463,88.84703374474486,90.56904951568198,92.11547775090474,93.36904926519856,94.2303516703263,94.56904919841233,94.27741100027725,93.36904926519856,91.90309514411324,89.99941256470079,87.79304868230113,85.41905071403971,82.99092530549815,80.53601664162962,78.06012859502248,75.56906565752483,73.0686334201175,70.56463941280028,68.06289456023413,65.56921567531013
58.673316995771245,60.742372930439004,62.75209123599349,64.72224124880323,66.67261460732539,68.62301510060797,70.59325332257167,72.60314377807903,74.67250327582926,76.8013294168951,78.9103380859214,80.9004248526915,82.6724856307142,84.16919923871048,85.5003751628581,86.81760569394459,88.27248322274744,89.9504669019624,91.67248272581737,93.21891099361807,94.47248252700854,95.33378494240284,95.67248247400028,95.38084427285821,94.47248252700854,93.00652838300921,91.10284575959514,88.89648179511451,86.52248367695456,84.09435800176257,81.63944886476119,79.16355997614386,76.67249553761175,74.1720606232521,71.66806184616394,69.16630851382698,66.67261460732539
59.776578132021186,61.845699324018085,63.85545724067639,65.82563180248971,67.77602063313896,69.72643100094638,71.6966755755285,73.70657013071954,75.77593226895024,77.90476008617931,80.0137697744594,82.00385714054457,83.77591826400507,85.2726320718631,86.60380812423897,87.92103874885615,89.3759163528004,91.0539000925308,92.77591595838672,94.32234425204454,95.57591580059204,96.43721822413495,96.77591575851935,96.48427755499064,95.57591580059204,94.10996163840585,92.20627898006768,89.99991495043928,87.62591671330485,85.19779082647221,82.74288131394493,80.26699175702318,77.77592612711794,75.27548908805565,72.7714865251845,70.26972646240691,67.77602063313896
60.879874784597675,62.94904777435653,64.9588371315,66.92903117831334,68.87943228937564,70.829850494671,72.80010011135934,74.8099979204836,76.87936215446996,79.00819130207256,81.11720179933563,83.10728964109774,84.87935103873252,86.37606500522095,87.70724115937168,89.02447185822426,90.47934952180822,92.15733330956978,93.87934920876188,95.42577752294248,96.67934908352015,97.54065151353058,97.87934905012702,97.58771084470405,96.67934908352015,95.21339490689904,93.30971222084158,91.10334813950539,88.72934980794079,86.30122375312887,83.8463139425464,81.37042385519084,78.87935727969128,76.37891855424871,73.87491298659126,71.37314758183291,68.87943228937564
61.98319962829923,64.05241373184987,66.06222804403566,68.03243755638277,69.98284841452731,71.93327284048657,73.90352645911597,75.91342685089634,77.98279274828812,80.1116229518101,82.22063409116389,84.21072231047117,85.98278392571827,87.47949801811181,88.81067425304127,90.12790501081453,91.58278272173459,93.2607665476185,94.98278247326952,96.52921080373912,97.7827823738651,98.6440848090088,98.98278234736098,98.6911441404345,97.7827823738651,96.31682818578699,94.41314547772873,92.20678135535202,89.83278294883817,87.40465676070095,84.94974671355186,82.47385620519054,79.98278887917175,77.48234881524664,74.9783408626834,72.47657121797543,69.98284841452731
63.18654684844434,65.25579358521811,67.2656277046831,69.2358494922083,71.18626808668763,73.13669745001981,75.1069542450037,77.11685668664441,79.18622390428389,81.31505494589041,83.42406659487219,85.4141551138374,87.18621690180355,88.68293109412804,90.01410739317163,91.3313381977103,92.78621594620103,94.46419980234266,96.18621574899419,97.73264409239232,98.98621567009683,99.84751810931482,100.18621564906049,99.89457744094068,98.98621567009683,97.52026147292527,95.61657874740493,93.41021459245437,91.03621612645325,88.60808983249568,86.1531795975835,83.67728875506958,81.18622083336294,78.68577970708246,76.18176986161495,73.67999685164622,71.18626808668763
64.88930600345951,66.98220496680638,69.0281357365631,71.04635501983998,73.05544478157356,75.07247559584226,77.1122596426996,79.18695725236918,81.30639221938497,83.46378930588841,85.59155463302348,87.60895451695582,89.43801796959579,91.04151848053758,92.5233496268887,94.01368547453865,95.62779714101777,97.41371268312358,99.2054924507907,100.82505131399445,102.23529362139564,103.38731878200412,103.93063638386022,103.49738559655353,102.23529362139564,100.40317884010383,98.18894431309059,95.7463906071426,93.21149360454189,90.68762651751214,88.17930931356335,85.67496337654458,83.16832874256428,80.65536862191635,78.13304923336804,75.59952623538035,73.05544478157356
63.67680184125476,65.7460453646784,67.75587753375754,69.72609811257287,71.67651594527386,73.6269448224354,75.59720130465195,77.60710354444839,79.67647063208662,81.80530159116924,83.91431318996935,85.90440167942808,87.67646345038702,89.1731776328716,90.50435392560205,91.82158472553583,93.27646247032709,94.95444632348934,96.67646226807298,98.2228906101981,99.47646218715636,100.3377646259732,100.67646216558163,100.38482395757933,99.47646218715636,98.01050799088023,96.10682526707934,93.90046111533623,91.52646265519266,89.09833637165492,86.64342615523125,84.16753534562045,81.67646748256955,79.17602646089632,76.67201680181802,74.17024412321766,71.67651594527386
62.27013475677238,64.33930264603106,66.34908890727212,68.31928103543378,70.26968093727066,72.22009837082734,74.19034749103221,76.20024497975012,78.26960900737302,80.39843802397733,82.50744844158206,84.49753623650557,86.26959760714314,87.76631155801171,89.09748770214091,90.41471839368376,91.86959605139518,93.54757983442721,95.26959573033677,96.8160240424966,98.06959560188969,98.93089803126327,99.2695955676419,98.97795736240545,98.06959560188969,96.60364142668993,94.6999587433619,92.49359466711724,90.11959634485092,87.69147030657945,85.23656052534565,82.76067049022045,80.26960400783099,77.76916544844175,75.26516017665764,72.76339529791046,70.26968093727066
61.26258687988273,63.33999457392679,65.36226307545928,67.34908788329659,69.31994636101996,71.29378701797197,73.2887274346287,75.32186110300853,77.4093311240621,79.5485506353379,81.66440589282413,83.66449340473599,85.45755161450069,86.99406950577884,88.3824490130404,89.76693371524901,91.28512952759846,93.00682899517412,94.75744595229872,96.33414697583359,97.6535810533409,98.64076393485516,99.07093453355887,98.71573619547294,97.6535810533409,96.03584121804931,94.00925518639826,91.7129488622669,89.27940459843222,86.81650319477026,84.34240573625988,81.85635306832455,79.35974306921702,76.85485274235062,74.34434978099534,71.83135885581189,69.31994636101996
60.457220998928435,62.52607829935579,64.5356760283287,66.50575131150264,68.45607757043636,70.40644800375738,72.37666688697706,74.38654486210015,76.45589632159255,78.58471736000405,80.69372292616637,82.68380786847001,84.45586759489224,85.95258059445827,87.28375612824642,88.60098637460143,90.05586367465483,91.7338471696452,93.45586286563855,95.00229105472354,96.25586254197214,97.11716493256009,97.45586245567313,97.16422426179665,96.25586254197214,94.78990845333827,92.88622593624214,90.67986217008792,88.30586441411685,85.87773938321304,83.42283138940816,80.94694453527853,78.45588372358478,75.95545527734237,73.45146802507664,70.94973518169883,68.45607757043636
44.344736557730116,46.40610263802949,48.41114650715109,50.378396986648745,52.32694189696872,54.27617504343236,56.245662104097676,58.25506772556288,60.32411492767902,62.45274281335662,64.56163092130737,66.55164679732216,68.32366671425737,69.82035668086124,71.15151743698738,72.46873690436144,73.92360554470308,75.60158206553791,77.32359292109007,78.8700181302421,80.12358787070045,80.98488932219537,81.32358652411726,81.0319486052926,80.12358787070045,78.65763587803318,76.75395738580423,74.5476011276622,72.17361708298489,69.74551644262723,67.29065172598553,64.81484188889198,62.32391837036505,59.82373476222,57.32018372476165,54.81922627795575,52.32694189696872
45.34381419087177,47.406826778438486,49.41287263101623,51.38074506253677,53.32968234405624,55.279166062211715,57.24881438806901,59.25832410913668,61.32743836965119,63.45610882813807,65.56502282578421,67.55505392538441,69.32708261720904,70.82377766081467,72.15494167429307,73.47216351761932,74.92703406677748,76.60501212489234,78.32702404740111,79.8734499134068,81.1270200389027,81.98832169739791,82.32701897011864,82.03538099066549,81.1270200389027,79.66106758423045,77.75738820481769,75.55103029171917,73.17704322473045,70.7489372081059,68.29406295218762,65.81823613896108,63.327282358788906,60.827044786198954,58.32339760908222,55.82226928716206,53.32968234405624
46.343787287391876,48.40810861728819,50.41495047044927,52.38331683040205,54.332565651533145,56.282248295201725,58.25202463644814,60.261616989239656,62.330784477192765,64.45948872697713,66.56842327374952,68.55846645648614,70.33050211300787,71.82720118625724,73.15836778510922,74.47559151423611,75.93046357842655,77.60844285668341,79.3304556260372,80.87688201338835,82.13045244448892,82.99175426728048,83.3304515961943,83.03881356862021,82.13045244448892,80.66449962312288,78.76081953955125,76.55446031291109,74.18047084710662,71.75236056331883,69.29747873601754,66.82163844865515,64.33066064926155,61.83038024335944,59.32665675474436,56.825392792077224,54.332565651533145
47.344472262157524,49.40983354631767,51.417307643351435,53.38606621410585,55.33556237648446,57.2854029368216,59.255280895997885,61.26493883855565,63.33414857514093,65.4628796458748,67.5718305027901,69.56188327602476,71.3339244604697,72.83062673206504,74.16179538293663,75.47902060882836,76.93389387550297,78.61187412218848,80.33388756368417,81.88031436482777,83.13388503848701,83.99518699168073,84.33388436519505,84.04224629942733,83.13388503848701,81.6679319260758,79.76425128361254,77.55789101441255,75.18389964466317,72.75578597401474,70.30089813726863,67.82504715537036,65.33405029156933,62.833735887771454,60.329951827277284,57.82858019571704,55.33556237648446
48.34572298015273,50.411910436739795,52.419886634745396,54.38895661659693,56.338649139288265,58.28861505668391,60.25857367765572,62.26828368194742,64.33752695254555,66.46627931157185,68.57524311403927,70.56530349932419,72.3373490713096,73.83405388144365,75.16522416100881,76.48245057488603,77.9373247959744,79.61530581130302,81.33731978627847,82.88374691584951,84.13731778202776,84.99861983872177,85.3373172476355,85.04567915155351,84.13731778202776,82.67136443861374,80.76768335255765,78.56132225587672,76.18732937496301,73.7592130161546,71.30432040968753,68.8284609394629,66.33744894401829,63.83710755539643,61.33327541682621,58.831818321629015,56.338649139288265
49.34742318642178,51.41426685598947,53.42264175379978,55.39195897413589,57.341807376741755,59.291872801767155,61.26189544883121,63.27164677650279,65.34091666385285,67.46968591971721,69.57865999719148,71.56872642420689,73.34077547860116,74.83748230358088,76.16865387584386,77.48588123262732,78.94075621123528,80.61873783663685,82.3407522350357,83.88717962527988,85.14075064426063,86.00205278310285,86.34075022011318,86.04911209997071,85.14075064426063,83.67479711749951,81.77111567936343,79.56475392590991,77.19075984558295,74.7626413531762,72.3077449609655,69.83187875350924,67.34085474793676,64.84049194101988,62.33662164150488,59.83509670950252,57.341807376741755
50.34948044042318,52.41684524894302,54.425536709722365,56.39505020832851,58.345022350945484,60.295166762579555,62.26524023019998,64.2750243574911,66.34431537106776,68.47309803815611,70.58208027098141,72.572151493348,74.34420331174194,75.84091173590963,77.17208433418934,78.48931243935894,79.94418801921117,81.62217012882829,83.34418486329868,84.89061246043933,86.1441836006995,87.00548580474288,87.34418326405344,87.05254512481416,86.1441836006995,84.67822992841565,82.77454821083342,80.5681859360989,78.19419090379608,75.76607071794847,73.31117132098254,70.83529976615523,68.34426622805321,65.84388642115594,63.33998583242814,60.838407055626746,58.345022350945484
51.45182126543729,53.519599892847225,55.52854268212943,57.498211995230406,59.44828236172668,61.39848946970477,63.36860327552586,65.37841343666793,67.44772121845462,69.57651453016118,71.68550323593864,73.67557826439479,75.44763227658288,76.94434197002937,78.27551538266023,79.59274408182492,81.0476201388854,82.72560263282483,84.44761763403551,85.99404539539,87.24761663190978,88.10891888770327,88.4476163647136,88.15597821031716,87.24761663190978,85.78166284412444,83.87798090474556,81.67161821626988,79.29762242838274,76.8695008984485,74.41459911660141,71.93872331754598,69.44768221341691,66.94728891345719,64.44336428362925,61.9417427684871,59.44828236172668
52.45438727569113,54.52249447153717,56.53163678595337,58.501429786951235,60.451578120954295,62.40183499397136,64.37198081743955,66.38181164215142,68.45113273307234,70.57993449349526,72.68892833688712,74.67900638624906,76.45106213965664,77.94777284053195,79.27894689951447,80.59617607013374,82.05105250595491,83.72903530493132,85.4510505178539,86.99747840954508,88.25104972246613,89.11235201933377,89.45104951039238,89.1594113439657,88.25104972246613,86.7850958430072,84.88141372758815,82.67505071072574,80.30105432313066,77.87293172639306,75.41802805166112,72.94214888394896,70.45110177462666,67.95069776510965,65.4467540535102,62.94509861585641,60.451578120954295
53.45713208794376,55.525500144467884,57.534800850803634,59.5046920341976,61.454902255564235,63.40519862895715,65.37536986560212,67.38521709130806,69.45454874581996,71.58335721204222,73.69235513317945,75.68243558024258,77.45449271565948,78.95120421613251,80.28237878812513,81.5996083329384,83.05448506938225,84.73246811046673,86.45448349142525,88.0009114865647,89.25448286012552,90.11578518959371,90.45448269180244,90.16284451582737,89.25448286012552,87.78852890790517,85.88484665276297,83.67848337525979,81.30448651167592,78.87636306821526,76.4214578910975,73.94557604967402,71.45452417400548,68.95411166424014,66.45015280721589,63.94847044457387,61.454902255564235
54.46001886104308,56.528594010555324,58.53802045073522,60.507989568635054,62.45824891287765,64.40857663889773,66.37876804646916,68.38862828984665,70.45796832876451,72.58678211741385,74.69578327507122,76.68586562519519,78.45792385751517,79.95463599262999,81.28581097179926,82.60304081361068,84.05791778865898,85.73590102190482,87.45791653623355,89.00434461347999,90.25791603517061,91.11921839051388,91.45791590157248,91.16627771801882,90.25791603517061,88.7919620251995,86.8882796591589,84.68191617478496,82.30791893340842,79.87979481790278,77.42488844833926,74.94900448478549,72.45794882605213,69.95752956959294,67.45355869150302,64.95185495805978,62.45824891287765
55.4630183372837,57.53175788668756,59.54128413328664,61.51131511230952,63.4616134471957,65.411966058542,67.38217347608739,69.39204405171981,71.46139074539437,73.59020875847622,75.69921248496851,77.68929634555556,79.46135544848906,80.95806808731973,82.28924338966553,83.60647346720462,85.06135063163347,86.73933401739791,88.46134963758267,90.00777777999747,91.26134923988872,92.12265161576909,92.46134913385183,92.16971094428305,91.26134923988872,89.79539518408082,87.89171273002012,85.6853490814527,83.31135154022184,80.88322689131347,78.4283195753043,75.9524339274119,73.4613752660496,70.96095065470932,68.45697023540886,65.95524953968237,63.4616134471957
56.566107284179864,58.634977336816874,60.64458280700663,62.6146628880483,64.56499217095717,66.51536453425966,68.48558465911819,70.49546343554371,72.5648154111332,74.69363677716157,76.80264254254399,78.79272760198802,80.56478739592856,82.06150043455905,83.39267599341031,84.70990625804663,86.16478357278697,87.84276707960555,89.56478278380828,91.11121097794724,92.36478246815838,93.22608486033903,93.56478238399686,93.27314418965386,92.36478246815838,90.89882837596977,88.99514585204747,86.7887820731596,84.4147842939341,81.98665922166356,79.53175115445943,77.05586416970493,74.56480312514915,72.06437426362017,69.56038627140268,67.05865211253486,64.56499217095717
57.56926725539596,59.63824090045965,61.64790925498072,63.6180283100927,65.56838215717433,67.51877019790435,69.48900040868267,71.49888569413054,73.56824186199819,75.69706588926962,77.80607327292316,79.79615928390162,81.56821962629519,83.06493298224716,84.39610874468701,85.71333915782256,87.16821659186522,88.8462001947645,90.5682159656524,92.11464420084484,93.36821571512088,94.22951812023908,94.56821564832183,94.27657745018955,93.36821571512088,91.90226159405688,89.99857901468536,87.79221513236209,85.41821716424013,82.99009175594665,80.53518309251837,78.05929504669467,75.56823211059366,73.06779987567707,70.56380587279787,68.06206102812166,65.56838215717433
58.67248360584385,60.741539479795165,62.75125774849441,64.72140773846293,66.67178108258923,68.62218156668416,70.59241978273711,72.60231023442995,74.67166972972336,76.80049586922961,78.90950453730755,80.89959130352007,82.67165208122135,84.16836568903163,85.49954161305993,86.8167721440594,88.27164967279238,89.94963335195101,91.6716491757669,93.21807744354354,94.47164897691991,95.33295139230663,95.67164892390146,95.38001072276163,94.47164897691991,93.00569483293751,91.10201220955591,88.89564824513587,86.52165012708667,84.09352445209163,81.63861531543964,79.16272642744408,76.67166199002051,74.1712270776378,71.66722830407208,69.16547497799739,66.67178108258923
59.77574470904895,61.844865852852095,63.85462374025718,65.82479828394096,67.77518710316403,69.72559746367914,71.69584203356985,73.70573658573329,75.77509872201401,77.90392653800522,80.01293622553261,82.00302359117521,83.7750847143806,85.27179852209102,86.60297457437218,87.92020519892031,89.37508280280908,91.05306654249478,92.77508240831966,94.3215107019584,95.57508225049472,96.43638467403161,96.77508220841395,96.48344400488699,95.57508225049472,94.10912808832195,92.20544543000958,89.99908140042928,87.62508316338271,85.19695727670637,82.74204776445642,80.2661582080282,77.7750925790028,75.27465554150959,72.77065298143421,70.26889292362704,67.77518710316403
60.87904133539587,62.948214286901376,64.95800362082582,66.92819765324944,68.87859875524265,70.82901695475005,72.79926656771481,74.80916437443604,76.87852860687468,79.0073577534948,81.11636825016046,83.10645609157132,84.87851748900357,86.37523145537487,87.70640760945041,89.0236383082482,90.47851597178813,92.1564997595142,93.87851565868168,95.42494397284715,96.67851553341592,97.53981796342157,97.87851550001639,97.5868772945948,96.67851553341592,95.21256135680547,93.30887867076846,91.10251458947046,88.72851625797563,86.30039020328773,83.84548039292538,81.36959030596154,78.8785237311603,76.37808500696312,73.87407944152469,71.37231404071136,68.87859875524265
61.98236615827784,64.05158023146554,66.06139452522191,68.03160402614772,69.98201487709406,71.93243929845934,73.90269291413333,75.91259330400644,77.98195920016978,80.11078940291196,82.21980054179159,84.20988876082006,85.98195037590644,87.478664468207,88.80984070307679,90.12707146080655,91.58194917169166,93.25993299754741,94.9819489231789,96.52837725363646,97.78194882375541,98.64325125889533,98.98194879724616,98.69031059032082,97.78194882375541,96.31599463568574,94.41231192764371,92.20594780529731,89.83194939883884,87.40382321080007,84.94891316382567,82.47302265577528,79.98195533031074,77.48151526737409,74.97750731657209,72.47573767499532,69.98201487709406
63.1857133618977,65.25496007457158,67.26479417940885,69.23501595786885,71.18543454663492,73.13586390632084,75.106120698959,77.11602313908591,79.18539035575039,81.31422139673799,83.42323304534341,85.41332156408734,87.1853833519259,88.6820975441766,90.01327384317284,91.33050464767695,92.78538239613997,94.46336625225926,96.18538219889527,97.73181054228385,98.98538211998277,99.84668455919777,100.1853820989424,99.89374389082346,98.98538211998277,97.51942792281793,95.6157451973105,93.40938104238397,91.0353825764268,88.60725628254738,86.15234604777385,83.6764552055067,81.18538728423998,78.68494615874405,76.18093631467444,73.67916330719096,71.18543454663492
64.88850708012947,66.98140866227143,69.02734341413755,71.04556794738849,73.05466405134347,75.0717019636113,77.11149330587776,79.18619761044991,81.3056376827955,83.46303765583896,85.59080486771268,87.60820748208238,89.4372765785798,91.04078746540986,92.52263282297606,94.0129844023235,95.62710999647899,97.41303469276386,99.2048202575023,100.82438509838266,102.23463987816214,103.38668702377637,103.9300192401993,103.49675841209917,102.23463987816214,100.40249522836595,98.18823331852704,95.74565743545202,93.2107446195002,90.68686784110929,88.17854513752766,85.67419624267683,83.16755998252387,80.65459855008278,78.1322772362999,75.59875088056319,73.05466405134347
63.672950912264696,65.74219432145124,67.75202642119258,69.7222469570373,71.67266476265644,73.6230936225342,75.59335009363161,77.60325232625232,79.6726194092689,81.80145036541771,83.91046196243381,85.90055045084357,87.67261222119788,89.16932640333263,90.50050269583865,91.81773349560873,93.27261124026849,94.95059509332481,96.67261103783494,98.2190393799148,99.47261095684654,100.33391339564909,100.67261093525264,100.38097272725454,99.47261095684654,98.00665676060223,96.10297403686245,93.89660988523335,91.52261142529807,89.09448514213074,86.63957492636436,84.16368411792328,81.67261625695767,79.17217523900331,76.66816558655128,74.16639291973135,71.67266476265644
62.26628400480243,64.33545171273451,66.34523786391382,68.31542992386588,70.26582978271381,72.21624718883453,74.186496291389,76.19639376871623,78.26575778900272,80.39458680094992,82.50359721572273,84.49368500898109,86.26574637865889,87.76246032897213,89.09363647274506,90.41086716402803,91.86574482153068,93.5437286043946,95.26574450018748,96.81217281227543,98.06574437162641,98.92704680097735,99.26574433734825,98.97410613211844,98.06574437162641,96.59979019647719,94.6961075132462,92.48974343718253,90.1157451152468,87.68761907756335,85.23270929737292,82.75681926410455,80.26575278502526,77.76531423153935,75.26130897027377,72.75954411022673,70.26582978271381
61.25881608073996,63.336230166839016,65.35850847606864,67.34534637922256,69.31622093235168,71.29007992078601,73.28503956453065,75.31819123188313,77.40567521273485,79.54490270848777,81.66076321560007,83.66085838402932,85.45393261540178,86.99048066815826,88.37890304009665,89.76343742110288,91.28167930656475,93.00341019360349,94.75404753635391,96.33076999118218,97.65025018232814,98.63751927567154,99.06775097133735,98.71251031668253,97.65025018232814,96.0324030125918,94.00572727761516,91.70935367884874,89.27576410296541,86.81283594799382,84.33872363776379,81.85266307821193,79.35604876860383,76.85115497901873,74.3406469588677,71.82764727624176,69.31622093235168
60.453370973852515,62.52222781750528,64.53182526919292,66.50190038051018,68.45222653112684,70.40259689531698,72.37281573406185,74.3826936804827,76.45204512148878,78.5808661481652,80.68987170719157,82.67995664529931,84.45201636930305,85.94872936746984,87.27990490036021,88.59713514606042,90.05201244558774,91.72999594015442,93.45201163585372,94.99843982475767,96.25201131190013,97.11331370243104,97.45201122552459,97.1603730316648,96.25201131190013,94.78605722339361,92.88237470654198,90.67601094084384,88.30201318570576,85.8738881562837,83.41898016510795,80.94309331565724,78.45203251230447,75.95160408093744,73.44761685517636,70.94588405891871,68.45222653112684
44.343972391167114,46.40533706130218,48.41038007200511,50.37763001856469,52.32617459263045,54.27540752434328,56.24489444679077,58.254299979031146,60.32334712366969,62.45197497285656,64.56086305861606,66.55087892158195,68.32289883099577,69.81958879324787,71.15074954658199,72.4679690119195,73.92283765062498,75.60081417014212,77.32282502477972,78.86925023336872,80.12281997349704,80.98412142481452,81.32281862667571,81.03118070790305,80.12281997349704,78.6568679812258,76.75318948975729,74.54683323303382,72.17284919094709,69.74474855519772,67.28988384673262,64.81407402419013,62.32315053160184,59.82296696971167,57.319416014656696,54.81845871430707,52.32617459263045
45.34304925744837,47.40606072394456,49.41210589450169,51.37997790275691,53.32891491728192,55.27839846494501,57.24804668108048,59.257556331322874,61.32667054621439,63.45534097573734,65.56425495576987,67.554286045013,69.32631473086784,70.82300977101946,72.15417378228179,73.47139562399161,74.92626617185113,76.60424422892015,78.32625615070305,79.87268201626188,81.12625214149581,81.98755379985022,82.32625107252277,82.03461309311083,81.12625214149581,79.66029968713787,77.75662030832868,75.55026239635609,73.17627533142351,70.74816931845658,68.29329506902812,65.81746826735097,63.3265145077668,60.82627697189099,58.32262986018304,55.8215016545216,53.32891491728192
46.343021744214504,48.407342183165966,50.41418349456961,52.382549518404915,54.33179812755347,56.28148063587409,58.25125689002269,60.26084918659545,62.33001663833568,64.45872086513063,66.56765539792276,68.55769857243888,70.32973422422232,71.82643329473024,73.15759989182337,74.47482361966728,75.92969568282699,77.60767496025377,79.3296877290314,80.8761141160279,82.12968454692053,82.99098636960034,83.3296836984759,83.03804567093454,82.12968454692053,80.66373172580397,78.76005164271137,76.55369241696489,74.17970295279235,71.75159267190764,69.29671084975737,66.82087057156183,64.32989278850926,61.82961241174823,59.32588897505137,56.82462510466914,54.33179812755347
47.34370623432569,49.40906681061633,51.41654047738113,53.38529878125078,55.334794775335325,57.28463522822901,59.25451311826846,61.26417101620241,63.333380724044304,65.462111776531,67.57106262235,69.56111538905995,71.33315656974412,72.82985883916353,74.16102748863912,75.47825271351256,76.93312597936908,78.61110622539573,80.33311966643413,81.87954646729622,83.13311714079046,83.99441909389544,84.3331164673794,84.0414784016377,83.13311714079046,81.66716402857722,79.76348338649419,77.55712311800353,75.18313174954942,72.75501808120515,70.30013024854745,67.82427927392494,65.333282423094,62.832968042426074,60.329184023141465,57.82781246483428,55.334794775335325
48.344956567213345,50.41114346150596,52.41911931783295,54.38818908778974,56.33788147687861,58.28784730898519,60.2578058750785,62.26751584395038,64.3367590917341,66.46551143627732,68.57447522993749,70.56453561004372,72.33658117904419,73.8332859874512,75.16445626590834,76.48168267897732,77.93655689941636,79.61453791422204,81.33655188883458,82.8829790181822,84.13654988422948,84.99785194085304,85.33654934974271,85.04491125368133,84.13654988422948,82.67059654097258,80.76691545521831,78.56055435910031,76.1865614792147,73.7584451222351,71.30355251901298,68.82769305456321,66.33668106941309,63.836339699149875,61.33250759328902,58.831050556236875,56.33788147687861
49.346656467546595,51.413499690532014,53.421874317042196,55.39119136915437,57.34103966570265,59.29110502302704,61.261127626531135,63.27087892608881,65.34014879533059,67.46891803969953,69.5778921101834,71.56795853308844,73.34000758511357,74.83671440872254,76.16788598010608,77.48511333624803,78.93998831434064,80.61796993932715,82.33998433743795,83.8864117275048,85.13998274638158,86.0012848851679,86.33998232215913,86.04834420203304,85.13998274638158,83.6740292197452,81.77034778184863,79.56398602884195,77.18999194933097,74.76187345837575,72.3069770687406,69.83111086586788,67.34008686846622,64.83972407612086,62.335853802568096,59.83432891671808,57.34103966570265
50.348713478552696,52.41607793243777,54.424769177816984,56.39428254287664,58.3442546013048,60.294398959200095,62.264472392245125,64.2742564972215,66.34354749642532,68.47233015438962,70.5813123816666,72.57138360077079,74.3434354172843,75.84014384036405,77.17131643794573,78.48854454260618,79.94342012204936,81.62140223133704,83.34341696557883,84.8898445625787,86.14341570275639,87.00471790675536,87.34341536605075,87.05177722682448,86.14341570275639,84.67746203057153,82.77378031317939,80.56741803879953,78.19342300714436,75.76530282244883,73.31040342752712,70.83453187633776,68.34349834472098,65.84311854938932,63.33921798126826,60.83763924109962,58.3442546013048
51.45105411059162,53.51883245641295,55.52777507468838,57.49744428177638,59.44751458144509,61.39772164676792,63.36783542514537,65.37764556857572,67.44695333895449,69.57574664341922,71.68473534479295,73.67481037065971,75.44686438135531,76.9435740739383,78.27474748601514,79.59197618477572,81.04685224151153,82.72483473518952,84.4468497362187,85.99327749746149,87.24684873391578,88.10815098967407,88.44684846667235,88.15521031228624,87.24684873391578,85.780894946209,83.87721300698101,81.67085031878682,79.29685453141373,76.86873300239391,74.4138312221693,71.93795542600134,69.44691432701964,66.94652103623963,64.44259642276761,61.94097493670192,59.44751458144509
52.45361996761183,54.52172693988845,56.53086911854905,58.50066203539362,60.450810316351294,62.4010671555111,64.37121295719652,66.38104376785031,68.45036484971664,70.57916660439169,72.68816044428826,74.678238491595,76.450294243818,77.94700494400793,79.27817900255073,80.59540817284926,82.05028460841274,83.7282674071816,85.45028261996016,86.99671051156267,88.25028182443175,89.11158412127143,89.45028161232048,89.15864344590202,88.25028182443175,86.78432794503519,84.8806458297359,82.67428281309691,80.3002864259098,77.87216382989797,75.41726015645384,72.94138099103344,70.45033388579662,67.94992988356563,65.4459861849481,62.94433077037294,60.450810316351294
53.45636465819926,55.524732537230605,57.534033135799774,59.503924252394455,61.454134431656215,63.40443077817548,65.37460199753102,67.38444921207886,69.45378085940408,71.58258932106418,73.69158723942721,75.68166768485911,77.4537248193358,78.95043631926487,80.28161089090847,81.5988404354672,83.0537171717065,84.73170021262627,86.45371559347043,88.00014358853954,89.25371496205909,90.1150172915051,90.45371479370627,90.16207661773765,89.25371496205909,87.78776100988824,85.8840787548411,83.67771547751525,81.30371861425519,78.87559517137058,76.42068999527493,73.94480815567044,71.4537562832446,68.95334377926221,66.44938493254182,63.94770258821774,61.454134431656215
54.45925133470537,56.52782634331277,58.537252697947366,60.5072217628243,62.457481073646534,64.40780877833629,66.37800017218478,68.38786040670598,70.45720043991969,72.58601422494806,74.69501538040353,76.68509772923281,78.45715596080655,79.95386809548958,81.28504307438186,82.60227291599122,84.05714989087718,85.73513312399228,87.45714863823028,89.00357671542085,90.25714813707872,91.1184504924044,91.457148003457,91.1655098199085,90.25714813707872,88.7911941271469,86.88751176118177,84.68114827694859,82.30715103582904,79.8790269207806,77.42412055202836,74.94823658991832,72.45718093375868,69.95676168188945,67.45279081197779,64.95108709307377,62.457481073646534
55.4622507342626,57.53099017181209,59.54051635050696,61.51054728744285,63.46084559580218,65.41119819021817,67.38140559687149,69.39127616547458,71.46062285462173,73.58944086482961,75.69844458957422,77.68852844913366,79.46058755147487,80.95730018996287,82.28847549208882,83.60570556946752,85.06058273376752,86.73856611942821,88.46058173954094,90.0070098819114,91.26058134177667,92.12188371764306,92.46058123572101,92.16894304615634,91.26058134177667,89.79462728599995,87.89094483199915,85.68458118354343,83.31058364251655,80.88245899397106,78.4275516786058,75.9516660318593,73.46060737253976,70.96018276484256,68.45620235203322,65.9544816678467,63.46084559580218
56.565339620284206,58.63420958413094,60.64381500042076,62.613895048056264,64.56422430991009,66.51459665977468,68.48481677598805,70.4946955468344,72.56404751883042,74.6928688825777,76.80187464657305,78.79195970520142,80.56401949867185,82.06073253703038,83.39190809570712,84.70913836021617,86.16401567485424,87.84199918159045,89.56401488573603,91.1104430798398,92.36401457003029,93.22531696219986,93.56401448585389,93.27237629151415,92.36401457003029,90.89806047786645,88.99437795399167,86.7880141751925,84.41401639612889,81.98589132414637,79.53098325745327,77.05509627360829,74.56403523067387,72.06360637203639,69.55961838497096,67.05788423526248,64.56422430991009
57.56849954317728,59.63747311776088,61.64714142949883,63.61726045809523,65.56761428846504,67.51800231852923,69.48823252244583,71.49811780346542,73.56747396848095,75.6962979939419,77.80530537649446,79.79539138682556,81.56745172884601,83.0641650845821,84.39534084688349,85.71257125991798,87.16744869387946,88.84543229671338,90.56744806755589,92.11387630272041,93.36744781698009,94.22875022208947,94.56744775016922,94.27580955203952,93.36744781698009,91.90149369593573,89.99781111660195,87.79144723434905,85.41744926635558,82.98932385829075,80.53441519526802,78.05852715016624,75.56746421535208,73.06703198273053,70.56303798394052,68.06129314653415,65.56761428846504
58.67171585526681,60.740771673273514,62.75048990801406,64.72063987693649,66.67101320779834,68.62141368342768,70.59165189403441,72.60154234221253,74.67090183524219,76.79972797331146,78.90873664051556,80.89882340621426,82.67088418361939,84.16759779125833,85.49877371517672,86.81600424609599,88.27088177476455,89.94886545387129,91.67088127765118,93.21730954540564,94.47088107876903,95.33218349414878,95.67088102574121,95.37924282460341,94.47088107876903,93.00492693480221,91.10124431145056,88.89488034708637,86.52088222913918,84.09275655432553,81.63784741799553,79.16195853057292,76.67089409417073,74.17045918360955,71.66646041328947,69.16470709298491,66.67101320779834
59.77497692802413,61.84409802742117,63.85385588787213,65.8240304148512,67.77441922354606,69.72482957734198,71.69507414291002,73.70496869228379,75.77433082676778,77.90315864161843,80.01216832845228,82.00225569368703,83.77431681665738,85.27103062423183,86.60220667642575,87.91943730091023,89.37431490474782,91.05229864439237,92.77431451018869,94.32074280380981,95.57431435233582,96.43561677586715,96.7743143102476,96.4826761067223,95.57431435233582,94.10836019017543,92.20467753188683,89.99831350235087,87.62431526538523,85.19618937885292,82.74127986685849,80.26539031088502,77.7743246826703,75.27388764662285,72.76988508912353,70.26812503589613,67.77441922354606
60.87827353020293,62.94744644646147,64.95723575899174,66.92742977815654,68.87783087179344,70.82824906596773,72.79849867550158,74.80839648000864,76.87776071102121,79.00658985673607,81.11560035285126,83.10568819393839,84.87774959118414,86.3744635574475,87.70563971145378,89.02287041020104,90.4777480737004,92.15573186139378,93.87774776053857,95.42417607469008,96.67774763525067,97.5390500652519,97.87774760184521,97.58610939642493,96.67774763525067,95.21179345865002,93.30811077263189,91.10174669136907,88.72774835993849,86.2996223053649,83.84471249520536,81.36882240860247,78.87775583444466,76.377317111395,73.87331154800117,71.37154615082284,68.87783087179344
61.98159833390156,64.05081237911259,66.06062665588796,68.03083614629006,69.98124699060392,71.93167140773632,73.90192502068714,75.91182540880286,77.98119130383435,80.11002150585804,82.21903264430071,84.20912086307229,85.9811824780106,87.47789657022548,88.80907280504033,90.12630356272999,91.5811812735829,93.25916509941268,94.98118102502617,96.52760935547266,97.78118092558512,98.64248336072153,98.98118089907118,98.68954269214684,97.78118092558512,96.31522673752323,94.41154402949618,92.2051799071777,89.83118150077021,87.40305531282218,84.94814526600877,82.47225475824484,79.98118743329098,77.48074737126512,74.97673942208594,72.47496978339427,69.98124699060392
63.184945522294896,65.25419221276297,67.26402630412214,69.23424807422936,71.18466665773119,73.13509601405744,75.10535280453425,77.1152552432663,79.18462245903243,81.31345349944976,83.42246514770837,85.4125536662484,87.18461545396946,88.68132964615214,90.01250594510478,91.32973674957708,92.78461449801449,94.4625983541132,96.18461430073492,97.73104264411471,98.98461422180846,99.84591666102068,100.18461420076436,99.89297599264626,98.98461422180846,97.51866002464982,95.61497729915428,93.40861314424991,91.03461467833321,88.60648838452579,86.15157814988002,83.67568730784026,81.18461938697888,78.68417826220582,76.18016841942423,73.67839541423068,71.18466665773119
64.88777164389187,66.9806756810829,69.02661416606263,71.0448436210038,73.05394567058221,75.07099023697026,77.11078841839972,79.1854989991637,81.30494385753036,83.46234653657275,85.59011551530065,87.60752068932473,89.43659507665872,91.0401156903349,92.5219743700901,94.01234069689195,95.62647934726175,97.41241262489964,99.20420362393753,100.82377406840587,102.2340405399823,103.38610829451673,103.92945421063962,103.49618397030585,102.2340405399823,100.4018678908875,98.18758031154422,95.74498363871726,93.21005599855343,90.68617013495287,88.17784227569854,85.67349060800024,83.16685282337487,80.65389016117891,78.13156704256245,75.59803753906117,73.05394567058221
63.6691649312896,65.73840822806687,67.7482402595799,69.71846075314154,71.66887853211219,73.61930737498271,75.5895638351389,77.59946606069867,79.66883313916756,81.79766409242956,83.90667568769018,85.89676417506772,87.66882594482712,89.16554012661764,90.49671641890282,91.81394721851183,93.26882496304214,94.94680881599425,96.66882476043205,98.21525310246736,99.46882467937299,100.33012711816153,100.6688246577603,100.37718644976627,99.46882467937299,98.00287048316,96.0991877594804,93.89282360796352,91.5188251482331,89.0906988654303,86.63578865031069,84.15989784302062,81.66882998410688,79.1683889698119,76.66437932388014,74.16260666865213,71.66887853211219
62.26249819801498,64.33166572752184,66.34145177040048,68.31164376323431,70.26204357978114,72.21246095890493,74.18271004409141,76.19260751021017,78.26197152327765,80.39080053064228,82.49981094262847,84.48989873424833,86.2619601029817,87.75867405274855,89.08985019617091,90.40708088719818,91.86195854449538,93.53994232719384,95.2619582228719,96.80838653488917,98.06195809419869,98.92326052352736,99.26195805989065,98.97031985466732,98.06195809419869,96.59600391909919,94.69232123596369,92.48595716007814,90.11195883846767,87.68383280136284,85.22892302219908,82.75303299075784,80.26196651493572,77.7615279672587,75.25752271634335,72.75575787469722,70.26204357978114
61.255109573988506,63.33252999952916,65.354818035692,67.34166892625778,69.3125594222254,71.28643659082644,73.28141530278646,75.31458482023454,77.40208264531563,79.5413180594048,81.65718377264116,83.65728653411819,85.45037665419909,86.98695461792747,88.37541949781806,89.76000314314388,91.27829071631982,93.00005275944642,94.75071031669906,96.32745402271566,97.64697993926065,98.6343345160056,99.06462679036217,98.7093441782807,97.64697993926065,96.0290263372549,94.00226164891485,91.70582133555985,89.27218682368053,86.80923213897478,84.33510509989827,81.84903671397899,79.35241812949825,76.847520905809,74.33700786865636,71.82399950091155,69.3125594222254
60.449585882328066,62.51844227651513,64.5280394553543,66.49811439756469,68.44844044159746,70.39881073776289,72.36902953274453,74.37890745092245,76.44825887373797,78.57707988886713,80.6860854408717,82.67617037485064,84.44823009647463,85.94494309326453,87.27611862527154,88.59334887032742,90.04822616933706,91.72620966348683,93.44822535889676,94.99465354762259,96.24822503466063,97.1095274251354,97.44822494820977,97.1565867543664,96.24822503466063,94.7822709462794,92.87858842966838,90.67222466441908,88.29822691010062,85.87010188213655,83.41519389354787,80.93930704870121,78.44824625355598,75.94781783682623,73.44383063714577,70.94209788725433,68.44844044159746
44.34371917164164,46.40508337444005,48.41012610065796,50.377375870598655,52.32592033322774,54.27515319377085,56.24464007041212,58.25404557308282,60.323092698672966,62.451720535766555,64.56060861417176,66.55062447281318,68.32264437973436,69.81933434054426,71.15049509295307,72.46771455761564,73.92258319577888,75.60055971485934,77.32257056919383,78.86899577759627,80.12256551761523,80.9838669688739,81.322564170715,81.03092625195954,80.12256551761523,78.6566135254752,76.75293503425871,74.54657877800535,72.17259473677717,69.74449410255501,67.28962939679971,64.81381957907954,62.32289609508746,59.822712548526454,57.31916162078045,54.818204368967315,52.32592033322774
45.342795783780936,47.40580687874777,49.41185182327919,51.379723691261745,53.32866061730317,55.27814410846405,57.24779228823704,59.2573019150075,61.32641611477926,63.45508653470341,65.56400050889867,67.5540315947094,69.32606027858581,70.82275531759277,72.15391932812066,73.47114116929478,74.92601171672393,76.60398977344639,78.32600169498872,79.87242756039942,81.12599768554657,81.98729934385427,82.32599661651088,82.03435863711262,81.12599768554657,79.6600452312928,77.75636585268362,75.55000794108416,73.176020876833,70.74791486507823,68.29304061780056,65.81721381995092,63.326260067189736,60.82602254348123,58.322375453450135,55.82124728631754,53.32866061730317
46.34276806847104,48.4070882121581,50.413929344020076,52.38229525646403,54.331543795360275,56.28122625882574,58.251002484109605,60.26059476205113,62.329762201790174,64.45846642096629,66.5674009491253,68.5574441209171,70.32947977113025,71.82617884072961,73.1573454372398,74.47456916465856,75.92944122747667,77.60742050462837,79.32943327321507,80.87585966009402,82.12943009091775,82.99073191356051,83.32942924242343,83.0377912148929,82.12943009091775,80.66347726988386,78.75979718695007,76.55343796149971,74.17944849786801,71.75133821794539,69.2964563975022,66.82061612234462,64.32963834470755,61.82935797760405,59.32563455811321,56.82437071831475,54.331543795360275
47.34345239796488,49.40881273966333,51.416286263834394,53.385044479256834,55.334540417567695,57.28438083485395,59.25425870198106,61.263916585126395,63.33312628344255,65.46185732988202,67.57080817202365,69.56086093657127,71.33290211600908,72.8296043847074,74.16077303372032,75.47799825825628,76.9328715238417,78.61085176964998,80.33286521053685,81.87929201130567,83.13286268474519,83.99416463782077,84.3328620112947,84.0412239455616,83.13286268474519,81.66690957259759,79.76322893064057,77.55686866238494,75.18287729436011,72.75476362677948,70.29987579547668,67.82402482326543,65.33302797673285,62.83271360373031,60.3289295981028,57.827558064072136,55.334540417567695
48.3447026032256,50.41088931117045,52.41886505426308,54.387934753996674,56.33762709880888,58.28759290265013,60.25755145055638,62.2672614076899,64.3365046479128,66.46525698765625,68.57422077839763,70.56428115678759,72.33632672479885,73.8330315326335,75.16420181072343,76.48142822352457,77.93630244374842,79.61428345838081,81.33629743287304,82.88272456214662,84.13629542815048,84.99759748475071,85.33629489363241,85.04465679757789,84.13629542815048,82.6703420849457,80.76666099929142,78.56029990336,76.1863070238151,73.7581906674416,71.30329806529488,68.82743860275892,66.33642662102046,63.836085256841415,61.33225316182063,58.83079614403812,56.33762709880888
49.3464024021699,51.41324547715524,53.42162001375493,55.39093701011667,57.34078527151682,59.29085060640469,61.26087319547274,63.270624485713284,65.33989434895388,67.46866358951316,69.57763765768038,71.56770407922323,73.33975313046318,74.83645995361786,76.16763152470995,77.48485888063934,78.93973385856114,80.61771548341011,82.33972988142543,83.88615727143352,85.13972829027585,86.00103042904367,86.33972786602853,86.04808974590784,85.13972829027585,83.67377476368078,81.77009332586363,79.56373157300503,77.18973749376445,74.76161900329029,72.30672261450866,69.83085641315498,67.33983241846116,64.8394696309449,62.33559936599619,59.83407449544134,57.34078527151682
50.34845933264589,52.41582366900286,54.424514842997155,56.39402816379868,58.344000194326156,60.29414453441211,62.264217955998646,64.27400205357976,66.34329304802034,68.47207570296086,70.5810579283991,72.57112914642212,74.34318096231245,75.83988938503163,77.17106198238199,78.48829008687369,79.94316566618133,81.62114777535983,83.34316250952583,84.88959010647906,86.1431612466294,87.00446345061368,87.34316090990406,87.0515227706821,86.1431612466294,84.67720757447736,82.77352585714823,80.5671635828859,78.19316855144535,75.76504836713164,73.31014897288739,70.83427742290368,68.34324389343615,65.84286410193738,63.33896354064554,60.837384812617216,58.344000194326156
51.45079990073165,53.51857815323282,55.527520714835575,57.49718988679024,59.44726016431187,61.397467215498494,63.36758098478094,65.37739112234152,67.44669888893964,69.5754921910044,71.6844808909187,73.67455591592731,75.4466099261283,76.9433196184251,78.27449303031835,79.59172172894499,81.04659778557321,82.72458027916454,84.4465952801336,85.99302304133934,87.24659427777195,88.10789653351858,88.44659401051285,88.15495585613014,87.24659427777195,85.78064049009122,83.87695855091323,81.67059586281232,79.29660007560958,76.86847854689279,74.41357676720591,71.93770097199484,69.44665987471905,66.94626658698124,64.44234197892968,61.940720502500085,59.44726016431187
52.45336570696932,54.52147260515369,56.530614738824056,58.50040762777971,60.450555891157805,62.40081271909712,64.37095851356361,66.38078931955845,68.45011039842402,70.57891215119417,72.6879059899324,74.67798403655804,76.45003978838847,77.94675048835126,79.27792454674832,80.59515371694056,82.05003015241863,83.72801295111873,85.45002816384954,86.9964560554227,88.25002736827454,89.11132966510496,89.45002715615084,89.15838898973506,88.25002736827454,86.78407348889863,84.88039137363904,82.67402835707412,80.30003197002219,77.87190937425089,75.41700570123352,72.94112653657267,70.45007943268979,67.94967543287343,65.44573173855818,62.944076331631436,60.450555891157805
53.45611035723617,55.52447817744533,57.533778740299994,59.50366983475696,61.45388000006493,63.40417633767811,65.37434755130383,67.38419476215381,69.45352640709729,71.58233486724548,73.69133278468914,75.68141322958043,77.45347036374554,78.95018186349431,80.28135643502225,81.59858597949659,83.05346271566813,84.7314457565333,86.45346113733962,87.99988913238538,89.25346050589125,90.11476283532993,90.45346033752855,90.16182216156213,89.25346050589125,87.78750655373682,85.88382429872115,83.67746102145409,81.30346415830134,78.87534071560763,76.42043553985073,73.94455370084907,71.45350182949785,68.95308932743197,66.44913048412634,63.947448145872954,61.45388000006493
54.458997001730694,56.52757196364138,58.53699828992575,60.50696733723056,62.45722663697708,64.40755433459783,66.37774572389847,68.38760595548463,70.45694598680797,72.58575977063632,74.69476092536206,76.68484327376225,78.4569015050887,79.95361363962864,81.2847886184291,82.60201845997152,84.05689543480366,85.73487866787546,87.45689418208337,89.00332225925544,90.25689368090244,91.11819603622232,91.4568935472729,91.16525536372609,90.25689368090244,88.79093967098368,86.88725730504353,84.680893820857,82.30689657982262,79.87877246492573,77.42386609644231,74.94798213481073,72.45692647950403,69.95650722915596,67.45253636195464,64.95083264786898,62.45722663697708
55.46199637587459,57.53073577635486,59.54026193254586,61.51029285553386,63.46059115510204,65.41094374390721,67.38115114695084,69.39102171322438,71.46036840087109,73.58918641012652,75.69819013429198,77.68827399351083,79.46033309565576,80.95704573403019,82.28822103608326,83.60545111340882,85.06032827766612,86.73831166329242,88.46032728338129,90.00675542573705,91.26032688559374,92.1216292614555,92.46032677953184,92.16868858996853,91.26032688559374,89.79437282982732,87.89069037584636,85.6843267274277,83.31032918646838,80.88220453804318,78.42729722289128,75.95141157652456,73.460352917882,70.95992831139213,68.455947900734,65.95422722037189,63.46059115510204
56.565085241722,58.63395517614309,60.643560574570145,62.61364061113464,64.5639698660107,66.51434221142189,68.48456232477021,70.49444109376753,72.5637930645727,74.69261442756402,76.80162019109964,78.79170524945775,80.56376504277237,82.06047808104074,83.3916536396597,84.70888390412652,86.16376121873071,87.84174472543964,89.56376042956626,91.11018862365837,92.36376011384206,93.22506250600793,93.5637600296607,93.27212183532204,92.36376011384206,90.89780602168639,88.99412349782736,86.78775971905753,84.41376194004762,81.98563686816055,79.53072880163683,77.05484181809327,74.56378077569613,72.06335191801693,69.55936393265894,67.05762978598592,64.5639698660107
57.56824514860051,59.63721869982659,61.64688699738595,63.61700601719494,65.56735984202633,67.51774786855582,69.48797807019837,71.49786334975045,73.56721951382077,75.69604353868169,77.80505092086939,79.79513693098593,81.56719727288274,83.06391062854728,84.39508639080276,85.71231680380379,87.16719423773836,88.84517784055062,90.56719361137809,92.11362184653336,93.36719336078761,94.22849576589411,94.56719329397282,94.27555509584397,93.36719336078761,91.90123923974977,89.99755666042847,87.79119277819889,85.41719481024802,82.98906940225893,80.53416073937069,78.05827269450809,75.56720976012042,73.06677752825942,70.5627835308246,68.06103869582753,65.56735984202633
58.67146144797786,60.740517247444174,62.750235470930605,64.72038543287822,66.67075875934415,68.62115923216794,70.59139744096979,72.60128788798309,74.67064738026254,76.79947351785557,78.90848218477007,80.89856895029851,82.67062972760549,84.16734333518764,85.49851925906961,86.8157497899623,88.27062731860948,89.94861099769905,91.670626821467,93.21705508921413,94.4706266225732,95.33192903795063,95.67062656954228,95.37898836840515,94.4706266225732,93.00467247861152,91.10098985526983,88.89462589092417,86.52062777301074,84.09250209825726,81.63759296203393,79.16170407480122,76.67063963873751,74.17020472878,71.66620595953555,69.16445264114324,66.67075875934415
59.77472251064461,61.84384359532518,63.85360144684337,65.82377596828641,67.77416477349217,69.72457512506128,71.69481968919675,73.70471423764602,75.77407637153458,77.90290418600726,80.01191387261122,82.00200123771086,83.7740623606033,85.27077616813266,86.60195222029768,87.91918284476105,89.37406044858173,91.0520441882126,92.77406005399945,94.32048834761476,95.57405989613734,96.43536231966681,96.77405985404664,96.48242165052189,95.57405989613734,94.10810573398106,92.2044230757003,89.99805904617904,87.62406080924026,85.19593492275564,82.74102541084591,80.26513585502316,77.77407022707709,75.27363319150876,72.76963063486319,70.26787058315355,67.77416477349217
60.878019104813944,62.947192009391415,64.95698131483152,66.92717532960228,68.87757642046981,70.82799461287672,72.7982442212735,74.8081420250468,76.87750625558677,79.00633540100162,81.11534589693437,83.10543373791424,84.87749513509814,86.37420910132575,87.70538525530908,89.0226159540396,90.47749361752548,92.15547740520806,93.87749330434532,95.4239216184922,96.67749317905007,97.53879560904988,97.87749314564269,97.58585494022282,96.67749317905007,95.2115390024527,93.30785631644082,91.10149223518967,88.72749390378036,86.29936784924466,83.84445803915233,81.36856795266905,78.87750137872447,76.37706265605513,73.8730570933389,71.37129169736522,68.87757642046981
61.98134390215509,64.05055793809447,66.06037220924225,68.03058169615674,69.98099253827252,71.93141695400213,73.90167056605048,75.9115709535838,77.98093684824018,80.10976705002574,82.21877818832365,84.20886640701008,85.9809280218993,87.4776421140858,88.80881834888241,90.1260491065588,91.58092681740101,93.25891064322222,94.98092656882974,96.52735489927255,97.78092646938283,98.6422289045181,98.98092644286737,98.68928823594337,97.78092646938283,96.31497228132358,94.41128957330147,92.20492545099226,89.83092704460165,87.40280085668371,84.94789080992362,82.47200030225463,79.98093297747003,77.480492915746,74.97648496710465,72.4747153293691,69.98099253827252
63.184691085502266,65.25393776861121,67.26377185550365,69.23399362284273,71.18441220459994,73.13484155981277,75.1050983495733,77.11500078784309,79.18436800331148,81.3131990435398,83.42221069168349,85.41229921015596,87.18436099783807,88.68107518999821,90.01225148893639,91.32948229339814,92.78436004182709,94.46234389791897,96.18435984453595,97.73078818791284,98.98435976560489,99.84566220481618,100.18435974455954,99.89272153644171,98.98435976560489,97.51840556844827,95.61472284295667,93.40835868805965,91.03436022215635,88.6062339283728,86.1513236937694,83.675432851805,81.18436493107794,78.68392380654444,76.17991396418974,73.67814095975505,71.18441220459994
64.88756730256819,66.98047512983452,69.02641937793985,71.04465643089442,73.05376765918587,75.07082249800965,77.11063123749679,79.18535150718627,81.30480375399048,83.46221061041946,85.5899823167254,87.60739144220645,89.43647399723103,91.04000962658932,92.52188887214784,94.01227796478453,95.62643677003595,97.41238329462695,99.20418268250678,100.82376177711714,102.23404629698557,103.3861458646187,103.9295129281634,103.4962281587359,102.23404629698557,100.40183042596925,98.18750322053548,95.74487445406976,93.20992392917557,90.68602404027448,88.17768822191256,85.67333227360068,83.16669213555147,80.65372757490405,78.13140167004784,75.59786730712918,73.05376765918587
63.66891049502155,65.73815378424088,67.7479858111665,69.71820630188519,71.66862407906407,73.61905292079112,75.58930938021163,77.59921160529669,79.6685786834598,81.79740963652768,83.90642123167027,85.89650971897842,87.66857148869782,89.16528567046521,90.49646196273554,91.81369276233369,93.26857050685531,94.94655435980039,96.66857030423333,98.21499864626567,99.46857022316955,100.32987266195713,100.66857020155555,100.37693199356183,99.46857022316955,98.00261602695866,96.09893330328308,93.89256915177376,91.51857069205712,89.09044440927883,86.63553419420269,84.15964338699001,81.66857552821426,79.1681345141653,76.66412486867193,74.16235221422335,71.66862407906407
62.26224377345865,64.33141129096887,66.34119732656579,68.31138931488687,70.26178912858953,72.21220650589814,74.18245558991686,76.19235305528204,78.26171706786411,80.39054607492064,82.49955648671948,84.48964427822915,86.26170564689903,87.75841959662914,89.08959574002795,90.406826431038,91.86170408832139,93.53968787100874,95.26170376667906,96.80813207869157,98.06170363799833,98.92300606732549,99.26170360368826,98.97006539846541,98.06170363799833,96.59574946290218,94.69206677977309,92.4857027038995,90.11170438231092,87.68357834524497,85.22866856615026,82.75277853483186,80.26171205922876,77.7612735119423,75.25726826172286,72.75550342131393,70.26178912858953
61.25487222717254,63.332294012392296,65.35458413477646,67.34143781085835,69.31233172620273,71.28621279401798,73.28119559563629,75.31436894146648,77.40186973576218,79.54110684811624,81.65697367792066,83.65707806789125,85.45017159563861,86.98675597436059,88.37522997082155,89.75982418160282,91.27812155304866,92.99989027789448,94.75055217030811,96.3273004337849,97.6468361563573,98.63420906508435,99.06451433032309,98.70922272064593,97.6468361563573,96.0288597292559,94.00207596376464,91.70562134232789,89.27197719300715,86.8090168184016,84.33488662037357,81.84881655589831,79.35219705456498,76.84729909434606,74.33678498117041,71.82377475067847,69.31233172620273
60.44933150586321,62.51818786982996,64.52778503032387,66.49785996116417,68.44818599803065,70.39855628962238,72.36877508166157,74.37865299794052,76.44800441953295,78.57682543388572,80.68583098541819,82.6759159191195,84.4479756405835,85.94468863728082,87.27586416922844,88.593094414241,90.04797171321582,91.72595520733756,93.44797090272806,94.99439909144189,96.24797057847292,97.10927296894391,97.44797049201696,97.15633229817473,96.24797057847292,94.78201649010012,92.87833397350526,90.67197020828613,88.29797245402278,85.86984742615675,83.41493943774202,80.93905259320492,78.44799179861154,75.94756338286595,73.44357618493905,70.94184343816507,68.44818599803065
44.34091152321311,46.402270542444654,48.407310113231134,50.374557924161536,52.323101150763634,54.272333221910344,56.2418195904805,58.25122476517204,60.320271679481905,62.448899382440004,64.55778737927312,66.54780318994852,68.31982306922197,69.81651301403531,71.14767375618088,72.46489321335733,73.9197618455063,75.59773835974312,77.31974921071586,78.86617441704868,80.11974415585445,80.98104560646091,81.31974280807893,81.0281048895145,80.11974415585445,78.65379216517012,76.75011367674897,74.54375742571001,72.16977339400452,69.74167277672183,67.28680810102271,64.81099833679049,62.320074948145475,59.819891571611606,57.31634094677,54.81538423331139,52.323101150763634
45.3399853164819,47.40299229054705,49.40903472806134,51.37690504017576,53.32584098477996,55.275323849232606,57.24497162568208,59.25448099210783,61.32359502417526,63.45226533763166,65.56117924708147,67.55121029482098,69.32323895675312,70.8199339830635,72.15109798544545,73.4683198206778,74.92319036333342,76.60116841621144,78.32318033508554,79.8696061988536,81.12317632303782,81.9844779808279,82.32317525330743,82.03153727406078,81.12317632303782,79.65722386993946,77.75354449354893,75.54718658608817,73.17319952939519,70.74509353108536,68.29021930766348,65.81439255226783,63.32343887518556,60.823201486433675,58.31955463683694,55.81842689705665,53.32584098477996
46.339955359800626,48.40427222849445,50.411111368927294,52.37947604584696,54.3287238055226,56.27840577146614,58.24818167658958,60.257773747878076,62.326941054503095,64.45564518917297,66.56457966594247,68.55462280751674,70.32665844031257,71.82335749983463,73.15452408987932,74.4717478125821,75.92661987161145,77.6045991457118,79.32661191218074,80.8730382977559,82.12660872781538,82.98791055004727,83.32660787876964,83.03496985135949,82.12660872781538,80.66065590769853,78.75697582652566,76.55061660436019,74.17662714672744,71.74851687747612,69.2936350759674,66.81779483450597,64.32681711693647,61.82653685695189,59.32281362830588,56.82155012773501,54.3287238055226
47.340637907770414,49.405995647434686,51.41346758999306,53.382224824381524,55.331720144064874,57.28156016640264,59.251437779391566,61.261095498505384,63.33030509116446,65.45903607052956,67.56798687188267,69.55803961244641,71.33008077806,72.8267830387599,74.15795168264111,75.47517690343399,76.93005016601225,78.60803040939872,80.3300438486047,81.87647064833871,83.13004132117165,83.99134327392113,84.33004064728351,84.03840258164593,83.13004132117165,81.6640882097519,79.76040756919252,77.55404730354414,75.18005594028068,72.75194228116986,70.29705446489545,67.82120351942908,65.3302067205729,62.829892432593084,60.32610857844678,57.824737313685034,55.331720144064874
48.3418866974273,50.40807133845169,52.41604582557795,54.38511474641365,56.334806600120274,58.28477209044969,60.2547304366295,62.26444026356427,64.33368341992433,66.4624357064297,68.57139946479683,70.5614598241506,72.3335053811895,73.83021018267581,75.16138045669268,76.47860686652294,77.93348108436004,79.61146209707019,81.3334760702283,82.87990319868055,84.13347406420297,84.99477612054437,85.33347352933754,85.04183543335881,84.13347406420297,82.66752072157587,80.76383963703091,78.55747854316886,76.18348566740306,73.75536931775207,71.30047672753344,68.82461728622505,66.33360534232787,63.83326404563289,61.329432070847545,58.827975266798944,56.334806600120274
49.34358537179202,51.41042680519911,53.418800344534475,55.38811672252655,57.33796459407253,59.28802968010005,61.258052109047156,63.26780329594453,65.33707309262138,67.46584229092491,69.5748163333964,71.56488273983013,73.33693178236129,74.83363860047729,76.16481016833657,77.48203752190793,78.93691249793535,80.61489412125866,82.3369085182151,83.88333590757128,85.13690692603149,85.99820906459388,86.33690650150851,86.04526838144798,85.13690692603149,83.67095339989496,81.76727196295826,79.5609102117421,77.18691613550104,74.75879765036254,72.30390127104829,69.82803508654303,67.33701112188413,64.83664838793096,62.332778218416166,59.8312535175115,57.33796459407253
50.34564140904902,52.41300444181461,54.42169482402555,56.3912076539272,58.34117937498725,60.29132351753634,62.261396812028124,64.27118082758298,66.34047176919078,68.46925439059248,70.57823659563583,72.56830780166668,74.34035961064481,75.83706802936474,77.16824062414923,78.4854687267694,79.94034430457344,81.61832641254105,83.34034114586659,84.88676874230242,86.14033988214948,87.0016420859707,87.3403395452053,87.04870140603109,86.14033988214948,84.67438621036135,82.77070449373105,80.56434222077232,78.19034719171248,75.76222701163371,73.30732762490372,70.8314560882927,68.34042258266408,65.84004283367895,63.336142348134956,60.83456375476402,58.34117937498725
51.447981267783106,53.51575848520079,55.52470041820456,57.49436920046897,59.44443923234098,61.39464612673221,63.3647597951353,65.37456986758988,67.44387759225393,69.57267086769858,71.68165955142535,73.67173456691576,75.4437885716305,76.94049826075312,78.2716716706098,79.588900367751,81.04377642318585,82.72175891581605,84.44377391611806,85.99020167691319,87.24377291310502,88.10507516872224,88.44377264567225,88.15213449132744,87.24377291310502,85.77781912571314,83.87413718708981,81.66777450002357,79.29377871471041,76.8656571893549,74.4107554156321,71.93487963103496,69.44383855268023,66.94344529868593,64.43952075075663,61.93789938120847,59.44443923234098
52.45054651075367,54.51865258712559,56.52779422177568,58.49758680139442,60.44773486978444,62.397991573268726,64.36813728766454,66.37796804198365,68.44728908756568,70.57609081920728,72.68508464509742,74.67516268416841,76.44721843164439,77.94392912908779,79.27510318586847,80.5923323548817,82.04720878941258,83.72519158734985,85.44720679955122,86.9936346907984,88.2472060034592,89.10850830018691,89.44720579119763,89.15556762481195,88.2472060034592,86.78125212431254,84.87757000949321,82.67120699374948,80.29721060819733,77.8690880150939,75.4141843468102,72.93830519057366,70.44725810170854,67.94685412867463,65.44291048207921,62.94125515998667,60.44773486978444
53.45329071379487,55.5216578815633,57.530958048281704,59.500848897192924,61.451058907728736,63.40135514655783,65.37152629662974,67.38137346646397,69.45070508499002,71.57951352836835,73.68851143561443,75.67859187450958,77.45064900521857,78.94736050296771,80.27853507321271,81.59576461675127,83.05064135217103,84.72862439243075,86.45063977281683,87.9970677676039,89.25063914095813,90.11194147031529,90.45063897248599,90.15900079654347,89.25063914095813,87.78468518898565,85.88100293431941,83.67463965770412,81.30064279574174,78.87251935516551,76.41761418316577,73.9417323508505,71.45068049141892,68.95026801061044,66.44630920518054,63.94462693426158,61.451058907728736
54.45617700322515,56.524751447187555,58.53417745901831,60.50414631141763,62.45440548831513,64.40473310752833,66.37492444638522,68.38478464541674,70.45412465577236,72.58293842629041,74.69193957292228,76.68202191656336,78.45408014514663,79.9507922780995,81.28196725588168,82.59919709668137,84.05407407091684,85.73205730350807,87.45407281738245,89.00050089434916,90.25407231587582,91.11537467113098,91.45407218215944,91.16243399863163,90.25407231587582,88.78811830610147,86.88443594043866,84.67807245676946,82.30407521667988,79.8759511034636,77.42104473796226,74.9451607816377,72.45410513579165,69.95368590231564,67.44971506517662,64.94801140453528,62.45440548831513
55.459176095490704,57.52791508480854,59.53744099139229,61.507471759673805,63.45776996173268,65.40812248830414,67.37832985130987,69.38820039174448,71.45754706274901,73.58636506144,75.69536877918136,77.68545263462286,79.45751173459055,80.9542243717053,82.28539967295018,83.60262974968623,85.05750691346992,86.73549029871482,88.45750591853897,90.00393406073175,91.25750552049286,92.1188078963033,92.4575054143621,92.16586722481381,91.25750552049286,89.79155146484112,87.88786901108028,85.68150536307218,83.30750782286279,80.87938317577152,78.42447586298647,75.94859022083193,73.45753156969832,70.9571069765999,68.45312658980242,65.95140595185967,63.45776996173268
56.562264737571,58.631134345610306,60.64073954590803,62.61081945967568,64.56114863715605,66.51152093317128,68.48174101474112,70.49161976322992,72.56097172082607,74.68979307543235,76.79879883386917,78.78888388922917,80.56094368081575,82.05765671808429,83.38883227606176,84.70606254006071,86.16093985428901,87.83892336069519,89.56093906461172,91.10736725857447,92.36093874868232,93.22224114080743,93.56093866444627,93.26930047011953,92.36093874868232,90.89498465661764,88.99130213293331,86.7849383544894,84.41094057607465,81.98281550524632,79.52790744060121,77.05202046040084,74.5609594239636,72.06053057691322,69.55654261049354,67.05480849748918,64.56114863715605
57.565424466820176,59.634397758970394,61.644065899264376,63.61418482160552,65.56453858500636,67.51492657232959,69.48515674874928,71.49504201202359,73.56439816560992,75.69322218381559,77.80222956195632,79.79231556969333,81.56437591021856,83.06108926508955,84.39226502683589,85.70949543946553,87.16437287310177,88.84235647567377,90.56437224633447,92.11080048138706,93.36437199558114,94.22567440065524,94.56437192872292,94.27273373060356,93.36437199558114,91.89841787461549,89.99473529543289,87.78837141346196,85.41437344598349,82.98624803883473,80.5313393774375,78.05545133522843,75.5643884055711,73.06395618214624,70.55996219974287,68.05821739146882,65.56453858500636
58.668640625197085,60.737696219018105,62.7474143176766,64.71756420226147,66.66793747996893,68.61833792167431,70.58857611045656,72.59846654455016,74.6678260285084,76.79665216081916,78.90566082452162,80.89574758816138,82.66780836437972,84.16452197133204,85.49569789480987,86.81292842540782,88.26780595381823,89.9457896327171,91.66780545635268,93.21423372401831,94.46780525732962,95.32910767268137,95.66780520426423,95.37616700313464,94.46780525732962,93.00185111342529,91.09816849019364,88.89180452605325,86.51780640851479,84.08968073442824,81.63477159938837,79.15888271426172,76.66781828195253,74.1673833786908,71.66338462137686,69.16163132419481,66.66793747996893
59.77190157594168,61.841022497390966,63.850780249829214,65.8209547098678,67.77134347637335,69.7217538032435,71.6919983514893,73.70189288968416,75.77125501696814,77.90008282724828,80.00909251130284,81.99917987490343,83.77124099693182,85.26795480396129,86.59913085580554,87.91636148003498,89.3712390836677,91.0492228231472,92.77123868882902,94.31766698237965,95.5712385308643,96.43254095437342,96.77123848874629,96.47960028522746,95.5712385308643,94.10528436875352,92.20160171056011,89.99523768120181,87.62123944456062,85.19311355860539,82.73820404763495,80.2623144934838,77.77124886851766,75.27081183826381,72.7668092910875,70.26504925621254,67.77134347637335
60.87519808127203,62.94437085628613,64.9541600830839,66.92435404911696,68.87475510926771,70.82517328207088,72.79542287785597,74.80532067349029,76.87468489878822,79.00351404087542,81.1125245347847,83.1026123745748,84.8746737710729,86.3713877369037,87.70256389063246,89.01979458917731,90.47467225251404,92.15265604007647,93.87467193913037,95.42110025322589,96.67467181375369,97.53597424373729,97.87467178032456,97.58303357490944,96.67467181375369,95.20871763719241,93.30503495124985,91.09867087012802,88.72467253895493,86.29654648483938,83.8416366754926,81.36574659033604,78.87468001875668,76.3742413003054,73.87023574510495,71.36847036249304,68.87475510926771
61.97852280809764,64.04773674119834,66.05755094992605,68.0277603981568,69.97817121589242,71.92859561606241,73.89884921810082,75.90874959917423,77.97811548966996,80.10694568881439,82.21595682550625,84.20604504324835,85.97810665759326,87.47482074946483,88.80599698405938,90.12322774158838,91.57810545231222,93.2560892780381,94.97810520357942,96.52453353398147,97.77810510406788,98.63940753919032,98.9781050775352,98.68646687061496,97.77810510406788,96.31215091603727,94.40846820807022,92.20210408586362,89.82810567966052,87.39997949207603,84.94506944590768,82.46917893929174,79.97811161638438,77.47767155800827,74.97366361533221,72.47189398820194,69.97817121589242
63.18186993547407,65.25111653695728,67.26095057430591,69.23117231094128,71.18159087334776,73.13202021621088,75.10227699802644,77.11217943116901,79.18154664333511,81.31037768146713,83.41938932833615,85.40947784605906,87.18153963330917,88.67825382521936,90.00943012399715,91.32666092834191,92.7815386766769,94.45952253269311,96.18153847925755,97.72796682260213,98.98153840027521,99.84284083947631,100.18153837921619,99.88990017110133,98.98153840027521,97.51558420314134,95.61190147769341,93.40553732287786,91.03153885712338,88.60341256360451,86.14850232947074,83.67261148834214,81.18154356910506,78.68110244722882,76.17709260960876,73.67531961359151,71.18159087334776
64.8848422480175,66.97775735892228,69.02371268237161,71.04196433681861,73.0510932042145,75.06816778386477,77.10799681292384,79.18273570183466,81.30220214692781,83.45961703096887,85.58739397880257,87.60481069769608,89.4339089482958,91.03747343255827,92.51939219794534,94.00982503741565,95.62402257173332,97.40999455101905,99.20181005836841,100.8214057744508,102.23172497426853,103.383885670021,103.92729336711449,103.49398068093524,102.23172497426853,100.3994260512527,98.18502270117648,95.74233226277764,93.20733776120417,90.68341092010434,88.1750598067378,85.67069563234371,83.16405097169482,80.65108276276783,78.12875150354891,75.59520780218418,73.0510932042145
63.663070508857885,65.73231362448024,67.74214554603877,69.71236597145845,71.66278370748319,73.61321252294547,75.58346896546917,77.59337117964978,79.66273825078974,81.79156919939936,83.90058079183099,85.8906692775451,87.66273104634567,89.15944522758147,90.49062151951074,91.80785231886011,93.26273006318189,94.94071391596603,96.66272986028724,98.2091582022508,99.46272977911435,100.32403221788027,100.66272975747128,100.3710915494839,99.46272977911435,97.99677558295186,96.09309285936918,93.8867287080331,91.51273024863292,89.08460396641756,86.62969375234024,84.1538029469051,81.66273509129815,79.1622940829005,76.65828444747657,74.15651181092974,71.66278370748319
62.25640405629821,64.32557129826101,66.3353571666059,68.3055490512743,70.2559487996501,72.20636613526648,74.1766151924633,76.1865126405189,78.25587664195247,80.38470564193193,82.49371604942735,84.48380383840664,86.25586520561804,87.75257915450428,89.08375529736168,90.40098598797684,91.85586364494299,93.53384742737482,95.25586332286781,96.80229163477117,98.05586319401391,98.91716562330669,99.25586315965766,98.96422495444489,98.05586319401391,96.58990901899455,94.68622633601291,92.4798622604144,90.10586393932813,87.67773790315579,85.22282812564657,82.74693809714987,80.25587162657689,77.75543308826127,75.25142785402605,72.74966304203423,70.2559487996501
61.24913345656205,63.32656332163501,65.34886584129396,67.33573607011361,69.30665030476808,71.28055454314494,73.27556164685814,75.3087577420503,77.39627618018864,79.53552338403489,81.65139684873637,83.65151091555843,85.44462469229578,86.98124718980758,88.36977535753306,89.75443234796218,91.27278793951274,92.9945963657827,94.74528401661951,96.32205935917216,97.64165334557998,98.62913517380423,99.05951762245537,98.70417255505973,97.64165334557998,96.02354129868044,93.99664417874463,91.7001045379085,89.26640312129102,86.80340893593038,84.32925996651878,81.84317992755052,79.34655497798747,76.84165264106898,74.3311321338046,71.81811083421968,69.30665030476808
60.44349289330464,62.51234856314821,64.52194530227412,66.49201997195762,68.44234584422337,70.39271603076243,72.36293475521677,74.37281262787923,76.4421640213795,78.5709850178994,80.67999055858793,82.6700754859131,84.44213520370191,85.93884819827288,87.27002372885623,88.5872539728737,90.04213127104912,91.72011476452703,93.44213045947066,94.9885586479094,96.24213013477916,97.10343252516347,97.4421300482069,97.15049185439003,96.24213013477916,94.77617604659986,92.87249353037659,90.66612976585054,88.292132012853,85.86400698723865,83.40909900281918,80.93321216539225,78.44215138347401,75.9417229903333,73.43773583268346,70.93600315751418,68.44234584422337
44.34064631256237,46.402004841980286,48.407044114598534,50.37429174041479,52.32283485022009,54.272066846773726,56.24155316733433,58.250958311033884,60.32000520537906,62.44863289566223,64.55752088478727,66.54753669093016,68.31955656759105,69.81624651089284,71.1474072520686,72.46462670853766,73.9194953401183,75.59747185389742,77.31948270455251,78.86590791068976,80.11947764938088,80.98077909992571,81.31947630152267,81.02783838297628,80.11947764938088,78.65352565883413,76.7498471706771,74.54349092013089,72.16950688932522,69.74140627364321,67.2865416007842,64.81073184160628,62.31980846197095,59.81962510150359,57.316074505284575,54.815117842697134,52.32283485022009
45.339719839466156,47.40272642413245,49.408768624749484,51.37663878984411,53.32557464170861,55.27505744694125,57.244705185279145,59.25421452710394,61.32332854332435,63.451998846720215,65.56091275005198,67.55094379419396,69.32297245405252,70.81966747916317,72.15083148077537,73.46805331544627,74.92292385765082,76.60090191016553,78.3229138287875,79.86933969240036,81.1229098164936,81.98421147423474,82.32290874669756,82.03127076746526,81.1229098164936,79.65695736350439,77.75327798732351,75.54692008025384,73.17293302427504,70.74482702723569,68.28995280606804,65.81412605468405,63.32317238475295,60.82293500875363,58.31928818187646,55.818160482478305,53.32557464170861
46.339689670989685,48.40400623021746,50.410845182472755,52.37920974264313,54.32845742868727,56.27813934761808,58.247915222488345,60.257507274249406,62.326674568295985,64.45537869498055,66.56431316689407,68.55435630561291,70.32639193676295,71.82309099533276,73.15425758476653,74.47148130702365,75.92635336569498,77.604332639507,79.32634540577581,80.87277179122779,82.12634222121505,82.98764404340812,83.32634137211721,83.03470334471842,82.12634222121505,80.66038940118486,78.75670932017839,76.55035009832334,74.17636064125745,71.74825037301447,69.29336857329496,66.81752833501758,64.3265506231241,61.82627037326161,59.32254716264924,56.821283694133285,54.32845742868727
47.34037205061679,49.405729544405276,51.41320133751118,53.38195847919803,55.33145374042496,57.28129372544254,59.25117131441698,61.26082901803083,63.33003860070599,65.45876957373298,67.56772037123181,69.55777310952918,71.32981427383649,72.8265165337806,74.15768517717693,75.4749103976161,76.92978365991019,78.60776390306782,80.32977734211497,81.87620414175117,83.12977481452678,83.99107676724546,84.3297741405973,84.03813607496872,83.12977481452678,81.66382170317581,79.76014106274853,77.55378079734652,75.17978943453295,72.7516757762225,70.29678796136818,67.82093701842902,65.32994022407799,62.82962594413229,60.32584210430001,57.8244708649825,55.33145374042496
48.34162070650808,50.407805152221485,52.4157795206668,54.3848483679015,56.334540175201695,58.284505635906186,60.25446396302411,62.264173777655884,64.33341692609143,66.46216920756615,68.57113296287409,70.56119332042906,72.33323887643115,73.82994367731756,75.16111395094958,76.47834036049912,77.93321457811064,79.61119559063917,81.33320956367122,82.87963669204585,84.13320755752278,84.99450961383972,85.33320702262452,85.04156892665296,84.13320755752278,82.66725421495025,80.76357313051014,78.55721203684362,76.18321916143492,73.75510281241918,71.30021022332767,68.82435078402517,66.33333884370374,63.832997553385596,61.32916558996175,58.82770880610968,56.334540175201695
49.343319274607126,51.41016055289536,53.41853399799547,55.38785031755546,57.33769815226265,59.2877632147744,61.25778562859105,63.267536805723154,65.33680659611016,67.46557579042079,69.57454983046418,71.56461623547017,73.33666527717841,74.83337209481829,76.1645436623721,77.48177101572067,78.93664599156907,80.6146276147482,82.3366420116046,83.88306940089916,85.13664041932327,85.99794255786622,86.33663999477419,86.04500187471939,85.13664041932327,83.67068689323006,81.76700545637655,79.56064370531561,77.18664962935793,74.75853114472366,72.30363476630401,69.8277685833908,67.33674462157003,64.83638189267825,62.33251173218136,59.8309870473076,57.33769815226265
50.34537522746055,52.4127381370449,54.421428444437254,56.3909412279519,58.34091291976921,60.29105704365229,62.261130326134406,64.27091433393828,66.34020527055372,68.4689878887862,70.57797009190236,72.5680412968,74.34009310512496,75.83680152346702,77.16797411800908,78.48520222045238,79.94007779811434,81.6180599059675,83.34007463921365,84.88650223560057,86.14007337541895,87.0013755792248,87.34007303845414,87.04843489928442,86.14007337541895,84.67411970366524,82.77043798710098,80.56407571426546,78.19008068543056,75.76196050575194,73.30706111973203,70.83118958438462,68.34015608100864,65.83977633604079,63.3358758576545,60.83429727700786,58.34091291976921
51.44771501916533,53.51549213877409,55.52443401237916,57.49410275782026,59.44417276647991,61.39437964605496,63.36449330492556,65.37430337122802,67.44361109192955,69.57240436485878,71.68139304705593,73.67146806164692,75.44352206584327,76.94023175466592,78.27140516433019,79.58863386133102,81.04350991665308,82.72149240919248,84.44350740943145,85.98993517018775,87.24350640635686,88.10480866196184,88.44350613890767,88.15186798456645,87.24350640635686,85.77755261899227,83.87387068042136,81.66750799345289,79.29351220831828,76.86539068328038,74.41048891012113,71.93461312652698,69.44357204996017,66.9431787991544,64.43925425690631,61.93763289745776,59.44417276647991
52.45028020891067,54.518386207626435,56.5275277951222,58.49732034551053,60.4474683954754,62.39772508719943,64.36787079402907,66.37770154346514,68.44702258590209,70.57582431554718,72.68481814022324,74.67489617858034,76.44695192564487,77.94366262285023,79.27483667947817,80.59206584838,82.04694228282136,83.72492508068655,85.4469402928379,86.99336818405428,88.246939496697,89.10824179341502,89.44693928442243,89.15530111803959,88.246939496697,86.78098561757201,84.87730350279429,82.67094048712818,80.29694410171771,77.86882150886638,75.41391784103001,72.93803868558948,70.44699159814346,67.94658762764033,65.44264398555413,62.94098867147788,60.4474683954754
53.453024369691846,55.521391475808684,57.53069160509466,59.500582430803334,61.450792426714145,63.401088656208756,65.37125980027521,67.38110696623372,69.45043858226347,71.5792470240572,73.68824493033964,75.67832536866817,77.45038249905059,78.94709399661079,80.27826856673457,81.5954981101847,83.0503748455334,84.7283578857359,86.4503732660823,87.99680126084489,89.25037263418477,90.11167496353424,90.45037246570234,90.15873428976205,89.25037263418477,87.78441868222953,85.8807364275963,83.67437315104263,81.30037628919271,78.87225284881657,76.41734767717185,73.94146584548841,71.45041398718317,68.95000150838337,66.4460427065325,63.944360441976215,61.450792426714145
54.455910625570766,56.52448502059028,58.5339110027071,60.503879836689066,62.45413900197809,64.40446661378226,66.37465794787255,68.38451814382785,70.45385815220214,72.58267192146246,74.6916730673295,76.68175541052085,78.45381363884493,79.95052577164782,81.28170074933381,82.59893059006329,84.05380756424239,85.7317907967882,87.45380631063107,89.00023438757842,90.25380580909369,91.1151081643427,91.45380567536907,91.16216749184302,90.25380580909369,88.78785179933297,86.88416943369637,84.67780595007605,82.30380871007571,79.87568459701828,77.42077823179872,74.94489427597563,72.45383863102356,69.95341939914186,67.44944856484354,64.94774490925235,62.45413900197809
55.45890969120056,57.527648641666104,59.5371745246635,61.507205278326225,63.457503471171066,65.40785599186182,67.37806335108422,69.38793388907723,71.45728055850918,73.5860985562019,75.6951022733362,77.68518612842075,79.45724522818273,80.95395786517844,82.28513316634695,83.6023632430273,85.05724040676625,86.7352237919751,88.45723941177422,90.00366755395162,91.25723901370371,92.11854138950926,92.45723890756639,92.16560071801953,91.25723901370371,89.79128495806279,87.88760250432274,85.68123885635347,83.30724131621491,80.87911666924968,78.4242093566883,75.94832371493177,73.45726506450771,70.9568404726747,68.45286008813191,65.95113945419752,63.457503471171066
56.56199831213627,58.630867889334496,60.64047307091023,62.61055297307435,64.5608821432413,66.51125443458893,68.48147451315586,70.49135325970674,72.56070521605477,74.6895265698687,76.79853232782371,78.78861738290038,80.56067717432367,82.05739021149775,83.38856576941464,84.70579603336937,86.16067334756211,87.8386568539397,89.56067255783637,91.10710075178689,92.36067224188758,93.22197463400886,93.56067215764637,93.26903396332077,92.36067224188758,90.8947181498315,88.9910356261637,86.78467184775059,84.41067406939209,81.98254899866377,79.52764093419616,77.05175395431172,74.56069291843764,72.06026407239163,69.5562761077615,67.05454199793861,64.5608821432413
57.565158024600564,59.634131292269714,61.64379941770311,63.61391833083415,65.56427208843014,67.51466007204864,69.48489024608493,71.4947755078211,73.56413166041675,75.69295567799355,77.8019630557519,79.792049063264,81.56410940365961,83.06082275845566,84.39199852015389,85.70922893274843,87.16410636635646,88.84208996890575,90.56410573955071,92.11053397459361,93.36410548878197,94.22540789385306,94.56410542191966,94.2724672238012,93.36410548878197,91.89815136782317,89.99446878865365,87.78810490670719,85.41410693927334,82.985981532204,80.53107287094764,78.05518482898931,75.56412189977898,73.06368967715129,70.55969569616828,68.05795089041943,65.56427208843014
58.6683741696538,60.737429744042615,62.74714783090563,64.71729770818023,66.66767098128031,68.6180714200452,70.5883096069357,72.59820003980846,74.66755952298043,76.79638565479206,78.90539431819096,80.8954810816522,82.66754185776774,84.16425546466056,85.49543138810022,86.8126619186703,88.26753944705831,89.94552312593913,91.66753894956223,93.21396721722017,94.46753875052696,95.32884116587627,95.66753869745831,95.37590049632942,94.46753875052696,93.00158460662803,91.09790198340679,88.89153801928583,86.51753990178278,84.08941422775926,81.63450509283122,79.15861620790359,76.66755177594916,74.16711687332014,71.66311811713355,69.16136482195571,66.66767098128031
59.771635109822455,61.840756015847404,63.850513758923185,65.82068821315946,67.77107697600806,69.72148730054431,71.69173184728865,73.70162638451453,75.77098851117441,77.89981632105838,80.00882600487202,81.99891336833093,83.77097449027772,85.26768829725992,86.5988643490739,87.91609497328123,89.37097257689618,91.0489563163614,92.77097218203326,94.31740047557778,95.57097202405888,96.43227444756606,96.77097198193826,96.47933377842001,95.57097202405888,94.10501786195238,92.20133520376723,89.99497117442434,87.62097293781125,85.19284705190606,82.73793754102437,80.26204798703117,77.77098236234661,75.27054533259496,72.76654278631344,70.26478275302924,67.77107697600806
60.874931606758054,62.94410436952923,64.9538935888958,66.92408755032343,68.87448860757164,70.82490677852238,72.79515637311574,74.80505416798098,76.87441839278353,79.00324753455634,81.1122580282744,83.10234586795205,84.87440726438537,86.37112123017869,87.7022973838834,89.01952808241069,90.4744057457333,92.15238953328438,93.87440543233039,95.42083374642107,96.67440530694603,97.53570773692812,97.87440527351487,97.5827670681002,96.67440530694603,95.20845113038817,93.30476844445216,91.09840436334255,88.72440603219178,86.29627997811595,83.84137016883957,81.36548008380844,78.87441351245255,76.37397479439986,73.86996923990961,71.36820385856029,68.87448860757164
61.97825632692039,64.04747025030346,66.0572844531329,68.02749389770827,69.97790471314008,71.92832911183982,73.89858271293234,75.90848309339532,77.97784898349789,80.10667918239275,82.21569031893284,84.2057785365857,85.97784015087919,87.47455424272101,88.80573047729648,90.12296123481157,91.5778389455242,93.25582277124104,94.97783869677612,96.52426702717433,97.77783859725847,98.63914103237971,98.97783857072415,98.68620036380428,97.77783859725847,96.31188440923057,94.40820170126871,92.20183757907185,89.82783917288644,87.39971298533347,84.94480293922102,82.46891243270457,79.97784510997462,77.47740505191486,74.97339710980248,72.47162748367433,69.97790471314008
63.18160344900794,65.25085004277801,67.26068407544507,69.23090580917912,71.18132436975708,73.13175371145323,75.10201049251806,77.11191292517613,79.18128013703014,81.31011117496413,83.41912282171266,85.40921133936477,87.18127312657403,88.67798731846062,90.00916361722327,91.32639442155698,92.78127216988308,94.45925602589213,96.18127197245161,97.7277003157931,98.9812718934644,99.84257433266455,100.18127187240411,99.88963366428953,98.9812718934644,97.51531769633272,95.6116349708889,93.40527081608107,91.03127235034063,88.60314605684675,86.14823582275739,83.67234498170775,81.18127706261146,78.68083594098633,76.17682610381367,73.6750531085918,71.18132436975708
64.8846192639482,66.97753766626313,69.02349799454463,71.04175624722502,73.05089308547065,75.06797658565189,77.10781478314901,79.18256208564621,81.30203494657559,83.45945345807164,85.58723277440087,87.60465292453159,89.43375826746724,91.03733579025476,92.51927241307021,94.00972501970816,95.62394005365553,97.40992353445674,99.20174632521851,100.82134955149675,102.23168442086393,103.38387273588256,103.92729879195261,103.4939734925039,102.23168442086393,100.39934797190121,98.18491021596044,95.74219191053135,93.20717753733986,90.68323851728164,88.1748804924738,85.67051260089819,83.1638658965839,80.65089603907568,78.1285623603286,75.59501443909869,73.05089308547065
63.66280402295611,65.73204713065144,67.74187904739856,69.71209946983646,71.66251720398199,73.61294601824491,75.58320245999701,77.59310467367973,79.66247174449902,81.79130269290505,83.90031428521286,85.89040277085417,87.66246453961281,89.15917872082431,90.49035501273801,91.80758581207604,93.2624635563887,94.94044740916547,96.6624633534816,98.20889169544199,99.46246327230372,100.32376571106863,100.66246325065931,100.37082504267224,99.46246327230372,97.99650907614341,96.09282635256498,93.88646220123684,91.51246374185109,89.08433745966143,86.62942724562973,84.15353644027576,81.6624685848135,79.1620275766739,76.65801794170977,74.1562453059804,71.66251720398199
62.256137582680026,64.32530481206038,66.335090672768,68.30528255270326,70.25568229809602,72.2060996318086,74.17634868778065,76.18624613504582,78.25561013597031,80.38443913562665,82.49344954292553,84.48353733178926,86.25559869893407,87.75231264778179,89.08348879061447,90.4007194812116,91.85559713816325,93.53358092058342,95.25559681606833,96.80202512796667,98.05559668720649,98.91689911649769,99.25559665284815,98.96395844763582,98.05559668720649,96.58964251219064,94.68595982921573,92.47959575362981,90.10559743256647,87.67747139643491,85.2225616189981,82.74667159063026,80.25560512028697,77.75516658238098,75.25116134887566,72.74939653818144,70.25568229809602
61.24888181898035,63.32631286567303,65.3486171983383,67.33548984785963,69.3064070540315,71.28031468087636,73.27532533851098,75.30852476053329,77.3960457788651,79.53529445846172,81.651168893429,83.65128437535941,85.44440111322531,86.98102918502835,88.36956527437808,89.75423144511907,91.27259555010035,92.99440978176968,94.7451011991374,96.32188050130607,97.64148300720024,98.6289807615594,99.05937449563949,98.70402161190901,97.64148300720024,96.02335112942605,93.99643743380093,91.6998853603509,89.26617556922638,86.80317643947643,84.32902472497167,81.84294322734607,79.34631748103912,76.84141450407546,74.33089306174313,71.81787014341651,69.3064070540315
60.443226470126234,62.512082108273844,64.52167882815867,66.49175348591687,68.44207935066642,70.39244953240842,72.3626682537766,74.37254612444741,76.44189751666488,78.5707185123705,80.67972405256384,82.66980897959782,84.44186869721884,85.93858169169269,87.2697572222138,88.58698746618583,90.04186476432469,91.71984825777322,93.44186395269645,94.98829214112263,96.24186362798504,97.10316601836537,97.44186354140743,97.15022534759174,96.24186362798504,94.77590953981456,92.87222702360825,90.66586325911388,88.2918655061741,85.86374048066259,83.40883249642556,80.93294565932328,78.44188487798384,75.94145648587536,73.43746933006469,70.93573665816513,68.44207935066642
44.3424544741049,46.40381634239536,48.40885764751153,50.376106535179204,52.32465044114299,54.27388294616836,56.2433695939914,58.252774948951284,60.32182197938786,62.450449756071336,64.5593377977392,66.54935363477833,68.3213735292479,69.81806348285349,71.14922423064007,72.46644369193118,73.92131232738578,75.59928884428481,77.32129969710529,78.86772490457562,80.12129464404822,80.98259609501315,81.3212932967538,81.02965537808436,80.12129464404822,78.65534265256379,76.75166416260623,74.54530790870126,72.17132387176179,69.7432232451686,67.28835855294957,64.81254875931859,62.32162531826762,59.82144184828114,57.31789105695313,54.816934047596845,52.32465044114299
45.34152981671748,47.40453905576633,49.41058287122054,51.37845403849195,53.327390522526855,55.27687373143931,57.24652172956888,59.25603123908883,61.32514536333218,63.45381573530682,65.5627296803429,67.55276074900762,69.32478942300108,70.82148445628991,72.15264846314915,73.46987030164729,74.92474084692662,76.60271890191764,78.32473082225829,79.87115668692923,81.12472681164269,81.98602846971727,82.32472574229413,82.03308776296416,81.12472681164269,79.65877435790927,77.7550949802993,75.54873707056376,73.17475000971656,70.74664400401694,68.29176976748312,65.81594298875335,63.324989270075406,60.82475180714684,58.32110482539932,55.81997685073189,53.327390522526855
46.34150109196784,48.40581976070648,50.412659995695066,52.38102535170012,54.330273539661476,56.27995577905972,58.24973186015404,60.25932404502598,62.32849142481493,64.45719560593227,66.56613011094717,68.55617326912999,70.32820891149896,71.82490797655986,73.15607457015821,74.47329829545305,75.92817035656482,77.6061496323423,79.32816239997521,80.87458878626698,82.12815921674652,82.98946103920426,83.32815836800387,83.03652034052757,82.12815921674652,80.66220639612564,78.7585263139849,76.55216709001397,74.17817762908399,71.75006735396735,69.29518554205163,66.81934528206965,64.328367531485,61.82808721262428,59.32436387908355,56.82310019206183,54.330273539661476
47.34218461912221,49.40754378895092,51.41501660081636,53.38377437441386,55.3332700341156,57.2831102735303,59.25298802620206,61.26264583547311,63.33185548620486,65.46058650243629,67.56953732620812,69.5595900799542,71.33163125316605,72.82833351826216,74.15950216496392,75.47672738781415,76.93160065204523,78.60958089676282,80.33159433689266,81.87802113719542,83.13159181036177,83.99289376329051,84.3315911367142,84.03995307102409,83.13159181036177,81.66563869854195,79.7619580572144,77.55559779013299,75.18160642425252,72.75349276048641,70.29860493595191,67.82275397578564,65.33175715072491,62.83144281601376,60.327658878608304,57.82628746584733,55.3332700341156
48.34343418684193,50.40961996391462,52.41759514136193,54.38666449030596,56.33635661394065,58.286322276586674,60.256280733642086,62.265990632138454,64.33523383459234,66.46398615035915,68.57294992652027,70.56301029633698,72.33505585940662,73.83176066438219,75.16293094063776,76.48015735210092,77.93503157124987,79.61301258501652,81.33502655890794,82.8814536878116,84.13502455359864,84.99632661008232,85.33502401892413,85.04338592290375,84.13502455359864,82.66907121065401,80.76539012549935,78.55902903049991,76.18503615265698,73.75691979931108,71.30202720253635,68.8261677495606,66.33515578486457,63.83481445107809,61.33098241020731,58.8295254886834,56.33635661394065
49.345133479313006,51.411975814986235,53.42034990245139,55.38966662032013,57.33951470614302,59.28957992895252,61.25960244590746,63.26935368960571,65.33862352286823,67.46739274439693,69.57636680099168,71.56643321572986,73.33848226304767,74.8351890839331,76.16636065356926,77.48358800843667,78.93846298550528,80.61644460966716,82.3384590072056,83.88488639692008,85.13845741559032,85.99975955426561,86.33845699121883,86.04681887112527,85.13845741559032,83.67250388920175,81.76882245178113,79.56246069966224,77.18846662177253,74.76034813370137,72.30545174918356,69.82958555541782,67.33856157425072,64.83819881085749,62.33432858888901,59.83280379473891,57.33951470614302
50.34719000751292,52.41455375677586,54.4232445741774,56.39275767389407,58.34272956504776,60.292873816169745,62.26294718051706,64.2727312411563,66.34202221180277,68.47080485163855,70.5797870678916,72.56985828051373,74.34191009329103,75.83861851420909,77.16979111040388,78.48701921405271,79.94189479268317,81.61987690131633,83.34189163510382,84.88831923182403,86.14189037183777,87.00319257574863,87.34189003501388,87.05025189581342,86.14189037183777,84.67593669984964,82.77225498283525,80.56589270916001,78.19189767879166,75.76377749638522,73.30887810552514,70.83300656156403,68.34197304283276,65.8415932704807,63.33769274330314,60.836114075919994,58.34272956504776
51.44953025613036,53.51730804246452,55.52625032096731,57.495919317418526,59.44598948430783,61.39619646487904,63.36631018872882,65.37612029696783,67.44542804468026,69.5742213347562,71.6832100273802,73.67328504810212,75.44533905583229,76.94204874669953,78.2732221576756,79.59045085563325,81.04532691172402,82.72330940488249,84.4453244055511,85.99175216657194,87.2453234028961,88.10662565858443,88.44532313555877,88.15368498119315,87.2453234028961,85.77936961534546,83.87568767641727,81.66932498878234,79.29532920243061,76.86720767522763,74.41230589822675,71.93643010779587,69.44538901904147,66.94499574650061,64.4410711655261,61.93944973723232,59.44598948430783
52.452095808691325,54.52020233675886,56.529344245687184,58.49913699532786,60.44928517088988,62.3995419427788,64.36968770118415,66.37951848390597,68.44883954778177,70.57764129103634,72.6866351239882,74.67671316721146,76.44876891708081,77.94547961590895,79.27665367357807,80.59388284323931,82.04875927829079,83.72674207664735,85.44875728913972,86.99518518056605,88.24875649333183,89.110058790116,89.44875628114605,89.15711811474384,88.24875649333183,86.7828026140592,84.87912049899788,82.67275748280281,80.29876109642632,77.87063850185655,75.41573483097108,72.93985567010422,70.44880857298486,67.9484045852304,65.44446091240656,62.94280554368629,60.44928517088988
53.45484025754271,55.5232077839144,57.532508168362554,59.50239915223395,61.452609247837714,63.40290554096187,65.37307672596506,67.38292391834294,69.45225555138889,71.5810640039845,73.6900619168355,75.68014235902632,77.45219949163493,78.94891099048314,80.28008556143328,81.59731510548619,83.05219184131913,84.73017488191164,86.45219026252869,87.99861825745793,89.25218963089551,90.11349196029748,90.45218946248355,90.16055128652788,89.25218963089551,87.78623567882305,85.88255342396477,83.67619014699123,81.30219328437457,78.8740698426345,76.41916466856969,73.94328283257937,71.45223096659635,68.9518184741041,66.44785964785643,63.9461773399282,61.452609247837714
54.45772674212817,56.52630147077228,58.535727655437285,60.5056966149632,62.45595585938263,64.40628352169125,66.37647488827373,68.38633510519836,70.45567512707854,72.58448890491238,74.69349005599292,76.68357240224975,78.45563063234079,79.95234276616594,81.28351774450783,82.60074758571571,84.05562456027917,85.7336077931345,87.45562330719223,89.00205138427182,90.25562280586463,91.11692516115532,91.45562267219594,91.16398448865769,90.25562280586463,88.78966879601089,86.88598643019563,84.67962294624209,82.30562570563322,79.87750159149323,77.42259522435283,74.94671126511135,72.45565561406542,69.95523637131595,67.45126551765368,64.94956182763755,62.45595585938263
55.46072598932349,57.529465204629986,59.538991248406234,61.50902210171961,63.459320357372874,65.40967291815006,67.37988030316197,69.38975085779852,71.45909753795016,73.58791554244772,75.69691926371996,77.68700312123764,79.459062222402,80.95577486020912,82.2869501618982,83.60418023895829,85.0590574030023,86.73704078845681,88.45905640842645,90.00548455070883,91.25905601052246,92.12035838636109,92.45905590442956,92.167417714873,91.25905601052246,89.7931019548077,87.88941950092585,85.68305585269212,83.30905831207053,80.88093366424609,78.42602635016014,75.95014070569044,73.45908205042966,70.95865744997084,68.45467705005876,65.95295638880089,63.459320357372874
56.563814754393704,58.632684541823366,60.64228985101961,62.61236983228052,64.56269905230016,66.51307137546507,68.48329147450141,70.49317023426241,72.56252219911869,74.69134355833364,76.80034931957294,78.79043437658078,80.56249416911714,82.05920720693524,83.3903827652653,84.70761302952143,86.16249034395629,87.84047385052887,89.56248955456088,91.10891774859473,92.36248923874426,93.2237916308918,93.56248915453827,93.27085096020498,92.36248923874426,90.89653514662957,88.99285262284923,86.7864888442262,84.41249106548432,81.98436599407407,79.5294579283964,77.0535709463585,74.56250990664552,72.06208105375318,69.55809307692437,67.05635894541459,64.56269905230016
57.5669745812739,59.63594801582089,61.6456162425532,63.61573521846594,65.56608901563106,67.51647702450336,69.48670721478638,71.4965924870075,73.56594864635622,75.6947726682198,77.8037800485849,79.79386605762977,81.56592639890887,83.06263975421602,84.39381551624221,85.71104592907596,87.16592336287619,88.84390696558023,90.5659227363326,92.11235097144163,93.36592248566876,94.22722489076068,94.56592241883443,94.27428422070986,93.36592248566876,91.89996836466347,89.99628578540461,87.78992190329151,85.41592393555341,82.98779852794277,80.53288986572602,78.05700182205851,75.5659388898012,73.06550666173956,70.5615126710744,68.0597678481125,65.56608901563106
58.670190817149376,60.73924652399994,62.74896469126804,64.71911461837408,66.66948792288083,68.61988838168995,70.59012658147563,72.60001702267031,74.66937651120219,76.79820264641627,78.90721131188415,80.89729807656197,82.6693588533787,84.16607246067719,85.49724838437714,86.8144789151371,88.26935644367765,89.94734012268133,91.66935594638966,93.2157842141001,94.46935574743765,95.33065816280353,95.66935569439119,95.37771749325748,94.46935574743765,93.00340160350181,91.09971898020967,88.89335501595647,86.5193568982119,84.09123122375877,81.63632208806844,79.16043320178423,76.66936876741144,74.1689338604695,71.66493509659813,69.16318178775822,66.66948792288083
59.77345182941015,61.84257284057682,63.85233064747271,65.82250514126125,67.77289392903774,69.72330426948326,71.69354882646257,73.7034433702936,75.77280550120767,77.90163331379216,80.01064299924795,82.00073036367246,83.77279148617578,85.26950529348,86.60068134550056,87.91791196985858,89.3727895735946,91.0507733131573,92.77278917889686,94.31921747248299,95.57278902098852,96.43409144450885,96.77278897888554,96.48115077536345,95.57278902098852,94.10683485885272,92.20315220061133,89.99678817116346,87.62278993435869,85.19466404811251,82.7397545366258,80.26386498155587,77.77279935495187,75.27236232177701,72.76835976939607,70.26659972526821,67.77289392903774
60.876748383569364,62.94592122979584,64.95571049981808,66.925904492639,68.87630556967274,70.82672375325077,72.79697335596768,74.80687115607545,76.87623538425458,79.00506452817078,81.11407502319221,83.10416286363625,84.8762242605113,86.37293822656018,87.70411438042888,89.02134507907577,90.47622274249447,92.15420653012293,93.87622242922265,95.42265074334642,96.67622230389074,97.53752473388325,97.87622227047358,97.58458406505584,96.67622230389074,95.21026812730963,93.30658544132896,91.10022136013606,88.72622302883313,86.29809697448665,83.84318716473007,81.36729707884433,78.87623050596497,76.37579178519528,73.87178622586391,71.37002083590792,68.87630556967274
61.98007314915267,64.04928713877698,66.05910138181284,68.0293108513055,69.97972168244125,71.93014609116332,73.90039969870355,75.91030008332751,77.97966597611008,80.10849617670618,82.21750731428077,84.20759553254189,85.97965714718599,87.47637123923064,88.80754747393627,90.12477823154629,91.57965594233518,93.25763976811345,94.97965569369116,96.52608402411562,97.77965559421514,98.64095802934463,98.97965556769192,98.68801736076962,97.77965559421514,96.31370140616878,94.41001869817146,92.20365457590847,89.82965616960232,87.40152998183454,84.94661993534095,82.47072942814623,79.97966210420708,77.47922204399083,74.97521409803605,72.47344446507677,69.97972168244125
63.18342030729251,65.25266695363996,67.26250101821954,69.23272277173068,71.18314134477299,73.13357069442391,75.10382748060628,77.11372991656695,79.18309713054809,81.31192816983233,83.42093981740194,85.41102833553683,87.18309012302439,88.67980431507198,90.0109806139379,91.32821141834697,92.7830891667336,94.46107302279142,96.18308896938471,97.72951731274705,98.98308889043054,99.84439132963726,100.18308886937905,99.89145066126257,98.98308889043054,97.51713469328419,95.61345196781225,93.40708781295194,91.03308934711566,88.6049630534513,86.1500528190594,83.67416197747141,81.1830940574154,78.68265293407865,76.17864309385627,73.67687009321251,71.18314134477299
64.88641895954932,66.97933605344905,69.02529439218978,71.04355002191627,73.05268369156377,75.0697636456307,77.10959819846931,79.18434215638246,81.30381246687966,83.46122953638576,85.58900791118838,87.60642669733096,89.43552922091766,91.03910156063137,92.521031084778,94.01147583360984,95.62568391115634,97.41166281991845,99.20348271540934,100.82308295626976,102.23341159676121,103.38558893274941,103.92900769090218,103.49568740538005,102.23341159676121,100.4010900649354,98.1866659859194,95.7439587581635,93.2089522843433,90.68501810567886,88.17666282831892,85.6722964144047,83.16565052249267,80.65268132033216,78.13034860340164,75.59680235966327,73.05268369156377
63.66462087739373,65.73386403912444,67.74369598866909,69.71391643143255,71.66433417838809,73.61476300082643,75.58501944783802,77.59492166491492,79.66428873792029,81.79311968771404,83.90213128086572,85.89221976700318,87.66428153604784,89.16099571742481,90.49217200944467,91.80940280886014,93.26428055323498,94.94226440606187,96.66428035041277,98.21070869239458,99.46428026926884,100.32558270804051,100.66428024763351,100.37264203964443,99.46428026926884,97.9983260730935,96.09464334948615,93.88827919810407,91.51428073861982,89.08615445625493,86.63124424191233,84.15535343600507,81.66428557955646,79.16384456965778,76.65983493155936,74.1580622902577,71.66433417838809
62.25795435338523,64.32712166853501,66.33690758130302,68.30709949350216,70.25749925922916,72.20791660591925,74.17816567024013,76.18806312289325,78.25742712728794,80.38625612914711,82.49526653778554,84.48535432743691,86.25741569503569,87.75412964414606,89.08530578714729,90.40253647786733,91.85741413491772,93.53539791741741,95.25741381295751,96.80384212488985,98.0574136841496,98.91871611345151,99.25741364980564,98.96577544459018,98.0574136841496,96.59145950910984,94.68777682608905,92.48141275041748,90.10741442919779,87.6792883927881,85.22437861485777,82.7484885856116,80.25742211370259,77.75698357300425,75.25297833452353,72.75121351498396,70.25749925922916
61.250692905071446,63.32812348203973,65.35042709398832,67.33729878121864,69.30821480613658,71.28212108597963,73.27713033084117,75.31032843036553,77.3978484230065,79.53709651595597,81.65297056521872,83.65308548460882,85.44620104535386,86.98282690124138,88.37135984155691,89.75602236290975,91.27438308360783,92.99619500750057,94.74688492758871,96.32366265572304,97.64326177493712,98.63075319832393,99.06114244621803,98.70579266963784,97.64326177493712,96.02513778037067,93.99823067396234,91.70168354277155,89.2679770807172,86.80497991648406,84.33082929322217,81.84474837544934,79.34812294586807,76.84322022333845,74.33269915271914,71.81967687788318,69.30821480613658
60.445042897003006,62.51389875120971,64.52349560225339,66.49357034130166,68.44389625728633,70.394266471728,72.36448521413324,74.3743630983805,76.44371449934224,78.57253550059865,80.68154104416737,82.67162597318608,84.44368569195105,85.94039868708678,87.27157421803253,88.58880446231427,90.04368176070201,91.72166525435094,93.44368094941325,94.99010913792506,96.24368062483767,97.10498301524498,97.44368053829629,97.15204234447269,96.24368062483767,94.77772653660696,92.87404402028498,90.66768025557487,88.2936825022411,85.86555747602871,83.41064949054808,80.9347626512326,78.4437018659478,75.94327346680313,73.43928629845544,70.93755360426753,68.44389625728633
44.34457630930911,46.40594209391266,48.41098578303341,50.3782361507799,52.32678099059112,54.276014092023914,56.245501123706504,58.25490672646225,60.323953916525994,62.452581794551904,64.56146989784938,66.55148577112796,68.32350568648602,69.82019565217738,71.15135640771808,72.46857587466508,73.92344451466363,75.60142103522216,77.32343189058254,78.8698570996165,80.12342684000566,80.98472829146337,81.32342549337254,81.03178757455879,80.12342684000566,78.65747484742144,76.75379635535194,74.54744009750738,72.17345605337327,69.74535541398191,67.29049069905476,64.81468086501239,62.32375735192451,59.8235737534786,57.32002273329931,54.819065317203666,52.32678099059112
45.34365378164863,47.4066661341393,49.412711843704926,51.38058418647145,53.329521412005164,55.27900509441031,57.24865339726014,59.25816310347655,61.32727735442444,63.45594780683791,65.56486180079067,67.5548928982191,69.32692158879193,70.82361663167332,72.15478064468701,73.47200248767433,74.92687303656015,76.60485109445573,78.3268630168123,79.87328888272428,81.12685900816524,81.98816066663096,82.32685793934155,82.03521995989703,81.12685900816524,79.6609065535589,77.7572271742727,75.55086926141028,73.1768821948527,70.74877617899512,68.29390192443768,65.81807511363293,63.327121337777825,60.82688377288642,58.32323660948518,55.822108311943154,53.329521412005164
46.343626750310094,48.40794789338518,50.414789632945784,52.38315592241847,54.3324046990992,56.282087314386814,58.251863637369794,60.261455978372865,62.33062345873253,64.45932770369632,66.56826224753716,68.55830542855003,70.33034108407819,71.82704015675272,73.15820675523591,74.47543048409378,75.93030254806807,77.60828182615087,79.33029459538383,80.87672098266066,82.1302914137176,82.99159323648573,83.33029056539152,83.0386525378243,82.1302914137176,80.66433859240388,78.76065850893269,76.55429928247995,74.18030981701763,71.75219953383859,69.29731770761742,66.82147742217722,64.33049962621014,61.830219226418606,59.32649574869018,56.82523180537416,54.3324046990992
47.3443116234491,49.409672759176885,51.41714676598805,53.385905280779724,55.33540140786894,57.28524194567639,59.25511989035546,61.2647778235561,63.333987554114216,65.46271862102188,67.5716694756104,69.56172224747688,71.33376343113324,72.8304657022723,74.1616343528512,75.47885957852941,76.93373284503247,78.61171309157982,80.3337265329796,81.88015333406418,83.13372400768881,83.99502596086393,84.33372333437188,84.04208526860961,83.13372400768881,81.66777089531911,79.7640902529356,77.55772998388437,75.18373861440656,72.75562494424129,70.30073710835248,67.82488612797985,65.3338892668985,62.833574867950716,60.32979081609773,57.82841919989784,55.33540140786894
48.34556226069152,50.41174959937172,52.419725725731126,54.3887956631507,56.3384881578271,58.28845405733858,60.25841266680298,62.26812266366754,64.33736592948175,66.46611828547111,68.57508208609174,70.56514247029074,72.33718804165025,73.83389285142215,75.16506313075499,76.48228954446273,77.93716376541494,79.6151447806339,81.33715875553324,82.88358588505744,84.13715675120824,84.99845880788746,85.33715621679617,85.0455181207185,84.13715675120824,82.67120340782714,80.76752232183436,78.56116122527146,76.18716834457334,73.75905198614842,71.30415938036177,68.82829991134807,66.33728791806209,63.83694653328983,61.3331144015784,58.83165731857356,56.3384881578271
49.34726240280925,51.41410597873363,53.42248081965532,55.39179800471676,57.34164638508352,59.29171179591279,61.26173443384282,63.271485755619224,65.34075563917217,67.46952489262608,69.57849896863453,71.56856539478802,73.34061444868553,74.83732127337782,76.1684928454564,77.48572020210534,78.94059518060523,80.61857680591976,82.34059120425823,83.88701859446522,85.14058961342417,86.00189175225468,86.34058918926098,86.04895106912196,85.14058961342417,83.67463608668919,81.77095464860335,79.56459289524355,77.19059881508767,74.76248032298528,72.30758393131464,69.83171772481953,67.34069372096035,64.84033091709897,62.33646062302796,59.83493570070323,57.34164638508352
50.34931960585725,52.41668434001414,54.425375755626476,56.394889226229424,58.34486135119295,60.295005751558605,62.26507921192896,64.27486333454092,66.34415434510376,68.47293701027891,70.58191924194077,72.57199046362328,74.3440422816229,75.84075070556247,77.17192330369582,78.48915140875866,79.94402698852511,81.62200909807314,83.34402383249561,84.89045142960674,86.14402256984962,87.00532477388366,87.34402223319105,87.0523840939545,86.14402256984962,84.67806889758651,82.77438718004416,80.56802490538402,78.19402987321698,75.76590968761094,73.31101029107367,70.8351387370092,68.34410520026707,65.84372539579496,63.33982481138818,60.83824604226825,58.34486135119295
51.45166039040661,53.519438958770564,55.52838171219457,57.4980510030658,59.44812135554908,61.39832845458284,63.368442254649324,65.37825241207742,67.44756019147201,69.57635350166004,71.68534220651408,73.67541723442726,75.4474712463024,76.94418093956781,78.27535435208253,79.59258305116248,81.04745910815487,82.72544160203948,84.44745660321209,85.99388436454319,87.24745560104923,88.10875785683534,88.44745533384312,88.15581717944883,87.24745560104923,85.78150181328036,83.87781987393309,81.67145718551645,79.29746139773711,76.8693398679946,74.41443808648773,71.93856228803776,69.44752118498805,66.94712788695321,64.44320326055492,61.94158175150979,59.44812135554908
52.45422636852908,54.5223335174951,56.53147580344488,58.50126878679674,60.45141710967678,62.40167397559436,64.37181979449494,66.38165061625898,68.45097170528126,70.57977346449891,72.68876730715786,74.67884535608883,76.45090110924804,77.94761180997963,79.27878586886996,80.59601503942197,82.05089147518908,83.72887427412198,85.45088948701436,86.99731737868692,88.25088869159711,89.11219098845888,89.45088847951546,89.15925031309051,88.25088869159711,86.78493481215125,84.88125269675731,82.67488967994177,80.30089329243222,77.87277069584678,75.4178670213849,72.9419878541533,70.45094074568766,67.95053673769847,65.44659302882118,62.944937596006724,60.45141710967678
53.45697115526988,55.52533917457575,57.53463985831405,59.50453102770095,61.454741240238675,63.40503760799649,65.37520884101605,67.38505606438227,69.45438771738719,71.58319618265281,73.69219410320835,75.68227454992939,77.45433168514916,78.95104318550815,80.28221775742759,81.59944730218749,83.05432403858842,84.73230707963836,86.4543224605729,88.00075045569758,89.25432182924976,90.11562415871332,90.45432166092044,90.16268348494674,89.25432182924976,87.7883678770398,85.88468562191753,83.67832234445154,81.30432548093555,78.87620203759569,76.42129686069227,73.9454150196502,71.45436314466164,68.95395063610891,66.44999178124526,63.94830942244431,61.454741240238675
54.459857908114685,56.528433028080755,58.53785945032277,60.50782855710429,62.458087894339016,64.40841561588635,66.37860702058023,68.38846726210066,70.45780729982243,72.5866210877125,74.69562224490814,76.68570459476064,78.45776282692414,79.95447496194839,81.2856499410596,82.60287978282864,84.05775675784292,85.73573999106134,87.45775550537104,89.00418358260578,90.25775500428952,91.1190573596291,91.45775487068644,91.16611668713387,90.25775500428952,88.79180099432665,86.8881186283019,84.68175514395746,82.30775790263479,79.87963378722503,77.42472741783163,74.94884345458058,72.4577877963869,69.95736854089017,67.45339766451517,64.95169393412061,62.458087894339016
55.46285736827565,57.53159689422489,59.54112312658522,61.51115409678293,63.46145242610672,65.41180503390294,67.38201244916438,69.39188302332283,71.46122971604804,73.59004772852727,75.69905145465307,77.68913531502461,79.46119441783394,80.95790705659277,82.28908235889247,83.60631243639793,85.06118960079975,86.73917298654244,88.4611886067121,90.00761674911759,91.26118820900342,92.12249058488084,92.46118810296255,92.16954991339466,91.26118820900342,89.79523415320203,87.8915516991539,85.68518805060992,83.3111905094218,80.88306586058954,78.42815854471537,75.95227289706327,73.46121423612931,70.96078962555295,68.4568092076136,65.95508851430691,63.46145242610672
56.5659463024071,58.634816336425786,60.644421795313335,62.61450186935011,64.56483114784396,66.51520350832867,68.4854236313744,70.49530240663006,72.56465438146603,74.69347574701607,76.80248151210765,78.7925665713806,80.56462636522258,82.06133940379604,83.39251496261076,84.70974522722038,86.16462254193925,87.84260604874056,89.56462175293132,91.1110499470629,92.3646214372697,93.22592382944804,93.56462135310505,93.27298315876274,92.3646214372697,90.8986673450863,88.99498482117394,86.78862104230468,84.41462326311313,81.98649819090298,79.53159012380598,77.05570313924224,74.56464209502643,72.06421323410376,69.5602252429666,67.05849108601937,64.56483114784396
57.5691062634904,59.6380798937752,61.64774823932514,63.61786728887709,65.56822113245443,67.51860917094795,69.48883938028744,71.49872466480676,73.56808083207638,75.69690485896815,77.80591224239082,79.7959982532335,81.56805859554886,83.06477195145558,84.3959477138664,85.71317812698075,87.16805556100638,88.84603916389196,90.56805493477032,92.11448316995691,93.36805468422952,94.22935708934588,94.568054617428,94.27641641929625,93.36805468422952,91.90210056316965,89.99841798380604,87.79205410149754,85.4180561334025,82.98993072515701,80.53502206181375,78.05913401614141,75.56807108031023,73.0676388458749,70.56364484385314,68.06190000070134,65.56822113245443
58.67232260589496,60.741378468115315,62.75109672969381,64.72124671524921,66.67162005659411,68.62202053891389,70.59225875382482,72.60214920478066,74.6715086995994,76.80033483880435,78.90934350669906,80.89943027280381,82.67149105044298,84.16820465821732,85.49938058222261,86.81661111320525,88.27148864192469,89.94947232107248,91.67148814488081,93.2179164126528,94.47148794602643,95.3327903614117,95.67148789300603,95.37984969186664,94.47148794602643,93.00553380204731,91.101851178672,88.89548721426368,86.52148909623585,84.09336342127884,81.63845428469438,79.16256539681896,76.67150095960956,74.17106604760878,71.66706727472366,69.16531394985893,66.67162005659411
59.77558370271552,61.8447048372072,63.854462718960306,65.8246372591413,67.7750260761567,69.72543643526288,71.69568100424718,73.70557555582566,75.77493769172963,77.9037655074817,80.01277519486364,82.00286256042071,83.77492368357682,85.27163749125873,86.60281354352162,87.92004416805639,89.37492177193441,91.05290551161147,92.77492137743039,94.32134967106542,95.57492121959956,96.43622364313529,96.77492117751724,96.48328297399064,95.57492121959956,94.10896705742941,92.20528439912201,89.99892036955102,87.62492213252142,85.19679624587528,82.74188673367891,80.26599717734607,77.77493154849063,75.27449451130059,72.7704919517654,70.26873189491852,67.7750260761567
60.87888032399465,62.94805326810926,64.9578425975476,66.92803662719098,68.87843772743196,70.82885592582107,72.79910553806641,74.80900334432336,76.87836757646298,79.00719672289327,81.11620721944351,83.10629506078644,84.87835645817961,86.37507042452827,87.7062465785893,89.02347727737649,90.47835494090789,92.15633872862712,93.87835462778983,95.42478294195237,96.67835450251944,97.53965693252417,97.87835446911868,97.58671626369735,96.67835450251944,95.21240032591106,93.308717639878,91.10235355858737,88.72835522710601,86.30022917244207,83.84531936212227,81.3694292752341,78.87836270056779,76.37792397661124,73.87391841160152,71.37215301155041,68.87843772743196
61.982205142854085,64.05141921017538,66.06123350037103,68.03144299909015,69.9818538486457,71.93227826912343,73.90253188422639,75.91243227373097,77.981798169657,80.11062837224853,82.21963951103652,84.20972773001112,85.98178934506646,87.47850343734903,88.80967967220732,90.12691042992869,91.58178814080702,93.25977196665734,94.98178789228506,96.5282162227403,97.78178779285787,98.64309022799705,98.98178776634767,98.69014955942251,97.78178779285787,96.31583360478984,94.41215089675096,92.20578677441043,89.83178836796262,87.4036621799429,84.94875213300224,82.47286162501192,79.98179429965447,77.4813542369088,74.97734628644707,72.47557664547527,69.9818538486457
63.1855523432811,65.25479905129869,67.26463315330976,69.23485493001823,71.18527351768049,73.13570287666192,75.10595966884686,77.11586210868131,79.1852293251574,81.31406036602542,83.42307201455812,85.41316053325929,87.18522232107321,88.68193651330967,90.01311281229675,91.3303436167942,92.78522136525183,94.4632052213668,96.1852211679998,97.73164951138656,98.98522108908439,99.8465235282988,100.18522106804323,99.89358285992449,98.98522108908439,97.51926689192086,95.61558416641591,93.40922001149406,91.03522154554537,88.60709525168102,86.15218501693431,83.67629417471483,81.18522625353309,78.68478512818875,76.1807752843892,73.67900227738589,71.18527351768049
64.88852359789279,66.98143860753443,69.02739377700559,71.04564522845169,73.05477385061643,75.07184815581712,77.1116769027989,79.18641553285568,81.30588178055763,83.46329655299542,85.59107342795924,87.60849004128619,89.43758807368053,91.04115215679406,92.52307037276967,94.01350260406974,95.6276995999794,97.41367122539883,99.20548650865946,100.82508199367527,102.23540071138584,103.38756055736825,103.9309676896026,103.49765539150195,102.23540071138584,100.40310294293292,98.18870065141482,95.74601107038882,93.21101718019332,90.68709071379466,88.17873981306697,85.67437575303627,83.1677311552631,80.65476299705658,78.13243181227716,75.59888824074119,73.05477385061643
63.666752908870066,65.73599613398109,67.74582812199527,69.71604858859945,71.66646635058035,73.61689518260798,75.5871516357886,77.59705385684671,79.66642093241623,81.7952518838377,83.90426347797914,85.89435196469861,87.6664137340787,89.16312791564977,90.49430420779414,91.81153500730045,93.26641275174825,94.94439660463391,96.6664125490256,98.21284089103251,99.46641246792151,100.32771490670108,100.66641244629677,100.37477423830539,99.46641246792151,98.00045827172849,96.09677554808724,93.89041139664188,91.5164129370421,89.08828665447169,86.63337643976442,84.15748563320818,81.66641777560264,79.16597676364069,76.6619671218659,74.16019447402832,71.66646635058035
62.26008628664843,64.32925370240065,66.33903967623242,68.30923162627516,70.25963141585305,72.21004877776495,74.18029785187852,76.19019531085137,78.25955931931637,80.38838832375939,82.49739873396899,84.48748652454421,86.2595478926755,87.75626184209398,89.08743798529284,90.40466867615706,91.85954633332328,93.53753011591627,95.25954601152111,96.8059743234933,98.05954588277642,98.92084831209088,99.2595458484493,98.96790764323016,98.05954588277642,96.59359170770863,94.689909024634,92.483544948862,90.1095466274589,87.68142059072296,85.22651081221377,82.75062078193741,80.25955430819188,77.75911576421831,75.25511051990176,72.75334568998709,70.25963141585305
61.25281568798431,63.33024551670394,65.35254798058455,67.33941813492967,69.31033227816332,71.2842364122915,73.27924340666564,75.3124393995053,77.3999577582619,79.53920491670553,81.65507835155597,83.65519237484105,85.44830606047677,86.98492838649061,88.3734563105,89.75811301848776,91.27646834811361,92.99827659577406,94.74896413072926,96.3257393514597,97.64533307575516,98.63281441399113,99.06319651543022,98.70785168851519,97.64533307575516,96.02722163897573,94.00032502900827,91.70378577067312,89.27008461170453,86.80709057846204,84.33294169350535,81.84686169941381,79.35023677436318,76.84533445713618,74.33481397863986,71.8217927288567,69.31033227816332
60.44717442697582,62.516030534607026,64.52562753949228,66.49570237388897,68.44602834996941,70.3963986027658,72.36661736984631,74.37649527001797,76.44584668123615,78.57466768900335,80.6836732365312,82.67375816787788,84.44581788798462,85.9425308838967,87.2737064153405,88.59093665998556,90.04581395866518,91.72379745254918,93.44581314777463,94.99224133638688,96.24581282335836,97.10711521379733,97.44581273685945,97.1541745430266,96.24581282335836,94.77985873505702,92.87617621859938,90.66981245363621,88.29581469984032,85.8676896728058,83.41278168586652,80.93689484395513,78.44583405404262,75.94540564664487,73.44141846359206,70.93968574326125,68.44602834996941
44.33932395671924,46.40068004345047,48.405717829111424,50.372964531767856,52.32150705911009,54.27073868366989,56.24022476480786,58.249629753950984,60.31867654873275,62.44730417580607,64.5561921264912,66.54620791003067,68.31822777366285,69.81491770942645,71.1460784457658,72.46329789870711,73.9181665274536,75.59614303895017,77.31815388802107,78.86457909318307,80.11814883130249,80.97945028153998,81.3181474830318,81.02650956457543,80.11814883130249,78.65219684144168,76.74851835460194,74.54216210651296,72.16817808019474,69.74007747249529,67.28521281379992,64.80940307982758,62.31847974512348,59.818296464779465,57.314746011300656,54.81378960240659,52.32150705911009
45.33839615526855,47.40140079801323,49.40744181722938,51.375311249139784,53.32424663851353,55.273729148417175,57.24337669669352,59.25288591583384,61.32199985302549,63.45067010624963,65.55958397907085,67.54961500527219,69.3216436547898,70.81833867391731,72.14950267169081,73.46672450356172,74.92159504351679,76.59957309421986,78.32158501158447,79.86801087442325,81.12158099806274,81.98288265555995,82.32157992793933,82.02994194877846,81.12158099806274,79.65562854561799,77.75194917048265,75.54559126536327,73.17160421294618,70.74349822224258,68.28862401231672,65.8127972809387,63.32184364667043,60.82160633426787,58.31795962069263,55.81683212267936,53.32424663851353
46.338364930575196,48.40267994650371,50.40951796032219,52.37788193826637,54.32712925711192,56.276810941591236,58.24658666558959,60.256178619967756,62.32534585128589,64.45404993814785,66.56298438584463,68.55302751032383,70.32506313326614,71.82176218708713,73.1529287734741,74.47015249350886,75.9250245503948,77.60300382276893,79.32501658803974,80.87144297287733,82.12501340250444,82.9863152245039,83.32501255314676,83.03337452580467,82.12501340250444,80.65906058290636,78.75538050272974,76.54902128242267,74.1750318281837,71.74692156496945,69.2920397741726,66.81619955177416,64.32522186818684,61.82494166880289,59.321218548123994,56.81995523946513,54.32712925711192
47.339046470681794,49.40440273829381,51.411873786083675,53.38063046546978,55.33012543517566,57.27996523407832,59.24984270329304,61.25950032960891,63.32870986249438,65.45744080391333,67.56639158219105,69.55644430918628,71.32848546697906,72.82518772315402,74.15635636413208,75.47358158280738,76.92845484368439,78.60643508570075,80.32844852395581,81.87487532310436,83.12844599559413,83.98974794815913,84.32844532145842,84.03680725587486,83.12844599559413,81.66249288458616,79.7588122448175,77.5524519806441,75.1784606200743,72.75034696575514,70.29545915798278,67.81960822764687,65.32861145576278,62.82829721588308,60.32451344743457,57.82314233500698,55.33012543517566
48.3402944594874,50.40647793118964,52.41445170777567,54.38352018796384,56.33321176383619,58.283177076801834,60.253135308858475,62.26284506213557,64.33208817105171,66.4608404274386,68.56980416749053,70.55986451607492,72.3319100669064,73.82861486480122,75.15978513651388,76.47701154466338,77.9318857611502,79.6098667727729,81.33188074517625,82.87830787316383,84.13187873841392,84.99318079460889,85.33187820335195,85.04024010741614,84.13187873841392,82.66592539611361,80.76224431219626,78.55588321950489,76.18189034587704,73.75377400002921,71.29888141655869,68.82302198725944,66.33201006477029,63.83166880625325,61.32783689948897,58.82638021635658,56.33321176383619
49.341992497642096,51.40883300235623,53.41720597750722,55.3865220056677,57.336369656660594,59.28643460189974,61.25645694026123,63.26620806869404,65.33547782771365,67.46424700211172,69.5732210300463,71.5632874279323,73.33533646553661,74.83204328080204,76.16321484683246,77.48044219906984,78.93531717402553,80.6132987964857,82.3353131928431,83.88174058183048,85.13531160007452,85.99661373852067,86.33531117539553,86.04367305536908,85.13531160007452,83.66935807419736,81.76567663775879,79.55931488747183,77.18532081292764,74.75720233080773,72.30230595684947,69.8264397818759,67.33541583420876,64.83505313055795,62.33118301503322,59.82965841010517,57.336369656660594
50.34404802957681,52.41141032485916,54.42010025913285,56.389612811316596,58.339584357300936,60.28972838809702,62.25980161068719,64.26958557983713,66.33887649155572,68.4676590939834,70.57664128748871,72.56671248673518,74.33876429180285,75.83547270826031,77.1666453015932,78.48387340315456,79.938748980108,81.61673108739052,83.33874582024063,84.88517341638374,86.13874455605921,87.00004675978819,87.33874421899124,87.04710607984404,86.13874455605921,84.67279088447697,82.76910916824201,80.56274689602078,78.18875186830778,75.76063169062485,73.30573230814593,70.82986077910024,68.3388272869581,65.83844756202431,63.33454711933332,60.832968602142444,58.339584357300936
51.44638748700805,53.51416411884588,55.52310569623097,57.49277425803501,59.44284415093509,61.39305095662212,63.363164567954456,65.37297460357647,67.44228230451704,69.57107556490186,71.68006423947084,73.67013924957644,75.44219325118746,76.93890293851432,78.27007634721889,79.5873050435197,81.04218109827941,82.7201635903659,84.4421785902905,85.98860635085329,87.24217758690897,88.10347984245296,88.44217731937792,88.1505391650546,87.24217758690897,85.77622379968048,83.87254186137096,81.66617917489006,79.29218339064589,76.86406186719196,74.40916009684324,71.93328431825077,69.44224325060031,66.94185001569576,64.4379255017796,61.93630419269772,59.44284415093509
52.448952411320434,54.51705802276666,56.526199375104866,58.49599177972176,60.44613973780068,62.396396370876715,64.36654203997398,66.37637276505842,68.4456937918109,70.57449551149938,72.68348933012092,74.673567364918,76.44562310993055,77.94233380594868,79.27350786181489,80.59073703016112,82.04561346415613,83.72359626166185,85.44561147356373,86.99203936462649,88.2456106771792,89.10691297384878,89.44561046483966,89.15397229847099,88.2456106771792,86.77965679816224,84.87597468359195,82.66961166831283,80.29561528360912,77.86749269201496,75.41258902640931,72.93670987493866,70.44566279456957,67.94525883668736,65.44131521708859,62.93965994298949,60.44613973780068
53.451696361351736,55.52006316001345,57.529363102624785,59.49925381262281,61.44946373559901,63.39975991854274,65.36993103266022,67.3797781792905,69.44910978287135,71.57791821676244,73.6869161182394,75.67699655374234,77.44905368249607,78.94576517911398,80.2769397486332,81.59416929164234,83.04904602663677,84.72702906655397,86.44904444670233,87.99547244134303,89.24904381461145,90.11034614392247,90.44904364607746,90.15740547014842,89.24904381461145,87.78308986274195,85.87940760827337,83.67304433202685,81.29904747073788,78.87092403135955,76.41601886148536,73.9401370329528,71.44908518026456,68.94867271148206,66.4447139274797,63.943031694653996,61.44946373559901
54.45458244991076,56.52315660085313,58.53258243478729,60.50255117692227,62.45281028432008,64.40313785917559,66.37332916949484,68.38318935010912,70.45252934860264,72.5813431115906,74.69034425364353,76.68042659459218,78.4524848216236,79.94919695367858,81.28037193088471,82.59760177126418,84.05247874516209,85.73046197748144,87.45247749116716,88.99890556801773,90.25247698947626,91.11377934469485,91.45247685571076,91.16083867219362,90.25247698947626,88.78652297978363,86.88284061427771,84.67647713090118,82.30247989134608,79.87435577908062,77.41944941526633,74.94356546194409,72.45250982145025,69.95209059751934,67.44811977738753,64.94641614698136,62.45281028432008
55.45758138270865,57.52632013941863,59.53584590479147,61.505876585550524,63.45617473244522,65.40652722380902,67.37673456416404,69.38660508998075,71.45595175157025,73.58476974428459,75.6937734583916,77.68385731169616,79.45591641043211,80.95262904683422,82.28380434762187,83.60103442402442,85.05591158754021,86.73389497256932,88.45591059224368,90.00233873434428,91.25591019405135,92.1172125698327,92.45591008788156,92.16427189834181,91.25591019405135,89.78995613846445,87.8862736848281,85.67991003705234,83.30591249726717,80.87778785093053,78.42288053948451,75.94699489971293,73.45593625282737,70.95551166730493,68.45153129400617,65.94981068006143,63.45617473244522
56.56066989819668,58.629539321591224,60.63914440980078,62.609224254098294,64.5595533877934,66.50992565586374,68.48014571945542,70.4900244563419,72.55937640646533,74.6881977563279,76.79720351188013,78.78728856554403,80.55934835615297,82.05606139285591,83.38723695047048,84.70446721420473,86.15934452822034,87.83732803445528,89.55934373825292,91.10577193214252,92.35934342220746,93.22064581430952,93.55934333794045,93.2677051436205,92.35934342220746,90.89338933019425,88.98970680660878,86.78334302834924,84.4093452502712,81.98122018004183,79.52631211645948,77.05042513815047,74.55936410508492,72.05893526404763,69.55494730834197,67.05321321438505,64.5595533877934
57.56382952695519,59.63280267253781,61.64247072386168,63.61258959106212,65.56294331970966,67.51333128485265,69.48356144700296,71.49344670106841,73.56280284872358,75.69162686316419,77.80063423901545,79.79072024540625,81.56278058515552,83.05949393957758,84.39066970103588,85.70790011345544,87.16277754692288,88.84076114935894,90.56277691992531,92.1092051549198,93.36277666907986,94.22407907413566,94.56277660219709,94.27113840408308,93.36277666907986,91.89682254815506,89.99313996905089,87.7867760872263,85.41277812001508,82.98465271334169,80.52974405278802,78.05385601208013,75.56279308509889,73.06236086644662,70.55836689254703,68.05662209939112,65.56294331970966
58.6670456055636,60.73610108304439,62.74581911108369,64.71596895190196,66.66634220202518,68.61674262612583,70.58698080358238,72.59687123036686,74.66623070961757,76.79505683893996,78.90406550082523,80.8941522633965,82.66621303899899,84.16292664559498,85.49410256884421,86.8113330992754,88.26621062755183,89.94419430634281,91.6662101299035,93.21263839752305,94.46620993080734,95.32751234614454,95.66620987772245,95.37457167659713,94.46620993080734,93.00025578693543,91.09657316376604,88.8902091997418,86.51621108241545,84.08808540870625,81.63317627433587,79.15728739040074,76.66622296021556,74.16578806074185,71.66178931017737,69.16003602499464,66.66634220202518
59.770306492990215,61.83942732209425,63.849185018479744,65.81935944377989,67.76974818839145,69.72015850128858,71.6904030405451,73.7002975729387,75.76965969648626,77.89848750439454,80.0074971870068,81.99758454975932,83.76964567129892,85.26635947804556,86.59753552970838,87.91476615380545,89.36964375733186,91.04762749672574,92.7696433623481,94.31607165586213,95.56964320432536,96.43094562782294,96.76964316219185,96.47800495867642,95.56964320432536,94.10368904224029,92.20000638409633,89.99364235483017,87.61964411835736,85.19151823270163,82.73660872226256,80.2607191690571,77.76965354577682,75.26921651852953,72.7652139767103,70.26345395135925,67.76974818839145
60.873602948061446,62.94277564977736,64.95256483208462,66.92275877054517,68.87315981331844,70.82357797503113,72.79382756368139,74.80372535471122,76.87308957704353,79.0019187172482,81.11092921001274,83.10101704912972,84.87307844523986,86.3697924108462,87.70096856443095,89.01819926287074,90.47307692612307,92.15106071361753,93.87307661262425,95.41950492669075,96.67307648720151,97.53437891717597,97.87307645376012,97.58143824834768,96.67307648720151,95.20712231066068,93.30343962475735,91.09707554370868,88.72307721266921,86.29495115879136,83.84004134986631,81.36415126546038,78.87308469521906,76.37264597915407,73.86864042820557,71.36687505315282,68.87315981331844
61.97692763499413,64.04614150991566,66.05595568333035,68.02616510967644,69.9765759136194,71.92700030498682,73.89725390136226,75.90715427878106,77.97652016692302,80.10535036457325,82.21436150035655,84.20444971756439,85.97651133160139,87.47322542329478,88.80440165777503,90.12163241522066,91.5765101258775,93.25449395154942,94.97650987705333,96.52293820743233,97.77650977750523,98.63781221262039,98.97650975096278,98.68487154404465,97.77650977750523,96.31055558949083,94.40687288155489,92.2005087594064,89.82651035330935,87.39838416591351,84.9434741200799,82.46758361405969,79.97651629221437,77.47607623573228,74.97206829643096,72.47029867530043,69.9765759136194
63.18027473070613,65.249521286011,67.25935529533108,69.22957701459637,71.17999556605552,73.130424901932,75.10068167925286,77.11058410949478,79.17995131979265,81.30878235673876,83.41779400288661,85.40788252018551,87.17994430719118,88.67665849895997,90.00783479764704,91.32506560192564,92.77994335020747,94.45792720618084,96.17994315271557,97.72637149604185,98.97994307370422,99.84124551289955,100.17994305263744,99.88830484452428,98.97994307370422,97.51398887658323,95.61030615115999,93.40394199639053,91.02994353072023,88.60181723735109,86.14690700348302,83.67101616282727,81.17994824443312,78.67950712406017,76.17549728911867,73.67372429786344,71.17999556605552
64.88339022581859,66.97631617399297,69.0222879762749,71.04056135589613,73.04971646780655,75.06682041872463,77.10667963515294,79.18144622593181,81.30093379518598,83.45836062260226,85.586145368682,87.60357338486969,89.43269498680827,91.03630239986066,92.51827995959276,94.00877788044599,95.6230330299426,97.40904287613242,99.20088236283587,100.82050280482039,102.23087359335611,103.38312521873364,103.92659335749809,103.49323914580539,102.23087359335611,100.39845112328712,98.1839344962859,95.7411523077328,93.20609237948949,90.68212543921757,88.17375156984332,85.66937515654789,83.16272376707576,80.64975013014552,78.1274109045489,75.59385330911189,73.04971646780655
63.65543552481441,65.72467841313005,67.73451019672163,69.7047305366392,71.65514821877701,73.60557699984838,75.57583342024739,77.5857356201499,79.6551026820938,81.7839336248658,83.89294521374765,85.88303369737451,87.65509546497205,89.15180964551178,90.48298593699445,91.80021673601811,93.25509448007818,94.93307833265155,96.6550942768265,98.20152261870001,99.45509419551078,100.31639663424829,100.65509417382961,100.36345596585053,99.45509419551078,97.9891399994116,96.08545727595056,93.87909312484138,91.50509466585555,89.07696838437727,86.6220581716078,84.14616736850019,81.65509951704243,79.15465851604452,76.65064889380547,74.14887628069908,71.65514821877701
62.248769424485744,64.3179363056486,66.32772195499481,68.29791370394108,70.24831336677832,72.19873064780319,74.16897966987958,76.17887709527017,78.2482410821059,80.37707007281878,82.48608047467928,84.4761682603453,86.24822962564693,87.74494357342824,89.07611971557674,90.39335040567482,91.84822806222554,93.52621184432283,95.24822773958363,96.79465605134402,98.04822761050296,98.90953003975069,99.24822757608626,98.95658937088669,98.04822761050296,96.58227343558414,94.6785907527956,92.47222667755725,90.09822835712873,87.67010232212643,85.21519254669332,82.73930252189129,80.24823605790476,77.7477975313355,75.24379231802988,72.74202754324722,70.24831336677832
61.24168467158046,63.31912938075378,65.34145467621772,67.3283553148144,69.2993068785353,71.27325368347292,73.2683054317906,75.3015433184687,77.38909416862253,79.5283599105303,81.64424556346466,83.64437740646176,85.43752837980921,86.97422089872626,88.36284857206964,89.74762087620053,91.26608340225481,92.9879647469152,94.73869970644792,96.31552478238885,97.6352257730831,98.62290762618915,99.05343180947112,98.69798857653633,97.6352257730831,96.01686464772445,93.98975932480806,91.69306351506911,89.25925690144248,86.79620060565722,84.32201715258424,81.83591878996566,79.33928383167742,76.83437345447325,74.32384120080486,71.81079956637865,69.2993068785353
60.4358597078497,62.5047144688136,64.51431065620324,66.48438498392981,68.43471064066847,70.3850806896523,72.35529932561148,74.3651771411628,76.43452849787936,78.56334947104904,80.67235499753858,82.6624399165148,84.43449962949138,85.9312126212781,87.26238815007517,88.57961839278965,90.03449568991829,91.71247918255317,93.43449487691171,94.98092306499024,96.23449455164885,97.09579694191962,97.43449446492423,97.14285627114063,96.23449455164885,94.7685404637229,92.86485794798611,90.65849418436767,88.28449643302754,85.8563714103615,83.40146343117341,80.92557660305647,78.43451583773502,75.934087474193,73.43010036928163,70.92836778787114,68.43471064066847
44.33701078902088,46.39836260102237,48.40339778448774,50.37064287160065,52.31918437962331,54.26841535318778,56.237901015332156,58.24730573399893,60.316352354543014,62.44497987099811,64.55386775441269,66.54388349839573,68.3159033392275,69.81259326179912,71.14375398967466,72.46097343644234,73.91584206022898,75.59381856773115,77.31582941402968,78.86225461748488,80.11582435460386,80.97712580430345,81.31582300561132,81.0241850873125,80.11582435460386,78.64987236594351,76.746193881409,74.53983763762025,72.16585361915514,69.73775302542526,67.28288839151651,64.80707870165435,62.31615544558068,59.8159723054539,57.31242210177291,54.811466136846505,52.31918437962331
45.336080662935395,47.39908190729266,49.40512085904027,51.37298900786695,53.32192358787441,55.27140558094743,57.24105279661285,59.250561801053294,61.31967559994324,63.44834576536606,65.55725958479329,67.54729057959815,69.31931921101886,70.81601421967588,72.1471782107316,73.46440003770249,74.9192705737209,76.59724862125358,78.31926053641777,79.86568639790187,81.11925652074729,81.98055817781758,82.31925545005096,82.02761747101512,81.11925652074729,79.65330406925534,77.74962469594968,75.54326679424338,73.16927974805935,70.74117376844345,68.28629957819089,65.81047288182367,63.319519309965955,60.81928210885883,58.31563559356391,55.81450844797756,53.32192358787441
46.33604758984964,48.400359904983425,50.40719627652342,52.37555923556256,54.3248059118045,56.274487185989855,58.24426264595978,60.25385442991626,62.32302155145848,64.45172556863022,66.56065997394731,68.55070307350684,70.32273868208551,71.81943772759598,73.15060430865105,74.46782802479663,75.92270007855804,77.60067934841581,79.32269211194017,80.86911849570257,82.12268892469942,82.98399074636002,83.32268807488703,83.03105004764419,82.12268892469942,80.65673610585759,78.75305602713317,76.54669680953506,74.17270736024328,71.74459710582938,69.28971533064734,66.8138751360373,64.32289750198625,61.82261739094068,59.31889442764685,56.81763139874063,54.3248059118045
47.336727660784234,49.40208178256981,51.409551526045085,53.37830739639742,55.327801855936684,57.277641329135065,59.24751858876829,61.257176079811344,63.32638552556401,65.45511641166837,67.56406715630875,69.55411986352502,71.32616100991734,72.8228632594962,74.15403189624232,75.47125711183077,76.92613037022782,78.60411061024695,80.32612404711583,81.87255084541101,83.12612151740055,83.98742346969661,84.3261208429039,84.03448277739912,83.12612151740055,81.6601684069928,79.75648776837676,77.55012750635348,75.17613614971026,72.74802250237597,70.29313470699717,67.81728379871709,65.3262870661506,62.82597289638706,60.32218925286139,57.8208183624933,55.327801855936684
48.337974482180556,50.40415624934865,52.412128990171595,54.3811968280223,56.33088799889205,58.2808530533122,60.250811119010024,62.260520764915356,64.32976380467183,66.45851601715462,68.56747973050827,70.55754006339393,72.32958560517682,73.8262903978363,75.15746066619005,76.47468707188952,77.92956128640797,79.60754229644549,81.32955626774864,82.87598339505888,84.12955425991188,84.99085631589341,85.32955372456351,85.03791562869019,84.12955425991188,82.66360091808804,80.7599198350855,78.55355874410068,76.17956587358938,73.75144953328547,71.29655695965172,68.82069754785834,66.32968565657598,63.8293444537114,61.32551264610238,58.82405613923112,56.33088799889205
49.33967159292479,51.4065107438723,53.414882896604794,55.384198414811266,57.33404574430104,59.284110484311185,61.25413269062483,63.26388373383304,65.33315343795915,67.46192257750994,69.57089658425386,71.56096296967971,73.33301200010212,74.82971881121225,76.1608903745767,77.47811772486943,78.93299269826286,80.61097431946487,82.33298871494904,83.87941610339882,85.13298712132772,85.99428925960446,86.33298669642137,86.04134857644455,85.13298712132772,83.6670335958287,81.76335216011623,79.55699041118376,77.18299633911317,74.75487786139345,72.2999814952427,69.82411533416365,67.33309141126557,64.83272875178695,62.32885871496424,59.82733424994255,57.33404574430104
50.34172638824537,52.4090876084895,54.41777688979941,56.387289037150225,58.33726032792438,60.28740419581666,62.25747731359486,64.26726121509975,66.33655208324845,68.46533465801747,70.57431683470361,72.5643880240604,74.33643982342775,75.83314823658714,77.16432082780408,78.48154892782202,79.93642450353545,81.61440660981937,83.33642134197635,84.88284893769278,86.13642007711815,86.99772228071265,87.33641973986971,87.0447816007619,86.13642007711815,84.67046640583601,82.76678469017739,80.56042241903123,78.18642739328152,75.75830721909101,73.30340784280892,70.82753632479137,68.3365028523086,65.8361231624348,63.332222782211204,60.83064437606902,58.33726032792438
51.444065260692675,53.511841038923535,55.52078209791871,57.49045033835486,59.4405200286737,61.390726705055414,63.36084023319498,65.37065021512566,67.43995788148419,69.5687511199161,71.67773978113561,73.66781478339175,75.43986878047843,76.93657846518758,78.26775187221271,79.58498056728851,81.03985662106405,82.71783911235792,84.43985411173242,85.98628187195655,87.2398531078137,88.10115536325094,88.43985284013942,88.14821468584732,87.2398531078137,85.77389932082343,83.8702173829713,81.66385469734368,79.2898589146578,76.86173739397583,74.40683562854554,71.93095985870612,69.43991880665942,66.93952559958231,64.43560113524754,61.93397991430814,59.4405200286737
52.44662972049311,54.51473465421131,56.523875595019874,58.493667744534235,60.44381554181126,62.39407207225227,64.36421767531718,66.37404835778591,68.44336935709023,70.57217105935456,72.68116486738055,74.67124289594747,76.44329863736905,77.94000933130951,79.27118338584276,80.58841255321667,82.04328898643055,83.72127178330717,85.44328699477241,86.98971488556637,88.24328619796151,89.1045884945464,89.44328598550828,89.15164781916445,88.24328619796151,86.77733231913363,84.87365020492639,82.66728719032452,80.29329080685761,77.86516821746355,75.4102645557617,72.93438541123835,70.44333834325406,67.94293440745868,65.4389908272133,62.93733562307489,60.44381554181126
53.44937330170873,55.51773956231888,57.52703917824641,59.496929685748896,61.44713948108827,63.39743558256717,65.36760664427335,67.37745375707897,69.44678533887398,71.57559375893541,73.68459165200265,75.6746720825607,77.44672920846429,78.94344070343314,80.27461527189436,81.5918448141318,83.04672154850623,84.72470458792412,86.4467199677259,87.99314796215327,89.24671933529665,90.10802166454044,90.44671916667241,90.15508099076307,89.24671933529665,87.7807653835772,85.8770831293968,83.67071985368779,81.29672299338047,78.86859955574837,76.4136943889726,73.93781256595415,71.44676072309576,68.94634827184373,66.44238951907656,63.94070734177993,61.44713948108827
54.45225909745517,56.520832821258466,58.53025839587045,60.50022697727165,62.450485983358845,64.40081349355357,66.37100476227309,68.38086491604034,70.45020489724229,72.57901864925358,74.6880197846317,76.67810212165557,78.45016034642482,79.94687247717094,81.27804745353735,82.59527729330432,84.05015426671014,85.72813749863317,87.45015301204383,88.99658108872508,90.25015251008439,91.11145486524954,91.45015237624722,91.15851419274574,90.25015251008439,88.78419850051083,86.88051613523363,84.67415265228374,82.30015541350778,79.87203130262829,77.41712494127322,74.94124099232755,72.45018535963567,69.94976614961878,67.4457953542786,64.94409176794667,62.450485983358845
55.455257797795014,57.52399621542949,59.533521774957336,61.50355232813375,63.45385039461489,65.40420283465605,67.37441014199278,69.38428064650077,71.45362729436587,73.582445278368,75.69144898717718,77.68153283736663,79.4535919343071,80.95030456967035,82.28147986979153,83.59870994570792,85.05358710883313,86.7315704935477,88.45358611300377,90.00001425496993,91.25358571459824,92.11488809033723,92.45358560837164,92.16194741884425,91.25358571459824,89.78763165910587,87.88394920565108,85.67758555821393,83.30358801904714,80.87546337381056,78.42055606431643,75.94467042801853,73.45361178732543,70.95318721284659,68.44920685922514,65.94748628026261,63.45385039461489
56.55834612874784,58.62721528298336,60.6368202078005,62.60689995083045,64.55722902069922,66.50760124803391,68.47782128541863,70.4877000053922,72.5570519446225,74.68587328757017,76.79487903891753,78.78496409010894,80.5570238792928,82.05373691517121,83.38491247225679,84.70214273560518,86.1570200493108,87.83500355529608,89.55701925892046,91.10344745270336,92.35701894270579,93.21832133477423,93.55701885839366,93.26538066408355,92.35701894270579,90.8910648507676,88.98738232732623,86.78101854933544,84.40702077174822,81.97889570239198,79.52398764035883,77.0481006648069,74.5570396366563,72.05661080438435,69.5526228642967,67.05088879810548,64.55722902069922
57.5615056110198,59.63047854294892,61.6401464645799,63.610265251400946,65.56061892938821,67.51100686219876,69.48123700354836,71.49112224418998,73.56047838319923,75.68930239215146,77.79830976466529,79.78839576909367,81.56045610771186,83.0571694614795,84.38834522251794,85.70557563463124,87.16045306785263,88.83843667009053,90.56045244051936,92.10688067542921,93.36045218953961,94.22175459456875,94.56045212262103,94.26881392451484,93.36045218953961,91.89449806867441,89.99081548968459,87.78445160807334,85.41045364125165,82.98232823527127,80.52741957594718,78.05153153742758,75.56046861434737,73.0600364026522,70.55604244114863,68.05429767003059,65.56061892938821
58.664721573348615,60.73377688123877,62.74349480633552,64.71364458335461,66.66401779326789,68.61441819170595,70.58465635265281,72.59454676878275,74.66390624117113,76.79273236613741,78.90174102537374,80.89182778638744,82.6638885610922,84.16060216716878,85.49177809008478,86.80900862027289,88.26388614835403,89.94186982698771,91.66388565043928,93.21031391799161,94.46388545123651,95.32518786655257,95.6638853981232,95.37224719700407,94.46388545123651,92.99793130741186,91.09424868433324,88.88788472047833,86.51388660346117,84.08576093030199,81.63085179690755,79.15496291470927,76.66389848762034,74.16346359366847,71.65946485294278,69.15771158525163,66.66401779326789
59.767982368475785,61.837103062966975,63.84686067764363,65.81703505230504,67.76742376500144,69.71783405752996,71.68807858368265,73.69797310761965,75.76733522572061,77.89616303017142,80.00517271068122,81.99526007219751,83.76732119302457,85.26403499935893,86.59521105075726,87.91244167466144,89.36731927803282,91.04530301730188,92.7673188828376,94.31374717629829,95.56731872473026,96.42862114821102,96.76731868257419,96.47568047906368,95.56731872473026,94.1013645626827,92.19768190461079,89.99131787547904,87.6173196392516,85.18919375403242,82.73428424436796,80.25839469254103,77.76732907171825,75.26689204885366,72.7628895148435,70.26112950337561,67.76742376500144
60.871278750283665,62.940451345151814,64.95024046260468,66.92043436087243,68.8708353783143,70.82125352386026,72.79150310210997,74.80140088642779,76.8707651044371,78.99959424189758,81.10860473299338,83.09869257112916,84.87075396667376,86.36746793195289,87.69864408532771,89.01587478361438,90.47075244674367,92.14873623413905,93.87075213307699,95.4171804471012,96.67075200758714,97.53205443754824,97.87075197412783,97.5791137687193,96.67075200758714,95.20479783107606,93.30111514522991,91.09475106428792,88.7207527334432,86.29262667991186,83.83771687160163,81.36182678828985,78.87076021999903,76.37032150741263,73.86631596266218,71.36455059862857,68.8708353783143
61.97460337906389,64.04381716917688,66.05363129111528,68.02384068555982,69.97425146939702,71.9246758479328,73.89492943605332,75.90482980814477,77.97419569285555,80.10302588832772,82.21203702278652,84.2021252392156,85.97418685280371,87.4709009442374,88.80207717855103,90.11930793587513,91.57418564643433,93.2521694720276,94.97418539747693,96.52061372782234,97.77418529787553,98.6354877329801,98.97418527131889,98.68254706440388,97.77418529787553,96.30823110988476,94.4045484019942,92.19818427993039,89.82418587398791,87.39605968686709,84.94114964152148,82.4652591363697,79.9741918160725,77.47375176235133,74.96974382796947,72.46797421558483,69.97425146939702
63.1779504286182,65.2471969166083,67.25703088507082,69.2272525790155,71.17767111451658,73.12810044020853,75.09835721097744,77.10825963699101,79.17762684456557,81.30645787978294,83.41546952487957,85.40555804156031,87.17761982820973,88.67433401977239,90.00551031832723,91.32274112250937,92.77761887071367,94.45560272662465,96.17761867311606,97.72404701641565,98.97761859406238,99.8389210332493,100.17761857298436,99.88598036487363,98.97761859406238,97.51166439696014,95.60798167157294,93.4016175168707,91.02761905132309,88.59949275817222,86.14458252469146,83.66869168472496,81.17762376755957,78.67718264937795,76.17317281834103,73.67139983402744,71.17767111451658
64.88114869813536,66.97408091930649,69.02006226007488,71.03834821484912,73.04751851770376,75.06463946923273,77.10451615845678,79.17929878322599,81.29879857914983,83.45623231935306,85.58402157901622,87.6014561339951,89.43059125143265,91.03422351089868,92.51623509911406,94.00677068635989,95.62105918037774,97.40709094148473,99.1989443057328,100.8185790571842,102.22897970092228,103.38128394734059,103.92478706278214,103.49140882098803,102.22897970092228,100.39648573129566,98.18190354547735,95.7390682547082,93.20397045840417,90.67998030883527,88.1715932681922,85.66720977092636,83.16055448674607,80.64757770802797,78.12523387139319,75.59166823386309,73.04751851770376
63.650090286597106,65.71933301553776,67.72916470239446,69.69938498236262,71.64980262671787,73.6002313836762,75.57048778856263,77.5803899784541,79.64975703395021,81.7785879726292,83.88759955902214,85.87768804118552,87.64974980793954,89.14646398799123,90.47764027916081,91.79487107795606,93.24974882183264,94.92773267425825,96.64974861833062,98.19617696014099,99.44974853691475,100.31105097563238,100.6497485152069,100.35811030723364,99.44974853691475,97.98379434086,96.08011161748423,93.87374746653416,91.49974900783883,89.07162272687734,86.61671251502486,84.14082171354917,81.64975386500062,79.14931286919101,76.64530325619648,74.14353065952525,71.64980262671787
62.24342443323346,64.3125910614232,66.3223765572196,68.29256821100492,70.24296781386718,72.19338505661547,74.16363405406734,76.17353146356646,78.24289544016702,80.37172442438265,82.48073482229228,84.47082260563516,86.24288396959781,87.73959791660444,89.07077405825589,90.38800474799143,91.84288240425087,93.52086618611358,95.24288208121156,96.78931039287173,98.04288195197194,98.90418438118806,99.24288191751286,98.95124371232251,98.04288195197194,96.57692777712361,94.67324509447042,92.46688101948463,90.09288269951726,87.66475666533535,85.20984689135784,82.73395686914634,80.24289040977789,77.74245189144449,75.23844669281357,72.73668194411994,70.24296781386718
61.23643642540213,63.31388887525918,65.33622604743755,67.32314254342647,69.29411357242083,71.26808257341705,73.26315760102028,75.29641727893647,77.3839850293931,79.52326043734759,81.63915244539055,83.63929355707583,85.4324639249478,86.9691929527389,88.35787250636356,89.74270493053909,91.26122320588226,92.98314256465619,94.73390218683238,96.31075318900005,97.6305099599525,98.61829607841042,99.04889413813467,98.69339973869664,97.6305099599525,96.01201898926762,93.98480512083762,91.68802788807778,89.25416642454022,86.79107774331808,84.31687630957055,81.8307683924375,79.33412821526645,76.82921364557612,74.31867526690067,71.80562302908075,69.29411357242083
60.43051573070349,62.4993698544112,64.50896565495373,66.47903974291889,68.42936524854179,70.37973520107941,72.34995377499064,74.3598315504988,76.42918288142457,78.55800383822239,80.66700935475636,82.65709426787876,84.42915397748126,85.92586696731584,87.25704249486041,88.57427273666136,90.02915003305603,91.70713352509983,93.4291492190481,94.9755774068741,96.22914889338463,97.09045128357585,97.42914880655321,97.13751061279294,96.22914889338463,94.76319480563635,92.8595122902407,90.6531485272586,88.27915077708053,85.85102575648168,83.39611778096156,80.92023095937233,78.4291702056876,75.92874186289853,73.42475479496454,70.92302227929251,68.42936524854179
44.33526523579332,46.39661382050515,48.401647039390035,50.36889090681448,52.31743164528001,54.266662127361485,56.236147473177496,58.245551987642244,60.31459847664175,62.44322590958315,64.55211374221037,66.54212945632943,68.31414927994751,69.8108391925596,71.14199991404513,72.45921935615189,73.91408797619403,75.59206448068048,77.31407532488598,78.86050052705261,80.11407026341627,80.9753717127098,81.31406891387877,81.02243099569888,80.11407026341627,78.64811827566226,76.74443979286812,74.5380835523259,72.16409953978969,69.73599895660644,67.28113434141089,64.80532468485072,62.314401488140774,59.81421845387409,57.310668438783466,54.80971280904015,52.31743164528001
45.334333354680666,47.39733203335783,49.40336942422728,51.371236604362664,53.32017057332163,55.26965217620214,57.23929914075569,59.248807983103745,61.31792167757979,63.446591776715024,65.55550555583127,67.54553652693275,69.31756514469078,70.8142601454428,72.1454241314268,73.4626459546983,74.91751648774468,76.5954945328838,78.31750644638673,79.86393230684811,81.117502429094,81.978804085842,82.31750135796514,82.02586337902372,81.117502429094,79.65154997832143,77.7478706063971,75.5415127072676,73.16752566578933,70.73941969454435,68.28454551914459,65.80871884920953,63.31776532447003,60.81752820738785,58.313881841789026,55.81275496227511,53.32017057332163
46.33429888611478,48.398609162228695,50.40544429389607,52.373806483691084,54.323052674785515,56.272733639210486,58.24250889984637,60.252100555139236,62.32126759380375,64.44997155836128,66.55890593168292,68.54894901242878,70.32098461016332,71.81768364939958,73.14885022642918,74.46607393963856,75.92094599104104,77.59892525899903,79.32093802120485,80.8673644041555,82.12093483267654,82.98223665408133,83.32093398252084,83.02929595535292,82.12093483267654,80.65498201440565,78.75130193677762,76.5449427212247,74.1709532756679,71.74284302789803,69.28796126450473,66.81212109087414,64.3211434942216,61.82086344986902,59.31714060539652,56.81587778769571,54.323052674785515
47.3349778478684,49.4003303496179,51.40779910837321,53.376554367928094,55.32604844230596,57.27588766960679,59.245764771011835,61.25542215992772,63.32463153989755,65.45336238424093,67.56231310348609,69.55236579576982,71.32440693355507,72.82110917815405,74.15227781170515,75.46950302496313,76.92437628148792,78.60235651999918,80.32436995582154,81.87079675347246,83.1243674250843,83.98566937717733,84.32436675031518,84.03272868486987,83.1243674250843,81.6584143151297,79.75473367738388,77.54837341698388,75.17438206330512,72.7462684212442,70.29138063522217,67.81552974359366,65.32453304071086,62.82421892388305,60.32043537467062,57.81906465195124,55.32604844230596
48.336223787905084,50.40240426819938,52.41037622705082,54.37944357995494,56.32913444505917,58.27909930428473,60.24905724438628,62.258766809228945,64.32800979677182,66.45676197610821,68.5657256693054,70.55578599033905,72.32783152529043,73.82453631399738,75.15570657981522,76.472932983665,77.92780719669744,79.60578820553818,81.32780217601066,82.87422930280957,84.1278001673628,84.98910222318318,85.32779963179814,85.03616153597204,84.1278001673628,82.66184682589864,80.75816574358677,78.55180465389034,76.17781178573196,73.74969544961353,71.2948028834063,68.81894348482936,66.32793161710723,63.82759045625872,61.323758723509144,58.8223023497101,56.32913444505917
49.33792019848145,51.40475832737416,53.41312985920409,55.38244499240969,57.33229207917367,59.28235666424166,61.252378770862876,63.2621297497289,65.33139941241197,67.46016852565401,69.56914251639958,71.55920889241838,73.33125791741864,74.82796472539164,76.15913628674332,77.47636363556796,78.93123860778195,80.60922022803408,82.33123462285894,83.87766201090287,85.13123302859384,85.99253516674267,86.33123260351583,86.03959448357645,85.13123302859384,83.66527950338028,81.76159806821602,79.55523632030614,77.18124225010303,74.75312377570538,72.29822741544906,69.82236126485995,67.33133736066183,64.83097473453199,62.32710475712712,59.82558039773082,57.33229207917367
50.33997443767966,52.4073348463007,54.416023634641476,56.385535476354804,58.33550657445245,60.285650319356904,62.25572335800503,64.26550720843979,66.33479804369443,68.46358059758191,70.57256276157005,72.56263394346047,74.33468573852423,75.83139414919364,77.16256673881304,78.47979483766574,79.93467041244304,81.61265251797303,83.33466724960675,84.88109484500106,86.13466598423757,86.99596818773057,87.3346656468529,87.04302750777484,86.13466598423757,84.66871231318203,82.76503059795849,80.55866832762396,78.1846733033565,75.7565531318027,73.30165376019906,70.82578225050742,68.33474879286695,65.83436912946243,63.330468796399984,60.828890474096426,58.33550657445245
51.44231286848087,53.51008800226275,55.5190286698882,57.48869666770061,59.43876620507632,61.38897278383615,63.359086249167504,65.36889619056271,67.4382038308128,69.56699705267084,71.6759857038119,73.66606070014191,75.4381146938128,76.93482437654569,78.26599778230286,79.5832264764538,81.03810252948632,82.71608502018182,84.43810001914099,85.98452777910943,87.2380990148167,88.0994012701734,88.4380987470343,88.14646059276582,87.2380990148167,85.77214522800628,83.8684632904995,81.66210060551607,79.28810482400664,76.85998330541743,74.40508154370042,71.92920578046932,69.43816474020304,66.93777155413484,64.43384712723264,61.93222597283835,59.43876620507632
52.444876977588024,54.51298139964078,56.522122029756076,58.4919139866752,60.44206166255128,62.39231811550572,64.36246366871806,66.3722943190131,68.44161529759486,70.5704169867044,72.67941078673107,74.6694888105944,76.44154454930488,77.93825524167676,79.26942929520362,80.58665846184348,82.04153489446765,83.71951769086931,85.44153290200491,86.98796079259596,88.24153210487214,89.10283440139307,89.44153189233307,89.14989372600797,88.24153210487214,86.77557822618698,84.87189611225384,82.66553309816325,80.29153671563012,77.86341412789707,75.40851046914244,72.93263132986414,70.44158427123,67.94118035210957,65.43723680157493,62.935581650254875,60.44206166255128
53.447620280358294,55.51598613475471,57.52528550404517,59.495175858669185,61.44538555764635,63.39568159762156,65.3658526197587,67.37569970702761,69.44503127237495,71.57383968199534,73.6828375687135,75.67291799553831,77.44497511929009,78.94168661301396,80.27286118067639,81.59009072233121,83.0449674562376,84.72295049527851,86.44496587481868,87.99139386908496,89.24496524213393,90.10626757132695,90.44496507344157,90.15332689754709,89.24496524213393,87.77901129052776,85.87532903656489,83.66896576126172,81.29496890169551,78.86684546538179,76.41194030094525,73.93605848208978,71.44500664665264,68.9445942086356,66.44063547945015,63.93895334407641,61.44538555764635
54.45050585503952,56.51907925636485,58.52850463519587,60.49847309524756,62.4487320248481,64.39905948622572,66.36925072353861,68.3791108570371,70.44845082518441,72.57726456890862,74.68626569924744,76.67634803330824,78.44840625636957,79.94511838612755,81.27629336185998,82.59352320116452,84.04840017419883,85.72638340582272,87.44839891902569,88.99482699557907,90.24839841686344,91.10970077198832,91.44839828297224,91.15676009948257,90.24839841686344,88.7824444073798,86.87876204227527,84.67239855964746,82.29840132145975,79.87027721162664,77.41537085212823,74.93948690648674,72.44843127968514,69.94801208017293,67.44404130354974,64.94233775049261,62.4487320248481
55.45350437988009,57.522242541522104,59.53176794564277,61.50179840249784,63.452096408268986,65.402448809563,67.37265609197186,69.38252658039235,71.4518732178959,73.58069119532053,75.68969490013001,77.67977874796767,79.45183784355258,80.94855047813155,82.2797257777495,83.59695585329888,85.05183301612924,86.7298164006063,88.45183201989755,89.99826016176229,91.2518316213311,92.11313399703812,92.45183151506157,92.16019332554356,91.2518316213311,89.7858775659101,87.88219511259236,85.67583146541085,83.30183392671094,80.87370928230487,78.41880197428436,75.942916340609,73.45185770459102,70.9514331384498,68.44745279968416,65.94573224713224,63.452096408268986
56.556592571514045,58.625461522542025,60.635066324002494,62.605145990578265,64.55547501225993,66.50584720884034,68.47606722643953,70.48594593364435,72.55529786465064,74.68411920237773,76.7931249505505,78.78320999987534,80.55526978798328,82.05198282323917,83.38315837992536,84.70038864298245,86.15526595645404,87.83324946225082,89.5552651657444,91.10169335944676,92.35526484940198,93.21656724144503,93.5552647650558,93.2636265707531,92.35526484940198,90.88931075752045,88.98562823418783,86.77926445639996,84.40526667918331,81.97714161048623,79.52223354962271,77.04634657615229,74.55528555171234,72.054856726058,69.55086879776144,67.04913475253258,64.55547501225993
57.55975194319278,59.62872471381948,61.638392537535935,63.60851126367284,65.55886490341298,67.50925281181345,69.47948293745911,71.48936816796609,73.5587243004479,75.68754830525651,77.79655567525072,79.78664167819755,81.55870201596179,83.05541536923535,84.3865911299568,85.70382154183889,87.15869897487454,88.83668257696286,90.55869834728784,92.10512658213378,93.3586980962067,94.22000050121571,94.5586980292611,94.26705983116081,93.3586980962067,91.89274397538642,89.98906139648295,87.78269751503274,85.4086995485052,82.980574143048,80.52566548465225,78.04977744778472,75.55871452764968,73.05828232120692,70.55428836906202,68.05254361458194,65.55886490341298
58.66296781773376,60.73202299758772,62.74174084496573,64.71189057381822,66.66226375337413,68.61266413243766,70.58290228092018,72.59279268900619,74.66215215621374,76.79097827789124,78.89998693512773,80.89007369496554,82.6621344689925,84.15884807467692,85.49002399734132,86.80725452734592,88.26213205527965,89.94011573379458,91.66213155716375,93.20855982466534,94.4621313578805,95.32343377318055,95.66213130474573,95.37049310363128,94.4621313578805,92.99617721409152,91.09249459108143,88.88613062735433,86.51213251057061,84.0840068378267,81.62909770516907,79.15320882428205,76.66214439953069,74.16170950974771,71.65771077645002,69.15595752196451,66.66226375337413
59.76622854317742,61.83534913603968,63.84510668902844,65.81528102545904,67.76566971406038,69.71607999121113,71.68632450747083,73.69621902502334,75.76558113901227,77.89440894085276,80.00341861977526,81.99350598035826,83.76556710064735,85.26228090667047,86.5934569578691,87.91068758162763,89.365565184882,91.0435489240568,92.76556478952712,94.31199308294754,95.56556463135591,96.42686705482399,96.76556458918282,96.47392638567602,95.56556463135591,94.09961046933671,92.19592781131911,89.98956378228884,87.6155655462467,85.1874396613571,82.73253015227746,80.25664060149128,77.76557498252384,75.26513796296805,72.76113543485354,70.25937543386706,67.76566971406038
60.86952486967354,62.93869738387461,64.9484864523642,66.91868032028754,68.86908131860488,70.81949945194543,72.78974902234299,74.79964680159344,76.86901101633902,78.99784015172767,81.10685064156365,83.09693847895866,84.86899987407628,86.36571383910837,87.6968899923247,89.01412069049573,90.46899835353219,92.14698214085277,93.86899803973881,95.41542635373102,96.66899791419821,97.53030034414928,97.86899788072543,97.57735967531984,96.66899791419821,95.20304373770962,93.29936105190666,91.09299697104518,88.71899864034756,86.29087258707781,83.83596277923172,81.36007269674596,78.86900612992775,76.36856741996755,73.86456187989651,71.36279652418199,68.86908131860488
61.9728494545503,64.04206318063518,66.05187726371042,68.02208663407018,69.9724974027281,71.92292177157638,73.89317535346461,75.90307572153408,77.97244160365443,80.10127179748221,82.21028293094105,84.2003711467822,85.97243276003141,87.46914685126903,88.80032308545687,90.1175538426892,91.57243155317468,93.2504153787086,94.97243130411672,96.51885963443677,97.77243120447508,98.63373363957167,98.97243117790771,98.68079297099504,97.77243120447508,96.30647701650216,94.40279430864585,92.19643018664596,89.82243178082018,87.394305593907,84.93939554892978,82.46350504443367,79.97243772530524,77.4719976736685,74.96798974300066,72.46622013721897,69.9724974027281
63.17619646925682,65.24544290642616,67.25527684404236,69.22549851887071,71.17591704232389,73.1263463603268,75.09660312614913,77.10650554897043,79.17587275448896,81.30470378840117,83.41371543270414,85.40380394891828,87.17586573529869,88.67257992670571,90.00375622516069,91.32098702926999,92.77586477741582,94.45384863327966,96.17586457973837,97.72229292301785,98.97586450065276,99.83716693983337,100.1758644795662,99.88422627145738,98.97586450065276,97.50991030356471,95.60622757820468,93.39986342355314,91.0258649580982,88.59773866511212,86.14282843192377,83.66693759247765,81.17586967623991,78.67542855971273,76.17141873162365,73.6696457525508,71.17591704232389
64.87949346083326,66.97243315753552,69.01842586527434,71.03672680571694,73.04591521132197,75.06305642198103,77.102953932843,79.17775566452129,81.29727003025545,83.45471200798468,85.58250664618089,87.59994899297476,89.42910021579488,91.03276208253817,92.51481421888998,94.00539468837135,95.61972291408998,97.40578078757643,99.19765068724813,100.81730248864747,102.22773870491801,103.38010564810546,103.92365043653845,103.4902435641388,102.22773870491801,100.39515954253247,98.18049923973231,95.73760067282078,93.20245775222665,90.67843994559871,88.17003720943916,85.66564527053086,83.15898534519275,80.6460048225331,78.1236554911001,75.59008027008375,73.04591521132197
63.64833633124195,65.71757900784345,67.72741066293219,69.69763092321284,71.64804855516019,73.59847730419973,75.5687337039918,77.57863589059559,79.64800294397423,81.77683388130907,83.88584546688463,85.87593394856745,87.64799571504443,89.14470989493586,90.4758861860026,91.79311698472284,93.24799472853918,94.92597858091625,96.64799452495495,98.19442286674457,99.44799444350619,100.3092968822173,100.64799442178955,100.35635621381823,99.44799444350619,97.98204024746602,96.07835752411825,93.87199337322042,91.4979949146205,89.06986863382872,86.6149584222774,84.13906762133763,81.64799977374449,79.1475587796387,76.64354916968009,74.14177657840624,71.64804855516019
62.24167055898222,64.310837104095,66.32062254946521,68.29081417199947,70.24121375516579,72.19163098534396,74.16187997470908,76.17177737898939,78.24114135222868,80.36997033431061,82.47898073092276,84.46906851350275,86.24112987702566,87.73784382377787,89.06901996526607,90.38625065488255,91.84112831104635,93.51911209283205,95.24112798787657,96.7875562995038,98.0411278585847,98.90243028779047,99.2411278241117,98.9494896189244,98.0411278585847,96.57517368375954,94.67149100115081,92.46512692624792,90.09112860643202,87.66300257251953,85.20809279902005,82.73220277765928,80.24113631980741,77.74069780417872,75.23669261036699,72.73492787024108,70.24121375516579
61.2347161756808,63.312171314815004,65.33451261320245,67.32143461834417,69.29241240989924,71.26638912212671,73.26147223723277,75.29473948563336,77.38231310738145,79.52159187337895,81.63748608921958,83.63763042088733,85.43080752647123,86.96754923743705,88.35624681401279,89.74110012322927,91.25963776491292,92.98157032894152,94.73233851828637,96.30919852648837,97.6289746736716,98.61679700959128,99.04742073022051,98.69190855821365,97.6289746736716,96.01043859846412,93.98318702305798,91.68638150440879,89.2525009859247,86.78940105379795,84.31519337340204,81.82908213693042,79.33244014666056,76.82752412045107,74.31698361387251,71.80392769229306,69.29241240989924
60.42876218948713,62.497616103918375,64.50721177741939,66.4772857866463,68.42761124264241,70.37798116350687,72.3481997170414,74.35807747939924,76.4274288018553,78.55624975327655,80.66525526654107,82.65534017774108,84.42739988623555,85.924112875429,87.25528840256229,88.5725186440632,90.02739594021683,91.70537943206652,93.42739512588008,94.97382331362311,96.22739480008507,97.08869719025012,97.42739471321855,97.13575651946591,96.22739480008507,94.7614407123951,92.85775819711147,90.6513944343383,88.27739668454188,85.84927166462195,83.39436369030638,80.91847687086084,78.42741612099763,75.92698778502393,73.42300072923335,70.92126823515004,68.42761124264241
44.33341911924415,46.39476428932416,48.399795429583335,50.36703800651458,52.3155779307487,54.26480789281547,56.23429290393946,58.24369720234769,60.312743552166125,62.44137089674565,64.55025867563714,66.5402743581585,68.31229416356362,69.80898406563796,71.14014478036259,72.45736421753787,73.91223283361805,75.59020933491377,77.31222017690467,78.85864537770797,80.11221511327244,80.97351656213633,81.31221376315835,81.0205758451043,80.11221511327244,78.64626312647732,76.74258464552466,74.53622840841746,72.1622444021543,69.73414383012995,67.27927923473396,64.80346961340905,62.31254647950908,59.81236355724795,57.30881374169584,54.807858466593856,52.3155779307487
45.33248538122672,47.395481345285845,49.40151708466638,51.36938323987627,53.318316562314024,55.26779775235045,57.2374444512144,59.24695312206016,61.316066706060795,63.4447367350603,65.5536504715254,67.54368141754736,69.31571002084962,70.8124050132378,72.14356899385561,73.46079081321295,74.91566134311476,76.59363938572139,78.31565129746659,79.86207715684586,81.11564727845746,81.97694893486445,82.31564620687095,82.0240082280294,81.11564727845746,79.64969482844597,77.74601545798319,75.53965756158007,73.16567052508077,70.73756456269265,68.28269040300793,65.8068637610395,63.31591028615357,60.81567325797421,58.31202705076174,55.81090045276643,53.318316562314024
46.33244943617336,48.39675755490099,50.40359137471931,52.371952750614014,54.321198428397054,56.27087906507926,58.240654114809246,60.25024563396923,62.31941258494474,64.44811649383371,66.55705083330241,68.5470938941424,70.31912948040329,71.81582851300112,73.14699508577158,74.46421879587432,75.91909084478091,77.59707011072888,79.31908287153958,80.86550925363136,82.11907968164894,82.98038150278308,83.31907883113001,83.02744080404136,82.11907968164894,80.65312686398215,78.74944678751416,76.54308757412517,74.16909813252016,71.74098789178002,69.28610614085983,66.81026598942663,64.31928843234365,61.8190084585558,59.31528573980252,56.81402314556814,54.321198428397054
47.33312722435759,49.39847801202613,51.405945728896754,53.374700342196036,55.324194009052974,57.27403297618129,59.24390991017259,61.253567191032545,63.32277650140067,65.4515073015587,67.56045799393438,69.55051067041865,71.3225517990972,72.81925403842723,74.15042266859784,75.46764787939004,76.92252113393387,78.60050137084974,80.3225148055648,81.86894160253402,83.12251227374631,83.98381422562451,84.32251159868886,84.03087353330649,83.12251227374631,81.65655916427116,79.75287852744607,77.54651826876356,75.17252691822137,72.74441328173995,70.28952550561789,67.81367463160763,65.3226779601317,62.822363899312705,60.318580449888685,57.81720990455045,55.324194009052974
48.3343722318709,50.4005513505865,52.40852248207143,54.37758932187671,56.32727986346495,58.27724451616436,60.247202323378445,62.25691180245251,64.32615473475067,66.45490687901642,68.563870550887,70.5539308593805,72.32597638710388,73.82268117162883,75.1538514347636,76.47107783665626,77.9259520481164,79.60393305569085,81.32594702528452,82.87237415154236,84.12594501577846,84.98724707142833,85.32594447998497,85.0343063842088,84.12594501577846,82.65999167469481,80.75631059311374,78.54994950478051,76.1759566391116,73.74784030742164,71.29294774907208,68.81708836447882,66.32607652168468,63.82573540529137,61.321903751747016,58.8204475187454,56.32727986346495
49.33606790163374,51.40290494913957,53.4112758240222,55.3805905498767,57.33043737982402,59.28050180095505,61.250523802096424,63.26027471288502,65.32954433171915,67.45831341712518,69.56728739094365,71.55735375700928,73.32940277627262,74.82610958092636,76.15728114014846,77.47450848741977,78.92938345838579,80.60736507763288,82.3293794717602,83.87580685937468,85.12937787681395,85.99068001482746,86.32937745155434,86.03773933165459,85.12937787681395,83.66342435190245,81.75974291731819,79.55338117049027,77.17938710226309,74.75126863138031,72.29637227736063,69.82050613787047,67.3294822534579,64.82911966261278,62.32524974807514,59.82372550043607,57.33043737982402
50.33812155242573,52.40548110230735,54.414169369061,56.38368088739384,58.33365178162961,60.28379539640649,62.25386835133078,64.26365214773065,66.33294294818167,68.4617254799754,70.57070763052836,72.56077880451889,74.33283059502926,75.82953900306418,77.16071159099332,78.47793968861312,79.93281526239994,81.61079736713222,83.33281209821232,84.87923969326576,86.13281083230247,86.99411303568806,87.33281049477367,87.04117235572704,86.13281083230247,84.66685716148666,82.7631754467235,80.55681317724773,78.18281815454853,75.75469798578453,73.29979861913091,70.82392711824852,68.33289367631198,65.83251404091338,63.32861375774992,60.82703552415208,58.33365178162961
51.44045951594247,53.508233967863745,55.517174221399515,57.48684196250326,59.43691133805707,61.387117813527766,63.35723121240471,65.36704111091129,67.43634872353724,69.5651419278593,71.67413056833678,73.66420555839662,75.43625954845348,76.93296922909536,78.26414263351099,79.58137132668338,81.03624737892973,82.71422986899208,84.43624486751185,85.98267262720975,87.23624386275844,88.09754611802987,88.43624359486164,88.14460544061811,87.23624386275844,85.7702900761383,83.8666081389969,81.66024545469509,79.2862496744304,76.85812815805542,74.40322640026727,71.9273506440281,69.43630961622611,66.93591645238648,64.4319920650899,61.93037098110386,59.43691133805707
52.44302325399789,54.51112713468184,56.52026743606734,58.49005918921057,60.440206736638046,62.3904631076076,64.3606086080733,66.37043922432689,68.43976018098306,70.56856185617417,72.67755564773711,74.6676336666238,76.4396894024658,77.93640009317807,79.26757414564011,80.58480331150332,82.03967974350347,83.71766253940264,85.43967775018947,86.98610564056578,88.23967695271608,89.10097924916938,89.43967674008626,89.14803857378095,88.23967695271608,86.77372307418196,84.87004096053886,82.66367794698925,80.28968156544406,77.86155897946848,75.40665532383218,72.93077619010342,70.43972914136222,67.93932523988477,65.43538172078561,62.933726625350204,60.440206736638046
53.4457662621584,55.51413168675944,57.523430795094896,59.49332098796543,61.44353058498628,63.39382655988737,65.36399754015837,67.37384460040809,69.4431761483529,71.57198454692616,73.68098242692662,75.67106284980144,77.44311997127652,78.93983146368313,80.27100603050046,81.58823557153883,83.04311230494996,84.72109534359203,86.44311072285535,87.98953871695122,89.2431100899003,90.10441241903962,90.44310992113587,90.15147174525711,89.2431100899003,87.77715613841397,85.87347388468132,83.66711060980751,81.29311375102544,78.86499031610663,76.4100851541451,73.9342033396943,71.44315151210925,68.94273908809555,66.43878038386077,63.937098292843686,61.44353058498628
54.44865160294107,56.51722466306779,58.52664983475225,60.496618166409775,62.44687701508337,64.39720442480993,66.36739562889295,68.37725574094603,70.44659569528082,72.57540943023687,74.68441055524383,76.67449288616952,78.44655110742383,79.94326323613632,81.27443821119796,82.59166805001323,84.04654502265446,85.72452825396175,87.44654376694501,88.99297184336316,90.24654326456823,91.10784561965049,91.4465431306198,91.15490494714263,90.24654326456823,88.78058925517973,86.87690689025789,84.6705434079709,82.29654617040555,79.86842206167957,77.41351570414558,74.93763176200008,72.44657614143071,69.94615695303301,67.44218619621338,64.94048267836277,62.44687701508337
55.45164994209421,57.52038783288273,59.5299130725744,61.49994342751643,63.4502413690532,65.40059372935067,67.37080098538453,69.38067145678362,71.45001808332408,73.57883605378939,75.68783975436699,77.67792359971628,79.44998269386696,80.94669532761611,82.27787062670168,83.59510070186272,85.04997786438108,86.7279612486069,88.44997686772376,89.99640500948112,91.24997646898703,92.1112788446602,92.44997636267207,92.15833817316397,91.24997646898703,89.78402241364151,87.88033996046876,85.67397631355777,83.29997877535183,80.8718541318245,78.41694682536317,75.94106119446258,73.45000256339112,70.94957800607153,68.44559768302412,65.943877158416,63.4502413690532
56.55473798632147,58.6236067223452,60.63321139328778,62.603290978971,64.55361994966816,66.50399211370892,68.47421211037398,70.48409080406881,72.55344272637365,74.68226405857709,76.791269803391,78.78135485074081,80.5534146377104,82.05012767230768,83.38130322857131,84.69853349132016,86.15341080454414,87.83139431014149,89.55341001349665,91.0998382071138,92.35340969701907,93.21471208903529,93.55340961263687,93.26177141834205,92.35340969701907,90.88745560519749,88.98377308197993,86.77740930440677,84.4034115275822,81.97528645958256,79.52037839995656,77.04449142868847,74.5534304081746,72.05300158952201,69.54901367370111,67.0472796506515,64.55361994966816
57.55789724098676,59.62686984094702,61.63653756106474,63.6066562229946,65.55700982226729,67.50739770484059,69.47762781387064,71.48751303365461,73.5568691592301,75.68569315965462,77.79470052698284,79.7847865283621,81.55684686522284,83.05356021797364,84.38473597835971,85.70196638999717,87.15684382283627,88.83482742476629,90.55684319498144,92.10327142975973,93.35684294379303,94.2181453487807,94.55684287681879,94.26520467872476,93.35684294379303,91.89088882302032,89.98720624420818,87.78084236292838,85.40684439671199,82.97871899180836,80.52381033439485,78.04792229927531,75.55685938225639,73.05642718137095,70.55243323912804,68.0506885022518,65.55700982226729
58.661113022643605,60.730168067028515,62.739885832176,64.71003551006568,66.66040865750189,68.61080901606611,70.5810471513607,72.59093755093585,74.6602970126618,76.78912313085961,78.89813178598015,80.88821854457376,82.6602793178836,84.15699292315313,85.48816884555134,86.80539937536174,88.26027690313948,89.9382605815288,91.66027640481076,93.20670467225867,94.46027620544236,95.32157862072552,95.6602761522849,95.36863795117542,94.46027620544236,92.99432206169115,91.09063943875356,88.88427547516173,86.51027735862499,84.08215168632043,81.62724255444239,79.15135367494275,76.66028925266467,74.15985436729255,71.65585564185407,69.15410240134088,66.66040865750189
59.76437367435844,61.833494159691924,63.84325164741165,65.81342594339199,67.7638146064995,69.7142248673798,71.68446937317216,73.69436388396957,75.76372599360772,77.89255379268637,80.00156346992944,81.99165082952491,83.76371194924482,85.26042575493864,86.59160180592596,87.9088324295304,89.36371003266095,91.04169377173605,92.76370963713717,94.31013793051498,95.56370947889835,96.42501190235302,96.76370943670726,96.4720712332044,95.56370947889835,94.0977553169091,92.19407265894912,89.98770863002618,87.61371039418006,85.18558450963917,82.7306750011783,80.25478545149329,77.7637198344889,75.26328281843402,72.75928029655739,70.25752030666078,67.7638146064995
60.86766994233177,62.93684237118285,64.9466313878667,66.91682522368401,68.86722620176664,70.81764432219319,72.7878938842828,74.79779165817166,76.86715586946406,78.99598500266066,81.10499549116363,83.09508332777486,84.86714472244071,86.36385868721143,87.69503484026006,89.0122655383088,90.46714320124696,92.14512698848839,93.86714288731952,95.41357120127792,96.6671427617253,97.5284451916657,97.86714272823818,97.57550452283573,96.6671427617253,95.2011885852605,93.2975058995032,91.09114181872691,88.71714348818487,86.28901743519191,83.83410762783694,81.35821754622519,78.86715098096505,76.36671227378352,73.86270673866349,71.36094139175107,68.86722620176664
61.97099448075636,64.04020813909614,66.0500221810521,68.02023152592889,69.97064227852633,71.92106663712471,73.89132021241889,75.90122057623287,77.97058645561238,80.09941664770031,82.2084277801012,84.19851599532021,85.97057760821087,87.46729169924106,88.79846793329578,90.11569869043103,91.5705764008385,93.2485602263096,94.97057615167412,96.51700448196733,97.77057605198993,98.63187848707807,98.97057602541122,98.678937818501,97.77057605198993,96.30462186403588,94.40093915621586,92.19457503428356,89.82057662858128,87.39245044188779,84.93754039730037,82.46164989349793,79.97058257560616,77.47014252617487,74.96613459943666,72.4643650006412,69.97064227852633
63.17434145859211,65.24358784199039,67.25342174696952,69.22364340157175,71.17406191227761,73.12449122214517,75.09474798273375,77.10465040217744,79.1740176055206,81.30284863805188,83.41186028151513,85.4019487972355,87.17401058333135,88.67072477457373,90.00190107292305,91.3191318769553,92.77400962503921,94.45199348085322,96.1740094272773,97.72043777053547,98.9740093481579,99.83531178733179,100.17400932706235,99.88237111895549,98.9740093481579,97.50805515108482,95.60437242575358,93.39800827115573,91.02400980579878,88.59588351298709,86.14097328010811,83.66508244121258,81.17401452595635,78.67357341117965,76.1695635862095,73.66779061268164,71.17406191227761
64.87770303695733,66.97064762836082,69.01664777874461,71.03495853116397,73.04415878960343,75.06131326489664,77.1012244085871,79.17603865029149,81.29556255537804,83.45300992647338,85.58080808615446,87.59825553446746,89.4274173018839,91.03109855308244,92.51317723672616,94.00378709060152,95.61814132824037,97.40421629700836,99.19609702202163,100.81575998553771,102.22621948990155,103.37862747770346,103.92219954693391,103.48877393184785,102.22621948990155,100.39358455426796,98.17887310893636,95.73593311455036,93.2007606500569,90.6767247354721,88.16831172287348,85.6639142568821,83.15725129278354,80.64426831880473,78.12191538968506,75.58833389391985,73.04415878960343
63.64345968320001,65.71270221416809,67.72253378086259,69.69275398636276,71.64317158378522,73.5936003107908,75.56385669640778,77.57375887386371,79.6431259213505,81.77195685494524,83.8809684382465,85.871056918592,87.64311868429823,89.13983286374369,90.47100915452431,91.78823995303587,93.24311769668452,94.92110154892656,96.64311749287154,98.18954583460348,99.44311741133126,100.30441985002417,100.64311738959023,100.35147918162423,99.44311741133126,97.97716321533167,96.07348049206183,93.86711634130936,91.49311788297493,89.0649916026554,86.61008139194197,84.13419059249347,81.64312274755865,79.14268175819385,76.63867215668265,74.1368995804269,71.64317158378522
62.236794136611536,64.30596045056302,66.31574575562271,68.28593729120095,70.23633681956343,72.1867540147653,74.15700298162906,76.1669003713881,78.23626433527468,80.3650933114196,82.47410370442151,84.46419148487868,86.23625284717805,87.73296679322232,89.06414293425638,90.38137362354155,91.83625127943918,93.51423506101054,95.23625095590629,96.78267926744195,98.03625082646916,98.89755325564605,99.23625079195742,98.94461258677856,98.03625082646916,96.5702966517084,94.66661396922336,92.46024989455125,90.08625157515678,87.65812554199388,85.20321576982454,82.72732575083094,80.23625929719896,77.73582078909604,75.23181560869372,72.73005089240739,70.23633681956343
61.22993043813224,63.3073928315807,65.32974526036823,67.31668212632331,69.28767815963562,71.26167567249568,73.25678060306015,75.29006827216286,77.37765773110209,79.51694555503182,81.63284572613682,83.63299874329378,85.42619402291336,86.96296994468656,88.35171613461512,89.73662577617381,91.25521565297791,92.97718383388023,94.72797513015823,96.30485942879794,97.6246878355467,98.61260785114669,99.04330077825419,98.68774067447066,97.6246878355467,96.006030107754,93.97867682829329,91.68179501420127,89.24786309783246,86.78473281767195,84.31050828752814,81.82438809741564,79.32774121645119,76.8228212613879,74.31227501493765,71.79920915664673,69.28767815963562
60.423886693784155,62.49274002590485,64.50233534591347,66.47240913605164,68.42273445396143,70.37310428669542,72.34332278353186,74.3532005092991,76.4225518081881,78.5513727446491,80.66037824881646,82.65046315466735,84.42252286007869,85.9192358474883,87.25041137347709,88.56764161414321,90.02251890962619,91.70050240093576,93.42251809437442,94.96894628188667,96.22251776821335,97.08382015830568,97.42251768124923,97.13087948751789,96.22251776821335,94.7565636806857,92.8528811657138,90.64651740352211,88.27251965478759,85.84439463675662,83.38948666579273,80.91359985231205,78.42253911308222,75.92211079607213,73.4181237740707,70.91639134005777,68.42273445396143
44.333912988422114,46.39525907211966,48.400290768535356,50.367533690750705,52.31607383284047,54.265303934042294,56.23478903471647,58.24419339093275,60.31323977799046,62.441867146212076,64.5507549394811,66.54077063045676,68.31279044073491,69.80948034562873,71.1406410621623,72.45786050065703,73.91272911779731,75.59070561994673,77.31271646253018,78.85914166369824,80.11271139947652,80.97401284845539,81.31271004951671,81.02107213142901,80.11271139947652,78.64675941242487,76.7430809309795,74.53672469295321,72.16274068501166,69.73464011000164,67.27977550930807,64.80396587855562,62.31304272785022,59.81285977562089,57.30930990668027,54.80835453669047,52.31607383284047
45.33297974723732,47.39597643761876,49.40201261887128,51.36987904831007,53.31881254373096,55.268293844227884,57.237940614179735,59.247449330912616,61.316562944472054,63.44523299223707,65.55414674011391,67.54417769284615,69.31620630001618,70.81290129464219,72.14406527669578,73.46128709710041,74.91615762784357,76.59413567112779,78.31614758334328,79.86257344301208,81.11614356479339,81.97744522129163,82.31614249332934,82.02450451446106,81.11614356479339,79.65019111457826,77.74651174372445,75.54015384659183,73.16616680876037,70.73806084400252,68.28318668011306,65.8073600306619,63.316406542437136,60.81616949047097,58.312523240880665,55.81139656756224,53.31881254373096
46.332944197232436,48.397252893189744,50.40408706400612,52.372448657667874,54.321694472792444,56.27137519716547,58.24115030332544,60.25074185890912,62.3199088333467,64.44861275713033,66.55754710565672,68.54759017182275,70.3196257611535,71.81632479552752,73.14749136943755,74.46471508037149,75.91958712994591,77.59756639643166,79.31957915761564,80.86600553993722,82.1195759680895,82.98087778929606,83.31957511766775,83.02793709055791,82.1195759680895,80.65362315026108,78.74994307348271,76.54358385951471,74.16959441685239,71.74148417423137,69.28660241997389,66.81076226260156,64.31978469493136,61.81950470226319,59.3157819498725,56.81451929584746,54.321694472792444
47.33362229941653,49.39897354570418,51.40644154134129,53.37519632755263,55.32469010344583,57.27452914018588,59.244406118970375,61.25406342874177,63.323272757732525,65.45200356971279,67.56095426927766,69.55100694998924,71.32304808110436,72.81975032184418,74.15091895291926,75.46814416437118,76.92301741944505,78.6009976567878,80.32301109179912,81.86943788895076,83.12300856026994,83.98431051220561,84.32300788528963,84.03136981989039,83.12300856026994,81.6570554506665,79.75337481359506,77.547014554453,75.1730232030716,72.74490956509734,70.29002178632643,67.81417090760223,65.32317422772309,62.82286015191839,60.319076675794975,57.817706082996665,55.32469010344583
48.334867556435555,50.40104703945488,52.409018392309875,54.37808536939981,56.327775997547974,58.277740705505494,60.24769854827494,62.257408050297244,64.32665099737669,66.45540315102593,68.56436682860266,70.5544271404514,72.3264726701087,73.82317745575259,75.15434771960521,76.47157412202154,77.92644833390239,79.6044293418156,81.32644331164443,82.87287043804704,84.126441302368,84.98774335806348,85.32644076663573,85.03480267084619,84.126441302368,82.66048796118253,80.75680687940593,78.55044579070795,76.17645292437297,73.74833659149813,71.29344403104616,68.81758464271144,66.32657279324755,63.826231664959835,61.32239999022332,58.82094371954996,56.327775997547974
49.3365634244103,51.40340076125183,53.41177181190719,55.38108664675251,57.33093354541367,59.28099801040764,61.251020039771205,63.260770968774594,65.33004059934096,67.45880969219478,69.56778367054227,71.55785003927096,73.32989906006927,74.8266058656111,76.157777425403,77.47500477308992,78.92987974438984,80.60786136390584,82.32987575821981,83.87630314594918,85.12987416345581,85.99117630150553,86.32987373824479,86.03823561833445,85.12987416345581,83.66392063846348,81.76023920372404,79.55387745660661,77.17988338785078,74.75176491602755,72.2968685603392,69.82100241787938,67.32997852817302,64.82961592788712,62.325745996528724,59.8242217189879,57.33093354541367
50.33861723263617,52.405977012281966,54.41466541859141,56.384177023447904,58.33414797222895,60.284291621822746,62.254364599148175,64.26414841000562,66.33343921976868,68.46222175747383,70.57120391162151,72.56127508772573,74.33332687945439,75.8300352881942,77.16120787657559,78.47843597452524,79.93331154857711,81.61129365352281,83.33330838475104,84.87973597989568,86.13330711898585,86.99460932240018,87.33330678149562,87.04166864244057,86.13330711898585,84.6673534481059,82.76367173321955,80.557309463514,78.18331444039521,75.75519427088477,73.30029490290673,70.82442339966734,68.33338995352905,65.83301031063719,63.32911001412276,60.82753175679082,58.33414797222895
51.44095532117946,53.508729955539266,55.51767031986884,57.487338129657516,59.43740754850839,61.38761405161512,63.3577274682726,65.36753737825444,67.43684499827151,69.5656382072855,71.67462685061611,73.66470184235362,75.43675583337745,76.9334655145788,78.26463891935336,79.58186761278756,81.03674366524427,82.71472615547603,84.43674115411335,85.98316891388365,87.23674014947477,88.09804240476902,88.43673988160857,88.14510172735838,87.23674014947477,85.7707863628037,83.86710442556458,81.66074174108036,79.28674596048262,76.85862444351523,74.40372268467586,71.92784692656593,69.43680589542899,66.9364127256419,64.43248832774844,61.93086722492397,59.43740754850839
52.443519158513425,54.51162318404596,56.52076357338636,58.49055538105186,60.44070296284704,62.39095935575244,64.36110487033105,66.37093549569275,68.44025645821534,70.56905813713044,72.67805193095796,74.66812995117621,76.44018568778569,77.93689637894198,79.26807043168894,80.58529959775994,82.04017602992707,83.7181588259607,85.44017403684083,86.98660192727462,88.2401732394586,89.10147553592995,89.44017302685303,89.14853486054243,88.2401732394586,86.77421936088406,84.87053724716334,82.66417423346897,80.29017785165946,77.86205526521366,75.40715160874302,72.93127247352942,70.44022542214128,67.93982151594327,65.43587798843323,62.93422287804532,60.44070296284704
53.446262245499696,55.514627785096735,57.52392696325329,59.49381719940257,61.44402682370284,63.394322816015176,65.36449380748786,67.37434087496683,69.44367242756786,71.57248082909689,73.68147871089474,75.67155913482645,77.44361625691064,78.9403277496697,80.27150231671314,81.58873185791646,83.0436085914601,84.72159163020888,86.44360700954628,87.99003500368777,89.24360637666355,90.10490870581722,90.4436062079184,90.15196803203544,89.24360637666355,87.77765242514516,85.8739701713509,83.6676068963622,81.29361003737034,78.8654866020783,76.41058143945456,73.93469962382528,71.44364779413931,68.94323536637887,66.43927665546829,63.937594552583136,61.44402682370284
54.449147648864226,56.51772080028202,58.5271460273906,60.49711439340125,62.447373263727656,64.39770068727395,66.36789190024797,68.37775201803896,70.44709197606946,72.5759057133715,74.68490683980505,76.67498917156959,78.44704739330739,79.94375952229959,81.2749344975407,82.59216433648689,84.0470413092333,85.7250245406253,87.44704005366735,88.9934681301217,90.24703955134797,91.10834190644162,91.44703941741486,91.15540123393431,90.24703955134797,88.781085541934,86.87740317696327,84.67103969458509,82.29704245685323,79.86891834783103,77.41401198977144,74.93812804669055,72.4470724244537,69.9466532330822,67.44268247096394,64.94097894369347,62.447373263727656
55.45214603769986,57.52088400095795,59.53040928464421,61.50043966685409,63.45073762557742,65.40108999684391,67.37129725993466,69.381167735888,71.45051436536176,73.57933233768907,75.68833603939896,77.67841988541406,79.45047897994847,80.94719161391964,82.27836691314765,83.5955969884126,85.05047415101443,86.72845753530748,88.45047315447101,89.99690129625711,91.25047275577984,92.11177513146208,92.45047264947704,92.15883445996627,91.25047275577984,89.78451870041414,87.88083624720258,85.67447260021919,83.30047506188112,80.87235041811866,78.41744311124015,75.94155747959712,73.4504988472022,70.95007428752228,68.44609396026931,65.94437342818455,63.45073762557742
56.55523412136726,58.624102914917515,60.63370762078145,62.603787228108274,64.55411621244684,66.50448838519391,68.47470838746008,70.48458708476966,72.55393900940265,74.68276034308401,76.7917660887966,78.78185113667486,80.55391092394902,82.05062395872253,83.38179951509922,84.69902977793053,86.15390709122079,87.83189059687149,89.55390630026369,91.10033449390365,92.35390598382227,93.21520837584566,93.55390589944972,93.26226770515277,92.35390598382227,90.88795189198463,88.9842693687363,86.77790559110568,84.40390781417621,81.97578274598997,79.52087468603284,77.0449877141755,74.55392669261118,72.05349787208522,69.54950995292631,67.04777592394244,64.55411621244684
57.55839340734066,59.62736605296442,61.63703380080102,63.60715247991011,65.55750609001026,67.50789397949387,69.4781240929696,71.48800931562263,73.55736544304597,75.68618944464347,77.79519681268499,79.78528281448371,81.55734315158618,83.05405650447685,84.38523226495265,85.70246267665556,87.15734010954725,88.8353237115196,90.55733948176416,92.10376771656057,93.35733923060445,94.21864163559783,94.55733916363789,94.26570096554217,93.35733923060445,91.89138510981903,89.98770253098243,87.78133864965703,85.4073406833574,82.97921527830569,80.52430662062933,78.04841858504213,75.55735566718946,73.05692346481709,70.55292951992482,68.05118477833847,65.55750609001026
58.66160921384959,60.730664294480576,62.74038208162965,64.71053177315494,66.66090492918511,68.61130529323411,70.58154343205727,72.59143383390956,74.66079329710219,76.789619416231,78.89862807191768,80.88871483084421,82.66077560434593,84.15748920972645,85.48866513219588,86.80589566205825,88.26077318987771,89.93875686830066,91.66077269160593,93.20720095906825,94.46077249226033,95.322074907548,95.66077243910894,95.36913423799811,94.46077249226033,92.99481834849902,91.09113572554205,88.88477176191398,86.51077364531118,84.08264797288906,81.62773884080245,79.1518499609316,76.66078553799179,74.16035065143946,71.65635192389817,69.15459867964655,66.66090492918511
59.76486988529129,61.83399039939515,63.843747904578265,65.81392221138148,67.76431088131011,69.71472114654374,71.68496565513675,73.69486016774154,75.76422227854377,77.8930500783614,80.00205975605381,81.99214711591351,83.76420823578572,85.26092204156762,86.5920980926115,87.90932871625712,89.36420631942083,91.0421900585226,92.76420592394224,94.31063421733145,95.56420576572154,96.4255081891798,96.76420572353524,96.47256752003133,95.56420576572154,94.09825160372424,92.19456894574887,89.9882049167972,87.61420668089862,85.18608079626446,82.731171287638,80.25528173765838,77.76421612012875,75.26377910313718,72.75977657959154,70.2580165867277,67.76431088131011
60.86816616892298,62.93733862061029,64.94712765115528,66.91732149556289,68.86772247905951,70.81814060294133,72.78839016725382,74.79828794257722,76.86765215479355,78.99648128857665,81.10549177743628,83.09557961425723,84.86764100904395,86.3643549738846,87.6955311269781,89.01276182505956,90.46763948802402,92.14562327528665,93.86763917413245,95.41406748809989,96.66763904855257,97.52894147849582,97.8676390150693,97.576000809666,96.66763904855257,95.2016848720814,93.29800218631189,91.09163810551281,88.71763977492915,86.28951372186211,83.83460391437575,81.35871383253016,78.86764726685313,76.36720855892816,73.86320302248342,71.36143767321592,68.86772247905951
61.97149071977631,64.04070439624195,66.0505184491998,68.0207278008948,69.97113855778937,71.92156291913022,73.89181649618871,75.90171686114127,77.97108274125414,80.09991293380756,82.20892406649153,84.199012281877,85.9710738948636,87.46778798594929,88.79896422003964,90.11619497720083,91.5710726876292,93.24905651311711,94.9710724384933,96.51750076879368,97.77107233882047,98.63237477391087,98.97107231224479,98.67943410533393,97.77107233882047,96.30511815086136,94.40143544303166,92.19507132108123,89.82107291534595,87.39294672859367,84.93803668390197,82.46214617991392,79.97107886169127,77.47063881166989,74.96663088388027,72.46486128321557,69.97113855778937
63.17483770747718,65.24408410526244,67.25391801897396,69.22413967898788,71.17455819310442,73.12498750514865,75.09524426713759,77.10514668748502,79.1745138914102,81.30334492431096,83.41235656799888,85.40244508385136,87.17450687002335,88.67122106130978,90.00239735968736,91.31962816374025,92.7745059118407,94.45248976766806,96.17450571410143,97.72093405736527,98.97450563499105,99.83580807416672,100.1745056138979,99.88286740579049,98.97450563499105,97.50855143791395,95.60486871257501,93.3985045579628,91.02450609257963,88.59637979972128,86.14146956675953,83.66557872771668,81.17451081219785,78.67406969695278,76.17005987114811,73.66828689613668,71.17455819310442
64.87822492935881,66.97117145700143,69.01717455153054,71.03548918533957,73.04469413246821,75.06185385490258,77.10177039135893,79.17658958165917,81.29611726021763,83.4535667647562,85.58136631742214,87.59881578372735,89.42798172222682,91.03167064121848,92.51375982593831,94.00438130303255,95.61874582979128,97.40482756061995,99.19671256759179,100.81637994626215,102.22684866213652,103.37927288480074,103.92285574460958,103.4894227160984,102.22684866213652,100.39419166550658,98.17945999050175,95.73650360903616,93.20131945800478,90.67727638048794,88.16885930283814,85.66445965049286,83.15779548434712,80.64481154069527,78.12245718843043,75.58887321054445,73.04469413246821
63.64395593092375,65.71319847671896,67.723030052413,69.69325026349043,71.64366786442793,73.59409659367682,75.56435298073697,77.57425515912428,79.64362220721092,81.77245314118643,83.88146472471925,85.87155320520094,87.64361497098561,89.14032915047648,90.47150544128621,91.78873623981902,93.24361398348475,94.92159783574056,96.64361377969507,98.19004212143287,99.44361369816409,100.30491613685885,100.64361367642556,100.35197546845902,99.44361369816409,97.97765950216038,96.07397677888261,93.86761262811532,91.49361416975387,89.06548788938628,86.61057767858756,84.13468687898717,81.64361903378173,79.14317804393423,76.63916844156302,74.13739586377824,71.64366786442793
62.237290361359385,64.30645669884571,66.31624201819061,68.28643356262197,70.23683309656411,72.18725029532695,74.1574992644816,76.16739665571907,78.23676062055787,80.36558959730723,82.4745999906767,84.46468777135001,86.23674913377394,87.7334630798903,89.06463922097058,90.38186991028948,91.83674756621421,93.51473134780738,95.23674724271828,96.78317555426325,98.03674711329595,98.89804954247579,99.23674707878816,98.94510887360845,98.03674711329595,96.57079293852863,94.66711025603102,92.4607461813354,90.086747861898,87.65862182865881,85.20371205635405,82.72782203711944,80.23675558305781,77.73631707418869,75.23231189242114,72.73054717370768,70.23683309656411
61.23043549725267,63.30789858774101,65.33025208600449,67.31719037987143,69.28818816594868,71.26218767743421,73.25729470412222,75.29058433532379,77.37817531595374,79.5174640101974,81.63336475350141,83.63351860518372,85.42671563100797,86.96349483981535,88.35224570055102,89.73716075449144,91.25575564994959,92.97772725281753,94.72852076912599,96.30540740148905,97.6252408290691,98.61317022905467,99.04386980490018,98.68830509627364,97.6252408290691,96.00657141341698,93.97920836239084,91.68231921778815,89.24838236300103,86.78524916690665,84.31102301777679,81.82490196736259,79.32825461647978,76.82333428391539,74.31278748595304,71.79972067289725,69.28818816594868
60.42438282418675,62.49323621559326,64.5028315715914,66.47290538403529,68.42323071600379,70.37360055771049,72.34381906031945,74.35369678981202,76.42304809110044,78.55186902908454,80.66087453417808,82.65095944057362,84.4230191462988,85.91973213389008,87.25090765999536,88.56813790074646,90.02301519629773,91.70099868766229,93.42301438113914,94.96944256867488,96.22301405501531,97.08431644511504,97.42301396806113,97.13137577432764,96.22301405501531,94.75705996747115,92.85337745246751,90.6470136902166,88.27301594137398,85.84489092315067,83.38998295184558,80.9140961377576,78.42303539744519,75.92260707850437,73.41862005306281,70.91688761293409,68.42323071600379
44.33250787425125,46.39385135832943,48.39888147224953,50.36612341198844,52.31466293418852,54.26389263949329,56.233377485360066,58.2427816770884,60.31182795818489,62.44045525913492,64.5493430114939,66.53935867841363,68.31137847482591,69.80806837169712,71.1392290830835,72.45644851782379,73.91131713194778,75.589293631668,77.31130447256547,78.8577296726956,80.11129940786545,80.97260085651719,81.31129805746666,81.01966013947475,80.11129940786545,78.64534742154383,76.74166894150036,74.53531270608923,72.16132870292348,69.73322813640894,67.27836355078915,64.80255394686196,62.311630843975024,59.81144797701768,57.30789825998954,54.806943159994944,52.31466293418852
45.33157321937246,47.39456784306647,49.40060276701008,51.3684684161539,53.31740141936601,55.266882405556885,57.23652897323417,59.2460375593991,61.31515108885148,63.4438210832208,65.55273479862652,67.54276573226527,69.31479432842983,70.81148931668827,72.14265329465647,73.45987511208119,74.91474564043033,76.59272368178648,78.31473559266382,79.86116145150879,81.1147315728072,81.97603322904581,82.3147305009947,82.02309252220249,81.1147315728072,79.64877912317151,77.7450997534304,75.53874185837344,73.1647548243325,70.73664886631758,68.2817747143923,65.80594808623265,63.314994635962364,60.814757651679614,58.31111152267188,55.809985063678965,53.31740141936601
46.33153654529137,48.3958435987912,50.402676770872546,52.3710377448967,54.32028316922755,56.2699636440838,58.239738589677046,60.24933004162017,62.318496949298435,64.44720083070052,66.55613515345405,68.54617820446535,70.318213785061,71.81491281438102,73.1460793850485,74.46330309361727,75.91817514129153,77.596154406247,79.31816716636887,80.86459354803657,82.11816397580557,82.97946579680607,83.31816312510728,83.02652509805779,82.11816397580557,80.65221115843705,78.74853108254183,76.54217187022128,74.16818243056753,71.7400721932984,69.28519044853692,66.80935030806387,64.31837277051878,61.81809283157287,59.314370174894634,56.81310769099886,54.32028316922755
47.33221375401584,49.3975636953421,51.40503089777291,53.373785191977674,55.323278657617465,57.27311749628318,59.24299434761241,61.25265157511876,63.32186085112039,65.45059162946153,67.55954230857014,69.54959497725329,71.32163610143533,72.81833833816377,74.1495069666652,75.4667321762399,76.9216054298056,78.59958566593376,80.32159910010208,81.86802589673474,83.12159656774969,83.98289851952183,84.32159589254992,84.02995782719859,83.12159656774969,81.65564345851129,79.75196282214083,77.54560256430634,75.17161121531285,72.74349758158638,70.28860981035251,67.81275894504141,65.32176228907294,62.82144825590882,60.317664855756234,57.816294398001574,55.323278657617465
48.333458301087745,50.399636747511906,52.40760747047723,54.376674056935286,56.326364438784566,58.27632898950981,60.24628673110948,62.25599616783451,64.32523907285506,66.45399119980436,68.56295486114473,70.55301516344645,72.32506068760091,73.82176547006097,75.15293573187088,76.47016213279724,77.92503634348105,79.60301735043029,81.32503131959001,82.87145844558069,84.12502930966019,84.98633136522587,85.32502877375371,85.0333906780022,84.12502930966019,82.65907596876445,80.75539488754418,78.54903379988406,76.17504093544437,73.74692460594102,71.29203205147121,68.81617267378255,66.32516084329681,63.824819748853685,61.32098813441766,58.819531970936055,56.326364438784566
49.33515360506745,51.401990118628916,53.41036066913787,55.37967519385907,57.32952189700082,59.279586237186464,61.24960818624619,63.25935906342093,65.32862866060427,67.45739773226597,69.56637169772654,71.55643805887772,73.32848707530837,74.82519387832319,76.15636543649379,77.47359278299813,78.928467753348,80.60644937209884,82.32846376588174,83.87489115328418,85.12846217059915,85.98976430854583,86.32846174524985,86.03682362536969,85.12846217059915,83.66250864583677,81.75882721153891,79.55246546524522,77.17847139799368,74.75035292884641,72.29545657790611,69.81959044389613,67.32856656925287,64.82820399582994,62.32433411233356,59.82280991987565,57.32952189700082
50.33720696532868,52.404566091200024,54.4132541004153,56.38276545907607,58.33273625265318,60.28287980317833,62.25295271676323,64.26273648648288,66.33202726974926,68.46080979063399,70.56979193455325,72.55986310464314,74.33191489290522,75.82862329963932,77.15979588673389,78.47702398374491,79.93189955704268,81.60988166138111,83.33189639218784,84.87832398707297,86.13189512601105,86.99319732934359,87.33189478841109,87.04025664937998,86.13189512601105,84.6659414553136,82.76225974077775,80.55589747172598,78.18190244980116,75.75378228241462,73.29888291820512,70.8230114216724,68.33197798748981,65.8315983659194,63.32769810739401,60.826119917595435,58.33273625265318
51.43954469811955,53.507318813365984,55.516258862441205,57.485926476792685,59.43599577244545,61.386202196916216,63.35631556298068,65.36612544031057,67.43543303929685,69.56422623496033,71.67321487017259,73.66328985713652,75.43534384540888,76.93205352501832,78.2632269287715,79.58045562146071,81.03533167331892,82.71331416306867,84.43532916137146,85.9817569209358,87.23532815640618,88.09663041163552,88.43532788845287,88.1436897342217,87.23532815640618,85.76937436987998,83.865692432919,81.65932974895372,79.28533396930364,76.85721245402198,74.40231069817374,71.92643494538689,69.43539392373927,66.93500077087519,64.43107640313426,61.92945535391294,59.43599577244545
52.44210825296483,54.51021186634303,56.519352005415186,58.48914365794219,60.439291141946995,62.38954747243575,64.35969294685731,66.3695235463026,68.43884449213283,70.56764616045155,72.67663994783548,74.66671796426493,76.43877369869057,77.93548438858335,79.26665844051965,80.58388760599937,82.03876403769145,83.7167468333425,85.43876204395713,86.9851899342274,88.23876124631556,89.10006354273546,89.43876103364089,89.14712286734539,88.23876124631556,86.77280736785602,84.86912525435608,82.6627622410736,80.28876586001623,77.86064327490841,75.4057396208118,72.92986048982317,70.43881344596673,67.93840955320066,65.43446604962307,62.9328109817812,60.439291141946995
53.444851115659134,55.513216328044734,57.52251530753131,59.49240542053457,61.442614967213544,63.39291090998367,65.36308186958289,67.37292891649165,69.44226045584381,71.57106884896243,73.68006672564597,75.67014714657047,77.44220426692138,78.93891575867758,80.2700903250776,81.5873198658116,83.0421965989782,84.72017963742334,86.44219501655,87.98862301056172,89.24219438346145,90.10349671257428,90.44219421466146,90.15055603879047,89.24219438346145,87.77624043203434,85.87255817841532,83.6661949037535,81.29219804535865,78.86407461112854,76.40916945038909,73.93328763811314,71.44223581440514,68.94182339730571,66.43786470539057,63.936182636274964,61.442614967213544
54.44773634095223,56.51630923260902,58.52573430201298,60.49570257027469,62.445961378989864,64.39628876321322,66.36647995088867,68.37634005235289,70.44567999986762,72.57449373049428,74.68349485286862,76.67357718224635,78.44563540260842,79.94234753080465,81.27352250553508,82.59075234410878,84.04562931655593,85.7236125477069,87.4456280605817,88.99205613693304,90.24562755809897,91.10692991316017,91.4456274241223,91.15398924065127,90.24562755809897,88.77967354875747,86.87599118392582,84.66962770180709,82.29563046454905,79.86750635636972,77.41259999980568,74.93671605938636,72.4456604418942,69.94524125898442,67.44127051194299,64.9395670114759,62.445961378989864
55.4507345884205,57.51947234547265,59.52899750397599,61.4990278085975,63.44932571841798,65.39967805847301,67.36988530148398,69.37975576447857,71.44910238560593,73.57792035263498,75.68692405112304,77.67700789524372,79.44906698868621,80.94577962202564,82.27695492084831,83.59418499581761,85.04906215818193,86.72704554228372,88.44906116131443,89.99548930301881,91.24906076249363,92.11036313815012,92.44906065615626,92.15742246665307,91.24906076249363,89.78310670718541,87.87942425408428,85.67306060730684,83.29906306934478,80.87093842625134,78.41603112055986,75.94014549102934,73.44908686240029,70.94866230943646,68.44468199415006,65.94296148333947,63.44932571841798
56.55382255986437,58.622691189727774,60.63229579622596,62.60237534196773,64.55270428749083,66.50307643546485,68.47329642179348,70.48317510881759,72.552527026826,74.68134835630212,76.79035409945757,78.78043914583219,80.55249893223971,82.04921196651178,83.38038752256676,84.69761778516342,86.15249509826515,87.83047860376402,89.55249430705084,91.09892250062593,92.35249399050656,93.21379638250949,93.55249390610653,93.2608557118156,92.35249399050656,90.88653989871455,88.98285737555382,86.77649359808666,84.40249582145566,81.9743707538004,79.51946269478543,77.04357572460479,74.55251470602944,72.05208589083405,69.54809798117309,67.04636396907472,64.55270428749083
57.5569817567532,59.62595427244534,61.635621941410236,63.60574057163727,65.55609415092877,67.50648202074967,69.4767121215756,71.48659733606505,73.55595345823042,75.68477745649021,77.79378482250212,79.78387082310739,81.555931159522,83.05264451201468,84.38382027223514,85.70105068375182,87.15592811649388,88.83391171834575,90.55592748850665,92.10235572325158,93.35592723726526,94.21722964224242,94.55592717027693,94.26428897218597,93.35592723726526,91.88997311651605,89.98629053774903,87.77992665655333,85.40592869049063,82.97780328586032,80.52289462893178,78.04700659467535,75.55594367919505,73.05551148105357,70.55151754369984,68.04977281551567,65.55609415092877
58.66019749254764,60.72925247004346,62.73897019458886,64.7091198473152,66.659492978892,68.60989332733452,70.58013145611746,72.59002185149026,74.65938131050962,76.7882074269893,78.89721608106505,80.88730283904437,82.65936361200012,84.15607721706478,85.4872531393315,86.80448366904608,88.2593611967468,89.93734487507407,91.65936069831298,93.2057889657344,94.45936049890253,95.32066291417733,95.65936044573388,95.36772224462682,94.45936049890253,92.99340635516998,91.0897237322682,88.88335976874313,86.50936165232834,84.08123598024073,81.62632684874762,79.15043796993301,76.65937354887615,74.1589386656819,71.65493994412401,69.15318671050974,66.659492978892
59.763458107858185,61.832578540098325,63.84233599559089,65.81251027159855,67.76289892211824,69.71330917496485,71.68355367558887,73.69344818305086,75.76281029054078,77.89163808825576,80.0006477646696,81.99073512377748,83.76279624321637,85.25951004874757,86.59068609963057,87.90791672315889,89.36279432622833,91.04077806525419,92.76279393062111,94.30922222397794,95.56279377234898,96.42409619579698,96.76279373014896,96.47115552664803,95.56279377234898,94.09683961037452,92.19315695244293,89.98679292357298,87.61279468782365,85.18466880345498,82.7297592952996,80.25386974615833,77.76280413012319,75.26236711579693,72.75836459700032,70.25660461257944,67.76289892211824
60.866754346935366,62.93592673364408,64.94571572474838,66.91590954471305,68.8663105128046,70.81672862685474,72.78697818484221,74.79687595608377,76.86624016567109,78.9950692977853,81.10407978563015,83.09416762185438,84.86622901629717,86.36294298093884,87.69411913390465,89.01134983189297,90.46622749478263,92.14421128198498,93.866227180789,95.41265549473069,96.66622705516829,97.52752948510341,97.86622702167412,97.57458881627318,96.66622705516829,95.20027287871523,93.29659019298047,91.09022611224626,88.71622778178106,86.28810172892474,83.83319192181227,81.35730184063209,78.86623527614123,76.3657965703317,73.8617910376563,71.36002569509,68.8663105128046
61.97007886242375,64.03929248731376,66.04910650896672,68.01931584126106,69.96972658592847,71.92015093946587,73.89040451150416,75.90030487321695,77.96967075124317,80.09850094247201,82.20751207435052,84.19760028926241,85.96966190197602,87.46637599290374,88.79755222689276,90.11478298398006,91.56966069434904,93.24764451978913,94.96966044513212,96.51608877541209,97.7696603454269,98.63096278051086,98.96966031884259,98.67802211193361,97.7696603454269,96.30370615748217,94.40002344968005,92.1936593277811,89.81966092213986,87.39153473555481,84.93662469115986,82.46073418769993,79.96966687041876,77.46922682207642,74.96521889727853,72.46344930193257,69.96972658592847
63.17342582205421,65.24267217890254,67.25250606776684,69.22272771238225,71.173146216794,73.12357552264461,75.093832280649,77.103734698425,79.17310190069402,81.30193293254345,83.4109445755921,85.40103309106867,87.17309487702397,88.66980906818505,90.00098536648221,91.31821617047642,92.77309391852978,94.45107777431915,96.17309372072614,97.7195220639738,98.97309364159007,99.83439608076065,100.17309362049008,99.88145541238417,98.97309364159007,97.5071394445244,95.60345671920736,93.397092564636,91.02309409932745,88.59496780660183,86.14005757387562,83.66416673525195,81.17309882048036,78.67265770656797,76.16864788313788,73.66687491234791,71.173146216794
64.8768661159503,66.96981666491635,69.01582587405188,71.03414856898229,73.04336325385465,75.06053387382008,77.10046161020614,79.1752910779269,81.29482659334236,83.45228052866904,85.58008297431701,87.59753663162849,89.42671123269687,91.03041607621165,92.51252706949501,94.00317268542203,95.61755858022164,97.40365435414807,99.1955482536352,100.81522480140538,102.22571264704212,103.37817058472609,103.92177585316846,103.48832742932609,102.22571264704212,100.39300983560932,98.17823614834181,95.7352457343332,93.20003731256116,90.67597935888261,88.1675538387964,85.663149645747,83.1564829831402,80.64349702563004,78.12113971771409,75.58755058484225,73.04336325385465
63.63952170640968,65.70876411965688,67.71859561489904,69.68881577611813,71.63923334563282,73.58966205482757,75.55991842898632,77.56982059904766,79.63918764177183,81.7680185723433,83.87703015380617,85.86711863307073,87.63918039815387,89.13589457723884,90.46707086778815,91.784301666131,93.23917940964415,94.91716326177706,96.63917920564627,98.18560754733157,99.43917912403202,100.30048156271023,100.63917910227127,100.34754089430956,99.43917912403202,97.97322492806522,96.06954220485838,93.8631780542234,91.48917959610357,89.06105331616575,86.60614310612971,84.13025230788656,81.63918446510064,79.13874347956809,76.63473388488529,74.13296132076923,71.63923334563282
62.23285634223964,64.30202246933489,66.31180766097638,68.28199912626488,70.23239861032738,72.1828157772566,74.1530647259317,76.16296210395262,78.23232606027909,80.36115503162486,82.47016542170847,84.46025320044973,86.23231456176006,87.7290285072321,89.06020464789897,90.37743533691638,91.83231299259889,93.51029677399696,95.23231266877244,96.77874098023408,98.03231253921791,98.89361496837145,99.23231250467484,98.94067429950285,98.03231253921791,96.5663583645092,94.66267568212419,92.45631160763858,90.08231328858474,87.65418725602783,85.19927748493367,82.72338746785354,80.23232101763264,77.73188251561308,75.2278773460501,72.7261126490342,70.23239861032738
61.22608835804621,63.30355839598529,65.32592255377521,67.31287507967448,69.28389033553252,71.25790976719213,73.2530376857037,75.28634687282005,77.3739530198228,79.51325038827699,81.629156834541,83.62931900370762,85.42253343341645,86.9593454028739,88.34814281534321,89.73311181125487,91.25175672397742,92.97376243071731,94.72457807205674,96.30148796239091,97.62137142729236,98.60939434983491,99.04016018408213,98.68454958573152,97.62137142729236,96.00258553011223,93.9751250927581,91.67816288852778,89.24417681416924,86.78101455564467,84.30677227036752,81.82064264545164,79.32399061095326,76.81906651588008,74.3085142210552,71.79543789194196,69.28389033553252
60.41994964847184,62.48880250988954,64.49839754415723,66.46847115719784,68.41879636348733,70.36916612498226,72.33938457598752,74.34926227217721,76.41861355201611,78.54743447638414,80.65643997319793,82.64652487472496,84.41858457764404,85.91529756361174,87.24647308867537,88.56370332866672,90.01858062360756,91.69656411448057,93.4185798076162,94.96500799494189,96.2185794811592,97.07988187119273,97.4185793941162,97.12694120040209,96.2185794811592,94.75262539376277,92.84894287904282,90.64257911732116,88.268581369445,85.84045635294095,83.38554838468639,80.9096615760273,78.41860084539289,75.91817254371178,73.41418554902332,70.91245316356759,68.41879636348733
44.331159666185584,46.39250065513483,48.39752925016553,50.36477024691674,52.31330917414218,54.26253849946198,56.23202310076266,58.24142713461421,60.31047331400828,62.439100550390506,64.54798826348372,66.53800390731439,68.31002369041806,69.80671357958914,71.13787428603517,72.45509371717193,73.90996232840087,75.58793882578954,77.30994966506877,78.85637486420265,80.10994459878856,80.97124604712633,81.30994324796842,81.01830533006847,80.10994459878856,78.64399261316764,76.74031413446977,74.53395790156864,72.15997390298675,69.73187334462625,67.27700877347439,64.80119919529432,62.31027613830389,59.81009335319126,57.30654378196992,54.805588941118785,52.31330917414218
45.3302236544359,47.39321629451094,49.39925001168103,51.36711491189218,53.31604744267864,55.26552812719616,57.2351745007288,59.244682961573574,61.31379641029936,63.44246635341908,65.55138003765875,67.5414109529714,69.31343953857282,70.8101345207196,72.14129849476666,73.45852030933122,74.91339083538256,76.59136887488815,78.3133807844811,79.85980664253537,81.11337676337027,81.97467841935969,82.31337569122337,82.02173771250412,81.11337676337027,79.64742431429073,77.74374494561758,75.53738705255284,73.16340002215016,70.7352940706071,68.28041993016512,65.80459332244126,63.31363990859998,60.813402989280306,58.30975697600866,55.80863072272702,53.31604744267864
46.33018590145997,48.394491378518666,50.40132359200715,52.36968397129861,54.318929020542726,56.26860925591086,58.23838404739095,60.24797539985906,62.31714224346119,64.44584608418512,66.55478038220164,68.54482341866736,70.31685899087896,71.81355801534815,73.14472458290336,74.46194828920201,75.9168203350525,77.5947995985392,79.31681235764162,80.86323873868176,82.11680916608287,82.97811098688558,83.31680831511916,83.02517028812758,82.11680916608287,80.65085634915577,78.7471762741082,76.54081706336889,74.16682762660281,71.73871739447043,69.2838356588233,66.80799553457034,64.31701802593952,61.81673813855667,59.313015573743996,56.81175325313964,54.318929020542726
47.330862252636344,49.39621094145195,51.403677382557674,53.37243120453087,55.32192437238706,57.27176302093952,59.24163974993618,61.2512968984839,63.32050612362616,65.44923686968019,67.55818752915474,69.54824018629293,71.32028130382048,72.81698353669879,74.14815216273001,75.46537737050294,76.92025062262111,78.59823085758347,80.32024429094267,81.86667108707721,83.12024175780019,83.98154370941535,84.32024108238976,84.02860301708441,83.12024175780019,81.65428864891214,79.75060801321446,77.544247756635,75.17025640993344,72.74214278028407,70.28725501628429,67.81140416384717,65.32040753082836,62.82009353859101,60.31631021135581,57.81493988321711,55.32192437238706
48.33210611829634,50.398283569789285,52.40625368818189,54.37531989970854,56.325010045158265,58.274974444970724,60.24493208946686,62.25464146351908,64.32388432817118,66.45263642949367,68.56160007525027,70.55166036838867,72.32370588726144,73.82041066666562,75.15158092651495,76.46880732601122,77.92368153554614,79.60166254157008,81.32367651008761,82.87010363568294,84.12367449953068,84.98497655497177,85.323673963457,85.03203586774198,84.12367449953068,82.657721158913,80.75404007822677,78.54767899156272,76.17368612894214,73.74556980267477,71.29067725394671,68.81481788647622,66.32380607420586,63.823465012247055,61.31963345568788,58.81817739508979,56.325010045158265
49.333800880949724,51.40063660432112,53.40900667478587,55.37832090184759,57.328167417328274,59.2782316377219,61.24825350970539,63.258004337134594,65.32727390227663,67.45604295359797,69.56501690668958,71.55508326056777,73.32713227280635,74.82383907339573,76.1550106300102,77.47223797537947,78.92711294481742,80.60509456283387,82.32710895610708,83.87353634319572,85.12710736032675,85.98840949817455,86.32710693484472,86.03546881499354,85.12710736032675,83.66115383578509,81.75747240191103,79.55111065640796,77.17711659060028,74.7489981240214,72.29410177763836,69.81823565173856,67.32721179155301,64.82684924391336,62.3229794063553,59.82145529556064,57.328167417328274
50.33585381125137,52.40321230962522,54.41189993770652,56.38141106006677,58.33138170467791,60.28152516011622,62.251598012522464,64.26138174275772,66.33067250059237,68.45945500533276,70.56843713943466,72.55850830375196,74.33056008868677,75.82726849349581,77.15844107935524,78.47566917546538,79.93054474803938,81.60852685179492,83.33054158219707,84.87696917683317,86.13054031562524,86.99184251887931,87.33053997791993,87.03890183891183,86.13054031562524,84.66458664510299,82.76090493090351,80.55454266247926,78.1805476417004,75.75242747635242,73.29752811576,70.82165662566439,68.33062320295697,65.83024360185105,63.32634337978786,60.82476525480831,58.33138170467791
51.43819120258848,53.50596481958604,55.514904566077774,57.48457199284711,59.43464117025337,61.38484751924871,63.354960836753605,65.36477068274388,67.43407826154467,69.56287144439423,71.67186007181442,73.66193505419662,75.43398903982812,76.9306987179096,78.26187212068248,79.57910081265668,81.03397686394041,82.71195935322751,84.4339743512092,85.98040211057582,87.23397334593037,88.09527560109741,88.43397307789346,88.1423349236805,87.23397334593037,85.7680195595432,83.86433762284923,81.65797493938202,79.28397916064148,76.85585764697782,74.40095589400045,71.92508014632278,69.43403913378305,66.93364599716185,64.42972165836154,61.92810066058894,59.43464117025337
52.44075448629903,54.5088577040884,56.51799760295117,58.487789106575065,60.437936496719914,62.388192767300666,64.35833820317919,66.3681687777497,68.43748970755847,70.5662913657067,72.67528514690602,74.66536315969893,76.43741889202852,77.93412958070857,79.2653036318668,80.58253279677896,82.03740922801512,83.71539202329896,85.43740723365872,86.98383512377212,88.23740643576829,89.09870873213875,89.43740622302727,89.14576805674625,88.23740643576829,86.77145255741912,84.86777044413111,82.66140743124393,80.28741105090847,77.85928846708485,75.4043848152669,72.92850568833339,70.43745865170595,67.93705477183195,65.43311129122492,62.931456264219065,60.437936496719914
53.44349713371622,55.51186203204185,57.52116082084339,59.491050815650155,61.4412602878276,63.39155618304676,65.36172711205353,67.37157413921885,69.44090566585461,71.56971405090087,73.67871192267566,75.66879234071385,77.44084945940111,78.93756095019478,80.26873551597724,81.58596505626078,83.0408417890655,84.71882482721918,86.44084020614358,87.98726820003075,89.24083957285748,90.10214190193108,90.44083940400483,90.14920122814533,89.24083957285748,87.77488562151797,85.87120336806717,83.6648400937191,81.29084323589721,78.8627198026864,76.4078146437555,73.93193283469813,71.44088101672779,68.94046860986089,66.43650993617771,63.93482789947441,61.4412602878276
54.446382188095015,56.514954830431236,58.524379748469045,60.49434792291055,62.444606672490806,64.3949340189717,66.3651251823654,68.37498526815901,70.4443252055807,72.57313892980025,74.68214004827851,76.67222237536535,78.44428059440699,79.94099272183925,81.27216769607952,82.5893975342957,84.04427450645562,85.72225773737529,87.44427325008954,88.99070132634205,90.24427274745001,91.10557510248007,91.44427261343154,91.15263442996962,90.24427274745001,88.778318738178,86.87463637347987,84.66827289161017,82.29427565480691,79.86615154743657,77.411245192308,74.93536125444328,72.44430564150514,69.94388646671693,67.43991573414638,64.93821225940542,62.444606672490806
55.44938029987782,57.51811785901194,59.527642897363705,61.4976731275153,63.447970990398446,65.39832330049647,67.3685305242347,69.37840097479139,71.44774758790783,73.57656554985155,75.68556924524728,77.67565308754968,79.44771217994415,80.9444248126772,82.27560011111083,83.59283018579637,85.04770734793271,86.72569073185088,88.4477063507542,89.99413449238011,91.24770595180894,92.1090083274407,92.44770584543842,92.15606765594245,91.24770595180894,89.7817518965559,87.87806944356072,85.67170579698093,83.29770825937987,80.86958361692851,78.41467631237634,75.93879068487341,73.44773205985888,70.9473075133412,68.44332720954043,65.94160671914895,63.447970990398446
56.55246816360868,58.62133663636419,60.63094114749033,62.60102063412229,64.55134954239,66.50172166658662,68.47194163761829,70.48182031477033,72.55117222642045,74.6799935518603,76.78899929256136,78.77908433749285,80.55114412306853,82.04785715685932,83.37903271260552,84.69626297497696,86.15114028789773,87.82912379325091,89.55113949643659,91.0975676899494,92.3511391797935,93.21244157177685,93.55113909536718,93.25950090108196,92.3511391797935,90.88518508804529,88.98150256496868,86.77513878765839,84.40114101131388,81.97301594416827,79.51810788605758,77.04222091748622,74.55115990177976,72.0507310917007,69.54674319115594,67.0450091952644,64.55134954239
57.55562727499344,59.624599665976206,61.63426725923944,63.60438584254909,65.55473939227018,67.50512724321867,69.47535733190324,71.48524253855715,73.55459865567595,75.68342265073215,77.79243001479601,79.78251601425586,81.55457635001025,83.05128970212093,84.38246546209629,85.69969587343421,87.15457330603269,88.83255690776889,90.5545726778495,92.101000912545,93.35457242652973,94.2158748314913,94.5545723595205,94.26293416143409,93.35457242652973,91.88861830581527,89.98493572711499,87.77857184604383,85.40457388020852,82.9764484759827,80.52153981977187,78.04565178679276,75.5545888735895,73.05415667950885,70.55016274939067,68.04841803407,65.55473939227018
58.658842942915584,60.727897821421465,62.737615485879374,64.70776510136615,66.65813820947245,68.60853854293569,70.57877666208198,72.58866705123569,74.65802650624954,76.78685262018654,78.89586127271612,80.8859480297863,82.65800880221802,84.15472240697949,85.48589832905172,86.80312885862438,88.25800638621112,89.93599006444661,91.6580058876218,93.204434155004,94.45800568814914,95.31930810341159,95.65800563496389,95.36636743386046,94.45800568814914,92.9920515444442,91.08836892159536,88.88200495816912,86.50800684193482,84.07988117016826,81.62497203924481,79.14908316144403,76.6580187421944,74.15758386222325,71.65358514640828,69.15183192300384,66.65813820947245
59.76210350435102,61.83122385801772,63.84098126581685,65.81115551226674,67.76154414415757,69.711954385115,71.68219887809033,73.69209338061624,75.76145548492698,77.8902832806238,79.99929295581043,81.98938031419675,83.76144143321972,85.25815523851028,86.58933128923891,87.90656191265458,89.36143951563358,91.0394232545866,92.76143911990296,94.3078674132286,95.5614389615814,96.42274138501963,96.76143891936825,96.4698007158702,95.5614389615814,94.09548479962882,92.19180214173932,89.9854381129478,87.61143987734174,85.18331399322787,82.72840448552463,80.25251493718801,77.7614493225873,75.26101231081921,72.75700979658077,70.25524982026347,67.76154414415757
60.865399700664426,62.93457202500616,64.94436097825498,66.91455477475914,68.86495572806476,70.8153738326784,72.78562338459506,74.79552115191882,76.8648853589828,78.99371448949525,81.10272497636603,83.09281281201756,84.86487420613022,86.3615881705809,87.6927643234242,89.00999502132315,90.46487268414099,92.14285647128551,93.86487237004937,95.41130068396637,96.66487224438947,97.52617467431679,97.86487221088485,97.57323400548621,96.66487224438947,95.1989180679538,93.2952353822524,91.08887130158045,88.71487297122894,86.28674691857489,83.83183711182127,81.35594703127973,78.8648804679274,76.3644417641483,73.8604362350907,71.35867089895626,68.86495572806476
61.96872418220926,64.03793775759657,66.04775174920285,68.01796106287625,69.96837179580795,71.91879614185554,73.88904970907541,75.89895006767864,77.9683159437021,80.09714613365958,82.20615726476501,84.19624547922231,85.9683070916739,87.46502118245006,88.7961974163418,90.11342817335817,91.56830588367016,93.24628970906434,94.96830563437548,96.51473396463584,97.76830553463915,98.62960796971693,98.96830550804653,98.67666730113936,97.76830553463915,96.3023513467082,94.39866863893256,92.19230451708306,89.81830611153202,87.39017992510755,84.93526988099742,82.45937937804439,79.96831206166686,77.46787201493606,74.96386409300965,72.46209450276866,69.96837179580795
63.172071114897506,65.24131743245424,67.25115129746999,69.2213729273058,71.17179142240282,73.12222072230873,75.09247747648872,77.10237989179663,79.17174709247605,81.30057812331644,83.40958976575146,85.39967828086725,87.17174006661459,88.66845425765536,89.99963055587531,91.31686135981323,92.77173910782136,94.44972296357427,96.171738909956,97.71816725318808,98.97173883079523,99.8330412699609,100.17173880968866,99.88010060158419,98.97173883079523,97.50578463374052,95.6021019084445,93.39573775391236,91.02173928867543,88.59361299607724,86.13870276357709,83.66281192535574,81.1717440113014,78.67130289866807,76.16729307751704,73.66552011077894,71.17179142240282
64.87556259419104,66.96851702144143,69.01453212767237,71.0328625969461,73.04208667309963,75.05926780282013,77.09920634054542,79.1740457198789,81.29358879318046,83.45104700155935,85.57885223719468,87.59630993629952,89.42549289149811,91.02921309244337,92.51134511747989,94.00201401218445,95.61642051347958,97.40252982990698,99.19443230487184,100.81411769480736,102.22462398799527,103.37711443795558,103.92074131535577,103.48727804560437,102.22462398799527,100.39187699535378,98.17706279302794,95.73403955874043,93.19880773046063,90.67473543020397,88.16630176818467,85.6618931960419,83.15522412582318,80.64223622612599,78.11987606774449,75.5862819633331,73.04208667309963
63.63514395902301,65.70438624127758,67.71421765701193,69.68443776895771,71.63485530741838,73.58528399679423,75.55554035820293,77.56544252003607,79.63480955746073,81.76364048466809,83.87265206408529,85.862740542147,87.63480230653683,89.13151648522069,90.46269277551264,91.77992357366777,93.2348013170301,94.91278516904157,96.6348011128265,98.18122945445987,99.43480103112991,100.29610346979177,100.6348010093472,100.34316280139029,99.43480103112991,97.96884683519961,96.06516411206287,93.85879996155863,91.48480150367759,89.05667522416456,86.6017650148822,84.12587421798034,81.63480637758553,79.13436539631734,76.63035580923273,74.12858325862496,71.63485530741838
62.228478797837056,64.2976447170101,66.30742978244673,68.27762116952107,70.22802060428927,72.17843773975838,74.14868666819422,76.15858403315372,78.22794798106771,80.3567769470733,82.46578733390963,84.45587511074152,86.22793647095128,87.72465041578657,89.05582655604493,90.37305724476433,91.82793490020745,93.50591868141272,95.2279345760544,96.77436288743365,98.02793444636919,98.88923687549679,99.2279344117913,98.93629620662688,98.02793444636919,96.56198027171843,94.65829758944469,92.45193351516663,90.07793519649185,87.6498091646092,85.19489939471146,82.71900937976051,80.22794293333527,77.7275044380849,75.22349928058327,72.72173460501034,70.22802060428927
61.22179713945741,63.29927408015226,65.32164882884992,67.30861549508472,69.27964810803965,71.25368733121414,73.2488360064199,75.28216462278206,77.3697858378008,79.50909182416447,81.625003936354,83.62517436896542,85.41840608938196,86.95525060607332,88.34409426617766,89.72911685044933,91.24781145136753,92.9698510369524,94.72068865705204,96.29762165135588,97.61755482142314,98.60567064264458,99.03650229087815,98.68084611081294,97.61755482142314,95.99865321417315,93.9710960307332,91.67406124434832,89.24002627071509,86.77683513836558,84.30257682149289,81.8164386775843,79.31978198977653,76.8148541565334,74.30429640039233,71.7912106167261,69.27964810803965
60.41557293757691,62.48442527522516,64.4940199915378,66.46409340751508,68.4144184896003,70.36478817182469,72.33500657183183,74.3448842351094,76.41423549375051,78.54305640466224,80.65206189329342,82.64214679000912,84.41420649015497,85.91091947451817,87.24209499855237,88.55932523779285,90.01420253213044,91.69218602251762,93.41420171531607,94.96062990243419,96.21420138852984,97.07550377849793,97.41420130139902,97.12256310770407,96.21420138852984,94.74824730127942,92.84456478683984,90.63820102564115,88.26420327872016,85.83607826391516,83.38117029867536,80.90528349538145,78.41422277431143,75.9137944896875,73.40980752539127,70.90807519396698,68.4144184896003
44.3302770262101,46.391616381237014,48.396643981630035,50.36388436086983,52.3124228984786,54.26165197496678,56.23113641611431,58.24054034658084,60.30958645937551,62.438213653475756,64.5471013408559,66.53711696956678,68.30913674395539,69.80582662808408,71.13698733129496,72.45420676007194,73.90907536940504,75.58705186526691,77.30906270348646,78.85548790196796,80.10905763617143,80.97035908430362,81.3090562850754,81.01741836723565,80.10905763617143,78.64310565100939,76.73942717319264,74.53307094193522,72.15908694635505,69.73098639333418,67.27612183165661,64.80031227033692,62.309389243401654,59.80920651188471,57.305657036144396,54.80470236499234,52.3124228984786
45.32934012592068,47.392331467032506,49.39836439395236,51.36622880372812,53.315161025148555,55.2646415121165,57.234287758514256,59.243796137293614,61.312909533155874,63.441579442715025,65.5504931065457,67.54052400985759,69.31255258854178,70.80924756668638,72.14041153816568,73.4576333508573,74.9125038754039,76.59048191369766,78.31249382244951,79.858919679986,81.11248980051738,81.97379145634363,82.31248872815151,82.02085074948005,81.11248980051738,79.64653735180205,77.74285798382827,75.53650009206814,73.16251306404791,70.73440711674294,68.27953298382076,65.80370638947919,63.31275299949331,60.812516122714456,58.30887018523214,55.80774406665972,53.315161025148555
46.32930166643584,48.39360611116939,50.40043769692751,52.36879768676073,54.318042490380805,56.26772256892107,58.23749725948076,60.24708854680803,62.316255348450184,64.44495916253618,66.55389344435378,68.54393647129433,70.31597203801569,71.81267105930831,73.1438376248255,74.4610613296376,75.91593337429379,77.59391263681863,79.31592539525352,80.86235177588266,82.11592220304286,82.97722402371606,83.31592135190533,83.02428332495171,82.11592220304286,80.64996938640482,78.74628931191236,76.5399301022085,74.16594066733339,71.73783043856477,69.28294870888618,66.80710859525486,64.31613110555845,61.81585125194147,59.31212874728661,56.81086653361298,54.318042490380805
47.32997745605091,49.39532532466551,51.40279126722072,53.371544779955016,55.32103775280879,57.270876276866346,59.24075292575401,61.25041002259594,63.319619214433146,65.44834993934411,67.55730058596131,69.54735323553933,71.31939434870924,72.81609657906631,74.14726520347998,75.46449041007298,76.91936366124324,78.59734389544218,80.31935732827154,81.86578412407988,83.11935479461167,83.980656746124,84.31935411906326,84.02771605378803,83.11935479461167,81.65340168595306,79.74972105069591,77.54336079493832,75.16936944973764,72.74125582275809,70.28636806349556,67.81051721948891,65.31952060149861,62.81920663606199,60.315423356576446,57.81405311331628,55.32103775280879
48.33122087549141,50.39739767545796,52.40536739794864,54.37443336395296,56.324123354597376,58.27408765558519,60.24404523649345,62.25375456950459,64.32299740772157,66.45174949226245,68.56071312781408,70.55077341495189,72.322818930366,73.81952370776908,75.1506939663345,76.4679203648943,77.92279457367682,79.60077557909486,81.32278954719183,82.86921667252827,84.12278753622428,84.98408959158377,85.3227870000411,85.03114890434998,84.12278753622428,82.65683419578869,80.75315311545212,78.5467920294404,76.17279916801107,73.74468284386273,71.28979029889464,68.81393093811548,66.3229191377734,63.82257809708682,61.318746578428076,58.817290585202855,56.324123354597376
49.332915283659645,51.39975048957843,53.40812024568818,55.37743427782874,57.327280670420336,59.277344812368625,61.247366633879054,63.257117428732556,65.32638697289246,67.45515601089404,69.56412995588585,71.55419630500134,73.3262453144948,74.82295211349586,76.15412366909129,77.47135101371728,78.9262259825581,80.60420760009362,82.32622199303304,83.8726493799162,85.12622039692675,85.9875225347098,86.32621997135786,86.03458185152563,85.12622039692675,83.66026687252963,81.75658543893314,79.55022369394781,77.17622962908558,74.74811116418861,72.29321482078984,69.81734870020102,67.32632484948303,64.82596231872745,62.32209251125194,59.82056845393416,57.327280670420336
50.3349679324041,52.40232601986381,54.411013398361064,56.38052436598082,58.3304949130422,60.28063830621326,62.250711118556865,64.26049482293593,66.32978556411672,68.45856805828505,70.56755018595811,72.55762134649524,74.32967312925118,75.82638153279959,77.15755411785025,78.47478221337045,79.92965778547047,81.60763988884429,83.32965461898154,84.87608221345454,86.129653352151,86.99095555535366,87.32965301437672,87.03801487538368,86.129653352151,84.66369968174345,82.76001796776427,80.55365569975096,78.17966067972253,75.75154051570948,73.29664115748571,70.8207696716054,68.32973625641246,65.82935666870762,63.32545647052156,60.823878387988515,58.3304949130422
51.43730510014164,53.50507839086296,55.51401793920908,57.48368524314098,59.43375434311399,61.38396064268454,63.35407392839039,65.36388375385806,67.43319131944043,69.56198449389888,71.67097311621643,73.66104809559826,75.43310207950043,76.92981175658136,78.2609851587123,79.57821385021825,81.03308990112579,82.71107239010993,84.43308738788136,85.97951514711855,87.23308638239718,88.09438863752345,88.43308611430555,88.14144796010453,87.23308638239718,85.76713259610105,83.86345065958194,81.65708797644088,79.28309219829598,76.85497068569184,74.40006893459447,71.92419319026251,69.43315218368707,66.93275905770241,64.42883473785378,61.92721377377218,59.43375434311399
52.43986820630073,54.507971165040345,56.51711090660294,58.486902312718215,60.43704964139923,62.38730587274945,64.35745128338822,66.36728184166957,68.43660276098674,70.56540441247489,72.67439818962423,74.66447620003575,76.43653193099277,77.93324261887867,79.26441666952738,80.58164583406791,82.03652226500549,83.71450506004885,85.43652027024172,86.98294816025239,88.23651947218835,89.09782176852642,89.43651925940387,89.14488109313228,88.23651947218835,86.77056559391141,84.86688348076217,82.66052046813387,80.28652408827114,77.8584015052885,75.40349785496268,72.92761873068469,70.43657169879111,67.93616782735944,65.43222436179458,62.93056936153005,60.43704964139923
53.44261071274457,55.51097540540924,57.52027406934147,59.4901639867477,61.44037341013812,63.39066927421871,65.36084018319214,67.37068719742852,69.44001871573704,71.56882709549713,73.67782496405745,75.66790538020553,77.43996249780335,78.93667398796669,80.26784855334478,81.58507809333335,83.03995482590105,84.71793786386391,86.43995324265583,87.98638123646145,89.23995260924042,90.10125493828826,90.43995244035324,90.14831426450128,89.23995260924042,87.77399865795823,85.87031640461757,83.663953130475,81.28995627302831,78.86183284048496,76.40692768273837,73.9310458757887,71.43999406157565,68.93958166140946,66.43562299966541,63.933940984187174,61.44037341013812
54.44549565520083,56.51406813427042,58.52349295318672,60.493461066190434,62.4437197770464,64.39404709881177,66.3642382463047,68.37409832183647,70.44343825264872,72.57225197267266,74.68125308859956,76.67133541418622,78.44339363236317,79.94010575929515,81.27128073321447,82.58851057119651,84.04338754316832,85.72137077393651,87.44338628654562,88.98981436273343,90.24338578380345,91.10468813881312,91.4433856497576,91.15174746630166,90.24338578380345,88.77743177457695,86.87374940996625,84.66738592825963,82.29338869175416,79.86526458491362,77.41035823072502,74.93447429453317,72.44341868457721,69.94299951510742,67.43902879201305,64.93732533411873,62.4437197770464
55.44849367813052,57.51723110765879,59.52675606732977,61.496786248715054,63.44708408086143,65.39743637134225,67.36764358245978,69.37751402487157,71.44686063274207,73.57567859135571,75.68468228472642,77.67476612583812,79.44682521754629,80.94353784988226,82.27471314806117,83.59194322256087,85.04682038454791,86.72480376834585,88.44681938716573,89.99324752874028,91.24681898813898,92.10812136375455,92.44681888174671,92.15518069225551,91.24681898813898,89.78086493292209,87.87718247999628,85.67081883354592,83.29682129618124,80.86869665415036,78.41378935034427,75.9379037241691,73.44684510152152,70.94642055922509,68.44244026294562,65.94071978592552,63.44708408086143
56.551581471325946,58.62044984119996,60.63005428987209,62.60013373779623,64.55046262166736,66.50083473029346,68.47105469130794,70.48093336199531,72.55028526948173,74.67910659227852,76.78811233137228,78.7781973753587,80.55025716038966,82.0469701938653,83.37814574940933,84.69537601163327,86.15025332443554,87.82823682969328,89.55025253281275,91.09668072628479,92.35025221610499,93.21155460807546,93.55025213166141,93.25861393737998,92.35025221610499,90.88429812438545,88.98061560136391,86.77425182415635,84.40025404799947,81.97212898118757,79.51722092366904,77.04133395615153,74.55027294232373,72.04984413559504,69.54585624102002,67.04412225574146,64.55046262166736
57.5547405267187,59.623712836036006,61.63338037972629,63.60349893231226,65.55385246266933,67.50424030125927,69.47447038199313,71.484355583516,73.55371169733002,75.68253569028839,77.79154305307657,79.7816290517863,81.55368938710835,83.0504027389689,84.38157849878381,85.69880891000464,87.15368634250905,88.83166994416952,90.55368571419757,92.1001139488607,93.35368546282646,94.21498786777786,94.55368539580354,94.26204719772014,93.35368546282646,91.88773134213477,89.9840487634782,87.77768488248859,85.40368691680216,82.97556151284125,80.52065285710042,78.04476482495774,75.55370191324555,73.05326972182415,70.54927579644416,68.0475310895471,65.55385246266933
58.657956150194934,60.72701096387763,62.736728588987475,64.70687818008808,66.6572512728248,68.60765159647896,70.57788970931468,72.58778009439587,74.65713954678674,76.78596565905865,78.8949743105757,80.88506106705053,82.65712183913912,84.15383544370204,85.48501136564693,86.80224189512668,88.25711942263877,89.93510310081412,91.65711892394756,93.2035471913041,94.4571187244342,95.31842113968852,95.65711867123807,95.36548047013702,94.4571187244342,92.99116458074728,91.08748195793314,88.88111799457165,86.50711987845553,84.07899420689918,81.62408507634879,79.14819619921188,76.65713178114575,74.15669690328525,71.65269819123097,69.15094497451238,66.6572512728248
59.76121667635044,61.83033697856365,63.84009435513093,65.81026858222502,67.7606572019168,69.71106743508867,71.68131192305529,73.69120642234878,75.76056852457765,77.88939631895295,79.99840599333594,81.9884933512497,83.7605544700003,85.2572682751333,86.58844432576086,87.90567494910279,89.36055255202251,91.0385362909278,92.76055215621106,94.30698044951632,95.56055199785717,96.42185442128894,96.76055195563538,96.46891375213923,95.56055199785717,94.09459783591896,92.19091517805694,89.98455114931681,87.61055291380455,85.18242702985754,82.7275175224504,80.25162797464068,77.76056236097932,75.26012535088645,72.7561228396329,70.2543628686222,67.7606572019168
60.86451284466017,62.93368512816113,64.94347405662043,66.91366783776155,68.86406878138467,70.81448687981884,72.78473642776007,74.79463419251827,76.86399839792986,78.99282752739339,81.10183801362635,83.0919258489028,84.86398724279931,86.36070120712492,87.69187735988795,89.00910805772838,90.46398572049918,92.14196950760586,93.86398540634343,95.41041372024424,96.66398528065787,97.52528771058012,97.8639852471464,97.57234704174923,96.66398528065787,95.19803110423356,93.29434841855404,91.08798433792286,88.7139860076458,86.28585995512418,83.83095014860557,81.35506006848225,78.86399350587546,76.36355480342598,73.85954927673752,71.35778394481494,68.86406878138467
61.967837303977205,64.03705084694786,66.04686481887818,68.01707412035776,69.96748484560436,71.91790918674727,73.88816275081182,75.89806310737876,77.96742898209072,80.09625917121568,82.20527030181483,84.19535851597445,85.96742012825447,87.46413421893136,88.79531045275942,90.11254120972934,91.567418920004,93.24540274536812,94.96741867065839,96.5138470009059,97.7674185709017,98.62872100597542,98.96741854430363,98.67578033739767,97.7674185709017,96.30146438297977,94.39778167522148,92.19141755340436,89.81741914791242,87.38929296159301,84.93438291766941,82.45849241504834,79.96742509926256,77.46698505358708,74.96297713354103,72.46120754664304,69.96748484560436
63.171184219022436,65.24043051084922,67.25026436024784,69.22048598040526,71.17090446940259,73.12133376541564,75.09159051709122,77.10149293078295,79.1708601304214,81.29969116060101,83.40870280263424,85.39879131751374,87.17085310312491,88.6675672940869,89.99874359225632,91.31597439615734,92.77085214413582,94.44883599986491,96.17085194623009,97.71728028945196,98.97085186705314,99.83215430621559,100.17085184594225,99.87921363783872,98.97085186705314,97.50489767000556,95.60121494472332,93.39485079021688,91.02085232502685,88.5927260325121,86.13781580015998,83.66192496220211,81.17085704861742,78.67041593682171,76.16640611716313,73.66463315307837,71.17090446940259
64.87474622841356,66.96770599393494,69.01372921721108,71.0320703874241,73.04130739007886,75.05850298572987,77.0984563906439,79.1733094124507,81.2928628884757,83.45032697829232,85.5781360540645,87.59559931628078,89.42479377003852,91.0285351086932,92.51069608119337,94.00139701570896,95.61583187847177,97.40195983376057,99.19387411128497,100.8135716707682,102.22410335328895,103.37663854921522,103.92029516613167,103.48681146460655,102.22410335328895,100.39129555369824,98.17642558888292,95.73335718183122,93.19809313710002,90.67400109017225,88.16555622150409,85.66114162190694,83.15446923780638,80.64147866484363,78.11911458301853,75.58551363565587,73.04130739007886
63.63425706532237,65.70349932102287,67.71333072063986,69.68355082259725,71.6339683547628,73.58439704012112,75.55465339894522,77.56455555911035,79.63392259546072,81.76275352198613,83.87176510098863,85.8618535788065,87.63391534305582,89.13062952165834,90.46180581189816,91.77903661001524,93.23391435334698,94.9118982053338,96.63391414910164,98.18034249072451,99.43391406738839,100.29521650604693,100.63391404560123,100.3422758376453,99.43391406738839,97.9679598714655,96.06427714834295,93.85791299786524,91.48391454003259,89.05578826060565,86.60087805147606,84.12498725484612,81.633919414936,79.13347843453226,76.62946884898793,74.1276963011185,71.6339683547628
62.22759194528416,64.29675782230842,66.30654286216154,68.27673423338075,70.2271336581563,72.17755078724801,74.14779971158106,76.15769707389282,78.2270610201015,80.35588998502459,82.46490037120262,84.45498814764741,86.22704950763409,87.72376345234034,89.05493959251588,90.37217028117489,91.82704793656946,93.50503171773565,95.22704761235019,96.77347592371274,98.02704748263848,98.88834991176083,99.22704744805353,98.93540924289067,98.02704748263848,96.5610933079995,94.65741062574828,92.45104655151235,90.07704823291436,87.6489222011684,85.19401243151319,82.71812241699385,80.22705597133805,77.72661747745991,75.22261232240326,72.72084765117712,70.2271336581563
61.22093439553102,63.29841326062798,65.32079096193088,67.30776157029017,69.27879902213448,71.25284376284614,73.24799822463007,75.28133225747058,77.36895767312419,79.50826606196509,81.62417975368251,83.62435248994481,85.41758903057936,86.95444262056111,88.34329917310828,89.72833669597547,91.24704514804661,92.96909417763092,94.71993792443561,96.29687735906035,97.6168243844863,98.60496610075258,99.03581609387894,98.68014720847214,97.6168243844863,95.99789052263915,93.97030637003706,91.6732513499789,89.2392027444874,86.77600356276704,84.30174077661772,81.81560025778191,79.3189422727207,76.81401339734617,74.30345411869092,71.79036569926402,69.27879902213448
60.41468625398778,62.483538485460585,64.49313313731923,66.46320651334898,68.41353157025624,70.36390123641135,72.33411962608045,74.34399728268629,76.41334853703032,78.54216944521426,80.65117493218666,82.64125982792703,84.41331952751074,85.9100325115487,87.24120803537424,88.55843827446249,90.01331556867783,91.69129905896648,93.4133147516966,94.95974293877262,96.21331442484359,97.07461681479845,97.413314337695,97.12167614400393,96.21331442484359,94.74736033762277,92.84367782324,90.6373140621474,88.26331631542001,85.83519130095942,83.38028333633075,80.90439653412444,78.41333581499326,75.91290753382707,73.4089205756918,70.90718825522045,68.41353157025624
44.33013869104967,46.39147778996363,48.39650523444982,50.3637455168963,52.31228399343365,54.26151303091811,56.23099744696205,58.240401361223235,60.30944746357861,62.43807465105124,64.54696233440096,66.53697796074186,68.30899773376439,69.80568761710268,71.13684831980646,72.45406774821356,73.9089363572495,75.58691285287205,77.30892369092547,78.85534888930474,80.10891862344826,80.97022007154823,81.30891727230897,81.01727935447869,80.10891862344826,78.64296663835816,76.73928816067954,74.53293192967973,72.15894793457008,69.73084738238617,67.27598282219367,64.80017326351681,62.30925024129263,59.80906751817666,57.30551805740275,54.8045634128506,52.31228399343365
45.32920165148404,47.39219278898682,49.39822559203701,51.36608992493828,53.315022097866404,55.26450255386894,57.23414878033864,59.243657146254435,61.3127705338305,63.44144043812909,65.55035409876074,67.54038500019155,69.31241357779145,70.80910855530871,72.1402725263855,73.45749433878355,74.91236486309431,76.59034290119813,78.31235480981816,79.85878066727346,81.11235078775724,81.97365244355794,82.31234971535704,82.0207117366931,81.11235078775724,79.64639833909901,77.74271897123486,75.5363610796792,73.16237405203245,70.73426810539178,68.2793939736483,65.80356738140438,63.312613995157776,60.81237712504708,58.30873119944455,55.80760510198746,53.315022097866404
46.329163081255814,48.39346736417511,50.40029885153811,52.36865878032475,54.3179035454439,56.26758359940179,58.23735827414248,60.24694955125908,62.316116346324094,64.44482015623467,66.55375443551311,68.54379746096066,70.31583302682142,71.81253204761614,73.14369861281384,74.46092231739291,75.91579436186191,77.59377362423598,79.31578638256624,80.86221276313097,82.11578319025341,82.97708501090631,83.31578233908866,83.02414431214095,82.11578319025341,80.64983037366068,78.74615029925522,76.53979108971367,74.16580165513496,71.73769142689363,69.28280969815057,66.80696958618417,64.31599209945568,61.81571225113143,59.31198975590614,56.810727558993634,54.3179035454439
47.32983878284763,49.39518652289786,51.40265238730656,53.371405851568454,55.32089879385609,57.27073729839938,59.24061393473015,61.25027102346735,63.319480210084066,65.44821093168089,67.55716157628277,69.54721422467574,71.31925533716259,72.81595756712447,74.14712619128454,75.46435139769264,76.9192246487143,78.59720488279359,80.3192183155399,81.86564511129711,83.11921578179891,83.98051773329516,84.31921510622888,84.02757704095836,83.11921578179891,81.65326267317627,79.7495820379882,77.54322178235941,75.16923043739399,72.74111681083295,70.28622905231296,67.81037820962777,65.31938159399314,62.819067632757466,60.31528436075658,57.81391413080088,55.32089879385609
48.33108213234439,50.39725883018586,52.40522849061992,54.37429441813927,56.323984384518326,58.27394867001564,60.24390624095666,62.25361556753472,64.32285840160807,66.45161048351845,68.56057411747048,70.55063440366774,72.32267991853968,73.8193846956291,75.15055495399326,76.46778135240626,77.92265556107088,79.60063656639393,81.32265053442498,82.86907765972086,84.12264852339305,84.98395057873977,85.32264798719271,85.03100989150533,84.12264852339305,82.65669518298603,80.75301410270427,78.54665301679478,76.17266015555217,73.74454383173601,71.28965128735727,68.81379192762695,66.32278012915461,63.82243909180241,61.31860757908446,58.81715159641976,56.323984384518326
49.332776484948006,51.399611609757414,53.407981316592824,55.37729531818,57.32714169150904,59.27720582116123,61.24722763476012,63.25697842450748,65.32624796537849,67.45501700129222,69.56399094501441,71.55405729338338,73.3261063024465,74.8228131011986,76.15398465663432,77.47121200114378,78.926086969891,80.60406858735115,82.32608298023823,83.8725103670892,85.12608138408089,85.98738352185377,86.32608095849835,86.0344428386691,85.12608138408089,83.6601278597064,81.75644642615342,79.55008468124923,77.17609061653522,74.7479721519019,72.29307580897088,69.81720968921454,67.32618583998058,64.82582331187153,62.32195350911138,59.82042946017597,57.32714169150904
50.33482908955909,52.402187112609056,54.410874451984654,56.380385395349236,58.33035592711994,60.28049931053076,62.250572116594654,64.26035581692084,66.32964655549117,68.45842904800234,70.5674111746677,72.55748233461232,74.32953411702672,75.82624252037752,77.1574151053014,78.47464320072913,79.92951877275488,81.60750087606885,83.32951560616456,84.875943200612,86.12951433929348,86.99081654248808,87.32951400150837,87.0378758625177,86.12951433929348,84.66356066890393,82.75987895495928,80.55351668701036,78.17952166709956,75.75140150329574,73.29650214544327,70.8206306602237,68.32959724620864,65.82921766060437,63.32531746616098,60.82373939028133,58.33035592711994
51.43716622224795,53.504939461826325,55.51387897911363,57.483546263791084,59.43361535162663,61.38382164344995,63.35393492417137,65.36374474642217,67.4330523099326,69.56184548307574,71.6708341045935,73.66090908350506,75.43296306713613,76.92967274406021,78.26084614609053,79.57807483752308,81.03295088837166,82.71093337730832,84.43294837504678,85.97937613426369,87.23294736953042,88.09424962465029,88.4329471014302,88.14130894723107,87.23294736953042,85.76699358324859,83.86331164675687,81.6569489636669,79.28295318561537,76.85483167317733,74.39992992237464,71.9240541785671,69.43301317292654,66.93262004860915,64.42869573173115,61.92707477293051,59.43361535162663
52.43972930057632,54.50783221871056,56.51697193561674,58.4867633264478,60.43691064549449,62.38716687069544,64.35731227737794,66.36714283310602,68.43646375077864,70.56526540122283,72.67425917773735,74.66433718777563,76.43639291851747,77.9331036062789,79.26427765684775,80.58150682133001,82.03638325222079,83.71436604722646,85.43638125739318,86.98280914738773,88.23638045931426,89.09768275564723,89.43638024652294,89.14474208025288,88.23638045931426,86.77042658104864,84.86674446792117,82.66038145533341,80.28638507554481,77.85826249269398,75.40335884260205,72.9274797187403,70.43643268758873,67.93602881748039,65.43208535427337,62.93043035820047,60.43691064549449
53.44247178492296,55.510836445350805,57.52013508971007,59.49002499498398,61.44023441072716,63.39053026992684,65.3607011757601,67.3705481879699,69.43987970497315,71.56868808390462,73.67768595196108,75.66776636781293,77.43982348523997,78.93653497530451,80.2677095406192,81.58493908056153,83.0398158130921,84.71779885102504,86.4398142297962,87.98624222358904,89.23981359636048,90.10111592540433,90.43981342746793,90.14817525161715,89.23981359636048,87.77385964508731,85.87017739176389,83.66381411765352,81.28981726026566,78.86169382782694,76.406788670266,73.9309068636467,71.4398550500226,68.93944265090673,66.43548399103412,63.933801978882855,61.44023441072716
54.44535670983565,56.51392916331359,58.52335396669285,60.493322070066355,62.44358077485239,64.39390809274366,66.36409923774417,68.37395931166742,70.44329924144367,72.57211296080996,74.68111407633697,76.67119640168846,78.44325461972986,79.93996674658342,81.27114172045242,82.58837155839777,84.04324853034012,85.72123176108457,87.44324727367719,88.98967534985485,90.24324677091892,91.10454912592539,91.44324663686876,91.15160845341379,90.24324677091892,88.77729276169958,86.87361039710257,84.66724691542149,82.29324967896272,79.86512557220522,77.41021921816397,74.93433528223433,72.4432796727458,69.94286050410966,67.43888978250067,64.937186327247,62.44358077485239
55.448354718837834,57.517092128050706,59.526617075388685,61.49664724912995,63.44694507645845,65.3972973638643,67.36750457300357,69.37737501413866,71.4467216211869,73.57553957927851,75.68454327233184,77.6746271132569,79.4466862048575,80.94339883713124,82.27457413527019,83.59180420974076,85.04668137170441,86.7246647554835,88.4466803742903,89.99310851585679,91.24667997525079,92.10798235086384,92.44667986885514,92.15504167936464,91.24667997525079,89.78072592003954,87.87704346712462,85.67067982069455,83.29668228336692,80.86855764140194,78.41365033771281,75.93776471174576,73.4467060894692,70.94628154783443,68.44230125273393,65.94058077780974,63.44694507645845
56.55144250097702,58.62031085472461,60.62991529360724,62.59999473546402,64.55032361551106,66.50069572169652,68.47091568114082,70.48079435081489,72.55014625764865,74.67896758003108,76.78797331887297,78.77805836271125,80.5501181476568,82.04683118108306,83.37800673659537,84.69523699879619,86.15011431157993,87.82809781682269,89.55011351993177,91.09654171339741,92.35011320321388,93.21141559518236,93.55011311876758,93.25847492448673,92.35011320321388,90.88415911149883,88.98047658848591,86.77411281129449,84.40011503516699,81.97198996840741,79.5170819109817,77.04119494362939,74.55013393009605,72.04970512389255,69.54571723025325,67.04398324663825,64.55032361551106
57.55460154759318,59.6235738441096,61.63324138002946,63.60335992779959,65.55371345512137,67.50410129177415,69.47433137126175,71.48421657198035,73.55357268527634,75.6823966779059,77.79140404049411,79.78149003908628,81.55355037434052,83.05026372616189,84.38143948595162,85.6986698971541,87.1535473296438,88.83153093129239,90.55354670131221,92.09997493597027,93.35354644993305,94.21484885488283,94.55354638290798,94.26190818482505,93.35354644993305,91.88759232924494,89.98390975059522,87.77754586961835,85.40354790395529,82.9754225000359,80.52051384436874,78.04462581235714,75.5535629008787,73.05313070987413,70.54913678523687,68.04739207966016,65.55371345512137
58.65781716410261,60.72687196762443,62.736589586566566,64.7067391738447,66.65711226417228,68.60751258628888,70.57775069813545,72.58764108257827,74.65700053455798,76.78582664656889,78.89483529792726,80.88492205430879,82.65698282634358,84.15369643087539,85.48487235280027,86.80210288226546,88.25698040976584,89.93496408793179,91.65697991105871,93.2034081784112,94.45697971153893,95.31828212679201,95.65697965834111,95.36534145724042,94.45697971153893,92.99102556785486,91.08734294504617,88.8809789816948,86.50698086559721,84.07885519407385,81.62394606358191,79.14805718654905,76.65699276866845,74.15655789113877,71.65255917967399,69.15080596400341,66.65711226417228
59.76107768472808,61.83019797887607,63.839955350547854,65.81012957460796,67.76051819238758,69.71092842433907,71.68117291152058,73.69106741030743,75.76042951220995,77.88925730637808,79.99826698063512,81.98835433847485,83.76041545718275,85.25712926229103,86.5883053129027,87.9055359362331,89.36041353914351,91.03839727804134,92.76041314331941,94.30684143662148,95.56041298496044,96.42171540839126,96.7604129427373,96.46877473924147,95.56041298496044,94.09445882302448,92.1907761651668,89.98441213643471,87.61041390093715,85.1822880170163,82.72737850965558,80.25148896192846,77.76042334841434,75.25998633858404,72.75598382779836,70.25422385761945,67.76051819238758
60.8643738486483,62.93354612574758,64.94333505032118,66.9135288290542,68.8639297711596,70.81434786862516,72.78459741594324,74.7944951802993,76.86385938545189,78.99268851475097,81.10169900088397,83.09178683610165,84.86384822996426,86.36056219427026,87.69173834702072,89.00896904485197,90.46384670761542,92.14183049471616,93.8638463934496,95.41027470734787,96.66384626776001,97.52514869768146,97.86384623424749,97.57220802885055,96.66384626776001,95.1978920913375,93.29420940566139,91.0878453250366,88.71384699477122,86.28572094227036,83.83081113578857,81.35492105573081,78.8638544932409,76.36341579099982,73.85941026468272,71.35764493342035,68.8639297711596
61.96769830448119,64.0369118423706,66.04672581121676,68.01693511078498,69.96734583482699,71.9177701752011,73.88802373877107,75.89792409501881,77.96728996952518,80.09612015851965,82.20513128903944,84.19521950315243,85.96728111540556,87.46399520606687,88.79517143988495,90.11240219684757,91.56727990711639,93.2452637324758,94.9672796577628,96.51370798800829,97.76727955800291,98.62858199307601,98.967279531404,98.67564132449822,97.76727955800291,96.30132537008242,94.39764266232685,92.19127854051477,89.81728013503212,87.38915394872919,84.93424390483482,82.45835340226577,79.96728608657276,77.4668460410627,74.96283812131138,72.4610685349374,69.96734583482699
63.1710452167609,65.2402915045546,67.25012535150528,69.22034697014564,71.17076545818685,73.12119475358969,75.09145150487272,77.10135391831113,79.17072111778643,81.29955214786243,83.40856378983267,85.39865230467515,87.170714090265,88.6674282812146,89.99860457937612,91.31583538327135,92.7707131312452,94.44869698697055,96.17071293333314,97.7171412765534,98.97071285415365,99.83201529331559,100.17071283304207,99.87907462493868,98.97071285415365,97.5047586571072,95.6010759318271,93.39471177732469,91.02071331214202,88.59258701964035,86.13767678731143,83.66178594939485,81.17071803588377,78.67027692421935,76.16626710479473,73.66449414112583,71.17076545818685
64.87461193652017,66.96757205901763,69.01359582508863,71.0319377108824,73.04117557794059,75.05837214093444,77.09832654002001,79.17318047409823,81.2927346457507,83.45019912885675,85.5780084614171,87.59547209563564,89.42466731829413,91.02841007040725,92.5105729785848,94.00127605554277,95.61571281476992,97.40184201638817,99.19375708311435,100.81345545633637,102.22398883655285,103.3765270244593,103.92018562991768,103.4867005622173,102.22398883655285,100.39117697099681,98.17630327746954,95.73323184977954,93.1979656507597,90.67387228337923,88.16542666532368,85.66101166267045,83.15433905697023,80.64134830524583,78.11898396105923,75.5853825561064,73.04117557794059
63.63109431850198,65.70033647946403,67.71016782157818,69.6803878878994,71.63080539760557,73.58123406863018,75.55149041823299,77.5613925724472,79.63075960496477,81.75959052905712,83.86860210658014,85.8586905835281,87.63075234727597,89.12746652558839,90.45864281564207,91.77587361362339,93.23075135684607,94.90873520874504,96.63075115245192,98.17717949403726,99.43075107067914,100.29205350932584,100.6307510488761,100.33911284092363,99.43075107067914,97.96479687478265,96.06111415171078,93.85475000132763,91.48075154366768,89.05262526454797,86.59771505596346,84.12182426030358,81.63075642212283,79.1303154448032,76.62630586475414,74.12453332665437,71.63080539760557
62.22442934526896,64.29359507191661,66.30338002049396,68.27357133514593,70.22397072427012,72.1743878306088,74.1446367403041,76.15453409316936,78.22389803329385,80.3527269943547,82.46173737818421,84.4518251532481,86.22388651243881,87.72060045668451,89.0517765965646,90.36900728500808,91.82388494022952,93.50186872125627,95.22388461577405,96.77031292707703,98.02388448596784,98.88518691507142,99.22388445135769,98.93224624620032,98.02388448596784,96.55793031137077,94.65424762920001,92.44788355511416,90.07388523679033,87.64575920553204,85.19084943674213,82.71495942376268,80.22389298085201,77.7234544918696,75.21944934553615,72.71768468981833,70.22397072427012
61.217842390166226,63.295326895863624,65.31771325150622,67.30469541453508,69.27574704947935,71.24980796237602,73.24497938483128,75.27832929348651,77.36596702123789,79.50528245173956,81.6212007730449,83.62138026128417,85.41463092988195,86.95151111333038,88.34040545275829,89.72548675909036,91.24423580691676,92.96631251522558,94.71717421821384,96.29413252806191,97.6141201602514,98.60233776737466,99.03324152297853,98.6775354027454,97.6141201602514,95.99509176705834,93.9674285714748,91.67031424797891,89.23622568788124,86.77300291344213,84.29872702776173,81.81257954794944,79.31591776059673,76.81098583069834,74.30042208949516,71.78732594453722,69.27574704947935
60.41152425679432,62.480376109458845,64.48997053136132,66.46004376486796,68.41036873194636,70.36073834077024,72.3309566935557,74.34083432635833,76.41018556537136,78.53900646382326,80.64801194487772,82.63809683713836,84.41015653471639,85.90686951759392,87.2380450406749,88.5552752792201,90.01015257299917,91.68813606293647,93.4101517554227,94.95657994234863,96.21015142833159,97.07145381823912,97.41015134111949,97.11851314744226,96.21015142833159,94.74419734121636,92.84051482703639,90.634151066322,88.2601533202854,85.83202830705363,83.37712034460536,80.90123354627934,78.41017283406546,75.90974456523566,73.4057576290811,70.90402534768715,68.41036873194636
44.32821964524594,46.389555190405865,48.39458047156933,50.361819410936434,52.310357040062186,54.259585536340694,56.229069604053336,58.23847329345324,60.307519250955565,62.436146346465364,64.54503397388947,66.53504956734498,68.30706932141231,69.80375919378343,71.13491988945077,72.45213931272542,73.90700791763797,75.58498440993972,77.30699524568834,78.85342044264867,80.10699017596045,80.96829162361328,81.30698882422107,81.01535090652175,80.10699017596045,78.64103819186835,76.7373597161062,74.53100348868142,72.15701950010046,69.72891895953023,67.27405441994416,64.79824489793847,62.307321941083956,59.80713933453805,57.30359008143432,54.80263580597581,52.310357040062186
45.32728067312169,47.390268985399366,49.39630006966592,51.364163335876285,53.31309483593694,55.26257486227132,57.23222081222407,59.24172899964847,61.31084227224697,63.43951210355162,65.54842571979395,67.53845659512322,69.31048515767822,70.80718012649078,72.13834409198273,73.4555659003071,74.91043642134511,76.58841445681321,78.31042636360391,79.85685221993302,81.11042233975667,81.97172399520242,82.31042126688016,82.01878328832012,81.11042233975667,79.64446989189054,77.74079052554751,75.53443263682934,73.16044561436442,70.73233967694156,68.27746556155356,65.80163899841598,63.3106856640546,60.81044888646977,58.306803125708214,55.80567732124223,53.31309483593694
46.32724056624778,48.391542603874626,50.39837272593216,52.36673180765179,54.315976038541436,56.26565575140049,58.23543020664039,60.24502134207637,62.314188045878836,64.44289179785218,66.55182604189812,68.54186904662859,70.31390460054811,71.81060361443386,73.14177017519884,74.45899387654467,75.91386591841609,77.59184517869815,79.31385793557646,80.86028431524736,82.11385474184581,82.97515656221702,83.31385389030301,83.02221586343782,82.11385474184581,80.64790192588178,78.74422185268361,76.5378626453942,74.16387321492833,71.73576299400322,69.28088127824157,66.80504118937716,64.31406374383084,61.81378396894698,59.3100616045643,56.80879964022499,54.315976038541436
47.327915046452006,49.39326100257614,51.40072578264365,53.369478574314485,55.3189710924741,57.26880932624229,59.23868578833685,61.24834276461456,63.31755187879311,65.44628255440396,67.55523317104132,69.54528580299097,71.317326906,72.81402913047819,74.14519775112004,75.46242295496185,76.91729620392181,78.5952764363407,80.31728986793459,81.86371666298234,83.11728733306828,83.97858928434093,84.3172866571982,84.02564859199316,83.11728733306828,81.65133422494463,79.7476535907148,77.54129333687354,75.1673019951725,72.73918837441832,70.28430062620176,67.80844980185279,65.31745321890497,62.81713931596063,60.313356147814744,57.81198610246892,55.3189710924741
48.32915742542754,50.39533270620751,52.4033015055596,54.37236689907067,56.3220565287499,58.27202059930465,60.24197803194275,62.251687269256934,64.32093004583417,66.44968209124471,68.55864570300102,70.54870597614709,72.32075148349645,73.81745625623344,75.14862651180519,76.46585290818135,77.92072711520956,79.59870811921475,81.32072208633113,82.86714921106389,84.12072007440601,84.98202212957526,85.32071953796753,85.02908144233211,84.12072007440601,82.65476673439505,80.75108565487385,78.54472457038312,76.17073171173143,73.74261539252423,71.28772285632334,68.81186351114661,66.3208517386181,63.82051074753279,61.3166793172479,58.815223481118466,56.3220565287499
49.33085100703062,51.39768500638698,53.40605402950392,55.37536760713982,57.3252137131864,59.27527767222081,61.2452993760413,63.255050094936905,65.32431959017202,67.45308859711533,69.56206252322059,71.55212886123078,73.32417786432318,74.82088465962077,76.15205621284011,77.46928355573294,78.92415852318135,80.60214013959549,82.32415453175662,83.87058191816065,85.12415293489036,85.98545507252238,86.32415250911879,86.03251438933079,85.12415293489036,83.65819941083024,81.75451797788088,79.54815623410278,77.17416217144518,74.74604371046996,72.29114737402979,69.81528126582468,67.32425743718257,64.82389494579621,62.32002520846528,59.8185012758415,57.3252137131864
50.33290299925834,52.400260128574956,54.4089469251081,56.37845753191385,58.328427851514846,60.27857109949508,62.248643818423204,64.25842746251243,66.32771816486078,68.45650063437785,70.56548274706049,72.55555389878327,74.32760567645875,75.82431407706767,77.15548666023241,78.47271475437701,79.92759032537188,81.60557242785569,83.32758715737518,84.87401475146788,86.12758588994141,86.98888809302423,87.3275855520063,87.03594741304835,86.12758588994141,84.66163221980136,82.75795050633583,80.55158823928068,78.17759322100207,75.74947306010174,73.294573707401,70.8187022313497,68.32766883367853,65.82728927722152,63.323389134710624,60.82181115115168,58.328427851514846
51.43523964562085,53.503012175552215,55.511951261875026,57.48161827938242,59.43168719880144,61.38189338312637,63.35200659468521,65.36181637229953,67.43112390706005,69.55991706195258,71.66890567237218,73.65898064475806,75.4310346246278,76.92774429937566,78.25891770000976,79.57614639042387,81.03102244045428,82.70900492873199,84.43101992601311,85.97744768494847,87.23101892005018,88.09232117508131,88.43101865183087,88.13938049765773,87.23101892005018,85.76506513396636,83.8613831978549,81.65502051547435,79.28102473871826,76.85290322858472,74.39800148187098,71.92212574534034,69.43108475267202,66.93069165148907,64.42676737583072,61.92514649030767,59.43168719880144
52.43780233777687,54.50590469248087,56.51504406726093,58.484835246011755,60.43498243137529,62.385238571250255,64.35538392303653,66.36521444333586,68.43453533818942,70.56333697414793,72.67233074185381,74.66240874671263,76.43446447446908,77.93117516050324,79.2623492099639,80.57957837363786,82.03445480387921,83.7124375983619,85.43445280816563,86.98088069793671,88.23445200973225,89.09575430599477,89.43445179684643,89.14281363059699,88.23445200973225,86.7684981316238,84.86481601879815,82.65845300677344,80.28445662801306,77.8563340469913,75.40143040014479,72.92555128205873,70.4345042612033,67.93410040945692,65.43015697896647,62.92850204105564,60.43498243137529
53.44054451550811,55.50890872862571,57.51820710139555,59.488096838324154,61.43830614795604,63.38860193942966,65.35877280169062,67.36861978578014,69.43795128467167,71.5667596521058,73.67575751317082,75.66583792491167,77.43789503996925,78.93460652866284,80.26578109309797,81.58301063239874,83.03788736441388,84.7158704019317,86.43788578041477,87.98431377403023,89.23788514669772,90.09918747568565,90.4378849777301,90.14624680189573,89.23788514669772,87.77193119554929,85.86824894246544,83.66188566880194,81.2878888122302,78.8597653812432,76.40486022625815,73.928978424223,71.43792661877097,68.93751423422914,66.43355560032403,63.93187363433705,61.43830614795604
54.443429196990536,56.51200129536541,58.52142588315644,60.491393852903386,62.4416524734645,64.3919797375998,66.36217084801623,68.37203089962011,70.44137081502095,72.57018452526175,74.6791856352396,76.66926795732823,78.44132617348897,79.93803829925443,81.2692132724253,82.58644310986143,84.04132008139467,85.71930331180967,87.44131882417362,88.98774690021045,90.24131832119207,91.10262067615416,91.44131818708239,91.14968000364037,90.24131832119207,88.77536431207173,86.87168194766485,84.66531846633849,82.29132123052744,79.86319712492218,77.40829077292543,74.93240684063426,72.44135123763193,69.94093208056324,67.43696137956486,64.93525796095247,62.4416524734645
55.4464270127382,57.51516414005977,59.52468891626789,61.4947189839429,63.445016744419306,65.3953689891579,67.36557617084732,69.37544659426733,71.44479318990571,73.57361114075442,75.68261482940335,77.67269866773867,79.44475775784656,80.94147038925666,82.27264568684154,83.58987576090794,85.0447529225469,86.72273630606448,88.4447519246898,89.99118006614455,91.24475152547305,92.10605390105086,92.44475141903013,92.15311322954996,91.24475152547305,89.7787974703404,87.87511501757638,85.66875137142785,83.2947538346143,80.86662919356387,78.41172189149745,75.93583626841826,73.4447776512898,70.94435311883618,68.44037284009445,65.93865239425287,63.445016744419306
56.549514641463574,58.61838277144504,60.627987074490875,62.59806643215852,64.5483952591433,66.49876733146304,68.46898726912009,70.47886592473358,72.54821782251129,74.67703913914498,76.7860448744911,78.77612991627389,80.54818970003473,82.0449027327755,83.376078287848,84.69330854972809,86.14818586225405,87.82616936728928,89.5481850702543,91.09461326363129,92.34818475339574,93.20948714533627,93.54818466891194,93.2565464746393,92.34818475339574,90.88223066174308,88.97854813884996,86.77218436188195,84.3981865861625,81.97006152012881,79.51515346399106,77.0392664989308,74.54820548948355,72.04777669056716,69.54378880991192,67.04205484938005,64.5483952591433
57.55267356629774,59.6216456851927,61.631313113291924,63.60143159423839,65.55178507944355,67.50217288921664,69.47240295141151,71.48228814097013,73.55164424707831,75.68046823514507,77.7894755949587,79.77956159191945,81.55162192623337,83.04833527751065,84.37951103695133,85.69674144789923,87.15161888018434,88.82960248166822,90.55161825157369,92.09804648616135,93.35161800008288,94.2129204050105,94.55161793302806,94.2599797349516,93.35161800008288,91.88566387944427,89.98198130088963,87.77561742009011,85.4016194547509,82.97349405140764,80.51858539676273,78.04269736657037,75.55163445833503,73.05120227311427,70.5472083587825,68.04546367152705,65.55178507944355
58.655889086137805,60.7249437486699,62.73466128203039,64.70481081626886,66.65518387316779,68.60558417394968,70.5758222720709,72.58571264765598,74.65507209393068,76.78389820232012,78.89290685147628,80.88299360656292,82.65505437785137,84.15176798195135,85.4829439035992,86.80017443286232,88.25505196020035,89.93303563823554,91.65505146127173,93.20147972856833,94.45505126166333,95.31635367689879,95.65505120844188,95.36341300734634,94.45505126166333,92.98909711801855,91.08541449528532,88.8790505320747,86.50505241623418,84.07692674516807,81.6220176154875,79.14612873989856,76.65506432459202,74.15462945165295,71.65063074836769,69.1488775472388,66.65518387316779
59.75914953002983,61.82826971226699,63.838027016009846,65.80820119797127,67.7585897892181,69.70900000423606,71.67924448052366,73.6891389722801,75.75850106965456,77.88732886094832,79.99633853345745,81.98642589026943,83.75848700838495,85.25520081315051,86.58637686354228,87.9036074867123,89.35848508949388,91.03646882828791,92.75848469349395,94.30491298675167,95.55848453506468,96.41978695848147,96.75848449282273,96.46684628933099,95.55848453506468,94.09253037315989,92.18884771536209,89.98248368674172,87.60848545144817,85.18035956789026,82.72545006117352,80.24956051459245,77.75849490312135,75.25805789693464,72.75405539264108,70.25229543400397,67.7585897892181
60.86244563304233,62.93161782131338,64.94140669197003,66.9116004372886,68.86200135833465,70.81241944235995,72.78266898103149,74.7925667398075,76.86193094136615,78.99076006838385,81.09977055312953,83.08985838753148,84.86191978092394,86.35863374495791,87.68980989753385,89.00704059523778,90.46191825789893,92.13990204491733,93.8619179435936,95.40834625745667,96.66191781784819,97.52322024775853,97.86191778432078,97.5702795789271,96.66191781784819,95.19596364145042,93.29228095582187,91.08591687528575,88.71191854518229,86.2837924929695,83.82888268699884,81.35299260785068,78.86192604698232,76.36148734763319,73.85748182646887,71.35571650436728,68.86200135833465
61.96577004052999,64.03498350791352,66.04479743396469,68.01500670701145,69.96541741433845,71.91584174404494,73.88609530075212,75.89599565257096,77.96536152422482,80.09419171140851,82.20320284082723,84.19329105429276,85.96535266617272,87.46206675661811,88.79324299029768,90.11047374715928,91.5653514573469,93.24333528264094,94.96535120788258,96.51177953810013,97.76535110807839,98.62665354314265,98.96535108146765,98.67371287456443,97.76535110807839,96.29939692017754,94.39571421245967,92.189350090718,89.81535168536385,87.38722549928954,84.93231545580088,82.4564249539538,79.96535763954779,77.46491759633307,74.96090968067153,72.45914010156851,69.96541741433845
63.16911691443637,65.23836314626767,67.24819695925126,69.21841855684123,71.16883703161565,73.11926631855157,75.08952306438759,77.09942547431072,79.168792671522,81.29762370016083,83.40663534125711,85.39672385558572,87.16878564087935,88.66549983165761,89.99667612970917,91.31390693352422,92.76878468143363,94.44676853710709,96.16878448343365,97.71521282663176,98.96878440421901,99.83008684337395,100.16878438309806,99.87714617499674,98.96878440421901,97.50283020718814,95.59914748193802,93.39278332749146,91.0187848624108,88.59065857009057,86.13574833808366,83.6598575007401,81.16878958825056,78.66834847840794,76.16433866222937,73.66256570433148,71.16883703161565
64.87278797163056,66.96575599459385,69.01179177357663,71.03014949625543,73.03940649378923,75.05662446534873,77.09660086663989,79.1714749902733,81.2910445568497,83.44851774381526,85.57633275932514,87.59380462626906,89.42301686530305,91.0267908981762,92.50899664377766,93.9997471334484,95.61422586139001,97.40038264402062,99.19231517552385,100.81203155644191,102.22260250569806,103.37520690359545,103.91890951322128,103.48539421366824,102.22260250569806,100.38970066207722,98.17474445204583,95.73160617633977,93.19629230133529,90.67216971109917,88.16370750830735,85.65928358556918,83.15260607561113,80.63961136767833,78.11724121711333,75.58362968511462,73.03940649378923
63.62916602101288,65.6984081241799,67.70823943121455,69.67845947579599,71.62887697180084,73.57930563408121,75.54956197805862,77.55946412864245,79.62883115882181,81.75766208142991,83.86667365805036,85.85676213446759,87.6288238979096,89.12553807604503,90.45671436598516,91.77394516388367,93.2288229070398,94.9068067588852,96.62882270255487,98.17525104411732,99.42882262074576,100.29012505938526,100.62882259893306,100.33718439098269,99.42882262074576,97.96286842486538,96.05918570182446,93.852821551499,91.4788230939444,89.05069681501209,86.5957866067601,84.11989581169206,81.62882797456625,79.1283869991281,76.62437742243142,74.12260489029164,71.62887697180084
62.222501137338114,64.29166677224879,66.3014516651435,68.27164294528674,70.22204231266187,72.17245940512008,74.14270830588565,76.1526056529881,78.22196958940097,80.3507985481057,82.45980893050245,84.44989670472388,86.22195806342904,87.7186720073938,89.04984814709364,90.36707883540566,91.82195649052149,93.49994027146316,95.22195616592188,96.76838447718852,98.02195603605803,98.88325846515015,99.22195600143252,98.9303177962785,98.02195603605803,96.5560018614865,94.65231917936487,92.44595510537059,90.071956787214,87.64383075625321,85.18892098799114,82.71303097595111,80.22196453471511,77.72152604871934,75.21752090770747,72.71575626145045,70.22204231266187
61.21594981046566,63.29343716618661,65.3158278945925,67.30281589580892,69.27387469696666,71.24794378104741,73.24312377302932,75.27648170303237,77.36412565151244,79.50344463982492,81.61936530023252,83.6195481999057,85.412806006626,86.94969962627044,88.3386130570895,89.72371648420578,91.24248604198529,92.9645767340868,94.7154475087923,96.29241535460864,97.61242350156549,98.60067944840637,99.0316103639604,98.67588543333798,97.61242350156549,95.9933473501537,93.96564422003301,91.6684999342043,89.23439118718588,86.77115649247932,84.29687398819308,81.81072299129917,79.31405928280878,76.8091258095863,74.29855981364003,71.78545976527877,69.27387469696666
60.40959641661371,62.478448038187,64.48804231980513,66.45811546636581,68.40844037864427,70.35880995249332,72.329028282778,74.33890590105955,76.40825713071993,78.53707802323481,80.64608350067898,82.6361683908168,84.40822808717131,85.90494106934091,87.23611659196774,88.55334683018164,90.00822412369453,91.6862076134175,93.40822330575494,94.95465149258928,96.20822297851856,97.06952536839722,97.40822289126771,97.11658469759897,96.20822297851856,94.74226889146775,92.83858637741149,90.63222261692788,88.25822487131265,85.83009985883055,83.3751918977124,80.89930510175355,78.40824439375957,75.90781613245551,73.40382920971025,70.90209695215547,68.40844037864427
44.32678401436034,46.38811689994148,48.393140562103234,50.36037849632703,52.308915491260564,54.25814358250723,56.227627389532984,58.23703091064944,60.30607675974548,62.434703786431385,64.54359137200146,66.53360694084597,68.30562668072744,69.80231654489086,71.13347723529218,72.45069665472573,73.90556525655242,75.58354174636892,77.30555258039266,78.8519777762911,80.1055475089804,80.96684895629856,81.3055461567919,81.0139082391906,80.1055475089804,78.63959552563517,76.73591705130731,74.529560826558,72.15557684286307,69.72747631098437,67.27261178681991,64.79680229225849,62.305879384325834,59.80569686501957,57.30214776733368,54.801193768100376,52.308915491260564
45.32584359593727,47.388829793855464,49.394859591806906,51.36272205971933,53.31165305621434,55.261132760990364,57.23077850400118,59.24028655784477,61.30939974439545,63.43806952107229,65.54698310409422,67.5370139598894,69.30904251118498,70.80573747348302,72.13690143479533,73.45412324007103,74.90899375865979,76.58697179215534,78.30898369757696,79.85540955306325,81.10897967239283,81.97028132757299,82.30897859915987,82.01734062067766,81.10897967239283,79.64302722511954,77.73934785991486,75.53298997332021,73.15900295473335,70.73089702420901,68.27602292106124,65.8001963797065,63.30924308417542,60.80900637583581,58.30536073843926,55.80423515324425,53.31165305621434
46.32580233905922,48.39010269633937,50.39693179661985,52.36529024440517,54.31453407548405,56.26421353306887,58.23398782403707,60.24357885344098,62.31274548894366,64.44144919755749,66.55038341523586,68.54042640446193,70.31246194944472,71.80916095815988,73.14032751560747,74.45755121453357,75.91242325446098,77.59040251317745,79.31241526896913,80.85884164797105,82.1124120741774,82.97371389433778,83.31241122235167,83.02077319554823,82.1124120741774,80.6464592586839,78.74277918638926,76.53641998078527,74.16243055339743,71.73432033794768,69.2794386319012,66.80359856032601,64.31262114559993,61.812341425677985,59.308619159216335,56.807357368931974,54.31453407548405
47.326475905193575,49.391820526250854,51.39928449481117,53.36803678312323,55.31752898387063,57.267367014994036,59.23724334669228,61.24690023880669,63.3161092987734,65.44483993996886,67.55379053567793,69.54384315532165,71.31588425123755,72.81258647161181,74.14375508962061,75.46098029154189,76.9158535389589,78.59383377013516,80.31584720086661,81.8622739953834,83.11584466515811,83.97714661626344,84.3158439890635,84.02420592390743,83.11584466515811,81.64989155740791,79.74621092389523,77.53985067139168,75.16585933213366,72.73774571572531,70.28285797521971,67.80700716459336,65.31601060610794,62.81569674678812,60.3119136563661,57.810543749180056,55.31752898387063
48.3277175578439,50.39389177811329,52.40185993304243,54.370924926908316,56.32061430460547,58.27057821429986,60.24053554343368,62.25024471394387,64.31948744749171,66.4482394655862,68.5572030607315,70.54726332411023,72.31930882582975,73.81601359530947,75.14718384879134,76.46441024364316,77.91928444944674,79.59726545246565,81.31927941889754,82.86570654320886,84.11927740630396,84.9805794613404,85.31927686968726,85.02763877409073,84.11927740630396,82.65332406658939,80.74964298763739,78.54328190420841,76.16928904749578,73.74117273173783,71.28628020165718,68.81042086737216,66.31940911425974,63.81906815779999,61.315236789207006,58.813781062742805,56.32061430460547
49.32941056244018,51.39624371952176,53.40461223095231,55.373925491308256,57.323771397323895,59.27383522867004,61.243856850333685,63.25360751620468,65.32287697728646,67.45164596254864,69.5606198754696,71.55068620572742,73.32273520435139,74.81944199706365,76.15061354862428,77.46784089030723,78.92271585678365,80.60069747241499,82.32271186403281,83.86913925010235,85.12271026663599,85.98401240416263,86.32270984072298,86.03107172096584,85.12271026663599,83.65675674281113,81.75307531031356,79.54671356737816,77.1727195062596,74.74460104802208,72.28970471643953,69.81383861687922,67.32281480364783,64.8224523397443,62.31858265137981,59.81705880580223,57.323771397323895
50.33146209636801,52.39881855682583,54.40750494710237,56.377015302031595,58.32698546284736,60.27712860947297,62.24720126318974,64.2569848651919,66.32627554043214,68.45505799274065,70.56404009495886,72.55411124052856,74.3261630146574,75.82287141321436,77.15404399506255,78.47127208824686,79.92614765847026,81.60412976033274,83.32614448942104,84.87257208324826,86.12614322156618,86.98744542456535,87.3261428835188,87.03450474458533,86.12614322156618,84.66018955161286,82.75650783850588,80.55014557211959,78.17615055506252,75.74803039633508,73.29313104748988,70.81725957830001,68.32622619286042,65.82584665821685,63.32194655457161,60.82036864010435,58.32698546284736
51.43379837877001,53.50157037761036,55.510509141404654,57.48017595896522,59.430244752343356,61.38045085621778,63.350564016016165,65.36037376022509,67.42968127346955,69.55847441470348,71.66746301681738,73.65753798431953,75.42959196137434,76.92630163449354,78.25747503408269,79.57470372373463,81.02957977315272,82.7075622609373,84.42957725787616,85.97600501660081,87.229576251579,88.09087850654372,88.42957598327058,88.1379378291169,87.229576251579,85.76362246564341,83.85994052981653,81.65357784796684,79.27958207218029,76.85146056377138,74.39655882011778,71.92068308903308,69.42964210607303,66.9292490222036,64.42532477739357,61.923703946710546,59.430244752343356
52.43636078191949,54.50446271495923,56.51360183369626,58.483392853728844,60.43353993904549,62.383796015063496,64.35394132576613,66.363771819551,68.43309269732703,70.56189432244463,72.67088808355825,74.66096608454083,76.43302181006305,77.92973249480454,79.26090654343585,80.57813570650484,82.03301213626023,83.71099493035152,85.43301013988356,86.97943802948743,88.23300934118492,89.09431163739477,89.43300912822838,89.14137096199437,88.23300934118492,86.76705546319414,84.86337335059434,82.657010338991,80.28301396100014,77.85489138134722,75.39998773692955,72.92410862316592,70.43306161001598,67.9326577720115,65.42871436600575,62.9270594716227,60.43353993904549
53.43910273018355,55.50746660853966,57.51676477805526,59.48665438899627,61.43686361921576,63.387159360004006,65.35733018965597,67.36717715270062,69.43650863803752,71.56531699686718,73.6743148526999,75.66439526136419,77.43645237464844,78.93316386231605,80.26433842609288,81.58156796491352,83.03644469654293,84.7144277337501,86.43644311201753,87.9828711055003,89.23644247808996,90.0977448070361,90.43644230906624,90.14480413324407,89.23644247808996,87.77048852703489,85.86680627413031,83.66044300080125,81.28644614484026,78.85832271493973,76.40341756188246,73.92753576327806,71.43648396394191,68.93607159030708,66.43211297583572,63.93043104439755,61.43686361921576
54.44198722948573,56.51055906210581,58.51998348855322,60.489951358295684,62.440209915823885,64.39053713972883,66.36072822426297,68.3705882591633,70.43992816380577,72.56874186721711,74.67774297304209,76.66782529268883,78.43988350744209,79.93659563239322,81.26777060504162,82.58500044209666,84.03987741332375,85.71786064349214,87.43987615568498,88.9863042316165,90.23987565253633,91.10117800746522,91.4398755183821,91.14823733494981,90.23987565253633,88.77392164349007,86.87023927922552,84.66387579816458,82.28987856283831,79.86175445809536,77.40684810762869,74.93096417806049,72.43990857991237,69.93948943150065,67.435518745927,64.93381535473648,62.440209915823885
55.4449849006041,57.513721816961635,59.523246465098254,61.49327645339456,63.443574163839656,65.39392637664658,67.36413353779285,69.37400394795512,71.4433505350545,73.57216848048265,75.68117216583545,77.67125600223264,79.44331509122341,80.94002772198718,82.27120301915735,83.58843309292129,85.04331025431725,86.72129363763914,88.44330925612863,89.98973739749974,91.24330885677922,92.10461123233071,92.44330875030096,92.1516705608285,91.24330885677922,89.7773548017054,87.87367234905432,85.66730870311645,83.29331116668769,80.86518652632168,78.41027922546968,75.93439360455172,73.44333499127606,70.9429104656935,68.43893019919449,65.93720977511796,63.443574163839656
56.548072414516454,58.616940377034055,60.626544578421274,62.59662387308278,64.54695266035641,66.49732470733146,68.46754462868319,70.4774232737739,72.54677516477416,74.67559647710556,76.78460220983551,78.77468725008,80.54674703295417,82.04346006518195,83.37463561992534,84.6918658815653,86.14674319389843,87.82472669877833,89.54674240163554,91.09317059494614,92.34674208467172,93.20804447659131,93.54674200015985,93.25510380589333,92.34674208467172,90.88078799306572,88.97710547026225,86.77074169346145,84.3967439180474,81.96861885255693,79.51371079738306,77.0378238340382,74.5467628276489,72.04633403418609,69.54234616324796,67.04061221999123,64.54695266035641
57.55123124821047,59.620203234175634,61.629870581583205,63.59998901251966,65.55034246620524,67.50073025586188,69.47096030511509,71.48084548632173,73.55020158705062,75.67902557170264,77.7880329294398,79.7781189251796,81.55017925878978,83.04689260965989,84.37806836883935,85.69529877959668,87.15017621172873,88.8281598130893,90.55017558290922,92.09660381744422,93.35017533133487,94.21147773624585,94.55017526425775,94.25853706618616,93.35017533133487,91.8842212107333,89.9805386322498,87.774174751583,85.40017678648621,82.9720513835741,80.51714272969421,78.04125470086336,75.55019179505514,73.04975961416288,70.54576570754364,68.04402103399958,65.55034246620524
58.65444669570432,60.723501252721405,62.73321872203364,64.70336821657786,66.65374124845916,68.60414153327442,70.57437962112373,72.5842699900798,74.65362943208497,76.7824555377641,78.8914641852722,80.88155093938977,82.65361171011963,84.15032531389645,85.48150123533696,86.79873176444883,88.25360929166537,89.93159296960272,91.65360879257096,93.20003705982579,94.45360859289627,95.31491100811856,95.65360853965714,95.36197033856546,94.45360859289627,92.98765444928091,91.08397182660414,88.87760786349885,86.5036097478507,84.07548407712683,81.62057494805346,79.14468607354516,76.65362166016504,74.1531867906615,71.6491880934977,69.14743490325164,66.65374124845916
59.75770708216996,61.82682718065439,63.83658443356006,65.80675858401533,67.75714715540536,69.70755735775046,71.67780182588521,73.68769631238017,75.75705840636587,77.88588619550845,79.9948958667095,81.98498322275233,83.75704434042453,85.25375814493358,86.5849341951608,87.90216481821076,89.35704242089588,91.0350261596123,92.75704202476442,94.30347031798897,95.5570418662825,96.41834428968885,96.75704182402656,96.46540362053784,95.5570418662825,94.09108770440102,92.18740504664807,89.9810410181113,87.60704278297047,85.17891689968417,82.72400739344937,80.24811784772598,77.75705223778388,75.25661523432399,72.75261273488903,70.2508527848897,67.75714715540536
60.86100313959986,62.93017526139292,64.93996409169878,66.91015781201041,68.8605587172959,70.81097679126265,72.78122632346322,74.79112407806318,76.86048827693216,78.98931740224248,81.09832788594993,83.08841571974142,84.86047711278201,86.35719107661238,87.68836722905769,89.00559792666638,90.46047558925099,92.13845937620772,93.8604752748412,95.40690358867795,96.66047514905402,97.52177757895608,97.86047511551547,97.56883691012422,96.66047514905402,95.19452097267478,93.2908382870818,91.08447420661204,88.71047587662979,86.28234982463256,83.82744001904443,81.35154994057703,78.86048338092223,76.36004468373736,73.85603916642934,71.35427385118356,68.8605587172959
61.96432751090653,64.0335409255243,66.04335481954821,68.01356407274662,69.96397476756431,71.9143990892873,73.88465264085843,75.89455298936274,77.96391885888181,80.09274904471039,82.20176017330502,84.19184838628604,85.9639099978867,87.46062408817052,88.79180032174642,90.10903107853237,91.56390878865926,93.24189261390438,94.96390853911205,96.5103368693087,97.7639084392747,98.6252108743324,98.96390841265513,98.67227020575385,97.7639084392747,96.29795425138855,94.39427154369893,92.18790742200991,89.81390901675196,87.3857828308488,84.9308727876637,82.45498228635694,79.96391497291415,77.46347493141721,74.95946701881644,72.45769744515488,69.96397476756431
63.167674356094736,65.2369205460445,67.24675433360751,69.21697591544364,71.16739438028932,73.1178236608887,75.08808040264825,77.09798280994065,79.16735000545751,81.29618103302076,83.40519267346298,85.39528118740702,87.16734297247899,88.664057163129,89.99523346109827,91.3124642648533,92.7673420127145,94.44532586834913,96.16734181464875,97.71377015783028,98.96734173540777,99.82864417455751,100.16734171427981,99.87570350618,98.96734173540777,97.5013875383886,95.59770481316086,93.39134065875609,91.0173421937518,88.58921590156737,86.13430566980144,83.65841483288673,81.16734692116167,78.66690581268246,76.16289599893322,73.66112304535423,71.16739438028932
64.87139645064194,66.96436834099042,69.01041000043637,71.02877547542177,73.03804183745002,75.05527028857132,77.09525745993272,79.17014146627324,81.2897185685579,83.44719601598449,85.57501381324028,87.59248971000984,89.42171027833038,91.02549962258729,92.5077263360904,93.99850003279892,95.61299930279682,97.39916958510113,99.19111066476668,100.81083585952597,102.22142519671999,103.37406200011782,103.91778614652532,103.48425605075386,102.22142519671999,100.3884793134871,98.17348271469729,95.73031171853664,93.19497450685566,90.67083761228317,88.16236729134187,85.65793900224548,83.15125909166039,80.63826244716638,78.11588945437853,75.58227296517626,73.03804183745002
63.624699019770475,65.69394098895367,67.70377221466498,69.67399220884798,71.62440967308964,73.5748383150986,75.54509464603484,77.55499678820254,79.62436381296136,81.75319473212852,83.86220630665659,85.85229478184353,87.62435654457639,89.12107072230154,90.45224701197841,91.76947780968491,93.22435555268682,94.90233940440797,96.62435534799143,98.1707836895008,99.42435526609812,100.28565770472088,100.62435524426297,100.33271703631752,99.42435526609812,97.95840107025506,96.05471834728584,93.84835419709412,91.47435573978376,89.04622946128592,86.59131925380485,84.11542846010872,81.62436062542864,79.12391965435219,76.61991008542722,74.11813756710421,71.62440967308964
62.218034343714834,64.28719976595549,66.29698452976349,68.26717572990658,70.21757504686177,72.16799210714149,74.13824098720565,76.14813832094839,78.2175022487567,80.3463312019993,82.45534158107463,84.44542935334309,86.21749071092256,87.71420465423603,89.045380793518,90.36261148152522,91.8174891363962,93.49547291714067,95.21748881146254,96.76391712264491,98.01748868146503,98.87879111053059,99.21748864680387,98.92585044165763,98.01748868146503,96.55153450695278,94.64785182494494,92.44148775116294,90.06748943339406,87.63936340312296,85.18445363608461,82.70856362622237,80.21749718886873,77.71705870979672,75.2130535811216,72.7112889567972,70.21757504686177
61.21156948673614,63.28906375728155,65.31146509500502,67.2984672609342,69.26954344879513,71.24363235772385,73.23883314087152,75.27221053193543,77.35986957280426,79.4991971928477,81.61512352822103,83.61531470445705,85.40858982907798,86.94551604620435,88.33447579394891,89.71963288661817,91.23845220119904,92.96057681728496,94.71146959932439,96.28846057854446,97.60851849189721,98.59686744419318,99.02786424333804,98.67209368332738,97.60851849189721,95.9893264834583,93.96152647248843,91.66430949628983,89.2301517736534,86.7668881587434,84.29258959669424,81.80643006678153,79.30976169728484,76.80482447969106,74.29425301333958,71.78114349460895,69.26954344879513
60.4051304755303,62.47398156137454,64.48357551777737,66.45364846277486,68.40397324801289,70.35434274078129,72.3245610189033,74.33443860352119,76.40378981149976,78.53261069025102,80.64161615932575,82.6317010445424,84.40376073806034,85.9004737185888,87.23164924016268,88.54887947760857,90.00375677050445,91.68174025973047,93.40375595172307,94.95018413834504,96.20375562414989,97.06505801396165,97.40375553680926,97.1121173431601,96.20375562414989,94.73780153724839,92.83411902347892,90.62775526353025,88.253757518892,85.82563250814778,83.37072455011321,80.89483775964209,78.40377706143089,75.90334881757352,73.3993619259145,70.89762972362496,68.40397324801289
44.325178564595156,46.38650847495603,48.39153032596943,50.358767135756615,52.3073034212299,54.25653105937408,56.226014574773615,58.23541790763409,60.304463635457765,62.433090585151476,64.5419781239001,66.53199366521265,68.30401338922462,69.8007032442062,71.13186392871657,72.44908334385316,73.90395194222774,75.58192842926402,77.30393926135815,78.85036445606866,80.1039341880616,80.9652356350054,81.30393283537072,81.01229491787905,80.1039341880616,78.63798220555195,76.73430373282855,74.52794751107226,72.15396353284325,69.7258630106876,67.27099850377506,64.79518903991513,62.30426618671058,59.8040837649979,57.30053484117548,54.799581150950814,52.3073034212299
45.32423652822557,47.387220360848616,49.39324871982174,51.36111029469171,53.31004072785615,55.25952007291008,57.2291655844183,59.23867348882719,61.30778657911755,63.436456294683126,65.54536984054192,67.53540067448463,69.30742921318446,70.80412416819483,72.13528812483145,73.45250992669664,74.90738044254542,76.58535847383433,78.30737037772442,79.85379623226785,81.10736635104473,81.96866800592775,82.30736527741301,82.01572729901784,81.10736635104473,79.64141390443459,77.73773454050342,75.53137665628434,73.15738964203578,70.72928371922869,68.27440962977388,65.79858311278726,63.30762986069499,60.8073932298189,58.303747730428825,55.802622390528725,53.31004072785615
46.324193984859306,48.38849246236556,50.39532041960156,52.36367815821511,54.31292154203224,56.26260071404593,58.232374821246,60.24196573203355,62.311132291130335,64.43983595123854,66.54877013941991,68.53881311130145,70.31084864628694,71.80754764921784,73.13871420295429,74.45593789917345,75.91080993692614,77.58878919389122,79.31080194846732,80.85722832672087,82.11079875248853,82.9721005724131,83.31079790034633,83.01915987361195,82.11079875248853,80.64484593752141,78.74116586623754,76.53480666251903,74.16081723857452,71.73270702924997,69.27782533407166,66.80198528183769,64.3110079015897,61.81072824315278,59.30700608623381,56.805744490661965,54.31292154203224
47.3248665284402,49.39020965598144,51.39767271672234,53.36642444193524,55.31591628759875,57.26575409202671,59.23563027785272,61.24528707581496,63.314496075135736,65.44322667783129,67.55217725012822,69.5422298560054,71.3142709439864,72.81097315976967,74.14214177483294,75.45936697460573,76.91424022029665,78.5922204500828,80.31423387984944,81.86066067377227,83.11423134319881,83.97553329411696,84.31423066685298,84.02259260175177,83.11423134319881,81.64827823586637,79.74459760315594,77.53823735214891,75.16424601562386,72.73613240407711,70.28124467219762,67.80539387692252,65.31439734580283,62.81408353528508,60.31030053181149,57.80893077918259,55.31591628759875
48.32610736856327,50.392280402457644,52.40024783648157,54.36931238327091,56.31900147907983,58.268965208822294,60.23892242216755,62.24863151794517,64.3178742033567,66.44662619089316,68.55558976745598,70.54565001990817,72.31769551532969,73.8144002811655,75.14557053230952,76.46279692545608,77.91767112988967,79.59565213180525,81.31766609747135,82.86409322131124,84.11766408413001,84.97896613901787,85.3176635473139,85.0260254517609,84.11766408413001,82.65171074474702,80.74802966643176,78.54166858419057,76.1676757296471,73.73955941774781,71.28466689451373,68.80880757241312,66.31779584102115,63.817454923296495,61.31362362371726,58.81216801993379,56.31900147907983
49.327799727672,51.394631942515005,53.402999881530405,55.37231278695046,57.32215846919472,59.272222157698025,61.242243687454135,63.25199429400736,65.3212637168823,67.45003267789016,69.55900657606207,71.54907289764742,73.32112189127264,74.81782868109275,76.14900023079781,77.46622757112729,78.92110253651634,80.59908415127197,82.32109854228199,83.86752592797735,85.12109694429165,85.98239908170038,86.3210965182204,86.0294583984978,85.12109694429165,83.65514342072998,81.75146198873779,79.54510024674514,77.17110618734824,74.74298773217336,72.28809140602496,69.81222531613545,67.32120152014377,64.82083908698485,62.31696945339834,59.81544570519797,57.32215846919472
50.32985074890753,52.39720646112414,54.40589239692807,56.375402470087124,58.325372453272394,60.275515486514195,62.24558806728007,64.2553716222001,66.32466226711495,68.45344470017253,70.5624267906843,72.55249792937062,74.32454969953196,75.82125809579338,77.15243067616882,78.46965876827888,79.92453433763924,81.60251643880667,83.32453116741254,84.8709587609428,86.12452989908662,86.98583210199219,87.32452956091362,87.03289142200758,86.12452989908662,84.65857622934217,82.75489451663633,80.5485322509983,78.17453723530772,75.7464170790111,73.29151773447899,70.81564627296487,68.32461290120858,65.82423339096735,63.320333330800494,60.81875549362502,58.325372453272394
51.432186624153005,53.49995802887062,55.508896431857494,57.478563025740755,59.42863167811899,61.378837691994704,63.348950793889514,65.35876050072832,67.4280679899031,69.55686111585742,71.66584970867986,73.65592467071865,75.42797864462442,76.92468831592166,78.25586171434188,79.57309040314118,81.02796645187428,82.70594893910719,84.42796393566314,85.97439169415209,87.22796292899211,88.08926518388255,88.427962660584,88.13632450645207,87.22796292899211,85.76200914322229,83.85832720771381,81.65196452645802,79.27796875175605,76.84984724527646,74.3949455050462,71.91906978005376,69.4280288079542,66.92763574345315,64.42371153315261,61.922090763818304,59.42863167811899
52.43474870399564,54.50285016532649,56.51198899763233,58.48177984010934,60.43192681350514,62.38218281808743,64.35232808283041,66.36215854695402,68.43147940562565,70.56028101861571,72.66927477235467,74.65935276900096,76.43140849202379,77.92811917531918,79.2592932230227,80.57652238541496,82.03139881462667,83.7093816082801,85.43139681750824,86.97782470692502,88.23139601851284,89.09269831466374,89.4313958054772,89.13975763926044,88.23139601851284,86.76544214065365,84.86176002830655,82.65539701717458,80.28140064004455,77.85327806192294,75.39837442022235,72.9224953112942,70.43144830676431,67.93104448413263,65.42710110551752,62.925446259828334,60.43192681350514
53.43749039555854,55.50585389942239,57.515151841560765,59.4850413115615,61.43525045294359,63.385546137030914,65.35571693020373,67.3655638697058,69.4348953398794,71.56370368908335,73.67270153906277,75.66278194428534,77.43483905558583,78.93155054210567,80.2627251051461,81.5799546434296,83.0348313746275,84.71281441148713,86.43482978951339,87.98125778284765,89.23482915535027,90.0961314842496,90.43482898626377,90.14319081045528,89.23482915535027,87.76887520439963,85.86519295169563,83.65882967874069,81.28483282346295,78.85670939477784,76.40180424387711,73.92592244911063,71.43487065661623,68.9344582951829,66.43049970245178,63.9288178096628,61.43525045294359
54.44037469105869,56.50894622638316,58.51837047233806,60.48833823020709,62.43859671722137,64.3889238961213,66.35911495170132,68.36897496791563,70.43831486052287,72.56712855629428,74.67612965747344,76.6662119743885,78.43827018756724,79.93498231160737,81.2661572836713,82.58338712030003,84.03826409118463,85.7162473210772,87.43826283307857,88.98469090889223,90.23826232974298,91.09956468463473,91.4382621955389,91.14662401211748,90.23826232974298,88.77230832077963,86.86862595667424,84.66226247591025,82.28826524112628,79.860141137348,77.40523478859299,74.92935086207095,72.43829526935315,69.93787613062581,67.43390546230758,64.9322021017935,62.43859671722137
55.44337220038257,57.51210888073808,59.521633385603124,61.49166328509973,63.44196093957562,65.3923131166611,67.36252025482608,69.37239065015709,71.44173722770407,73.57055516706835,75.67955884873376,77.6696426829628,79.44170177070387,80.93841440074459,82.26958969745087,83.58681977087645,85.04169693200055,86.71968031510349,88.44169593344104,89.98812407471863,91.24169553394327,92.10299790946527,92.44169542742543,92.15005723796165,91.24169553394327,89.77574147893523,87.87205902641051,85.66569538070834,83.29169784470999,80.86357320510965,78.40866590561619,75.93278028711596,73.44172167815037,70.94129716025434,68.43731690745108,65.93559650772279,63.44196093957562
56.54645958585547,58.61532736103392,60.62493144869727,62.595010672874835,64.54533941572423,66.49571143434655,68.46593133745777,70.47580997077682,72.5451618541953,74.67398316171376,76.78298889151705,78.77307393004067,80.54513371192297,82.04184674357684,83.37302229795202,84.69025255932345,86.14512987144082,87.82311337614695,89.54512907888356,91.09155727211993,92.34512876180197,93.20643115369818,93.5451286772587,93.25349048299901,92.34512876180197,90.8791746702482,88.975492147545,86.76912837093126,84.39513059585884,81.96700553097607,79.51209747688048,77.0362105154546,74.54514951248619,72.0447207251242,69.54073286505647,67.03899894112516,64.54533941572423
57.54961831759245,59.618590154851205,61.628257411990305,63.59837578698135,65.54872920540647,67.49911697255918,69.46934700733476,71.47923217919814,73.54858827390935,75.67741225474134,77.78641961015559,79.77650560452952,81.54856593735245,83.04527928776707,84.37645504665429,85.69368545719846,87.14856288915925,88.8265464903819,90.54856226010611,92.09499049458216,93.34856200843828,94.2098644133307,94.54856194133625,94.25692374327011,93.34856200843828,91.88260788787815,89.97892530947425,87.77256142895594,85.39856346413029,82.9704380617005,80.51552940867649,78.03964138136871,75.54857847827566,73.04814630222565,70.54415240423427,68.04240774602894,65.54872920540647
58.65283368415376,60.7218881231329,62.731605520795355,64.70175497093423,66.65212797482874,68.60252824178238,70.57276631814065,72.58265667968101,74.65201611690988,76.78084221955706,78.88985086522143,80.87993761825493,82.65199838835997,84.14871199177526,85.47988791298381,86.7971184419265,88.25199596900711,89.929979646835,91.6519954697273,93.19842373693533,94.4519952699784,95.31329768518594,95.65199521671946,95.3603570156321,94.4519952699784,92.98604112639592,91.08235850378233,88.87599454079489,86.50199642536195,84.07387075502089,81.61896162662683,79.14307275332737,76.65200834210228,74.15157347644208,71.64757478612626,69.14582160805463,66.65212797482874
59.75609400637744,61.825214011169024,63.83497120720395,65.80514532241378,67.7555338715903,69.70594405975848,71.67618851877276,73.6860829993818,75.75544508957655,77.88427287631265,79.99328254605038,81.98336990123278,83.75543101840901,85.25214482263112,86.58332087267425,87.90055149558992,89.35542909816718,91.03341283679669,92.7554287018885,94.30185699507592,95.55542854334772,96.41673096674236,96.75542850107607,96.46379029759078,95.55542854334772,94.08947438149238,92.18579172378954,89.9794276953463,87.60542946037629,85.17730357739384,82.72239407169818,80.24650452693429,77.75543891870264,75.25500191829317,72.75099942429347,70.24923948395704,67.7555338715903
60.8593900128148,62.92856206024,64.93835084540606,66.90854453774281,68.8589454253972,70.80936348811164,72.77961301307323,74.78951076300152,76.85887495886163,78.98770408226191,81.09671456480791,83.08680239791647,84.85886379056342,86.35557775416603,87.68675390646524,89.00398460396735,90.45886226646635,92.1368460533541,93.85886195193974,95.40529026574703,96.65886182610583,97.5201642559986,97.85886179255482,97.5672235871663,96.65886182610583,95.1929076497473,93.28922496419412,91.08286088379859,88.7088625539519,86.28073650219588,83.82582669703564,81.34993661932978,78.85887006103259,76.35843136626886,73.8544258532748,71.35266054569851,68.8589454253972
61.96271434364638,64.03192769923594,66.04174155743146,68.01195078842582,69.96236146924959,71.91278578204154,73.88303932786707,75.89293967266345,77.96230553979439,80.09113572410695,82.20014685177975,84.19023506421871,85.96229667550695,87.45901076561,88.79018699906992,90.1074177557713,91.56229546583023,93.24027929102061,94.9622952161903,96.50872354636356,97.76229511631585,98.62359755136617,98.96229508968639,98.67065688278727,97.76229511631585,96.29634092844614,94.39265822078812,92.18629409915803,89.81229569400769,87.38416950829591,84.92925946545049,82.45336896474814,79.96230165238288,77.46186161280758,74.95785370363083,72.45608413605657,69.96236146924959
63.16606115670804,65.23530729980556,67.245141058931,69.21536262314355,71.16578107688214,73.11621035039292,75.08646708759214,77.09636949194156,79.16573668556295,81.29456771192294,83.40357935163351,85.39366786514734,87.16572964997134,88.66244384047786,89.99362013835508,91.31085094204296,92.76572868985022,94.44371254544143,96.1657284917109,97.71215683487384,98.96572841244048,99.82703085158435,100.16572839130467,99.87409018320659,98.96572841244048,97.49977421543434,95.59609149023171,93.38972733587369,91.01572887095479,88.5876025789223,86.13269234742592,83.65680151099097,81.16573360012113,78.66529249316714,76.16128268213556,73.65950973338809,71.16578107688214
64.86987734868269,66.96285636313291,69.00890885493256,71.02728861031548,73.03657222242968,75.05381997754742,77.09382698790174,79.16872919854623,81.2883201817988,83.44580547707373,85.57362839834526,87.59111171809477,89.4203476289841,91.02416517663394,92.50643051231252,93.99724695499268,95.61178406168453,97.3979792089452,99.1899360332987,100.80967746200236,102.22030066707481,103.3729971556489,103.91676096828294,103.48320362104627,102.22030066707481,100.3872736686697,98.17220267704485,95.72897141100457,93.19359121323129,90.66942796978695,88.16094269494332,85.65650636283651,83.14982203018836,80.63682181845648,78.11444359015069,75.58081796950592,73.03657222242968
63.623085824521,65.69232774528393,67.70215894160587,69.67237891757541,71.62279637033825,73.57322500502134,75.54348133124464,77.55338347037085,79.62275049317074,81.75158141109438,83.86059298486629,85.85068145960861,87.6227432220852,89.11945739966207,90.45063368924383,91.76786448688094,93.2227422298271,94.90072608150335,96.62274202505564,98.16917036654584,99.42274194313191,100.28404438174863,100.62274192128865,100.33110371334496,99.42274194313191,97.95678774730234,96.05310502435901,93.84674087421564,91.47274241699353,89.04461613865271,86.58970593145025,84.11381513824992,81.6227473044537,79.12230633495352,76.61829676883715,74.11652425550739,71.62279637033825
62.21642122349661,64.28558656888069,66.29537128603818,68.26556245727008,70.21596175600406,72.16637880465484,74.13662767723773,76.14652500615244,78.21588893085118,80.34471788211981,82.45372825999479,84.44381603155747,86.21587738873015,87.71259133180823,89.0437674709392,90.3609981588363,91.81587581361875,93.49385959429196,95.21587548856438,96.76230379971629,98.01587535851854,98.87717778757451,99.21587532384451,98.9242371187011,98.01587535851854,96.54992118402772,94.64623850206101,92.43987442835574,90.065876110727,87.63775008070509,85.182840314109,82.70695030503379,80.21588386908319,77.71544539251335,75.2114402682966,72.70967565189841,70.21596175600406
61.20998853306446,63.28748537539319,65.30989065895655,67.29689809303511,69.26798074733804,71.24207702945733,73.23728554513562,75.27067017399918,77.358334827876,79.49766565813314,81.61359410406943,83.61378835841538,85.40706992365516,86.94400826386189,88.3329852367655,89.71816228721649,91.23700010564394,92.9591373374103,94.71003830348369,96.28703788543646,97.60711430545072,98.59549784296493,99.02651914111566,98.67073161373789,97.60711430545072,95.98787921273521,93.96004317303525,91.66279916350776,89.22862322663696,86.76534885605167,84.29104432193839,81.80488161848686,79.30821151549873,76.80327290532061,74.29269940444559,71.77958636353804,69.26798074733804
60.4035176634105,62.47236855564823,64.48196239452186,66.45203526667666,68.40236000600369,70.35272946947043,72.32294772874141,74.33282530119365,76.40217650133663,78.53099737511388,80.640002841164,82.63008772460213,84.40214741709502,85.89886039703039,87.23003591822375,88.54726615539205,90.00214344806497,91.68012693711145,93.40214262897939,94.94857081552465,96.20214230128448,97.06344469107208,97.4021422139114,97.1105040202693,96.20214230128448,94.73618821443696,92.83250570077112,90.62614194101579,88.25214419673058,85.82401918661444,83.36911122969423,80.89322444120627,78.4021637465305,75.90173550897815,73.39774862855337,70.8960164462361,68.40236000600369
44.32588784841437,46.38721907335622,48.392241724613555,50.359479031225696,52.30801563016941,54.25724346851399,56.22672711276668,58.236130528806854,60.30517631021395,62.43380329392619,64.54269085336256,66.53270640683992,68.30472613786372,69.80141599690225,71.1325766840155,72.4497961010507,73.90466470095055,75.58264118921528,77.30465202216196,78.85107721739735,80.10464694969798,80.96594839680719,81.3046455972291,81.01300767968897,80.10464694969798,78.63869496681914,76.73501649338681,74.52866027030808,72.15467628966397,69.72657576321227,67.27171124867708,64.79590177125189,62.30497889386608,59.80479642903231,57.301247428389416,54.80029360163127,52.30801563016941
45.32494652692347,47.38793140463638,49.39396039941262,51.36182236886759,53.310753050936,55.26023255493082,57.22987816872697,59.23938613916263,61.308499271984985,63.43716901455221,65.54608257683128,67.53611342042936,69.30814196469456,70.80483692292492,72.13600088162747,73.45322268499959,74.90809320205898,76.5860712343229,78.30808313888969,79.85450899384972,81.1080791128708,81.96938076788511,82.30807803941528,82.01644006098162,81.1080791128708,79.64212666596765,77.73844730147377,75.53208941620508,73.15810240003967,70.72999647382275,68.2751223783178,65.79929585056428,63.30834257927884,60.808105914176,58.30446035380865,55.80333490552657,53.310753050936
46.324904551983394,48.38920386005529,50.39603232233803,52.36439037429453,54.313633955731376,56.263313253922846,58.233087442319686,60.2426784055171,62.311844998373346,64.44054867991348,66.54948288112789,68.53952586067297,70.31156140007573,71.80826040556235,73.13942696093858,74.45665065835377,75.91152269706734,77.58950195480625,79.31151470991946,80.85794108850367,82.11151151446515,82.97281333449392,83.31151066246278,83.01987263569791,82.11151151446515,80.64555869926548,78.74187862753499,76.53551942298341,74.16152999751748,71.73341978548652,69.2785380855062,66.80269802472642,64.31172062924452,61.81144094364083,59.30771873832114,56.80645705671681,54.313633955731376
47.32557754737273,49.39092133481421,51.398384796669234,53.36713677068386,55.316628773238904,57.26646667783078,59.23634292810951,61.24599976767229,63.31520879378907,65.44393941349557,67.552889996137,69.54294260809684,71.31498369958382,72.8116859173956,74.14285453376036,75.4600797344824,76.914952980936,78.59293321133636,80.31494664152929,81.86137343571457,83.11494410529491,83.97624605629579,84.3149434290601,84.02330536393465,83.11494410529491,81.64899099777791,79.74531036471299,77.53895011304476,75.16495877531216,72.73684516161734,70.28195742592644,67.8061066238685,65.31511008065745,62.81479624857681,60.3110132066856,57.809643385766634,55.316628773238904
48.326818746505616,50.39299230459204,52.400960057143266,54.37002480147049,56.319714021829924,58.26967783108299,60.23963509558868,62.24934422438639,64.31858693106665,66.447338932105,68.55630251687835,70.54636277415835,72.31840827236263,73.81511303980847,75.14628329198547,76.46350968588547,77.91838389092436,79.59636489332746,81.31837885933192,82.86480598338011,84.11837684632097,84.9796789012745,85.31837630959296,85.02673821402072,84.11837684632097,82.65242350679148,80.74874242819487,78.54238134542888,76.16838848992697,73.74027217632276,71.28537965006356,68.80952032257935,66.31850858159034,63.81816764675082,61.31433631667832,58.81288065868915,56.319714021829924
49.328511390818804,51.39534402198379,53.40371221391712,55.373025276163304,57.322871057279514,59.27293480889702,61.242956379261884,63.25270701202429,65.32197645178067,67.45074542350517,69.55971932819384,71.54978565361104,73.32183464944495,74.81854144054293,76.14971299106787,77.46694033199537,78.92181529786487,80.59979691300741,82.321811304286,83.86823869014668,85.12180970655791,85.98311184401872,86.32180928055658,86.03017116081871,85.12180970655791,83.65585618287994,81.75217475066445,79.54581300825525,77.17181894809764,74.74370049156957,72.28880416302012,69.81293806885762,67.3219142652487,64.82155181850545,62.317682160715634,59.816158369489784,57.322871057279514
50.33056263858407,52.397918681406225,54.40660481801595,56.37611501567335,58.32608507734351,60.27622816068322,62.24630077368195,64.25608434940493,66.32537500771888,68.45415744928235,70.56313954496653,72.5532106866942,74.32526245860858,75.82197085588427,77.15314343691047,78.47037152949517,79.92524709923686,81.60322920071138,83.32524392953042,84.87167152319188,86.12524266141261,86.98654486435953,87.32524232329511,87.03360418437696,86.12524266141261,84.65928899157589,82.75560727869279,80.54924501272419,78.17524999642981,75.74712983905914,73.29223049262131,70.81635902771572,68.32532564991354,65.8249461288903,63.3210460495128,60.81946817818644,58.32608507734351
51.432898693729015,53.50067036095592,55.50960892336323,57.479275616076876,59.429344330755015,61.37955038439608,63.34966351187521,65.35947323522576,67.42878073503557,69.5575738677411,71.66656246466891,73.65663742912164,75.4286914044188,76.92540107652107,78.25657447545778,79.57380316463383,81.02867921366956,82.70666170114622,84.42867669787137,85.97510445646446,87.22867569136552,88.08997794628878,88.42867542300144,88.13703726885991,87.22867569136552,85.76272190552245,83.85903996987331,81.65267728835511,79.27868151317392,76.85056000584186,74.39565826409903,71.91978253641477,69.42874155951657,66.92834848645772,64.42442426090938,61.922803464468544,59.429344330755015
52.435460916422684,54.50356258617508,56.51270154503868,58.482492465967496,60.4326394888148,62.3828955249605,64.35304081001047,66.36287128723971,68.43219215435249,70.56099377270104,72.66998752969843,74.66006552826067,76.43212125238787,77.92883193632221,79.26000598443568,80.57723514712694,82.03211157657884,83.71009437042574,85.43210957978818,86.9785374692876,88.23210878092394,89.09341107710084,89.43210856792321,89.14047040169883,88.23210878092394,86.76615490300655,84.8624727905478,82.65610977920758,80.28211340169717,77.85399082289896,75.39908717999786,72.92320806893318,70.43216106059458,67.93175723117052,65.42781384045304,62.926158973248775,60.4326394888148
53.438202721407336,55.506566390738186,57.51586443334173,59.48575396561603,61.435963146250344,63.38625885539061,65.35642966468151,67.36627661458571,69.43560809145913,71.56441644491615,73.6734142974818,75.66349470422506,77.43555181640205,78.93226330342904,80.26343786679487,81.5806674053157,83.03554413670423,84.71352717371742,86.43554255185023,87.9819705452501,89.2355419177912,90.0968442467112,90.43554174873242,90.1439035729179,89.2355419177912,87.7695879667944,85.8659057140018,83.65954244088157,81.28554558530192,78.85742215607978,76.40251700422621,73.92663520776397,71.43558341224659,68.9351710454221,66.4312124430852,63.92953053321931,61.435963146250344
54.441087106956104,56.50965877363873,58.51908309934309,60.489050906642674,62.43930942481309,64.3896366235982,66.35982769197139,68.36968771644203,70.43902761436695,72.56784131351402,74.6768424167459,76.66692473486792,78.43898294874236,79.935695073185,81.2668700455072,82.58409988232428,84.0389768533602,85.71696008337466,87.43897559546062,88.98540367132637,90.2389750922076,91.10027744711576,91.43897495802555,91.14733677459935,90.2389750922076,88.77302108320765,86.86933871903193,84.66297523813674,82.28897800311314,79.86085389890863,77.40594754939733,74.93006362152937,72.43900802641221,69.93858888340588,67.43461820746347,64.9329148333952,62.43930942481309
55.44408468776784,57.51282147239934,59.52234604056801,61.49237597930019,63.442673658505726,65.39302585137449,67.36323299969361,69.37310340157771,71.44244998334536,73.57126792538894,75.68027160868357,77.67035544387059,79.44241453216384,80.93912716252403,82.2703024594353,83.58753253301037,85.04240969425459,86.72039307745429,88.44240869585896,89.98883683717786,91.24240829642673,92.10371067196176,92.4424081899264,92.15077000045878,91.24240829642673,89.77645424138963,87.8727717888091,85.66640814300277,83.29241060681423,80.86428596687557,78.40937866678186,75.93349304721337,73.4424344363434,70.94200991505113,68.43802965619648,65.9363092457101,63.442673658505726
56.5471721299909,58.616039987943935,60.62564412585546,62.59572338117589,64.54605214365387,66.49642417480364,68.46664408597432,70.4765227244946,72.54587461126303,74.67469592090809,76.7837016520045,78.77378669128845,80.545846473609,82.04255950551646,83.37373506005436,84.69096532154441,86.14584263375711,87.82382613854003,89.54584184132992,91.09227003459907,92.34584152430034,93.20714391620692,93.54584143977095,93.25420324550826,92.34584152430034,90.87988743272354,88.97620490997602,86.76984113327964,84.39584335805625,81.96771829290499,79.51281023833296,77.0369232760592,74.5458622715793,72.04543348152168,69.54144561665092,67.03971168418082,64.54605214365387
57.55033090677692,59.61930280974066,61.628970106764314,63.59908850647446,65.54944194047921,67.49982971757514,69.47005975874757,71.4799449347392,73.5493010321093,75.67812501462913,77.78713237106973,79.77721836604717,81.54927869921794,83.04599204983383,84.37716780885015,85.69439821948853,87.14927565152496,88.82725925280857,90.54927502257506,92.09570325707716,93.34927477094854,94.21057717584917,94.54927470385752,94.25763650578895,93.34927477094854,91.88332065037011,89.97963807193102,87.77327419134713,85.39927622640164,82.97115082375875,80.51624217035655,78.04035414237586,75.5492912380831,73.04885905989359,70.54486515809003,68.0431204931074,65.54944194047921
58.65354630909776,60.722600800231206,62.732318229551666,64.70246769931076,66.65284071557106,68.60324099041674,70.57347907185225,72.58336943666917,74.65272887600845,76.78155497999529,78.89056362647426,80.88065037998673,82.65271115036789,84.14942475394291,85.48060067525397,86.79783120427143,88.25270873141208,89.93069240928833,91.65270823221418,93.19913649944289,94.45270803249807,95.31401044771212,95.6527079792479,95.36106977815864,94.45270803249807,92.98675388890106,91.08307126625957,88.87670730322007,86.50270918769202,84.0745835171818,81.6196743884876,79.14378551465403,76.65272110247673,74.15228623511838,71.6482875417768,69.146534358326,66.65284071557106
59.75680665970634,61.82592670589551,63.83568392705841,65.80585805784122,67.75624661683263,69.70665681126479,71.67690127430889,73.68679575751858,75.75615784938836,77.88498563718774,79.99399530757202,81.98408266313457,83.75614378052995,85.25285758487888,86.58403363500334,87.90126425797835,89.35614186060327,91.03412559927115,92.75614146438963,94.30256975759346,95.55614130587485,96.41744372927465,96.75614126361015,96.46450306012333,95.55614130587485,94.09018714400798,92.18650448628298,89.98014045779843,87.60614222275292,85.17801633963623,82.72310683370233,80.24721728851449,77.75615167952711,75.25571467776983,72.75171218136859,70.24995223676268,67.75624661683263
60.86010268867443,62.92927476895858,64.9390635740694,66.90925727876666,68.85965817421125,70.81007624189743,72.78032577005754,74.79022352204996,76.85958771923953,78.98841684348376,81.09742732654294,83.08751515995323,84.8595765527741,86.35629051647737,87.68746666884113,89.00469736639032,90.45957502892713,92.13755881584538,93.85957471445217,95.40600302827245,96.65957458863889,97.52087701853576,97.85957455509336,97.56793634970364,96.65957458863889,95.19362041227123,93.28993772670044,91.08357364627213,88.70957531636552,86.28144926450292,83.82653945915362,81.3506493811113,78.85958282221425,76.35914412638076,73.85513861148061,71.35337330051559,68.85965817421125
61.963427037389664,64.03264041906047,66.04245429308654,68.01266353389161,69.9630742208985,71.91349853763657,73.88375208600078,75.89365243243546,77.9630183006216,80.091848485604,82.20085961368409,84.19094782636256,85.96300943778884,87.45972352797179,88.79089976148295,90.1081305182217,91.56300822831064,93.24099205352522,94.96300797871169,96.50943630889527,97.76300787885361,98.62431031390719,98.96300785222851,98.67136964532844,97.76300787885361,96.29705369097665,94.39337098330466,92.18700686164854,89.81300845645065,87.38488227065432,84.9299722276588,82.4540817266894,79.96301441384804,77.46257437342366,74.95856646273404,72.45679689247015,69.9630742208985
63.16677386464623,65.23602002844513,67.24585380013552,69.21607537213492,71.16649383078114,73.11692310742394,75.08717984663812,77.09708225228788,79.16644944674675,81.29528047363841,83.40429211367226,85.39438062737617,87.16644241230973,88.66315660287967,89.99433290079757,91.31156370451512,92.7664414523462,94.44442530795658,96.16644125423937,97.71286959741053,98.96644117498197,99.82774361412844,100.16644115384963,99.87480294575077,98.96644117498197,97.5004869779701,95.59680425275633,93.3904400983777,91.01644163342104,88.58831534132143,86.13340510970595,83.65751427305901,81.16644636181132,78.66600525418342,76.16199544195105,73.6602224910688,71.16649383078114
64.8705739593656,66.96355175257612,69.00960238745711,71.02797969485188,73.03726034991402,75.0545047959049,77.09450840543495,79.16940749548685,81.28899609926296,83.44648004926201,85.57430209217729,87.59178413948479,89.42101742036752,91.02483013344218,92.50708884861874,93.99789796396449,95.61242858489948,97.39861946997235,99.19057359548506,100.81031224149169,102.22092964122237,103.37361589916583,103.91737291268002,103.4838202365647,102.22092964122237,100.3879165469483,98.17285830735298,95.72963737259202,93.1942645434364,90.67010581670985,88.16162310527096,85.65718815190365,83.15050457729012,80.63750497705833,78.11512764623187,75.58150359091307,73.03726034991402
63.62077338203005,65.69001523335334,67.69984638752791,69.6700663373775,71.62048377367846,73.5709123978555,75.54116871731995,77.55107085208437,79.62043787207494,81.7492687882153,83.85828036090277,85.84836883500745,87.62043059711655,89.11714477448078,90.4483210639261,91.7655518614637,93.2204296043299,94.89841345594178,96.62042939944939,98.16685774091206,99.42042931748203,100.2817317560901,100.6204292956271,100.32879108768596,99.42042931748203,97.9544751216718,96.05079239876565,93.84442824869157,91.47042979159606,89.04230351348039,86.58739330667746,84.11150251418815,81.62043468165948,79.11999371441982,76.61598415233131,74.11421164616232,71.62048377367846
62.214108888608195,64.28327412377203,66.2930587740279,68.2632499037982,70.2136491764011,72.16406620837475,74.13431507022875,76.14421239221954,78.21357631245877,80.3424052608966,82.45141563705018,84.44150340760066,86.21356476418993,87.7102787069305,89.04145484584491,90.35868553358401,91.81356318823958,93.4915469688106,95.21356286301206,96.7599911741203,98.01356273289697,98.87486516193918,99.21356269820447,98.92192449306508,98.01356273289697,96.54760855843683,94.64392587652912,92.4375618029339,90.06356348550605,87.6354374558416,85.18052768987972,82.70463768193322,80.21357124799468,77.71313277501324,75.20912765719027,72.70736305215905,70.2136491764011
61.20773991158889,63.285241839071645,65.307654924676,67.29467277534238,69.26576821553746,71.2398790763652,73.23510288118109,75.2685018209026,77.35617757298743,79.49551475055637,81.61144736954091,83.61164770997794,85.40494200967686,86.94190431961269,88.33091534972223,89.71613185975755,91.23500626263518,92.95716843693481,94.70808558359273,96.28510217383798,97.60521518266627,98.59366709605099,99.02473682838874,98.66891575685344,97.60521518266627,95.9858949089546,93.95798763569617,91.66069017655127,89.2264782263963,86.76318258941959,84.28886624712327,81.80269726881542,79.3060237382883,76.80108237462545,74.29050485098786,71.77738484584123,69.26576821553746
60.40120577036684,62.47005638495298,64.47965005527767,66.44972282296852,68.40004749645446,70.35041691789962,72.32063515013633,74.33051270514171,76.39986389404767,78.5286847606917,80.63769022240419,82.62777510329181,84.3998347943146,85.89654777339942,87.22772329404708,88.54495353081737,89.99983082317047,91.6778143119594,93.3998300036486,94.94625819008384,96.19982967577917,97.06113206553206,97.39982958835954,97.10819139472761,96.19982967577917,94.73387558900905,92.83019307549185,90.62382931601375,88.24983157223487,85.82170656301938,83.36679860769732,80.89091182205348,78.39985113244782,75.89942290393753,73.3954360396238,70.89370388594875,68.40004749645446
44.32466293117659,46.38599188573156,48.39101315490315,50.35824960345846,52.30678566101341,54.25601315359566,56.22549657530851,58.2348998476906,60.30394553655479,62.4325724615143,64.54145998522122,66.53147551768897,68.30349523660277,69.80018508863463,71.13134577125251,72.44856518500868,73.90343378227422,75.58141026841737,77.30342109989158,78.84984629422047,80.1034160259897,80.96471747281325,81.30341467313741,81.01177675568096,80.1034160259897,78.63746404374848,76.73378557154052,74.52742935074576,72.1534453742727,69.72534485524065,67.2704803538704,64.7946708998735,62.30374806425067,59.803565673890546,57.30001680592281,54.79906321496907,52.30678566101341
45.32372037503287,47.386703447791525,49.39273134448449,51.36059263245927,53.30952288465038,55.259002114141396,57.228647551278,59.23815540768008,61.307268467046214,63.435938162979454,65.54485169689936,67.53488252382182,69.30691105847518,70.80360601114435,72.13476996627887,73.45199176704841,74.90686228201696,76.58484031259697,78.30685221599506,79.85327807023558,81.1068481888349,81.96814984362248,82.30684711507507,82.01520913670785,81.1068481888349,79.64089574243783,77.73721637891575,75.53085849545985,73.156871482605,70.7287655622771,68.27389147722124,65.79806496806302,63.30711172992575,60.8068751239353,58.30322966888063,55.80210440778302,53.30952288465038
46.3236774183751,48.38797529199319,50.394802882019434,52.363160392807316,54.31240363293891,56.26208271321114,58.23185676137457,60.24144763405587,62.310614168606804,64.43931781313232,66.54825199183759,68.53829495814706,70.31033048992086,71.80702949099353,73.13819604353779,74.45541973888731,75.91029177594137,77.58827103234378,79.31028378652937,80.8567101645425,82.11028059016925,82.97158241001804,83.31027973792536,83.01864171121318,82.11028059016925,80.64432777537121,78.74064770441205,76.5342885012993,74.16029907846095,71.73218887110416,69.2773071794173,66.80146713339681,64.31048976422514,61.810210125540664,59.306488003812944,56.805226470793684,54.31240363293891
47.324349633454844,49.38969228119538,51.39715505029392,53.36590659460782,55.315398326198476,57.26523605779914,59.23511219676283,61.2447689644781,63.313977944315994,65.44270853464323,67.55165909941884,69.54171170087346,71.31375278630532,72.81045500061369,74.14162361473072,75.45884881381326,76.91372205894967,78.59170228828927,80.31371571774594,81.86014251147796,83.11371318079264,83.97501513165065,84.3137125043661,84.0220744392825,83.11371318079264,81.64776007359441,79.7440794411417,77.53771919061546,75.16372785496839,72.73561424498342,70.28072651587513,67.80487572553173,65.31387920320344,62.81356540836366,60.30978243282277,57.80841272984631,55.315398326198476
48.325590212548846,50.39176286531327,52.399730067742084,54.368794470905385,56.31848347615599,58.2684471480878,60.23840432423529,62.2481133960046,64.31735606595205,66.44610804367156,68.55507161426462,70.54513186320659,72.31717735660487,73.81388212127007,75.14505237166304,76.46227876426175,77.91715296825521,79.59513396981635,81.31714793523642,82.8635750589249,84.11714592165487,84.978447976495,85.31714538477472,85.02550728923569,84.11714592165487,82.6511925823784,80.7475115042677,78.5411504224081,76.16715756856149,73.73904125790182,71.28414873686725,68.80828941868091,66.3172776942668,63.81693678898603,61.313105511577874,58.81164994720635,56.31848347615599
49.32728236429093,51.394114276434195,53.402482031557795,55.37179482295252,57.32164043330887,59.271704075923054,61.2417255761533,63.251476163650324,65.32074557425109,67.44951452746713,69.5584884209008,71.54855473970002,73.3206037317194,74.81731052061038,76.14848206971934,77.46570940961402,78.92058437465371,80.59856598912802,82.32058037994278,83.86700776551794,85.1205787817618,85.98188091913264,86.3205783556397,86.02894023592819,85.1205787817618,83.65462525828465,81.75094382645483,79.54458208476507,77.17058802592123,74.74246957173023,72.2875732473276,69.8117071605449,67.32068337009159,64.82032094680955,62.3164513308208,59.81492761390345,57.32164043330887
50.32933322082101,52.396688692660675,54.40537448246255,56.3748844651012,58.324854391221606,60.27499738803816,62.2450699453681,64.25485348516273,66.32414412033535,68.45292654720848,70.56190863395946,72.55197977043444,74.3240315393212,75.8207399348452,77.1519125147475,78.46914060651244,79.92401617559554,81.60199827653969,83.32401300499058,84.8704405984254,86.12401173651332,86.9853139393888,87.32401139829996,87.03237325940273,86.12401173651332,84.65805806683598,82.754376354259,80.54801408886138,78.17401907360976,75.74589891809407,73.29099957494755,70.81512811589933,68.32409474853887,65.82371524613703,63.31981519993789,60.81823738759286,58.324854391221606
51.43166896526503,53.49944017911716,55.508378466192454,57.478044988218016,59.428113595299166,61.37831958026226,63.34843266355517,65.35824235838862,67.42754983983086,69.55634296087652,71.665331550714,73.65540651099765,75.42746048389179,76.92417015460371,78.25534355264841,79.57257224117382,81.02744828968682,82.7054307767425,84.42744577317548,85.97387353158868,87.22744476638431,88.0887470212509,88.42744449794418,88.13580634381924,87.22744476638431,85.76149098066777,83.85780904526156,81.65144636419657,79.27745058984301,76.84932908398325,74.39442734485274,71.9185516218175,69.42751065320692,66.92711759492809,64.42319339571394,61.921572646088265,59.428113595299166
52.4342309412434,54.50233225103494,56.511470991322994,58.481261776759226,60.43140871419976,62.38166469583288,64.35180994581106,66.36164040040578,68.43096125294002,70.55976286203405,72.66875661340381,74.65883460865705,76.43089033087696,77.92760101370777,79.25877506111325,80.57600422328812,82.03088065232512,83.70886344583789,85.43087865496844,86.9773065443251,88.23087785587771,89.09218015200963,89.4308776428166,89.13923947660543,88.23087785587771,86.76492397806075,84.86124186579485,82.65487885481431,80.2808824779608,77.85275990033116,75.39785625950347,72.92197715212873,70.43093015036806,67.930526332675,65.4265829628593,62.92492813281331,60.43140871419976
53.436972550339505,55.50533593389548,57.51463380298753,59.484523227710326,61.43473234055287,63.385028006424676,65.35519878787832,67.3650457198172,69.4343771851195,71.56318553123114,73.67218337933014,75.66226378344703,77.43432089411021,78.93103238026134,80.26220694306524,81.57943648117617,83.03431321223542,84.71229624898342,86.43431162693217,87.98073962021873,89.2343109926934,90.09561332157767,90.43431082358669,90.14267264778263,89.2343109926934,87.76835704177631,85.86467478913674,83.658311516302,81.28431466124374,78.85619123294909,76.40128608274118,73.92540428920765,71.4343524989112,68.93394014139767,66.42998155565076,63.928299675278055,61.43473234055287
54.43985678036702,56.508428220183475,58.517852408154056,60.487820130083065,62.438078594444335,64.38840575888612,66.35859680516442,68.36845681537577,70.43779670411661,72.56661039743364,74.67561149712031,76.66569381315779,78.43775202583069,79.93446414957818,81.26563912145437,82.58286895794612,84.03774592872068,85.71572915852464,87.43774467046451,88.9841727462403,90.23774416706884,91.09904652194868,91.43774403284877,91.14610584943082,90.23774416706884,88.77179015813215,86.8681077940779,84.66174431340932,82.28774707879953,79.85962297533118,77.40471662712605,74.9288327015826,72.43777711060932,69.93735797499315,67.43338731221833,64.93168396155923,62.438078594444335
55.44285423771345,57.51159084225185,59.52111530109005,61.49114517205922,63.441442808554655,65.39179497416438,67.3620021049465,69.37187249551287,71.44121906999106,73.57003700740732,75.67904068788813,77.66912452142063,79.44118360876024,80.93789623856867,82.26907153512593,83.5863016084428,85.04117876947956,86.71916215251218,88.44117777080093,89.98760591204845,91.24117737125547,92.10247974676801,92.44117726472494,92.1495390752639,91.24117737125547,89.77522331626858,87.87154086378443,85.66517721815798,83.2911796822979,80.86305504294353,78.4081477438865,75.93226212616301,73.44120351858203,70.94077900315537,68.43679875475192,65.93507836284567,63.441442808554655
56.545941581924396,58.614809296919006,60.62441334804787,62.59449254958203,64.54482127815986,66.4951932876737,68.46541318492505,70.47529181446238,72.54464369544513,74.67346500141745,76.7824707302805,78.7725557682513,80.54461554981494,82.04132858128447,83.37250413554138,84.68973439682654,86.14461170887455,87.82259521352486,89.54461091622272,91.09103910943524,92.3446105991033,93.20591299099199,93.54461051454993,93.25297232029246,92.3446105991033,90.87865650756632,88.97497398489533,86.7686102083417,84.39461243337901,81.96648736869147,79.51157931494228,77.03569235413286,74.54463135226347,72.04420256686141,69.54021471028584,67.03848079256294,64.54482127815986
57.54910028090704,59.618072070392955,61.627739298532774,63.59785765555101,65.5482110626485,67.49859882257168,69.46882885269619,71.47871402155803,73.548070114336,75.67689409394079,77.7859014486088,79.77598744254394,81.54804777511394,83.04476112538225,84.37593688417559,85.69316729465129,87.14804472655706,88.82602832773541,90.54804409742886,92.09447233188598,93.34804384573101,94.20934625061746,94.54804377862095,94.25640558055656,93.34804384573101,91.88208972518419,89.97840714680586,87.77204326633525,85.39804530159668,82.96991989932187,80.51501124657277,78.03912321975432,75.54806031753351,73.04762814303912,70.54363424781948,68.04188959454183,65.5482110626485
58.652315621468304,60.72137002252701,62.73108739717155,64.70123683304494,66.65160982794852,68.60201008916403,70.57224816183073,72.58213852098869,74.65149795668317,76.78032405835634,78.88933270342841,80.87941945611361,82.65148022601792,84.14819382931708,85.47936975045116,86.79660027933949,88.25147780637641,89.92946148416912,91.65147730703701,93.19790557423002,94.45147710726428,95.31277952246708,95.651477053999,95.35983885291304,94.45147710726428,92.98552296369238,91.08184034109908,88.8754763781495,86.5014782627857,84.07335259256762,81.61844346439176,79.14255459148067,76.65149018094792,74.15105531652237,71.64705662840649,69.14530345424598,66.65160982794852
59.75557592305384,61.82469589774604,63.83445307551088,65.8046271793979,67.7550157214382,69.70542590505197,71.67567036113621,73.68556483985437,75.75492692883125,77.88375471479428,79.99276438406187,81.98285173896784,83.75491285598478,85.25162666011471,86.5828027100987,87.90003333297123,89.35491093551383,91.03289467411541,92.75491053918788,94.30133883236337,95.55491038062814,96.41621280401905,96.75491033835146,96.46327213486728,95.55491038062814,94.08895621878119,92.18527356109448,89.97890953268131,87.60491129776614,85.17678541488132,82.72187590935884,80.24598636490319,77.75492075722104,75.25448375779156,72.75048126553796,70.24872132830582,67.7550157214382
60.85887191310954,62.928043936643604,64.93783270730825,66.90802639065791,68.85842727264819,70.80884533174773,72.77909485438379,74.78899260281126,76.85835679770476,78.98718592049144,81.0961964026643,83.08628423555345,84.85834562807395,86.35505959160342,87.68623574385569,89.00346644132354,90.45834410379501,92.13632789066065,93.8583437892309,95.4047721030287,96.65834366338197,97.51964609327175,97.85834362982695,97.56670542443929,96.65834366338197,95.19238948703008,93.2887068014897,91.08234272111802,88.70834439131488,86.28021833963632,83.82530853461358,81.34941845715235,78.85835189929128,76.35791320530538,73.85390769369722,71.35214238858481,68.85842727264819
61.96219623093825,64.03140956756462,66.04122341425007,68.01143263811126,69.96184331443939,71.91226762436216,73.8825211683419,75.89242151194708,77.96178737831082,80.09061756213637,82.199628689513,84.18971690177781,85.96177851296571,87.4584926030107,88.78966883643336,90.10689959310756,91.56177730314465,93.23976112831745,94.96177705347493,96.5082053836407,97.76177695358855,98.62307938863653,98.96177692695593,98.6701387200575,97.76177695358855,96.29582276572414,94.39214005807627,92.18577593646512,89.81177753134932,87.38365134569906,84.92874130296272,82.45285080245458,79.96178349043547,77.46134345147752,74.95733554340075,72.45556597778207,69.96184331443939
63.16554303367906,65.234789161725,67.2446229117147,69.21484447026556,71.16526292043595,73.11569219166944,75.08594892740365,77.09585133080763,79.16521852382007,81.29404954979353,83.40306118926904,85.39314970264464,87.16521148738899,88.66192567784942,89.9931019756971,91.3103327793634,92.76521052715331,94.44319438273055,96.16521032899033,97.71163867214736,98.96521024971048,99.82651268885247,100.16521022857214,99.8735720204746,98.96521024971048,97.49925605270853,95.59557332751393,93.38920917317098,91.0152107082795,88.58708441629581,86.13217418488605,83.6562833486052,81.16521543801012,78.66477433154613,76.16076452138758,73.65899157419227,71.16526292043595
64.86942478563849,66.9624087600176,69.00846879347196,71.02685849104311,73.03615411280515,75.05341530742373,77.0934361296395,79.16835101398453,81.28795166100286,83.44544241983382,85.57326890836036,87.59075739585302,89.42000398791126,91.02384116999437,92.50613339302768,93.99697959342673,95.61154303981661,97.39775549639677,99.18972328106194,100.80947601059167,102.22012279165091,103.37286082729807,103.91665225120425,103.48307593453528,102.22012279165091,100.38703932712036,98.17191654736999,95.72864332371151,93.19323320003777,90.66905161288392,88.16055592726241,85.65611399565586,83.14942658438423,80.636423889151,78.11404201588556,75.58041003792651,73.03615411280515
63.619542554287904,65.688784368636,67.69861550036791,69.66883543630914,71.61925286384448,73.56968148242726,75.53993779829275,77.54983993073459,79.6192069492293,81.74803786442004,83.85704943653009,85.84713791029523,87.61919967220862,89.11591384945963,90.44709013883232,91.76432093631692,93.21919867914056,94.89718253071815,96.61919847420197,98.16562681565,99.41919839221137,100.2805008308148,100.61919837035026,100.32756016241049,99.41919839221137,97.95324419641146,96.04956147352509,93.84319732348791,91.4691988664598,89.04107258846406,86.58616238187383,84.11027158976313,81.6192037579094,79.11876279187348,76.61475323192968,74.11298072957368,71.61925286384448
62.212878118162294,64.28204329463603,66.2918279092681,68.26201901696092,70.21241827564951,72.16283529874295,74.13308415488399,76.14298147318794,78.21234539105261,80.34117433798306,82.45018471322001,84.44027248323155,86.21233383951017,87.70904778207098,89.04022392087012,90.3574546085251,91.81233226311308,93.49031604362966,95.21233193779337,96.75876024887835,98.0123318076414,98.87363423667625,99.21233177293907,98.92069356780182,98.0123318076414,96.54637763319762,94.6426949513213,92.43633087778466,90.06233256046383,87.63420653098969,85.17929676536554,82.70340675802002,80.21234032515292,77.71190185408219,75.20789673966375,72.70613214068526,70.21241827564951
61.20653709120167,63.284041251602034,65.30645776311589,67.29348018773666,69.26458124223305,71.23869850456094,73.23392902279272,75.26733424633953,77.35501487157079,79.49435483619241,81.61028928752512,83.61049230030576,85.40379219156486,86.94076502627965,88.3297910102969,89.71502484611634,91.23391531217123,92.95608843790649,94.70701268887176,96.28403674679981,97.60416582021722,98.59264775401103,99.02373875095512,98.66790295218706,97.60416582021722,95.98480814685874,93.95686959691785,91.65954866904161,89.22532090589002,86.76201593100997,84.287694403806,81.80152267023531,79.30484763468789,76.79990506197836,74.28932577195613,71.77620270882454,69.26458124223305
60.3999752351945,62.468825701936694,64.4784192825124,66.44849199457829,68.39881663300514,70.34918603207461,72.31940424991608,74.3292817956314,76.39863297855385,78.52745384139959,80.63645930080234,82.6265441803319,84.39860387057192,85.8953168492038,87.22649236956089,88.54372260611923,89.99859989830207,91.67658338695387,93.39859907854787,94.9450272649245,96.19859875058549,97.05990114031994,97.39859866314109,97.10696046951458,96.19859875058549,94.73264466385659,92.82896215041852,90.62259839108808,88.2486006475788,85.8204756388429,83.36556768437178,80.8896809002424,78.39862021333647,75.89819198964094,73.394205133906,70.89247299548241,68.39881663300514
44.32531195568376,46.38664211328704,48.391664114807924,50.35890101803646,52.307437362466345,54.25666503826362,56.226148577897476,58.23555192640214,60.30459766430364,62.43322462039545,64.54211216303497,66.53212770663545,68.30414743196619,69.80083728771078,71.13199797271068,72.44921738820437,73.9040859868658,75.58206247413312,77.30407330638761,78.85049850119684,80.10406823324766,80.96536968022257,81.30406688059851,81.01242896309773,80.10406823324766,78.63811625066856,76.73443777781182,74.52808155580682,72.15409757712358,69.72599705415996,67.27113254581376,64.79532307940251,62.30440022165001,59.804217791827256,57.30066885355666,54.79971513765318,52.307437362466345
45.32437005376637,47.387354082946786,49.39338256149986,51.36124421058221,53.31017469055976,55.25965406550682,57.22929959625307,59.238807513080076,61.307920611369724,63.43659033201371,65.54550388096078,67.53553471671945,69.30756325646598,70.80425821208195,72.13542216910712,73.45264397125572,74.90751448733221,76.5854925188045,78.30750442282186,79.85393027744364,81.10750039626645,81.96880205117417,82.30749932266787,82.01586134426546,81.10750039626645,79.6415479496012,77.7378685855642,75.53151070114771,73.15752368653864,70.72941776309023,68.27454367249754,65.79871715348588,63.30776389778384,60.80752726047049,58.303881749611975,55.802756389327726,53.31017469055976
46.324327617308,48.38862625102456,50.39545430324825,52.363812100794405,54.313055521779276,56.262734717524125,58.23250883999543,60.24209976064006,62.311266326086226,64.43996999022531,66.54890418085789,68.53894715418076,70.31098268999702,71.8076816934086,73.13884824745347,74.45607194389754,75.910943981831,77.58892323894159,79.31093599361871,80.85736237193444,82.11093279773857,82.97223461768274,83.31093194562268,83.01929391888254,82.11093279773857,80.6449799827277,78.74129991135985,76.53494070748465,74.16095128325398,71.73284107342043,69.27795937733897,66.80211932349775,64.3111419403846,61.81086227683822,59.30714011081619,56.80587849906361,54.313055521779276
47.32500024586366,49.39034349751697,51.39780663369824,53.366558405705035,55.31605028087624,57.26588810414273,59.23576430209083,61.24542110787716,63.314630112237666,65.4433607181326,67.55231129237507,69.54236389939629,71.31440498803667,72.81110720420145,74.1422758195095,75.45950101946082,76.91437426529518,78.59235449519686,80.31436792504365,81.86079471901587,83.11436538847133,83.97566733940505,84.31436471214637,84.0227266470406,83.11436538847133,81.64841228110419,79.74473164832705,77.53837139719568,75.16438006044353,72.73626644849276,70.28137871589644,67.80552791934565,65.31453138595185,62.814217571378606,60.31043456067954,57.809064795206865,55.31605028087624
48.326241153508235,50.39241428599109,52.40038177992268,54.36944636386437,56.31913548309839,58.26909922779495,60.239056450762334,62.24876555275026,64.31800824216197,66.4467602322378,68.55572381034484,70.54578406370504,72.31782955964994,73.81453432578854,75.14570457712685,76.4629309704151,77.91780517496255,79.59578617696982,81.31780014269955,82.86422726657862,84.11779812942035,84.97910018432057,85.3177975926208,85.02615949706421,84.11779812942035,82.65184479000982,80.74816371164164,78.54180262930173,76.16780977457802,73.73969346235808,71.28480093855504,68.80894161544188,66.31792988224494,63.81758896130137,61.31375765598705,58.81230204200874,56.31913548309839
49.32793356625737,51.394765859400984,53.403133845984456,55.37244678089988,57.322292481739694,59.27235618211333,61.24237771950703,63.25212833098959,65.32139775703953,67.45016672006295,69.55914061946052,71.54920694176654,73.32125593580719,74.81796272586763,76.14913427572688,77.46636161616883,78.92123658164823,80.59921819647667,82.32123258753718,83.86765997326364,85.12123098959617,85.9825331270147,86.32123056353807,86.02959244381259,85.12123098959617,83.65527746601262,81.75159603397844,79.54523429190743,77.17124023236747,74.74312177693807,72.28822545033809,69.81235935964494,67.32133556222064,64.82097312650681,62.317103488368204,59.81557973207573,57.322292481739694
50.32998463009794,52.39734040449386,54.40602637806475,56.37553647463909,58.32550647258557,60.27564951524964,62.245722102077764,64.25550566091036,66.32479630834526,68.4535787430026,70.56256083448719,72.55263197374553,74.32468374423655,75.82139214068874,77.15256472118656,78.46979281338591,79.924668382818,81.60265048404318,83.32466521268914,84.87109280624406,86.12466394440236,86.9859661473157,87.3246636062398,87.0330254673315,86.12466394440236,84.65871027464058,82.75502856190138,80.54866629620119,78.17467128039704,75.7465511238984,73.29165177900788,70.81578031685592,68.32474694396251,65.82436743169342,63.320467367913494,60.818889524315026,58.32550647258557
51.43232053917836,53.50009199326797,55.509030426238155,57.47869703870916,59.428765702804554,61.37897172415924,63.34908483086585,65.35889454081014,67.42820203198514,69.5569951592092,71.66598375280378,73.65605871529658,75.42811268946403,76.92482236091266,78.25599575943002,79.5732244483002,81.0281004970902,82.70608298436896,84.42809798095675,85.97452573946526,87.22809697431674,88.08939922921338,88.42809670591694,88.1364585517832,87.22809697431674,85.76214318853317,83.85846125299824,81.65209857169309,79.27810279690101,76.8499812902611,74.39507954974633,71.91920382424763,69.42816285124556,66.92776978513498,64.4238455719667,61.922224797534255,59.428765702804554
52.43488264588801,54.50298414641817,56.51212300252662,58.48191385975862,60.432060842455115,62.38231685297376,64.35246212153604,66.36229258812449,68.4316134483837,70.56041506238158,72.66940881673338,74.65948681374002,76.43154253697055,77.92825322038613,79.25942726816672,80.57665643061523,82.0315328598721,83.70951565356192,85.43153086281534,86.97795875224767,88.23153006384459,89.09283236000039,89.43152985081552,89.13989168459734,88.23153006384459,86.76557618597445,84.86189407360638,82.65553106243522,80.28153468523365,77.85341210698479,75.39850846505843,72.92262935572845,70.43158235048222,67.93117852657304,65.42723514568175,62.92558029594608,60.432060842455115
53.43762435878293,55.50598789376734,57.51528585480091,59.48517533651386,61.435384485278405,63.385680174077606,65.35585097028186,67.36569791174034,69.43502938317403,71.56383773317788,73.6728355836437,75.66291598915228,77.43497310061761,78.93168458723284,80.26285915033449,81.58008868866261,83.03496541989637,84.71294845678489,86.43496383483117,87.98139182817778,89.23496320068763,90.09626552959082,90.43496303160632,90.14332485579672,89.23496320068763,87.76900924972833,85.86532699700766,83.65896372402162,81.28496686868709,78.85684343990096,76.40193828882104,73.92605649373563,71.43500470067268,68.93459233822539,66.43063374368765,63.92895184768689,61.435384485278405
54.44050867121916,56.5090802312491,58.51850449220302,60.48847225936882,62.43873075224286,64.38905793488273,66.35924899286884,68.36910901063598,70.43844890424336,72.56726260064964,74.6762637022149,76.66634601935695,78.43840423266653,79.93511635678234,81.26629132889488,82.583521165559,84.03839813647207,85.71638136638757,87.43839687840489,88.98482495422829,90.23839637508476,91.09969872997964,91.43839624088486,91.14675805746256,90.23839637508476,88.77244236611457,86.86876000199595,84.66239652120728,82.28839928637825,79.86027518251981,77.40536883362255,74.92948490684736,72.43842931367831,69.9380101741462,67.43403950439402,64.9323361413307,62.43873075224286
55.44350619398827,57.51224289395569,59.52176741072671,61.49179731760262,63.44209497672959,65.39244715678356,67.3626542968583,69.37252469342178,71.44187127176255,73.57068921163076,75.6796928936026,77.66977672801181,79.44183581585673,80.93854844595754,82.26972374270238,83.58695381615605,85.04183097730277,86.71981436042392,88.4418299787741,89.98825812005946,91.24182957928865,92.10313195481308,92.4418294727741,92.15019128330957,91.24182957928865,89.77587552427515,87.87219307173991,85.66582942601815,83.29183188998402,80.86370725032006,78.4087999507137,75.93291433201256,73.44185572268879,70.94143120415401,68.43745095021262,65.93573054846098,63.44209497672959
56.54659359013458,58.61546138088103,60.62506547799491,62.595144708029736,64.54547345457081,66.49584547554926,68.46606538017627,70.47594401447355,72.54529589852208,74.67411720644051,76.783122936487,78.77320797515364,80.54526775711834,82.0419807888199,83.3731563432257,84.69038660461945,86.14526391675474,87.82324742147532,89.54526312422195,91.09169131746447,92.34526280715014,93.20656519904828,93.54526272260948,93.25362452834923,92.34526280715014,90.87930871559203,88.9756261928805,86.76926241625122,84.3952646411504,81.96713957621714,79.51223152203195,77.03634456044657,74.54528355719391,72.04485476932493,69.54086690835385,67.03913298281658,64.54547345457081
57.54975233034425,59.61872417996061,61.628391444601064,63.598509824241205,65.54886324559651,67.4992510146193,69.46948105059796,71.4793662232378,73.54872231844907,75.67754629959849,77.78655365520581,79.77663964969324,81.54869998258157,83.04541333303406,84.37658909194555,85.69381950250744,87.14869693448247,88.8266805357166,90.54869630544874,92.0951245399297,93.34869605378867,94.20999845868265,94.54869598668871,94.2570577886221,93.34869605378867,91.88274193322512,89.97905935481458,87.77269547428395,85.39869750943573,82.9705721069659,80.51566345387074,78.03977542643639,75.54871252311773,73.04828034666531,70.54428644795695,68.04254178847698,65.54886324559651
58.652967703631106,60.72202215241926,62.73173955603586,64.70188900986486,66.65226201608509,68.60266228452305,70.57290036183625,72.58279072399282,74.65215016161862,76.78097626451776,78.88998491033534,80.88007166345892,82.65213243361589,84.14884603706125,85.48002195828906,86.7972524872458,88.2521300143377,89.93011369217469,91.65212951507328,93.19855778228522,94.45212931533057,95.31343173053934,95.65212926207329,95.36049106098557,94.45212931533057,92.98617517174537,91.08249254912653,88.87612858612928,86.50213047067845,84.07400480030559,81.61909567185505,79.14320679845517,76.65214238705097,74.15170752107142,71.64770883018647,69.14595565110316,66.65226201608509
59.75622803119333,61.82534804377086,63.835105244531775,65.80527936267053,67.755667913693,69.70607810303929,71.67632256281146,73.68621704390964,75.75557913441943,77.8844069213555,79.99341659121484,81.98350394646874,83.75556506368619,85.25227886793215,86.58345491799057,87.90068554091741,89.35556314350364,91.03354688214034,92.75556274723719,94.3019910404277,95.55556258870128,96.4168650120969,96.75556254643095,96.46392434294539,95.55556258870128,94.08960842684378,92.18592576913677,89.97956174068577,87.60556350570155,85.17743762269384,82.72252811695338,80.24663857210976,77.75557296373599,75.25513596307303,72.75113346862165,70.24937352748222,67.755667913693
60.85952404186821,62.92869609547341,64.93848488439063,66.90867857905212,68.85907946817167,70.80949753182117,72.77974705738433,74.78964480770082,76.859009003811,78.98783812737,81.09684861001253,83.08693644317782,84.85899783585748,86.35571179947904,87.68688795179038,89.00411864930132,90.45899631180744,92.13698009870095,93.85899599729056,95.40542431110028,96.65899587146052,97.52029830135406,97.85899583791053,97.56735763252179,96.65899587146052,95.19304169510029,93.28935900954379,91.0829949291421,88.70899659928413,86.28087054750804,83.82596074231228,81.35007066454313,78.85900410613311,76.35856541116817,73.85455989781565,71.35279458960201,68.85907946817167
61.96284837606328,64.03206173655812,66.04187559773102,68.01208483057056,69.96249551255721,71.91291982609133,73.88317337239434,75.89307371749885,77.96243958482822,80.09126976926677,82.2002808970162,84.19036910950021,85.96243072081441,87.4591448109325,88.79032104440202,90.10755180111045,91.56242951117503,93.24041333636995,94.9624292615428,96.50885759171801,97.76242916167142,98.62373159672237,98.96242913504278,98.67079092814349,97.76242916167142,96.29647497380037,94.39279226613974,92.18642814450473,89.81242973934542,87.38430355361774,84.92939351074409,82.45350300999152,79.9624356975367,77.46199565780174,74.95798774834044,72.45621818026035,69.96249551255721
63.166195191794685,65.23544133878566,67.24527510027428,69.21549666595138,71.16591512061296,73.11634439471278,75.086601132291,77.09650353688497,79.16587073066387,81.29470175712385,83.40371339689523,85.39380191044481,87.1658636952894,88.66257788580785,89.99375418369272,91.3109849873862,92.76586273519794,94.44384659079273,96.16586253706471,97.7122908802292,98.96586245779675,99.82716489694111,100.16586243666157,99.87422422856338,98.96586245779675,97.49990826078954,95.59622553558481,93.38986138122291,91.01586291629692,88.58773662425179,86.13282639273305,83.65693555625819,81.1658676453173,78.66542653823656,76.16141672697913,73.65964377783015,71.16591512061296
64.87006277072544,66.9630456697233,69.00910406804441,71.02749161001736,73.03678462793377,75.05404290870291,77.09406073634423,79.16897287288805,81.28857142469724,83.44606099897163,85.57388671408032,87.59137408115356,89.4206183574288,91.02445128258427,92.50673767621366,93.99757742492271,95.61213516070328,97.39834386453077,99.19030927294804,100.81005955240963,102.22070122210872,103.37343025025137,103.91721568800529,103.48364348392559,102.22070122210872,100.38762999967699,98.17251844792452,95.72925432102377,93.19385068557418,90.66967307553097,88.16117964708226,85.65673892951152,83.15005218572128,80.63705002894037,78.11466894594543,75.58103834632885,73.03678462793377
63.61716885966827,65.68641060267869,67.69624169111123,69.66646160021855,71.61687901084208,73.56730761863165,75.53756392755358,77.54746605551435,79.61683307112297,81.74566398448164,83.85467555547764,85.84476402858775,87.61682579012356,89.11353996715611,90.44471625638865,91.76194705377102,93.21682479651253,94.894808648024,96.6168245914619,98.16325293288166,99.41682450942648,100.278126948021,100.6168244875534,100.32518627961622,99.41682450942648,97.95087031364643,96.04718759079823,93.84082344083227,91.46682498393419,89.03869870616975,86.58378849998999,84.10789770860976,81.61682987805821,79.11638891434461,76.61237935853876,74.11060686353929,71.61687901084208
62.21050453408628,64.27966959732711,66.28945414322892,68.25964520832687,70.21004444017012,72.16046144613061,74.1307102912495,76.14060760244028,78.20997151572358,80.33880045974581,82.44781083321433,84.43789860218602,86.20995995786527,87.70667390007932,89.03785003865593,90.35508072614867,91.80995838060628,93.48794216101787,95.2099580551087,96.75638636614883,98.00995792488557,98.8712603539063,99.20995789016428,98.91831968503115,98.00995792488557,96.54400375047337,94.64032106865764,92.43395699523401,90.05995867811961,87.6318326490127,85.17692288404008,82.70103287785412,80.20996644705407,77.70952797966982,75.20552287181992,72.7037582845191,70.21004444017012
61.20422795120561,63.28173725532503,65.30416165870108,67.29119461976701,69.26230860717524,71.23644061571183,73.23168659859022,75.26510629713141,77.3527981477652,79.4921445324067,81.60808320457494,83.60829237311998,85.40160514454102,86.93860222294143,88.32766265274856,89.71293639740011,91.23186386348345,92.95406221456851,94.7050028293616,96.28204408800929,97.60221016353668,98.59076124313938,99.02190121775479,98.66603149859527,97.60221016353668,95.98276634561128,93.95475575256653,91.65738076539373,89.22311657708423,86.75979009218523,84.28545662139241,81.79927854097271,79.30260003855022,76.79765468074999,74.28707132178053,71.77394121442887,69.26230860717524
60.39760210504015,62.466452286541724,64.47604569396155,66.4461182987082,68.39644286949431,70.3468122253936,72.31703041546184,74.32690794325346,76.39625911463173,78.52507997014926,80.6340854250958,82.62417030200517,84.3962299907349,85.892942968493,87.22411848828946,88.54134872443888,89.9962260162932,91.67420950468042,93.39622519609082,94.9426533823544,96.19622486794913,97.05752725764793,97.3962247804569,97.10458658684082,96.19622486794913,94.73027078129974,92.82658826801435,90.6202245089687,88.24622676597961,85.81810175816899,83.36319380533972,80.88730702413216,78.39624634243498,75.89581812802864,73.39183128884511,70.89009917984666,68.39644286949431
44.32342234149914,46.384748995964316,48.38976886496752,50.35700444423905,52.30553995332146,54.2547670956172,56.22425029187829,58.233653418722554,60.30269901383292,62.43132587927094,64.54021336678093,66.53022887796412,68.30224858460946,69.79893842954297,71.13009910760664,72.4473185180409,73.90218711263765,75.58016359663145,77.30217442661392,78.8485996200244,80.10216935125533,80.96347079778945,81.30216799801462,81.01053008064298,80.10216935125533,78.63621736966005,76.7325388986925,74.5261826802116,72.15219870796415,69.72409819644886,67.26923370841578,64.79342427815374,62.302501484840406,59.802319169928396,57.29877043637187,54.79781708430798,52.30553995332146
45.32247853455026,47.385459778740035,49.39148656298251,51.359347160560404,53.30827697724945,55.257755928644855,57.22740118681034,59.23690892768671,61.30602191263546,63.43469156132451,65.54360506651415,67.53363587654279,69.30566440145856,70.80235934849372,72.13352330001356,73.45074509814651,74.90561561099682,76.5835936398709,78.30560554208498,79.85203139559658,81.10560151376862,81.9669031683265,82.30560043970056,82.01396246140058,81.10560151376862,79.63964906788422,77.73596970534669,75.5296118237273,73.15562481422631,70.7275188998645,68.27264482539448,65.79681833507487,63.30586513051951,60.80562858441493,58.30198323605096,55.80085816458711,53.30827697724945
46.32243458333093,48.386731003727434,50.39355771008444,52.36191467262279,54.31115756698327,56.26083642648483,58.23061033257993,60.240201113560715,62.309367589043404,64.43807119606997,66.54700535197153,68.53704830487223,70.30908382891724,71.80578282551818,73.13694937519344,74.45417306845027,75.90904510382309,77.5870243588715,79.30903711211734,80.85546348955194,82.10903391483954,82.97033573450604,83.30903306235099,83.0173950356922,82.10903391483954,80.64308110044846,78.7394010302707,76.53304182861558,74.15905240843921,71.73094220581773,69.2760605225329,66.80022049146481,64.30924314894763,61.808963557796275,59.305241520754365,56.803980138264365,54.31115756698327
47.32310600789197,49.38844750101981,51.395909568297625,53.36466067728837,55.31415213436915,57.26398969071502,59.23386571690709,61.24352241183476,63.312731344788205,65.44146190535173,67.55041245202776,69.54046504283971,71.31250612213718,72.80920833289633,74.1403769447362,75.45760214215778,76.91247538595982,78.59045561422474,80.31246904293553,81.85889583620835,83.11246650525385,83.97376845596716,84.31246582863312,84.02082776359191,83.11246650525385,81.64651339837862,79.74283276654609,77.53647251717679,75.16248118364254,72.73436757741601,70.27947985497644,67.80362907650087,65.3126325753286,62.81231881821695,60.3085359098946,57.8071663264039,55.31415213436915
48.32434595883464,50.39051769443169,52.39848433954003,54.36754839707541,56.31723718440254,58.267200717216255,60.23715780384937,62.24686681784405,64.31610945057805,66.44486140467362,68.55382496090087,70.54388520139565,72.31593068992504,73.81263545177319,75.14380570035881,76.46103209163923,77.91590629457355,79.59388729528172,81.3159012601098,82.8623283834338,84.11589924595013,84.97720130067543,85.31589870891582,85.02426061341046,84.11589924595013,82.64994590693004,80.74626482931158,78.53990374837025,76.16591089620057,73.73779458852397,71.2829020727824,68.80704276401562,66.31603105639329,63.81569018105802,61.31185895700335,58.810403487474446,56.31723718440254
49.32603761156081,51.39286879527445,53.40123610787285,55.37054862487207,57.320394062234186,59.27045759441876,61.24047902359669,63.250229565236026,65.31949894629969,67.44826788076507,69.55724176279645,71.54730807489113,73.31935706304606,74.81606384970115,76.14723539737557,77.46446273622391,78.919337700423,80.5973193142203,82.31933370456518,83.86576108985108,85.11933210592534,85.98063424320503,86.31933167968091,86.02769355999611,85.11933210592534,83.65337858265167,81.74969715121256,79.54333541025161,77.16934135273877,74.74122290091545,72.28632658071388,69.81046050140755,67.31943672428199,64.81907432476814,62.315204751127396,59.813681109490915,57.320394062234186
50.32808807173667,52.395442965122854,54.404128403578994,56.37363816838544,58.32360795718242,60.27375086634369,62.24382336727638,64.25360687067251,66.32289748240103,68.45167989439156,70.56066197209249,72.55073310324605,74.32278486906556,75.81949326281492,77.15066584157867,78.46789393251312,79.92276950092901,81.6007516013358,83.32276632941375,84.86919392261899,86.12276506057233,86.98406726337547,87.32276472226187,87.03112658338584,86.12276506057233,84.65681139105648,82.75312967878959,80.54676741397044,78.17277239977525,75.74465224613874,73.28975290632667,70.81388145321243,68.3228480964303,65.82246861289356,63.318568600306904,60.81699084771499,58.32360795718242
51.43042350141444,53.49819425595953,55.50713226410018,57.47679861320425,59.4268671112805,61.37707302666698,63.3471860651955,65.35699573113868,67.42630319397301,69.55509630320623,71.66408488586065,73.65415984192063,75.4262138123803,76.92292348168368,78.25409687882471,79.57132556669094,81.02620161467439,82.70418410130361,84.42619909744056,85.97262685567156,87.22619809036036,88.0875003451695,88.42619782184315,88.13455966773503,87.22619809036036,85.76024430477199,83.85656236961191,81.65019968900606,79.27620391549097,76.84808241112276,74.39318067463876,71.91730495631334,69.42626399609887,66.92587095279343,64.42194678025807,61.92032607806013,59.4268671112805
52.43298522744935,54.501086172570055,56.510224691422565,58.48001533959328,60.43016219050952,62.38041811691676,64.35056333136424,66.36039376302827,68.42971460079319,70.5585162005116,72.66750994618013,74.65758793808104,76.42964365836869,77.92635434008159,79.25752838676979,80.57475754842147,82.02963397703817,83.70761677021244,85.42963197910805,86.97605986832005,88.22963117978787,89.09093347587427,89.42963096666563,89.13799280046777,88.22963117978787,86.76367730207268,84.85999519000214,82.65363217938601,80.279635803198,77.85151322675219,75.39660958802503,72.92073048438851,70.42968348929186,67.92927968348329,65.42533633484291,62.923681542441386,60.43016219050952
53.43572663809378,55.504089732135554,57.51338742544576,59.48327674120975,61.43348578537346,63.38378140741062,65.35395216066281,67.36379907440127,69.43313052798106,71.56193886665122,73.6709367102251,75.66101711168125,77.43307422081082,78.92978570607463,80.26096026830922,81.57818980600493,83.03306653673056,84.71104957320989,86.43306495097218,87.97949294414394,89.23306431655132,90.0943666453994,90.43306414739605,90.14142597160259,89.23306431655132,87.76711036571497,85.86342811323044,83.65706484068495,81.2830679861549,78.85494455879984,76.40003941025915,73.92415761969264,71.43310583468545,68.9326934866047,66.42873491766485,63.92705306717126,61.43348578537346
54.43861071056509,56.507181920546884,58.51660596898144,60.4865736044228,62.436832014270834,64.3871591439199,66.35735016781422,68.36721016357968,70.43655004301628,72.56536373042698,74.67436482652207,76.66444714044769,78.43650535190336,79.93321747494659,81.26439244637092,82.5816222825331,84.03649925304288,85.7144824826336,87.43649799442548,88.98292607011014,90.23649749088527,91.09779984573638,91.43649735662666,91.14485917321716,90.23649749088527,88.77054348201267,86.86686111808146,84.66049763764246,82.28650040345192,79.85837630072933,77.40346995384746,74.92758603065896,72.43653044388378,69.93611131575446,67.43214066631954,64.93043733937591,62.436832014270834
55.441608042830694,57.51034446491951,59.51986881299666,61.48989861531612,63.4401962085426,65.39054834653663,67.36075545955225,69.37062583865283,71.43997240574618,73.56879033847454,75.67779401610471,77.66787784796102,79.43993693433453,80.93664956358397,82.26782485978259,83.58505493283788,85.0399320936645,86.71791547652788,88.43993109469913,89.98635923587435,91.23993069503899,92.1012330705287,92.43993058847786,92.14829239902349,91.23993069503899,89.77397664010296,87.8702941877165,85.66393054227223,83.28993300674489,80.86180836798243,78.4069010699757,75.93101545412134,73.43995684987237,70.93953234038806,68.43555210257259,65.9338317294896,63.4401962085426
56.54469528774706,58.61356285791264,60.62316682112329,62.59324596816738,64.54357466240153,66.49394664999629,68.46416653314618,70.474045153583,72.5433970287044,74.67221833095594,76.78122405755641,78.7713090941968,80.54336887499363,82.04008190601951,83.37125745999177,84.6884877210693,86.14336503295053,87.82134853746652,89.54336424007113,91.08979243322625,92.34336392286066,93.20466631473127,93.54336383828303,93.25172564403087,92.34336392286066,90.87740983136406,88.97372730877059,86.76736353236157,84.39336575766302,81.96524069344527,79.51033264052968,77.03444568120378,74.54338468197903,72.04295590129345,69.53896805312158,67.03723415033889,64.54357466240153
57.54785390790828,59.61682558243153,61.62649274078615,63.59661105455382,65.54696443439202,67.49735217691774,69.46758219584981,71.47746735748852,73.54682344561428,75.67564742226591,77.78465477513808,79.7747407680173,81.5468010999787,83.04351444989486,84.37469020846225,85.69192061877318,87.14679805054656,88.8247816516183,90.54679742123774,92.0932256556493,93.34679716946764,94.20809957433973,94.5467971023383,94.25515890427812,93.34679716946764,91.88084304895287,89.97716047063605,87.77079659028024,85.39679862575129,82.96867322384938,80.51376457176188,78.03787654612091,75.54681364599918,73.04638147524824,70.5423875866987,68.04064294527917,65.54696443439202
58.65106918590182,60.72012349570717,62.729840814960355,64.69999021650467,66.65036318977207,68.60076343717901,70.57100150096221,72.58089185438718,74.65025128638915,76.77907738571835,78.8880860293651,80.87817278121221,82.65023355063347,84.14694715365313,85.47812307460786,86.79535360336541,88.25023113029728,89.92821480800538,91.65023063081452,93.19665889797136,94.45023043098442,95.31153284617585,95.65023037770388,95.35859217662124,94.45023043098442,92.98427628743795,91.0805936648935,88.87422970203504,86.5002315868376,84.07210591691549,81.61719678926475,79.14130791728824,76.65024350842148,74.14980864696716,71.64580996414534,69.14405679939674,66.65036318977207
59.754329437822875,61.82344934008256,63.83320647388149,65.8033805505208,67.75376907538818,69.70417924804197,71.67442369707531,73.68431817124312,75.75368025728932,77.88250804139193,79.99151770952824,81.98160506376901,83.75366618040255,85.25037998431063,86.58155603415231,87.89878665692103,89.35366425938025,91.03164799791465,92.7536638629405,94.30009215608729,95.55366370433525,96.4149661277171,96.75366366204642,96.4620254585649,95.55366370433525,94.08770954250848,92.18402688486051,89.97766285651966,87.60366462173653,85.17553873908662,82.72062923398096,80.24473969026707,77.75367408390724,75.253237086836,72.74923459878431,70.24747466902244,67.75376907538818
60.85762538845702,62.92679735449842,64.93658609026616,66.90677975198885,68.85718062034883,70.80759867074934,72.77784818778906,74.78774593260493,76.85711012517231,78.98593924648242,81.09494972775737,83.08503756011854,84.85709895233472,86.35381291568812,87.68498906782744,89.00221976521291,90.45709742761818,92.13508121443049,93.85709711296374,95.40352542673878,96.65709698707869,97.5183994169613,97.85709695351402,97.56545874812846,96.65709698707869,95.19114281074283,93.28746012523322,91.08109604491894,88.7070977152206,86.27897166372848,83.82406185903653,81.34817178216407,78.85710522535254,76.35666653323835,73.85266102496527,71.35089572578202,68.85718062034883
61.96094967499505,64.03016296598761,66.03997678497467,68.01018599167024,69.96059665717985,71.9110209601982,73.8812744997361,75.89117484047475,77.96054070499221,80.0893708876458,82.19838201430976,84.18847022615554,85.9605318371019,87.45724592700714,88.78842216034015,90.10565291694894,91.56053062693348,93.238514452064,94.9605303771921,96.50695870733976,97.76053027727704,98.62183271231933,98.96053025063678,98.66889204374002,97.76053027727704,96.29457608942533,94.39089338180189,92.18452926023629,89.8105308552037,87.38240466970142,84.92749462722765,82.45160412718676,79.96053681600067,77.46009677852834,74.9560888730986,72.45431931218596,69.96059665717985
63.16429645289931,65.23354254472451,67.24337627272952,69.21359781765588,71.16401625923953,73.11444552499293,75.08470225720163,77.09460465833044,79.16397184987751,81.29280287492077,83.40181451383062,85.39190302687362,87.16396481142627,88.6606790017758,89.9918552995523,91.30908610316669,92.76396385091493,94.44194770645858,96.16396365269506,97.7103919958377,98.96396357339242,99.82526601252991,100.16396355224802,99.87232534415182,98.96396357339242,97.49800937640059,95.59432665122536,93.38796249691856,91.0139640320931,88.58583774022688,86.13092750902551,83.65503667311555,81.16396876318164,78.66352765789674,76.15951784983919,73.65774490637905,71.16401625923953
64.86826736796864,66.9612580909793,69.00732838580588,71.02573161091345,73.03504357314065,75.05232305357228,77.09236266809653,79.16729479605331,81.28690859133974,83.44440678371227,85.57223812572126,87.58973364424789,89.41899476863404,91.02285866424198,92.50518746826177,93.99607415423353,95.6106734354099,97.39690944079497,99.1888921365177,100.80866024026784,102.21933909499865,103.37213365186824,103.91596263783129,103.48236051542551,102.21933909499865,100.38617881111097,98.17098557411714,95.72765526607093,93.19220442666665,90.6679978816228,88.15948803130462,85.6550384810974,83.14834688108398,80.63534080682064,78.11295397424675,75.57931334654381,73.03504357314065
63.615270125853954,65.68451181177286,67.69434286555288,69.66456275318507,71.61498015027405,73.56540874942581,75.53566505279079,77.5455671771654,79.61493419046427,81.74376510235675,83.85277667246115,85.842865145047,87.61492690628066,89.1116410831384,90.44281737225876,91.76004816955933,93.21492591223509,94.89290976369361,96.61492570709478,98.16135404849193,99.41492562502347,100.27622806361087,100.61492560314085,100.32328739520577,99.41492562502347,97.94897142925936,96.04528870644171,93.83892455653273,91.46492609973873,89.03679982215941,86.58188961630816,84.1059988255125,81.6149309960031,79.11449003414805,76.61048048165377,74.10870799254175,71.61498015027405
62.20860588874007,64.27777086136058,66.28755535225756,68.2577463832668,70.20814559362574,72.15856258587476,74.12881142217259,76.13870872767072,78.20807263728754,80.33690157898232,82.44591195103554,84.43599971917504,86.20806107437465,87.70477501631117,89.03595115470975,90.35318184207262,91.80805949642587,93.48604327675343,95.20805917078593,96.75448748179015,98.00805904050586,98.86936146951527,99.20805900576936,98.91642080063957,98.00805904050586,96.5421048661189,94.63842218435167,92.43205811101852,90.05805979406931,87.62993376525627,85.1750240008051,82.6991339955471,80.20806756640135,77.70762910196737,75.20362399937426,72.7018594214191,70.20814559362574
61.2023646667936,63.27987679924547,65.3023055420417,67.28934429665941,69.26046539530672,71.2346055120945,73.22985999821367,75.26328765579258,77.35098567865617,79.49033559330147,81.60627658626267,83.60648913949973,85.39980899293866,86.93681940137932,88.32589877050805,89.71119445793337,91.23014226718568,92.95235448739132,94.70330409909505,96.2803548147237,97.6005412338691,98.58913032885201,99.02029723012558,98.66440886246141,97.6005412338691,95.98105005357625,93.95299985004439,91.65559513950964,89.22131092327336,86.75797261123172,84.28363257329582,81.79745100307065,79.30077059438875,76.79582370520613,74.28523810892298,71.7721041282939,69.26046539530672
60.395703822967405,62.46455377619097,64.47414704503412,66.44421956389317,68.39454408054637,70.34491340189658,72.3151315697379,74.32500908318518,76.39436024532466,78.52318109497743,80.63218654635769,82.62227142117004,84.39433110869112,85.89104408574991,87.22221960509773,88.53944984091989,89.99432713251127,91.67231062068674,93.39432631195021,94.94075449812331,96.194325983665,97.0556283733353,97.39432589613452,97.1026877025268,96.194325983665,94.72837189707924,92.82468938391605,90.61832562509838,88.24432788252554,85.81620287545546,83.36129492394011,80.88540814507091,78.39434746754225,75.8939192605701,73.38993243463264,70.88820034918315,68.39454408054637
44.32283568941201,46.38416125597768,48.38918046272697,50.3564156308431,52.3049508805079,54.25417785712443,56.223660946750925,58.23306400475839,60.30210955552489,62.4307363928103,64.53962386319978,66.52963936431576,68.30165906515833,69.79834890673447,71.12950958264406,72.44672899150713,73.90159758484157,75.57957406781881,77.30158489709568,78.8480100900718,80.10157982104809,80.96288126744534,81.3015784676237,81.00994055029211,80.10157982104809,78.63562783975834,76.73194936937747,74.52559315199099,72.15160918174219,69.72350867378219,67.26864419205737,64.79283477302147,62.30191199971978,59.80172972049337,57.29818105051092,54.79722781143764,52.3049508805079
45.32189129085573,47.384871670166305,49.39089792824005,51.35875819927273,53.30768780997715,55.25716662983834,57.226811803353684,59.23631948958848,61.30543243933914,63.43410206568254,65.54301555728327,67.53304635932145,69.30507487963155,70.80176982400192,72.13293377381206,73.45015557069792,74.90502608254636,76.58300411061356,78.3050160122676,79.85144186543448,81.10501198340442,81.96631363785363,82.30501090919051,82.01337293092239,81.10501198340442,79.6390595377625,77.73538017569064,75.52902229493986,73.15503528702521,70.72692937548526,68.27205530602211,65.79622882461287,63.305275635941115,60.8050391181615,58.30139382026033,55.80026883848984,53.30768780997715
46.32184686922729,48.38614260227669,50.392968890674226,52.36132559390049,54.31056832471745,56.26024707979846,58.230020918697775,60.23961165630587,62.308778103850344,64.43748169314057,66.5464158382564,68.53645878481498,70.30849430520442,71.8051932996903,73.13635984800857,74.4535835402756,75.90845557485324,77.58643482926121,79.30844758206257,80.85487395922354,82.10844438435075,82.96974620393098,83.30844353174643,83.01680550511293,82.10844438435075,80.6424915701521,78.73881150034393,76.53245229937826,74.15846288046097,71.73035268007919,69.27547100076839,66.7996309767725,64.30865364686241,61.808374078193395,59.30465208120634,56.80339076991399,54.31056832471745
47.32251791988756,49.387858866904715,51.39532060223405,53.3640715053248,55.31356283256733,57.26340030602084,59.23327627887397,61.2429329393744,63.312141850152344,65.44087239663816,67.54982293475342,69.53987552053158,71.31191659692759,72.80861880600801,74.13978741677084,75.45701261340682,76.9118858565777,78.58986608433429,80.31187951269231,81.85830630574796,83.11187697466615,83.97317892531103,84.31187629795357,84.0202382329324,83.11187697466615,81.64592386794368,79.7422432364045,77.5358829875824,75.16189165504747,72.7337780505986,70.27889033131322,67.80303955845093,65.31204306728509,62.811729328018174,60.30794645148896,57.80657692451291,55.31356283256733
48.32375757372616,50.38992887551976,52.39789525702561,54.36695915108518,56.316647835338415,58.26661130235178,60.236568346646195,62.24627733331451,64.31551994844723,66.44427189136907,68.55323544080153,70.54329567730099,72.31534116352748,73.81204592404322,75.14321617177399,76.46044256243084,77.91531676486426,79.59329776516896,81.31531172971704,82.86173885286865,84.11530971528394,84.97661176995491,85.31530917817675,85.02367108268729,84.11530971528394,82.64935637638507,80.74567529899946,78.53931421849242,76.16532136711595,73.73720506085027,71.28231254761218,68.80645324330072,66.31544154362055,63.815100682448985,61.31126948362956,58.80981405895952,56.316647835338415
49.3254489904269,51.39227982960654,53.400646932898496,55.369959320113594,57.319804675652534,59.26986815560588,61.23988955117733,63.249640071126805,65.31890943821995,67.4476783638166,69.55665224045492,71.54671854937845,73.31876753570556,74.81547432130313,76.14664586829906,77.4638732066525,78.91874817045397,80.59672978393107,82.31874417405372,83.86517155920276,85.11874257519685,85.98004471243341,86.31874214889456,86.02710402922239,85.11874257519685,83.65278905201941,81.74910762076509,79.54274588014886,77.16875182326558,74.74063337256212,72.28573705434755,69.80987097857741,67.31884720775564,64.81848481948373,62.314615265872845,59.813091659842854,57.319804675652534
50.32749926313444,52.394853882922575,54.403539155198516,56.37304881697426,58.32301854081972,60.27316140852159,62.24323388277941,64.25301736895972,66.32230796959958,68.4510903745509,70.56007244797132,72.55014357660792,74.32219534097669,75.81890373388671,77.1500763121119,78.46730440265355,79.92217997075387,81.60016207090652,83.3221767988081,84.86860439190473,86.12217552979439,86.98347773256332,87.322175191438,87.03053705257201,86.12217552979439,84.65622186035492,82.75254014823473,80.54617788368917,78.17218286999363,75.74406271724598,73.28916337901099,70.81329192870345,68.3222585769247,65.8218791023108,63.31797910562226,60.81640138129248,58.32301854081972
51.429834543933445,53.497605081234624,55.50654295744418,57.4762092247595,59.4262776712784,61.37648355375637,63.34659657111213,65.35640622339074,67.42571367742386,69.55450678107,71.66349536032695,73.65357031438921,75.42562428369743,76.92233395233464,78.25350734904822,79.57073603660268,81.02561208433565,82.70359457076313,84.4256095667601,85.97203732490487,87.22560855954316,88.08691081432517,88.42560829098952,88.13397013688935,87.22560855954316,85.75965477401542,83.85597283897177,81.64961015858304,79.27561438546456,76.84749288180183,74.39259114656957,71.91671543047185,69.42567447422857,66.92528143800527,64.4213572780885,61.91973659832303,59.4262776712784
52.43239615174963,54.50049692438759,56.50963533850506,58.47942592175167,60.42957273174346,62.37982863202984,64.34997382967191,66.35980425049013,68.42912508126945,70.55792667655336,72.66692041952531,74.65699840984061,76.42905412921436,77.92576481039848,79.25693885674744,80.57416801815168,82.02904444656957,83.70702723958374,85.42904244836822,86.97547033751184,88.22904164893956,89.09034394500436,89.42904143578836,89.13740326959685,88.22904164893956,86.76308777127247,84.85940565929431,82.65304264885054,80.27904627297731,77.85092369709142,75.3960200593578,72.92014095748938,70.4290939655447,67.92869016535727,65.42474682673242,62.92309205213607,60.42957273174346
53.43513746853,55.50350042563677,57.512798035805304,59.482687300033746,61.43289631171359,63.38319191301777,65.35336265293117,67.36320955806116,69.43254100609639,71.56134934124687,73.67034718268047,75.66042758287813,77.4324846912823,78.92919617612642,80.26037073809177,81.57760027559107,83.03247700615893,84.71046004251116,86.43247542018526,87.97890341330272,89.23247478567828,90.09377711450924,90.43247461650004,90.14083644071161,89.23247478567828,87.76652083488011,85.8628385824689,83.65647531006024,81.28247845578002,78.85435502886938,76.39944988111725,73.92356809195411,71.4325163094486,68.93210396582944,66.428145404839,63.926463568477686,61.43289631171359
54.43802146648005,56.50659256775417,58.5160165501907,60.48598414472494,62.436242528789194,64.38656964198195,66.35676065528902,68.36662064422185,70.43596051925772,72.5647742038748,74.67377529827112,76.66385761119791,78.43591582207786,79.93262794478795,81.26380291599858,82.58103275200489,84.03590972238942,85.71389295187927,87.43590846360115,88.98233653924274,90.23590795999257,91.09721031483014,91.43590782571576,91.14426964231022,90.23590795999257,88.7699539511503,86.86627158727731,84.65990810694689,82.28591087295464,79.85778677058477,77.40288042432879,74.92699650225416,72.43594091746456,69.93552179287641,67.43155114975102,64.9298478340244,62.436242528789194
55.44101873958468,57.50975507537814,59.51927937106727,61.48930914091666,63.439606713677705,65.38995883861,67.36016594322238,69.37003631689983,71.43938288050029,73.56820081101137,75.67720448729321,77.66728831835675,79.43934740427326,80.93606003325834,82.26723532928736,83.58446540221891,85.03934256294612,86.71732594572944,88.43934156384513,89.98576970498615,91.23934116413075,92.1006435396097,92.43934105755514,92.14770286810393,91.23934116413075,89.77338710921876,87.8697046568785,85.6633410115204,83.28934347615046,80.86121883766799,78.40631154015801,75.93042592518768,73.43936732251476,70.93894281584105,68.4349625830335,65.93324221885355,63.439606713677705
56.544105937536486,58.61297343920053,60.62257736082745,62.59265648209869,64.54298516008889,66.49335713731634,68.46357701379648,70.47345562992895,72.542807502278,74.67162880276967,76.78063452830001,78.77071956431116,80.5427793447453,82.03949237556132,83.37066792939896,84.68789819037826,86.14277550218061,87.82075900663307,89.5427747091936,91.08920290232155,92.34277439194005,93.2040767838021,93.54277430735094,93.25113611310127,92.34277439194005,90.87682030046253,88.97313777790575,86.76677400156514,84.39277622699149,81.96465116299595,79.50974311047463,77.03385615185044,74.54279515387653,72.04236637542175,69.53837853122472,67.03664463550847,64.54298516008889
57.547264520416576,59.61623614056457,61.62590326591203,63.59602155922296,65.54637492616799,67.49676266046504,69.46699267410327,71.47687783232558,73.54623391825095,75.67505789350574,77.78406524552852,79.77415123790833,81.54621156958186,83.04292491933147,84.374100677792,85.69133108802498,87.14620851973575,88.82419212075705,90.54620789034149,92.09263612473151,93.3462076385372,94.20751004340252,94.54620757139877,94.25456937334056,93.3462076385372,91.88025351803759,89.9765709397499,87.77020705944835,85.39620909501855,82.968083693293,80.51317504151847,78.03728701643439,75.5462241173055,73.04579194832515,70.54179806293043,68.04005342711962,65.54637492616799
58.65047976881672,60.71953403546088,62.72925132851495,64.69940071382221,66.64977367685609,68.60017391773182,70.57041197731326,72.5803023280266,74.64966175828212,76.7784878565027,78.88749649947529,80.877583250926,82.64964402011877,84.14635762300622,85.47753354387616,86.79476407257185,88.24964159945401,89.92762527712205,91.64964109990345,93.1960693670432,94.44964090004623,95.31094331523224,95.64964084675843,95.35800264567737,94.44964090004623,92.98368675651179,91.08000413399043,88.87364017117505,86.4996420560563,84.07151638627417,81.61660725887185,79.14071838733734,76.64965397925857,74.14921911920959,71.64522043889177,69.1434672785948,66.64977367685609
59.75373999724735,61.822859865247764,63.83261697825159,65.80279104200324,67.75317955874812,69.70358972621807,71.67383417191644,73.68372864393206,75.75309072859204,77.88191851181472,79.99092817941596,81.9810155333421,83.75307664979428,85.24979045359746,86.58096650337183,87.89819712609145,89.35307472851119,91.03105846701384,92.75307433201763,94.29950262515085,95.55307417339085,96.41437659676842,96.7530741310963,96.46143592761601,95.55307417339085,94.08712001157366,92.18343735394402,89.97707332563735,87.60307509091669,85.17494920837788,82.72003970346935,80.2441501601063,77.75308455437192,75.25264755841607,72.74864507235182,70.24688514612325,67.75317955874812
60.85703592923582,62.92620786808422,64.93599658734635,66.90619023883988,68.85659110075294,70.807009147039,72.77725866143174,74.7871564045394,76.85652059600656,78.98534971661823,81.09436019746849,83.08444802957996,84.85650942165222,86.35322338492233,87.68439953700822,89.0016302343547,90.4565078967287,92.13449168351576,93.85650758203154,95.40293589579579,96.65650745612939,97.51780988600859,97.85650742256017,97.56486921717564,96.65650745612939,95.19055327980112,93.28687059430604,91.08050651401891,88.70650818437015,86.27838213296621,83.82347232843074,81.34758225183674,78.85651569552161,76.35607700429273,73.85207149759708,71.35030620121823,68.85659110075294
61.96036020097392,64.0295734703825,66.03938727626871,68.00959647484527,69.9600071352379,71.91043143499057,73.88068497242756,75.89058531181038,77.9599511754546,80.08878135755387,82.19779248388076,84.18788069552834,85.95994230636046,87.4566563961996,88.78783262949021,90.10506338606808,91.55994109602779,93.23792492113826,94.9599408462525,96.5063691763916,97.75994074632386,98.62124318136344,98.95994071967996,98.668302512784,97.75994074632386,96.2939865584782,94.39030385086627,92.18393972932222,89.80994132432896,87.38181513889668,84.92690509654707,82.45101459672722,79.95994728593513,77.45950724916547,74.95549934498776,72.45372978630095,69.9600071352379
63.163706967130935,65.23295304182436,67.24278675943104,69.21300829791322,71.1634267354355,73.11385599859692,75.08411272913816,77.09401512919081,79.16338232004479,81.29221334464805,83.40122498329039,85.39131349617608,87.16337528063806,88.66008947093512,89.99126576867796,91.30849657226783,92.76337431999633,94.4413581755241,96.16337412174954,97.7098024648854,98.96337404243613,99.82467648157149,100.16337402128886,99.87173581319328,98.96337404243613,97.49741984544909,95.59373712028302,93.38737296599331,91.01337450119911,88.58524820938842,86.13033797828561,83.65444714255106,81.16337923292988,78.66293812820273,76.15892832113887,73.6571553794454,71.1634267354355
64.86770399898084,66.96069670000706,69.00677000242152,71.02517719240919,73.034493943956,75.0517787838528,77.09182390626256,79.16676108816634,81.28637873707406,83.44387910813398,85.57171187264149,87.58920945187768,89.41847483549668,91.02234656043686,92.50468608569243,93.99558463712853,95.61019442060294,97.39643732750481,99.18842439322957,100.80819700270114,102.21888525719363,103.37169637839739,103.91553637229202,103.48192668727356,102.21888525719363,100.38570245987282,98.17048857353643,95.72714153509602,93.19167876247906,90.66746490255426,88.15895090069631,85.65449911754143,83.1478062898409,80.63479922520943,78.11241093909807,75.57876777621244,73.034493943956
63.61165408799138,65.68089566511347,67.69072665285769,69.6609464995656,71.61136387086239,73.56179245355347,75.5320487463288,77.5419508638694,79.6113178727667,81.74014878186509,83.84916035027047,85.83924882185727,87.6113105825151,89.10802475903967,90.43920104794631,91.75643184509096,93.21130958764147,94.8892934389991,96.61130938233026,98.15773772368432,99.4113093001906,100.27261173876441,100.61130927828972,100.31967107035862,99.4113093001906,97.94535510445678,96.04167238169735,93.83530823189699,91.46130977530129,89.03318349807478,86.5782732928495,84.10238250316789,81.61131467564442,79.11087371733117,76.60686417114762,74.10509169325502,71.61136387086239
62.204990019467274,64.27415481939663,66.28393920547327,68.25413017152121,70.2045293409384,72.15494630705797,74.12519512654595,76.1350924211958,78.2044563238256,80.33328526108505,82.44229563044121,84.43238339699485,86.20444475128039,87.70115869268808,89.03233483074735,90.34956551786269,91.80444317201713,93.48242695218457,95.20444284610593,96.75087115704174,98.00444271571733,98.86574514470517,99.20444268095189,98.91280447582841,98.00444271571733,96.5384885413785,94.63480585970366,92.42844178654292,90.05444346990853,87.62631744165549,85.171407678198,82.69551767470841,80.20445124871517,77.70401278990343,75.20000769732795,72.6982431371824,70.2045293409384
61.19882706878582,63.27634545580213,65.29878379475134,67.28583536112713,69.25697218536784,71.23113023241254,73.22640352213712,75.25984877979309,77.3475604514365,79.48691817202437,81.60286429697372,83.60308433479162,85.39641984865986,86.93345973352679,88.32258098226316,89.7079251899518,91.22691798168853,92.94916086868017,94.7001303737866,96.27720199995412,97.59743340082521,98.58610654971214,99.01733298574203,98.66140338641901,97.59743340082521,95.97783749666758,93.94969970679003,91.6522292705454,89.21790076679147,86.75453630122112,84.2801817411696,81.7939924538068,79.29730782973363,76.79235755413669,74.28176701037484,71.76862446456298,69.25697218536784
60.39208864596898,62.460938164173115,64.47053116893677,66.44060352412357,68.39092793761806,70.34129719312955,72.31151531861401,74.3213928047259,76.3907439492594,78.51956478773593,80.62857023232004,82.61865510313629,84.39071478835409,85.88742776408024,87.21860328257306,88.53583351777158,89.99071080886196,91.66869429663392,93.3907099876173,94.93713817361801,96.19070965905863,97.05201204867461,97.39070957145523,97.09907137786342,96.19070965905863,94.72475557259413,92.8210730596638,90.61470930128054,88.24071155950101,85.81258655384207,83.35767860483067,80.88179183041757,78.39073116083269,75.8903029680275,73.38631616733254,70.88458412675926,68.39092793761806
44.321124241046505,46.382446633026305,48.38746390725926,50.35469787558644,52.30323236824685,54.25245886139611,56.221941639852844,58.23134449698816,60.30038991835508,62.42901667348856,64.5379040939188,66.52791956565775,68.2999392495673,69.79662908134627,71.12778975097007,72.44500915524821,73.89987774489921,75.57785422490991,77.29986505212787,78.84629024383644,80.09985997406972,80.9611614200675,81.29985862010925,81.00822070289466,80.09985997406972,78.6339079936715,76.73022952500267,74.52387331080976,72.1498893463932,69.72178884880788,67.26692438549111,64.79111499921419,62.30019228430828,59.80001010921583,57.2964616247485,54.795508715392344,52.30323236824685
45.32017811612859,47.383155971644875,49.389180694310596,51.35704001245443,53.30596902207671,55.25544745810882,57.22509238460725,59.234599911392806,61.30371275843211,63.43238231956883,65.54129577151588,67.53132655023713,69.30335505710732,70.80004999370163,72.13121393852273,73.44843573176951,74.90330624069438,76.58128426640704,78.30329616642693,79.84972201858773,81.10329213596796,81.96459379010011,82.30329106132857,82.01165308315328,81.10329213596796,79.63733969103366,77.7336603303206,75.5273024521046,73.153315448819,70.72520954551348,68.27033549066095,65.79450903525287,63.30355589293107,60.80331945780631,58.299674307160245,55.798549587123375,53.30596902207671
46.32013232180482,48.38442604911372,50.391251117867455,52.359607064397096,54.30884931797894,56.25852776835109,58.22830141116685,60.23789202220935,62.30705838822749,64.43576192576143,66.5446960394035,68.5347389674552,70.3067744771773,71.80347346549127,73.1346400098497,74.4518636992284,75.90673573148558,77.58471498402477,79.30672773552911,80.85315411189156,82.10672453655067,82.96802635587929,83.30672368360868,83.01508565704887,82.10672453655067,80.64077172291366,78.73709165418403,76.53073245523018,74.15674303998699,71.7286328461409,69.27375117842661,66.79791117506812,64.30693388194675,61.80665437888322,59.302932498780024,56.80167139524903,54.30884931797894
47.320802281389234,49.386141634805995,51.39360240147924,53.36235270373477,55.311843652097295,57.26168088366316,59.23155670086825,61.24121326090679,63.31042210697454,65.4391526123803,67.54810312551443,69.53815569660351,71.31019676453279,72.80689896871456,74.13806757633446,75.45529277067797,76.9101660120071,78.58814623828042,80.31015966560898,81.85658645803085,83.11015712657752,83.97145907702267,84.31015644959689,84.01851838463423,83.11015712657752,81.64420402030083,79.74052338961766,77.53416314239234,75.16017181277357,72.7320582135121,70.27717050343094,67.80131974694868,65.31032328498253,62.810009597788195,60.306226814034375,57.804857451973305,55.311843652097295
48.32204106825138,50.38821110416694,52.39617671645641,54.365240133478494,56.31492851695255,58.26489179195431,60.23484871270047,62.24455761962791,64.3138001833984,66.44255209371431,68.55151562331899,70.54157584815962,72.31362132766604,73.8103260842937,75.1414963295299,76.4587227183672,77.9135969193388,79.59157791846627,81.31359188219727,82.86001900484587,84.11358986696627,84.97489192147873,85.31358932964635,85.0219512342033,84.11358986696627,82.64763652842122,80.74395545171501,78.53759437247535,76.16360152341342,73.735485221265,71.28059271533233,68.80473342402182,66.31372174751775,63.813380927677144,61.30954980249652,58.8080945087288,56.31492851695255
49.32373179620848,51.39056163000632,53.39892812252276,55.36824013101574,57.31808524778705,59.2681485753248,61.23816987282942,63.24792032948585,65.31718965581169,67.44595855552859,69.55493241642941,71.54499871609929,73.31704769709265,74.81375447960423,76.14492602462022,77.46215336152946,78.91702832417073,80.59500993671342,82.31702432618755,83.86345171093737,85.1170227266974,85.97832486380813,86.31702230022624,86.02538418059092,85.1170227266974,83.65106920380077,81.7473877730857,79.54102603347539,77.16703197842918,74.73891353099359,72.28401721857735,69.80815115312612,67.3171274006994,64.81676504523249,62.31289555007059,59.81137204794368,57.31808524778705
50.32578152186626,52.39313534327016,54.40182013061687,56.37132949173939,58.32129902605028,60.271441772769805,62.241514169187795,64.2512976051307,66.32058817341289,68.44937055782313,70.55835261875262,72.54842374004454,74.32047550017991,75.81718389064054,77.14835646729426,78.46558455668969,79.92046012386913,81.59844222328016,83.32045695066698,84.86688454344673,86.12045568115064,86.98175788381971,87.32045534266024,87.0288172038235,86.12045568115064,84.65450201193406,82.75082030024187,80.5444580364947,78.17046302425726,75.74234287410331,73.28744354047046,70.81157209835311,68.32053876117462,65.82015931259843,63.31625936230205,60.81468172044387,58.32129902605028
51.42811636822343,53.495886271586755,55.504823762809195,57.47448979145727,59.424558087526975,61.3747638739749,63.344876829546564,65.35468644195068,67.42399387030105,69.55278695764358,71.66177552698639,73.65185047521918,75.42390444116731,76.92061410786044,78.25178750332674,79.56901618997142,81.02389223697352,82.70187472281236,84.42388971840077,85.97031747629404,87.2238887107849,88.08519096548764,88.4238884421249,88.13225028804793,87.2238887107849,85.75793492543409,83.85425299073012,81.64789031097507,79.27389453901387,76.84577303740977,74.39087130583026,71.91499559623308,69.42395465157813,66.92356163602122,64.41963751292664,61.91801689862123,59.424558087526975
52.430677631066416,54.4987779003838,56.50791600887467,58.47770640266664,60.427853093237076,62.37810891730038,64.34825406590276,66.35808445507189,68.42740526546652,70.55620684781016,72.6652005829132,74.65527856860166,76.42733428530849,77.92404496494962,79.25521901030856,80.57244817099073,82.02732459882851,83.70530739137547,85.42732259983569,86.9737504887797,88.2273218000904,89.08862409609227,89.42732158685476,89.13568342068167,88.2273218000904,86.76136792256371,84.85768581085517,82.65132280091437,80.27732642595967,77.84920385170773,75.39430021687329,72.91842112016438,70.42737413741739,67.92697035363302,65.42302704423443,62.92137232159523,60.427853093237076
53.43341867394277,55.50178123146051,57.51107859901393,59.480967712856796,61.43117662974569,63.381472170549046,65.35164287153859,67.36148975154828,69.430821183404,71.55962950828369,73.66862734347174,75.65870773999703,77.43076484628449,78.92747632990393,80.2586508910835,81.57588042800968,83.03075715811713,84.70874019409855,86.43075557151526,87.9771835644743,89.23075493675695,90.092057265538,90.43075476751173,90.13911659173789,89.23075493675695,87.76480098607024,85.86111873387307,83.65475546186357,81.2807586083124,78.85263518269863,76.39773003724756,73.92184825217953,71.43079647697431,68.93038414637434,66.42642560858108,63.9247438134591,61.43117662974569
54.43630245443289,56.50487323848793,58.51429702833606,60.484264503499546,62.4345228123243,64.38484987749595,66.3550408599085,68.36490082890306,70.43424069109713,72.56305436756224,74.67205545700146,76.66213776701346,78.43419597621336,79.93090809795143,81.2620830685384,82.57931290408979,84.0341898741089,85.71217310330447,87.43418861482206,88.98061669033787,90.23418811101402,91.09549046581193,91.43418797668402,91.14254979329007,90.23418811101402,88.76823410226017,86.86455173855705,84.65818825854345,82.28419102512986,79.85606692378931,77.40116057935971,74.92527666053536,72.43422108154002,69.93380196728526,67.42983134257167,64.92812805957732,62.4345228123243
55.43929955490029,57.50803563887581,59.51755978169189,61.48758945679056,63.43788696983154,65.38823905664847,67.35844613673943,69.36831649459168,71.43766304799955,73.56648097204038,75.67548464438775,77.66556847313782,79.4376275577209,80.93434018593447,82.26551548146847,83.58274555403898,85.03762271447616,86.71560609702587,88.43762171497943,89.98404985602063,91.23762131510672,92.09892369055422,92.43762120848888,92.1459830190469,91.23762131510672,89.77166726026495,87.86798480805949,85.66162116295288,83.28762362804221,80.8594989903767,78.40459169431634,75.92870608192578,73.43764748385172,70.93722298537968,68.43324276718573,65.93152242898574,63.43788696983154
56.54238661580516,58.61125391757534,60.62085771785705,62.590936763920766,64.54126539450958,66.4916373414842,68.46185719850143,70.47173580207334,72.54108766633249,74.66990896168869,76.77891468409624,78.76899971827117,80.54105949764697,82.03777252785062,83.3689480812954,84.68617834198815,86.14105565356029,87.81903915782733,89.54105486025918,91.0874830533079,92.34105454287997,93.20235693471705,93.54105445825735,93.249416264015,92.34105454287997,90.87510045145818,88.97141792900838,86.76505415286738,84.39105637865823,81.96293131531114,79.50802326394039,77.03213630736374,74.54107531304001,72.0406465410949,69.53665870849674,67.03492483340104,64.54126539450958
57.54554508989547,59.61451655137131,61.62418358040085,63.594301814017115,65.54465514333866,67.49504285362364,69.465272851814,71.4751580000669,73.54451407957127,75.67333805075003,77.78234540029429,79.77243139121667,81.54449172205018,83.04120507131375,84.3723808294625,85.68961123946804,87.14448867099605,88.82247227187021,90.54448804135251,92.09091627567966,93.34448778944846,94.20579019429398,94.54448772228346,94.25284952423107,93.34448778944846,91.87853366899307,89.97485109079031,87.76848721064721,85.39448924650672,82.9663638452958,80.51145519443449,78.03556717097561,75.54450427474382,73.04407211093023,70.54007823474159,68.03833361529743,65.54465514333866
58.648760251939294,60.71781439263505,62.72753160923763,64.6976809471637,66.64805388033518,68.59845410215227,70.56869214947264,72.57858249227323,74.64794191743239,76.77676801241776,78.88577665342311,80.87586340371712,82.64792417224315,84.14463777474487,85.47581369536728,86.79304422388245,88.24792175061958,89.92590542817085,91.64792125087115,93.194349517961,94.44792105093478,95.30922346610507,95.64792099762587,95.35628279654944,94.44792105093478,92.98196690743544,91.07828428498149,88.87192032229183,86.49792220740274,84.06979653802908,81.61488741135156,79.13899854110696,76.64793413532766,74.1474992793795,71.6435006063686,69.14174745906196,66.64805388033518
59.75202041182271,61.82114017985134,63.83089723217314,65.80107125831734,67.75145975136006,69.70186990370297,71.67211433966966,73.68200880540488,75.75137088601988,77.8801986666748,79.98920833271464,81.97929568572269,83.75135680164568,85.24807060514269,86.57924665472059,87.89647727729694,89.35135487960159,91.02933861801154,92.751354482951,94.29778277604458,95.55135432426138,96.41265674762647,96.75135428195006,96.45971607847343,95.55135432426138,94.08540016247203,92.1817175048959,89.97535347668902,87.60135524215062,85.17322935993604,82.7183198556028,80.24243031326353,77.75136470935422,75.25092771665325,72.7469252363885,70.24516532047042,67.75145975136006
60.855316289401316,62.92448814889798,64.93427681999523,66.90447044163909,68.85487128473949,70.80528931901915,72.77553882568779,74.78543656381066,76.85480075206729,78.98362987064095,81.09264035025194,83.0827281816347,84.85478957328695,86.35150353631406,87.68267968824401,88.9999103854768,90.45478804775941,92.1327718344729,93.85478773293761,95.40121604667043,96.6547876069856,97.51609003685489,97.85478757340307,97.56314936802143,96.6547876069856,95.18883343067944,93.28515074522682,91.07878666501888,88.70478833551479,86.2766622843682,83.82175248028932,81.3458624045079,78.85479584964133,76.35435716099585,73.85035165890329,71.34858637070792,68.85487128473949
61.95864051795181,64.02785372437633,66.03766749203308,68.00787666691757,69.95828731237842,71.90871160260153,73.87896513390787,75.88886546933429,77.95823133043031,80.08706151091198,82.19607263625525,84.18616084732447,85.95822245782321,87.45493654746949,88.78611278063633,90.10334353712393,91.55822124701115,93.2362050720632,94.9582209971369,96.50464932725106,97.7582208971687,98.6195233322004,98.95822087051425,98.66658266362059,97.7582208971687,96.29226670934058,94.38858400176235,92.18221988028117,89.80822147540273,87.38009529017468,84.92518524818752,82.44929474901261,79.95822743937023,77.457787404651,74.95377950412677,72.45200995193522,69.95828731237842
63.161987249829295,65.23123327453061,67.24106696179392,69.21128848147147,71.16170690714229,73.11213616274004,75.08239288841536,77.09229528532781,79.16166247415929,81.29049349747866,83.39950513534032,85.38959364776699,87.16165543196432,88.65836962210832,89.98954591975291,91.30677672327113,92.76165447094209,94.4396383264235,96.16165427261679,97.70808261573282,98.96165419327197,99.82295663240107,100.16165417211631,99.87001596402257,98.96165419327197,97.49569999629884,95.59201727115953,93.38565311691971,91.01165465221663,88.58352836056807,86.12861812975291,83.65272729453025,81.1616593858216,78.66121828272188,76.15720847855782,73.65543554201962,71.16170690714229
64.86604416282125,66.95904140117437,69.00512160261626,71.02353788751499,73.03286562509197,75.05016275880557,77.09022051543458,79.16516929024773,81.2847957786885,83.44230114726479,85.57013717472309,87.58763948084295,89.41691463432494,91.0208043181689,92.50316843559676,93.99409420358236,95.60872807662304,97.39498681372213,99.18698390299679,100.80676684728547,102.21747666198917,103.37032577639309,103.91419101864176,103.4805639876513,102.21747666198917,100.38424222540309,98.1689809747077,95.72559556043868,93.19010541537028,90.66587477641959,88.15735125163202,85.65289434646073,83.14619870264329,80.6331893662646,78.11079774596585,75.57714876775947,73.03286562509197
63.60690711870289,65.67614855286384,67.6859794538358,69.65619924676838,71.60661658417379,73.55704514523518,75.52730142409555,77.5372035326561,79.60657053576966,81.73540144119657,83.84441300736938,85.83450147764347,87.60656323754462,89.10327741363145,90.43445370225717,91.75168449919695,93.20656224158287,94.88454609280797,96.60656203604714,98.15299037734454,99.40656195381762,100.26786439237358,100.60656193189283,100.31492372396693,99.40656195381762,97.94060775812366,96.0369250354407,93.83056088578303,91.45656242944796,89.02843615268503,86.57352594828228,84.09763516006453,81.60656733515067,79.10612638149138,76.60211684360027,74.1003443804502,71.60661658417379
62.2002432717089,64.26940784471883,66.27919209305958,68.24938297374709,70.19978208936601,72.15019902115105,74.12044781855056,76.13034509894555,78.19970899239428,80.32853792382562,82.43754828963779,84.4276360541076,86.19969740719202,87.69641134790479,89.02758748551818,90.34481817230832,91.79969582620149,93.47767960615852,95.19969549993384,96.74612381077975,97.99969536940264,98.86099779836216,99.19969533459918,98.90805712948399,97.99969536940264,96.53374119512704,94.63005851357366,92.42369444063941,90.0496961244187,87.62157009690156,85.16666033474979,82.69077033358394,80.19970391173314,77.69926546030908,75.19526038089697,72.69349584415363,70.19978208936601
61.19417018683768,63.271695760778584,65.29414512632417,67.2812114141515,69.25236630788166,71.22654495751237,73.22183985313907,75.25530533362519,77.34303268786022,79.48239937751066,81.59835139911821,83.59858003669828,85.39193354425228,86.92900729687713,88.31817666350136,89.70357661766192,91.22262109000859,92.94489920957051,94.69589156959692,96.27298721899841,97.59327029662995,98.58204000683678,99.01333483410343,98.65735786965206,97.59327029662995,95.97355407983473,93.94531566107331,91.64776970899737,89.21339031952851,86.74999580340955,84.27562455719922,81.78942640266473,79.29273693499404,76.78778276830903,74.2771865397392,71.76403415223118,69.25236630788166
60.38734280787196,62.45619175445255,64.46578441221082,66.43585655232916,68.38618083027116,70.33654999926935,72.30676806909607,74.31664551928874,76.38599664068762,78.51481746447834,80.62382290013224,82.61390776569756,84.38596744788875,85.88268042186382,87.21385593923313,88.53108617361217,89.98596346404419,91.66394695128595,93.38596264190133,94.93239082767548,96.18596231298329,97.04726470252788,97.38596222528412,97.0943240317132,96.18596231298329,94.72000822667817,92.81632571405385,90.60996195624135,88.23596421550423,85.80783921169964,83.3529312659784,80.87704449742071,78.38598383827414,75.8855556640846,73.38156889655876,70.87983691495369,68.38618083027116
44.31849147773573,46.37980898372398,48.384823283624854,50.35205540535753,52.30058873291222,54.24981448195658,56.21929678149159,58.22869932946426,60.29774455167211,62.42637118036541,64.53525852390325,66.52527395042796,68.29729360827588,69.79398342497602,71.12514408492538,72.44236348214686,73.8972320661286,75.57520854157353,77.29721936562258,78.84364455538031,80.09721428446997,80.95851572985296,81.29721292968443,81.0055750126499,80.09721428446997,78.63126230544393,76.72758383941007,74.52122763013247,72.14724367469223,69.7191431930746,67.26427875808976,64.78846942223223,62.297546797203395,59.79736478238368,57.29381658344295,54.792864181554876,52.30058873291222
45.31754269578309,47.38051666693522,49.38653902645626,51.354396878008956,53.30332496250533,55.2528028077857,57.2224473541,59.231954635476995,61.30106732443315,63.429736785210096,65.53865017612608,67.52868091896019,69.30070940514506,70.7974043297712,72.12856826691365,73.44579005455955,74.9006605589847,76.5786385810735,78.30065047857826,79.84707632919061,81.10064644566319,81.96194809930738,82.30064537036893,82.00900739233658,81.10064644566319,79.63469400181799,77.7310146431963,75.52465676888158,73.15066977272055,70.72256388208862,68.26768984972333,65.79186343433372,63.3009103633492,60.80067405543866,58.297029131433206,55.79590481423088,53.30332496250533
46.31749478874881,48.38178542902655,50.38860862062717,52.356963402524826,54.306204921593675,56.25588290298799,58.225656244011304,60.23524666025649,62.30441290079733,64.43311635867308,66.5420504238738,68.5320933234415,70.3041288167455,71.8008277955603,73.13199433382415,74.44921801875742,75.90409004744316,77.5820692971061,79.30408204661411,80.85050842174759,82.10407884568633,82.96538066462762,83.30407799222456,83.01243996577819,82.10407884568633,80.63812603291373,78.73444596584403,76.5280867699866,74.1540973603982,71.7259871766112,69.27110552674517,66.7952655551497,64.30428831864987,61.80400891655995,59.30028721635283,56.79902643258768,54.306204921593675
47.31816306906103,49.38349996976933,51.39095924558408,53.359708623093724,55.30919898832158,57.25903584759783,59.22891142524482,61.238567830662305,63.30777657713446,65.43650701931386,67.54545749399945,69.53551004248055,71.3075510973787,72.80425329402092,74.13542189680355,75.45264708761869,76.90752032611316,78.5855005501036,80.30751397584768,81.85394076729412,83.10751143526902,83.96881338540678,84.30751075787586,84.01587269300322,83.10751143526902,81.64155832967839,79.73787770031274,77.53151745554507,75.1575261304145,72.72941253913697,70.27452484322203,67.79867411195033,65.30767769492545,62.80736408787615,60.3035814469131,57.802212338672916,55.30919898832158
48.31940052156106,50.38556860916445,52.39353303755274,54.362595720366,56.31228364091041,58.26224662038686,60.23220335097969,62.24191213517781,64.31115461989661,66.4399064800287,68.54886997911635,70.53893018601286,72.31097565517642,73.80768040581992,75.13885064721676,76.4560770332536,77.91095123197536,79.58893222929086,81.31094619176429,82.85737331363865,84.11094417530524,84.97224622957373,85.31094363765789,85.0193055422863,84.11094417530524,82.64499083730473,80.74130976164423,78.53494868435521,76.16095583885556,73.73283954304401,71.27794704835514,68.8020877770544,66.31107613622068,63.81073537999265,61.30690436814963,58.80544927585393,56.31228364091041
49.32109018947338,51.38791847588817,53.39628402835962,55.365595453960935,57.31544020324469,59.26550329619934,61.23552444276913,63.24527480201114,65.31454406559195,67.44331292547726,69.55228676215648,71.54235304758402,73.31440202036819,74.81110879813014,76.14228034009882,77.45950767478533,78.91438263564086,80.59236424674543,82.31437863522143,83.86080601935674,85.11437703475657,85.97567917167366,86.31437660802554,86.02273848844692,85.11437703475657,83.64842351229217,81.74474208240707,79.53838034434496,77.16438629212615,74.73626784972012,72.28137154622814,69.80550549665878,67.31448177254391,64.81411946756722,62.310250062364275,59.808726720154766,57.31544020324469
50.32313907316704,52.39049166577746,54.3991757067692,56.36868460515595,58.31865384775389,60.26879640826928,62.2388686848839,64.24865204350635,66.31794256198671,68.44672491478222,70.55570695648684,72.54577806647458,74.31782982009429,75.81453820678512,77.1457107810202,78.4629388686514,79.91781443441354,81.5957965326831,83.3178112592777,84.86423885156975,86.11780998898777,86.9791121915031,87.31780965029108,87.02617151149934,86.11780998898777,84.6518563201142,82.74817460908076,80.54181234656241,78.16781733656909,75.73969719040713,73.28479786385745,70.80892643434561,68.31789311963843,65.81751371113694,63.313613832242794,60.812036317316796,58.31865384775389
51.42547325087467,53.49324217854385,55.50217907723217,57.47184473854722,59.421912803060366,61.372118441708224,63.34223130218791,65.35204085322108,67.42134824204308,69.55014130429271,71.65912985837664,73.64920479763725,75.4212587584139,76.91796842211494,78.24914181566155,79.56637050090599,81.02124654678315,82.69922903171602,84.42124402667565,85.96767178418179,87.22124301844573,88.08254527302648,88.421242749622,88.12960459558077,87.22124301844573,85.75528923336718,83.85160729918607,81.64524462040637,79.27124885022633,76.84312735179064,74.38822562583309,71.91234992624092,69.4213089994216,66.92091601567232,64.41699194925087,61.915371435695164,59.421912803060366
52.42803398276925,54.496133477425474,56.505271115526085,58.475061217728154,60.425207724497,62.37546343124521,64.34560850437052,66.3554388448285,68.42475962384901,70.55356118627623,72.66255490926824,74.65263288783544,76.42468860043765,77.92139927770394,79.25257332153924,80.56980248111002,82.02467890805495,83.70266169988284,85.42467690784399,86.97110479648073,88.22467610761134,89.08597840351639,89.42467589424578,89.13303772810103,88.22467610761134,86.75872223030075,84.85504011900721,82.64867710984052,80.27468073629953,77.84655816456238,75.39165453419008,72.9157754454222,70.4247284768314,67.92432471829301,65.42038145387663,62.91872681120475,60.425207724497
53.430774604079716,55.49913654658954,57.50843354073368,59.4783224231179,61.4285311941139,63.37882664180036,65.34899728288212,67.3588441242291,69.42817553118292,71.55698384025483,73.66598166583029,75.65606205670343,77.42811915973304,78.92483064146757,80.25600520143783,81.5732347374819,83.02811146688069,84.70609450229136,86.42810987931198,87.97453787202716,89.22810924416686,90.08941157287109,90.42810907481851,90.13647089906718,89.22810924416686,87.76215529365167,85.85847304178387,83.65210977038879,81.27811291795967,78.84998949434188,76.39508435243243,73.91920257366723,71.42815080969781,68.92773849913573,66.42377999704533,63.922098265394865,61.4285311941139
54.43365804987705,56.50222834569982,58.51165183913483,60.4816191305746,62.431877323598115,64.38220431486039,66.35239524972312,68.36225518803064,70.4315950304599,72.56040869437832,74.66940977618799,76.65949208171389,78.43155028832803,79.92826240857005,81.25943737819716,82.57666721304845,84.03154418250509,85.70952741124763,87.43154292245083,88.9779709977731,90.23154241833579,91.0928447730727,91.4315422839239,91.13990410054785,90.23154241833579,88.76558840971809,86.8619060462764,84.65554256675046,82.28154533422745,79.85342123447111,77.3985148928525,74.92263097903069,72.43157540895326,69.93115631060266,67.42718571422674,64.92548248161064,62.431877323598115
55.4366548846383,57.50539058104046,59.51491448856939,61.48494401783705,63.43524143896279,65.38559346711628,67.3558005094663,69.365670842962,71.4350173806824,73.56383529476486,75.67283896105667,77.6629227862461,79.43498186877684,80.93169449580299,82.26286979057517,83.58009986258999,85.03497702258073,86.71296040477091,88.43497602247494,89.98140416336253,91.23497562235855,92.09627799775762,92.43497551567575,92.14333732624794,91.23497562235855,89.7690215676248,87.86533911562687,85.65897547090731,83.28497793670348,80.8568533002954,78.40194600646609,75.92606039804608,73.43500180705018,70.93457732120135,68.43059712549916,65.92887682728502,63.43524143896279
56.539741734614026,58.60860872872725,60.618212342246366,62.58829127255805,64.5386198301913,66.48899173060376,68.45921155766561,70.4690901419055,72.53844199371345,74.66726328116567,76.77626899876688,78.76635403011576,80.53841380786261,82.03512683712383,83.36630238996393,84.68353265021562,86.13840996143341,87.81639346541509,89.53840916764888,91.08483736057568,92.33840885007629,93.19971124187492,93.5384087654021,93.246770571171,92.33840885007629,90.87245475874025,88.96877223645515,86.76240846062132,84.38841068697322,81.96028562462413,79.50537757502418,77.02949062159897,74.53842963289317,72.03800087096715,69.53401305622083,67.03227921286226,64.5386198301913
57.54290004126581,59.61187125852912,61.621538139315575,63.59165628105568,65.54200955247087,67.49239722579883,69.4626272002133,71.47251233312232,73.54186840274411,75.67069236764948,77.77969971337893,79.76978570205824,81.54184603159888,83.0385593801144,84.36973513778324,85.68696554743869,87.1418429786855,88.81982657933315,90.54184234865826,92.08827058288863,93.34184209660071,94.20314450141572,94.54184202939476,94.25020383135131,93.34184209660071,91.87588797621342,89.97220539814136,87.76584151824207,85.39184355454687,82.96371815412809,80.50880950467224,78.03292148371462,75.54185859194183,73.04142643608043,70.53743257406086,68.03568797980672,65.54200955247087
58.64611507039852,60.71516901724685,62.724886116182844,64.69503538118441,66.64540826839465,68.59580846087854,70.56604648932785,72.57593681994989,74.64529623726523,76.77412232727139,78.88313096524895,80.8732177137626,82.64527848126248,84.14199208317049,85.47316800341198,86.7903985316493,88.24527605816323,89.92325973553474,91.64527555811026,93.19170382512328,94.44527535805204,95.30657777319814,95.64527530471065,95.3536371036413,94.44527535805204,92.97932121460673,91.07563859225652,88.86927462976041,86.49527651522473,84.06715084647982,81.6122417209178,79.13635285265848,76.64528845041828,74.1448536007818,71.64085493901693,69.13910181170377,66.64540826839465
59.749375124780784,61.818494738942675,63.828251697868666,65.79842566613118,67.74881412269383,69.69922425175474,71.66946867274333,73.67936312881241,75.74872520320176,77.87755297990466,79.98656264354133,81.97664999513633,83.74871111024487,85.24542491327063,86.5766009625462,87.89383158490203,89.34870918702953,91.02669292529677,92.7487087901372,94.29513708316986,95.5487086313509,96.41001105469677,96.7487085890138,96.4570703855428,95.5487086313509,94.08275446960442,92.17907181211064,89.97270778405736,87.59870954979948,85.17058366808388,82.71567416463604,80.2397846238725,77.74871902277218,75.24828203508079,72.74427956374208,70.24251966369286,67.74881412269383
60.85267091861709,62.92184265598338,64.93163125294996,66.90182482865215,68.85222564279793,70.8026436585985,72.77289315337896,74.78279088382979,76.85215506714512,78.98098418258203,81.08999466028561,83.08008249054686,84.85214388155265,86.34885784420574,87.68003399589573,88.99726469295346,90.45214235509549,92.13012614169574,93.85214204008184,95.39857035376626,96.65214191405306,97.51344434390711,97.85214188045009,97.56050367507291,96.65214191405306,95.18618773778095,93.28250505239369,91.07614097230767,88.7021426430262,86.27401659227567,83.81910678889955,81.34321671436878,78.85215016173174,76.35171147706234,73.84770598205438,71.34594070645423,68.85222564279793
61.955995080697505,64.02520819018312,66.03502189900081,68.0052310374208,69.95564165990015,71.90606593545627,73.87631945732693,75.88621978666401,77.9555856438381,80.08441582183013,82.19342694565952,84.18351515583858,85.95557676582423,87.45229085517366,88.78346708815003,90.10069784449871,91.55557555427433,93.2335593792365,94.95557530424782,96.50200363432359,97.75557520421869,98.61687763923828,98.95557517754801,98.66393697065787,97.75557520421869,96.28962101641758,94.38593830889124,92.1795741875068,89.8055757828051,87.3774495978914,84.922539556462,82.44664905827972,79.9555817504069,77.45514171884352,74.95113382394236,72.44936428174768,69.95564165990015
63.15934175981526,65.22858770757365,67.23842134813542,69.2086428388707,71.1590612463009,73.10949049025744,75.0797472084436,77.08964960052296,79.1590167862416,81.28784780758495,83.39685944424501,85.38694795596514,87.15900973975528,88.65572392966364,89.9869002271571,91.30413103056503,92.75900877814742,94.43699263355751,96.15900857970125,97.70543692278682,98.9590085003081,99.82031093942759,100.15900847913954,99.86737027104859,98.9590085003081,97.49305430335639,95.58937157825827,93.38300742409524,91.00900895953242,88.58088266813337,86.12597243776091,83.65008160332609,81.15901369602196,78.658572595427,76.154562795726,73.65278986712234,71.1590612463009
64.86349152590374,66.95649579969364,69.00258669851509,71.02101708558405,73.03036185751705,75.04767805324101,77.08775539954333,79.16272214932498,81.28236234350342,83.43987546072086,85.56771654736691,87.5852261824775,89.41451648397975,91.01843401259744,92.50083625901826,93.9918042243269,95.60647544596299,97.39275872599882,99.18477135554002,100.80457032258047,102.21531356319525,103.36822157939339,103.91212596406064,103.47847204174408,102.21531356319525,100.38199906687706,98.16666438198172,95.72321946792687,93.1876868824344,90.66343022761117,88.15489193741126,85.65042709046017,83.143727080192,80.63071422141435,78.10831743136904,75.57465943632836,73.03036185751705
63.60123367609262,65.67047493918543,67.68030573632512,69.65052546490983,71.60094276176056,73.55137129693975,75.52162755914935,77.53152965696435,79.60089665315706,81.72972755419066,83.83873911769193,85.82882758639519,87.60088934539095,89.0976035209539,90.42877980924357,91.74601060593818,93.20088834812717,94.87887219919364,96.6008881423227,98.14731648355236,99.40088805998569,100.26219049852031,100.60088803803224,100.30924983011259,99.40088805998569,97.9349338643394,96.031251141748,93.82488699226107,91.45088853623784,89.02276226002962,86.56785205661117,84.09196127014508,81.60089344835384,79.10045250026351,76.5964429722952,74.09467052678616,71.60094276176056
62.19457009418301,64.26373439565971,66.27351847918482,68.2437092577295,70.19410830897311,72.14452519967321,74.1147739706415,76.12467123397906,78.19403511644163,80.32286404089902,82.43187440247044,84.42196216444671,86.19402351609389,87.69073745597508,89.02191359305496,90.33914427945597,91.7940219330365,93.47200571274175,95.19402160634232,96.74044991708061,97.99402147564045,98.85532390456606,99.1940214407915,98.90238323568626,97.99402147564045,96.52806730144053,94.62438462003246,92.41802054736925,90.04402223164355,87.61589620500699,85.16098644441766,82.68509644603239,80.19403002913849,77.69359158655459,75.18958652289388,72.68782201415368,70.19410830897311
61.18859824073162,63.26613191369212,65.28859370516766,67.27567658257226,69.24685183861408,71.22105370485562,73.2163729474569,75.24986121614619,77.33760624223723,79.47698303857345,81.59294170473882,83.59318003279299,85.3865538160486,86.92366573116234,88.31288931635939,89.69835208327865,91.2174547856116,92.93977260184946,94.69079071223818,96.26791342801656,97.58825472748254,98.57713322494868,99.00850509957499,98.65247477537369,97.58825472748254,95.968402957682,93.94005115693648,91.64242011493673,89.20798338655561,86.74455500828262,84.27016495922936,81.78395681263606,79.287261886892,76.78230333547242,74.27170070087112,71.75853722302277,69.24685183861408
60.38167071885216,62.45051898142471,64.46011122395423,66.43018310672035,68.38050722245937,70.33087628793513,72.30109429116148,74.31097169837298,76.38032279208885,78.50914359830651,80.61814902327438,82.60823388255639,84.38029356112594,85.8770065330056,87.20818204903057,88.52541228242902,89.98028957207325,91.65827305868052,93.38028874885559,94.92671693435865,96.18028841950758,97.0415908089667,97.38028833169369,97.08865013814784,96.18028841950758,94.71433433339311,92.81065182113491,90.60428806400544,88.23029032451569,85.80216532292995,83.34725738114582,80.8713706195947,78.38030997293868,75.87988182102477,73.3758950931893,70.87416318214595,68.38050722245937
44.31712589710972,46.37844086762769,48.38345362406683,50.350684787550634,52.29921751049949,54.24844287340693,56.21792492441597,58.227327311955435,60.296372430813975,62.42499899389392,64.53388629753012,66.52390170059184,68.29592134491566,69.79261115379096,71.12377180872,72.44099120227959,73.89585978331937,75.573836256395,77.29584707879962,78.84227226754493,80.0958419960412,80.95714344110516,81.2958406408275,81.00420272388644,80.0958419960412,78.6298900177272,76.72621155306072,74.5198553463338,72.14587139555165,69.71777092222011,67.26290650193748,64.787097192244,62.29617461385493,59.79599268220528,57.292444631432375,54.79149249288379,52.29921751049949
45.316175736351994,47.37914769180328,49.38516882502377,51.353025915521584,53.30195351994425,55.251431058666924,57.22107540769298,59.230582561720524,61.29969516864283,63.42836457734029,65.53727793658553,67.52730866079676,69.29933713624743,70.79603205466296,72.12719598782073,73.4444177725602,74.8992882746503,76.57726629485859,78.29927819105812,79.84570404086699,81.09927415686855,81.96057581025953,82.29927308123447,82.00763510327627,81.09927415686855,79.63332171358851,77.7296423560521,75.52328448376187,73.14929749129797,70.72119160724273,68.2663175865467,65.79049119192382,63.29953815795821,60.799301916062745,58.2956571096675,55.7945330015074,53.30195351994425
46.31612673297586,48.38041577130929,50.38723798880332,52.355592166340955,54.30483330425041,56.25451104227892,58.22428422669361,60.23387454185297,62.303040717280055,64.43174413381897,66.54067817388207,68.53072105866859,70.30275654345277,71.79945551733817,73.13062205243943,74.44784573506581,75.90271776189823,77.58069701006859,79.30270975854069,80.84913613303641,82.1027065566013,82.96400837534162,83.30270570286982,83.0110676764823,82.1027065566013,80.63675374427729,78.73307367806893,76.52671448381838,74.15272507716439,71.72461489859731,69.26973325799324,66.79389330288052,64.30291609576324,61.80263674607134,59.298915139217414,56.7976545213878,54.30483330425041
47.31679414186833,49.38212976979899,51.38958827196588,53.358337169599,55.30782723222188,57.25766389830655,59.22753935164006,61.237195676820306,63.30640437160952,65.43513478097897,67.54408523571252,69.53413777246166,71.3061788205976,72.80288101332732,74.13404961359979,75.45127480258395,76.90614803960744,78.58412826241323,80.3061416873351,81.85256847827533,83.1061391459535,83.96744109593173,84.30613846834629,84.01450040352037,83.1061391459535,81.64018604071893,79.73650541203693,77.53014516854464,75.1561538457431,72.72804025860864,70.273152570045,67.79730185185576,65.30630545815217,62.805991892692404,60.30220932582753,57.80084034930218,55.30782723222188
48.31803090193141,50.384197978501845,52.392161792530814,54.361224094342504,56.31091177465967,58.260874600779715,60.23083123269659,62.24053995320699,64.30978239690361,66.4385342309939,68.54749771424542,70.53755791183022,72.30960337562657,73.80630812316471,75.13747836256923,76.45470474715282,77.90957894470705,79.5875599410823,81.30957390290308,82.85600102437573,84.10957188580682,84.97087393994866,85.30957134798952,85.01793325265504,84.10957188580682,82.64361854808888,80.73993747297101,78.53357639669426,76.15958355304318,73.73146726051999,71.27657477166582,68.80071551074874,66.30970388842539,63.809363165207714,61.305532212178804,58.80407722443262,56.31091177465967
49.319720019757334,51.38654750319211,53.39491256784788,55.36422369097036,57.314068249554424,59.2641312207773,61.23415228902273,63.24390259771363,65.31317182873428,67.44194066794986,69.55091449205979,71.54098077009657,73.31302973862078,74.80973651391798,76.14090805430536,77.45813538783841,78.91301034776731,80.59099195812556,82.31300634608358,83.85943372990002,85.11300474511295,85.97430688192955,86.31300431824704,86.02136619869788,85.11300474511295,83.64705122287282,81.7433697934184,79.53700805615972,77.16301400540814,74.73489556561208,72.27999926675113,69.80413322542333,67.31310951600031,64.81274723722441,62.308877878703726,59.80735461947988,57.314068249554424
50.32176846653249,52.38912042148773,54.39780407517489,56.36731273343504,58.31728182465491,60.26742428854371,62.23749650298896,64.24727982148761,66.31657031412442,68.44535265051417,70.55433468224244,72.54440578636407,74.31645753660264,75.8131659213372,77.14433849431721,78.46156658103294,79.91644214605955,81.5944242437368,83.31643896992028,84.86286656195922,86.1164376992289,86.97773990166448,87.31643736042517,87.02479922165679,86.1164376992289,84.65048403053333,82.74680231984175,80.54044005796109,78.16644504913228,75.73832490504188,73.2834255821679,70.80755415919737,68.3165208561512,65.81614146844558,63.312241626604106,60.8106641775468,58.31728182465491
51.42410229725927,53.49187071861347,55.50080730981918,57.470472780514726,59.42054072486661,61.37074628681687,63.34085909795061,65.35066861713669,67.4199759854463,69.5487690346745,71.65775758084018,73.64783251544483,75.41988647353787,76.91659613568623,78.24776952823666,79.56499821275449,81.01987425804786,82.69785674251061,84.41987173714392,85.9662994944492,87.21987072859541,88.08117298311285,88.4198704596867,88.12823230566403,87.21987072859541,85.75391694365811,83.85023500974833,81.64387233147477,79.269876562219,76.84175506542752,74.38685334238735,71.9109776479871,69.41993673042316,66.91954376317977,64.41561972616762,61.913999264893775,59.42054072486661
52.4266627536299,54.494761846292704,56.50389924029456,58.47368919118239,60.42383560257139,62.37409124844146,64.34423628239959,66.35406659757996,68.4233873603196,70.55218891241162,72.66118262911885,74.65126060399061,76.42331631446284,77.92002699049675,79.2512010335414,80.56843019253546,82.02330661901705,83.70128941047179,85.42330461817397,86.96973250665125,88.22330381768839,89.08460611354322,89.42330360425541,89.13166543812538,88.22330381768839,86.75734994048996,84.85366782941176,82.64730482064678,80.2733084478394,77.84518587740723,75.39028224935049,72.91440316470342,70.42335620345868,67.92295245802114,65.41900921694729,62.91735461577272,60.42383560257139
53.42940315617801,55.497764779542905,57.50706157991445,59.47695034218823,61.42715903747629,63.37745443684173,65.34762504683566,67.35747186811945,69.42680326215097,71.5556115630198,73.66460938360702,75.65468977154707,77.4267468728861,78.9234583536425,80.25463291298523,81.57186244857155,83.02673917760256,84.70472221271712,86.42673758953215,87.97316558212077,89.2267369541863,90.08803928285063,90.4267367847844,90.13509860904479,89.2267369541863,87.76078300376014,85.85710075206325,83.650737480987,81.27674062914014,78.84861720655815,76.39371206648656,73.91783029099201,71.4267785328532,68.92636623268936,66.42240774912617,63.92072605041287,61.42715903747629
54.43228642829385,56.50085647075912,58.510279810377014,60.48024700647733,62.43050513940831,64.38083209231692,66.35102300250469,68.36088292488787,70.43022275706059,72.55903641446818,74.66803749231869,76.65811979551657,78.4301780007889,79.92689012025457,81.25806508938362,82.57529492387158,84.03017189303633,85.70815512154381,87.43017063258385,88.9765987078057,90.23017012830951,91.09147248301477,91.43016999385515,91.13853181048837,90.23017012830951,88.76421611976244,86.8605337564564,84.65417027718354,82.28017304512267,79.85204894618845,77.39714260602851,74.92125869480267,72.430203129353,69.92978403925554,67.42581345758481,64.92411025111143,62.43050513940831
55.435283125172674,57.504018620452115,59.51354240588387,61.48357185947572,63.433869232904016,65.38422123061538,67.35442825338056,69.36429857423695,71.4336451038167,73.56246301273148,75.67146667588085,77.66155049922256,79.43360958068831,80.93032220709827,82.26149750147513,83.57872757320159,85.03360473296067,86.71158811496426,88.4336037325388,89.98003187334666,91.23360333229597,92.09490570766991,92.43360322557946,92.14196503615901,91.23360333229597,89.76764927761832,87.86396682572803,85.65760318120934,83.28360564737233,80.8554810116167,78.40057371894518,75.92468811258557,73.43362952526276,70.93320504596446,68.4292248619339,65.92750458446952,63.433869232904016
56.53836986569134,58.6072367001527,60.61684021675539,62.58691908700008,64.53724760677461,66.48761948302466,68.45783929454178,70.46771786874979,72.53706971409645,74.66589099744708,76.77489671255415,78.76498174243648,80.53704151933802,82.03375454811017,83.36493010063651,84.68216036065934,86.13703767169325,87.81502117552685,89.53703687765784,91.08346507052138,92.33703655998488,93.19833895176359,93.53703647528394,93.24539828105868,92.33703655998488,90.87108246869336,88.96739994649371,86.76103617081934,84.38703839746236,81.95891333563114,79.50400528695012,77.02811833516026,74.53705734936977,72.03662859264296,69.53264078716047,67.03090696027117,64.53724760677461
57.541528085454544,59.61049917598908,61.62016597984801,63.59028407391095,65.5406373152769,67.49102496942682,69.46125493150332,71.47114005644995,73.5404961209434,75.6693200825933,77.77832742634315,79.76841341385847,81.54047374272818,83.03718709085557,84.36836284827534,85.68559325774913,87.14047068885,88.8184542893801,90.54047005862365,92.0868982928038,93.34046980648645,94.20177221128563,94.54046973925927,94.24883154122043,93.34046980648645,91.87451568613446,89.97083310813024,87.76446922835748,85.39047126489336,82.96234586488563,80.50743721615913,78.03154919649953,75.54048630704061,73.0400541553058,70.53606030063898,68.03431571945664,65.5406373152769
58.64474304561591,60.713796891871354,62.72351392974683,64.69366315690577,66.64403602026543,68.59443619752751,70.56467421618406,72.57456454048634,74.64392395373127,76.77275004115361,78.88175867755992,80.87184542514973,82.64390619211709,84.14061979371701,85.47179571376088,86.789026241854,88.24390376825208,89.92188744553027,91.64390326804107,93.19033153501424,94.44390306791962,95.30520548305316,95.64390301456137,95.35226481349571,94.44390306791962,92.97794892450236,91.07426630220598,88.86790233981031,86.49390422545804,84.06577855703932,81.6108694320562,79.1349805648271,76.64391616442344,74.14348131806227,71.6394826621333,69.13772954519528,66.64403602026543
59.748003045250655,61.81712257956673,63.82687949002701,65.79705342825305,67.74744186588518,69.69785198286439,71.66809639608044,73.67799084713349,75.74735291829215,77.87618069294425,79.98519035533384,81.97527770619556,83.74733882088144,85.2440526236627,86.57522867278139,87.89245929502277,89.34733689705831,91.02532063525153,92.74733650004055,94.29376479304156,95.54733634120407,96.40863876453997,96.7473362988536,96.45569809538554,95.54733634120407,94.08138217947985,92.17769952202879,89.97133549405525,87.59733725994293,85.16921137848627,82.7143018754979,80.23841233555203,77.74734673590936,75.2469097508176,72.74290728411086,70.24114739229647,67.74744186588518
60.85129879563071,62.920470469620085,64.93025902811814,66.90045257997993,68.85085337910033,70.80127138531157,72.77152087392292,74.78141860039253,76.85078278114364,78.97961189495284,81.08862237166662,83.07871020134584,84.8507715920162,86.34748555447518,87.67866170604067,88.99589240300759,90.45077006507663,92.1287538516181,93.8507697499634,95.39719806362274,96.6507696238948,97.51207205374095,97.8507695902812,97.55913138490635,96.6507696238948,95.18481544764036,93.281132762287,91.07476868226426,88.70077035309835,86.27264430255332,83.81773449954187,81.3418444256601,78.85077787418,76.35033919157392,73.84633370024238,71.34456843117823,68.85085337910033
61.95462292321791,64.0238359823992,66.03364966068365,68.00385878018116,69.95426939073474,71.90469365867978,73.87494717565397,75.88484750183113,77.95421335697002,80.08304353367015,82.1920546567139,84.18214286643101,85.95420447615042,87.45091856534579,88.78209479822337,90.09932555449996,91.5542032642176,93.23218708913315,94.9542030141121,96.50063134416794,97.75420291405138,98.61550534906469,98.95420288737225,98.66256468048397,97.75420291405138,96.28824872626427,94.38456601876484,92.17820189743064,89.80420349282062,87.37607730807002,84.9211672669301,82.44527676926293,79.95420946230838,77.45376943238264,74.94976154039945,72.44799200339241,69.95426939073474
63.157969574957164,65.22721548278768,67.2370490991147,69.20727057483103,71.15768897279567,73.10811821071125,75.07837492501109,77.0882773145824,79.15764449868567,81.28647551900364,83.39548715504014,85.38557566639362,87.15763744997244,88.65435163975854,89.98552793717357,91.3027587405243,92.7576364880607,94.43562034343375,96.15763628955182,97.70406463262155,98.95763621013356,99.81893864924807,100.15763618895832,99.86599798086883,98.95763621013356,97.491682013193,95.58799928811622,93.38163513399309,91.00763666950303,88.57951037823344,86.1246001480907,83.64870931406473,81.15764140748942,78.6572003081943,76.15319051080928,73.65141758632308,71.15768897279567
64.86220554392735,66.95521634284113,69.00131716307251,71.01976062929236,73.02912119974212,75.0464550743898,77.0865505888371,79.16153400909131,81.28118691425269,83.43870721768508,85.56655299629017,87.58406942838705,89.41337377825933,91.0173171300502,92.49975473668567,93.99076183441528,95.60546769130917,97.3917737309497,99.18380077144673,100.803614596762,102.21438883367071,103.36735146917061,103.91129214959233,103.47761329171094,102.21438883367071,100.38100009612506,98.16559731169102,95.722097218612,93.18652527374829,90.66224449136357,88.15369250734588,85.64922029494977,83.14251623509298,80.62950010952216,78.10709852486795,75.5734321672644,73.02912119974212
63.59986149514033,65.66910271682494,67.67893348883136,69.64915320184022,71.59957048887443,73.54999901778866,75.52025527596783,77.53015737118182,79.59952436569927,81.72835526566944,83.83736682852404,85.82745529684706,87.59951705562369,89.09623123105985,90.42740751926813,91.74463831590343,93.19951605804474,94.87749990907281,96.59951585217524,98.14594419338847,99.39951576981218,100.26081820834165,100.5995157478518,100.30787753993367,99.39951576981218,97.93356157417745,96.02987885160817,93.82351470216261,91.44951624621484,89.0213899701409,86.5664797669607,84.0905889809186,81.59952115988324,79.09908021314092,76.59507068757446,74.09329824633556,71.59957048887443
62.193197977396125,64.26236221314642,66.27214625677681,68.24233701059714,70.19273604625826,72.14315292701349,74.11340169158392,76.12329895079263,78.19266283059592,80.32149175336525,82.43050211391014,84.42058987528281,86.19265122658211,87.68936516626201,89.02054130321278,90.33777198951958,91.79264964302445,93.47063342266871,95.19264931622699,96.73907762693928,97.99264918548383,98.85395161440124,99.19264915062386,98.90101094552101,97.99264918548383,96.52669501130221,94.62301232992931,92.41664825733174,90.04264994172586,87.61452391530243,85.1596141550913,82.68372415737909,80.19265774168504,77.69221930124095,75.18821424139296,72.68644973943114,70.19273604625826
61.18725570445997,63.26479174111657,65.28725715908445,67.27434487811584,69.24552607681491,71.2197347186853,73.21506106675507,75.24855598595133,77.33630616936406,79.47568591520456,81.59164652049249,83.59188767657103,85.38526737696989,86.9223904291064,88.31162983678253,89.69711093388295,91.21623062873468,92.93856002898158,94.68958565358957,96.26671626755169,97.58707455639583,98.57598479765706,99.00737915384983,98.65133325991917,97.58707455639583,95.96718323119862,93.93879834350392,91.64114246996574,89.20668900818657,86.7432507476789,84.26885521121447,81.78264414853186,79.28594762989624,76.78098779882787,74.2703832946759,71.75721658018915,69.24552607681491
60.38029886554533,62.449146962549236,64.45873910456991,66.42881092504221,68.37913500151896,70.32950404193643,72.29972202904167,74.30959942584931,76.37895051286434,78.5077713148283,80.61677673720953,82.60686159497064,84.37892127266355,85.87563424403601,87.20680975973559,88.52403999289666,89.97891728235021,91.65690076880392,93.37891645887238,94.92534464430983,96.17891612942029,97.04021851885872,97.37891604157866,97.08727784803884,96.17891612942029,94.71296204335196,92.8092795311824,90.60291577421829,88.22891803503043,85.80079303398179,83.34588509315066,80.86999833329556,78.37893768966293,75.87850954314099,73.37452282491284,70.87279093094944,68.37913500151896
44.3168761608179,46.378190667564695,48.38320314168403,50.35043412989125,52.29896674224955,54.248192034527335,56.2176740400776,58.22707639827166,60.29612149822623,62.42474804930458,64.53363534564224,66.52365074441227,68.29567038626234,69.79236019370637,71.12352084771712,72.44074024060689,73.89560882110857,75.5735852937508,77.29559611585464,78.8420213044148,80.09559103280252,80.95689247780811,81.2955896775105,81.00395176058652,80.09559103280252,78.62963905461876,76.72596059020236,74.51960438394198,72.14562043401187,69.71751996219598,67.26265554460258,64.78684623969488,62.29592366983684,59.79574175340011,57.29219372972912,54.79124163934888,52.29896674224955
45.31592574785846,47.37889733461118,49.38491824352486,51.35277519481549,53.3017027114262,55.25118019407533,57.22082450701468,59.23033163774829,61.29944422966551,63.42811362883691,65.53702698228915,67.52705770309403,69.29908617658126,70.79578109386077,72.12694502628969,73.4441668104975,74.89903731216053,76.57701533202484,78.29902722798565,79.8454530776475,81.09902319356294,81.9603248469076,82.29902211786668,82.0073841399221,81.09902319356294,79.63307075038628,77.72939139304839,75.52303352112844,73.14904652934081,70.72094064648854,68.26606662792697,65.79024023710261,63.29928720990826,60.79905098008784,58.2954061952051,55.794282125281654,53.3017027114262
46.3158765439468,48.38016528926319,50.386987328580034,52.35534139557208,54.30458246376233,56.25426015727595,58.2240333130448,60.233623609714186,62.3027897732311,64.4314931822089,66.54042721767404,68.53047009975688,70.30250558298269,71.79920455596644,73.13037109048918,74.4475947726936,75.90246679918704,77.58044604708438,79.30245879536699,80.84888516974604,82.10245559324257,82.96375741194612,83.30245473946175,83.01081671308498,82.10245559324257,80.63650278100059,78.73282271494983,76.52646352099316,74.15247411487593,71.72436393726369,69.26948229835372,66.79364234625592,64.30266514451309,61.80238580440553,59.29866421462714,56.79740362714938,54.30458246376233
47.316543793444964,49.38187918856754,51.3893375492238,53.35808635908103,55.30757636635339,57.257412997100715,59.22728842769558,61.236944738199355,63.30615342353505,65.4348838269031,67.54383427798714,69.5338868125904,71.30592785948942,72.80263005150351,74.13379865131677,75.45102383996606,76.90589707672049,78.58387729930956,80.30589072408105,81.85231751492871,83.10588818255262,83.96719013250166,84.30588750490622,84.01424944008886,83.10588818255262,81.63993507738314,79.73625444882622,77.52989420556719,75.15590288319169,72.72778929681506,70.27290160959603,67.79705089379976,65.30605450436197,62.805740946509474,60.30195839319816,57.80058944076525,55.30757636635339
48.31778042685207,50.38394731849097,52.39191102014534,54.36097325226669,56.31066088864307,58.26062368671212,60.230580300579845,62.240289009440886,64.30953144563404,66.4382832749609,68.54724675531577,70.53730695119737,72.30935241401195,73.80605716098208,75.13722740002214,76.45445378433993,77.9093279816806,79.58730897788388,81.30932293958531,82.85575006098443,84.10932092237246,84.97062297649116,85.30932038452409,85.01768228919639,84.10932092237246,82.64336758470623,80.7396865096876,78.53332543359599,76.15933259028307,73.73121629836136,71.27632381057447,68.80046455155666,66.30945293261911,63.809112215439484,61.30528127316846,58.803826304545794,56.31066088864307
49.31946944405979,51.38629678061871,53.39466175604643,55.36397282384141,57.31381734754393,59.26388029650043,61.23390135041927,63.24365164986369,65.31292087492864,67.44168971036342,69.5506635321743,71.5407298088592,73.3127787766042,74.80948555145059,76.14065709154869,77.45788442487077,78.91275938463016,80.59074099485193,82.31275538271518,83.85918276647331,85.11275378165203,85.97405591845025,86.31275335476147,86.02111523521768,85.11275378165203,83.64680025945293,81.74311883007731,79.53675709296559,77.16276304248237,74.73464460316373,72.27974830514984,69.80388226532952,67.31285855859383,64.81249628461043,62.30862693462856,59.807103690583915,57.31381734754393
50.32151781091666,52.388869649236185,54.39755323208013,56.367061846417855,58.31703090994863,60.26717335616311,62.237245559236726,64.24702887039622,66.31631935830589,68.44510169169476,70.55408372159826,72.54415482464691,74.31620657426703,75.81291495864377,77.14408753139416,78.46131561794243,79.91619118283455,81.59417328040342,83.31618800651171,84.86261559850436,86.1161867357469,86.97748893816791,87.3161863969236,87.0245482581595,86.1161867357469,84.65023306708392,82.74655135645483,80.54018909469082,78.16619408607502,75.73807394236354,73.28317462016187,70.80730319838786,68.31626989747464,65.81589051357288,63.311990678508835,60.8104132414998,58.31703090994863
51.42385157817599,53.491619906918345,55.50055644188133,57.47022187770999,59.42028980008277,61.37049534800397,63.34060815011169,65.3504176634725,67.41972502803011,69.54851807487651,71.65750661959382,73.6475815533469,75.41963551094902,76.91634517281337,78.24751856518157,79.5647472495665,81.01962329475312,82.69760577912984,84.41962077370351,85.96604853097205,87.2196197650967,88.08092201960253,88.41961949617246,88.12798134215316,87.2196197650967,85.75366598018526,83.84998404632509,81.6436213681441,79.2696255990574,76.84150410256666,74.38660238006011,71.91072668660954,69.41968577073854,66.9192928065143,64.4153687748815,61.91374832317072,59.42028980008277
52.42641198414957,54.494511003282355,56.50364835263524,58.47343827584564,60.42358466978837,62.373840304523014,64.34398533131693,66.3538156418737,68.42313640163532,70.55193795183689,72.66093166739458,74.65100964159038,76.423065351673,77.9197760274815,79.2509500703815,80.56817922927007,82.02305565566692,83.70103844705343,85.42305365470821,86.96948154315636,88.2230528541764,89.08435515002202,89.42305264073107,89.13141447460374,88.2230528541764,86.75709897699849,84.85341686595967,82.64705385726816,80.27305748459497,77.84493491440153,75.3900312867683,72.91415220287499,70.42310524297395,67.92270149993274,65.41875826312855,62.9171036695444,60.42358466978837
53.42915234668307,55.49751391167206,57.5068106766,59.47669941690393,61.42690809834397,63.37720348887086,65.34737409317839,67.35722091079236,69.42655230246021,71.55536060182857,73.66435842150338,75.65443880890695,77.42649590993676,78.92320739051425,80.25438194974215,81.57161148524474,83.02648821420851,84.70447124926886,86.42648662604631,87.9729146186118,89.22648599066376,90.0877883193208,90.42648582125209,90.13484764551461,89.22648599066376,87.76053204025386,85.85684978858825,83.65048651757033,81.27648966582997,78.84836624343743,76.393461103702,73.91757932880574,71.4265275717334,68.92611527347154,66.42215679329722,63.92047510060857,61.42690809834397
54.43203558703023,56.50060558315299,58.51002889463567,60.4799960732971,62.430254195236344,64.38058114112954,66.35077204680394,68.36063196627433,70.429971796571,72.55878545278765,74.66778652991397,76.65786883268606,78.42992703771293,79.92663915703659,81.25781412607452,82.57504396049605,84.02992092960741,85.7079041580719,87.4299196690821,88.97634774428556,90.22991916477862,91.09122151947808,91.42991903031646,91.1382808469514,90.22991916477862,88.76396515624448,86.86028279296325,84.65391931373665,82.27992208176033,79.85179798297648,77.39689164308336,74.92100773233236,72.42995216772917,69.9295330791413,67.42556250016037,64.92385929846884,62.430254195236344
55.43503225868851,57.50376771717987,59.51329148027841,61.48332092002812,63.43361828473192,65.38397027687502,67.35417729605786,69.36404761460233,71.43339414269303,73.5622120506626,75.67121571323719,77.66129953624093,79.43335861751186,80.93007124380912,82.26124653811365,83.57847660978736,85.03335376950406,86.71133715147351,88.43335276902438,89.97978090981766,91.23335236875843,92.09465474412778,92.43335226203573,92.14171407261662,91.23335236875843,89.76739831409103,87.86371586222043,85.65735221773848,83.28335468396855,80.85523004833229,78.40032275587254,75.92443714988983,73.43337856323885,70.93295408513873,68.42897390324308,65.92725362957412,63.43361828473192
56.53811897918597,58.60698578444486,60.61658928332024,62.586668142577835,64.5369966554275,66.48736852725791,68.45758833593169,70.46746690830474,72.53681875246954,74.66564003506991,76.77464574972079,78.76473077933485,80.5367905560818,82.03350358476449,83.36467913723342,84.6819093972144,86.13678670821469,87.81477021202119,89.53678591413339,91.08321410698535,92.33678559644207,93.19808798821714,93.53678551173624,93.24514731751205,92.33678559644207,90.87083150515868,88.96714898297466,86.76078520732943,84.3867874340257,81.95866237228924,79.50375432377629,77.02786737228557,74.53680638702834,72.0363776312525,69.53238982746453,67.03065600358767,64.5369966554275
57.54127718305611,59.61024825041021,61.619915040198066,63.59003312554022,65.54038636140976,67.49077401205173,69.46100397187145,71.47088909536166,73.54024515891707,75.6690691199715,77.77807646335927,79.76816245066168,81.54022277940865,83.03693612746503,84.36811188483927,85.68534229427982,87.140219725354,88.81820332586261,90.54021909509125,92.0866473292622,93.34021884293946,94.20152124773574,94.54021877570838,94.2485805776704,93.34021884293946,91.87426472259395,89.9705821446021,87.7642182648525,85.39022030143066,82.96209490149809,80.50718625290503,78.0312982334828,75.54023534444713,73.03980319346714,70.53580934014525,68.03406476135392,65.54038636140976
58.64449213060168,60.71354595845732,62.72326298516397,64.69341220540102,66.64378506439807,68.59418523887587,70.56442325574122,72.57431357888748,74.64367299138793,76.77249907833762,78.88150771445655,80.87159446187738,82.64365522874732,84.14036883029087,85.47154475029855,86.78877527836532,88.24365280474223,89.92163648200335,91.64365230450233,93.1900805714682,94.4436521043693,95.30495451950054,95.64365205100799,95.35201384994298,94.4436521043693,92.97769796095716,91.07401533867065,88.86765137629332,86.49365326197457,84.06552759361558,81.61061846873835,79.13472960169769,76.64366520162997,74.14323035586789,71.63923170100638,69.13747858596611,66.64378506439807
59.747752120222344,61.81687163993357,63.82662854152879,65.79680247426077,67.74719090843024,69.69760102319954,71.6678454349939,73.67773988512943,75.74710195569716,77.87592972997413,79.98493939213562,81.97502674286324,83.7470878574718,85.2438016602083,86.5749777092983,87.89220833151875,89.34708593353747,91.02506967171715,92.74708553649677,94.29351382949201,95.54708537765111,96.4083878009852,96.74708533529821,96.45544713183068,95.54708537765111,94.08113121593097,92.17744855848773,89.97108453052876,87.59708629644307,85.16896041503378,82.71405091212944,80.23816137233314,77.74709577295711,75.24665878834082,72.74265632248134,70.24089643217323,67.74719090843024
60.85104786265366,62.920219525050555,64.9300080765122,66.90020162401325,68.85060242038531,70.80102042484253,72.77126991232547,74.78116763806683,76.85053181834891,78.97936093186038,81.08837140839313,83.07845923796592,84.85052062857488,86.3472345909984,87.67841074254109,88.99564143949138,90.45051910154709,92.12850288807783,93.85051878641568,95.39694710007039,96.65051866033978,97.51182109018447,97.85051862672425,97.55888042134981,96.65051866033978,95.18456448408857,93.2808817987414,91.07451771873023,88.70051938958547,86.27239333907802,83.8174835361333,81.3415934623702,78.85052691110172,76.35008822887306,73.84608273821398,71.34431747034535,68.85060242038531
61.95437198393162,64.02358503391154,66.03339870661104,68.00360782264738,69.95401843101956,71.90444269757245,73.87469621365102,75.88459653925017,77.9539623940168,80.08279257048059,82.19180369338065,84.18189190301331,85.953953512684,87.45066760185118,88.78184383471067,90.09907459097407,91.55395230068115,93.23193612558816,94.95395205056116,96.50038038061336,97.75395195049467,98.61525438550684,98.953951923814,98.66231371692605,97.75395195049467,96.28799776271012,94.38431505521564,92.1779509338906,89.80395252929736,87.37582634457664,84.9209163034896,82.44502580591669,79.9539584991301,77.4535184695039,74.94951057805446,72.44774104199632,69.95401843101956
63.15771863066294,65.22696453119012,67.23679814308427,69.20701961605343,71.15743801228672,73.1078672490973,75.07812396268626,77.08802635179882,79.15739353560664,81.28622455573705,83.39523619165948,85.38532470294592,87.15738648648608,88.65410067624981,89.98527697365046,91.30250777699074,92.75738552451872,94.435369379885,96.15738532599838,97.70381366906523,98.95738524657554,99.81868768568913,100.15738522539908,99.86574701730986,98.95738524657554,97.491431049637,95.58774832456415,93.38138417044829,91.00738570597156,88.57925941472564,86.12434918462495,83.64845835067374,81.15739044423177,78.65694934517437,76.15293954821298,73.65116662447991,71.15743801228672
64.86196267321883,66.95497408396608,69.00107583448448,71.0195205270753,73.02888257887292,75.0462181111778,77.08631532914626,79.16130031248673,81.28095440947332,83.43847538670803,85.56632160524556,87.58383867464764,89.41314434173248,91.0170901147606,92.49953103682171,93.99054180363012,95.60525090791602,97.39155908147521,99.18358747312331,100.8034026915245,102.21417983457486,103.36714759100045,103.91109167435346,103.47741047862584,102.21417983457486,100.38078413630356,98.16537496686323,95.72186970012382,93.18629406482798,90.66201102016524,88.15345775216491,85.64898484915575,83.14228040959314,80.62926397771423,78.10686194349717,75.57319480178302,73.02888257887292
63.59658188791148,65.66582301057466,67.67565372247859,69.64587339824023,71.59629066179966,73.54671917573216,75.5169754242732,77.52687751326718,79.59624450377856,81.72507540120569,83.83408696251394,85.82417542992769,87.59623718818018,89.09295136331312,90.42412765132684,91.74135844782026,93.19623618984755,94.87422004078384,96.59623598382254,98.14266432499653,99.39623590139726,100.25753833991436,100.59623587942029,100.30459767150577,99.39623590139726,97.9302817057901,96.02659898327386,93.82023483392709,91.44623637815984,89.01811010240701,86.56319989979653,84.08730911476837,81.59624129554052,79.09580035202177,76.59179083219904,74.09001840117148,71.59629066179966
62.18991852360921,64.25908260218468,66.26886655041287,68.23905724510863,70.18945624350663,72.13987310048014,74.11012184975107,76.12001909908622,78.18938297253027,80.31821189126276,82.42722224935295,84.41731000928226,86.18937135974963,87.68608529894819,89.0172614355901,90.33449212167167,91.78936977499555,93.4673535544941,95.18936944795122,96.73579775860122,97.98936931710928,98.85067174600707,99.18936928222297,98.89773107712587,97.98936931710928,96.52341514297146,94.61973246168267,92.413368389242,90.03937007392265,87.61124404800893,85.1563342887022,82.6804442925995,80.18937787977471,77.68893944444768,75.18493439371724,72.68316990796485,70.18945624350663
61.18404860192604,63.26159041914326,65.28406470589468,67.271164265347,69.24235999702543,71.21658520885326,73.21192893341521,75.24544011640214,77.33320291196728,79.4725898707527,81.58855521811121,83.58880329003205,85.38219746056322,86.91934774765022,88.30862584787783,89.69415176929857,91.21331301679109,92.9356707436632,94.68671474281307,96.26386467010846,97.58426450246377,98.57325236417708,99.0047016914852,98.64861772711826,97.58426450246377,95.96427645302188,93.93581065595306,91.63809405906512,89.20359967655375,86.74013724925415,84.26572829336216,81.77951009937868,79.28280968531735,76.7778467248568,74.2672376486967,71.75406301895688,69.24235999702543
60.37702004183119,62.445867742902735,64.45545964457163,66.42553131607768,68.37585529866452,70.3262242791589,72.29644222771302,74.30631959964134,76.37567067063227,78.50449146242418,80.61349687861993,82.60358173274399,84.37564140834054,85.8723543785001,87.20352989342148,88.52076012601498,89.97563741501251,91.65362090109898,93.37563659091256,94.92206477619305,96.17563626121151,97.03693865060055,97.37563617330355,97.08399797977822,96.17563626121151,94.70968217525356,92.80599966329598,90.5996359067272,88.22563816826138,85.79751316849712,83.34260522994492,80.86671847414553,78.37565783774296,75.8752297041151,73.37124300886143,70.8695111557421,68.37585529866452
44.31543393164284,46.37674575958448,48.38175660298546,50.34898657877035,52.29751855234184,54.24674343665265,56.21622517962659,58.22562736831736,60.2946723590798,62.423298840835315,64.53218609501549,66.52220146899609,68.29422109655746,69.79091089573429,71.12207154444086,72.4392909334617,73.89415951085512,75.57213598099409,77.29414680136054,78.8405719888511,80.09414171661183,80.95544316128034,81.29414036086746,81.0025024440422,80.09414171661183,78.62818973918039,76.72451127620866,74.51815507264317,72.14417112763451,69.71607066457312,67.26120626251316,64.7853969852487,62.29447446466719,59.79429263610254,57.290744768976026,54.789792956823135,52.29751855234184
45.31448206193237,47.37745151903157,49.38347113231765,51.35132727952788,53.30025428892418,55.249731447684496,57.21937555218193,59.228882548366414,61.29799505361203,63.426664397759595,65.53557771775057,67.52560841887973,69.2976368810259,70.7943317917437,72.12549571996266,73.44271750109971,74.8975880002957,76.57556601817316,78.29757791275497,79.84400376156793,81.09757387698568,81.95887553006284,82.29757280093042,82.00593482306417,81.09757387698568,79.63162143440616,77.72794207821488,75.52158420843386,73.1475972205524,70.71949134464866,68.26461733841606,65.78879096953246,63.2978379814499,60.797601821376716,58.29395716075331,55.792833311690245,53.30025428892418
46.31443169970015,48.378718752509435,50.38553976264974,52.35389319111472,54.3031338565969,56.25281129298608,58.22258428329246,60.23217447316114,62.301340567883116,64.43004393318705,66.53897794209342,68.52902080855947,70.30105628278379,71.79775525055945,73.12892178174076,74.44614546150791,75.90101748604324,77.57899673236363,79.30100947955171,80.847435853257,82.10100627635853,82.96230809484975,83.30100542229275,83.00936739597819,82.10100627635853,80.6350534645905,78.73137339944978,76.52501420719082,74.15102480417389,71.72291463207671,69.26803300295234,66.79219306826911,64.30121589756996,61.80093661282277,59.29721512167529,56.795954709514206,54.3031338565969
47.315098028514754,49.38043207890516,51.38788962217609,53.35663792502724,55.30612761258695,57.25596403922064,59.225839338474,61.235495564204314,63.30470419493514,65.43343456363834,67.54238499364236,69.5324375158504,71.3044785556049,72.80118074348533,74.1323493406465,75.44957452736128,76.90444776256157,78.58242798389904,80.30444140780179,81.85086819811465,83.10443886542507,83.96574081520558,84.3044381875525,84.01280012278448,83.10443886542507,81.63848576063177,79.73480513279716,77.5284448908856,75.1544535709708,72.72633998897149,70.27145230951932,67.79560160754517,65.30460524274713,62.80429172883544,60.30050925381144,57.79914044053986,55.30612761258695
48.31633393033917,50.382499753787584,52.39046280635026,54.359524635930285,56.30921201849824,58.259174654540885,60.22913116415401,62.23883980572677,64.30808219857855,66.43683400039134,68.54579746401478,70.53585765005818,72.30790310720215,73.80460785089139,75.13577808782645,76.45300447060885,77.907878666716,79.58585966192584,81.30787362293776,82.85430074391245,84.10787160505163,84.96917365903656,85.30787106702375,85.01623297173523,84.10787160505163,82.64191826768396,80.73823719323866,78.53187611821653,76.15788327685665,73.72976698840927,71.27487450678693,68.79901525873981,66.3080036593591,63.8076629770561,61.303832096924225,58.80237723876179,56.30921201849824
49.31802236636209,51.38484885454527,53.39321331457896,55.362524062794535,57.312368385016214,59.26243120535881,61.232452176525214,63.242202422560624,65.31147161322463,67.44024042682113,69.54921423535208,71.5392805042284,73.3113294674726,74.8080362397149,76.13920777814229,77.45643511024574,78.91131006902606,80.58929167845933,82.31130606577537,83.85773344919656,85.1113044641778,85.97260660086985,86.31130403714477,86.01966591763207,85.1113044641778,83.64535094221567,81.74166951329508,79.53530777703222,77.16131372809915,74.73319529153807,72.27829899841706,69.8024329673042,67.31140927609093,64.81104702978962,62.307177729129165,59.805654572761796,57.312368385016214
50.32007027159973,52.387421436214694,54.396104609857986,56.3656129704936,58.31558187408814,60.26572421821325,62.23579635560277,64.24557962437007,66.3148700849751,68.4436524010307,70.55263442039384,72.54270551724477,74.31475726329259,75.81146564560248,77.14263821702681,78.45986630260785,79.91474186672289,81.59272396366592,83.31473868933986,84.86116628106514,86.11473741815091,86.97603962048763,87.31473707921452,87.0230989404751,86.11473741815091,84.648783749676,82.7451020394081,80.53873977831782,78.16474477093237,75.73662462940956,73.28172531109135,70.80585389622853,68.31482060763557,65.81444124570538,63.31054144978876,60.80896408237231,58.31558187408814
51.42240367226193,53.49017146606505,55.499107676162,57.46877291059454,59.41884070601276,61.36904617290023,63.33915892287226,65.34896840258548,67.41827574547104,69.54706877855986,71.65605731491124,73.64613224374514,75.41818619851193,76.91489585873582,78.24606925005153,79.56329793366875,81.0181739782386,82.69615646211864,84.41817145634752,85.96459921340384,87.21817044740408,88.07947270184303,88.41817017839008,88.12653202439037,87.21817044740408,85.75221666264191,83.84853472906842,81.64217205142216,79.268176283312,76.8400547885584,74.38515306913418,71.909277381169,69.41823647507667,66.91784352829148,64.41391952773066,61.9122991312575,59.41884070601276
52.42496378713497,54.493062381547816,56.502199473001866,58.47198923634352,60.422135529514094,62.372391099928876,64.3425360853413,66.35236636919137,68.42168711175165,70.55048865103373,72.65948235995134,74.64956033024279,76.42161603807502,77.91832671258146,79.24950075464614,80.56672991292537,82.02160633883267,83.69958912982491,85.42160433720609,86.96803222548579,88.22160353640709,89.08290583219963,89.42160332289052,89.12996515677874,88.22160353640709,86.75564965934763,84.85196754853635,82.64560454026929,80.27160816837116,77.84348559955649,75.38858197436969,72.91270289483018,70.4216559426905,67.9212522134908,65.41730900134884,62.915654451608034,60.422135529514094
53.4277039185385,55.49606514633983,57.50536170654024,59.475250319943314,61.42545892139526,63.37575426086933,65.34592483233146,67.35577162874799,69.42510300676297,71.55391129746447,73.66290911186903,75.65298949617369,77.42504659541734,78.92175807496139,80.25293263352629,81.57016216854527,83.02503889712045,84.70302193186794,86.42503730842819,87.97146530085996,89.22503667283354,90.08633900144847,90.42503650336535,90.13339832764018,89.22503667283354,87.7590827225177,85.85540047103267,83.64903720035161,81.27504034922644,78.84691692792825,76.39201179013455,73.9161300186939,71.4250782677818,68.924665980506,66.42070751990636,63.919025862016994,61.42545892139526
54.43058697538514,56.49915670382691,58.50857985279643,60.47854693072841,62.42880498917779,64.37913189454899,66.34932277415344,68.35918267679918,70.42852249625946,72.55733614559719,74.66633721854049,76.65641951885297,78.42847772246219,79.92518984096561,81.2563648094773,82.57359464351498,84.02847161231793,85.70645484053408,87.42847035137191,88.97489842646927,90.22846984690008,91.08977220156612,91.42846971239308,91.13683152903778,90.22846984690008,88.76251583844059,86.85883347530267,84.65246999634348,82.27847276485542,79.85034866694015,77.39544232858819,74.91955842057992,72.4285028608661,69.92808378099798,67.4241132175536,64.92241004348276,62.42880498917779
55.43358350136586,57.50231874736404,59.511842381462685,61.481871741258246,63.432169055568025,65.38252101554795,67.35272801403872,69.36259831922932,71.43194483871912,73.56076274122887,75.66976640048338,77.65985022153492,79.43190930168066,80.92862192732689,82.25979722121374,83.5770272925828,85.03190445205473,86.70988783382708,88.43190345124111,89.97833159195014,91.23190305084154,92.09320542618437,92.43190294408325,92.14026475467192,91.23190305084154,89.76594899623339,87.86226654447657,85.65590290020683,83.28190536682445,80.85378073187758,78.39887344064104,75.92298783683523,73.43192925406498,70.93150478288575,68.42752461332157,65.92580436157544,63.432169055568025
56.536670106218125,58.605536742799245,60.61514013927905,62.58521893507377,64.53554740792438,66.48591925422633,68.45613904647661,70.46601760825057,72.53536944558877,74.6641907238557,76.77319643587141,78.76328146393602,80.53534123978989,82.03205426795589,83.36322982009328,84.68046007983244,86.13533739063843,87.8133208942885,89.53533659629213,91.08176478907723,92.33533627849476,93.19663867024875,93.53533619376066,93.24369799954263,92.33533627849476,90.8693821872584,88.96569966516466,86.75933588968788,84.38533811669174,81.95721305550244,79.50230500796037,77.02641805819745,74.53535707602036,72.03492832573765,69.53094053173722,67.02920672526075,64.53554740792438
57.539828218287454,59.60879915174819,61.618465860259406,63.58858389522898,65.53893709935043,67.48932472973013,69.45955467651433,71.46943979159201,73.53879584972915,75.6676198073441,77.77662714864033,79.76671313471292,81.53877346275108,83.03548681039734,84.36666256750843,85.68389297675708,87.13877040767707,88.81675400806151,90.53876977720392,92.08519801132184,93.338769524968,94.20007192974757,94.5387694577145,94.2471312596814,93.338769524968,91.87281540465978,89.96913282673961,87.7627689471237,85.38877098394596,82.96064558444772,80.50573693662523,78.02984891857437,75.53878603198343,73.0383538853633,70.53436003980988,68.03261547482936,65.53893709935043
58.6430430929624,60.71209681453813,62.72181377673219,64.69196295698721,66.64233579078528,68.59273594918068,70.56297395569965,72.57286427216884,74.6422236803688,76.77104976458857,78.88005839904744,80.87014514549213,82.64220591179951,84.13891951301757,85.47009543281644,86.78732596073084,88.24220348698535,89.92018716414793,91.64220298657847,93.18863125350222,94.44220278637866,95.30350520149665,95.64220273299954,95.3505645319384,94.44220278637866,92.97624864299614,91.07256602076649,88.8662020584953,86.49220394437035,84.06407827635603,81.6091691520904,79.13328028613817,76.64221588801082,74.14178104570921,71.63778239701355,69.13602929293502,66.64233579078528
59.7463030247404,61.815422460091725,63.82517931048122,65.79535321147861,67.74574162564733,69.6961517276519,71.66639613123428,73.67629057607019,75.7456526432246,77.87448041533483,79.98349007617873,81.97357742613158,83.74563854029364,85.2423523427718,86.57352839169603,87.89075901379559,89.34563661571715,91.0236203538186,92.74563621854395,94.29206451150574,95.54563605964526,96.4069384829688,96.7456360172782,96.45399781381374,95.54563605964526,94.0796818979486,92.17599924055052,89.96963521267577,87.59563697874387,85.16751109760817,82.71260159518926,80.23671205625688,77.74564645842094,75.24520947655122,72.74120701558557,70.23944713397783,67.74574162564733
60.84959872125867,62.91877031669563,64.92855882751395,66.89875234982674,68.84915313032397,70.79957112464973,72.7698206056148,74.77971832714984,76.84908250472279,78.97791161651449,81.08692209200144,83.07700992095931,84.84907131121389,86.34578527343234,87.67696142484348,88.99419212169782,90.4490697836764,92.12705357014507,93.84906946843981,95.39549778206802,96.64906934232184,97.51037177215818,97.84906930869508,97.5574311033231,96.64906934232184,95.1831151660893,93.27943248077796,91.07306840083365,88.69907007181092,86.27094402152065,83.81603421896118,81.34014414588378,78.84907759583766,76.34863891578895,73.84463342901414,71.34286816805103,68.84915313032397
61.95292280609334,64.02213580292498,66.03194944336502,68.00215853940911,69.9525691351813,71.90299339369278,73.87324690459809,75.88314722685868,77.95251307947504,80.08134325457388,82.19035437664391,84.18044258578847,85.95250419517788,87.44921828418231,88.78039451693738,90.09762527312463,91.5525029827705,93.23048680762822,94.95250273256704,96.49893106259816,97.75250263246713,98.61380506747268,98.95250260577757,98.66086439889156,97.75250263246713,96.28654844469742,94.38286573723136,92.1765016159594,89.80250321146302,87.37437702691463,84.91946698613344,82.44357648910471,79.95250918328833,77.4520691553924,74.94806126702588,72.44629173644866,69.9525691351813
63.15626942389831,65.2255152822403,67.2353488685296,69.20557032563066,71.15598871186324,73.10641794229134,75.07667465177431,77.08657703823701,79.15594422033817,81.28477523938517,83.39378687464884,85.38387538554788,87.1559371688648,88.65265135849936,89.98382765581712,91.30105845909694,92.75593620657637,94.43392006190354,96.15593600798974,97.70236435103989,98.9559359285404,99.81723836764873,100.15593590735688,99.8642976992692,98.9559359285404,97.48998173161361,95.58629900656334,93.37993485248958,91.00593638808974,88.57781009698061,86.12289986712263,83.64700903360342,81.15594112793146,78.65550003024738,76.15149023573292,73.64971731635009,71.15598871186324
64.86060215819724,66.95362028252391,68.99973224095487,71.01819039030698,73.02756869662333,75.04492241797365,77.08503832815433,79.16004046268114,81.27970763708961,83.43723600766975,85.56508705338945,87.58261111564777,89.41193123586001,91.01590357580054,92.49838087592614,93.98943190082377,95.60417663600134,97.39050822307568,99.1825514395829,100.80238194289566,102.21319097188669,103.36621491405413,103.91019633323023,103.47648948747407,102.21319097188669,100.37971890069487,98.16423967382507,95.72067763985544,93.18506151133914,90.66075364365561,88.15218628698722,85.6477058061156,83.14099720016323,80.62797740726165,78.10557044012671,75.571894694588,73.02756869662333
63.595132685353974,65.66437376423744,67.67420444956866,69.64442410886238,71.5948413620431,73.54526986935184,75.51552611363161,77.52542819987556,79.59479518861579,81.72362608491858,83.83263764554312,85.82272611255485,87.59478787057563,89.0915020455745,90.42267833350226,91.73990912993293,93.19478687190981,94.8727707228055,96.59478666581603,98.14121500697267,99.39478658336324,100.25608902187486,100.59478656137891,100.30314835346601,99.39478658336324,97.92883238776827,96.02514966527545,93.81878551597241,91.44478706028495,89.01666078467406,86.56175058231551,84.08585979773561,81.59479197930693,79.09435103721336,76.59034151993006,74.0885690934172,71.5948413620431
62.188469388892,64.25763339797679,66.2674173040254,68.23760797258078,70.18800695450389,72.13842380096297,74.10867254346962,76.11856978843943,78.18793365907189,80.31676257601964,82.42577293302449,84.41586069231565,86.18792204241521,87.68463598140099,89.01581211790636,90.33304280388833,91.7879204571322,93.4659042365663,95.1879201299787,96.73434844060117,97.9879199990931,98.84922242798223,99.18791996419515,98.89628175910059,97.9879199990931,96.52196582497464,94.61828314372303,92.41191907135173,90.03792075615907,87.6097947304707,85.15488497156383,82.67899497617276,80.18792856461653,77.68749013155187,75.18348508485252,72.68172060626668,70.18800695450389
61.18262991916339,63.260174170031846,65.28265219058623,67.26975673489902,69.24095858498853,71.2151907727634,73.21054181278268,75.24405984274487,77.33182794793856,79.47121794331387,81.58718528704077,83.58743627046246,85.38083653275424,86.91799828536642,88.30729267442987,89.69283746578787,91.21201620567379,92.93438585705414,94.68543759117776,96.2625956485918,97.58301296888172,98.57203350464914,99.00350597135144,98.64740598176127,97.58301296888172,95.96298420255066,93.93448434500648,91.63674218477554,89.20223057514949,86.73875797382547,84.26434336842802,81.77812217219585,79.2814201181732,76.77645584024734,74.26584483928232,71.75266687723224,69.24095858498853
60.375571185683995,62.44441871170453,64.45401050710824,66.4240821127528,68.37440605382868,70.32477500782963,72.29499293933942,74.30487030026799,76.37422136417429,78.50304215146893,80.61204756492987,82.60213241744592,84.37419209211566,85.87090506173895,87.2020805763163,88.5193108086588,89.97418809745471,91.65217158337883,93.3741872730797,94.92061545829085,96.17418694326865,97.03548933263579,97.37418685533132,97.08254866181238,96.17418694326865,94.70823285735949,92.80455034549561,90.59818658910163,88.22418885095503,85.79606385175862,83.34115591421397,80.86526916020775,78.37420852700174,75.87378039907463,73.36979371397852,70.86806187891736,68.37440605382868
44.31502801199629,46.37633908581958,48.38134947015193,50.34857916092655,52.29711095467107,54.2463357241337,56.215817393188914,58.225219534162235,60.294264494185626,62.422890956425846,64.53177819873812,66.52179356574013,68.29381318927906,69.79050298612856,71.12166363334194,72.43888302127363,73.89375159779203,75.5717280672263,77.29373888710364,78.84016407429309,80.0937338018773,80.95503524645095,81.2937324460056,81.00209452920814,80.0937338018773,78.62778182465767,76.72410336209265,74.51774715928579,72.14376321566257,69.71566275506572,67.26079835737862,64.7849890878961,62.2940665811866,59.79388477735911,57.29033695430198,54.789385220473775,52.29711095467107
45.3140757321916,47.37704458976556,49.38306383831538,51.35091975916631,53.29984662577499,55.249323693356274,57.218967739174516,59.228474697481616,61.297587178328,63.426256506985624,65.5351698175568,67.52520051314698,69.2972289721005,70.79392388097106,72.1250878080049,73.44230958827748,74.89718008677897,76.57515810409708,78.29716999829074,79.84359584686467,81.09716596214236,81.95846761514417,82.297164885986,82.0055269081418,81.09716596214236,79.63121351973092,77.72753416386243,75.52117629468356,73.14718930790173,70.71908343395407,68.26420943119226,65.78838306848526,63.29743009141323,60.797193950974815,58.29354932533205,55.79242553844415,53.29984662577499
46.31402504387709,48.37831162022341,50.38513234063689,52.353485589348026,54.30272614146247,56.2524035054677,58.22217644919418,60.23176660899702,62.30093268435229,64.42963603736146,66.53857003879119,68.52861290086088,70.30064837255118,71.79734733886067,73.12851386910134,74.44573754818236,75.90060957216647,77.5785888180429,79.3006015649229,80.84702793843849,82.10059836142882,82.96190017986027,83.30059750728282,83.00895948098577,82.10059836142882,80.63464554979419,78.73096548490972,76.52460629312867,74.15061689098451,71.72250672043988,69.26762509407028,66.79178516428951,64.30080800232957,61.80052873316707,59.2968072697855,56.795546906978416,54.30272614146247
47.31469111350721,49.38002478533778,51.38748209850388,53.356230258626084,55.30571985618241,57.25555622535538,59.22543148763434,61.23508768949978,63.30429630485861,65.43302666380319,67.54197708787288,69.53202960659152,71.30407064433473,72.80077283105149,74.13194142746605,75.44916661363627,76.90403984839904,78.58202006938413,80.30403349304237,81.85046028320465,83.10403095042682,83.96533290015988,84.30403027249056,84.01239220773647,83.10403095042682,81.6380778457394,79.73439721810814,77.52803697657589,75.15404565735383,72.72593207658682,70.27104439932111,67.79519370123806,65.30419734337644,62.803883841834676,60.30010138884961,57.79873261475382,55.30571985618241
48.315926809381466,50.38209233212014,52.39005520195485,54.35911691821411,56.3088042293316,58.25876681976165,60.228723300025706,62.238431922655906,64.30767430330651,66.43642609737373,68.54538955628703,70.53544973956087,72.30749519510849,73.8041999378741,75.13537017421658,76.45259655656673,77.90747075232662,79.5854517472568,81.30746570807466,82.85389282892982,84.10746368999895,84.96876574394622,85.30746315192054,85.01582505664305,84.10746368999895,82.64151035271533,80.73782927843142,78.53146820371038,76.15747536290031,73.72935907543098,71.27446659554408,68.79860735058534,66.30759575671016,63.807255084225375,61.303424221586496,58.801969394520114,56.3088042293316
49.31761508179319,51.38444133114734,53.39280564609072,55.36211630434043,57.31196056984257,59.262023353978634,61.23204430184913,63.24179453284917,65.31106371382884,67.43983252127757,69.54880632607006,71.53887259274813,73.31092155472531,74.80762832623454,76.13879986419158,77.45602719595196,78.91090215445669,80.58888376366798,82.31089815082996,83.85732553415633,85.11089654908196,85.97219868574412,86.3108961220088,86.01925800250486,85.11089654908196,83.64494302718654,81.74126159839403,79.53489986237014,77.16090581387346,74.73278737808867,72.27789108634505,69.80202505768347,67.31100137083999,64.81063913233154,62.30676984555575,59.80524671387067,57.31196056984257
50.319662857078896,52.38701383203707,54.39569689048491,56.365205179699984,58.31517403827033,60.26531635365592,62.23538847255449,64.24517172938782,66.31446218230622,68.44324449348227,70.55222650987817,72.54229760498436,74.31434935002653,75.81105773175457,77.14223030280561,78.45945838811434,79.9143339520106,81.59231604877749,83.31433077432916,84.86075836597914,86.11432950302077,86.9756317053338,87.31432916405255,87.02269102532009,86.11432950302077,84.64837583459884,82.74469412443258,80.53833186353197,78.1643368564929,75.73621671558624,73.28131739836127,70.80544598544404,68.31441270031938,65.8140333445745,63.310133559678405,60.808556211853215,58.31517403827033
51.42199615453913,53.48976379774973,55.49869991639254,57.46836509412938,59.418432853808184,61.36863829788361,63.33875103317871,65.34856050341968,67.41786784020427,69.54666086942015,71.6556494034164,73.64572433086548,75.41777828483411,76.91448794459617,78.24566133561561,79.56289001901669,81.01776606341292,82.6957485471531,84.41776354128496,85.96419129828152,87.21776253224674,88.07906478666688,88.41776226320746,88.1261241092133,87.21776253224674,85.75180874752661,83.8481268140338,81.64176413653807,79.26776836870283,76.83964687443827,74.38474515588177,71.9088694694608,69.4178285661213,66.91743562424543,64.41351163243178,61.911891251508735,59.418432853808184
52.424556187463494,54.492654662312006,56.50179168116409,58.471581399500536,60.42172766430242,62.37198321661029,64.34212819037324,66.35195846670506,68.42127920442292,70.55008074063102,72.65907444767936,74.64915241687169,76.42120812407038,77.91791879821028,79.24909284003976,80.56632199814749,82.02119842391699,83.69918121479824,85.42119642210238,86.96762431033466,88.22119562122815,89.08249791700575,89.42119540769154,89.12955724158411,88.22119562122815,86.75524174420207,84.85155963345483,82.64519662530725,80.27120025362731,77.8430776852008,75.38817406070271,72.91229498238884,70.4212480324341,67.92084430713098,65.41690110193174,62.91524656453342,60.42172766430242
53.42729625380085,55.49565738667934,57.504953889246224,59.47484246692501,61.42505104585922,63.375346370961225,65.34551693317695,67.35536372362611,69.42469509779762,71.5535033860593,73.66250119898021,75.6525815824125,77.42463868115331,78.92135016040643,80.25252471878468,81.56975425366751,83.02463098213335,84.7026140167927,86.42462939329181,87.97105738568597,89.2246287576375,90.08593108624054,90.42462858815338,90.1329904124317,89.2246287576375,87.75867480734814,85.85499255591392,83.6486292853277,81.27463243437572,78.84650901338557,76.3916038761385,73.91572210567065,71.42467035649275,68.9242580723097,66.42029961722056,63.918617969127666,61.42505104585922
54.430179258989654,56.498748912075655,58.508172015295514,60.47813906487082,62.42839710544695,64.37872399941068,66.34891487167606,68.35877476958544,70.42811458599513,72.55692823339638,74.66592930516208,76.65601160478215,78.42806980799227,79.92478192626479,81.25595689462835,82.57318672855794,84.02806369727409,85.70604692542032,87.42806243620964,88.9744905112771,90.22806193169043,91.08936428634703,91.42806179717077,91.13642361381824,90.22806193169043,88.76210792325195,86.85842556015439,84.65206208127044,82.27806484991984,79.84994075224907,77.39503441433098,74.91915050709483,72.42809494875745,69.92767587134402,67.4237053122734,64.92200214597814,62.42839710544695
55.43317574396019,57.501910930138706,59.511434527922134,61.481463865209534,63.431761165332716,65.38211311625828,67.35232010892395,69.36219041035525,71.4315369274238,73.56035482839653,75.6693584867164,77.65944230721837,79.43150138704735,80.9282140125103,82.25938930627959,83.57661937756285,85.03149653696588,86.70947991868275,88.43149553605826,89.97792367674361,91.2314951356211,92.09279751095643,92.43149502885277,92.13985683944361,91.2314951356211,89.76554108102961,87.86185862930482,85.65549498509482,83.28149745182154,80.85337281706873,78.39846552617655,75.92257992298356,73.4315213413058,70.93109687207487,68.42711670598217,65.92539646040764,63.431761165332716
56.53626231625678,58.605128905352856,60.614732273006936,62.58481105093598,64.53513951252634,66.48551135164169,68.4557311392685,70.4656096980587,72.53496153347515,74.66378281052212,76.772788521796,78.76287354942446,80.53493332502686,82.03164635304739,83.3628219050915,84.68005216476257,86.1349294755139,87.81291297911989,89.53492868109294,91.08135687385924,92.33492836326573,93.1962307550138,93.53492827852365,93.24329008430738,92.33492836326573,90.8689742720426,88.96529174997428,86.75892797454493,84.38493020163537,81.95680514060012,79.50189709333134,77.02601014405485,74.53494916274482,72.03452041400853,69.53053262276343,67.02879882118539,64.53513951252634
57.539420402482946,59.60839129825089,61.61805798388164,63.58817600467067,65.53852919985462,67.48891682453022,69.45914676764477,71.46903188035417,73.53838793696599,75.66721189361267,77.77621923432011,79.76630522004652,81.53836554788512,83.03507889541594,84.36625465245297,85.68348506164756,87.13836249252412,88.81634609287362,90.53836186199179,92.08479009609475,93.33836160973217,94.19966401450702,94.53836154247233,94.24672334444062,93.33836160973217,91.87240748943447,89.96872491153448,87.76236103195617,85.3883630688472,82.96023766947118,80.50532902186563,78.02944100420083,75.53837811829811,73.03794597290536,70.53395212953885,68.03220756844625,65.53852919985462
58.64263525664383,60.711688948300335,62.721405892333266,64.6915550613328,66.64192788803702,68.592328041905,70.56256604551135,72.57245636010084,74.64181576709012,76.77064185054138,78.87965048453295,80.86973723070287,82.64179799685186,84.13851159797828,85.46968751771831,86.78691804558989,88.24179557180994,89.91977924894478,91.64179507135606,93.18822333826796,94.44179487113746,95.30309728625167,95.6417948177533,95.35015661669327,94.44179487113746,92.97584072776326,91.07215810554965,88.8657941433083,86.49179602923789,84.0636703613206,81.60876123722716,79.13287237158136,76.64180797400024,74.14137313267278,71.6373744857129,69.13562138472024,66.64192788803702
59.74589517213835,61.81501458374123,63.82477141971563,65.79494531177933,67.74533372031755,69.69574381872867,71.66598821999926,73.67588266334326,75.74524472953678,77.87407250103705,79.98308216151003,81.9731695112448,83.74523062528112,85.24194442768655,86.57312047656416,87.89035109862965,89.34522870052388,91.0232124386033,92.74522830331335,94.29165659626575,95.54522814439976,96.40653056772032,96.7452281020287,96.45358989856511,95.54522814439976,94.07927398270974,92.17559132532435,89.96922729747328,87.59522906358468,85.167103182526,82.71219368024376,80.23630414155457,77.74523854415219,75.24480156305566,72.74079910346771,70.23903922430924,67.74533372031755
60.84919085573148,62.91836243231833,64.928150931695,66.89834444691698,68.84874522294524,70.79916321441885,72.76941269354904,74.77931041389994,76.8486745907102,78.9775037020178,81.08651417721035,83.07660200599511,84.8486633961499,86.34537735831063,87.67655350968475,88.99378420651205,90.44866186846895,92.12664565492013,93.84866155320275,95.39508986682347,96.64866142707291,97.50996385690691,97.848661393443,97.5570231880717,96.64866142707291,95.18270725084561,93.27902456554438,91.07266048561885,88.69866215663052,86.27053610640135,83.81562630395038,81.33973623106601,78.848669681364,76.34823100192898,73.84422551624763,71.34246025722852,68.84874522294524
61.952514930306876,64.02172791217656,66.03154154353514,68.00175063395113,69.95216122617627,71.90258548242397,73.87283899187294,75.8827393131937,77.95210516520471,80.08093533991928,82.18994646175567,84.18003467076284,85.95209628007305,87.44881036903168,88.77998660175736,90.09721735792314,91.55209506755179,93.23007889239565,94.95209481732485,96.49852314735003,97.75209471721554,98.61339715221919,98.95209469052345,98.660456483638,97.75209471721554,96.28614052944998,94.38245782199192,92.1760937007349,89.8020952962658,87.37396911176594,84.9190590710708,82.44316857419531,79.95210126865203,77.45166124124319,74.94765335374456,72.44588382471031,69.95216122617627
63.15586153996868,65.22510738643497,67.23494096551617,69.20516241815017,71.15558080156742,73.10601003019876,75.07626673852582,77.08616912424255,79.15553630586325,81.2843673246053,83.39337895968349,85.38346747047349,87.15552925372754,88.65224344332572,89.98341974062018,91.30065054388297,92.75552829134872,94.43351214666487,96.15552809274345,97.70195643578889,98.95552801328664,99.81683045239348,100.15552799210111,99.86388978401388,98.95552801328664,97.48957381636316,95.58589109131923,93.37952693725734,91.00552847287915,88.57740218180854,86.12249195201886,83.64660111862125,81.15553321316608,78.6550921158686,76.15108232204298,73.64930940388479,71.15558080156742
64.86021433785292,66.9532339813506,68.99934824965632,71.01780944403149,73.02719142843769,75.04454926560463,77.08466940543641,79.15967542089327,81.27934555441732,83.43687559793425,85.56472773592768,87.5822533804963,89.41157677108373,91.01555512240617,92.49804065384188,93.98910078788909,95.60385358513942,97.39019046986087,99.18223704068919,100.80207100240132,102.2128872459308,103.36592390057118,103.90991376716389,103.4762011179701,102.2128872459308,100.37939789443229,98.16390281588512,95.72032793714033,93.18470264605875,90.66038916151774,88.15181861690237,85.64733642132659,83.14062687260997,80.62760631918054,78.1051982358301,75.57152054342319,73.02719142843769
63.591695434972834,65.66093640996016,67.67076703223015,69.64098665244299,71.59140388099331,73.54183237258283,75.51208860674993,77.52199068646775,79.59135767100463,81.72018856463922,83.82920012364121,85.81928858969894,87.59135034716988,89.08806452185058,90.4192408095742,91.73647160585597,93.19134934771326,94.86933319851259,96.59134914145626,98.13777748257178,99.3913490589382,100.25265149743686,100.59134903693646,100.29971082902736,99.3913490589382,97.92539486337218,96.02171214093494,93.81534799173562,91.44134953623754,89.01322326096357,86.55831305920276,84.08242227568672,81.59135445915454,79.09091352044322,76.58690400918641,74.08513159338762,71.59140388099331
62.1850322995065,64.254196143679,66.26397994962886,68.23417055614908,70.18456949897462,72.13498632048127,74.10523504693523,76.11513228154543,78.18449614550559,80.3133250582178,82.4223354126471,84.41242317042384,86.18448451965048,87.6811984581312,89.01237459431259,90.32960528005819,91.78448293311219,93.4624667123934,95.18448260569966,96.73091091625678,97.9844824747104,98.84578490357893,99.18448243978482,98.8928442346963,97.9844824747104,96.51852830063791,94.61484561947455,92.40848154726788,90.03448323237583,87.60635720722227,85.15144744926431,82.67555745556197,80.18449104701628,77.68405261932058,75.18004758218764,72.67828312060921,70.18456949897462
61.179269392660046,63.25681976012427,65.27930716497578,67.26642423786802,69.23764146545003,71.21189118588242,73.20726061174452,75.24079585002107,77.32857729969241,79.46797492678218,81.58394728787498,83.58420558860155,85.37762116090326,86.91481172883975,88.30414705478246,89.6897392691341,91.20896196939196,92.93136158805966,94.68243276066525,96.25961124945432,97.58007251730109,98.56917516200522,99.00070577601173,98.64456551653191,97.58007251730109,95.95994142758826,93.93135597194205,91.63354956638312,89.19899466113694,86.73549648991417,84.26106768578849,81.7748389440707,79.27813276836153,76.77316517926894,74.26254934071275,71.74936300358607,69.23764146545003
60.37213475738862,62.44098186798578,64.4505734112056,66.4206448605505,68.37096870311444,70.32133759424234,72.29155548530318,74.30143282012767,76.37078386722106,78.49960464384287,80.60861005081381,82.59869489951373,84.37075457198392,85.86746754033463,87.19864305409547,88.51587328584246,89.97075057415992,91.6487340596987,93.37074974913213,94.91717793417864,96.17074941905992,97.03205180837517,97.37074933105298,97.07911113754923,96.17074941905992,94.70479533326656,92.80111282162505,90.59474906564591,88.22075132825687,85.79262633040805,83.33771839525457,80.86183164550371,78.37077101988368,75.87034290548539,73.36635624449472,70.86462445228835,68.37096870311444
44.313709794987595,46.37501841933761,48.38002731255518,50.34725607757886,52.29578728722156,54.24501168364213,56.2144931125994,58.2238950985801,60.29293995875895,62.42156635761086,64.53045356137463,66.52046890570934,68.29248851618277,69.78917830547277,71.12033894783607,72.43755833223005,73.89242690590626,75.57040337305159,77.29241419134026,78.83883937755166,80.09240910456258,80.95371054882801,81.29240774827723,81.00076983157004,80.09240910456258,78.62645712803085,76.72277866678681,74.51642246644414,72.14243852732105,69.71433807472928,67.25947369124583,64.7836644470401,62.292741985388744,59.79256026191088,57.28901258199693,54.78806110257787,52.29578728722156
45.312756183144444,47.37572309338272,49.381741157221356,51.34959634282737,53.29852274564291,55.24799951706257,57.21764337228299,59.227150207559305,61.29626260915376,63.424931887497976,65.53384516747242,67.52387584507126,69.29590429365459,70.79259919652515,72.12376311970944,73.44098489717412,74.89585539341975,76.57383340892113,78.29584530185384,79.84227114965151,81.09584126447416,81.95714291723134,82.29584018798951,82.00420221021696,81.09584126447416,79.62988882260872,77.72620946778872,75.51985160056567,73.14586461735558,70.71775874976163,68.26288475827334,65.78705841562882,63.296105474320356,60.79586939765832,58.292224885637424,55.791101300702735,53.29852274564291
46.31270443567252,48.37698946440498,50.38380924374763,52.35216190859438,54.3014020924755,56.25107922136796,58.2208520137967,60.230442075941696,62.29960808839138,64.42831140146545,66.53724537861004,68.52728822639983,70.29932368985924,71.7960226514065,73.12718917859175,74.44441285544414,75.89928487763778,77.57726412207226,79.29927686795145,80.84570324085092,82.09927366348009,82.96057548171737,83.29927280907353,83.00763478283332,82.09927366348009,80.63332085227883,78.7296407882265,76.5232815979978,74.14929219868856,71.72118203318688,69.26630041576514,66.79046050190817,64.29948336833434,61.799204149792985,59.295482776598845,56.794222574100104,54.3014020924755
47.31336966343774,49.37870210565634,51.38615867141158,53.35490636793115,55.30439567314454,57.25423185567743,59.2241069978586,61.23376312220779,63.3029716876363,65.43170201488356,67.54065241967783,69.53070492706237,71.30274595827271,72.79944814120964,74.13061673519911,75.44784191960045,76.90271515294214,78.58069537278274,80.30270879564665,81.84913558531991,83.10270625225542,83.96400820183437,84.30270557411234,84.0110675094034,83.10270625225542,81.63675314791195,79.73307252094119,77.52671228064105,75.15272096366907,72.72460738690464,70.2697197167409,67.79386903129668,65.3028726959655,62.802559234602896,60.29877685320321,57.797408206355556,55.30439567314454
48.314604690358955,50.380769236352734,52.388731512662886,54.35779286084126,56.307479939878135,58.25744238215236,60.227398767086754,62.23710732818897,64.30634966920854,66.43510143811706,68.54406488173126,70.53412505600916,72.30617050637156,73.80287524613712,75.13404548055485,76.45127186150104,77.906146056133,79.58412705015479,81.30614101034217,82.8525681308092,84.10613899165084,84.9674410454758,85.30613845340827,85.0145003581666,84.10613899165084,82.6401856546402,80.73650458088053,78.53014350713738,76.15615066811324,73.72803438382077,71.27314190957071,68.7972826746435,66.30627109865095,63.805930458057105,61.30209965223786,58.80064492617552,56.307479939878135
49.31629243133999,51.38311790494591,53.39148174861678,55.360792114645335,57.31063619591481,59.26069886244723,61.23071973464947,63.240469916812685,65.30973906633633,67.43850785381628,69.54748164646574,71.53754790600371,73.30959686386535,74.80630363299343,76.13747516942277,77.45470250006883,78.90957745767832,80.58755906616864,82.3095734528302,83.8560008358485,85.10957185059355,85.97087398715864,86.30957142339012,86.0179333039146,85.10957185059355,83.64361832891481,81.73993690053841,79.53357516529067,77.15958111821146,74.73146268494816,72.27656639767852,69.80070037697902,67.30967670432915,64.809314491133,62.30544524945637,59.803922197942796,57.31063619591481
50.31833978452468,52.38569014345245,54.394372827730194,56.363880884961844,58.31384959728763,60.26399181932338,62.23406387816084,64.24384709623106,66.31313752418231,68.44191981950888,70.55090182626678,72.54097291570585,74.31302465748149,75.80973303731963,77.14090560715812,78.45813369158242,79.91300925476813,81.59099135096277,83.31300607611726,84.85943366752272,86.11300480442108,86.974307006657,87.31300446534942,87.02136632663951,86.11300480442108,84.64705113617109,82.7433694263351,80.53700716605051,78.16301216013649,75.73489202123113,73.27999270755718,70.80412130095945,68.31308802710038,65.81270869144618,63.308808942346204,60.807231658156,58.31384959728763
51.42067274677128,53.488439900837406,55.497375722425005,57.467040716006636,59.417108359599084,61.367313729577816,63.337426417200405,65.34723585667425,67.41654317364204,69.54533619027808,71.65432471662461,73.64439963957565,75.41645359095165,76.91316324921368,78.2443366392707,79.56156532196982,81.01644136580207,82.69442384908808,84.4164388429047,85.96286659970718,87.21643783355864,88.07774008791765,88.4164375644373,88.12479941046104,87.21643783355864,85.75048404897501,83.84680211574432,81.64043943873756,79.26644367179527,76.83832217911916,74.38342046338107,71.90754478197596,69.41650388757796,66.91611096164829,64.4121869982466,61.91056666783247,59.417108359599084
52.42323251351549,54.49133060000315,56.50046738303439,58.470256955187935,60.42040312784445,62.37065862133869,64.34080355726269,66.35063380917408,68.41995453116314,70.54875605738653,72.65774975836322,74.64782772398547,76.41988342912637,77.91659410207572,79.24776814314134,80.56499730069189,82.01987372601377,83.69785651653456,85.41987172358847,86.96629961166671,88.21987092246992,89.081173218199,89.41987070886817,89.12823254277497,88.21987092246992,86.75391704555217,84.85023493501299,82.64387192725349,80.26987555628227,77.84175298911651,75.38684936685544,72.91097029252265,70.41992334966483,67.91951963701828,65.41557645437003,62.91392195706179,60.42040312784445
53.425972368509264,55.49433319306577,57.50362950843126,59.47351797007276,61.4237264758664,63.37402175428605,65.34419228646819,67.35403905753452,69.42337041922195,71.55217869955871,73.66117650766051,75.65125688825921,77.42331398536678,78.92002546367493,80.2512000214469,81.56842955588752,83.02330628399808,84.70128931837132,86.42330469467186,87.96973268694376,89.22330405882362,90.0846063873881,90.42330388928775,90.13166571357736,89.22330405882362,87.75735010862022,85.85366785735116,83.64730458707294,81.27330773668346,78.845184316694,76.39027918122245,73.9143974139144,71.42334567036934,68.92293339623188,66.41897495904169,63.917293342769014,61.4237264758664
54.4288552059065,56.4974246142269,58.50684756884587,60.476814526314854,62.427072508836275,64.37739936574698,66.34759021417418,68.3574500966992,70.42678990320019,72.55560354431138,74.66460461225219,76.65468690962322,78.426745111537,79.92345722905951,81.25463219694186,82.57186203052046,84.02673899895464,85.70472222687377,87.42673773750546,88.97316581247591,90.22673723283235,91.08803958745838,91.42673709827166,91.1350989149281,90.22673723283235,88.76078322446212,86.85710086149562,84.65073738285616,82.27674015195203,79.84861605507548,77.39370971856661,74.91782581383839,72.42677025997185,69.92635119053168,67.42238064566757,64.92067750462849,62.427072508836275
55.43185155767054,57.50058654954677,59.51011002937358,61.48013929355143,63.430436547594695,65.38078846911048,67.35099544285546,69.36086573207606,71.43021224128,73.5590301372603,75.66803379254432,77.65811761126123,79.43017669006132,80.92688931492899,82.25806460831633,83.57529467932103,85.03017183850022,86.70815522003687,88.43017083728728,89.9765989778956,91.23017043672795,92.09147281203903,92.43017032992708,92.13853214052503,91.23017043672795,89.76421638219064,87.86053393056987,85.65417028655392,83.28017275363499,80.85204811951257,78.3971408297389,75.92125522853647,73.4301966504072,70.92977218750465,68.42579203268778,65.92407180715938,63.430436547594695
56.53493802422197,58.60380445908025,60.61340773310452,62.583486453003545,64.53381487801904,66.48418669379134,68.4544064664006,70.46428501549909,72.53363684467334,74.66245811775781,76.77146382662214,78.76154885283377,80.5336086276196,82.03032165516761,83.36149720690857,84.67872746635854,86.13360477693222,87.81158828039516,89.53360398226891,91.0800321749741,92.33360366434476,93.19490605607355,93.53360357957682,93.24196538536619,92.33360366434476,90.86764957316461,88.96396705117888,86.75760327590352,84.38360550327522,81.95548044274031,79.50057239635927,77.02468544866267,74.53362447016914,72.03319572645569,69.52920794416028,67.02747415849304,64.53381487801904
57.53809602650611,59.60706679984287,61.61673341115484,63.58685138588352,65.53720455203724,67.48759215818514,69.45782208938012,71.46770719439716,73.53706324605456,75.66588719955617,77.77489453835115,79.76498052295301,81.53704085014346,83.03375419729929,84.36492995409569,85.68216036311482,87.1370377938504,88.81502139408633,90.53703716312567,92.0834653971801,93.3370369107891,94.19833931554865,94.53703684350873,94.24539864548152,93.3370369107891,91.87108279052552,89.96740021269106,87.76103633323501,85.38703837034927,82.95891297137035,80.50400432446942,78.0281163080586,75.53705342439129,73.03662128298524,70.5326274467221,68.03088289825801,65.53720455203724
58.64131081403461,60.71036440850948,62.72008129355255,64.6902304259928,66.64060322965523,68.5910033688176,70.56124136296326,72.5711316714473,74.64049107450424,76.76931715545926,78.87832578793291,80.86841253321028,82.6404732988448,84.1371868996736,85.46836281922268,86.78559334695494,88.24047087306309,89.91845455010778,91.64047037245653,93.18689863932994,94.44047017217684,95.30177258727895,95.6404701187764,95.34883191771993,94.44047017217684,92.97451602882975,91.07083340666813,88.86446944452382,86.49047133063058,84.0623456630285,81.6074365394943,79.13154767484379,76.64048327903691,74.1400484408737,71.6360497995518,69.13429670858247,66.64060322965523
59.744570676638176,61.81369001110298,63.823446800255184,65.793620663301,67.74400905355066,69.6944191402898,71.66466353405141,73.67455797254948,75.7439200356219,77.87274780514088,79.98175746440907,81.97184481343544,83.74390592706345,85.24061972923263,86.57179577795864,87.8890263999136,89.34390400171901,91.02188773972688,92.74390360438731,94.29033189730916,95.54390344542524,96.40520586873618,96.74390340304126,96.45226519958047,95.54390344542524,94.07794928375671,92.1742666264126,89.96790259863857,87.59390436489059,85.16577848408207,82.71086898224371,80.23497944434448,77.7439138483503,75.24347686976525,72.73947441465218,70.23771454344927,67.74400905355066
60.84786631824872,62.91703783360788,64.92682629582058,66.89701978801057,68.84742054952301,70.79783853173248,72.76808800490275,74.77798572140743,76.84734989574046,78.9761790054755,81.08518947971183,83.07527730793433,84.84733869776505,86.34405265973827,87.67522881099208,88.99245950773165,90.44733716961804,92.12532095601244,93.84733685425566,95.39376516785212,96.64733672808735,97.50863915791369,97.84733669444718,97.55569848907811,96.64733672808735,95.1813825518771,93.27769986660866,91.07133578674424,88.69733745786753,86.26921140783692,83.81430160573825,81.33841153348087,78.84734498489657,76.3469063074549,73.84290082532529,71.34113557262054,68.84742054952301
61.95119035950063,64.02040329277187,66.03021689463264,68.00042596676786,69.95083654747165,71.90126079636636,73.87151430108494,75.88141461935291,77.95078046939776,80.0796106428642,82.1886217639416,84.1787099725025,85.9507715815555,87.44748567036531,88.7786619029955,90.09589265909167,91.55077036866433,93.22875419346315,94.95077011836105,96.49719844836699,97.75077001822119,98.6120724532188,98.95076999152099,98.6591317846373,97.75077001822119,96.28481583046919,94.38113312303715,92.17476900182862,89.80077059744812,87.37264441310585,84.91773437269035,82.44184387631248,79.95077657165635,77.45033654582961,74.94632866115,72.4445591371275,69.95083654747165
63.1545369427124,65.22378275060483,67.2336163062731,69.20383774439745,71.15425611867013,73.10468534146537,75.07494204603788,77.08484442933164,79.15421160939177,81.2830426271432,83.39205426161898,85.3821427720548,87.15420455510466,88.65091874458473,89.9820950418034,91.29932584501091,92.75420359243225,94.43218744771265,96.1542033937664,97.70063173679657,98.95420331428537,99.81550575338737,100.15420329309336,99.86256508500756,98.95420331428537,97.48824911737262,95.58456639234933,93.37820223832594,91.00420377401807,88.57607748307252,86.12116725350482,83.64527642050219,81.15420851575111,78.65376741970935,76.14975762812121,73.64798471394084,71.15425611867013
64.85897436854711,66.95200041750844,68.99812442519497,71.01659845859697,73.0259959512283,75.04337114216159,77.08350911563781,79.15853149433286,81.27821410438025,83.43575120148344,85.56360794481168,87.58114026083732,89.41047744018891,91.01448113694119,92.49700137326043,93.98809991294169,95.60288670083196,97.38924592087275,99.1813066337234,100.8011551761986,102.21200183634298,103.36509208634043,103.90911756650445,103.47538045056298,102.21200183634298,100.37843963034192,98.16287771912411,95.71924868425415,93.18358476146555,90.65924759461399,88.1506636086124,85.64617418328379,83.13946065955888,80.62643689948736,78.10402410979007,75.57033820870508,73.0259959512283
63.59037084163721,65.65961177656473,67.66944237451985,69.63966197966406,71.59007919871749,73.54050768424605,75.510763914514,77.52066599171545,79.59003297463167,81.71886386723742,83.82787542561385,85.81796389130372,87.5900256485626,89.08673982312065,90.41791611076559,91.73514690698993,93.19002464880109,94.86800849956327,96.59002444248118,98.13645278358081,99.39002435993794,100.25132679843159,100.59002433792949,100.29838613002185,99.39002435993794,97.9240701643831,96.0203874419673,93.81402329280792,91.4400248373829,89.01189856223881,86.55698836070852,84.08109757760266,81.59002976180173,79.08958882439453,76.58557931546139,74.08380690379363,71.59007919871749
62.183707768246876,64.2528715488332,66.26265531618748,68.23284589878841,70.1832448265389,72.1336616384245,74.10391035868895,76.11380758930471,78.18317145069219,80.31200036177128,82.4210107152075,84.41109847240031,86.18315982129042,87.6798737595764,89.01104989563282,90.32828058128732,91.78315823426811,93.46114201349033,95.1831579067557,96.72958621728762,97.98315777572647,98.84446020458705,99.18315774079022,98.89151953570402,97.98315777572647,96.51720360167168,94.61352092054238,92.40715684839915,90.03315853362307,87.60503250867569,85.15012275108361,82.67423275803242,80.1831663506475,77.68272792502195,75.17872289157758,72.67695843655676,70.1832448265389
61.17797394411562,63.25552663516015,65.27801760492179,67.26513943715871,69.23636250630179,71.21061888695886,73.20599529710984,75.23953707232684,77.3273235911543,79.46672411728768,81.5826983843131,83.58295946463818,85.37638085267781,86.91358236647264,88.30293324262436,89.68854347073585,91.20778286922442,92.93019387075303,94.68127242686977,96.25845867626126,97.57893663686741,98.56807046868121,98.99962316805413,98.6434676134071,97.57893663686741,95.95876668093413,93.9301487109793,91.63231790134944,89.19774654965548,86.73423866524216,84.25980446743759,81.77357285940202,79.27686511797714,76.77189627106165,74.26127859483267,71.74808907622948,69.23636250630179
60.37081048102914,62.43965743144922,64.4492488774331,66.41932026651268,68.36964407109281,70.3200129379784,72.29023081344315,74.30010813820253,76.36945917881323,78.4982799513199,80.60728535578845,82.59737020301698,84.36942987463907,85.86614284249907,87.19731835594514,88.51454858746249,89.96942587559545,91.64740936098565,93.36942505031598,94.91585323529898,96.16942472014307,97.03072710943832,97.36942463210926,97.0777864386114,96.16942472014307,94.70347063439436,92.79978812283859,90.5934243670194,88.21942662992244,85.79130163259325,83.33639369836172,80.86050695025163,78.36944632755657,75.86901821837469,73.36503156667848,70.86329979099587,68.36964407109281
44.312129689403,46.37343537666412,48.37844248192955,50.34567013691168,52.29420064617423,54.243424595290435,56.212905736352866,58.22230753648617,60.29135227694417,62.41997859978885,64.52886575733018,66.51888107448515,68.29090066929211,69.78759044951772,71.1187510860654,72.43597046621741,73.89083903648567,75.56881550088634,77.29082631727009,78.83725150230876,80.09082122863222,80.95212267252806,81.2908198718509,80.99918195525194,80.09082122863222,78.62486925292536,76.7211907932653,74.51483459587735,72.14085066215023,69.71275021915716,67.25788585270493,64.7820766388079,62.29115423118452,59.79097260405169,57.287425095776825,54.78647392141275,52.29420064617423
45.311174480353515,47.37413905559953,49.38015569888512,51.34801000287972,53.296935849573856,55.2464122658743,57.21605589255411,59.22556258030755,61.29467488687318,63.423344104887946,65.53225734817468,67.52228800420063,69.29431644034933,70.79101133602546,72.12217525459386,73.43939702869164,74.89426752223238,76.57224553555535,78.2942574269761,79.84068327384298,81.09425338812001,81.95555504058385,82.29425231124169,82.00261433355506,81.09425338812001,79.62830094690926,77.72462159334643,75.51826372846855,73.14427674954129,70.71617088956584,68.26129691159535,65.78547059300723,63.294517694581856,60.79428169439235,58.29063731861231,55.78951397583418,53.296935849573856
46.311121462877736,48.37540463591169,50.3822232868431,52.35057525159448,54.29981499393719,56.24949184091241,58.21926445192419,60.22885439697035,62.2980203339916,64.4267235991806,66.53565754720556,68.52570037787272,70.29773583146266,71.79443478729966,73.12560131082125,74.44282498500135,75.89769700504812,77.57567624775359,79.29768899243274,80.84411536459342,82.09768578678954,82.958987604794,83.2976849320705,83.00604690589851,82.09768578678954,80.6317329761079,78.7280529130534,76.52169372468606,74.14770432877614,71.71959416932125,69.26471256262869,66.78887266786548,64.29789556832868,61.79761641048576,59.293895145432884,56.79263513515551,54.29981499393719
47.31178568118756,49.377116649013885,51.38457231856988,53.35331945919647,55.302808413869485,57.25264437260739,59.22251937078261,61.23217540218417,63.301383907742604,65.43011419698246,67.5390645786641,69.52911707245826,71.30115809583515,72.79786027423981,74.12902886532144,75.44625404760177,76.90112727923947,78.57910749770778,80.3011209196192,81.84754770870609,83.10111837529787,83.96242032469203,84.30111769690683,84.00947963225198,83.10111837529787,81.63516527136686,79.73148464518808,77.52512440636528,75.15113309209133,72.72301952012629,70.26813185847831,67.79228118818897,65.30128487987344,62.800971466688566,60.297189171124955,57.795820676857105,55.302808413869485
48.31301990598658,50.37918328079341,52.38714484542487,54.35620575224769,56.30589255300309,58.25585481762771,60.225811088254915,62.235519575580625,64.3047618690797,66.43351360782111,68.54247703309056,70.5325371965817,72.30458264072666,73.80128737689496,75.13245760900469,76.44968398826745,77.90455818154696,79.58253917447954,81.30455313391094,82.85098025391258,84.10455111448141,84.96585316815967,85.304550576042,85.01291248084328,84.10455111448141,82.63859777779811,80.73491670466703,78.52855563209647,76.15456279521374,73.72644651473055,71.2715540472395,68.79569482434081,66.30468326979084,63.80434266743656,61.300511929748154,58.79905732479705,56.30589255300309
49.31470700974431,51.38153155317242,53.38989483175354,55.359204847387815,57.30904870774894,59.259111233266054,61.22913201473658,63.23888213834087,65.3081512501465,67.43692001368237,69.54589379177148,71.53596004274792,73.30800899567475,74.80471576194768,76.13588729654518,77.45311462585505,78.90798958239111,80.5859711900169,82.30798557607847,83.85441295872738,85.1079839732559,85.96928610970457,86.30798354589624,86.01634542645483,85.1079839732559,83.64203045183699,81.7383490239595,79.53198728964242,77.15799324426288,74.729874814023,72.27497853211801,69.7991125209656,67.3080888653349,64.80772668249003,62.30385749489061,59.80233453950848,57.30904870774894
50.31675385679962,52.38410347706264,54.39278571268336,56.36229349175008,58.31226202871801,60.26240413882056,62.23247612564039,64.2422592972308,66.3115496952446,68.44033197156651,70.54931396676777,72.5393850494115,74.3114367872704,75.80814516484236,77.13931773322692,78.4565458165907,79.91142137892442,81.58940347443291,83.31141819911117,84.85784579022345,86.11141692694991,86.97271912909346,87.3114165877543,87.01977844907145,86.11141692694991,84.64546325890618,82.74178154946617,80.53541928992027,78.16142428535527,75.73330414884961,73.27840483943359,70.80253344041341,68.31150018006258,65.81112086849855,63.30722116232076,60.80564395443352,58.31226202871801
51.41908641710099,53.486852984647584,55.49578845004453,57.46545322281071,59.415520727207166,61.3657260083386,63.335838638798364,65.34564804138019,67.41495533458621,69.5437483361381,71.65273685331202,73.6428117708696,75.41486571913686,76.91157537560024,78.24274876450326,79.55997744636065,81.01485348951667,82.69283597225808,84.4148509656967,85.96127872226648,87.21484995598155,88.07615221026721,88.41484968676181,88.123211532807,87.21484995598155,85.7488961715616,83.84521423864521,81.63885156222472,79.26485579635315,76.8367343055817,74.38183259322314,71.90595691783237,69.41491603415594,66.91452312734683,64.41059919801317,61.908978928162895,59.415520727207166
52.42164586467598,54.48974348549095,56.49887998575588,58.468669382625535,60.41881544479308,62.36907086776549,64.33921575831779,66.34904598094735,68.41836668407645,70.54716819832743,72.65616189202379,74.64623985336524,76.41829555603871,77.91500622756047,79.24618026771017,80.56340942459263,82.0182858493778,83.69626863946633,85.41828384622025,86.96471173411379,88.21828304480873,89.07958534047958,89.41828283112885,89.12664466505274,88.21828304480873,86.75232916802089,84.84864705773114,82.64228405043698,80.26828768031562,77.84016511466157,75.38526149508284,72.90938242552366,70.41833549117558,67.9179317937052,65.41398863809717,62.912334188859845,60.41881544479308
53.42438546625357,55.4927459211097,57.50204201200715,59.47193033451151,61.42213875260431,63.37243397504841,65.34260447121805,67.35245121904299,69.4217825657611,71.55059083659529,73.6595886389187,75.6496690161197,77.42172611126887,78.91843758844394,80.24961214548892,81.56684167939929,83.02171840708385,84.69970144111402,86.42171681717645,87.96814480930173,89.22171618109566,90.08301850961399,90.42171601149782,90.13007783580096,89.22171618109566,87.75576223099537,85.8520799799243,83.64571671001544,81.2717198603005,78.84359644151087,76.3886913081683,73.91280954464905,71.42175780785823,68.92134554576617,66.41738713003812,63.91570555192018,61.42213875260431
54.42726810245662,56.49583721728531,58.50525999372101,60.47522684074784,62.42548475365744,64.37581156613886,66.34600238598235,68.35586225006043,70.42520204468013,72.5540156782491,74.66301674160356,76.65309903627784,78.42515723663725,79.92186935326043,81.25304432056578,82.57027415372352,84.02515112181958,85.70313434946641,87.42514985990911,88.97157793476318,90.22514935505143,91.08645170964081,91.42514922044155,91.1335110371087,90.22514935505143,88.75919534676302,86.85551298395369,84.64914950560737,82.27515227523858,79.84702817931438,77.39212184449529,74.91623794277425,72.42518239426855,69.92476333438887,67.42079280655945,64.91908969580436,62.42548475365744
55.43026429449638,57.498999053390094,59.50852239177834,61.47855156829256,63.42884876708263,65.37920065333394,67.34940760439162,69.35927787897072,71.42862437874444,73.55744226873841,75.66644592038224,77.65652973695876,79.42858881452511,80.92530143867899,82.25647673160836,83.57370680227902,85.02858396118988,86.70656734251038,88.4285829596108,89.97501110012678,91.22858255890498,92.08988493418694,92.42858245206503,92.13694426267152,91.22858255890498,89.76262850443263,87.85894605293656,85.65258240915328,83.2785848766593,80.85046024329272,78.39555295486022,75.9196673560446,73.42860878217024,70.92818432685593,68.42420418555957,65.92248398406792,63.42884876708263
56.53335063425169,58.602216884167674,60.611820045923025,62.581898696239804,64.53222707739938,66.48259886518169,68.4528186197838,70.46269715726119,72.53204897895067,74.66087024728378,76.76987595325886,78.75996097777164,80.53202075157826,82.02873377855974,83.35990932993721,84.67713958912202,86.13201689948275,87.81000040277416,89.53201610452885,91.0784442971607,92.33201578648843,93.19331817819412,93.53201570168949,93.24037750748562,92.33201578648843,90.86606169535983,88.9623791734731,86.75601539838239,84.38201762609137,81.95389256615638,79.49898452083987,77.02309757503767,74.53203659992126,72.03160786223059,69.52762009066649,67.02588632407743,64.53222707739938
57.53650853588327,59.605479162416145,61.61514568461449,63.58526360411348,65.53561673545782,67.48600431938969,69.45623423629222,71.46611933208555,73.53547537780219,75.66429932753267,77.77330666403446,79.76339264728796,81.53545297370121,83.03216632040736,84.36334207691527,85.68057248572396,87.13544991629048,88.81343351639029,90.53544928533513,92.08187751933139,93.33544903290627,94.1967514376475,94.53544896560132,94.24381076757945,93.33544903290627,91.86949491268359,89.96581233492773,87.75944845561824,85.38545049300015,82.95732509449746,80.50241644844138,78.02652843353417,75.5354655525473,73.03503341592155,70.5310395881759,68.02929505485434,65.53561673545782
58.639723243514666,60.70877672146173,62.71849353577166,64.68864262437465,66.63901540040831,68.58941552193757,70.55965350473923,72.56954380590236,74.63890320424413,76.76772928220598,78.87673791285948,80.8668246570667,82.63888542208434,84.13559902255622,85.46677494187632,86.78400546944155,88.23888299541554,89.91686667235217,91.6388824946259,93.18531076145314,94.43888229427299,95.30018470936054,95.63888224085301,95.34724403980081,94.43888229427299,92.97292815095837,91.06924552885911,88.8628815668311,86.48888345315036,84.0607577859262,81.6058486630626,79.12995979960549,76.63889540592609,74.138460571557,71.63446193699545,69.13270885804482,66.63901540040831
59.74298304269817,61.81210228466878,63.82185901767778,65.79203284592909,67.7424212142494,69.69283128699297,71.66307567175079,73.67297010443824,75.7423321637682,77.87115993091147,79.98016958873507,81.97025693691202,83.74231805005041,85.23903185193633,86.57020790048058,87.88743852230297,89.3423161240019,91.02029986192403,92.74231572652491,94.28874401941009,95.54231556750469,96.4036179908041,96.74231552510523,96.45067732164783,95.54231556750469,94.07636140586195,92.17267874856734,89.96631472088563,87.5923164873063,85.16419060679775,82.70928110549161,80.23339156853959,77.742325974234,75.24188899866036,72.73788654891302,70.2361266872494,67.7424212142494
60.84627863396855,62.91545007591125,64.92523849356164,66.89543195813464,68.84583270224152,70.79625067334263,72.76650013936654,74.7763978512593,76.84576202262195,78.9745911304714,81.08360160356112,83.07368943110946,84.84575082055156,86.34246478229994,87.67364093340947,88.99087163004383,90.44574929184571,92.12373307817204,93.84574897636799,95.39217728993538,96.64574885015357,97.50705127997074,97.84574881650109,97.55411061113472,96.64574885015357,95.17979467396376,93.27611198873458,91.0697479089435,88.6957495802006,86.26762353040809,83.81271372873186,81.33682365722629,78.8457571099822,76.3453184349307,73.84131295705987,71.33954771192651,68.84583270224152
61.949602635263176,64.01881551026138,66.0286290767521,67.99883812696734,69.94924869385619,71.89967293393411,73.86992643298059,75.87982674758808,77.94919259527532,80.07802276724516,82.18703388741253,84.17712209543834,85.9491837041829,87.44589779281425,88.77707402532992,90.0943047813426,91.54918249084818,93.22716631559295,94.94918224045337,96.49561057043624,97.7491821402769,98.61048457526722,98.9491821135669,98.65754390668536,97.7491821402769,96.28322795254113,94.37954524514025,92.17318112398988,89.79918271971563,87.3710565355623,84.91614649548212,82.44025599970095,79.94918869610856,77.4487486721789,74.94474079087951,72.44297127286642,69.94924869385619
63.1529491867594,65.22219494839898,67.23202847599347,69.2022498967197,71.1526682600274,73.10309747582468,75.07335417589523,77.08325655628364,79.15262373447256,81.28145475103611,83.39046638478962,85.38055489480071,87.15261667760578,88.64933086694421,89.980507164072,91.29773796721324,92.75261571458134,94.43059956981885,96.15261551584283,97.69904385885467,98.9526154363327,99.81391787542897,100.15261541513297,99.86097720704885,98.9526154363327,97.48666123943288,95.58297851443434,93.3766143604571,91.00261589623355,88.57448960543803,86.11957937613641,83.64368854360737,81.15262063970061,78.65217954516456,76.14816975625929,73.64639684684862,71.1526682600274
64.85744204927482,66.9504722983341,68.99660269216682,71.01508514412754,73.02449280545781,75.04187937513493,77.08202904192916,79.15706214974367,81.27675294040739,83.43429466239417,85.56215442533389,87.57969111567014,89.40903733594068,91.01305765088037,92.49560064182091,93.98672436220848,95.60153343580063,97.3879072996647,99.17997728445961,100.79983538647865,102.21070198840985,103.3638273761133,103.9078762045296,103.47412304822589,102.21070198840985,100.3770920170438,98.16148628736872,95.71782174452701,93.18213249204909,90.65777979720923,88.1491869979137,85.64469283213742,83.1379767020497,80.62495083942046,78.10253496382201,75.56884368038155,73.02449280545781
63.5857530184943,65.65499381366898,67.66482432679908,69.63504387937476,71.58546106529735,73.53588952968164,75.50614574634685,77.51604781476982,79.58541479203205,81.71424568104871,83.82325723724267,85.81334570164927,87.58540745816848,89.08212163229857,90.4132979196689,91.730528715693,93.18540645734328,94.86339030797592,96.58540625080386,98.13183459184812,99.38540616817279,100.246708606649,100.58540614614094,100.2937679382384,99.38540616817279,97.91945197265689,96.01576925031586,93.809405101296,91.43540664612573,89.00728037143482,86.55237017070863,84.07647938903378,81.58541157578387,79.08497064292618,76.58096114209938,74.07918874484336,71.58546106529735
62.1790901616626,64.24825372042196,66.2580373531313,68.22822785228743,70.17862672744695,72.12904350576852,74.09929220444015,76.10918942112096,78.1785532735334,80.30738217891516,82.41639252888695,84.40648028404269,86.1785416317586,87.67525556936526,89.00643170498584,90.32366239032243,91.7785400430478,93.45652382206436,95.17853971518693,96.72496802563097,97.9785395840183,98.8398420128512,99.1785395490449,98.88690134396681,97.9785395840183,96.51258541002535,94.60890272901473,92.40253865709295,90.02854034272126,87.60041431849328,85.14550456217759,82.66961457139797,80.17854816806255,77.67810974965892,75.17410472908252,72.67234029693873,70.17862672744695
61.173445095176675,63.25100488327983,65.27350674154256,67.26064311045118,69.23188402163801,71.20616074468714,73.201558486887,75.23512022769464,77.32292222901711,79.46233160953584,81.57831169773064,83.57858126758887,85.37202041815867,86.90925536272712,88.29865373164469,89.684318975729,91.20360937159563,92.92605513659507,94.6771562418958,96.25436619193749,97.57489513115517,98.56412420426409,98.99574434773879,98.63954208498978,97.57489513115517,95.95460647906077,93.92588920816647,91.62798386484211,89.19336228227094,86.72982473138842,84.25537405984777,81.76913369727828,79.27242117371111,76.76744848504056,74.25682519601924,71.74362596022976,69.23188402163801
60.366193763690774,62.4350401553164,64.44463126208248,66.41470244092014,68.36502611298977,70.31539489530348,72.28561271635952,74.29549000600575,76.36484102400101,78.49366178215143,80.60266717789017,82.5927520199856,84.364811688649,85.86152465479721,87.19270016714496,88.50993039786121,89.96480768535062,91.6427911702225,93.3648068591931,94.91123504395463,96.16480652866889,97.02610891789436,97.36480644054143,97.07316824706399,96.16480652866889,94.69885244307598,92.79516993181932,90.5888061765581,88.21480844048018,85.78668344496367,83.33177551394853,80.85588877156242,78.3648281590714,75.86440006808742,73.36041344881605,70.8586817307783,68.36502611298977
44.311241284412986,46.372545319843056,48.377551419555886,50.34477845024517,52.29330856561033,54.2425322631602,56.21201324230907,58.22141493792077,60.29045961104714,62.41908589114496,64.52797302269049,66.51798832455944,68.29000791055549,69.78669768568327,71.1178583189602,72.4350776967265,73.8899462650781,75.56792272793517,77.28993354324757,78.8363587276267,80.08992845356357,80.95122989725155,81.28992709650328,80.99828917996521,80.08992845356357,78.62397647832057,76.72029801955134,74.51394182382516,72.13995789313276,69.71185745553805,67.25699309866427,64.78118390181302,62.29026152457526,59.79007995162742,57.2865325398833,54.78558153708377,52.29330856561033
45.310285177088204,47.37324843912421,49.37926428348394,51.34711809165583,53.2960436255844,55.2455198421639,57.21516334031125,59.22466994509705,61.29378219821797,63.42245138230314,65.53136460495648,67.5213952488497,69.29342367800513,70.79011856963504,72.12128248560745,73.4385042578117,74.89337474983117,76.57135276192898,78.2933646524994,79.8397904988428,81.09336061281296,81.95466226511184,82.29335953571325,82.00172155807493,81.09336061281296,79.62740817197042,77.72372881911465,75.51737095555572,73.14338397903711,70.71527812334637,68.26040415297837,65.78457784791965,63.293624973612,60.793389016431064,58.28974471727361,55.7886215106856,53.2960436255844
46.31023144535676,48.374513574737264,50.381331591044614,52.34968316205875,54.29892265607795,56.24859934450143,58.21837185348333,60.22796173267247,62.297127627272374,64.42583086553057,66.53476479717847,68.52480761821573,70.2968430662551,71.7935420188806,73.12470854034176,74.44193221301893,75.89680423185825,77.57478347359131,79.29679621759556,80.84322258934074,82.0967930112933,82.95809482916684,83.29679215639857,83.00515413026491,82.0967930112933,80.63084020090389,78.7271601384106,76.52080095109014,74.14681155709192,71.71870140103786,69.26381980037942,66.78797991635464,64.29700283596046,61.79672371225466,59.29300250802102,56.79174260584996,54.29892265607795
47.310895095944275,49.37622523456531,51.383680400094306,53.3524272280838,55.30191598561106,57.251751818485474,59.22162673567095,61.23128271479827,63.300491186685434,65.42922145454975,67.5381718232327,69.52822430938355,71.30026532835488,72.79696750421058,74.12813609365685,75.4453612747443,76.90023450542364,78.57821472312014,80.30022814449589,81.846654933253,83.10022559965148,83.96152754894175,84.30022492112099,84.00858685649655,83.10022559965148,81.63427249595242,79.73059187021906,77.52423163222716,75.15024031947057,72.72212675020472,70.26723909334608,67.79138843157992,65.30039213845811,62.80007875236868,60.29629650507975,57.79492809662358,55.30191598561106
48.31212886962597,50.37829158575147,52.386252750131206,54.35531340873331,56.30500005298174,58.254962217695265,60.22491842403548,62.234626869868904,64.3038691366422,66.43262085841747,68.54158427336972,70.5316444307943,72.30368987144257,73.80039460558774,75.13156483639946,76.44879121471544,77.90366540723431,79.5816463995543,81.30366035856056,82.85008747830045,84.10365833871582,84.96496039231161,85.30365780016574,85.01201970499116,84.10365833871582,82.63770500221665,80.73402392943908,78.52766285752801,76.15367002184962,73.7255537435088,71.27066127981905,68.79480206368527,66.30379052119473,63.80344994034657,61.29961924097532,58.79816470413783,56.30500005298174
49.31381561500619,51.38063963529763,53.38900259606933,55.35831241464001,57.30815615076111,59.25821859697045,61.228239327412965,63.2379894180834,65.30725850867618,67.43602725874582,69.54500102864606,71.53506727480746,73.30711622495895,74.8038229896261,76.13499452319338,77.45222185175182,78.90709680768413,80.58507841482373,82.30709280054782,83.853520182989,85.10709119739575,85.96839333377895,86.30709076994822,86.01545265052599,85.10709119739575,83.64113767612294,81.73745624852603,79.53109451473242,77.15710047030873,74.72898204176929,72.27408576288138,69.79821975709832,67.30719611103927,64.80683394526415,62.30296478807803,59.80144188676073,57.30815615076111
50.31586217741182,52.38321138224599,54.39189336553966,56.36140098816493,58.311369426510666,60.26151147366136,62.23158341997811,64.24136656542802,66.31065694660482,68.43943921223845,70.54842120094014,72.53849227976215,74.31054401541823,75.8072523917157,77.13842495928259,78.45565304204993,79.91052860390448,81.58851069902707,83.31052542343747,84.85695301438486,86.11052415101467,86.97182635310628,87.31052381174932,87.01888567308168,86.11052415101467,84.6445704830869,82.7408887738696,80.53452651473917,78.16053151093283,75.73241137577679,73.27751206875547,70.80164067399696,68.31060742124322,65.81022812322763,63.30632844118951,60.80475127621547,58.311369426510666
51.41819451165715,53.4859607493421,55.49489601441553,57.46456066299392,59.414628089105804,61.36483332026904,63.33494591858012,65.34475530041367,67.41406258025594,69.54285557332443,71.65184408533963,73.64191899986389,75.41397294638276,76.91068260183458,78.24185599008862,79.55908467147262,81.01396071424831,82.69194319668341,84.41395818990947,85.9603859463484,87.21395717998674,88.07525943423114,88.41395691071162,88.12231875676889,87.21395717998674,85.74800339565881,83.8443214629192,81.63795878682845,79.26396302155905,76.83584153185876,74.38093982140089,71.90506414939262,69.41402327174603,66.91363037569046,64.40970646551685,61.90808622972803,59.414628089105804
52.42075377972972,54.4888511386479,56.49798747988356,58.467776778172635,60.41792277820058,62.36817816151111,64.33832302654615,66.34815323270746,68.41747392522959,70.54627543274722,72.65526912234911,74.64534708128296,76.41740278256879,77.91411345328765,79.24528749292224,80.56251664942897,82.01739307391227,83.69537586375768,85.41739107034287,86.96381895813253,88.2173902687666,89.07869256440475,89.4173900550428,89.12575188897623,88.2173902687666,86.75143639205182,84.84775428190238,82.64139127486993,80.26739490522652,77.83927234042267,75.38436872235249,72.90848965547801,70.41744272591586,67.91703903698064,65.41309589658019,62.91144147437821,60.41792277820058
53.423493238784715,55.49185348571939,57.50114945037481,59.47103769462771,61.421246063397064,63.37154125436024,65.34171173027626,67.35155846503011,69.42088980332937,71.5496980688193,73.65869586789287,75.648776243183,77.42083333723075,78.91754481376859,80.24871937040473,81.56594890401686,83.02082563146183,84.69880866529904,86.42082404122755,87.9672520332704,89.220823405016,90.08212573350833,90.4208232353833,90.12918505969404,89.220823405016,87.7548694549737,85.85118720401397,83.64482393431285,81.27082708497723,78.84270366686243,76.38779853471719,73.91191677332881,71.42086504033658,68.92045278501894,66.41649438136129,63.91481282470181,61.421246063397064
54.42637576183509,56.494944711602486,58.50436738782696,60.4743341727405,62.42459204650007,64.37491883399422,66.34510963776205,68.35496949146545,70.4243092794031,72.55312290873029,74.66212396950533,76.65220626266293,78.42426446214816,79.92097657826557,81.2521515452464,82.56938137816745,84.02425834607335,85.70224157356702,87.42425708390343,88.9706851586921,90.22425657894198,91.0855589335107,91.42425644430439,91.13261826097758,90.22425657894198,88.75830257069961,86.85462020797864,84.6482567297972,82.27425949972948,79.84613540434088,77.39122907047212,74.91534517044235,72.42428962495161,69.9238705704488,67.41990005219978,64.91819695847656,62.42459204650007
55.429371864045066,57.49810649190816,59.507629750750624,61.47765887796231,63.42795604567769,65.37830791209609,67.34851485039431,69.35838511673896,71.42773161120905,73.5565494978363,75.66555314743289,77.65563696280559,79.4276960396781,80.92440866343054,82.25558395610236,83.57281402658515,85.02769118534505,86.70567456654402,88.42769018356007,89.97411832402409,91.22768978277186,92.08899215803747,92.42768967590996,92.13605148652124,91.22768978277186,89.76173572833605,87.85805327691014,85.65168963325773,83.27769210100269,80.84956746806122,78.39466018038301,75.91877458290975,73.42771601142837,70.92729156038172,68.42331142668937,65.92159123871613,63.42795604567769
56.532458132489566,58.60132427839302,60.61092737700771,62.58100598819105,64.53133434468585,66.48170611672641,68.4519258612012,70.46180439214284,72.5311562096228,74.65997747528375,76.76898317963392,78.75906820319125,80.53112797644717,82.02784100311004,83.35901655428304,84.67624681331881,86.13112412355969,87.80910762675461,89.53112332844236,91.077551521033,92.33112301033654,93.19242540202924,93.53112292552018,93.23948473132009,92.33112301033654,90.86516891923694,88.96148639740588,86.75512262241907,84.38112485031769,81.95299979072007,79.49809174600226,77.02220480126549,74.53114382804841,72.03071509374499,69.52672732821624,67.02499357235688,64.53133434468585
57.535615977513615,59.604586521483185,61.61425299356354,63.58437088200105,65.53472399376842,67.48511156520586,69.45534147407025,71.46522656467612,73.53458260705169,75.66340655466124,77.77241388987332,79.76249987236844,81.53456019834462,83.03127354479787,84.36244930114354,85.67967970983389,87.1345571403053,88.81254074032853,90.53455650922024,92.08098474318382,93.33455625673949,94.1958586614704,94.5345561894207,94.24291799140185,93.33455625673949,91.86860213653985,89.96491955882816,87.75855567960113,85.38455771713359,82.95643231889866,80.50152367331776,78.02563565925617,75.5345727797768,73.0341406458395,70.53014682288415,68.02840229807882,65.53472399376842
58.63883064021046,60.70788405262162,62.71760082715086,64.68774989109956,66.63812265159463,68.58852276320692,70.55876073962865,72.56865103667448,74.63801043236441,76.76683650864288,78.87584513827277,80.86593188187804,82.6379926465488,84.13470624681995,85.46588216601126,86.78311269348258,88.23799021938108,89.91597389625696,91.63798971848851,93.18441798528977,94.43798951809438,95.29929193317375,95.63798946466343,95.34635126361363,94.43798951809438,92.97203537479803,91.06835275273386,88.8619887907713,86.48799067721001,84.0598650101984,81.60495588771195,79.12906702492603,76.6380026324431,74.13756780020789,71.6335691694484,69.13181609725714,66.63812265159463
59.742090403726166,61.811209593677546,63.82096629511132,65.79114010379396,67.74152845978111,69.69193852465351,71.66218290434753,73.67207733376705,75.74143939099224,77.87026715679943,79.97927681381054,81.96936416150976,83.74142527437283,85.23813907609943,86.56931512454148,87.8865457462893,89.34142334792833,91.01940708580221,92.74142295036964,94.28785124323419,95.5414227913167,96.4027252146096,96.74142274890853,96.44978454545303,95.5414227913167,94.07546862968844,92.17178597242169,89.96542194479191,87.59142371130739,85.16329783096757,82.70838832996077,80.23249879354147,77.74143320018553,75.24099622630553,72.7369937795759,70.23523392327726,67.74152845978111
60.84538596668497,62.91455736733786,64.92434575992615,66.8945392089672,68.84493994328511,70.79535790813881,72.76560737014356,74.77550507944255,76.84486924913465,78.97369835592363,81.08270882836851,83.07279665553764,84.84485804476122,86.34157200638315,87.67274815741159,88.98997885398674,90.44485651574108,92.12284030202912,93.84485620019852,95.39128451374953,96.64485607395812,97.50615850377014,97.84485604029871,97.55321783493386,96.64485607395812,95.17890189777985,93.27521921257275,91.0688551328229,88.69485680415525,86.26673075449662,83.811820953058,81.33593088197526,78.84486433548491,76.34442566177765,73.840420186302,71.33865494542681,68.84493994328511
61.9487099455074,64.01792278773252,66.02773633433094,67.99794537221825,69.94835593133755,71.89878016645686,73.86903366231331,75.87893397486211,77.9482998212234,80.07712999235159,82.1861411120071,84.17622931973196,85.94829092830308,87.44500501683407,88.77618124928537,90.09341200525105,91.54828971471892,93.22627353943331,94.94828946427262,96.49471779424249,97.74828936407556,98.60959179906177,98.94828933736008,98.65665113047973,97.74828936407556,96.28233517634891,94.37865246896558,92.17228834784794,89.79828994363342,87.37016375958638,84.91525371969475,82.43936322424918,79.94829592125504,77.4478558983923,74.94384801899398,72.44207850436061,69.94835593133755
63.15205647916662,65.22130221479334,67.23113572659899,69.20135713754043,71.15177549468132,73.10220470654298,75.07246140408158,77.08236378283603,79.15173095997254,81.28056197586804,83.38957360921529,85.37966211898751,87.15172390165495,88.64843809091371,89.97961438799041,91.29684519109438,92.75172293843252,94.42970679364589,96.15172273965314,97.69815108265468,98.95172266012668,99.81302509921969,100.15172263892259,99.8600844308394,98.95172266012668,97.4857684632341,95.58208573824948,93.3757215842982,91.00172312012205,88.57359682941087,86.11868660025894,83.64279576799629,81.1517278645643,78.6512867708751,76.14727698347866,73.64550407675056,71.15177549468132
64.85661992017789,66.9496555098976,68.99579402405132,71.01428718061115,73.02370777186451,75.04110881000544,77.08127334516576,79.15632009526213,81.27602128768547,83.43356889025196,85.56143249264625,87.57897474493461,89.40833246072665,91.01237390553715,92.49494582846924,93.98610156515974,95.60093897381594,97.38733145632912,99.17941322971187,100.79928348592031,102.21017544203053,103.36334550350682,103.90742401623343,103.47365046670399,102.21017544203053,100.37650474087955,98.16084329825807,95.71713360789431,93.18141214882036,90.65703970999618,88.14843570444248,85.64393551108228,83.13721606694033,80.62418753085412,78.10176773144646,75.56806960417615,73.02370777186451
63.58486031359524,65.65410108173613,67.66393157845769,69.63415112086452,71.58456830037827,73.53499676067241,75.50525297470631,77.51515504143116,79.58452201759971,81.71335290592211,83.82236446169387,85.81245292585223,87.58451468222836,89.08122885627566,90.4124051435929,91.72963593957826,93.1845136811974,94.86249753180496,96.58451347461552,98.13094181564905,99.38451339196747,100.24581583044028,100.58451336993107,100.29287516202953,99.38451339196747,97.91855919645909,96.01487647413254,93.80851232513967,91.43451387001866,89.00638759541542,86.55147739484477,84.07558661344673,81.58451880069029,79.08407786871265,76.58006836945395,74.07829597498574,71.58456830037827
62.17819749865461,64.24736101450378,66.25714462116744,68.227335104182,70.17773396916832,72.12815074099726,74.09839943549198,76.10829664947723,78.17766050015354,80.30648940443321,82.41549975373479,84.40558750849648,86.1776488559853,87.67436279346055,89.00553892899683,90.32276961427189,91.77764726694788,93.4556310459246,95.17764693901958,96.72407524944663,97.977646807824,98.83894923665153,99.1776467728434,98.88600856776688,97.977646807824,96.51169263384301,94.60800995285535,92.40164588097642,90.02764756668292,87.59952154259409,85.14461178652533,82.66872179618514,80.17765539363305,77.6772169766264,75.17321195853918,72.67144753082073,70.17773396916832
61.172576724947334,63.25013845174155,65.2726432843892,67.2597836242297,69.23102940924221,71.20531168909406,73.20071525839938,75.234282453015,77.32208868351941,79.46150048268409,81.57748216097426,83.57775404980626,85.37119805231342,86.90844212862157,88.29785347021033,89.68353374170749,91.20283806710596,92.9252933273541,94.67640059165757,96.25361701516539,97.57415987825019,98.56341496420401,98.99505352795664,98.63883850836777,97.57415987825019,95.95383880616768,93.92509441191808,91.62716870971909,89.19253340633553,86.72898775181542,84.25453258030919,81.76828982634248,79.27157599647796,76.76660225838634,74.25597743616197,71.74277554599792,69.23102940924221
60.36530127269843,62.43414755623091,64.44373859737874,66.4138097355472,68.364133381984,70.31450214793819,72.28471995846938,74.29459724132332,76.36394825494385,78.49276901031722,80.6017744043672,82.59185924546969,84.3639189135608,85.86063187937789,87.1918073915132,88.50903762207449,89.96391490943938,91.64189839421101,93.363914083112,94.9103422678307,96.16391375251985,97.02521614173182,97.36391366437428,97.07227547090078,96.16391375251985,94.69795966695706,92.79427715575828,90.58791340060498,88.21391566472417,85.78579066955832,83.33088273916533,80.8549959978865,78.36393538736934,75.86350729990558,73.35952068690644,70.85778898001954,68.364133381984
